506
0 1 968657152.967
0 2 256841504.504
0 3 245898235.551
0 4 87900023.604
0 5 183687303.724
0 6 209572960.807
0 7 787062651.810
0 8 242448404.851
0 9 795601217.556
0 10 1057374418.861
0 11 488562705.753
0 12 1301783158.465
0 13 1121532528.157
0 14 7945209.223
0 15 1971430046.624
0 16 13507891.136
0 17 650849554.419
0 18 69529510.222
0 19 569673138.046
0 20 811598911.888
0 21 811831382.042
0 22 199217392.081
1 0 1137743757.384
1 2 78760805.117
1 3 70399604.903
1 4 131415446.270
1 5 194443523.891
1 6 103946341.446
1 7 422371412.408
1 8 173917891.124
1 9 475333958.523
1 10 771156854.734
1 11 419477403.020
1 12 1477662412.033
1 13 1094951357.246
1 14 13130653.852
1 15 709115696.015
1 16 10664332.964
1 17 514361895.994
1 18 92399102.595
1 19 661578694.329
1 20 1268266297.282
1 21 632959395.903
1 22 179165722.143
2 0 174497457.336
2 1 176665651.175
2 3 43469909.115
2 4 28046718.714
2 5 48484967.766
2 6 36448500.479
2 7 261225927.319
2 8 22612361.130
2 9 292507843.804
2 10 165743750.558
2 11 125688337.132
2 12 325813840.913
2 13 123898092.663
2 14 2606271.237
2 15 261885909.227
2 16 2355019.130
2 17 72556576.077
2 18 24801142.986
2 19 63220481.846
2 20 211023920.999
2 21 149929727.977
2 22 17788282.043
3 0 198357772.950
3 1 57287497.350
3 2 43876016.676
3 4 28733566.938
3 5 29370261.917
3 6 30113823.063
3 7 278741231.421
3 8 29509385.619
3 9 130713766.847
3 10 275704626.293
3 11 43149392.956
3 12 165736057.757
3 13 294496099.747
3 14 946124.038
3 15 212042227.624
3 16 1360665.354
3 17 107226618.943
3 18 7837859.319
3 19 37693431.192
3 20 218356329.664
3 21 178346146.703
3 22 41927401.967
4 0 162319807.607
4 1 133301156.108
4 2 26006281.410
4 3 24127791.472
4 5 37250988.034
4 6 30635038.957
4 7 192220315.972
4 8 12645612.030
4 9 269166901.843
4 10 170512151.279
4 11 68604082.355
4 12 167356523.999
4 13 342593588.197
4 14 2891861.904
4 15 105888646.506
4 16 1225438.050
4 17 137880286.896
4 18 31096110.646
4 19 140817843.507
4 20 354094092.329
4 21 82601017.167
4 22 46883188.082
5 0 146525629.808
5 1 123016955.639
5 2 39711422.118
5 3 39562503.046
5 4 19397177.317
5 6 18748289.074
5 7 154711322.386
5 8 36595262.877
5 9 162540746.861
5 10 323360780.746
5 11 99811728.419
5 12 356593374.939
5 13 352839950.756
5 14 1758601.039
5 15 196457116.050
5 16 1405849.267
5 17 120391411.662
5 18 12920285.207
5 19 114534654.452
5 20 335220698.657
5 21 73473368.387
5 22 23907311.990
6 0 243242568.198
6 1 104314832.579
6 2 42102576.778
6 3 30047932.304
6 4 42721853.382
6 5 29199473.240
6 7 220151315.034
6 8 41292066.575
6 9 245548983.541
6 10 254952590.041
6 11 45865807.562
6 12 308575413.849
6 13 261483476.674
6 14 2229775.037
6 15 169013940.974
6 16 2511930.400
6 17 73976466.177
6 18 21682910.088
6 19 66176022.790
6 20 233296284.588
6 21 84494608.254
6 22 33500720.819
7 0 1164047628.044
7 1 917444751.609
7 2 297331677.878
7 3 241083982.201
7 4 88387642.937
7 5 136593287.985
7 6 236160902.780
7 8 213411721.713
7 9 543938644.133
7 10 1713372400.206
7 11 624791203.630
7 12 2512383578.171
7 13 1812133946.569
7 14 17281019.761
7 15 2002754305.680
7 16 14050664.422
7 17 414619151.770
7 18 95023011.979
7 19 799251346.033
7 20 1777214278.451
7 21 705490410.644
7 22 156436186.552
8 0 269130491.701
8 1 66497583.890
8 2 19717704.550
8 3 26103508.356
8 4 26053669.012
8 5 29230286.011
8 6 44560405.596
8 7 265643602.227
8 9 283948796.813
8 10 315793122.488
8 11 57965623.886
8 12 206614011.241
8 13 286056870.046
8 14 2552636.941
8 15 266444043.211
8 16 2905396.930
8 17 54985572.221
8 18 10077662.104
8 19 79325251.320
8 20 208873426.780
8 21 95530250.255
8 22 46024656.418
9 0 1260418246.544
9 1 760809233.838
9 2 306707302.400
9 3 313495464.615
9 4 252563793.136
9 5 290427458.641
9 6 181670793.449
9 7 1157025076.473
9 8 168274852.335
9 10 1266849869.357
9 11 434297000.306
9 12 1211354891.553
9 13 1048592167.928
9 14 7903031.055
9 15 1166952368.451
9 16 16544568.876
9 17 406640107.981
9 18 142794203.795
9 19 779946198.521
9 20 1028827684.893
9 21 1164711617.297
9 22 229620681.094
10 0 1250005965.113
10 1 945372088.006
10 2 118106615.366
10 3 187908045.282
10 4 125210323.135
10 5 91849190.384
10 6 327493479.066
10 7 1425946662.248
10 8 318424973.917
10 9 1997199355.757
10 11 288548772.802
10 12 2542461783.170
10 13 2596421879.137
10 14 16373040.912
10 15 822879536.841
10 16 7054815.562
10 17 321551335.070
10 18 140528725.122
10 19 815774170.230
10 20 1941682618.849
10 21 1509691440.897
10 22 342355605.850
11 0 352841428.088
11 1 145893222.369
11 2 115424752.622
11 3 119677108.203
11 4 99776794.705
11 5 48875673.278
11 6 38634433.034
11 7 689712290.451
11 8 66167679.920
11 9 547726952.651
11 10 847626245.489
11 12 319355647.523
11 13 554960070.010
11 14 3188598.428
11 15 728463659.368
11 16 3828212.771
11 17 174633968.792
11 18 55816049.788
11 19 321022052.585
11 20 290460918.456
11 21 229498791.493
11 22 73017840.468
12 0 1399251421.934
12 1 826615096.600
12 2 113006409.284
12 3 374996678.630
12 4 299380973.433
12 5 317480092.738
12 6 131829183.708
12 7 1768391907.680
12 8 108719093.042
12 9 1540628718.744
12 10 1849298444.026
12 11 528137868.131
12 13 1107653943.179
12 14 7269270.715
12 15 2149904752.776
12 16 8614719.977
12 17 725152894.650
12 18 257803071.064
12 19 960732054.991
12 20 1057634694.768
12 21 923976469.218
12 22 257496031.884
13 0 950670944.457
13 1 949946851.932
13 2 252348403.976
13 3 320458958.986
13 4 295670979.286
13 5 122007304.134
13 6 179466933.417
13 7 2091227432.575
13 8 346675570.076
13 9 817752657.045
13 10 1629252929.225
13 11 840858968.931
13 12 3141488647.517
13 14 9154446.558
13 15 1862627120.557
13 16 22413655.152
13 17 1058251097.937
13 18 104564845.058
13 19 524377146.126
13 20 2375500684.789
13 21 1324728367.323
13 22 186971538.804
14 0 16990500.375
14 1 5069662.926
14 2 3087914.251
14 3 819404.949
14 4 2111492.581
14 5 1166895.320
14 6 1744489.244
14 7 17812841.843
14 8 1352960.434
14 9 7957030.007
14 10 19370679.889
14 11 3826594.756
14 12 22606222.962
14 13 9102072.849
14 15 12684173.825
14 16 93616.597
14 17 5496971.063
14 18 929071.069
14 19 5359254.885
14 20 20457948.476
14 21 4756498.289
14 22 1228042.507
15 0 1930690129.706
15 1 581563321.777
15 2 160935916.751
15 3 246981083.065
15 4 280744162.301
15 5 179913613.697
15 6 265709661.716
15 7 1623828845.256
15 8 256021702.802
15 9 2092631555.602
15 10 2382612617.426
15 11 327567509.011
15 12 1596212339.514
15 13 994715987.937
15 14 13593882.491
15 16 15020404.648
15 17 884584326.239
15 18 154360920.560
15 19 335448056.447
15 20 2083093507.360
15 21 1442043662.963
15 22 162498579.636
16 0 6145211.285
16 1 10753512.437
16 2 2970106.361
16 3 1643501.997
16 4 1521377.296
16 5 2320812.881
16 6 1967180.152
16 7 18133622.896
16 8 2999393.600
16 9 18631134.679
16 10 12397153.352
16 11 7108546.311
16 12 24791796.540
16 13 10209313.287
16 14 55313.915
16 15 19775403.816
16 17 5798014.136
16 18 1711456.579
16 19 3861617.197
16 20 8893082.238
16 21 9219651.007
16 22 2683981.640
17 0 248849907.110
17 1 553554711.810
17 2 115551559.052
17 3 63396359.522
17 4 146849077.420
17 5 118125946.019
17 6 38118348.244
17 7 775345372.649
17 8 69169347.438
17 9 757549686.421
17 10 865513177.677
17 11 112072156.277
17 12 1224457811.057
17 13 1026372291.983
17 14 8266324.834
17 15 676047266.768
17 16 3260606.078
17 18 38762352.369
17 19 350421578.377
17 20 1079374601.070
17 21 204645910.957
17 22 43767025.302
18 0 117983515.515
18 1 59218190.474
18 2 21692290.538
18 3 9340978.792
18 4 15531209.844
18 5 11964538.916
18 6 21428570.021
18 7 59700869.863
18 8 10586325.059
18 9 187756950.481
18 10 179053202.686
18 11 73397262.520
18 12 187647549.984
18 13 73370702.211
18 14 1619700.244
18 15 155006922.958
18 16 1085744.705
18 17 89841693.879
18 19 35515915.877
18 20 127919064.478
18 21 70496188.058
18 22 26129029.511
19 0 662370681.436
19 1 484730507.216
19 2 88335847.208
19 3 144335606.606
19 4 107177897.196
19 5 140366012.616
19 6 71960249.089
19 7 515966865.257
19 8 96757230.045
19 9 425997954.361
19 10 373103598.935
19 11 330431877.110
19 12 362456290.395
19 13 494134454.790
19 14 7785950.594
19 15 630647824.359
19 16 2986542.884
19 17 329987320.374
19 18 92947229.360
19 20 504792285.765
19 21 446596574.494
19 22 46127913.494
20 0 2013777061.297
20 1 1554657625.102
20 2 323820975.689
20 3 188809394.930
20 4 244052155.408
20 5 115231925.604
20 6 338168781.702
20 7 1716218085.651
20 8 270193648.481
20 9 2394118797.750
20 10 757529810.489
20 11 797945310.856
20 12 1890460324.474
20 13 2146681887.027
20 14 17245432.028
20 15 1220778502.133
20 16 20677628.989
20 17 699103765.741
20 18 158026967.145
20 19 786610754.327
20 21 1466036013.958
20 22 133680462.884
21 0 637111304.513
21 1 383460633.233
21 2 180043591.211
21 3 117088212.335
21 4 197883500.127
21 5 220817914.549
21 6 128428365.358
21 7 628703214.654
21 8 157514439.698
21 9 773403823.206
21 10 700644465.284
21 11 203459321.567
21 12 1741587784.767
21 13 1117457290.178
21 14 7199551.616
21 15 1284163673.473
21 16 10792665.061
21 17 311492055.617
21 18 133356531.815
21 19 606058899.401
21 20 648697019.390
21 22 81816936.387
22 0 223986234.121
22 1 100648741.515
22 2 34491566.266
22 3 14025989.558
22 4 45767633.921
22 5 45569464.288
22 6 13599861.419
22 7 293185814.413
22 8 41622670.193
22 9 195553963.403
22 10 134562174.079
22 11 63511389.894
22 12 128289013.598
22 13 300509928.300
22 14 1388624.277
22 15 249773028.549
22 16 2377358.056
22 17 135957407.507
22 18 14644761.295
22 19 138097677.712
22 20 349310845.005
22 21 100397724.823
