506
0 1 787658245.500
0 2 101800927.034
0 3 108126805.131
0 4 124242419.030
0 5 290750218.918
0 6 190781870.674
0 7 1008020158.030
0 8 152157981.247
0 9 1032221939.342
0 10 1043729025.928
0 11 274424082.458
0 12 1979790192.891
0 13 1547009262.250
0 14 15441907.969
0 15 851012401.976
0 16 15190563.234
0 17 739968292.526
0 18 116618434.695
0 19 486149452.566
0 20 1807030504.110
0 21 513885572.717
0 22 102767451.353
1 0 928539910.383
1 2 64615596.233
1 3 141187675.189
1 4 116423844.848
1 5 92895584.071
1 6 184198584.827
1 7 853584589.491
1 8 137651128.084
1 9 937413295.656
1 10 473911934.609
1 11 246997852.946
1 12 1465545695.084
1 13 1301078439.180
1 14 10661670.669
1 15 1449851314.631
1 16 9753855.757
1 17 630647986.683
1 18 38304157.810
1 19 535779346.681
1 20 1311993053.891
1 21 907519230.664
1 22 66445771.731
2 0 268012892.492
2 1 176630694.832
2 3 38492116.547
2 4 22935398.614
2 5 27943178.312
2 6 23262618.414
2 7 153500368.082
2 8 48806827.882
2 9 292307266.192
2 10 175749744.632
2 11 54181725.584
2 12 408813601.566
2 13 259952743.063
2 14 2659487.236
2 15 90988810.976
2 16 3066919.332
2 17 82575928.177
2 18 17167087.036
2 19 97760581.449
2 20 207140035.470
2 21 92686143.745
2 22 45602637.048
3 0 88810957.636
3 1 114055301.871
3 2 42266324.246
3 4 47011395.212
3 5 47003605.223
3 6 48949650.760
3 7 271029327.374
3 8 45913454.922
3 9 281333107.774
3 10 159573538.109
3 11 122496451.298
3 12 186204916.961
3 13 258416453.314
3 14 2381055.938
3 15 224443409.175
3 16 2111668.274
3 17 137163631.265
3 18 25907569.205
3 19 60666560.346
3 20 357706755.187
3 21 212590128.099
3 22 44607771.036
4 0 213426422.140
4 1 97316975.926
4 2 24489922.248
4 3 46015497.250
4 5 34791104.408
4 6 29426020.621
4 7 217972183.174
4 8 24433421.568
4 9 129298074.186
4 10 198212927.171
4 11 31182491.633
4 12 122351274.757
4 13 179482414.981
4 14 1359558.120
4 15 304598822.014
4 16 2193986.348
4 17 74125609.695
4 18 14043721.274
4 19 144660706.681
4 20 354247212.063
4 21 106274232.192
4 22 15293308.811
5 0 282549036.394
5 1 95541486.648
5 2 30195008.671
5 3 41864375.535
5 4 42262542.543
5 6 47968548.249
5 7 229765183.095
5 8 36506592.588
5 9 181809638.689
5 10 273693582.088
5 11 61003968.008
5 12 366532118.382
5 13 106932112.733
5 14 1043202.487
5 15 97420742.715
5 16 2395580.662
5 17 50803933.968
5 18 9336575.245
5 19 62683300.549
5 20 361306123.051
5 21 57690775.901
5 22 12448864.631
6 0 221483465.692
6 1 89187482.470
6 2 43471258.488
6 3 40507697.245
6 4 14299331.656
6 5 47046241.721
6 7 176462393.590
6 8 42645667.046
6 9 249999869.363
6 10 113916681.247
6 11 90999500.892
6 12 231125003.906
6 13 112041801.756
6 14 2914249.742
6 15 288062771.415
6 16 1958229.686
6 17 50584867.068
6 18 19896589.211
6 19 71014086.991
6 20 260464104.878
6 21 86215060.294
6 22 12823333.418
7 0 829638811.798
7 1 598426845.815
7 2 82233935.468
7 3 180294770.034
7 4 272203464.969
7 5 108493261.907
7 6 206131352.901
7 8 127347170.868
7 9 910394684.010
7 10 1377407141.408
7 11 339621666.258
7 12 1140859534.049
7 13 1155721866.657
7 14 17201400.479
7 15 1020310487.793
7 16 17526974.856
7 17 292832146.064
7 18 90408670.111
7 19 278374912.384
7 20 1868523388.535
7 21 1050345211.801
7 22 291949066.396
8 0 257037972.407
8 1 168674322.178
8 2 39588078.191
8 3 37891070.237
8 4 31107693.448
8 5 47699084.047
8 6 21987931.509
8 7 100385634.217
8 9 94299016.693
8 10 247849155.074
8 11 53550816.001
8 12 403313603.638
8 13 202458877.516
8 14 2763473.310
8 15 110442653.431
8 16 1681412.955
8 17 48992237.346
8 18 10065503.868
8 19 122491927.159
8 20 284822226.112
8 21 189238714.000
8 22 15595240.005
9 0 990557705.103
9 1 1422044558.887
9 2 194774829.818
9 3 231358794.773
9 4 222205541.929
9 5 264395488.466
9 6 223889008.559
9 7 1620983596.060
9 8 164770384.592
9 10 1906630448.316
9 11 546882467.264
9 12 1610100376.822
9 13 1930382016.513
9 14 11278580.420
9 15 779297761.305
9 16 5284885.140
9 17 570163563.935
9 18 109326268.980
9 19 286258249.235
9 20 880424150.641
9 21 1380972213.199
9 22 158039154.133
10 0 778084785.346
10 1 483104746.256
10 2 233981193.612
10 3 326792072.073
10 4 225675109.760
10 5 148927658.568
10 6 238654308.015
10 7 639433051.399
10 8 338046383.275
10 9 1974603033.042
10 11 364915543.419
10 12 1095532981.489
10 13 1395757025.838
10 14 12737863.290
10 15 1504447329.826
10 16 20486981.269
10 17 625790447.021
10 18 149516915.936
10 19 832174158.970
10 20 1255170138.284
10 21 982588047.572
10 22 265608269.829
11 0 365800420.000
11 1 513979564.329
11 2 38550705.269
11 3 66301364.597
11 4 78793663.939
11 5 103499970.274
11 6 46968340.171
11 7 645070746.153
11 8 36021327.484
11 9 687956837.678
11 10 756202436.721
11 12 725925075.255
11 13 411533587.687
11 14 3558968.206
11 15 650314292.472
11 16 5259079.368
11 17 106871791.127
11 18 34135173.907
11 19 124647753.176
11 20 716006158.260
11 21 466164504.064
11 22 50542177.536
12 0 1773884135.504
12 1 897259620.026
12 2 412237308.274
12 3 187737236.578
12 4 219739504.865
12 5 405390389.779
12 6 301994146.142
12 7 1439507798.496
12 8 179134490.052
12 9 2255271114.465
12 10 1179891822.814
12 11 706991392.562
12 13 1601691135.900
12 14 17688140.972
12 15 1042122982.245
12 16 13953840.419
12 17 470411065.226
12 18 116754078.740
12 19 1036184463.684
12 20 1054056142.720
12 21 1411398639.685
12 22 351517504.452
13 0 769191734.834
13 1 681186122.535
13 2 157179240.669
13 3 312437537.482
13 4 210796750.858
13 5 244734486.832
13 6 136278840.633
13 7 1433539093.487
13 8 317927935.344
13 9 803472657.767
13 10 2199459780.497
13 11 800247489.859
13 12 2405626636.978
13 14 9440619.896
13 15 1674230446.816
13 16 19068697.792
13 17 823792285.026
13 18 154057280.182
13 19 1043724810.007
13 20 934697141.615
13 21 1210485477.522
13 22 146989522.650
14 0 16192629.515
14 1 7134018.997
14 2 1220633.126
14 3 2846939.432
14 4 804860.412
14 5 1350426.714
14 6 822626.653
14 7 7918519.242
14 8 2388035.226
14 9 18109752.484
14 10 13300125.619
14 11 4089450.766
14 12 19505416.134
14 13 22262548.738
14 15 14913613.811
14 16 78265.065
14 17 2974822.113
14 18 1723047.311
14 19 6741897.594
14 20 10598730.382
14 21 10209107.558
14 22 2965941.753
15 0 888773068.788
15 1 1033163296.797
15 2 278919943.418
15 3 185445342.561
15 4 192230620.398
15 5 140543202.733
15 6 329778359.786
15 7 838367233.179
15 8 132732306.055
15 9 872089721.883
15 10 1451305230.692
15 11 316767840.688
15 12 2096458689.965
15 13 1048615333.153
15 14 5590612.910
15 16 5404882.711
15 17 491094210.880
15 18 216624772.680
15 19 396790425.677
15 20 849226653.975
15 21 1509451641.880
15 22 330473859.729
16 0 10175665.444
16 1 8355948.953
16 2 1088422.080
16 3 3012286.960
16 4 2873583.170
16 5 1590796.947
16 6 778633.254
16 7 7947822.530
16 8 2045633.770
16 9 7037952.892
16 10 20141139.784
16 11 4023739.854
16 12 12543288.829
16 13 6307961.424
16 14 151343.921
16 15 18843978.476
16 17 7508801.467
16 18 1001036.465
16 19 3286032.773
16 20 7749157.717
16 21 4426616.423
16 22 1631425.418
17 0 306465301.194
17 1 241585725.619
17 2 99249628.824
17 3 91484308.543
17 4 101651873.013
17 5 141898683.930
17 6 65958310.357
17 7 504268289.002
17 8 84433448.059
17 9 364414956.697
17 10 989982588.702
17 11 315512137.359
17 12 389865118.356
17 13 1020339355.927
17 14 4955870.812
17 15 326972714.904
17 16 3125572.866
17 18 38729663.359
17 19 259843238.828
17 20 1003535082.352
17 21 324278749.773
17 22 77467688.067
18 0 167176879.009
18 1 44950367.908
18 2 18865503.115
18 3 11230431.612
18 4 28902872.461
18 5 30657298.333
18 6 9876825.603
18 7 103526026.288
18 8 26791961.556
18 9 133863520.343
18 10 92115381.333
18 11 72403703.589
18 12 135250088.704
18 13 127470563.476
18 14 1445485.399
18 15 198247971.491
18 16 1083569.521
18 17 63720355.239
18 19 58731055.337
18 20 164802801.860
18 21 92030718.300
18 22 16856028.094
19 0 576834041.651
19 1 216823142.724
19 2 53287248.989
19 3 66055657.086
19 4 97238294.224
19 5 117529538.694
19 6 140002644.557
19 7 668109050.659
19 8 55710035.115
19 9 378060274.908
19 10 1016385449.374
19 11 360495323.159
19 12 1122213464.004
19 13 715231271.046
19 14 4453770.051
19 15 515310391.681
19 16 6264612.849
19 17 173131755.590
19 18 65111787.891
19 20 771814067.999
19 21 416594033.724
19 22 92439397.984
20 0 2070632675.288
20 1 745434254.526
20 2 362175271.437
20 3 101912486.409
20 4 237258740.644
20 5 239510264.954
20 6 194022558.147
20 7 1370967302.297
20 8 109853188.203
20 9 1545521292.499
20 10 1512557646.171
20 11 502144205.021
20 12 2014259039.043
20 13 2740572907.444
20 14 18195513.032
20 15 2137418571.727
20 16 7328188.170
20 17 1099467201.367
20 18 149834778.321
20 19 894465210.000
20 21 1351821828.050
20 22 330690020.218
21 0 366071300.669
21 1 866609178.673
21 2 179979536.827
21 3 157495337.616
21 4 87122949.314
21 5 125663850.583
21 6 120275510.784
21 7 489371392.400
21 8 76642305.223
21 9 1178370990.750
21 10 537987853.161
21 11 462458591.748
21 12 901067098.879
21 13 426242331.389
21 14 6779485.487
21 15 1157797273.350
21 16 8678873.793
21 17 615067085.244
21 18 49554061.794
21 19 567346638.130
21 20 713453071.066
21 22 155832268.123
22 0 280043092.033
22 1 221149214.619
22 2 31952784.314
22 3 48476648.880
22 4 46009810.424
22 5 23901960.247
22 6 45447042.141
22 7 79118714.057
22 8 39689965.218
22 9 214429784.992
22 10 120458011.337
22 11 42506171.421
22 12 257419943.490
22 13 198143742.676
22 14 2145939.302
22 15 201947121.862
22 16 906095.280
22 17 87572711.298
22 18 28827264.939
22 19 131461511.058
22 20 152616273.923
22 21 169061300.186
