506
0 1 397904325.638
0 2 152299353.219
0 3 111614416.982
0 4 186822096.050
0 5 176262928.341
0 6 108720487.289
0 7 877878073.123
0 8 254379319.457
0 9 1764219615.470
0 10 834686556.469
0 11 593383963.896
0 12 1722209297.995
0 13 1434709830.547
0 14 18297949.361
0 15 1931644141.385
0 16 12057703.982
0 17 418112269.680
0 18 176161559.169
0 19 629607879.874
0 20 2089705342.223
0 21 769683866.538
0 22 143503573.093
1 0 1277619099.668
1 2 162722438.106
1 3 65776481.663
1 4 218985499.664
1 5 206294143.366
1 6 106305691.626
1 7 1165665634.633
1 8 112463168.311
1 9 811370911.474
1 10 1115677759.337
1 11 285778126.181
1 12 1731372093.357
1 13 790828007.660
1 14 6903185.049
1 15 996366955.616
1 16 9139941.134
1 17 416759524.927
1 18 96242317.035
1 19 518715160.117
1 20 700245820.706
1 21 400836912.474
1 22 145034434.248
2 0 301628791.672
2 1 66956233.354
2 3 21629000.040
2 4 48503584.630
2 5 13536663.342
2 6 45828217.727
2 7 133784729.717
2 8 35034043.169
2 9 184692498.927
2 10 170795749.255
2 11 116844171.016
2 12 405982966.059
2 13 245657320.042
2 14 2091612.437
2 15 299513335.629
2 16 1474563.523
2 17 47972362.834
2 18 27424412.287
2 19 75640194.383
2 20 257116794.889
2 21 117373309.571
2 22 33267974.711
3 0 238226818.027
3 1 219361306.375
3 2 22676310.953
3 4 12679101.656
3 5 34927466.748
3 6 14552276.754
3 7 139183981.625
3 8 28748513.998
3 9 139433777.702
3 10 105179528.554
3 11 89387243.469
3 12 304778655.735
3 13 141409286.629
3 14 3034390.941
3 15 232574013.139
3 16 1032819.559
3 17 108882564.741
3 18 12910425.497
3 19 79882020.561
3 20 98136525.983
3 21 162830692.070
3 22 12876552.024
4 0 87345790.421
4 1 151191368.854
4 2 33884402.772
4 3 29373413.360
4 5 47652671.833
4 6 41370566.024
4 7 84106232.099
4 8 19248092.084
4 9 94872008.841
4 10 318758355.846
4 11 73024909.994
4 12 240027731.540
4 13 245619422.247
4 14 1621704.510
4 15 247760781.247
4 16 1069165.309
4 17 116709633.442
4 18 16054838.983
4 19 49511612.693
4 20 215383631.332
4 21 77582364.431
4 22 29668142.804
5 0 100690275.655
5 1 217009516.908
5 2 14196263.427
5 3 41823708.063
5 4 48900772.332
5 6 32184049.266
5 7 117649500.052
5 8 12921130.340
5 9 110441081.388
5 10 251940820.173
5 11 120007818.643
5 12 343059786.805
5 13 247586543.736
5 14 1618187.323
5 15 97096605.359
5 16 1746760.758
5 17 118270312.291
5 18 28375330.172
5 19 125138305.489
5 20 233155743.914
5 21 168914785.934
5 22 28861244.110
6 0 89343249.978
6 1 100728849.120
6 2 47590936.285
6 3 31518758.120
6 4 33155304.674
6 5 27049941.836
6 7 135867651.539
6 8 31610566.569
6 9 141877313.975
6 10 151590454.765
6 11 96098997.414
6 12 152892733.417
6 13 162721958.837
6 14 1944659.484
6 15 274826731.185
6 16 1480274.047
6 17 111532165.653
6 18 27570091.075
6 19 146509219.743
6 20 233180492.391
6 21 183315744.931
6 22 42013005.918
7 0 777161118.338
7 1 496415568.379
7 2 267345800.840
7 3 151535068.197
7 4 165239095.770
7 5 210226131.122
7 6 276129348.229
7 8 222105999.596
7 9 1499632179.484
7 10 1192061212.651
7 11 394222953.674
7 12 1503855889.579
7 13 2120415805.744
7 14 8731224.272
7 15 1742967088.195
7 16 15986141.350
7 17 633026957.366
7 18 109498210.052
7 19 403264209.477
7 20 655508361.341
7 21 617125592.072
7 22 144372397.137
8 0 163972827.891
8 1 215864142.215
8 2 47878474.769
8 3 34739248.592
8 4 38256214.132
8 5 30807561.243
8 6 33589392.209
8 7 268400048.650
8 9 260423399.619
8 10 114456421.534
8 11 43812863.502
8 12 310640145.300
8 13 231788926.500
8 14 1043546.853
8 15 119975308.875
8 16 1417371.925
8 17 56836446.839
8 18 24987987.237
8 19 78299321.338
8 20 197980906.273
8 21 78997400.080
8 22 30580283.067
9 0 1054114306.441
9 1 934255305.520
9 2 259880563.880
9 3 124043798.810
9 4 168787932.689
9 5 312639810.522
9 6 226128869.615
9 7 1927905214.061
9 8 188213664.144
9 10 950034414.654
9 11 543029347.600
9 12 1561837923.613
9 13 1679952630.861
9 14 18348048.719
9 15 987507571.741
9 16 11946846.585
9 17 497327341.357
9 18 201769379.071
9 19 871199014.049
9 20 1582411663.149
9 21 1124069788.539
9 22 279702358.808
10 0 1526285690.919
10 1 817574955.843
10 2 327753514.785
10 3 188634369.155
10 4 157181093.712
10 5 256240488.467
10 6 112254419.961
10 7 1999116824.524
10 8 119624952.192
10 9 1405167888.846
10 11 329400245.838
10 12 2472679136.426
10 13 1630652385.560
10 14 5948563.480
10 15 1351326203.812
10 16 12534756.352
10 17 841263622.192
10 18 80590279.732
10 19 897474899.139
10 20 2442770072.159
10 21 1492176682.129
10 22 343365157.545
11 0 505155644.937
11 1 163004491.369
11 2 43875875.314
11 3 69060166.982
11 4 58481492.977
11 5 50970441.068
11 6 69041362.480
11 7 672853449.034
11 8 82355387.766
11 9 488979783.372
11 10 629601843.612
11 12 930793509.754
11 13 753876860.933
11 14 6806213.662
11 15 843452725.034
11 16 6759612.707
11 17 262524957.098
11 18 26935963.889
11 19 237130030.398
11 20 256510942.090
11 21 322844243.716
11 22 117576469.828
12 0 1710235842.472
12 1 1469000891.172
12 2 329486899.212
12 3 117722556.764
12 4 170787146.805
12 5 223300432.956
12 6 139582444.019
12 7 1807456061.569
12 8 294773758.096
12 9 1083264421.919
12 10 1351700321.306
12 11 786058794.191
12 13 2199083861.907
12 14 17714348.538
12 15 1256112885.187
12 16 16231356.647
12 17 1193876216.351
12 18 158129957.747
12 19 1195972579.248
12 20 3052391168.244
12 21 1316407082.460
12 22 219772897.989
13 0 1242527194.654
13 1 1558741862.420
13 2 279066539.535
13 3 138845362.712
13 4 367130492.841
13 5 226667715.016
13 6 256241407.713
13 7 1702377917.707
13 8 331615405.263
13 9 2219964784.310
13 10 2356462861.807
13 11 398983217.018
13 12 2681031098.301
13 14 11477650.300
13 15 1428651931.430
13 16 12331947.974
13 17 445895320.588
13 18 184547239.663
13 19 338482029.399
13 20 2320170118.903
13 21 836269135.479
13 22 354741686.993
14 0 5022438.825
14 1 12362219.684
14 2 1911524.651
14 3 1060733.247
14 4 1497384.258
14 5 2267043.511
14 6 1816560.186
14 7 16242385.127
14 8 2401816.830
14 9 8647242.566
14 10 10466385.413
14 11 5842525.007
14 12 10768047.325
14 13 8960669.600
14 15 10055081.673
14 16 181832.864
14 17 5516832.472
14 18 1890066.177
14 19 6280742.935
14 20 11731310.158
14 21 7061403.964
14 22 2268978.991
15 0 1704345336.737
15 1 1145697643.287
15 2 230796140.386
15 3 239441734.727
15 4 214145450.875
15 5 94262443.237
15 6 327310495.266
15 7 637563535.730
15 8 323874315.174
15 9 684063761.687
15 10 817356676.519
15 11 431301966.596
15 12 1578703548.131
15 13 667851242.720
15 14 15464064.003
15 16 6129216.233
15 17 747914089.105
15 18 156030955.472
15 19 518126703.169
15 20 1431271308.804
15 21 971654800.597
15 22 188914071.821
16 0 8887176.958
16 1 9558529.733
16 2 3018189.955
16 3 1289040.393
16 4 2239711.069
16 5 1454228.520
16 6 2882373.824
16 7 6521974.982
16 8 2471666.824
16 9 17770576.543
16 10 5876463.218
16 11 4104614.032
16 12 16000202.672
16 13 12760158.809
16 14 180574.118
16 15 13564319.084
16 17 5130531.072
16 18 1010585.038
16 19 3315988.178
16 20 20533084.864
16 21 7477009.665
16 22 1296704.594
17 0 317382049.247
17 1 487404267.950
17 2 81636858.017
17 3 95284544.190
17 4 136258984.018
17 5 83771036.550
17 6 123415816.622
17 7 835835155.522
17 8 52670703.644
17 9 676631030.368
17 10 884125230.364
17 11 184730599.638
17 12 1143313258.264
17 13 278359783.227
17 14 4624834.786
17 15 296800880.228
17 16 4668784.422
17 18 89060420.488
17 19 265418553.325
17 20 974340018.261
17 21 459310786.032
17 22 66844747.687
18 0 89995034.560
18 1 98048313.268
18 2 27104207.094
18 3 25153282.554
18 4 23643448.752
18 5 27536435.427
18 6 15669785.833
18 7 184591352.340
18 8 25818794.553
18 9 57275993.935
18 10 69062323.262
18 11 60092372.874
18 12 175743048.787
18 13 69258658.280
18 14 774256.931
18 15 81829548.074
18 16 527036.404
18 17 80602741.245
18 19 71439382.927
18 20 159286095.447
18 21 50156276.582
18 22 30261879.805
19 0 710754353.167
19 1 634822787.819
19 2 86294665.771
19 3 100457033.048
19 4 123912752.383
19 5 103650910.170
19 6 39973702.665
19 7 378585511.881
19 8 99506723.369
19 9 262313456.325
19 10 587419099.400
19 11 297162328.569
19 12 737523350.274
19 13 990847335.790
19 14 8437768.977
19 15 506263154.259
19 16 2358404.266
19 17 335236600.107
19 18 82557562.773
19 20 393453045.969
19 21 223625971.227
19 22 100716004.973
20 0 1033996896.108
20 1 1545643867.138
20 2 115108430.397
20 3 321280816.747
20 4 138665476.914
20 5 158231066.430
20 6 122992287.751
20 7 1151423383.237
20 8 112166180.198
20 9 1467596502.849
20 10 1777288170.656
20 11 748178731.291
20 12 1482395154.913
20 13 2284069364.887
20 14 6041461.169
20 15 1939796819.239
20 16 17101348.001
20 17 499546972.757
20 18 215825648.736
20 19 309986633.154
20 21 852356500.190
20 22 239234422.153
21 0 405598533.660
21 1 977076880.018
21 2 171674936.849
21 3 159579976.167
21 4 97913857.035
21 5 145879712.509
21 6 107429102.868
21 7 950001342.779
21 8 154619069.985
21 9 486438374.246
21 10 838044900.562
21 11 369487387.449
21 12 1817125594.225
21 13 1028098227.148
21 14 9746158.375
21 15 1092085707.329
21 16 11805732.298
21 17 222929158.232
21 18 123301121.031
21 19 315608361.612
21 20 1543163352.910
21 22 85530467.012
22 0 148671586.381
22 1 63880936.583
22 2 34907936.310
22 3 39813852.195
22 4 20236363.572
22 5 27420229.989
22 6 13856571.111
22 7 257323541.043
22 8 33052077.032
22 9 318934342.343
22 10 170277624.245
22 11 53228139.216
22 12 174814840.324
22 13 336663954.134
22 14 2727465.003
22 15 93485016.003
22 16 2399695.424
22 17 83698458.084
22 18 24266685.504
22 19 143810120.452
22 20 234811664.181
22 21 97921765.329
