506
0 1 1037329268.339
0 2 249392388.004
0 3 247887610.579
0 4 284735289.149
0 5 147339996.209
0 6 77773337.626
0 7 788231724.334
0 8 248627106.898
0 9 1623504922.908
0 10 1969142517.685
0 11 715906877.958
0 12 1665588427.509
0 13 2088906438.334
0 14 15272679.612
0 15 1318058097.065
0 16 10212536.460
0 17 765506999.638
0 18 164549893.447
0 19 244707647.609
0 20 614273076.127
0 21 475370629.959
0 22 83384473.135
1 0 585262004.118
1 2 74888344.115
1 3 79861550.155
1 4 160522618.022
1 5 216646877.926
1 6 193172779.806
1 7 704253511.156
1 8 61833838.272
1 9 1165599226.872
1 10 1288675554.875
1 11 234459628.880
1 12 1225497907.330
1 13 1415118809.812
1 14 9508555.530
1 15 424205076.916
1 16 12937792.325
1 17 332244478.489
1 18 56508142.485
1 19 353527899.702
1 20 1062679600.955
1 21 944924777.907
1 22 176500367.644
2 0 125550651.867
2 1 202617573.507
2 3 15705050.958
2 4 35007254.192
2 5 18181857.164
2 6 44944299.037
2 7 257737978.192
2 8 35584641.935
2 9 292448876.506
2 10 135923542.124
2 11 125190573.727
2 12 307480087.038
2 13 158196947.830
2 14 2243250.383
2 15 212903334.701
2 16 2822075.852
2 17 100540841.680
2 18 23366460.007
2 19 86757124.391
2 20 136272109.490
2 21 179284754.902
2 22 16004738.376
3 0 102239395.153
3 1 157682036.411
3 2 47188092.437
3 4 18832447.510
3 5 43774048.145
3 6 29890338.384
3 7 231855890.547
3 8 15834543.407
3 9 287066161.811
3 10 285614436.566
3 11 46478259.383
3 12 213503746.765
3 13 329588197.108
3 14 1330288.568
3 15 325725297.239
3 16 1235568.701
3 17 53699471.149
3 18 24701778.044
3 19 140358296.272
3 20 316940202.113
3 21 87744586.238
3 22 33299126.433
4 0 231259236.815
4 1 176306324.061
4 2 45299620.826
4 3 17288692.910
4 5 26538095.985
4 6 31449458.239
4 7 140648914.754
4 8 15889209.643
4 9 128793441.539
4 10 273054512.858
4 11 40565062.794
4 12 284245809.867
4 13 258702610.904
4 14 1067616.582
4 15 258524153.126
4 16 2016384.123
4 17 123253539.872
4 18 15024168.615
4 19 70936747.191
4 20 216119680.670
4 21 75263403.965
4 22 18916054.974
5 0 212288307.020
5 1 128240957.767
5 2 23978003.480
5 3 20072779.398
5 4 20502582.740
5 6 45160174.877
5 7 205657664.198
5 8 12934493.772
5 9 136060719.181
5 10 252870484.545
5 11 53352143.011
5 12 229716043.060
5 13 275090270.390
5 14 1670198.395
5 15 246246748.195
5 16 2104281.247
5 17 113477306.470
5 18 25704038.021
5 19 43325659.034
5 20 335047447.320
5 21 221395308.995
5 22 48204130.319
6 0 272720834.902
6 1 144356911.317
6 2 31365660.449
6 3 43353230.654
6 4 27015741.299
6 5 42738034.297
6 7 189960112.566
6 8 19903876.969
6 9 215654209.753
6 10 265521327.366
6 11 89941403.726
6 12 219487291.918
6 13 245490279.247
6 14 2168279.330
6 15 144342679.975
6 16 848112.454
6 17 140950791.712
6 18 25847251.144
6 19 106070013.108
6 20 101948775.272
6 21 60160411.774
6 22 34875041.019
7 0 494355678.685
7 1 504072779.931
7 2 215940207.546
7 3 91756249.673
7 4 146694340.112
7 5 285899209.842
7 6 242499455.440
7 8 155288045.247
7 9 1248645359.714
7 10 1368266444.856
7 11 270358079.254
7 12 2386990697.739
7 13 1565193661.455
7 14 12148194.802
7 15 1372554688.549
7 16 5790739.732
7 17 708306216.455
7 18 150078744.211
7 19 337938552.848
7 20 642635183.325
7 21 1249680332.444
7 22 186573468.096
8 0 145016802.482
8 1 104425735.991
8 2 24250748.906
8 3 24696898.880
8 4 28109805.535
8 5 46059886.802
8 6 18112918.670
8 7 87999976.224
8 9 272890434.358
8 10 95674176.756
8 11 49781183.277
8 12 198473229.961
8 13 187898792.084
8 14 1765010.174
8 15 119725861.364
8 16 2239614.931
8 17 64804981.420
8 18 13628743.147
8 19 139228995.577
8 20 322093235.241
8 21 161924410.244
8 22 29817434.564
9 0 1039310701.490
9 1 614968589.800
9 2 211647308.293
9 3 272382274.418
9 4 261584526.190
9 5 270110561.742
9 6 137797243.606
9 7 1293168318.229
9 8 159504123.473
9 10 656785737.528
9 11 378876239.564
9 12 2121804394.270
9 13 999240645.062
9 14 16289120.042
9 15 1125803006.062
9 16 8701480.901
9 17 642965595.759
9 18 173341326.270
9 19 751667757.510
9 20 2028276191.039
9 21 1393744492.661
9 22 181638316.849
10 0 1069949138.951
10 1 738589344.914
10 2 148827510.501
10 3 130694648.428
10 4 115882762.505
10 5 267709894.401
10 6 315539775.574
10 7 998525780.064
10 8 350935742.899
10 9 960604598.851
10 11 222425816.564
10 12 1580164875.974
10 13 1146205557.176
10 14 12044919.383
10 15 2056979455.694
10 16 8104333.963
10 17 1023325550.566
10 18 152547463.577
10 19 438192083.680
10 20 1981938492.917
10 21 1249255833.895
10 22 223774381.714
11 0 708516286.563
11 1 212501804.150
11 2 87192353.226
11 3 58667798.602
11 4 115555300.443
11 5 72646828.859
11 6 98067594.034
11 7 235054148.031
11 8 114113628.452
11 9 397314689.162
11 10 632068914.882
11 12 316192884.460
11 13 920160289.790
11 14 7323670.072
11 15 490724573.400
11 16 2388752.765
11 17 338180215.428
11 18 76247526.516
11 19 366365860.716
11 20 373391923.173
11 21 183841286.095
11 22 60806732.212
12 0 1559084988.081
12 1 1575963448.343
12 2 145938721.122
12 3 161634582.777
12 4 380221863.206
12 5 190634963.275
12 6 142944529.541
12 7 1400391132.027
12 8 321970748.429
12 9 1466355613.947
12 10 1832887092.977
12 11 673726259.810
12 13 1437643476.457
12 14 11797771.917
12 15 1704077006.807
12 16 9607665.766
12 17 455198206.910
12 18 107064743.456
12 19 438980806.095
12 20 1825867195.688
12 21 1725186561.791
12 22 358918727.825
13 0 950883766.030
13 1 1003322919.857
13 2 181917817.466
13 3 118924199.857
13 4 192649270.769
13 5 360744310.493
13 6 111519553.171
13 7 1682251845.948
13 8 98941733.105
13 9 1590348910.060
13 10 1328869638.822
13 11 776958305.531
13 12 858225563.276
13 14 21115052.998
13 15 920735588.950
13 16 15647846.404
13 17 330433178.342
13 18 75735686.873
13 19 899538476.298
13 20 2493799308.016
13 21 1655975685.838
13 22 181550798.929
14 0 9135353.763
14 1 11381614.073
14 2 2845899.131
14 3 1684113.457
14 4 2147520.188
14 5 2305426.744
14 6 1149380.696
14 7 11781607.655
14 8 1763778.996
14 9 19226351.649
14 10 6242521.173
14 11 6788302.082
14 12 10938130.557
14 13 13631753.179
14 15 7461582.514
14 16 59203.717
14 17 4014657.129
14 18 1486313.669
14 19 8587053.094
14 20 12256018.213
14 21 11870992.963
14 22 1190372.694
15 0 1400543881.611
15 1 1385667262.752
15 2 326310643.288
15 3 273478354.535
15 4 248093561.470
15 5 304740007.189
15 6 190637159.776
15 7 1393158263.586
15 8 141476299.349
15 9 2043758194.304
15 10 2302556755.657
15 11 258334999.999
15 12 907482895.371
15 13 1460179416.201
15 14 16189030.234
15 16 8964922.733
15 17 854048268.136
15 18 70093529.707
15 19 501043130.622
15 20 1329414357.664
15 21 1263921524.294
15 22 329171150.611
16 0 7653908.815
16 1 13401980.964
16 2 2262864.454
16 3 1392517.619
16 4 1079919.750
16 5 2114921.365
16 6 843335.243
16 7 8114755.079
16 8 2577601.185
16 9 14742789.635
16 10 20677848.754
16 11 6397940.043
16 12 24224728.041
16 13 15858774.575
16 14 140131.770
16 15 7950817.447
16 17 6810866.148
16 18 1508329.732
16 19 5472814.798
16 20 11512457.992
16 21 13371674.130
16 22 2715548.420
17 0 304624468.061
17 1 492271764.654
17 2 149988766.170
17 3 121631868.706
17 4 91034634.561
17 5 80286465.666
17 6 85442042.857
17 7 391040502.501
17 8 62696477.251
17 9 356296611.346
17 10 351137589.656
17 11 146630210.842
17 12 1053382847.726
17 13 855979317.706
17 14 6391959.138
17 15 284338987.507
17 16 8017267.139
17 18 73509389.047
17 19 351212128.512
17 20 366669420.742
17 21 583901808.115
17 22 105177338.105
18 0 171275296.742
18 1 65763051.082
18 2 27749662.894
18 3 8980191.225
18 4 12851677.077
18 5 28093510.428
18 6 7855600.515
18 7 125784552.959
18 8 21683272.934
18 9 163901786.888
18 10 122280036.701
18 11 69355525.456
18 12 191385833.274
18 13 74093951.933
18 14 839304.958
18 15 83355714.471
18 16 1441024.235
18 17 69749730.744
18 19 79277551.106
18 20 149472642.729
18 21 70199793.131
18 22 24165204.780
19 0 271555561.427
19 1 382477575.149
19 2 150326973.983
19 3 57691916.226
19 4 43259033.773
19 5 58513993.027
19 6 143598235.922
19 7 224407057.449
19 8 94598930.153
19 9 473562653.954
19 10 661297077.300
19 11 145622766.831
19 12 578411100.526
19 13 340886497.608
19 14 6435698.705
19 15 300221599.176
19 16 8848067.649
19 17 223158053.950
19 18 30458416.646
19 20 529516761.905
19 21 181442077.884
19 22 103537894.859
20 0 1566069849.330
20 1 1650986565.703
20 2 353229240.900
20 3 212371828.175
20 4 215301487.987
20 5 183846769.997
20 6 182709646.190
20 7 2092568111.799
20 8 327677213.607
20 9 966944340.367
20 10 1572051178.369
20 11 502065674.651
20 12 1764790217.819
20 13 2139478449.418
20 14 9403349.483
20 15 1877668642.501
20 16 10006113.452
20 17 989627025.149
20 18 148195390.108
20 19 1078922664.128
20 21 1136991387.940
20 22 224401889.105
21 0 367622011.609
21 1 939650235.316
21 2 222405138.186
21 3 56791715.955
21 4 206462028.707
21 5 164604701.933
21 6 133885349.379
21 7 808582404.956
21 8 101231852.936
21 9 758187036.756
21 10 850476125.444
21 11 386283044.775
21 12 1680030959.155
21 13 466322029.660
21 14 6843202.504
21 15 1385371555.409
21 16 4259421.918
21 17 296702470.397
21 18 122413907.279
21 19 436651704.859
21 20 1106285242.142
21 22 92429649.201
22 0 189279491.496
22 1 134036459.866
22 2 18210349.628
22 3 28388298.577
22 4 16528155.533
22 5 24608747.353
22 6 18940270.311
22 7 257666704.303
22 8 13098407.512
22 9 287738839.086
22 10 277228441.375
22 11 112960140.333
22 12 164867624.851
22 13 198778239.325
22 14 1930048.488
22 15 261480785.815
22 16 2675811.798
22 17 79774577.058
22 18 22800024.699
22 19 44019466.050
22 20 122047178.041
22 21 81605130.381
