506
0 1 1061614881.185
0 2 160289515.610
0 3 123437568.363
0 4 165795798.584
0 5 139501364.515
0 6 96786909.099
0 7 1077937787.740
0 8 145711983.029
0 9 796410891.944
0 10 1622811784.553
0 11 410765325.847
0 12 920150601.034
0 13 1703758110.201
0 14 14780111.420
0 15 519588079.271
0 16 14982698.153
0 17 474574504.938
0 18 182105887.968
0 19 862274507.822
0 20 1616745314.381
0 21 1054897625.884
0 22 81779204.680
1 0 1251491568.039
1 2 215473340.423
1 3 197418083.361
1 4 214895543.999
1 5 196038231.381
1 6 197051176.573
1 7 1047878917.648
1 8 163127585.266
1 9 1381417416.841
1 10 1022470945.857
1 11 535874562.367
1 12 1437309794.966
1 13 1135948757.765
1 14 11810110.279
1 15 1101941590.464
1 16 9877023.590
1 17 441753096.486
1 18 41146671.760
1 19 345400313.266
1 20 973755841.701
1 21 260233955.970
1 22 57108485.056
2 0 240518142.344
2 1 114110655.796
2 3 24827030.844
2 4 46133538.938
2 5 47883499.747
2 6 26005223.362
2 7 267923675.088
2 8 17912606.410
2 9 93604584.537
2 10 249068145.676
2 11 46458242.051
2 12 204350150.343
2 13 328270885.736
2 14 1559387.388
2 15 233460461.664
2 16 2234785.663
2 17 121290731.752
2 18 28012580.395
2 19 133808705.492
2 20 336144135.848
2 21 125578677.139
2 22 37900952.148
3 0 198310555.837
3 1 65481962.616
3 2 47656027.388
3 4 44026650.981
3 5 47326515.473
3 6 35342063.172
3 7 166627345.462
3 8 37295998.916
3 9 151690956.639
3 10 123687544.256
3 11 46410682.348
3 12 167888838.197
3 13 297965408.745
3 14 2969726.790
3 15 188093720.336
3 16 2337942.683
3 17 58166429.586
3 18 16483790.053
3 19 131949079.722
3 20 290974791.164
3 21 83037606.249
3 22 24283342.866
4 0 223750587.163
4 1 194373214.343
4 2 33173304.211
4 3 26926550.399
4 5 20918478.723
4 6 41343384.017
4 7 147929020.469
4 8 37925326.877
4 9 261786315.253
4 10 108483546.435
4 11 82188130.894
4 12 107602504.839
4 13 222796210.598
4 14 1227584.389
4 15 224822671.620
4 16 879295.301
4 17 55206671.516
4 18 25202791.224
4 19 126165334.822
4 20 303752945.429
4 21 209524894.594
4 22 31206404.277
5 0 239144099.312
5 1 167343823.130
5 2 26703993.730
5 3 27556833.158
5 4 30510533.098
5 6 29529372.921
5 7 167826272.973
5 8 33843302.133
5 9 99063571.616
5 10 93747597.236
5 11 100327184.690
5 12 405261509.652
5 13 210613597.034
5 14 853169.531
5 15 220066271.048
5 16 1872360.031
5 17 104317596.837
5 18 13695387.971
5 19 142289490.816
5 20 206062379.055
5 21 137705536.974
5 22 23521780.876
6 0 157193505.234
6 1 73473323.729
6 2 33454345.182
6 3 34770363.510
6 4 39050666.586
6 5 20363134.775
6 7 151151942.118
6 8 27966668.966
6 9 104223602.942
6 10 246878754.536
6 11 64916295.704
6 12 182603192.577
6 13 310282270.508
6 14 2767368.908
6 15 319535549.036
6 16 859831.314
6 17 113314621.014
6 18 29144300.090
6 19 86469248.118
6 20 163117474.044
6 21 60568883.629
6 22 17053582.534
7 0 965205945.770
7 1 1245875305.592
7 2 113027401.763
7 3 111935522.954
7 4 292868311.872
7 5 82212303.251
7 6 292984872.980
7 8 106969915.645
7 9 1357157957.663
7 10 2101833906.101
7 11 551169097.545
7 12 2312386024.203
7 13 1885919289.082
7 14 13328833.727
7 15 1619663867.012
7 16 5751969.556
7 17 882002591.528
7 18 146578596.460
7 19 423224844.665
7 20 837362288.743
7 21 626085939.461
7 22 112225815.757
8 0 181316184.411
8 1 100967433.296
8 2 15888140.278
8 3 48045858.865
8 4 37445649.227
8 5 23925563.470
8 6 39428809.749
8 7 152260574.154
8 9 206890883.656
8 10 350511924.202
8 11 100067999.133
8 12 377184265.561
8 13 180162446.278
8 14 1759861.431
8 15 103158138.662
8 16 1288837.470
8 17 68316568.758
8 18 30000152.621
8 19 66577633.785
8 20 184873643.183
8 21 66658981.757
8 22 30157682.533
9 0 694136106.147
9 1 716682066.847
9 2 201530378.922
9 3 118130880.853
9 4 130626591.840
9 5 94609126.833
9 6 98291922.131
9 7 855640094.923
9 8 242582286.488
9 10 2056711879.435
9 11 656314174.992
9 12 2070266516.733
9 13 2267869920.039
9 14 7444430.090
9 15 1484713018.599
9 16 8174519.077
9 17 652527775.821
9 18 107018247.624
9 19 352457478.043
9 20 2362693536.455
9 21 1385995127.797
9 22 109534781.059
10 0 786479665.250
10 1 717848292.813
10 2 211777190.592
10 3 233887760.484
10 4 225286578.328
10 5 151423620.235
10 6 289410120.290
10 7 706587243.123
10 8 112989285.222
10 9 2287521358.398
10 11 744520216.971
10 12 2881288159.150
10 13 2157722965.996
10 14 7432332.510
10 15 1083993181.441
10 16 18346470.062
10 17 904931205.630
10 18 64597499.482
10 19 748351573.260
10 20 1006946734.911
10 21 1317596114.835
10 22 310995508.315
11 0 607695923.691
11 1 506947692.253
11 2 102360213.533
11 3 99780218.490
11 4 90481403.819
11 5 93141250.778
11 6 97830097.859
11 7 458309594.970
11 8 119856046.989
11 9 322461211.646
11 10 590536505.958
11 12 574807581.529
11 13 406743994.796
11 14 6018822.540
11 15 447729268.555
11 16 7257686.603
11 17 306211875.406
11 18 45216030.329
11 19 301429874.202
11 20 893423729.225
11 21 507789666.076
11 22 81701076.512
12 0 1601274064.542
12 1 1736559533.591
12 2 264600345.096
12 3 270040775.044
12 4 298207839.735
12 5 119065024.777
12 6 218023762.081
12 7 1042637660.233
12 8 401837129.408
12 9 841560177.878
12 10 1340130833.452
12 11 495928084.307
12 13 1435011100.548
12 14 25807175.188
12 15 837055889.855
12 16 19255796.574
12 17 738616197.175
12 18 183698527.226
12 19 751540363.763
12 20 2395065085.188
12 21 1504250425.681
12 22 140713976.765
13 0 1583069424.303
13 1 1635149637.292
13 2 317332029.906
13 3 221840720.760
13 4 322926649.119
13 5 269126577.299
13 6 193427653.169
13 7 2183441254.517
13 8 229550195.465
13 9 2353915595.005
13 10 1607371309.169
13 11 347758615.164
13 12 2915173845.551
13 14 20050743.272
13 15 2461291209.784
13 16 22403330.245
13 17 599960900.881
13 18 183198389.698
13 19 953274357.514
13 20 1640573234.714
13 21 1576315785.650
13 22 271751456.346
14 0 15636496.854
14 1 7893339.093
14 2 2850720.037
14 3 1575604.702
14 4 2533785.734
14 5 802562.795
14 6 1078969.646
14 7 10930135.334
14 8 2183803.836
14 9 5294993.417
14 10 13340254.319
14 11 4544168.847
14 12 19708782.844
14 13 18344200.259
14 15 14226735.946
14 16 172811.171
14 17 4794211.975
14 18 721954.734
14 19 3960116.841
14 20 14871589.473
14 21 12531267.993
14 22 1373099.425
15 0 921410665.944
15 1 757745675.056
15 2 326924424.435
15 3 197822292.477
15 4 155963716.098
15 5 146563107.639
15 6 226019948.130
15 7 1763529748.522
15 8 297876315.392
15 9 1731013873.536
15 10 2432222778.452
15 11 541185982.215
15 12 2813285882.006
15 13 1503315733.744
15 14 6021313.451
15 16 6815074.403
15 17 506854239.597
15 18 105613765.787
15 19 802182485.246
15 20 2363604577.163
15 21 993160787.607
15 22 95851412.243
16 0 14354068.325
16 1 5958665.909
16 2 3095084.734
16 3 1524817.834
16 4 1488590.786
16 5 1627098.471
16 6 1379076.599
16 7 15148058.243
16 8 1199011.735
16 9 8604497.638
16 10 5724975.590
16 11 3181462.432
16 12 13477478.632
16 13 11479681.549
16 14 133723.800
16 15 13559253.223
16 17 8238468.674
16 18 1343623.014
16 19 4652329.694
16 20 6130030.249
16 21 5442935.232
16 22 897002.336
17 0 265748456.394
17 1 546001327.188
17 2 81156025.083
17 3 88232751.715
17 4 72545765.026
17 5 91912805.953
17 6 131113648.964
17 7 374063420.413
17 8 88564521.140
17 9 241218292.363
17 10 906864792.521
17 11 252824782.961
17 12 996661826.310
17 13 1001700555.971
17 14 8106918.108
17 15 647700396.601
17 16 8540949.447
17 18 51504170.878
17 19 428010969.726
17 20 920783229.008
17 21 527944813.178
17 22 144601166.152
18 0 168010335.095
18 1 92382314.826
18 2 16294186.014
18 3 29620088.140
18 4 11417597.880
18 5 21625119.114
18 6 11207441.343
18 7 57325740.010
18 8 25890456.926
18 9 186812600.950
18 10 112092568.442
18 11 50829589.649
18 12 133380849.411
18 13 193033456.176
18 14 1230871.706
18 15 153502439.046
18 16 799188.371
18 17 56658825.915
18 19 63738637.824
18 20 72436986.095
18 21 76834655.202
18 22 17136100.075
19 0 779712017.634
19 1 273475209.949
19 2 143031431.101
19 3 56429571.992
19 4 54899257.650
19 5 107861458.544
19 6 146745010.887
19 7 710358658.948
19 8 50227173.703
19 9 696051392.269
19 10 847758312.212
19 11 165015639.482
19 12 952073785.920
19 13 468018803.345
19 14 6644341.216
19 15 790853460.885
19 16 5283355.408
19 17 386850457.972
19 18 73406024.740
19 20 1089863684.646
19 21 308377360.292
19 22 37247187.487
20 0 1241221411.745
20 1 1661029024.923
20 2 345935384.922
20 3 124308731.017
20 4 261255406.516
20 5 117449682.741
20 6 105113131.699
20 7 1071390436.172
20 8 219109854.064
20 9 1456737359.907
20 10 884934649.606
20 11 243900376.239
20 12 2495142054.048
20 13 1455571113.729
20 14 15016422.891
20 15 1379786684.941
20 16 17781748.808
20 17 1065081959.726
20 18 76511264.272
20 19 565630211.945
20 21 1287852555.519
20 22 266361478.859
21 0 411038763.380
21 1 335019201.264
21 2 168208771.468
21 3 103053796.047
21 4 133302659.318
21 5 159863744.909
21 6 107148105.185
21 7 597346167.598
21 8 203227223.253
21 9 1168721325.791
21 10 875333797.108
21 11 519744734.041
21 12 1262079063.506
21 13 1433827838.667
21 14 4726976.308
21 15 513595743.763
21 16 9755812.673
21 17 558167164.572
21 18 37925892.566
21 19 646121109.816
21 20 1040887754.930
21 22 115664808.616
22 0 124605693.387
22 1 86097221.203
22 2 41165571.321
22 3 37965163.628
22 4 17880348.676
22 5 38786037.186
22 6 22847307.624
22 7 132993729.206
22 8 43391134.900
22 9 260293900.122
22 10 309867333.232
22 11 88412657.405
22 12 123780452.222
22 13 319538868.018
22 14 1304460.576
22 15 101005254.664
22 16 2506388.214
22 17 127199569.620
22 18 10005873.258
22 19 70891518.837
22 20 349389213.520
22 21 175717671.729
