506
0 1 688070964.200
0 2 287566442.919
0 3 259724608.021
0 4 192077569.354
0 5 244736768.828
0 6 270190823.731
0 7 1513347539.125
0 8 83025782.363
0 9 884902768.713
0 10 753256002.113
0 11 473599959.103
0 12 1353456615.068
0 13 799356193.190
0 14 8661326.341
0 15 1127599722.646
0 16 15108240.898
0 17 587643894.949
0 18 50112166.958
0 19 638229898.308
0 20 1504253713.043
0 21 420451491.381
0 22 153780077.805
1 0 1336883653.020
1 2 209382312.733
1 3 78411903.777
1 4 164152943.245
1 5 164790001.964
1 6 81395482.758
1 7 1035311199.793
1 8 189118211.084
1 9 1159122066.167
1 10 1530941909.335
1 11 551197758.136
1 12 1731958642.887
1 13 437422239.692
1 14 5288632.034
1 15 502411025.850
1 16 4254490.657
1 17 188767021.402
1 18 77036335.318
1 19 329652325.176
1 20 910849570.557
1 21 831411758.017
1 22 199446571.204
2 0 139617691.404
2 1 69994834.527
2 3 19895952.889
2 4 47003752.526
2 5 18868843.191
2 6 25093643.763
2 7 89396314.567
2 8 19657408.402
2 9 115516539.598
2 10 126336835.089
2 11 32115043.661
2 12 258461025.479
2 13 334727251.719
2 14 2421389.898
2 15 116080406.858
2 16 1318287.293
2 17 112102667.761
2 18 27115574.033
2 19 120854985.729
2 20 258390383.669
2 21 89752148.188
2 22 32257821.040
3 0 162277412.158
3 1 143942779.324
3 2 13080516.254
3 4 12528409.506
3 5 34664689.595
3 6 34235962.322
3 7 115843406.792
3 8 14331201.930
3 9 172338275.276
3 10 136667324.435
3 11 105170132.233
3 12 392114733.964
3 13 283416033.754
3 14 864872.051
3 15 246546518.913
3 16 3047056.345
3 17 42368427.659
3 18 22398473.203
3 19 103859704.067
3 20 147136551.834
3 21 125520585.255
3 22 42033099.703
4 0 110105478.554
4 1 61405906.858
4 2 29815357.189
4 3 18697523.876
4 5 31950228.216
4 6 21861314.997
4 7 240464379.517
4 8 22779297.557
4 9 257613793.485
4 10 341874973.624
4 11 92428842.331
4 12 209098614.719
4 13 283984603.398
4 14 1083752.944
4 15 207285830.226
4 16 1266383.106
4 17 47608054.506
4 18 31016197.336
4 19 54570757.018
4 20 92725005.563
4 21 96885690.353
4 22 24646673.469
5 0 273143318.314
5 1 110559432.539
5 2 15647602.040
5 3 39054948.886
5 4 27582852.758
5 6 42412887.572
5 7 148893206.180
5 8 14449045.809
5 9 125058363.089
5 10 306725735.572
5 11 91162439.164
5 12 162379152.476
5 13 186399346.044
5 14 2427957.065
5 15 254972146.114
5 16 2967794.039
5 17 140093431.849
5 18 24342646.925
5 19 90151444.974
5 20 264362693.600
5 21 203051674.783
5 22 30132615.717
6 0 152302053.166
6 1 88973089.293
6 2 42700436.639
6 3 24132023.417
6 4 32280110.343
6 5 42441468.174
6 7 108916173.812
6 8 36059060.242
6 9 299833840.021
6 10 129605689.214
6 11 37517921.953
6 12 280018711.339
6 13 177243555.633
6 14 2572613.877
6 15 263094279.796
6 16 2673601.925
6 17 63897334.430
6 18 30049590.596
6 19 62733379.536
6 20 262889738.907
6 21 166158887.504
6 22 41036987.155
7 0 641271656.709
7 1 366788276.292
7 2 187488150.020
7 3 226588071.410
7 4 183128290.138
7 5 100844000.676
7 6 81281844.198
7 8 99234736.108
7 9 1751877490.457
7 10 2063859403.911
7 11 478655885.800
7 12 1467902176.597
7 13 710028291.159
7 14 5963471.731
7 15 542327985.758
7 16 10072615.887
7 17 593738150.729
7 18 186502414.733
7 19 580104025.037
7 20 1132855386.649
7 21 713016495.791
7 22 140833606.001
8 0 256002140.131
8 1 146571148.801
8 2 13029013.094
8 3 22630509.372
8 4 15629821.438
8 5 33251021.366
8 6 49124386.622
8 7 158527834.880
8 9 198856613.814
8 10 155531423.587
8 11 91906934.373
8 12 263218655.376
8 13 248818378.515
8 14 1737934.923
8 15 330391816.687
8 16 974349.257
8 17 121178976.025
8 18 22631225.945
8 19 78174510.274
8 20 158194631.254
8 21 178111276.463
8 22 45424652.886
9 0 732187695.850
9 1 1345423679.937
9 2 120064028.620
9 3 266014492.846
9 4 118316972.652
9 5 252416751.393
9 6 112126075.502
9 7 681576567.944
9 8 314955762.150
9 10 1022836372.677
9 11 635259910.496
9 12 2623103867.243
9 13 1816335643.686
9 14 7460602.345
9 15 1925793314.359
9 16 16857289.569
9 17 815204463.175
9 18 76265068.636
9 19 380823588.185
9 20 2052066553.546
9 21 530509062.550
9 22 248147595.347
10 0 966162356.983
10 1 1221211484.652
10 2 134903017.175
10 3 140207873.777
10 4 185052235.596
10 5 92453283.305
10 6 141572173.163
10 7 1590911920.672
10 8 89217628.545
10 9 1252818026.795
10 11 333997104.615
10 12 2989476880.276
10 13 1007373106.983
10 14 11930919.291
10 15 779129423.519
10 16 18068936.871
10 17 1044277013.008
10 18 204753895.001
10 19 268706193.661
10 20 2115899947.038
10 21 982482744.439
10 22 178258883.942
11 0 592902293.523
11 1 451959985.278
11 2 102019643.275
11 3 35565121.217
11 4 93299282.837
11 5 74053495.343
11 6 45793572.913
11 7 577455142.675
11 8 116548780.085
11 9 783270877.007
11 10 494605538.274
11 12 630073946.787
11 13 375777842.889
11 14 3427747.053
11 15 622953891.427
11 16 3634689.384
11 17 204871481.954
11 18 32683679.159
11 19 229387671.804
11 20 260815966.568
11 21 413476218.628
11 22 96080798.840
12 0 2360403760.931
12 1 1161786213.806
12 2 260385022.278
12 3 286840091.251
12 4 220456275.741
12 5 224397275.244
12 6 405135379.780
12 7 2448289333.961
12 8 190956025.803
12 9 1117579184.461
12 10 1846919158.320
12 11 904343270.715
12 13 1381433898.569
12 14 19472580.460
12 15 1415312203.909
12 16 16113663.203
12 17 768781451.764
12 18 144925819.549
12 19 1158843524.068
12 20 2869113064.187
12 21 1686036519.045
12 22 120783004.695
13 0 2115360549.419
13 1 478322355.150
13 2 187349776.823
13 3 177730295.393
13 4 134543250.894
13 5 225042728.025
13 6 130111922.170
13 7 1973010853.444
13 8 366634866.753
13 9 2236862878.699
13 10 1299550941.701
13 11 800504196.703
13 12 2694948170.835
13 14 10967708.583
13 15 823449473.099
13 16 9056618.417
13 17 435411993.745
13 18 208178613.671
13 19 659358557.176
13 20 1316730119.864
13 21 654815840.641
13 22 356935763.642
14 0 17523026.061
14 1 8253757.498
14 2 1924845.634
14 3 2919965.698
14 4 3021951.929
14 5 1354912.300
14 6 878328.643
14 7 5453616.393
14 8 1699204.534
14 9 9517079.521
14 10 14385587.885
14 11 3710033.059
14 12 18456350.826
14 13 18154195.298
14 15 18411571.679
14 16 103507.080
14 17 8264237.342
14 18 1195247.447
14 19 3147607.131
14 20 19264983.268
14 21 13747866.712
14 22 2760336.598
15 0 1371643054.908
15 1 1202427583.690
15 2 171417911.463
15 3 95915064.520
15 4 251582757.079
15 5 120648514.894
15 6 234705797.996
15 7 772016737.183
15 8 261089406.095
15 9 1628317653.251
15 10 762075389.067
15 11 502425194.638
15 12 1706732329.197
15 13 1708787789.495
15 14 8266486.753
15 16 14243347.148
15 17 500238460.324
15 18 155057990.955
15 19 775673416.335
15 20 2100221105.886
15 21 890730575.259
15 22 128540597.419
16 0 13044819.208
16 1 5892708.487
16 2 2152684.996
16 3 2707963.337
16 4 2619292.137
16 5 847363.596
16 6 1180842.097
16 7 11836518.952
16 8 2438197.466
16 9 17347077.793
16 10 13535391.576
16 11 2992322.077
16 12 19487624.992
16 13 14777254.692
16 14 96438.256
16 15 6758587.725
16 17 4460669.623
16 18 1297368.729
16 19 8935740.372
16 20 20173189.009
16 21 4859650.038
16 22 2097678.870
17 0 351104930.463
17 1 479724326.167
17 2 116676948.706
17 3 54731654.987
17 4 89918139.870
17 5 71653102.034
17 6 82399594.456
17 7 231992146.057
17 8 140773578.783
17 9 374953583.627
17 10 1010691908.611
17 11 298409547.135
17 12 1202348658.684
17 13 490997002.675
17 14 4813370.758
17 15 884036567.020
17 16 4260691.038
17 18 30800743.645
17 19 259056503.073
17 20 463080215.980
17 21 534964246.876
17 22 83750921.199
18 0 166383766.444
18 1 70531687.730
18 2 20411882.926
18 3 17892122.045
18 4 27399439.916
18 5 12581529.119
18 6 29928632.339
18 7 77537439.203
18 8 22956789.810
18 9 93087264.933
18 10 215989049.809
18 11 23011351.286
18 12 189374736.247
18 13 178371592.482
18 14 584847.236
18 15 75408937.648
18 16 1506349.361
18 17 89622620.554
18 19 74510494.507
18 20 139525240.301
18 21 116847720.470
18 22 23620764.767
19 0 706563075.310
19 1 549233781.491
19 2 71365952.206
19 3 42225114.740
19 4 147528845.567
19 5 74873374.027
19 6 118860987.100
19 7 607934651.255
19 8 54457698.416
19 9 664142277.956
19 10 422958692.892
19 11 94418806.011
19 12 881907594.421
19 13 606630838.506
19 14 4239362.700
19 15 339322118.613
19 16 6017011.209
19 17 169548599.981
19 18 84853059.470
19 20 649595103.743
19 21 494888976.003
19 22 46101713.784
20 0 1199277679.626
20 1 1168952840.246
20 2 278798918.452
20 3 184990372.670
20 4 92968646.133
20 5 279465146.850
20 6 128125968.026
20 7 750922049.684
20 8 243113481.382
20 9 1034650484.104
20 10 682926011.759
20 11 583977349.428
20 12 2434304150.852
20 13 2470105579.362
20 14 6771319.720
20 15 1379201236.823
20 16 23011861.074
20 17 978957213.804
20 18 150564247.071
20 19 605942188.469
20 21 486735834.699
20 22 251645926.501
21 0 660672580.009
21 1 370460326.792
21 2 135824214.336
21 3 60993618.890
21 4 178590760.847
21 5 72042673.483
21 6 151827439.051
21 7 1100998928.972
21 8 196490760.065
21 9 421487753.841
21 10 1465276216.177
21 11 232025168.054
21 12 1163390695.760
21 13 1143713747.677
21 14 12784533.278
21 15 448428261.529
21 16 13048235.833
21 17 428866941.150
21 18 136053551.693
21 19 596364235.442
21 20 550522269.826
21 22 195818562.666
22 0 216440762.195
22 1 155182099.909
22 2 26484564.750
22 3 27998601.159
22 4 18860638.277
22 5 43014826.576
22 6 38976810.269
22 7 85449947.739
22 8 16425771.083
22 9 265665175.578
22 10 102485357.767
22 11 70557010.520
22 12 275601531.156
22 13 139897966.787
22 14 773657.425
22 15 300366504.128
22 16 950098.893
22 17 96765825.701
22 18 21676723.744
22 19 72904466.027
22 20 129865908.095
22 21 200518632.120
