506
0 1 1007427357.807
0 2 198247175.976
0 3 170365933.791
0 4 82339251.962
0 5 173650738.681
0 6 127306805.501
0 7 1102242328.338
0 8 248594597.144
0 9 1772332166.690
0 10 1031069248.718
0 11 735140034.531
0 12 1719199329.211
0 13 631775558.513
0 14 4996256.667
0 15 1524371875.141
0 16 17464850.959
0 17 395445404.130
0 18 176094315.905
0 19 657471958.007
0 20 670632081.061
0 21 916308211.141
0 22 264818814.980
1 0 772321496.379
1 2 137608223.618
1 3 192200232.128
1 4 131661463.569
1 5 140121015.877
1 6 113946544.874
1 7 1142560992.145
1 8 185825645.992
1 9 1102433434.780
1 10 1088272991.780
1 11 433828470.582
1 12 1074088104.037
1 13 768319815.994
1 14 3789465.750
1 15 711128460.671
1 16 13083024.838
1 17 309810032.090
1 18 40065213.460
1 19 221892239.350
1 20 419521113.696
1 21 442264107.423
1 22 143950180.324
2 0 228219371.808
2 1 144018743.265
2 3 45593491.962
2 4 33609098.582
2 5 29534082.263
2 6 23055261.234
2 7 101738485.074
2 8 17395421.574
2 9 249813706.968
2 10 158279374.454
2 11 67385668.276
2 12 392616773.361
2 13 352118322.083
2 14 3097303.573
2 15 177846187.015
2 16 2942211.051
2 17 95813756.689
2 18 9276878.595
2 19 133887843.967
2 20 229114638.083
2 21 185943041.337
2 22 28730510.676
3 0 192737619.209
3 1 116445248.441
3 2 24174743.766
3 4 37916058.186
3 5 23692324.140
3 6 16114714.538
3 7 113634656.299
3 8 44476519.538
3 9 141754308.059
3 10 251738424.263
3 11 55594870.772
3 12 348241299.313
3 13 304879563.724
3 14 2055514.361
3 15 224291595.058
3 16 2454215.048
3 17 76637891.961
3 18 20434351.701
3 19 141249659.464
3 20 354677662.035
3 21 202289733.456
3 22 30192730.519
4 0 292365609.933
4 1 65797264.993
4 2 40990235.656
4 3 46582095.583
4 5 17782683.631
4 6 21974257.522
4 7 228421913.855
4 8 43005575.186
4 9 96874561.950
4 10 110918811.062
4 11 62580035.232
4 12 130901789.521
4 13 139508783.057
4 14 2888070.873
4 15 243039548.645
4 16 2138902.858
4 17 55257277.975
4 18 14412233.700
4 19 40916297.282
4 20 265962215.961
4 21 130219275.872
4 22 17516285.515
5 0 202853629.717
5 1 55821378.511
5 2 17396328.820
5 3 26810565.923
5 4 37854056.831
5 6 47026868.981
5 7 231933684.488
5 8 48434201.140
5 9 302314326.586
5 10 220441926.722
5 11 41809323.513
5 12 395846419.106
5 13 255114917.426
5 14 911905.998
5 15 280876147.387
5 16 2793906.336
5 17 109693223.206
5 18 12953485.428
5 19 42552874.667
5 20 360687330.976
5 21 169062646.394
5 22 23332012.488
6 0 199339626.143
6 1 194401653.450
6 2 12936595.967
6 3 27704020.010
6 4 29383046.802
6 5 28851223.094
6 7 183598035.383
6 8 45896384.230
6 9 180583881.604
6 10 328930504.069
6 11 63514445.819
6 12 258444670.556
6 13 124808035.878
6 14 1412670.435
6 15 165540671.798
6 16 1584035.154
6 17 70666131.392
6 18 16914281.916
6 19 101491384.220
6 20 283686154.089
6 21 204890394.915
6 22 38767763.563
7 0 519625241.359
7 1 1031271863.767
7 2 298443097.392
7 3 294393136.089
7 4 219440650.937
7 5 171806841.731
7 6 255341775.881
7 8 76663005.920
7 9 1079615755.275
7 10 1031003273.289
7 11 531368015.807
7 12 2514989127.309
7 13 964789648.897
7 14 5966970.816
7 15 566200811.653
7 16 14235613.643
7 17 607383601.706
7 18 91824945.205
7 19 514439777.653
7 20 1245892457.034
7 21 799292652.033
7 22 152008717.615
8 0 107858039.567
8 1 178845851.124
8 2 22372387.705
8 3 34469338.220
8 4 48587595.042
8 5 35944402.225
8 6 18872330.668
8 7 230722030.837
8 9 232806556.241
8 10 200880265.944
8 11 96140099.975
8 12 114331154.032
8 13 264176459.909
8 14 2263708.960
8 15 111820951.763
8 16 2218169.690
8 17 124735033.830
8 18 28740620.352
8 19 131389412.643
8 20 132175873.693
8 21 182710303.454
8 22 28463158.822
9 0 1648192899.958
9 1 1303624570.816
9 2 190581884.830
9 3 99816948.355
9 4 271465131.171
9 5 163319762.802
9 6 305606460.109
9 7 881259183.900
9 8 194921980.606
9 10 1175408904.183
9 11 770616699.368
9 12 1802011609.759
9 13 1402417597.046
9 14 5742646.306
9 15 1945327780.694
9 16 18032102.197
9 17 320547374.230
9 18 168787182.920
9 19 782368564.700
9 20 1303237940.756
9 21 1371417692.498
9 22 85807436.068
10 0 1136011224.900
10 1 1214937975.435
10 2 312872767.606
10 3 120246469.921
10 4 295056506.852
10 5 253165861.824
10 6 209016702.665
10 7 1404630745.192
10 8 189784274.807
10 9 645726289.683
10 11 785505152.729
10 12 2551145890.842
10 13 891865886.825
10 14 5630790.024
10 15 1310632887.319
10 16 12336513.069
10 17 570120855.208
10 18 82709764.773
10 19 597344822.831
10 20 1144096111.762
10 21 869549527.228
10 22 128979375.829
11 0 611558925.320
11 1 469498579.077
11 2 115785771.413
11 3 119935427.465
11 4 85987189.473
11 5 88345394.081
11 6 44413952.092
11 7 706109192.021
11 8 119281856.195
11 9 531507369.367
11 10 623868014.473
11 12 876584595.056
11 13 363696000.032
11 14 4281343.653
11 15 792698856.981
11 16 6405293.630
11 17 267874427.447
11 18 61140491.204
11 19 129820870.273
11 20 434751992.266
11 21 479669388.154
11 22 103585163.330
12 0 1821569177.260
12 1 1498092789.218
12 2 261497591.793
12 3 311588708.795
12 4 278863725.502
12 5 418126260.057
12 6 231301396.227
12 7 2322883022.841
12 8 159607317.702
12 9 1310893832.886
12 10 1488614975.061
12 11 958630081.570
12 13 1511760190.823
12 14 8738090.687
12 15 1313779719.543
12 16 10696366.257
12 17 849635908.685
12 18 173846529.578
12 19 349906767.983
12 20 2657122455.429
12 21 728694342.295
12 22 180217141.387
13 0 893001762.697
13 1 526435417.893
13 2 255704552.795
13 3 320150528.949
13 4 334993067.738
13 5 127400624.614
13 6 147756997.433
13 7 1289018406.178
13 8 96971682.569
13 9 1327447380.327
13 10 2079279537.219
13 11 298067432.540
13 12 1533032932.300
13 14 19347127.546
13 15 1667828898.570
13 16 6621423.449
13 17 608072370.249
13 18 226824886.675
13 19 662065058.942
13 20 1863553279.831
13 21 829466114.385
13 22 328745632.077
14 0 13514146.073
14 1 11831064.922
14 2 2161442.315
14 3 772453.456
14 4 2781909.352
14 5 2912628.089
14 6 943055.237
14 7 5827675.419
14 8 986617.431
14 9 6706857.020
14 10 12820141.265
14 11 5363245.691
14 12 25211499.991
14 13 22871412.886
14 15 19112367.441
14 16 82582.757
14 17 5105094.154
14 18 586840.556
14 19 6578042.571
14 20 18125511.146
14 21 3727346.709
14 22 2357751.742
15 0 1750292727.205
15 1 951089140.360
15 2 156232475.433
15 3 187194948.401
15 4 195613206.673
15 5 225539509.774
15 6 88282785.791
15 7 634421944.079
15 8 107185048.057
15 9 1499420362.122
15 10 1302863960.360
15 11 293080471.283
15 12 1992588006.122
15 13 1716721102.519
15 14 16929095.103
15 16 10777872.113
15 17 783927817.513
15 18 83929823.440
15 19 476887243.647
15 20 1885489648.499
15 21 845823046.716
15 22 104271979.214
16 0 8143819.655
16 1 6320172.031
16 2 2344088.788
16 3 2740060.309
16 4 2814361.929
16 5 1167710.498
16 6 1690826.845
16 7 13477552.491
16 8 2274625.289
16 9 11372300.477
16 10 8589673.259
16 11 6611631.340
16 12 20566512.548
16 13 9159036.999
16 14 55670.221
16 15 18782571.933
16 17 4597221.406
16 18 1151993.053
16 19 2336879.755
16 20 6449581.369
16 21 10224939.446
16 22 1559422.388
17 0 317206669.056
17 1 182805580.581
17 2 149632129.995
17 3 80686383.386
17 4 48257538.361
17 5 86068760.251
17 6 99933308.338
17 7 855363998.860
17 8 68464228.352
17 9 408476425.715
17 10 493037982.604
17 11 338985432.465
17 12 583860704.986
17 13 394812395.470
17 14 8354051.280
17 15 653461782.140
17 16 9147771.492
17 18 59743186.200
17 19 339357993.505
17 20 296738290.414
17 21 209723451.048
17 22 42932878.794
18 0 158966385.028
18 1 37351502.212
18 2 14550766.597
18 3 20613439.330
18 4 27275789.455
18 5 25350453.929
18 6 15936979.810
18 7 138937994.333
18 8 16225046.124
18 9 135927323.978
18 10 171364065.517
18 11 58174000.050
18 12 129702916.187
18 13 187251236.924
18 14 1535216.707
18 15 213124522.345
18 16 490873.014
18 17 35898906.184
18 19 64953146.013
18 20 117930198.986
18 21 139782698.092
18 22 23114169.834
19 0 243749963.886
19 1 490932295.688
19 2 61921899.716
19 3 97763375.325
19 4 63731056.852
19 5 103227129.009
19 6 98021114.381
19 7 520880061.491
19 8 73310342.171
19 9 691879387.806
19 10 872344052.138
19 11 330173976.081
19 12 433125839.654
19 13 770763024.082
19 14 6908826.109
19 15 688588440.811
19 16 3038651.656
19 17 434613942.948
19 18 61635345.063
19 20 382281325.066
19 21 569336193.533
19 22 118366520.800
20 0 1100133158.073
20 1 1270858838.735
20 2 153986022.866
20 3 283826602.845
20 4 142461961.598
20 5 242195050.864
20 6 125165922.595
20 7 810820866.018
20 8 106503632.418
20 9 2302302318.288
20 10 663967195.740
20 11 280806459.636
20 12 1093272894.239
20 13 845996003.036
20 14 16607851.760
20 15 1120454313.112
20 16 19048712.663
20 17 771959396.058
20 18 69038730.032
20 19 1085126058.418
20 21 695231631.000
20 22 113968440.790
21 0 541332053.268
21 1 898367349.614
21 2 158250381.846
21 3 71233986.225
21 4 156679169.803
21 5 205408787.950
21 6 104913021.345
21 7 817738433.093
21 8 82249820.134
21 9 1145023083.657
21 10 1478395841.337
21 11 326308938.880
21 12 1665518884.319
21 13 706599617.229
21 14 7304068.747
21 15 1321113904.713
21 16 5927285.930
21 17 601418654.574
21 18 121661114.246
21 19 354471848.833
21 20 1275977037.932
21 22 170662240.664
22 0 105786981.694
22 1 193915292.725
22 2 37385639.589
22 3 19512231.115
22 4 28104793.862
22 5 35933935.129
22 6 37959879.039
22 7 105902000.665
22 8 45164977.584
22 9 87541403.646
22 10 338913349.369
22 11 115069598.207
22 12 361822437.721
22 13 353437121.024
22 14 1725672.973
22 15 167056215.663
22 16 1608017.975
22 17 129004046.634
22 18 16701269.820
22 19 120105437.893
22 20 284934556.907
22 21 182559706.625
