506
0 1 1040004302.070
0 2 196314675.934
0 3 230616159.719
0 4 108454572.443
0 5 199217914.963
0 6 237204550.615
0 7 1400871239.654
0 8 145200034.796
0 9 763839913.076
0 10 1403944441.042
0 11 372995063.087
0 12 1271584583.139
0 13 2084544596.305
0 14 13614318.614
0 15 1144175379.496
0 16 5839772.882
0 17 429098717.815
0 18 79232177.579
0 19 394579289.996
0 20 1581448368.674
0 21 921411466.964
0 22 148597000.585
1 0 551219885.075
1 2 157672435.020
1 3 87089870.983
1 4 206991710.443
1 5 189313629.385
1 6 116359723.749
1 7 479772550.603
1 8 181729820.421
1 9 1223567868.306
1 10 787238978.635
1 11 395020805.422
1 12 531847242.917
1 13 1460413607.908
1 14 12446622.588
1 15 532721627.640
1 16 7841575.935
1 17 615270528.239
1 18 109085909.528
1 19 612152171.460
1 20 1252565627.194
1 21 713533107.329
1 22 126857589.319
2 0 249600793.392
2 1 219666829.663
2 3 46962099.069
2 4 43456068.500
2 5 20487714.838
2 6 22235369.483
2 7 242239050.704
2 8 32713368.567
2 9 330516770.080
2 10 268939530.637
2 11 94630411.771
2 12 273746078.948
2 13 173192807.775
2 14 1841326.944
2 15 157514825.778
2 16 3150289.439
2 17 90316021.469
2 18 14030571.841
2 19 141485890.980
2 20 322793319.121
2 21 168681759.455
2 22 14624731.994
3 0 82851098.483
3 1 211552439.949
3 2 13002374.724
3 4 16947890.421
3 5 46639576.747
3 6 45297371.276
3 7 127054778.514
3 8 12888034.241
3 9 261996136.854
3 10 296393172.416
3 11 106817326.418
3 12 419441677.521
3 13 315511158.385
3 14 1013687.707
3 15 148719288.177
3 16 1747416.377
3 17 43400412.762
3 18 25126553.257
3 19 67535894.788
3 20 300544844.527
3 21 70142602.496
3 22 42072847.823
4 0 254728555.628
4 1 83583790.973
4 2 15033294.741
4 3 45344629.441
4 5 19688173.793
4 6 24787591.751
4 7 239819722.279
4 8 20683986.887
4 9 104116150.287
4 10 319226331.208
4 11 37386984.381
4 12 212632558.793
4 13 107444337.158
4 14 1991702.267
4 15 123757101.749
4 16 1186530.656
4 17 58909059.915
4 18 26057189.833
4 19 120605626.260
4 20 170970381.704
4 21 120686876.744
4 22 20549415.039
5 0 294548140.784
5 1 87024435.422
5 2 28684627.877
5 3 29208840.484
5 4 29717631.294
5 6 25720510.378
5 7 284064444.984
5 8 20883424.299
5 9 307575552.802
5 10 122054710.979
5 11 87213967.073
5 12 173607001.874
5 13 306018339.544
5 14 1014172.538
5 15 256351610.252
5 16 1427916.824
5 17 99360174.889
5 18 29904724.717
5 19 71524131.280
5 20 284733982.470
5 21 152162482.341
5 22 43508713.104
6 0 284436253.435
6 1 163136906.232
6 2 20911223.446
6 3 35505920.361
6 4 45315271.300
6 5 36047176.259
6 7 230656904.612
6 8 38458342.376
6 9 185165445.604
6 10 233022683.424
6 11 99729036.097
6 12 411326807.337
6 13 228202432.103
6 14 2473416.031
6 15 103014053.720
6 16 1509016.855
6 17 59782066.093
6 18 15147010.094
6 19 44710012.493
6 20 251107486.992
6 21 133279813.941
6 22 45112630.823
7 0 1232930088.366
7 1 351200243.961
7 2 173467375.827
7 3 250674104.184
7 4 171150593.479
7 5 113862534.120
7 6 235945805.184
7 8 153032614.442
7 9 1156999641.635
7 10 856698736.007
7 11 338148015.226
7 12 1639873473.943
7 13 867095210.859
7 14 11108877.125
7 15 1975048423.573
7 16 8131935.862
7 17 869652954.185
7 18 98007750.601
7 19 681659248.457
7 20 1501116897.663
7 21 807459840.404
7 22 236604116.491
8 0 259005116.039
8 1 156991340.801
8 2 15393923.807
8 3 19667474.388
8 4 21306832.538
8 5 46203918.252
8 6 42042890.283
8 7 101933967.991
8 9 206023345.862
8 10 235546965.974
8 11 96959178.016
8 12 292631913.054
8 13 108169734.951
8 14 2949649.765
8 15 277384088.404
8 16 1384357.926
8 17 64421225.040
8 18 23761758.597
8 19 134822859.426
8 20 171054954.363
8 21 148660133.376
8 22 35041347.622
9 0 1767816835.576
9 1 718455043.986
9 2 292982059.214
9 3 102782444.191
9 4 283569076.544
9 5 214285093.745
9 6 245470123.586
9 7 1450805395.550
9 8 96814817.219
9 10 1145675494.064
9 11 610489498.602
9 12 1092902338.984
9 13 1631752420.161
9 14 15598369.811
9 15 1261190062.749
9 16 19146619.784
9 17 624805754.480
9 18 136686843.110
9 19 709683024.531
9 20 1741297602.694
9 21 617832652.471
9 22 115465632.504
10 0 1346676546.033
10 1 668024113.739
10 2 259793954.871
10 3 266643695.944
10 4 149458547.388
10 5 330811437.387
10 6 298206491.433
10 7 1149469252.071
10 8 289560917.875
10 9 1489507216.372
10 11 824381327.913
10 12 2797035162.246
10 13 1791419820.811
10 14 21019789.413
10 15 816246137.914
10 16 19966352.431
10 17 550542391.256
10 18 218787499.956
10 19 462492384.605
10 20 1928529905.897
10 21 784976144.426
10 22 214329643.625
11 0 344679929.438
11 1 267015861.459
11 2 77521234.816
11 3 77680047.427
11 4 53344007.634
11 5 82596347.680
11 6 32364809.700
11 7 531485436.275
11 8 115645098.155
11 9 230996723.480
11 10 684988084.027
11 12 293505505.540
11 13 871152845.273
11 14 4403118.937
11 15 705478970.108
11 16 5069151.558
11 17 359733479.236
11 18 56225594.447
11 19 184356412.198
11 20 700754038.801
11 21 474722310.138
11 22 99059623.728
12 0 1890946454.504
12 1 546150701.398
12 2 159326639.268
12 3 182394782.110
12 4 327955292.411
12 5 160287273.554
12 6 362397338.144
12 7 2300191432.274
12 8 123644186.313
12 9 2574219501.524
12 10 871121289.554
12 11 923079992.720
12 13 2666735806.815
12 14 18442093.495
12 15 1169783745.184
12 16 10412515.206
12 17 653080280.190
12 18 107690018.111
12 19 1142982878.159
12 20 1082316010.255
12 21 601088780.274
12 22 229336816.178
13 0 724417867.403
13 1 1234667990.756
13 2 281077350.233
13 3 134465482.218
13 4 158659592.324
13 5 158549995.359
13 6 359987373.531
13 7 1111336674.353
13 8 351514670.804
13 9 1133712421.788
13 10 1223153771.524
13 11 682588580.231
13 12 2767379419.047
13 14 8362344.386
13 15 1340808923.024
13 16 6921621.518
13 17 706031294.904
13 18 139124252.217
13 19 645742304.282
13 20 852158957.936
13 21 563661672.216
13 22 332023926.920
14 0 5477428.356
14 1 10398598.188
14 2 2169506.626
14 3 987806.441
14 4 1700008.226
14 5 2360809.586
14 6 2926106.034
14 7 6255859.662
14 8 2377278.221
14 9 5080245.620
14 10 11136253.643
14 11 5642414.797
14 12 21238259.727
14 13 19374313.162
14 15 19006356.777
14 16 185819.887
14 17 5929450.720
14 18 772866.291
14 19 3158623.188
14 20 12234757.513
14 21 5428371.622
14 22 2977069.909
15 0 1554464945.701
15 1 1549755181.750
15 2 342863814.407
15 3 263601994.151
15 4 164946531.349
15 5 126364778.373
15 6 233209204.314
15 7 939675797.030
15 8 175522687.910
15 9 639347067.004
15 10 1830666078.509
15 11 563395813.279
15 12 1500977956.645
15 13 869354901.186
15 14 17612913.322
15 16 17340038.240
15 17 262525040.126
15 18 70196352.472
15 19 401014997.223
15 20 1145680296.001
15 21 1169983199.353
15 22 245115978.727
16 0 11663116.257
16 1 9341718.262
16 2 2238145.787
16 3 861933.851
16 4 2803120.464
16 5 884688.955
16 6 1940412.049
16 7 11927523.384
16 8 1540080.812
16 9 16934489.837
16 10 18471493.612
16 11 6133331.408
16 12 22215394.812
16 13 14482144.125
16 14 135325.097
16 15 12034465.494
16 17 5744154.932
16 18 1679756.889
16 19 3898121.764
16 20 18089834.045
16 21 10010369.600
16 22 2123845.665
17 0 560007479.818
17 1 442259522.203
17 2 139155946.772
17 3 77009078.941
17 4 134895106.549
17 5 93132839.285
17 6 125717066.019
17 7 568419793.742
17 8 63791060.050
17 9 582519066.802
17 10 973708981.412
17 11 208970304.633
17 12 504210503.678
17 13 855719913.799
17 14 7590735.614
17 15 543964663.535
17 16 2437968.292
17 18 45497239.985
17 19 353427698.743
17 20 1012364679.255
17 21 187095653.342
17 22 134533793.218
18 0 116789542.197
18 1 41529714.124
18 2 9642876.701
18 3 19642046.878
18 4 21813429.988
18 5 22634054.237
18 6 8713696.827
18 7 104214891.710
18 8 17409310.498
18 9 174380727.011
18 10 77936031.478
18 11 47492463.894
18 12 109566137.619
18 13 174728267.042
18 14 930579.547
18 15 105810104.469
18 16 1882976.603
18 17 29054179.516
18 19 30710992.576
18 20 182926332.746
18 21 130908038.564
18 22 14539106.496
19 0 429755076.175
19 1 188955068.319
19 2 147004401.801
19 3 102207888.405
19 4 58379239.905
19 5 100821831.827
19 6 41743934.964
19 7 685894142.226
19 8 142232005.147
19 9 649343787.979
19 10 362527767.702
19 11 251892809.990
19 12 733046992.211
19 13 936461771.905
19 14 8329117.552
19 15 271844928.666
19 16 8319930.118
19 17 185821443.757
19 18 47502334.346
19 20 1064414230.123
19 21 487011871.504
19 22 102534418.178
20 0 771145142.012
20 1 813557741.982
20 2 206962741.048
20 3 298140359.364
20 4 319367005.993
20 5 336129710.102
20 6 285853515.929
20 7 1180274274.614
20 8 132249169.026
20 9 1822034315.481
20 10 1086466903.275
20 11 907478965.880
20 12 1284176351.622
20 13 1578356670.348
20 14 7698494.221
20 15 1989929782.654
20 16 10169702.244
20 17 629056110.501
20 18 71994434.273
20 19 896973819.681
20 21 1396930566.408
20 22 129513445.651
21 0 606319300.701
21 1 569969624.509
21 2 162161435.360
21 3 101081264.804
21 4 171399977.972
21 5 82319017.151
21 6 72031500.539
21 7 1252165361.097
21 8 96813086.083
21 9 1222893930.964
21 10 1137944664.532
21 11 309410662.272
21 12 870163801.287
21 13 1541397592.995
21 14 7165927.707
21 15 561107566.637
21 16 10750687.090
21 17 456566715.530
21 18 82483465.184
21 19 545014486.286
21 20 1191803785.046
21 22 118463778.661
22 0 78759234.645
22 1 61569989.867
22 2 12840608.854
22 3 38429328.597
22 4 30367870.884
22 5 30903393.619
22 6 29961381.150
22 7 84588754.911
22 8 15741598.484
22 9 285088650.268
22 10 162595015.070
22 11 52082812.159
22 12 290439524.587
22 13 339428401.339
22 14 1676654.767
22 15 269843531.611
22 16 1846040.598
22 17 55812623.036
22 18 10190699.786
22 19 124536502.472
22 20 125887127.566
22 21 117419481.711
