506
0 1 489798557.756
0 2 173542678.463
0 3 140219823.099
0 4 146827452.756
0 5 163934160.509
0 6 109314930.893
0 7 920644850.352
0 8 100609230.886
0 9 1584635148.690
0 10 868295012.711
0 11 360666272.831
0 12 1748272718.936
0 13 925387209.665
0 14 7574579.776
0 15 1842598139.817
0 16 11251845.047
0 17 874960604.463
0 18 173829568.051
0 19 757018810.552
0 20 1010858115.270
0 21 1280464033.084
0 22 91932010.949
1 0 968022590.180
1 2 211809781.891
1 3 113496145.910
1 4 158430890.462
1 5 134750207.850
1 6 206236381.068
1 7 393857316.900
1 8 114500419.366
1 9 429197770.591
1 10 1221033887.732
1 11 304836453.143
1 12 614225221.238
1 13 539827827.439
1 14 9205358.149
1 15 606066871.396
1 16 11266305.608
1 17 488927792.069
1 18 75625635.952
1 19 458415267.271
1 20 1469648049.747
1 21 712427775.085
1 22 140966822.062
2 0 228891976.109
2 1 178976556.882
2 3 30145375.051
2 4 16348905.780
2 5 35932749.969
2 6 13851443.734
2 7 166958789.101
2 8 19505839.579
2 9 89481204.655
2 10 336799460.353
2 11 48452084.888
2 12 303033261.423
2 13 277196506.173
2 14 1664580.285
2 15 209429380.485
2 16 3019308.419
2 17 75280179.347
2 18 18324495.788
2 19 62194235.242
2 20 136185129.925
2 21 80988753.508
2 22 41864866.280
3 0 223740999.320
3 1 181082490.542
3 2 38981068.504
3 4 24177564.689
3 5 48093410.626
3 6 32914475.324
3 7 153723711.710
3 8 21960348.925
3 9 286232746.211
3 10 96840720.781
3 11 89037237.068
3 12 308096777.126
3 13 226345109.716
3 14 1178304.784
3 15 280906456.513
3 16 1021197.675
3 17 117721053.032
3 18 8378447.028
3 19 117168002.798
3 20 336505042.049
3 21 94172493.517
3 22 46994201.271
4 0 141653716.928
4 1 156793670.886
4 2 41654826.968
4 3 44359983.215
4 5 14038808.527
4 6 30528879.749
4 7 156998650.021
4 8 24766434.923
4 9 130729441.292
4 10 125541029.028
4 11 118102748.588
4 12 210961725.424
4 13 138978979.634
4 14 2154889.426
4 15 102492347.594
4 16 866852.256
4 17 74782326.920
4 18 11934028.534
4 19 70482800.448
4 20 201544258.202
4 21 169301276.851
4 22 29735743.506
5 0 176288296.278
5 1 110530486.545
5 2 31668182.219
5 3 20373992.602
5 4 42750244.802
5 6 46984773.985
5 7 246017343.896
5 8 28783783.863
5 9 235169581.038
5 10 253947594.585
5 11 80150798.900
5 12 285842722.573
5 13 130681233.072
5 14 2716595.021
5 15 266997807.991
5 16 2827208.553
5 17 43811663.738
5 18 28140364.681
5 19 123143781.129
5 20 357565344.008
5 21 95849801.230
5 22 13521864.956
6 0 172597242.215
6 1 92488972.001
6 2 42598292.618
6 3 21776884.935
6 4 36683534.070
6 5 29209924.697
6 7 229398223.392
6 8 27082620.603
6 9 207843598.332
6 10 218328891.818
6 11 44686608.799
6 12 318064342.594
6 13 284879255.098
6 14 1482132.921
6 15 298855427.121
6 16 3067908.536
6 17 114904412.339
6 18 20188820.487
6 19 79019065.345
6 20 264774153.984
6 21 172136555.333
6 22 49029029.392
7 0 1557709840.240
7 1 339187516.626
7 2 110156102.567
7 3 281339035.110
7 4 170900780.429
7 5 85049694.361
7 6 169908763.491
7 8 291645750.859
7 9 1860823063.990
7 10 910495926.122
7 11 653689392.783
7 12 2431087870.137
7 13 567340572.211
7 14 13542872.120
7 15 1666845615.386
7 16 18207858.747
7 17 502497708.640
7 18 119858886.363
7 19 541193257.000
7 20 962414218.527
7 21 1109795891.816
7 22 103929976.629
8 0 281028528.829
8 1 80991670.631
8 2 31608151.871
8 3 39806639.009
8 4 32346768.899
8 5 36283518.034
8 6 22523966.671
8 7 132336520.786
8 9 83856310.879
8 10 134006620.632
8 11 54055980.251
8 12 403982913.144
8 13 209096099.983
8 14 2455284.526
8 15 137221502.475
8 16 1785817.523
8 17 141958866.364
8 18 11668776.445
8 19 134244924.098
8 20 186290185.298
8 21 211874006.815
8 22 40838046.031
9 0 1576471849.668
9 1 953207695.641
9 2 286475143.203
9 3 216678944.641
9 4 200307147.789
9 5 301531794.683
9 6 126798305.657
9 7 1252909518.320
9 8 147904224.891
9 10 1560245556.699
9 11 593689622.321
9 12 1915474231.801
9 13 1856101971.724
9 14 7831544.755
9 15 2031096889.234
9 16 18938744.875
9 17 327248129.872
9 18 55285172.016
9 19 410938779.334
9 20 1372828089.815
9 21 696898037.347
9 22 117650912.072
10 0 534222842.036
10 1 466390313.515
10 2 111838729.627
10 3 316689938.593
10 4 104924496.627
10 5 249721474.234
10 6 218344360.801
10 7 1882355661.509
10 8 314294654.443
10 9 1330321550.850
10 11 781879536.877
10 12 2135416359.858
10 13 2540245500.401
10 14 10837660.761
10 15 1512593695.585
10 16 8604913.881
10 17 971058645.255
10 18 126218200.110
10 19 441940839.547
10 20 2258463456.084
10 21 812336733.182
10 22 131851472.242
11 0 615521362.041
11 1 483076628.696
11 2 48986903.968
11 3 58692990.625
11 4 86226533.525
11 5 60817016.386
11 6 87133494.706
11 7 665183761.110
11 8 78606264.933
11 9 648239099.749
11 10 692356972.474
11 12 555697616.905
11 13 382509747.914
11 14 5281056.493
11 15 284311823.762
11 16 5859352.116
11 17 327005750.779
11 18 44418574.851
11 19 319397362.205
11 20 774671952.235
11 21 237279701.803
11 22 95086939.087
12 0 1256778207.462
12 1 1050047609.173
12 2 222418717.415
12 3 300581797.981
12 4 310822253.191
12 5 106407882.417
12 6 284240357.077
12 7 1239076921.201
12 8 334240544.306
12 9 1741653867.471
12 10 1409226298.447
12 11 476504134.856
12 13 2025470662.659
12 14 15428560.617
12 15 1481835534.020
12 16 15253960.726
12 17 1146372370.441
12 18 200120806.644
12 19 553617758.034
12 20 1996126322.140
12 21 1700950268.487
12 22 153210000.912
13 0 1375479737.075
13 1 461568066.257
13 2 122682887.980
13 3 267614385.135
13 4 126433933.207
13 5 242294826.574
13 6 266425228.626
13 7 1796169744.460
13 8 109667731.724
13 9 1035868587.910
13 10 1107417013.226
13 11 258074869.908
13 12 2289661465.284
13 14 20871288.142
13 15 970037224.842
13 16 7425094.765
13 17 289915216.900
13 18 183538446.610
13 19 996948746.896
13 20 1833730115.784
13 21 741830944.953
13 22 122988000.211
14 0 13860487.323
14 1 9712210.964
14 2 2697638.636
14 3 2604519.685
14 4 2459183.186
14 5 1060896.771
14 6 1291702.601
14 7 6054078.921
14 8 1574170.052
14 9 5879843.733
14 10 15573571.290
14 11 5398801.781
14 12 21910992.690
14 13 22215568.349
14 15 9151427.703
14 16 105824.076
14 17 5336775.336
14 18 1758155.016
14 19 6941468.825
14 20 20338140.510
14 21 7746554.626
14 22 1418527.288
15 0 1943445058.827
15 1 1021059325.001
15 2 210878914.570
15 3 268447235.791
15 4 229201838.345
15 5 306203161.203
15 6 283820383.534
15 7 1611209565.763
15 8 174655190.452
15 9 1986115015.980
15 10 1499060930.103
15 11 802082505.627
15 12 1248060289.698
15 13 1886920214.870
15 14 6192305.303
15 16 14094800.203
15 17 403626196.757
15 18 172988795.144
15 19 546635941.741
15 20 2452732750.847
15 21 1282562683.139
15 22 315594560.139
16 0 13198739.806
16 1 4861883.540
16 2 2161548.628
16 3 2914472.491
16 4 1441109.549
16 5 781998.706
16 6 1258552.949
16 7 13867075.770
16 8 1831300.660
16 9 12572103.017
16 10 14205098.210
16 11 2489533.319
16 12 12869583.603
16 13 9708797.654
16 14 105572.689
16 15 8489251.192
16 17 5112563.799
16 18 745419.299
16 19 9182090.315
16 20 14901467.324
16 21 7575853.573
16 22 1043955.842
17 0 720850246.011
17 1 448965396.459
17 2 50568682.241
17 3 115488926.161
17 4 109552131.392
17 5 87866900.057
17 6 62504627.274
17 7 782116583.332
17 8 85242612.445
17 9 596125866.107
17 10 939210797.969
17 11 320053834.051
17 12 644254041.385
17 13 514756416.085
17 14 7381946.428
17 15 284197216.681
17 16 2722281.860
17 18 74932610.265
17 19 228812072.899
17 20 1019166139.670
17 21 386968586.167
17 22 56138489.295
18 0 185697733.109
18 1 99778360.493
18 2 31929033.688
18 3 15102723.186
18 4 8654179.108
18 5 16711957.675
18 6 29184317.638
18 7 166331084.282
18 8 21491995.238
18 9 158672495.619
18 10 169936767.368
18 11 50551564.197
18 12 233687734.808
18 13 105155567.277
18 14 1490575.904
18 15 148595630.472
18 16 854129.597
18 17 75629952.440
18 19 89465798.350
18 20 67181851.478
18 21 50013236.631
18 22 17157814.301
19 0 407597480.569
19 1 486366338.037
19 2 139801257.156
19 3 124966365.688
19 4 84694177.539
19 5 131503416.690
19 6 131157442.645
19 7 491121950.429
19 8 106430483.802
19 9 678317294.070
19 10 960705616.405
19 11 120434133.092
19 12 726630769.862
19 13 329816665.412
19 14 3433755.285
19 15 507871098.087
19 16 3592717.946
19 17 192902945.499
19 18 30004005.343
19 20 719392114.749
19 21 595559512.698
19 22 87427803.910
20 0 1959309051.955
20 1 1432357948.918
20 2 293965776.766
20 3 125000569.340
20 4 246399665.979
20 5 298349737.589
20 6 98487092.937
20 7 1318863247.772
20 8 224746775.702
20 9 653091831.783
20 10 2275664219.509
20 11 288478625.502
20 12 1643929212.890
20 13 1938016791.669
20 14 10024945.239
20 15 2126154646.044
20 16 18491732.967
20 17 1041792816.212
20 18 179009874.090
20 19 599967916.369
20 21 1293921574.767
20 22 132842162.899
21 0 933415294.470
21 1 943163954.641
21 2 174355345.137
21 3 82513501.319
21 4 177522839.927
21 5 163819931.839
21 6 164478389.036
21 7 834762455.997
21 8 212763023.372
21 9 757190341.505
21 10 1120387929.468
21 11 432901699.486
21 12 1135415448.107
21 13 1059985826.836
21 14 8941450.166
21 15 671585249.630
21 16 5908625.099
21 17 373190903.594
21 18 99905874.551
21 19 616057376.338
21 20 939694850.793
21 22 198779810.404
22 0 84653734.898
22 1 64902731.139
22 2 25611014.378
22 3 24965965.396
22 4 47042767.916
22 5 41331311.584
22 6 18066885.905
22 7 198403772.450
22 8 18503122.859
22 9 199609137.566
22 10 332654087.334
22 11 37980759.786
22 12 321502036.930
22 13 200394884.151
22 14 2564183.175
22 15 133403770.116
22 16 934694.991
22 17 120431411.690
22 18 29128459.543
22 19 140309405.545
22 20 368276797.982
22 21 130119264.400
