506
0 1 1260980874.060
0 2 178246972.439
0 3 83135616.173
0 4 135795213.932
0 5 136175845.282
0 6 273091185.490
0 7 1419248156.781
0 8 111014978.933
0 9 553388770.160
0 10 1343579262.796
0 11 260608933.041
0 12 889217796.191
0 13 777381437.877
0 14 7999432.739
0 15 995219662.737
0 16 17882674.198
0 17 275266601.179
0 18 66856269.136
0 19 758988199.045
0 20 1261703505.480
0 21 1061003281.407
0 22 185002708.332
1 0 1107144469.398
1 2 145559780.754
1 3 158238058.962
1 4 192407391.752
1 5 219477625.377
1 6 139046014.083
1 7 591268523.081
1 8 88953089.398
1 9 887499619.185
1 10 1443148940.143
1 11 544965390.316
1 12 1834637384.240
1 13 1043008237.853
1 14 3676357.243
1 15 1058460844.673
1 16 4977538.849
1 17 380288521.810
1 18 132582270.016
1 19 426110069.690
1 20 1383810391.035
1 21 729558799.366
1 22 161058931.445
2 0 180103091.029
2 1 92641412.370
2 3 44001437.014
2 4 27456495.916
2 5 19394664.355
2 6 36071167.987
2 7 120539082.140
2 8 23232974.536
2 9 220427509.738
2 10 164376073.227
2 11 122423097.867
2 12 277835097.547
2 13 116051793.640
2 14 2002262.535
2 15 342976473.580
2 16 1186984.614
2 17 97455451.760
2 18 15226006.239
2 19 149582035.098
2 20 301974226.500
2 21 98743827.787
2 22 42323422.976
3 0 83779222.479
3 1 219193041.438
3 2 50197694.386
3 4 35783203.876
3 5 21713424.245
3 6 26359630.853
3 7 252506793.332
3 8 42736067.277
3 9 283840357.206
3 10 183213999.753
3 11 97469170.161
3 12 192955122.475
3 13 277165726.115
3 14 1810837.786
3 15 181828625.085
3 16 1186020.934
3 17 101333349.048
3 18 18154394.542
3 19 97623483.918
3 20 228671211.753
3 21 124740437.276
3 22 12891057.013
4 0 218757004.915
4 1 199058118.989
4 2 16327301.876
4 3 19713385.120
4 5 40971344.413
4 6 47818616.400
4 7 171028589.194
4 8 43569006.622
4 9 199879378.452
4 10 240796234.407
4 11 64756516.349
4 12 217874669.968
4 13 163141713.148
4 14 2153348.565
4 15 202353557.513
4 16 2998366.442
4 17 59427349.944
4 18 20363142.914
4 19 129942480.968
4 20 317944381.073
4 21 63200814.623
4 22 27694486.603
5 0 289850273.042
5 1 57360359.238
5 2 21137829.177
5 3 17347350.286
5 4 39846923.191
5 6 38542701.453
5 7 134398883.395
5 8 48687942.767
5 9 143429085.615
5 10 272503308.314
5 11 57448022.728
5 12 350314251.317
5 13 170443107.558
5 14 950186.084
5 15 240131660.841
5 16 1150394.046
5 17 106356955.833
5 18 9841522.386
5 19 83604389.208
5 20 324327227.378
5 21 169550201.063
5 22 23938603.888
6 0 273484507.263
6 1 182683978.957
6 2 24020514.421
6 3 19895262.970
6 4 28244301.811
6 5 34275213.930
6 7 160967460.551
6 8 48837690.997
6 9 98520269.644
6 10 225454885.486
6 11 117786781.982
6 12 407322863.805
6 13 366885474.974
6 14 2208339.023
6 15 116712410.813
6 16 2798498.639
6 17 55409189.031
6 18 24314731.840
6 19 105342116.072
6 20 235539985.477
6 21 207306788.749
6 22 25787279.977
7 0 1057686459.754
7 1 1109508592.416
7 2 91216105.355
7 3 171351595.948
7 4 89797219.413
7 5 162219631.735
7 6 102683432.812
7 8 244757330.616
7 9 724444372.535
7 10 1113256685.908
7 11 206849908.237
7 12 1590580879.191
7 13 1883658613.545
7 14 15941621.626
7 15 1138492975.091
7 16 8182544.784
7 17 633997584.885
7 18 49632137.297
7 19 582842150.036
7 20 2113335961.866
7 21 919432062.477
7 22 99551896.199
8 0 97018196.757
8 1 163936253.357
8 2 25626355.989
8 3 12736780.280
8 4 25231621.587
8 5 19155319.735
8 6 27032464.319
8 7 176160045.794
8 9 211402934.726
8 10 227928312.813
8 11 37590551.907
8 12 131466193.531
8 13 103599950.556
8 14 2044317.124
8 15 335513284.720
8 16 2115665.092
8 17 124823395.365
8 18 12026123.963
8 19 133347115.255
8 20 346485546.526
8 21 184050738.414
8 22 14539776.843
9 0 927327162.111
9 1 937706182.266
9 2 155027502.752
9 3 145188257.783
9 4 128047869.632
9 5 185201881.726
9 6 263079993.982
9 7 893157432.107
9 8 187774160.998
9 10 774889883.048
9 11 352103685.584
9 12 1620185583.238
9 13 1255591306.748
9 14 9206049.892
9 15 591733734.001
9 16 6861406.880
9 17 640480703.330
9 18 145566809.393
9 19 893834323.412
9 20 2395933414.730
9 21 739065903.979
9 22 151085130.717
10 0 1029178661.545
10 1 814460483.394
10 2 313985403.081
10 3 343354877.783
10 4 242162906.667
10 5 144005867.215
10 6 232017682.093
10 7 1730088764.990
10 8 322999439.428
10 9 1203707786.361
10 11 500150427.658
10 12 2574966171.181
10 13 1423918133.870
10 14 8661652.118
10 15 2322771228.300
10 16 12127439.863
10 17 971510194.538
10 18 66136470.373
10 19 606283831.952
10 20 2093629389.931
10 21 1113670775.085
10 22 199368219.197
11 0 241607467.367
11 1 476542840.406
11 2 85543611.725
11 3 49302517.097
11 4 89934582.193
11 5 62086259.834
11 6 53167936.362
11 7 645439945.283
11 8 100422673.979
11 9 374417778.719
11 10 727028824.224
11 12 268951263.435
11 13 420526777.096
11 14 6061301.397
11 15 502551477.398
11 16 4597017.333
11 17 276776181.161
11 18 29134174.372
11 19 176330063.679
11 20 899431198.226
11 21 337693483.923
11 22 108286821.622
12 0 1612046905.367
12 1 888472651.587
12 2 154745699.470
12 3 301792424.113
12 4 253020919.096
12 5 149323203.057
12 6 294878402.015
12 7 2263441998.996
12 8 312935794.322
12 9 1271347874.117
12 10 2304424843.721
12 11 677108659.701
12 13 2182726911.984
12 14 12783141.629
12 15 2719922857.602
12 16 18936800.374
12 17 1200333317.989
12 18 114625544.378
12 19 1162913614.670
12 20 2910627954.483
12 21 995722294.702
12 22 257194359.120
13 0 897749528.458
13 1 1103826657.373
13 2 299567148.694
13 3 160606072.314
13 4 262020866.754
13 5 156119936.373
13 6 140316248.458
13 7 1599841703.344
13 8 134503497.107
13 9 2242132724.809
13 10 2303261712.003
13 11 408108130.978
13 12 1685294105.647
13 14 6819299.157
13 15 1678355835.803
13 16 9621434.534
13 17 507469801.877
13 18 74555669.594
13 19 594015747.202
13 20 789222110.403
13 21 1330150253.394
13 22 274218322.611
14 0 7894895.894
14 1 11094512.972
14 2 1886977.678
14 3 1929978.906
14 4 1441596.816
14 5 1824965.418
14 6 1267502.511
14 7 6168655.331
14 8 2866398.886
14 9 9081651.140
14 10 13026379.052
14 11 5735060.590
14 12 20140988.729
14 13 8941214.652
14 15 18958069.514
14 16 140519.459
14 17 7388478.004
14 18 585911.394
14 19 2399033.449
14 20 21921305.664
14 21 13192127.536
14 22 2934729.905
15 0 1673358913.415
15 1 1193277570.884
15 2 301662985.436
15 3 327316578.369
15 4 102337854.665
15 5 239236757.474
15 6 335667860.043
15 7 1560120744.360
15 8 330292197.513
15 9 1364686901.421
15 10 2336282947.174
15 11 406758915.617
15 12 756887211.675
15 13 2385887881.505
15 14 12968694.882
15 16 11538225.141
15 17 857848439.403
15 18 144249749.615
15 19 258790874.807
15 20 2031944538.750
15 21 597945938.382
15 22 160492909.715
16 0 7195426.650
16 1 3844419.438
16 2 2442038.515
16 3 2864959.621
16 4 2471495.971
16 5 2577903.154
16 6 2230981.220
16 7 7903330.834
16 8 1365027.516
16 9 6160828.826
16 10 11231425.750
16 11 3960040.288
16 12 22760405.667
16 13 13948128.358
16 14 151922.862
16 15 8211007.965
16 17 7174768.153
16 18 1859389.186
16 19 5562935.735
16 20 9765563.537
16 21 9272387.523
16 22 2531402.903
17 0 693575014.231
17 1 479637645.658
17 2 134683053.655
17 3 94792946.095
17 4 51437781.905
17 5 59700839.199
17 6 137711047.625
17 7 296651709.882
17 8 89839935.491
17 9 544400363.730
17 10 392408469.577
17 11 181626887.117
17 12 640656830.179
17 13 825389707.044
17 14 8871720.626
17 15 523289579.818
17 16 2895433.348
17 18 57349596.683
17 19 327070578.268
17 20 686499231.067
17 21 387577207.715
17 22 66151366.159
18 0 157376711.145
18 1 108142734.142
18 2 19326821.257
18 3 13211210.536
18 4 17531548.976
18 5 13670142.303
18 6 16240394.237
18 7 121733748.897
18 8 30326354.134
18 9 51525830.844
18 10 206305989.386
18 11 66712992.552
18 12 70342425.693
18 13 90344706.226
18 14 1527595.020
18 15 78563558.795
18 16 942784.359
18 17 86080873.982
18 19 45824760.343
18 20 131689682.810
18 21 37408429.979
18 22 8689832.039
19 0 570578911.429
19 1 353315047.291
19 2 144450541.672
19 3 48516634.808
19 4 114012636.994
19 5 135173750.655
19 6 115086012.917
19 7 608203052.754
19 8 98609626.737
19 9 381438140.212
19 10 869954087.561
19 11 277229406.682
19 12 418329538.989
19 13 1024214816.535
19 14 3097785.015
19 15 573971897.560
19 16 4897899.619
19 17 336943804.875
19 18 80498053.385
19 20 755374447.551
19 21 652385745.575
19 22 72270768.461
20 0 1057514448.139
20 1 947897388.474
20 2 284688151.179
20 3 182894462.283
20 4 94720002.549
20 5 206050304.649
20 6 119666676.593
20 7 2149068606.365
20 8 241603454.771
20 9 1928808805.410
20 10 955799797.836
20 11 758232309.846
20 12 1820156557.267
20 13 881948704.373
20 14 15219576.723
20 15 2369073328.860
20 16 15159728.983
20 17 1062051556.986
20 18 58810997.591
20 19 1074293893.782
20 21 944439889.082
20 22 342654327.494
21 0 1217118718.936
21 1 626690279.535
21 2 61684298.750
21 3 59076267.647
21 4 94427834.386
21 5 213596032.822
21 6 138319564.332
21 7 1156608357.989
21 8 147464310.489
21 9 1354253237.777
21 10 1076616405.465
21 11 460091394.039
21 12 1811714961.878
21 13 718601357.997
21 14 7471003.526
21 15 1194690512.534
21 16 10311359.407
21 17 235026927.038
21 18 103378415.955
21 19 534678237.222
21 20 802384294.976
21 22 80502047.569
22 0 284131648.620
22 1 76404034.650
22 2 34710941.581
22 3 35932949.993
22 4 39521651.084
22 5 46553946.854
22 6 40867407.365
22 7 224826628.747
22 8 18692683.266
22 9 189304546.696
22 10 225844246.413
22 11 83868270.045
22 12 253771548.658
22 13 113562254.123
22 14 869039.447
22 15 308436614.162
22 16 1932179.601
22 17 106619669.414
22 18 9088488.072
22 19 73298301.814
22 20 257789449.764
22 21 176304404.623
