506
0 1 664040790.148
0 2 266309090.115
0 3 114651691.502
0 4 73909162.165
0 5 264271001.611
0 6 128052755.981
0 7 1409302959.077
0 8 272275435.632
0 9 1736426566.424
0 10 1106003367.121
0 11 437273522.091
0 12 2116123581.586
0 13 1595446959.262
0 14 6455407.887
0 15 780828719.737
0 16 12128840.663
0 17 789396171.634
0 18 84558775.144
0 19 857698509.195
0 20 801723340.390
0 21 494144002.086
0 22 148006369.767
1 0 555012861.305
1 2 182658468.389
1 3 119438062.801
1 4 131397234.063
1 5 56145373.216
1 6 58795789.396
1 7 1006857934.042
1 8 131066815.409
1 9 891679040.956
1 10 474998819.168
1 11 305437094.113
1 12 1142373299.272
1 13 1013135636.913
1 14 9115715.583
1 15 1056007784.394
1 16 12673687.149
1 17 636072378.847
1 18 87754281.236
1 19 556280476.358
1 20 1230064858.243
1 21 851930527.320
1 22 77173609.362
2 0 295122934.029
2 1 175943842.580
2 3 40496599.836
2 4 38706729.057
2 5 28058212.308
2 6 27450528.596
2 7 106599706.413
2 8 17743720.707
2 9 299959094.099
2 10 143597153.756
2 11 110206245.445
2 12 409339834.661
2 13 262791899.955
2 14 2409803.930
2 15 335167236.342
2 16 2976349.570
2 17 143411270.725
2 18 11203491.699
2 19 57839429.161
2 20 300579178.100
2 21 76829641.748
2 22 39016710.016
3 0 134103747.562
3 1 188435290.614
3 2 16134844.274
3 4 34655296.133
3 5 13156109.262
3 6 28667072.179
3 7 216648968.626
3 8 37463943.126
3 9 317839267.500
3 10 208362856.638
3 11 109399030.707
3 12 132942457.177
3 13 188377748.217
3 14 2981320.173
3 15 240496856.374
3 16 1242428.145
3 17 97795230.392
3 18 27672820.795
3 19 76894516.123
3 20 169285977.952
3 21 118175100.684
3 22 33411157.236
4 0 131756872.390
4 1 217964782.475
4 2 50344365.889
4 3 37438514.446
4 5 13038422.861
4 6 29495774.496
4 7 180378655.635
4 8 24521495.471
4 9 229499084.759
4 10 225960379.084
4 11 102043905.945
4 12 279258259.080
4 13 324577516.201
4 14 1636705.675
4 15 203556738.103
4 16 2623514.297
4 17 41830120.845
4 18 30549907.241
4 19 120554718.111
4 20 288828839.337
4 21 105998594.453
4 22 15273769.838
5 0 127595509.221
5 1 188619903.043
5 2 27847143.719
5 3 45229498.717
5 4 43865298.061
5 6 25291683.667
5 7 207921554.476
5 8 15585628.228
5 9 118925081.362
5 10 96599133.433
5 11 57019369.321
5 12 196169082.102
5 13 129662560.883
5 14 2437340.246
5 15 292940778.775
5 16 916106.359
5 17 63097586.009
5 18 22473163.751
5 19 123821051.580
5 20 106501520.451
5 21 93170090.879
5 22 24075318.618
6 0 158457111.196
6 1 109555194.981
6 2 22002328.634
6 3 28681972.541
6 4 47420856.885
6 5 40835619.540
6 7 272871576.723
6 8 28125511.975
6 9 97527206.665
6 10 218202973.879
6 11 62784648.775
6 12 243268341.017
6 13 126476927.899
6 14 925911.904
6 15 227555537.035
6 16 2136340.543
6 17 94245550.172
6 18 22336387.120
6 19 86399904.753
6 20 171042941.161
6 21 109180180.359
6 22 25373824.444
7 0 638139265.031
7 1 1250618442.724
7 2 260574199.502
7 3 173063357.114
7 4 216504762.950
7 5 281188926.010
7 6 141783507.335
7 8 109586072.314
7 9 1273702234.990
7 10 1276591305.246
7 11 280752137.232
7 12 1059305936.981
7 13 1896921636.499
7 14 9107535.257
7 15 1626016389.223
7 16 13579975.533
7 17 633331610.823
7 18 106949467.332
7 19 269510789.018
7 20 1351221219.481
7 21 1288389396.534
7 22 83828694.582
8 0 238965898.037
8 1 71888395.705
8 2 46433788.355
8 3 47897517.774
8 4 23050071.741
8 5 19145356.469
8 6 13671690.188
8 7 155895209.375
8 9 192584160.023
8 10 252170017.072
8 11 111919099.408
8 12 197756360.076
8 13 253998436.242
8 14 2872993.288
8 15 318860262.335
8 16 1097058.867
8 17 65524951.422
8 18 14619952.660
8 19 146081033.678
8 20 338819980.269
8 21 178626647.462
8 22 15530863.433
9 0 1632051171.022
9 1 1259517678.135
9 2 306697623.500
9 3 253451086.716
9 4 92474973.502
9 5 234079394.773
9 6 276488859.961
9 7 537898190.856
9 8 89151966.845
9 10 2270346130.547
9 11 755641629.828
9 12 1258792608.574
9 13 1500581353.525
9 14 12007628.990
9 15 818289705.031
9 16 9066803.042
9 17 808129548.128
9 18 72000052.905
9 19 898312617.616
9 20 612451723.804
9 21 1093443774.425
9 22 181073906.489
10 0 1196559731.613
10 1 797253613.624
10 2 184402760.019
10 3 153534429.491
10 4 104349468.383
10 5 293238280.477
10 6 323478236.246
10 7 975117344.888
10 8 126127606.766
10 9 1798710881.704
10 11 413527308.424
10 12 956759626.509
10 13 1364956174.927
10 14 15985884.759
10 15 2137716952.288
10 16 11351432.334
10 17 840583695.148
10 18 188906411.446
10 19 946000055.473
10 20 827085359.676
10 21 1004698804.432
10 22 177220861.257
11 0 713447713.980
11 1 246349501.265
11 2 109363644.868
11 3 78653749.161
11 4 49557554.239
11 5 52522722.002
11 6 40791509.572
11 7 481895690.144
11 8 38688462.278
11 9 666978532.410
11 10 754153997.095
11 12 529070238.998
11 13 527813759.510
11 14 2729743.789
11 15 494133150.431
11 16 2305919.710
11 17 311256346.455
11 18 52210873.079
11 19 359541665.481
11 20 580227761.731
11 21 494530657.802
11 22 82347093.225
12 0 1378148752.130
12 1 1852368899.717
12 2 407230026.002
12 3 400253648.605
12 4 235876744.654
12 5 349842096.740
12 6 351885706.719
12 7 1506792548.729
12 8 127366338.375
12 9 2190452825.301
12 10 1874959513.851
12 11 1024025792.986
12 13 1225414620.225
12 14 15298474.151
12 15 2925523832.216
12 16 17976571.365
12 17 874547860.330
12 18 134688856.035
12 19 717279334.893
12 20 3052976839.618
12 21 1721592050.990
12 22 262436989.200
13 0 1678082384.843
13 1 1310298686.021
13 2 183444224.180
13 3 339586662.048
13 4 113214103.438
13 5 203394396.515
13 6 350202338.835
13 7 1129833352.110
13 8 337684411.082
13 9 1694623817.367
13 10 1770669791.692
13 11 290116882.907
13 12 1017290282.340
13 14 14110464.969
13 15 737914425.263
13 16 18975027.140
13 17 595572194.895
13 18 161668160.696
13 19 753558468.683
13 20 895747624.722
13 21 823464538.019
13 22 201877287.828
14 0 15169820.736
14 1 11281705.363
14 2 1944861.543
14 3 1103012.579
14 4 803883.815
14 5 1058923.840
14 6 773780.340
14 7 16056918.849
14 8 1683046.712
14 9 18831650.360
14 10 15363880.566
14 11 4758177.156
14 12 10192872.717
14 13 8630910.291
14 15 7589503.419
14 16 95570.441
14 17 6861653.590
14 18 1913859.894
14 19 9134694.245
14 20 20478637.395
14 21 13636722.583
14 22 2772304.346
15 0 1560129029.009
15 1 696256898.716
15 2 204441819.941
15 3 321094668.688
15 4 324881056.037
15 5 183114812.988
15 6 293307647.472
15 7 534609136.680
15 8 181197621.465
15 9 2080331187.298
15 10 2063446637.152
15 11 678517801.853
15 12 1586872515.237
15 13 2257510422.992
15 14 12892615.232
15 16 10365631.555
15 17 927197646.270
15 18 128080308.618
15 19 915643631.300
15 20 1621017860.197
15 21 1093265136.756
15 22 196353960.597
16 0 16828503.523
16 1 6460553.183
16 2 1626783.148
16 3 1732070.271
16 4 2486025.152
16 5 2915670.950
16 6 2982592.207
16 7 16848324.971
16 8 829833.739
16 9 17227274.465
16 10 15126815.923
16 11 3391811.882
16 12 20597836.095
16 13 18719314.759
16 14 60247.823
16 15 19076289.868
16 17 6303402.686
16 18 1324857.623
16 19 5781926.603
16 20 17365083.879
16 21 8023639.780
16 22 1645791.142
17 0 755402551.467
17 1 650049640.776
17 2 107378393.188
17 3 38008239.744
17 4 115585181.840
17 5 76109471.173
17 6 122634994.982
17 7 485459966.035
17 8 83299422.622
17 9 556668324.627
17 10 371981958.032
17 11 242149122.009
17 12 719014715.955
17 13 1016979494.682
17 14 2658333.969
17 15 976520639.086
17 16 7122695.806
17 18 83463999.981
17 19 240889623.169
17 20 469176760.799
17 21 564838596.158
17 22 110123478.060
18 0 84682489.028
18 1 73004192.392
18 2 22369013.450
18 3 15023541.925
18 4 29850518.969
18 5 23262558.809
18 6 9332933.978
18 7 166182960.666
18 8 14339061.068
18 9 114164905.826
18 10 71900224.869
18 11 23315348.014
18 12 109442070.689
18 13 147187649.961
18 14 504228.716
18 15 162982895.981
18 16 1239011.411
18 17 39762961.048
18 19 91550042.160
18 20 178643388.070
18 21 42749985.718
18 22 8425970.687
19 0 638837328.480
19 1 324732020.949
19 2 58883776.207
19 3 40776646.668
19 4 77032260.517
19 5 71699392.767
19 6 65376161.605
19 7 465418091.777
19 8 144279010.561
19 9 633301985.270
19 10 367246364.594
19 11 94603664.518
19 12 559027882.929
19 13 543045669.642
19 14 5531542.720
19 15 689736193.918
19 16 8941740.141
19 17 296852060.215
19 18 69261624.647
19 20 478367887.722
19 21 295593905.670
19 22 42419179.598
20 0 860979008.422
20 1 872024760.063
20 2 109435808.539
20 3 353455811.547
20 4 366545775.894
20 5 356736793.738
20 6 320736214.247
20 7 952035517.967
20 8 174934900.465
20 9 1852650580.533
20 10 1675075441.681
20 11 661987032.985
20 12 2548375941.752
20 13 1702677227.781
20 14 7136767.026
20 15 1934168973.231
20 16 12880934.596
20 17 406592523.113
20 18 85095825.908
20 19 446249907.484
20 21 667359503.951
20 22 102054631.161
21 0 884406735.793
21 1 759365256.185
21 2 162480810.696
21 3 93686212.464
21 4 145190974.094
21 5 169053822.147
21 6 55478794.941
21 7 701932264.496
21 8 168439955.192
21 9 625908348.493
21 10 1146273833.582
21 11 409797816.251
21 12 715016002.039
21 13 1216837302.007
21 14 6760209.910
21 15 1474522698.587
21 16 13603630.962
21 17 324790479.825
21 18 115186737.573
21 19 170328266.354
21 20 1156276148.980
21 22 122555248.142
22 0 89047929.130
22 1 67897883.307
22 2 50678960.547
22 3 30216377.584
22 4 36282718.811
22 5 20029683.254
22 6 30712648.697
22 7 148125621.538
22 8 14941014.493
22 9 111461264.922
22 10 332071772.554
22 11 119506434.876
22 12 184383100.818
22 13 236031001.197
22 14 1754665.019
22 15 279072836.384
22 16 1013551.176
22 17 142000723.156
22 18 22748105.135
22 19 93487713.317
22 20 243604417.623
22 21 89735921.039
