506
0 1 632624741.478
0 2 245264840.004
0 3 108266692.074
0 4 283235953.296
0 5 204901498.531
0 6 280122078.626
0 7 460388905.423
0 8 263816016.876
0 9 1831134445.711
0 10 2049496777.465
0 11 605559062.920
0 12 1291230901.958
0 13 1851450328.806
0 14 6073234.344
0 15 1394654825.891
0 16 5081277.682
0 17 729588411.089
0 18 137204984.272
0 19 747819338.995
0 20 1592159750.464
0 21 609997951.320
0 22 127046132.722
1 0 808731439.815
1 2 226170826.999
1 3 169008670.311
1 4 58205895.902
1 5 162876582.735
1 6 198739740.859
1 7 407189289.519
1 8 134807005.372
1 9 968805548.611
1 10 1449556914.750
1 11 358252821.069
1 12 1484558921.785
1 13 1336399526.179
1 14 6993180.402
1 15 705775249.056
1 16 11156537.750
1 17 526318885.554
1 18 73288687.740
1 19 397984600.457
1 20 1431848326.556
1 21 589917727.094
1 22 84661693.466
2 0 124014292.986
2 1 91250392.346
2 3 19882870.627
2 4 20097955.905
2 5 28613928.198
2 6 19988450.335
2 7 148859041.186
2 8 22968708.186
2 9 90473787.462
2 10 216463146.692
2 11 101107851.401
2 12 190769195.550
2 13 114808296.330
2 14 2362231.471
2 15 100247776.759
2 16 3142358.155
2 17 51653995.749
2 18 20138996.844
2 19 45679385.308
2 20 114101024.012
2 21 152954697.329
2 22 46389944.443
3 0 253712229.948
3 1 122761422.815
3 2 21232183.750
3 4 30404077.367
3 5 33982464.244
3 6 31392386.073
3 7 235568499.935
3 8 15565730.960
3 9 301846331.449
3 10 233521363.556
3 11 96471121.871
3 12 332670176.435
3 13 347336005.828
3 14 2286520.137
3 15 132885923.326
3 16 1024225.458
3 17 75288870.733
3 18 14295070.073
3 19 145814860.075
3 20 327589439.867
3 21 101949518.093
3 22 40295096.606
4 0 274667897.793
4 1 96913943.891
4 2 23083737.526
4 3 38567107.760
4 5 32050431.211
4 6 25427804.456
4 7 77940730.128
4 8 16684476.707
4 9 95919529.456
4 10 333265984.976
4 11 93745505.064
4 12 182270944.965
4 13 197253168.308
4 14 3024331.856
4 15 160914900.354
4 16 2357142.483
4 17 116818682.946
4 18 12065030.424
4 19 122713219.846
4 20 225894114.714
4 21 153292098.999
4 22 22790080.220
5 0 143132281.013
5 1 192144669.825
5 2 26154972.890
5 3 21798668.674
5 4 37088671.893
5 6 44890409.668
5 7 208740800.468
5 8 12438513.205
5 9 220120028.984
5 10 211626382.286
5 11 50431398.234
5 12 264671916.908
5 13 109662722.308
5 14 2863384.923
5 15 341344201.880
5 16 2016187.220
5 17 68151528.692
5 18 25901431.830
5 19 58781522.410
5 20 196422172.561
5 21 63228863.598
5 22 15006901.884
6 0 99690848.032
6 1 90112950.672
6 2 30198069.855
6 3 33989455.205
6 4 43873881.395
6 5 27980015.304
6 7 137481363.395
6 8 47984343.854
6 9 274617047.253
6 10 204618864.437
6 11 51885959.945
6 12 157356722.473
6 13 154127912.840
6 14 2197864.830
6 15 104390171.469
6 16 2597626.882
6 17 75638357.168
6 18 16385925.929
6 19 112582250.015
6 20 98009307.596
6 21 174892484.255
6 22 15149703.063
7 0 1146332412.384
7 1 609615408.079
7 2 145325782.816
7 3 147034375.686
7 4 174009060.061
7 5 204208461.058
7 6 248581615.881
7 8 186385642.584
7 9 974437273.169
7 10 1315870066.018
7 11 590299856.835
7 12 1428069910.088
7 13 2182124309.510
7 14 6697272.858
7 15 1069364744.936
7 16 7132125.804
7 17 506963768.708
7 18 96025588.918
7 19 550246643.571
7 20 1769208619.207
7 21 1111601576.785
7 22 96242625.347
8 0 90647741.644
8 1 84933285.566
8 2 42972018.176
8 3 44454111.741
8 4 44235471.990
8 5 26909006.344
8 6 21932182.840
8 7 96919917.192
8 9 105836803.640
8 10 324311166.643
8 11 58621283.492
8 12 316888085.501
8 13 326367761.465
8 14 2811870.292
8 15 224376531.869
8 16 1885488.372
8 17 91682750.477
8 18 9819416.971
8 19 134671542.443
8 20 128919271.830
8 21 100639534.188
8 22 48897166.965
9 0 514620103.800
9 1 1028287445.866
9 2 95647320.351
9 3 103215356.933
9 4 82185374.764
9 5 211275850.933
9 6 248884815.381
9 7 1747464003.129
9 8 197621373.578
9 10 2171092600.085
9 11 420745416.010
9 12 1599269024.837
9 13 1628192892.198
9 14 11721966.495
9 15 2238637199.658
9 16 15848586.889
9 17 514009531.594
9 18 60113300.518
9 19 309534459.595
9 20 603952353.861
9 21 913740342.712
9 22 173591251.188
10 0 1542362328.797
10 1 1153167241.768
10 2 346234033.738
10 3 225986472.131
10 4 277442116.082
10 5 250191773.813
10 6 156992499.917
10 7 1608062457.768
10 8 313712148.144
10 9 1204751117.984
10 11 767480206.843
10 12 2239537788.820
10 13 2413376765.542
10 14 11755092.844
10 15 2260325676.761
10 16 11193667.989
10 17 522175740.120
10 18 72149806.231
10 19 719858714.474
10 20 2219906419.779
10 21 770514973.100
10 22 144471231.885
11 0 266474685.094
11 1 546720917.369
11 2 49184828.152
11 3 54630140.635
11 4 37278567.415
11 5 55137918.562
11 6 47903268.646
11 7 519798721.003
11 8 73580065.166
11 9 636524033.259
11 10 456843602.515
11 12 402523613.980
11 13 374916288.775
11 14 6733223.306
11 15 480761873.528
11 16 5317530.088
11 17 167083264.801
11 18 41059961.211
11 19 219480086.321
11 20 302992046.219
11 21 307931295.677
11 22 63264665.975
12 0 2006672675.368
12 1 1421670657.818
12 2 229063546.864
12 3 335613993.896
12 4 255068251.893
12 5 210072182.174
12 6 397950308.780
12 7 1974048455.522
12 8 125514826.891
12 9 2470529167.525
12 10 1817288129.211
12 11 818413209.022
12 13 3050222222.447
12 14 11171966.720
12 15 1210850334.781
12 16 18596566.305
12 17 915970451.886
12 18 129575523.021
12 19 785177626.334
12 20 2008789053.232
12 21 504339962.560
12 22 124519186.944
13 0 1977080721.242
13 1 1034125602.063
13 2 280249329.326
13 3 347146586.289
13 4 245060271.344
13 5 174093039.695
13 6 116940450.251
13 7 1502070891.097
13 8 132006026.474
13 9 2152941198.143
13 10 1011300225.049
13 11 790494847.762
13 12 2420751935.551
13 14 11389128.455
13 15 1211032506.845
13 16 9472553.654
13 17 342090339.891
13 18 176915329.571
13 19 329346185.115
13 20 2468060579.282
13 21 663728815.597
13 22 147094730.543
14 0 18300217.465
14 1 12525995.640
14 2 1717295.199
14 3 2069501.079
14 4 1512236.597
14 5 1580693.108
14 6 2291517.831
14 7 14294672.866
14 8 2506697.054
14 9 12180271.224
14 10 11901840.630
14 11 5883218.475
14 12 11984697.248
14 13 7829937.095
14 15 11986104.404
14 16 87171.932
14 17 6787952.996
14 18 974661.165
14 19 8718413.918
14 20 12149993.698
14 21 10288777.244
14 22 1697697.122
15 0 1011380044.070
15 1 559513426.738
15 2 108691405.612
15 3 311359879.627
15 4 327364507.431
15 5 268958134.227
15 6 174666364.028
15 7 2015477613.828
15 8 135008502.526
15 9 691303956.749
15 10 2437355614.012
15 11 626486389.651
15 12 2913480816.470
15 13 1904936895.034
15 14 6660948.771
15 16 17640020.222
15 17 602639167.386
15 18 214874291.772
15 19 458025603.491
15 20 1391159299.597
15 21 1046150510.409
15 22 232893899.198
16 0 12744106.039
16 1 12987916.909
16 2 1427908.164
16 3 783373.720
16 4 1072319.435
16 5 1164408.479
16 6 980801.172
16 7 7634626.648
16 8 1535708.782
16 9 8785622.512
16 10 12838912.041
16 11 2422436.615
16 12 24538422.324
16 13 21600252.615
16 14 125172.129
16 15 8835055.237
16 17 4850053.086
16 18 1016067.305
16 19 5610897.635
16 20 21753631.608
16 21 6386654.475
16 22 2817382.503
17 0 383333204.276
17 1 440474484.920
17 2 134588744.929
17 3 125278281.023
17 4 79864845.750
17 5 90143085.651
17 6 74246126.720
17 7 679514297.288
17 8 96050548.102
17 9 465252241.668
17 10 593339571.508
17 11 302667091.786
17 12 929454290.504
17 13 1001876049.607
17 14 7226877.733
17 15 969537447.511
17 16 4956488.998
17 18 69388859.066
17 19 281062782.000
17 20 896653730.129
17 21 245940249.401
17 22 84821341.645
18 0 49793891.696
18 1 91019501.899
18 2 9941241.359
18 3 28891785.621
18 4 13102482.745
18 5 14269867.849
18 6 17102916.372
18 7 181293874.613
18 8 8568410.494
18 9 76518394.830
18 10 155006116.869
18 11 58613975.624
18 12 175183973.071
18 13 110381785.314
18 14 790111.391
18 15 73401022.584
18 16 1722973.006
18 17 90668966.315
18 19 29738286.949
18 20 133645993.820
18 21 109491966.856
18 22 22666565.596
19 0 740601245.961
19 1 171841264.153
19 2 135835828.009
19 3 52826117.964
19 4 80943389.811
19 5 134794065.118
19 6 115633324.115
19 7 792378079.862
19 8 135700321.343
19 9 942673412.228
19 10 763489132.358
19 11 165182671.342
19 12 423189824.087
19 13 883253469.809
19 14 6645499.417
19 15 344986585.632
19 16 6123582.328
19 17 131056079.581
19 18 27472121.836
19 20 539709238.786
19 21 539607548.435
19 22 143969541.394
20 0 1976576889.862
20 1 548100140.674
20 2 345923264.173
20 3 182917135.893
20 4 264868707.502
20 5 277749727.395
20 6 267089879.443
20 7 1951783467.738
20 8 219364814.919
20 9 816565044.181
20 10 1291923621.830
20 11 698179959.118
20 12 2470621325.643
20 13 2473983684.862
20 14 20303452.210
20 15 2309761274.702
20 16 15589536.988
20 17 421565519.353
20 18 69692549.426
20 19 972235065.618
20 21 1142393614.522
20 22 288792217.652
21 0 702304738.553
21 1 888027335.483
21 2 180799490.279
21 3 142840364.524
21 4 116859996.372
21 5 75752532.742
21 6 159170968.671
21 7 614715681.020
21 8 71997351.227
21 9 1411705290.304
21 10 1404873002.403
21 11 251226054.515
21 12 1296547684.955
21 13 818676130.698
21 14 7452512.291
21 15 858317308.953
21 16 7705565.575
21 17 351285931.896
21 18 108889033.500
21 19 394588001.535
21 20 1458373580.850
21 22 77166865.737
22 0 258490302.378
22 1 93679785.707
22 2 45509337.255
22 3 40766277.680
22 4 14902815.751
22 5 36950733.954
22 6 29141964.280
22 7 119196366.077
22 8 45517855.304
22 9 163882247.353
22 10 281679844.067
22 11 43714112.803
22 12 279589969.516
22 13 172358314.625
22 14 2667419.044
22 15 268568953.976
22 16 1446536.201
22 17 145832691.336
22 18 16484511.739
22 19 50269040.261
22 20 103980856.838
22 21 200014824.493
