506
0 1 1068846694.664
0 2 87455941.945
0 3 257997304.808
0 4 197794976.507
0 5 203299603.963
0 6 93110331.243
0 7 1522180090.796
0 8 293927884.978
0 9 1046491390.808
0 10 1345390232.270
0 11 385506472.266
0 12 1498097511.962
0 13 836127365.156
0 14 11761467.469
0 15 1082208072.187
0 16 12474513.255
0 17 835027774.146
0 18 110373524.679
0 19 829879161.579
0 20 1663715973.692
0 21 839281239.479
0 22 103292480.907
1 0 952557194.692
1 2 94837804.094
1 3 127516230.605
1 4 186180662.506
1 5 123790193.340
1 6 61809182.061
1 7 344827404.115
1 8 57975855.675
1 9 1408931550.780
1 10 1222987182.796
1 11 458668215.937
1 12 1130671411.542
1 13 447085356.606
1 14 5146442.805
1 15 422285535.756
1 16 4897462.587
1 17 293240345.291
1 18 103686688.249
1 19 308042450.640
1 20 1219679266.464
1 21 628859681.222
1 22 61796532.662
2 0 170381208.268
2 1 160267157.349
2 3 22915033.215
2 4 42772570.300
2 5 17880309.876
2 6 50154603.352
2 7 211147166.408
2 8 14532617.768
2 9 276999956.556
2 10 116120315.047
2 11 37264733.676
2 12 418415849.822
2 13 314994423.917
2 14 2545980.071
2 15 234403255.439
2 16 881098.571
2 17 47364689.425
2 18 21446168.351
2 19 80968617.036
2 20 282587286.293
2 21 196697571.843
2 22 14657922.012
3 0 184993912.968
3 1 133994909.210
3 2 29309627.867
3 4 20648577.745
3 5 29307878.879
3 6 44151636.797
3 7 241687046.375
3 8 43652587.618
3 9 228777427.915
3 10 229472304.104
3 11 73424399.213
3 12 394478398.201
3 13 182527067.393
3 14 2415814.096
3 15 319968680.998
3 16 1054254.230
3 17 60202535.820
3 18 11452201.103
3 19 120083260.307
3 20 255532619.603
3 21 118155514.513
3 22 16986546.541
4 0 141389347.187
4 1 202005137.184
4 2 13633793.978
4 3 21918747.757
4 5 17220714.050
4 6 42004033.438
4 7 176369026.824
4 8 42434600.109
4 9 87983027.157
4 10 229174796.649
4 11 115415349.121
4 12 391394098.418
4 13 348810467.027
4 14 2933575.886
4 15 326152419.449
4 16 1617434.001
4 17 61558326.814
4 18 17958605.216
4 19 130560060.569
4 20 127370701.121
4 21 134102325.809
4 22 26127947.197
5 0 294783753.245
5 1 112857351.598
5 2 49090801.597
5 3 15861734.319
5 4 49162471.719
5 6 43308477.186
5 7 223402361.728
5 8 15548768.227
5 9 303956432.229
5 10 132695879.450
5 11 51430780.541
5 12 186849107.882
5 13 362201030.952
5 14 2120063.200
5 15 157310731.354
5 16 848050.499
5 17 94375937.830
5 18 21571864.466
5 19 140114825.562
5 20 115696215.939
5 21 186808299.107
5 22 16390509.387
6 0 85238457.324
6 1 153540122.609
6 2 16616360.678
6 3 48992859.059
6 4 31104837.173
6 5 40395627.905
6 7 248157220.834
6 8 16285864.561
6 9 169458213.115
6 10 244742975.567
6 11 87738545.897
6 12 396598408.497
6 13 334703058.697
6 14 2725803.586
6 15 160446613.425
6 16 2957842.652
6 17 51462272.738
6 18 24758726.370
6 19 126461873.380
6 20 255868479.962
6 21 197038329.725
6 22 23662840.188
7 0 1032411945.687
7 1 1062187866.191
7 2 96328149.678
7 3 128885707.113
7 4 256424064.406
7 5 223299223.200
7 6 279818957.011
7 8 241149885.711
7 9 1413824370.132
7 10 1086904068.606
7 11 705064851.693
7 12 1803659412.615
7 13 1502120195.662
7 14 17454440.135
7 15 904196016.254
7 16 14039783.830
7 17 660005605.629
7 18 66309180.071
7 19 874000894.176
7 20 1798331000.977
7 21 1231112102.016
7 22 110259393.033
8 0 221910786.250
8 1 126040234.142
8 2 17863978.544
8 3 30324122.013
8 4 20138199.138
8 5 12888638.459
8 6 48858611.102
8 7 93362228.284
8 9 281016757.134
8 10 132412205.843
8 11 51315087.832
8 12 370382846.464
8 13 243261456.611
8 14 848111.672
8 15 160706176.545
8 16 2469301.912
8 17 106481070.968
8 18 18538993.949
8 19 58045363.039
8 20 281155616.438
8 21 196904374.463
8 22 27153490.629
9 0 1825058200.213
9 1 883888726.366
9 2 110532126.458
9 3 147627751.887
9 4 152973778.562
9 5 173714006.506
9 6 156275263.627
9 7 1490893179.929
9 8 194626618.723
9 10 1567254694.861
9 11 632964379.219
9 12 1048028502.247
9 13 1268358421.176
9 14 8503589.715
9 15 1764453460.755
9 16 18419545.664
9 17 778452516.093
9 18 106585346.341
9 19 335943102.291
9 20 838104267.572
9 21 1067660319.470
9 22 283852834.861
10 0 1472995493.514
10 1 727028505.916
10 2 169663192.486
10 3 324119540.123
10 4 89564620.803
10 5 185246041.253
10 6 340976757.122
10 7 1349263694.594
10 8 293776263.786
10 9 1546959949.924
10 11 877026192.301
10 12 861247575.474
10 13 1168830509.598
10 14 11196858.440
10 15 661023662.038
10 16 10153864.750
10 17 307849115.500
10 18 185506163.735
10 19 959922997.561
10 20 2437765069.868
10 21 1244032475.061
10 22 292771887.614
11 0 202403420.099
11 1 472978828.575
11 2 41105250.128
11 3 118845453.744
11 4 93709891.490
11 5 74088749.633
11 6 41175325.242
11 7 333729701.751
11 8 57685347.511
11 9 267909611.354
11 10 664200008.556
11 12 981244918.228
11 13 539039781.480
11 14 4657028.300
11 15 398441119.055
11 16 4943347.621
11 17 99505035.141
11 18 24891522.088
11 19 366348959.066
11 20 725836869.104
11 21 373885304.235
11 22 76602967.271
12 0 1235850115.621
12 1 1147627247.330
12 2 234799147.182
12 3 211459441.914
12 4 320457961.704
12 5 300345072.662
12 6 250319643.960
12 7 1937432367.772
12 8 186059152.690
12 9 2184784874.477
12 10 1058568577.994
12 11 700415647.614
12 13 2979206262.163
12 14 17637623.207
12 15 2689229701.485
12 16 23368026.389
12 17 610455314.886
12 18 127778621.356
12 19 480475163.651
12 20 1326295900.599
12 21 581475610.572
12 22 189624716.808
13 0 768097122.688
13 1 666722578.073
13 2 169516182.967
13 3 189821705.715
13 4 253633093.874
13 5 120213385.538
13 6 232115432.316
13 7 763005054.482
13 8 119633256.607
13 9 1722925397.296
13 10 2047019547.430
13 11 720877312.196
13 12 1504803112.915
13 14 6002890.147
13 15 1756493860.127
13 16 11433724.106
13 17 852313289.938
13 18 182077334.156
13 19 888824918.339
13 20 2377341116.333
13 21 857963400.266
13 22 271165948.257
14 0 6234944.275
14 1 9871176.890
14 2 2949742.975
14 3 2893277.478
14 4 1634731.875
14 5 1491322.748
14 6 1237807.268
14 7 9536937.080
14 8 1778417.560
14 9 8677380.408
14 10 7884610.229
14 11 3078103.988
14 12 8012787.229
14 13 18663342.942
14 15 6417364.933
14 16 85255.119
14 17 4913617.481
14 18 1154754.476
14 19 3811890.811
14 20 7839128.027
14 21 4735122.328
14 22 2370421.018
15 0 1965389026.040
15 1 518764846.629
15 2 301815554.535
15 3 219595914.021
15 4 244583357.406
15 5 104981176.990
15 6 214422122.543
15 7 882003861.637
15 8 312209317.682
15 9 1172480342.620
15 10 1900381438.910
15 11 627756463.513
15 12 1863695999.633
15 13 1217525850.684
15 14 20580401.612
15 16 17284383.410
15 17 753453050.723
15 18 115755303.822
15 19 423736823.167
15 20 2528937250.106
15 21 939338554.948
15 22 209554618.001
16 0 5153228.905
16 1 7131662.728
16 2 1176991.531
16 3 2685721.024
16 4 1264201.153
16 5 774811.301
16 6 2047453.333
16 7 12150508.790
16 8 1495852.719
16 9 12690340.812
16 10 13165787.314
16 11 2484414.545
16 12 20282061.478
16 13 13584546.339
16 14 161628.232
16 15 15684868.835
16 17 7227226.486
16 18 1355566.219
16 19 8715791.329
16 20 12548335.980
16 21 8240640.485
16 22 1163641.997
17 0 311245597.130
17 1 201862028.517
17 2 127423806.876
17 3 47674787.939
17 4 118184918.847
17 5 129458922.154
17 6 101413168.167
17 7 706881536.481
17 8 89935234.347
17 9 898997840.210
17 10 665748030.567
17 11 110858155.030
17 12 843687405.843
17 13 1016711355.699
17 14 3806700.550
17 15 925823602.752
17 16 6595792.805
17 18 38212753.037
17 19 151426484.403
17 20 427500667.531
17 21 618151841.230
17 22 100289352.017
18 0 172347001.216
18 1 116653714.141
18 2 17067803.975
18 3 11287190.990
18 4 13874705.562
18 5 28955352.333
18 6 25252092.438
18 7 185920169.423
18 8 16423427.240
18 9 195860512.300
18 10 105138080.204
18 11 58556074.101
18 12 220463647.987
18 13 62359207.812
18 14 1421711.024
18 15 171734331.306
18 16 1183794.872
18 17 54937810.291
18 19 54369134.194
18 20 226907627.584
18 21 115766889.990
18 22 26622704.906
19 0 488512646.165
19 1 667989171.709
19 2 122312205.771
19 3 131163303.383
19 4 85726873.501
19 5 47450116.704
19 6 98742627.559
19 7 382464894.138
19 8 118294830.863
19 9 774144923.319
19 10 672647471.321
19 11 262710731.517
19 12 762404397.910
19 13 897515739.930
19 14 3411566.292
19 15 657939191.817
19 16 5300219.264
19 17 219489609.978
19 18 29612295.064
19 20 476481269.424
19 21 653412961.554
19 22 90013225.556
20 0 836800881.793
20 1 1186519845.989
20 2 225033865.392
20 3 145934201.264
20 4 160629968.377
20 5 316013480.660
20 6 207399439.130
20 7 749193818.678
20 8 100226247.582
20 9 1939804528.708
20 10 822068286.802
20 11 590829665.308
20 12 3050885629.216
20 13 1223499359.072
20 14 17308830.511
20 15 2087660473.191
20 16 20581291.722
20 17 779711705.923
20 18 202443856.210
20 19 596568020.846
20 21 1651928441.370
20 22 99109384.904
21 0 1122774985.504
21 1 331455408.873
21 2 142276386.962
21 3 147552132.114
21 4 185743373.963
21 5 124608625.232
21 6 101510310.658
21 7 635130291.110
21 8 121187383.059
21 9 448307965.014
21 10 564209617.818
21 11 287398937.017
21 12 1719813690.916
21 13 1581484886.948
21 14 10976045.004
21 15 1081091390.978
21 16 10508832.336
21 17 554268315.446
21 18 38290658.542
21 19 378765876.956
21 20 688521018.375
21 22 202072437.211
22 0 238500296.132
22 1 158496975.921
22 2 30480110.870
22 3 24209903.859
22 4 44730020.686
22 5 45603258.056
22 6 19298052.524
22 7 157391516.303
22 8 13560827.758
22 9 132977759.125
22 10 328022936.046
22 11 75436007.199
22 12 268555641.904
22 13 357172886.485
22 14 2864215.791
22 15 317438601.585
22 16 1793360.006
22 17 45312609.040
22 18 27860235.013
22 19 79519172.418
22 20 147831320.992
22 21 128541106.950
