506
0 1 1219665642.818
0 2 291493145.027
0 3 135984542.760
0 4 286489174.177
0 5 108696371.044
0 6 180584380.230
0 7 741302580.754
0 8 151902936.009
0 9 914066543.088
0 10 1588775413.094
0 11 715733430.823
0 12 2350671556.773
0 13 2078381894.098
0 14 9325423.887
0 15 1036107033.775
0 16 17080518.736
0 17 852758030.323
0 18 84104918.840
0 19 799297243.851
0 20 1399638367.834
0 21 689830431.411
0 22 269056825.134
1 0 473334581.278
1 2 85707201.003
1 3 140503605.161
1 4 166843807.174
1 5 115048302.373
1 6 158456749.768
1 7 1040706399.964
1 8 146134793.350
1 9 482226962.401
1 10 578035260.092
1 11 279977166.401
1 12 795553953.567
1 13 1021403687.402
1 14 3664721.088
1 15 723342499.954
1 16 12309407.025
1 17 427459283.860
1 18 109456513.096
1 19 608670730.939
1 20 1647543877.462
1 21 374864383.724
1 22 131401762.552
2 0 111688186.063
2 1 111033755.508
2 3 35285641.103
2 4 25127583.580
2 5 47840241.507
2 6 19648131.163
2 7 259228742.063
2 8 43646970.567
2 9 234430141.030
2 10 130619644.627
2 11 90151438.688
2 12 258276519.894
2 13 206211020.362
2 14 2756389.692
2 15 263190767.504
2 16 1949767.223
2 17 127063183.406
2 18 10734462.315
2 19 61312198.686
2 20 309313685.414
2 21 218387984.192
2 22 23657315.360
3 0 189589266.296
3 1 102956836.775
3 2 16926145.402
3 4 18280887.806
3 5 17661537.452
3 6 30838874.538
3 7 251387854.130
3 8 44627930.444
3 9 170829077.780
3 10 235049062.357
3 11 121683280.673
3 12 132073382.598
3 13 136555016.433
3 14 1353907.489
3 15 203595839.383
3 16 1293301.693
3 17 87495550.102
3 18 26115131.056
3 19 126436524.856
3 20 134893811.298
3 21 55500635.509
3 22 23018735.456
4 0 96212303.060
4 1 66845742.689
4 2 45831042.961
4 3 46297413.701
4 5 20860833.162
4 6 20249855.626
4 7 108157815.970
4 8 14337198.375
4 9 284761968.909
4 10 238404452.344
4 11 73590946.259
4 12 152747156.791
4 13 134468754.659
4 14 1271154.493
4 15 180706138.134
4 16 1405877.846
4 17 137015794.659
4 18 23675880.175
4 19 69428325.173
4 20 187674123.563
4 21 104239161.942
4 22 28458157.139
5 0 144905823.153
5 1 157262792.842
5 2 32918670.666
5 3 18641899.418
5 4 27177087.909
5 6 14324275.025
5 7 283785049.608
5 8 39835778.743
5 9 133037074.901
5 10 323685595.151
5 11 60038219.057
5 12 408553912.824
5 13 261157320.858
5 14 2201227.080
5 15 146635731.029
5 16 2279254.776
5 17 97669830.014
5 18 12784470.113
5 19 126330507.201
5 20 156368664.964
5 21 169331253.382
5 22 21888908.971
6 0 255182256.333
6 1 207337333.057
6 2 24793430.035
6 3 47265766.051
6 4 24080118.679
6 5 46099794.017
6 7 275746325.663
6 8 36972798.860
6 9 165054481.344
6 10 199332602.308
6 11 97147850.505
6 12 388031842.742
6 13 144392907.405
6 14 2398007.647
6 15 218147203.892
6 16 2528024.993
6 17 38432046.306
6 18 17128967.261
6 19 99568905.360
6 20 279003512.045
6 21 201757207.367
6 22 38341388.095
7 0 1233917928.076
7 1 843728663.971
7 2 297955008.652
7 3 273533843.842
7 4 182939102.383
7 5 253357685.375
7 6 166305726.464
7 8 209781929.836
7 9 917802279.931
7 10 1840220907.498
7 11 205959145.379
7 12 1271812863.267
7 13 924028305.626
7 14 12766912.911
7 15 850062058.516
7 16 8506313.314
7 17 423636380.163
7 18 73075354.065
7 19 343125345.026
7 20 1409287311.844
7 21 1175351764.811
7 22 227912150.207
8 0 95828763.521
8 1 191607642.440
8 2 19087052.395
8 3 34252927.407
8 4 42647371.424
8 5 46862985.525
8 6 21722078.728
8 7 279894743.552
8 9 85039891.462
8 10 170603967.132
8 11 112298738.104
8 12 318215042.105
8 13 224567058.209
8 14 2178231.362
8 15 311763626.251
8 16 2488426.837
8 17 106630423.451
8 18 25646573.957
8 19 86146780.832
8 20 200497330.350
8 21 120539464.446
8 22 42304119.078
9 0 707013527.634
9 1 392864404.782
9 2 258008919.838
9 3 205072170.919
9 4 259095712.796
9 5 209600003.530
9 6 317026924.079
9 7 1863969273.816
9 8 165924537.623
9 10 2046943491.385
9 11 256020604.797
9 12 1931692705.907
9 13 2145431150.306
9 14 7616021.303
9 15 1419471349.279
9 16 7741363.054
9 17 336612129.910
9 18 133136443.551
9 19 563234225.766
9 20 880133337.360
9 21 1356983870.983
9 22 304071921.218
10 0 984305564.741
10 1 1547416448.925
10 2 241291048.022
10 3 124181166.074
10 4 174141715.465
10 5 188380532.873
10 6 219622806.626
10 7 2002692544.375
10 8 299161165.394
10 9 1123077194.872
10 11 844594266.948
10 12 1472777496.161
10 13 923369483.334
10 14 21523578.587
10 15 2096847064.638
10 16 8377144.167
10 17 394200826.245
10 18 177073453.144
10 19 267463965.200
10 20 2502951399.745
10 21 1551896631.293
10 22 174050755.579
11 0 697742704.859
11 1 538006954.292
11 2 107514739.508
11 3 103123762.832
11 4 99248385.943
11 5 109786186.110
11 6 55460597.159
11 7 510090729.420
11 8 107880860.399
11 9 453568029.485
11 10 484519765.715
11 12 708926581.809
11 13 727967875.281
11 14 2368149.491
11 15 743625133.612
11 16 3164237.974
11 17 226822246.469
11 18 40537418.374
11 19 310395149.911
11 20 695737180.747
11 21 373976185.597
11 22 62567624.498
12 0 1102961510.741
12 1 1372732603.042
12 2 152467986.468
12 3 407385228.025
12 4 406820744.139
12 5 398452290.176
12 6 333293449.411
12 7 997076102.714
12 8 317833004.393
12 9 1001316492.501
12 10 2624572619.298
12 11 470077669.252
12 13 2054218881.717
12 14 9207907.436
12 15 1458362041.160
12 16 12996004.847
12 17 791610998.778
12 18 79964124.252
12 19 715205585.386
12 20 2949952822.431
12 21 782586252.766
12 22 176204497.931
13 0 1030195693.258
13 1 518717615.157
13 2 142277124.097
13 3 226674797.959
13 4 233246453.658
13 5 184893365.286
13 6 235120816.151
13 7 1318538268.289
13 8 96348891.002
13 9 641651116.835
13 10 2124521831.138
13 11 456085332.767
13 12 1954253050.657
13 14 11288875.060
13 15 2315172740.905
13 16 17121934.675
13 17 1034049524.328
13 18 174288960.007
13 19 301512918.347
13 20 2112011964.258
13 21 1181907100.659
13 22 289250996.777
14 0 8829214.471
14 1 12642173.317
14 2 2138851.737
14 3 1806093.694
14 4 2997488.764
14 5 1475610.216
14 6 1639749.466
14 7 12845414.687
14 8 1607918.515
14 9 14581155.848
14 10 18103733.771
14 11 3307515.365
14 12 17235455.115
14 13 12507944.290
14 15 8241389.415
14 16 144259.084
14 17 4309246.053
14 18 1203693.881
14 19 4497227.205
14 20 17509022.203
14 21 11626599.516
14 22 1187658.758
15 0 1697492035.679
15 1 989304945.392
15 2 173905279.050
15 3 238844964.085
15 4 199522367.078
15 5 285022291.629
15 6 106869300.411
15 7 1615394225.125
15 8 232430356.710
15 9 741304722.763
15 10 1092390867.697
15 11 846653848.884
15 12 1873634648.042
15 13 1419533170.386
15 14 16452307.348
15 16 8193274.209
15 17 282918461.346
15 18 172246811.325
15 19 524549949.849
15 20 2260846756.293
15 21 513329237.688
15 22 211677272.813
16 0 10247846.240
16 1 13188405.938
16 2 1834081.977
16 3 1199931.036
16 4 1877670.085
16 5 2027899.997
16 6 1986811.965
16 7 11433351.985
16 8 1965380.145
16 9 18269816.036
16 10 17611466.509
16 11 2023721.009
16 12 14476872.969
16 13 16511583.417
16 14 140186.198
16 15 7262001.978
16 17 8048056.971
16 18 618889.111
16 19 6807527.673
16 20 15751486.748
16 21 4639074.348
16 22 2338815.094
17 0 473077148.664
17 1 606707203.817
17 2 115688315.058
17 3 54257705.438
17 4 90742089.390
17 5 82034791.263
17 6 97003800.556
17 7 659529740.602
17 8 39434567.154
17 9 499973612.122
17 10 930848985.834
17 11 115809699.006
17 12 1063548799.066
17 13 408115622.106
17 14 7956568.339
17 15 264207393.686
17 16 8401128.076
17 18 71677376.653
17 19 321955084.294
17 20 322078762.304
17 21 388094167.955
17 22 110399752.581
18 0 82574676.691
18 1 141216989.234
18 2 16164165.478
18 3 19027840.537
18 4 30931390.958
18 5 28770846.528
18 6 11036807.520
18 7 84043995.725
18 8 20771659.367
18 9 175785482.819
18 10 109917475.062
18 11 68644789.817
18 12 175137833.209
18 13 161085362.853
18 14 1401079.492
18 15 56336753.248
18 16 1650458.177
18 17 70364561.337
18 19 73218900.533
18 20 154454629.542
18 21 118954207.182
18 22 12259684.002
19 0 832133584.112
19 1 623096621.974
19 2 119077471.266
19 3 96921405.298
19 4 80271518.110
19 5 143717323.690
19 6 44949169.669
19 7 509833180.115
19 8 147252586.904
19 9 409548518.698
19 10 650310647.911
19 11 291969349.388
19 12 670299009.415
19 13 668469479.886
19 14 2357913.390
19 15 633738242.406
19 16 7747853.729
19 17 133557767.622
19 18 78104244.911
19 20 948057158.814
19 21 623275582.999
19 22 48264228.083
20 0 681391181.566
20 1 1292220029.501
20 2 368367472.465
20 3 333719480.000
20 4 150756093.339
20 5 360485351.971
20 6 240178100.063
20 7 1746979865.227
20 8 286891169.325
20 9 756173277.507
20 10 698806384.751
20 11 716722418.719
20 12 3142650044.169
20 13 2472719379.997
20 14 12531102.561
20 15 1445098343.781
20 16 9457292.934
20 17 821968645.096
20 18 102425069.741
20 19 605688750.229
20 21 963010736.446
20 22 270509229.436
21 0 649405683.393
21 1 596295752.761
21 2 205937456.609
21 3 169814817.003
21 4 98044848.385
21 5 63798610.825
21 6 204965666.983
21 7 833957084.235
21 8 72911332.152
21 9 503622201.155
21 10 1003027339.858
21 11 305395241.454
21 12 1261035856.465
21 13 1427344242.934
21 14 7914635.749
21 15 1033441215.375
21 16 11208682.404
21 17 457230151.726
21 18 113131469.234
21 19 475376377.641
21 20 688088860.152
21 22 142765349.453
22 0 74859446.715
22 1 144054792.827
22 2 38752872.471
22 3 37319974.360
22 4 27753299.732
22 5 27277848.706
22 6 12662647.950
22 7 255295446.100
22 8 19396329.396
22 9 98313217.903
22 10 108027187.344
22 11 78342817.193
22 12 195829047.106
22 13 115245642.836
22 14 1369968.711
22 15 88315324.551
22 16 1456192.034
22 17 140338234.307
22 18 30828309.274
22 19 126009548.781
22 20 148365103.475
22 21 55468791.349
