506
0 1 1194595905.063
0 2 97069939.926
0 3 274414525.035
0 4 110342469.755
0 5 199777285.685
0 6 281128244.186
0 7 1352300489.158
0 8 135235086.221
0 9 1363009232.688
0 10 1702613819.342
0 11 666043038.858
0 12 1371264218.967
0 13 705423698.942
0 14 5956752.907
0 15 1304256602.358
0 16 7189381.646
0 17 866067712.896
0 18 127265147.127
0 19 808017568.921
0 20 932219128.752
0 21 915834984.274
0 22 224866817.455
1 0 692530327.869
1 2 218310203.479
1 3 138009185.781
1 4 155628154.953
1 5 204294441.099
1 6 122663654.507
1 7 396120473.483
1 8 93502618.319
1 9 880124716.577
1 10 578149064.109
1 11 411871846.955
1 12 775015004.217
1 13 1193094393.765
1 14 3989357.145
1 15 982695891.863
1 16 10488772.906
1 17 175499528.650
1 18 52567668.828
1 19 240276137.428
1 20 924683480.195
1 21 825743161.505
1 22 198693056.031
2 0 143756547.042
2 1 59496437.492
2 3 33553157.585
2 4 28718319.796
2 5 27878775.458
2 6 16514946.501
2 7 282053305.035
2 8 20745158.707
2 9 99388107.556
2 10 203366102.279
2 11 105739582.766
2 12 373715595.836
2 13 216807663.668
2 14 3119773.170
2 15 240383158.056
2 16 1848448.413
2 17 132207948.484
2 18 30095382.325
2 19 85357686.763
2 20 180330135.937
2 21 214929011.012
2 22 22873124.503
3 0 285470856.467
3 1 93864145.608
3 2 47730601.393
3 4 28282052.030
3 5 47891512.253
3 6 17539566.227
3 7 127662520.036
3 8 21194383.621
3 9 147324078.892
3 10 280511383.138
3 11 93240515.690
3 12 358592894.384
3 13 339758050.312
3 14 1280919.353
3 15 160578287.902
3 16 1024241.757
3 17 60270059.642
3 18 27662723.537
3 19 84432422.688
3 20 137327850.415
3 21 76746980.396
3 22 25566624.844
4 0 248911013.890
4 1 87829740.511
4 2 43007693.635
4 3 16204995.967
4 5 27748696.734
4 6 26997422.802
4 7 225514532.968
4 8 42186301.175
4 9 84141506.606
4 10 157542080.897
4 11 114838460.638
4 12 144389632.692
4 13 301198640.273
4 14 3022855.886
4 15 258225385.105
4 16 2753771.074
4 17 80370825.725
4 18 14898667.469
4 19 109285093.112
4 20 213592306.746
4 21 113176480.506
4 22 44222402.031
5 0 256211641.676
5 1 163418162.482
5 2 26631814.719
5 3 47785871.543
5 4 47413315.244
5 6 25393271.567
5 7 84416283.286
5 8 19641405.922
5 9 135741065.671
5 10 89666027.612
5 11 122354933.923
5 12 138718608.941
5 13 219985333.095
5 14 1041933.388
5 15 97455026.163
5 16 1440426.828
5 17 58221044.838
5 18 26170034.147
5 19 64251624.083
5 20 118241727.536
5 21 135120239.669
5 22 48618881.616
6 0 187558894.185
6 1 62599333.897
6 2 49597938.052
6 3 20991758.526
6 4 31235605.438
6 5 36038990.443
6 7 168877946.177
6 8 44998402.792
6 9 273932369.362
6 10 109149389.027
6 11 106403722.014
6 12 184167258.565
6 13 342466457.546
6 14 1966788.708
6 15 131727590.893
6 16 1736153.900
6 17 146495234.906
6 18 12696907.782
6 19 47962124.177
6 20 364493334.169
6 21 117733519.997
6 22 43261254.548
7 0 731316836.582
7 1 440008403.122
7 2 212345791.153
7 3 119781136.700
7 4 269245644.302
7 5 260141812.929
7 6 88789657.658
7 8 202521098.949
7 9 1152895786.224
7 10 1299974060.081
7 11 447506741.272
7 12 2432442552.529
7 13 1914122220.433
7 14 17919597.915
7 15 581033890.223
7 16 15381076.578
7 17 775772422.960
7 18 162434062.391
7 19 816882081.179
7 20 1149893853.016
7 21 520100606.145
7 22 82181834.217
8 0 288772151.923
8 1 92095139.362
8 2 29823166.761
8 3 40091389.954
8 4 27655723.063
8 5 39026814.486
8 6 42759055.716
8 7 212358005.218
8 9 243050350.985
8 10 180888349.298
8 11 85876928.849
8 12 351829649.583
8 13 211305923.603
8 14 2314873.129
8 15 303746391.248
8 16 2163153.866
8 17 67529922.587
8 18 21920904.373
8 19 145829731.035
8 20 278972995.982
8 21 185873802.226
8 22 15284925.773
9 0 503466135.455
9 1 783942787.015
9 2 93516429.184
9 3 263231166.917
9 4 216411258.896
9 5 317952530.854
9 6 133432647.526
9 7 1719436028.773
9 8 178920918.366
9 10 1301072067.086
9 11 648694638.932
9 12 1821640239.555
9 13 844868630.402
9 14 6205704.148
9 15 2240464685.881
9 16 10155434.060
9 17 458337724.791
9 18 173859978.044
9 19 531531054.718
9 20 1581418907.299
9 21 873362202.018
9 22 87033547.574
10 0 1340230337.799
10 1 570316981.367
10 2 341270922.587
10 3 284585130.316
10 4 118673358.053
10 5 173229501.976
10 6 196547406.618
10 7 831416732.538
10 8 92557374.979
10 9 1128724507.490
10 11 226092642.205
10 12 2553901672.410
10 13 1411912094.054
10 14 13925362.691
10 15 966530111.033
10 16 16712436.869
10 17 459439076.491
10 18 165559630.249
10 19 913305182.998
10 20 2497088284.105
10 21 963322506.461
10 22 333768668.780
11 0 251781650.734
11 1 236365953.800
11 2 38705986.256
11 3 106986329.891
11 4 97853577.705
11 5 38276256.402
11 6 102962566.717
11 7 358588169.504
11 8 47574458.094
11 9 408560107.047
11 10 540747248.227
11 12 276864394.112
11 13 882275158.415
11 14 3519121.222
11 15 535490240.825
11 16 2596747.834
11 17 260292244.830
11 18 23309663.694
11 19 266103472.917
11 20 290940816.922
11 21 412035285.119
11 22 97413750.799
12 0 2008216265.277
12 1 1300450779.588
12 2 260857164.992
12 3 366251214.225
12 4 189748151.753
12 5 373916341.764
12 6 236438517.034
12 7 1669914500.529
12 8 385696649.088
12 9 693332812.911
12 10 1965784294.343
12 11 820547818.521
12 13 1974990754.899
12 14 12570309.480
12 15 2607937124.933
12 16 14110705.258
12 17 659818090.796
12 18 246883875.366
12 19 966050474.701
12 20 2304065456.347
12 21 789401349.332
12 22 282339557.306
13 0 1454572060.749
13 1 1052400202.842
13 2 129415097.658
13 3 279159834.215
13 4 173861330.444
13 5 280911045.254
13 6 337783113.339
13 7 1614979115.216
13 8 94741387.041
13 9 2045685787.301
13 10 1144610178.560
13 11 298753638.057
13 12 2513153098.589
13 14 8293008.039
13 15 2409173448.215
13 16 19133437.262
13 17 336955452.470
13 18 64009969.237
13 19 848416856.227
13 20 1450139364.941
13 21 1244328794.896
13 22 325083366.402
14 0 18085619.686
14 1 11912848.842
14 2 2359167.839
14 3 1097449.422
14 4 2072670.701
14 5 1746627.115
14 6 1973788.204
14 7 13021660.038
14 8 1174286.533
14 9 14713400.147
14 10 14051487.108
14 11 2117949.630
14 12 16739400.419
14 13 14702472.620
14 15 13100691.568
14 16 168831.198
14 17 5598821.409
14 18 1505917.230
14 19 5536902.875
14 20 8474016.142
14 21 4626072.424
14 22 2661559.444
15 0 1189092659.919
15 1 420125729.470
15 2 127224759.581
15 3 288004788.587
15 4 282339604.035
15 5 255813946.658
15 6 313076860.993
15 7 2004372875.107
15 8 98885351.257
15 9 1685584403.890
15 10 2389961457.686
15 11 818832981.113
15 12 858243512.379
15 13 1477068618.142
15 14 20617103.159
15 16 15720339.776
15 17 931475370.030
15 18 151194358.402
15 19 473994520.860
15 20 1485030938.278
15 21 992775619.220
15 22 190799988.044
16 0 10242906.269
16 1 10938052.681
16 2 2700157.266
16 3 1816616.929
16 4 1800046.315
16 5 2110853.803
16 6 2403481.809
16 7 7348290.592
16 8 824714.446
16 9 8857457.046
16 10 8648365.387
16 11 3881969.262
16 12 18049429.988
16 13 14211056.251
16 14 168768.083
16 15 15723518.059
16 17 8766171.170
16 18 1534606.790
16 19 4405105.874
16 20 13671330.236
16 21 3725197.380
16 22 2297017.036
17 0 293089626.102
17 1 652201002.751
17 2 68678475.826
17 3 69466420.518
17 4 137930925.903
17 5 49878344.428
17 6 43666029.413
17 7 735417826.220
17 8 128631070.765
17 9 483913918.439
17 10 824546246.690
17 11 299618390.495
17 12 1000324159.240
17 13 388433455.921
17 14 4637479.989
17 15 555346454.547
17 16 8155783.552
17 18 56227095.099
17 19 327115589.584
17 20 688728472.119
17 21 413072535.629
17 22 121874196.355
18 0 148375948.048
18 1 83462791.936
18 2 15917182.451
18 3 11077789.264
18 4 24982428.210
18 5 20596090.533
18 6 9921353.164
18 7 179254733.268
18 8 26697000.136
18 9 92092346.377
18 10 221270218.005
18 11 29255071.178
18 12 255524124.480
18 13 84950812.744
18 14 1786910.554
18 15 105338327.716
18 16 1813114.399
18 17 84844233.791
18 19 32029867.793
18 20 165671478.230
18 21 100501691.538
18 22 22783653.839
19 0 520614854.484
19 1 283593903.901
19 2 87556057.596
19 3 49533329.767
19 4 139781256.575
19 5 68257074.426
19 6 54275988.989
19 7 781363026.639
19 8 69796530.863
19 9 827353064.237
19 10 752217815.036
19 11 164990203.868
19 12 931657349.139
19 13 612348676.381
19 14 6954767.266
19 15 701369852.544
19 16 9224924.671
19 17 439669445.085
19 18 27225822.250
19 20 300583248.953
19 21 622111581.998
19 22 129693916.198
20 0 2202681458.413
20 1 926467247.337
20 2 190520855.171
20 3 220114141.543
20 4 223251817.795
20 5 343651918.433
20 6 281072911.333
20 7 2140524387.032
20 8 195685521.013
20 9 2035357405.929
20 10 2259536993.014
20 11 794519452.425
20 12 1033375199.264
20 13 1687821157.513
20 14 9183352.819
20 15 2287331670.523
20 16 9522319.663
20 17 474806567.584
20 18 117954790.565
20 19 957711899.440
20 21 1468099907.236
20 22 308307932.319
21 0 918607081.326
21 1 404190172.800
21 2 153971579.395
21 3 59635697.344
21 4 187859928.683
21 5 102091213.069
21 6 106354136.513
21 7 1062198573.314
21 8 124429518.534
21 9 1139184550.069
21 10 1008125518.149
21 11 533303542.677
21 12 1620125645.709
21 13 970497560.838
21 14 10512124.628
21 15 616045121.632
21 16 10941069.303
21 17 660753403.334
21 18 40847975.292
21 19 516335656.099
21 20 1502648507.839
21 22 124395378.009
22 0 92348991.579
22 1 96304804.345
22 2 24242028.432
22 3 25561730.067
22 4 27752767.073
22 5 15782365.494
22 6 26961036.803
22 7 110737849.919
22 8 16451757.263
22 9 82689610.474
22 10 181901798.457
22 11 54314316.280
22 12 149099168.776
22 13 179890703.137
22 14 1564534.129
22 15 285468535.850
22 16 1639258.286
22 17 92621998.013
22 18 24583320.508
22 19 124284866.535
22 20 187753952.511
22 21 191463492.772
