506
0 1 1230360722.538
0 2 222210584.307
0 3 127948773.056
0 4 289498787.685
0 5 134887081.395
0 6 90775303.316
0 7 571751009.510
0 8 182372916.854
0 9 1501374496.250
0 10 1855673766.417
0 11 266886365.607
0 12 2212516846.114
0 13 1548364504.760
0 14 17175452.429
0 15 804793659.459
0 16 15345359.258
0 17 449606747.490
0 18 164426473.350
0 19 664296509.320
0 20 765244519.593
0 21 1266814838.600
0 22 160995128.297
1 0 879342193.642
1 2 69120211.260
1 3 154207037.092
1 4 58908078.304
1 5 82029328.182
1 6 78884013.997
1 7 494324261.021
1 8 142255269.238
1 9 1172613043.836
1 10 1137877977.814
1 11 454451399.613
1 12 1655976084.532
1 13 705216946.414
1 14 8451360.790
1 15 1011266627.668
1 16 9575483.457
1 17 178604444.341
1 18 110197245.465
1 19 510316896.832
1 20 866671526.962
1 21 406268438.376
1 22 108242087.457
2 0 81727459.829
2 1 128864358.320
2 3 41274185.682
2 4 14849106.380
2 5 13889438.385
2 6 15771517.734
2 7 125477430.364
2 8 45476363.173
2 9 83245380.232
2 10 298524511.565
2 11 50587239.636
2 12 295938601.232
2 13 261251040.278
2 14 2387712.478
2 15 283664370.411
2 16 2575738.491
2 17 59680402.895
2 18 13813599.296
2 19 97119744.410
2 20 138078229.714
2 21 93921133.844
2 22 23828208.267
3 0 115043835.497
3 1 218408721.541
3 2 17209301.838
3 4 25969944.853
3 5 37112440.254
3 6 33782658.145
3 7 196537196.565
3 8 30629693.899
3 9 221451484.493
3 10 138631022.842
3 11 121904550.063
3 12 122380310.760
3 13 188655407.607
3 14 2796579.760
3 15 283581783.766
3 16 1260047.334
3 17 49543159.438
3 18 11648882.442
3 19 63368203.608
3 20 209104041.615
3 21 179885588.972
3 22 30512505.717
4 0 78409230.543
4 1 192901959.147
4 2 49546636.217
4 3 39068098.593
4 5 41736721.643
4 6 36869130.004
4 7 175180590.585
4 8 43521630.963
4 9 181752327.658
4 10 172603670.928
4 11 122192831.463
4 12 353431113.585
4 13 137854541.218
4 14 3007568.752
4 15 265159526.049
4 16 3021109.541
4 17 42271691.529
4 18 12939212.221
4 19 146995891.831
4 20 99412004.326
4 21 78481860.850
4 22 29797288.839
5 0 118772729.069
5 1 154936590.554
5 2 23542667.412
5 3 13925217.648
5 4 39019070.132
5 6 48143555.819
5 7 86782923.331
5 8 17350701.954
5 9 164200618.951
5 10 228815526.227
5 11 36313366.212
5 12 175739289.927
5 13 332884878.714
5 14 2184012.284
5 15 195548176.904
5 16 1142002.660
5 17 93594262.116
5 18 18328593.489
5 19 70342456.194
5 20 235982437.198
5 21 57406379.389
5 22 29844448.076
6 0 184214299.580
6 1 139105004.229
6 2 40252974.099
6 3 48433373.370
6 4 40360332.662
6 5 34409767.199
6 7 171985160.851
6 8 41896271.240
6 9 130773435.783
6 10 215445313.774
6 11 114207453.897
6 12 248364730.083
6 13 345656820.985
6 14 2618148.832
6 15 202321258.299
6 16 2663391.174
6 17 69013471.782
6 18 26365590.271
6 19 78845397.740
6 20 192098027.081
6 21 115334968.968
6 22 31351135.100
7 0 1432762113.290
7 1 743863787.529
7 2 291910927.361
7 3 152524726.143
7 4 294026759.024
7 5 96537675.881
7 6 194919579.771
7 8 96583807.010
7 9 1152122840.771
7 10 1412137775.828
7 11 366090875.491
7 12 1853954314.477
7 13 2095860378.963
7 14 15395681.537
7 15 692137140.576
7 16 18124114.058
7 17 406704350.692
7 18 162472418.379
7 19 731205783.061
7 20 1102469015.186
7 21 460764486.813
7 22 176827919.498
8 0 252184159.499
8 1 168648932.404
8 2 19994101.850
8 3 14328626.450
8 4 39548686.538
8 5 48162870.901
8 6 32915041.548
8 7 149842497.583
8 9 263209050.931
8 10 204159307.933
8 11 61716376.110
8 12 181515745.640
8 13 316618914.651
8 14 1658335.713
8 15 285761036.206
8 16 3002452.341
8 17 64477096.187
8 18 22880759.020
8 19 85816898.675
8 20 162114375.967
8 21 134099192.189
8 22 42955685.097
9 0 599818391.656
9 1 829644225.690
9 2 195485293.426
9 3 167432487.272
9 4 118155603.337
9 5 247879869.725
9 6 276121578.690
9 7 1510655068.161
9 8 298316378.738
9 10 2032797557.981
9 11 327648239.036
9 12 2144424921.216
9 13 1805092300.319
9 14 7451387.522
9 15 1945876781.214
9 16 9431782.392
9 17 906547507.986
9 18 196123147.888
9 19 960470278.557
9 20 628291683.688
9 21 475473572.801
9 22 176364930.874
10 0 694522589.282
10 1 1155297241.786
10 2 318879191.894
10 3 123420099.263
10 4 326044790.236
10 5 139811652.171
10 6 116339567.364
10 7 1981539967.881
10 8 154027373.518
10 9 1787194089.223
10 11 745199038.637
10 12 1784293574.872
10 13 1719682009.664
10 14 20827108.478
10 15 967239553.259
10 16 18064443.376
10 17 675875821.360
10 18 91222686.567
10 19 616195306.366
10 20 2304744062.720
10 21 1052472797.355
10 22 115368849.599
11 0 287555629.586
11 1 491355190.608
11 2 99885557.363
11 3 70638225.066
11 4 64745946.028
11 5 100231891.454
11 6 51941083.773
11 7 653060552.734
11 8 77493881.097
11 9 478253808.093
11 10 530490286.460
11 12 629698420.776
11 13 502669371.937
11 14 2104835.967
11 15 659293416.625
11 16 2067747.864
11 17 284716817.869
11 18 57516931.209
11 19 142711764.322
11 20 850911878.286
11 21 342613349.195
11 22 85418914.248
12 0 1575614875.202
12 1 1749819120.594
12 2 396214813.198
12 3 338458209.971
12 4 223530319.152
12 5 175306749.394
12 6 248292037.499
12 7 1173364470.655
12 8 150366927.041
12 9 2448256792.499
12 10 931083552.214
12 11 266167316.018
12 13 871229424.223
12 14 16612903.154
12 15 2307318841.096
12 16 14099046.676
12 17 1213654116.344
12 18 222538075.130
12 19 570536445.624
12 20 1392190728.768
12 21 889672738.013
12 22 336804935.326
13 0 1195620374.293
13 1 939893994.699
13 2 341181880.049
13 3 244426677.088
13 4 208160170.634
13 5 169896708.458
13 6 272006341.913
13 7 1336150969.746
13 8 277843959.822
13 9 1365477345.516
13 10 2372080811.112
13 11 641575808.232
13 12 1763239657.946
13 14 8465788.324
13 15 1052102096.026
13 16 21348625.769
13 17 942494062.312
13 18 126952578.817
13 19 1024721292.125
13 20 2426590891.045
13 21 441647808.179
13 22 227120326.163
14 0 4924906.359
14 1 6936023.987
14 2 2279700.073
14 3 1872380.792
14 4 2114760.547
14 5 1796399.283
14 6 2662195.686
14 7 7296665.072
14 8 1710484.896
14 9 14207132.450
14 10 14536458.295
14 11 6294926.775
14 12 25556161.004
14 13 9898039.325
14 15 19748137.997
14 16 174008.388
14 17 8909106.472
14 18 1590148.010
14 19 8266705.728
14 20 16328020.177
14 21 5891229.994
14 22 952984.133
15 0 1103970779.209
15 1 1336379660.339
15 2 187434884.269
15 3 155864183.503
15 4 287778918.370
15 5 256309973.140
15 6 210273219.919
15 7 615672821.212
15 8 306785096.340
15 9 1336891489.844
15 10 1249466412.831
15 11 315818213.889
15 12 975750239.618
15 13 1101540839.877
15 14 5406495.888
15 16 10748780.088
15 17 1019495407.151
15 18 173607898.204
15 19 928147502.548
15 20 2238768879.965
15 21 940839255.439
15 22 132498658.748
16 0 7452610.059
16 1 6477865.418
16 2 2640670.866
16 3 1955601.639
16 4 2898093.537
16 5 2282677.544
16 6 2501197.981
16 7 11137763.208
16 8 2144707.944
16 9 15721049.418
16 10 14515943.722
16 11 6506051.361
16 12 13208838.577
16 13 13804613.422
16 14 93722.637
16 15 13395094.641
16 17 4392278.967
16 18 1046604.891
16 19 3851904.849
16 20 14645255.777
16 21 12188753.701
16 22 1545827.641
17 0 700573077.531
17 1 391404808.214
17 2 96705202.452
17 3 59725670.104
17 4 50369056.048
17 5 110011576.055
17 6 92408088.353
17 7 443121484.355
17 8 71632727.325
17 9 784483544.352
17 10 814935282.924
17 11 217828869.588
17 12 1132851919.533
17 13 810671441.551
17 14 2883431.379
17 15 1005953387.720
17 16 6470289.366
17 18 78149620.076
17 19 389469866.338
17 20 534165282.704
17 21 283409350.609
17 22 64038382.719
18 0 111357921.205
18 1 68412162.360
18 2 27343397.720
18 3 8834033.695
18 4 27186375.850
18 5 28012100.858
18 6 27930610.894
18 7 111013658.390
18 8 22580326.290
18 9 190680675.105
18 10 123865846.067
18 11 37042397.180
18 12 200422244.587
18 13 153399467.408
18 14 796395.108
18 15 119383985.259
18 16 1906088.514
18 17 27052464.193
18 19 46279237.994
18 20 65322356.124
18 21 50443818.389
18 22 28023838.461
19 0 642238168.338
19 1 431817188.216
19 2 56516862.113
19 3 105708152.497
19 4 76764985.269
19 5 69079910.796
19 6 145823350.519
19 7 767396283.303
19 8 131607324.091
19 9 495931607.541
19 10 558014622.936
19 11 247110751.632
19 12 439769716.341
19 13 955666182.230
19 14 3911684.679
19 15 789670766.865
19 16 5564515.786
19 17 299210165.313
19 18 74707566.101
19 20 394473483.593
19 21 498304401.996
19 22 111250809.159
20 0 1153746371.730
20 1 1408372590.880
20 2 299306041.306
20 3 330470939.796
20 4 322778788.518
20 5 339921468.254
20 6 266089621.231
20 7 1818189824.970
20 8 232131429.036
20 9 1642081029.203
20 10 669850195.528
20 11 673470200.890
20 12 2431034646.023
20 13 987055285.295
20 14 11092222.258
20 15 925643172.344
20 16 19575603.736
20 17 512617421.986
20 18 191396274.663
20 19 659530232.096
20 21 1061647581.780
20 22 353182207.323
21 0 576702608.140
21 1 363839665.695
21 2 225789503.490
21 3 118444391.268
21 4 112312720.532
21 5 103198801.958
21 6 141676143.515
21 7 713916854.119
21 8 191122356.640
21 9 664839650.104
21 10 634858897.933
21 11 436653727.582
21 12 1156286865.057
21 13 531034920.417
21 14 12721592.537
21 15 433187429.883
21 16 12922195.428
21 17 541612489.051
21 18 64906361.708
21 19 368477513.123
21 20 977851031.006
21 22 204698884.119
22 0 119042526.810
22 1 174382145.034
22 2 45081569.595
22 3 41207243.993
22 4 38093967.768
22 5 48309864.029
22 6 48913995.045
22 7 203319685.992
22 8 20980516.713
22 9 232443923.640
22 10 177702893.283
22 11 120052387.970
22 12 123087384.042
22 13 285484520.736
22 14 1052294.499
22 15 237209888.251
22 16 1979998.133
22 17 135495839.823
22 18 28157829.019
22 19 66377247.297
22 20 360670473.160
22 21 128664666.969
