506
0 1 364119670.297
0 2 196132867.580
0 3 230396749.744
0 4 235032386.094
0 5 160374906.035
0 6 196613748.803
0 7 1081356008.348
0 8 90081814.979
0 9 1607686672.112
0 10 1481509283.857
0 11 314712956.946
0 12 1451663955.065
0 13 1757471492.844
0 14 9265998.023
0 15 694640672.449
0 16 14188408.113
0 17 882844879.813
0 18 177383225.402
0 19 288181764.207
0 20 1644414515.127
0 21 1203852835.635
0 22 99103793.144
1 0 508681417.278
1 2 69853976.937
1 3 160177507.857
1 4 132542576.964
1 5 101611476.827
1 6 76368598.645
1 7 1089837277.898
1 8 150864460.141
1 9 968475107.032
1 10 1060478223.193
1 11 234076232.821
1 12 496945145.755
1 13 1358229842.460
1 14 13559358.979
1 15 556496701.160
1 16 10025925.595
1 17 392527187.964
1 18 64688495.923
1 19 472067810.317
1 20 622404307.301
1 21 813845907.377
1 22 145304755.435
2 0 298890364.040
2 1 95219996.380
2 3 24867786.218
2 4 44322832.920
2 5 12762731.267
2 6 13046351.789
2 7 137880528.255
2 8 20579129.024
2 9 191359922.780
2 10 266780195.181
2 11 126720036.529
2 12 190328617.595
2 13 379481279.981
2 14 3082877.312
2 15 128196251.394
2 16 1156439.904
2 17 120026267.266
2 18 19560529.235
2 19 61767830.951
2 20 183687225.020
2 21 194733067.888
2 22 25232591.999
3 0 106966780.654
3 1 207693976.191
3 2 38196925.870
3 4 45882244.011
3 5 36837738.583
3 6 30802394.531
3 7 204909787.329
3 8 28657869.945
3 9 265948351.480
3 10 212663802.705
3 11 83412962.465
3 12 381860948.187
3 13 287403880.634
3 14 1295584.982
3 15 172363384.970
3 16 2459204.388
3 17 42136783.128
3 18 22107203.092
3 19 93737509.199
3 20 138037779.599
3 21 171849559.238
3 22 43706487.666
4 0 216561182.045
4 1 136785696.630
4 2 24794394.487
4 3 34108931.370
4 5 28169625.031
4 6 15190708.613
4 7 119460101.747
4 8 41870157.542
4 9 236164745.389
4 10 292672417.357
4 11 36852081.029
4 12 388894346.917
4 13 316887269.262
4 14 1528224.156
4 15 319640494.542
4 16 1052604.689
4 17 146604935.022
4 18 17686350.368
4 19 74605969.986
4 20 94449275.486
4 21 82258916.610
4 22 29951746.196
5 0 179788332.975
5 1 208544777.853
5 2 45141436.850
5 3 44686159.898
5 4 17907462.010
5 6 28414867.848
5 7 286477090.037
5 8 27881771.964
5 9 126070384.411
5 10 346276769.416
5 11 87117733.962
5 12 342641800.768
5 13 284294123.330
5 14 1019218.396
5 15 162981835.723
5 16 1380383.794
5 17 38435817.162
5 18 14144009.008
5 19 104013121.084
5 20 219079168.146
5 21 153167399.033
5 22 28002777.096
6 0 269636650.505
6 1 67231595.566
6 2 32852826.438
6 3 39238332.322
6 4 29462843.953
6 5 21881118.386
6 7 217433412.277
6 8 43407739.162
6 9 179705903.224
6 10 96655600.638
6 11 114131259.860
6 12 353716321.149
6 13 134779325.075
6 14 1367323.053
6 15 324065256.925
6 16 2444258.718
6 17 139840674.407
6 18 10130830.111
6 19 43106472.202
6 20 368476883.215
6 21 164593627.003
6 22 42705846.180
7 0 1152481052.302
7 1 1252401648.261
7 2 247878080.695
7 3 170455977.820
7 4 221576255.697
7 5 204238168.196
7 6 213957026.638
7 8 287086224.259
7 9 814757043.718
7 10 1070795754.208
7 11 398184697.144
7 12 1254798626.908
7 13 921758527.886
7 14 5208782.802
7 15 2057775210.364
7 16 17721831.993
7 17 780809482.691
7 18 86803614.019
7 19 568536947.491
7 20 1485963187.891
7 21 391215159.018
7 22 272028732.101
8 0 161003889.861
8 1 205714234.312
8 2 40186542.944
8 3 13350438.774
8 4 27884738.991
8 5 43148000.516
8 6 21989589.150
8 7 178246819.371
8 9 171790946.716
8 10 143052920.423
8 11 93074276.894
8 12 141148239.748
8 13 104646444.270
8 14 936007.593
8 15 308774504.383
8 16 1227644.219
8 17 70316371.089
8 18 15065905.425
8 19 48081759.734
8 20 202742228.163
8 21 96699331.732
8 22 37398940.697
9 0 599906164.294
9 1 925928350.559
9 2 322115477.924
9 3 116237340.918
9 4 283157702.131
9 5 189806397.995
9 6 80483926.839
9 7 835770492.010
9 8 233608644.470
9 10 921491469.701
9 11 560464680.942
9 12 876216092.826
9 13 2118026915.015
9 14 15609633.148
9 15 2048099421.563
9 16 11098402.234
9 17 325399800.458
9 18 171510581.848
9 19 687121321.156
9 20 755207988.372
9 21 415250816.109
9 22 254286463.192
10 0 1618161306.920
10 1 1212711827.355
10 2 288578097.036
10 3 231809196.185
10 4 129601834.623
10 5 214591602.711
10 6 319058812.991
10 7 1048435961.369
10 8 170992091.230
10 9 1115914794.882
10 11 295736890.107
10 12 1024081224.841
10 13 1590617067.278
10 14 9102045.966
10 15 2036514699.363
10 16 13134363.099
10 17 944527081.270
10 18 176729469.594
10 19 502531066.482
10 20 1942874616.375
10 21 936276137.795
10 22 328845994.336
11 0 528259440.447
11 1 305375680.795
11 2 74051764.626
11 3 60203937.330
11 4 44080678.338
11 5 77910201.279
11 6 49947680.944
11 7 232212313.757
11 8 59730285.174
11 9 266688491.380
11 10 356815825.621
11 12 976885937.378
11 13 740681258.452
11 14 5477521.871
11 15 483108373.109
11 16 2170949.485
11 17 205796791.332
11 18 67820173.017
11 19 245667453.065
11 20 655693980.075
11 21 460660918.793
11 22 101718882.234
12 0 1849802803.503
12 1 1839876428.445
12 2 414076332.001
12 3 262471973.851
12 4 277383805.872
12 5 128768892.354
12 6 218884600.065
12 7 2142498580.398
12 8 400497325.468
12 9 778342566.788
12 10 1099818133.687
12 11 390174450.183
12 13 1946565285.394
12 14 18856354.769
12 15 2542780511.218
12 16 24309901.152
12 17 1191971350.151
12 18 250501359.924
12 19 817086480.816
12 20 2393259172.102
12 21 1459132575.539
12 22 379198332.233
13 0 1513346572.185
13 1 1046552036.395
13 2 216153508.663
13 3 239376966.564
13 4 209026340.202
13 5 137800585.334
13 6 170046330.224
13 7 1280242664.170
13 8 213452034.323
13 9 1066444318.313
13 10 2116073922.281
13 11 595570347.488
13 12 2400923708.063
13 14 18343925.217
13 15 1272714975.108
13 16 5795774.794
13 17 447338699.537
13 18 139293924.888
13 19 447022300.927
13 20 2194258402.381
13 21 1022482493.215
13 22 266829695.333
14 0 9141359.132
14 1 10003572.894
14 2 1235362.321
14 3 2636475.100
14 4 1754917.419
14 5 2680121.054
14 6 901515.367
14 7 7466542.896
14 8 1016341.457
14 9 11613892.550
14 10 10975720.054
14 11 7636697.684
14 12 15022742.881
14 13 9433111.703
14 15 10012629.314
14 16 186514.655
14 17 4342092.224
14 18 1463664.171
14 19 2872693.223
14 20 17766147.930
14 21 9395825.688
14 22 2188031.616
15 0 877100855.589
15 1 596201268.923
15 2 344656428.992
15 3 286169939.046
15 4 225626175.503
15 5 255715094.853
15 6 138114795.188
15 7 1085884412.701
15 8 284289169.818
15 9 1498299498.661
15 10 1300265131.990
15 11 757245999.127
15 12 2377595335.818
15 13 1840305151.361
15 14 8348022.114
15 16 10936516.340
15 17 375307996.259
15 18 86069329.730
15 19 268184262.229
15 20 1275702145.499
15 21 1239088463.577
15 22 156440716.899
16 0 7887191.872
16 1 11102956.986
16 2 2972973.864
16 3 1351158.784
16 4 1836011.907
16 5 2421039.445
16 6 943274.985
16 7 8992146.472
16 8 1083548.344
16 9 19206035.415
16 10 20230458.290
16 11 2375027.955
16 12 7573589.915
16 13 6075705.544
16 14 158572.122
16 15 16041614.537
16 17 7466038.862
16 18 1350217.588
16 19 6395392.701
16 20 14481556.685
16 21 8982921.765
16 22 1783210.778
17 0 306331307.398
17 1 641885995.007
17 2 118404587.492
17 3 43041641.426
17 4 65186449.738
17 5 136759520.156
17 6 83966580.339
17 7 838633373.707
17 8 107450573.338
17 9 936158265.675
17 10 533698726.647
17 11 93937891.337
17 12 1172718507.615
17 13 815805999.890
17 14 3852426.551
17 15 295242985.918
17 16 2531138.696
17 18 43153282.528
17 19 200887275.969
17 20 680659824.996
17 21 380316188.058
17 22 112001112.551
18 0 167078745.810
18 1 121482703.064
18 2 13847498.525
18 3 20209781.524
18 4 19672906.374
18 5 14006405.873
18 6 29215083.546
18 7 119165294.681
18 8 30790297.746
18 9 137165776.504
18 10 181676552.141
18 11 51275187.867
18 12 195295216.510
18 13 206785146.890
18 14 971586.810
18 15 103562411.694
18 16 1294937.635
18 17 31288624.529
18 19 53615254.891
18 20 175543346.739
18 21 105511258.022
18 22 20863502.910
19 0 358298317.989
19 1 225374930.474
19 2 95563730.860
19 3 65853029.754
19 4 50582455.969
19 5 114313139.509
19 6 100634279.912
19 7 637173206.559
19 8 95071189.652
19 9 812863397.906
19 10 425577141.517
19 11 313625837.261
19 12 1037844099.611
19 13 428540667.790
19 14 3876454.929
19 15 278754104.644
19 16 5720814.868
19 17 217350237.789
19 18 41832860.905
19 20 435511954.023
19 21 298775937.526
19 22 105573630.771
20 0 1148111030.678
20 1 1594940709.577
20 2 204434056.149
20 3 145798170.323
20 4 296501337.354
20 5 242745152.619
20 6 135277527.576
20 7 806996870.174
20 8 267624078.655
20 9 2353152425.531
20 10 1386136073.598
20 11 617510421.908
20 12 2656599194.701
20 13 2182279159.222
20 14 19203739.128
20 15 1487753432.244
20 16 12901227.618
20 17 285866503.248
20 18 93784453.761
20 19 898222536.320
20 21 1255892928.716
20 22 104181752.886
21 0 1320960301.933
21 1 836722556.813
21 2 183212624.144
21 3 185947241.161
21 4 106849402.871
21 5 129649665.056
21 6 126345864.301
21 7 792454792.492
21 8 210862188.425
21 9 778677552.707
21 10 773239993.657
21 11 239533738.389
21 12 1755890382.588
21 13 586886517.416
21 14 5621910.024
21 15 467076137.074
21 16 5509396.870
21 17 366386981.657
21 18 44029429.434
21 19 370646838.941
21 20 1298298575.444
21 22 89267901.935
22 0 76665632.482
22 1 136549129.499
22 2 42458843.473
22 3 34460561.102
22 4 25685685.886
22 5 13416828.704
22 6 22753678.381
22 7 171668355.934
22 8 22116309.982
22 9 193416936.792
22 10 117556212.236
22 11 57338036.639
22 12 230229798.350
22 13 188715965.984
22 14 1845689.853
22 15 193481733.514
22 16 1512806.130
22 17 126374286.930
22 18 10128369.349
22 19 143499027.250
22 20 99502994.733
22 21 63586870.712
