506
0 1 494384384.396
0 2 178844397.661
0 3 187103331.957
0 4 284788408.442
0 5 269479609.204
0 6 205409745.446
0 7 815248633.854
0 8 234762843.734
0 9 1689094738.634
0 10 1945217776.635
0 11 220186485.528
0 12 1151283845.732
0 13 1116979954.640
0 14 8083686.019
0 15 1568543691.265
0 16 6654386.454
0 17 363221356.203
0 18 82690150.891
0 19 271202494.637
0 20 796928265.604
0 21 1090019703.457
0 22 89426452.710
1 0 500099342.952
1 2 196405108.619
1 3 179766529.270
1 4 79429908.924
1 5 90899103.249
1 6 166251669.967
1 7 1090141889.521
1 8 155945218.897
1 9 479696122.522
1 10 1364593608.294
1 11 222687305.795
1 12 1246474843.732
1 13 434281218.138
1 14 13527249.696
1 15 700573346.733
1 16 7078121.642
1 17 491618428.784
1 18 116122193.351
1 19 259113235.988
1 20 557912155.234
1 21 674190185.365
1 22 163773889.792
2 0 146631630.398
2 1 81799988.091
2 3 20918137.205
2 4 36632618.223
2 5 32283893.376
2 6 28197719.491
2 7 128452947.043
2 8 38471620.736
2 9 178135622.383
2 10 122398865.492
2 11 61858676.287
2 12 237662653.563
2 13 263099721.784
2 14 1428152.961
2 15 191917708.052
2 16 2551448.049
2 17 45296783.676
2 18 17002027.462
2 19 112142715.826
2 20 331853270.300
2 21 138850726.305
2 22 33072429.262
3 0 270998125.024
3 1 166742849.302
3 2 44664008.169
3 4 15452807.162
3 5 18211066.017
3 6 19945846.498
3 7 159451372.213
3 8 45131605.485
3 9 208536869.424
3 10 197487939.281
3 11 117987914.963
3 12 195226126.590
3 13 181673933.959
3 14 1222552.824
3 15 176239368.072
3 16 1206824.795
3 17 85757053.260
3 18 25191182.485
3 19 121465374.533
3 20 134633264.971
3 21 140562149.924
3 22 47834479.978
4 0 198132831.196
4 1 85065243.127
4 2 17208339.300
4 3 44066684.906
4 5 31207418.730
4 6 46911517.621
4 7 191157778.916
4 8 42575061.675
4 9 291784072.471
4 10 228769222.776
4 11 89692699.757
4 12 204637990.999
4 13 276332566.778
4 14 1642651.134
4 15 278058182.101
4 16 1623302.422
4 17 86220448.967
4 18 18590462.525
4 19 45208841.224
4 20 266975698.487
4 21 92839785.595
4 22 24939841.404
5 0 254678665.410
5 1 184846773.376
5 2 14031275.986
5 3 28370780.383
5 4 37476368.647
5 6 32597455.229
5 7 89746629.422
5 8 43126943.507
5 9 279856276.176
5 10 258979740.804
5 11 105308401.120
5 12 345945411.667
5 13 366876034.825
5 14 2513284.361
5 15 117261618.005
5 16 2224930.797
5 17 92212494.608
5 18 28138831.223
5 19 46193696.109
5 20 234116990.023
5 21 217566302.207
5 22 34714223.076
6 0 78492381.366
6 1 67218120.106
6 2 40057935.987
6 3 28283313.948
6 4 32456953.280
6 5 19178068.935
6 7 158204743.403
6 8 38508610.747
6 9 235298067.977
6 10 157592234.935
6 11 120012517.372
6 12 239472069.314
6 13 125756497.118
6 14 1437521.681
6 15 222667420.220
6 16 2702464.389
6 17 137001065.677
6 18 29244263.637
6 19 65584818.739
6 20 274016585.642
6 21 150403022.038
6 22 41079147.677
7 0 1258727349.884
7 1 373125533.551
7 2 249456789.864
7 3 109153661.009
7 4 170412970.876
7 5 131072596.560
7 6 243417781.105
7 8 138380364.580
7 9 1625493428.852
7 10 856485622.076
7 11 412709073.329
7 12 1674224076.833
7 13 1842842230.563
7 14 18352359.165
7 15 2007444526.782
7 16 9657222.229
7 17 710329636.947
7 18 140919514.260
7 19 502532400.327
7 20 1485143643.164
7 21 768703802.872
7 22 112888420.173
8 0 122631277.009
8 1 179376215.694
8 2 49571144.740
8 3 27277858.595
8 4 14999674.991
8 5 40822728.452
8 6 30846519.449
8 7 292002422.583
8 9 130575194.162
8 10 142815394.324
8 11 71403547.351
8 12 413389644.543
8 13 342518576.288
8 14 1235104.661
8 15 186362723.943
8 16 2118117.004
8 17 41135664.018
8 18 13805380.763
8 19 98986807.642
8 20 266050899.839
8 21 213032720.338
8 22 18732343.895
9 0 939218874.723
9 1 695303844.431
9 2 305905780.611
9 3 223100535.886
9 4 118560333.115
9 5 254613952.657
9 6 84919072.688
9 7 1925013849.255
9 8 301733703.655
9 10 986775912.775
9 11 331215141.244
9 12 865902005.742
9 13 1033848728.964
9 14 14304086.145
9 15 895472931.639
9 16 6040798.888
9 17 361568429.051
9 18 188781563.580
9 19 250642669.283
9 20 2294358801.622
9 21 598837971.625
9 22 245898037.115
10 0 790818219.595
10 1 1284331756.698
10 2 350206148.772
10 3 179093326.313
10 4 138630266.817
10 5 228954826.898
10 6 135037696.173
10 7 984306857.160
10 8 311655584.554
10 9 1877240904.537
10 11 349358878.828
10 12 2931742156.342
10 13 2168737753.621
10 14 19752962.884
10 15 1038908406.105
10 16 17079895.558
10 17 500302604.854
10 18 221362768.371
10 19 314872093.911
10 20 2237304206.293
10 21 664291982.904
10 22 208068766.856
11 0 225699593.867
11 1 555980843.825
11 2 33347049.142
11 3 93493656.642
11 4 116180179.499
11 5 86987065.419
11 6 56151073.991
11 7 204285114.563
11 8 97841519.088
11 9 349288365.377
11 10 452518183.773
11 12 1023146308.625
11 13 324441807.935
11 14 3329889.550
11 15 597906639.399
11 16 6622894.271
11 17 345159645.325
11 18 22203767.891
11 19 96874918.459
11 20 677247622.021
11 21 514593910.609
11 22 120043731.264
12 0 1066429466.642
12 1 1780784737.593
12 2 372527783.090
12 3 258101389.930
12 4 184771055.304
12 5 242406085.398
12 6 188772270.311
12 7 1972316235.400
12 8 243622552.168
12 9 761947109.677
12 10 1630460496.852
12 11 401315603.305
12 13 1068068997.860
12 14 22654366.844
12 15 2342362072.457
12 16 14632329.178
12 17 552914047.870
12 18 103761840.508
12 19 972661262.625
12 20 1313424026.246
12 21 1648669860.086
12 22 157306523.615
13 0 1694186449.566
13 1 499688097.018
13 2 200536831.615
13 3 351435380.557
13 4 232948229.518
13 5 164005515.700
13 6 178932883.853
13 7 1922737457.748
13 8 333649637.069
13 9 813449462.039
13 10 2147317876.372
13 11 366810601.240
13 12 2211980519.566
13 14 8368518.730
13 15 2286022851.764
13 16 9732689.545
13 17 947606481.882
13 18 137630573.883
13 19 459078383.406
13 20 2388335923.514
13 21 1636947675.259
13 22 253332555.910
14 0 18347611.499
14 1 12642087.487
14 2 3139971.182
14 3 1957801.899
14 4 1752982.044
14 5 2835599.466
14 6 2620671.910
14 7 14220932.715
14 8 1538302.772
14 9 15717464.177
14 10 17950848.005
14 11 6984067.433
14 12 22735348.309
14 13 20411814.926
14 15 14221252.816
14 16 148667.432
14 17 3574071.456
14 18 539179.234
14 19 7374420.356
14 20 19329181.898
14 21 6750984.545
14 22 1388342.007
15 0 1082724769.696
15 1 1305097589.305
15 2 300009138.554
15 3 331699914.126
15 4 221248119.180
15 5 156116794.631
15 6 228568568.825
15 7 1448571307.886
15 8 285947408.849
15 9 2179982986.889
15 10 840082763.523
15 11 782334269.222
15 12 1617535116.045
15 13 1446551479.961
15 14 19919947.754
15 16 11270944.100
15 17 380025667.252
15 18 160981784.121
15 19 874049700.088
15 20 1383827622.051
15 21 656715578.713
15 22 231884373.808
16 0 17188747.328
16 1 10283411.023
16 2 2807861.341
16 3 2556191.338
16 4 2527274.549
16 5 2754213.065
16 6 2243594.505
16 7 15161122.014
16 8 3032321.560
16 9 10604099.652
16 10 8182155.036
16 11 6641572.956
16 12 12109890.886
16 13 12108930.382
16 14 118572.762
16 15 16569775.148
16 17 3559009.900
16 18 1084150.759
16 19 5131488.108
16 20 14796582.677
16 21 5893386.959
16 22 1152983.923
17 0 278332293.393
17 1 426578433.784
17 2 87870856.344
17 3 84538610.685
17 4 79468812.530
17 5 125005442.017
17 6 93698980.114
17 7 569537988.211
17 8 69989252.100
17 9 897569638.580
17 10 947227782.158
17 11 257032386.970
17 12 590477326.561
17 13 934003335.676
17 14 9075256.709
17 15 618954995.096
17 16 3373305.126
17 18 72752782.570
17 19 336047759.344
17 20 885752451.840
17 21 194074510.065
17 22 135443805.567
18 0 54742385.025
18 1 69483684.878
18 2 12588329.555
18 3 24068148.718
18 4 21996034.599
18 5 27890719.995
18 6 29138942.425
18 7 153490340.784
18 8 21437602.508
18 9 201567089.764
18 10 175221321.511
18 11 73061819.120
18 12 225404469.749
18 13 197852469.349
18 14 1605668.320
18 15 56607115.791
18 16 1012099.024
18 17 70897094.044
18 19 60770497.333
18 20 190082856.982
18 21 111296661.682
18 22 10841142.318
19 0 364313565.537
19 1 364685295.924
19 2 116230942.731
19 3 130853679.226
19 4 89075391.092
19 5 103543703.963
19 6 68898774.577
19 7 336864729.025
19 8 94937762.675
19 9 681274289.547
19 10 546174744.461
19 11 247067362.826
19 12 1203531888.020
19 13 685956659.687
19 14 5826979.396
19 15 854141747.071
19 16 6755294.674
19 17 433620301.879
19 18 24639831.622
19 20 1000597788.311
19 21 297689492.980
19 22 128475068.950
20 0 1902276329.365
20 1 1235088858.866
20 2 298907394.320
20 3 110427556.438
20 4 110024235.313
20 5 233689089.678
20 6 130726871.448
20 7 652606134.337
20 8 291288844.623
20 9 1428866043.861
20 10 778095484.903
20 11 790509180.733
20 12 1553146820.302
20 13 2106661084.576
20 14 18287874.214
20 15 914924016.739
20 16 21636250.478
20 17 882051737.691
20 18 132719930.257
20 19 497890274.854
20 21 1440109845.633
20 22 107666365.368
21 0 761198043.276
21 1 655992974.121
21 2 98240733.120
21 3 171971200.363
21 4 61495157.643
21 5 107319036.441
21 6 96904365.532
21 7 849108521.193
21 8 121311458.957
21 9 659273236.146
21 10 1329818527.262
21 11 332989161.528
21 12 1598737922.669
21 13 951027970.722
21 14 6533703.539
21 15 762105387.694
21 16 4880739.069
21 17 522350708.709
21 18 88863109.699
21 19 433953079.467
21 20 1413418128.016
21 22 99456546.888
22 0 136383642.047
22 1 209349487.641
22 2 22138749.085
22 3 45489979.685
22 4 47055246.608
22 5 37947254.791
22 6 45640989.586
22 7 120065086.800
22 8 22982668.468
22 9 101374841.084
22 10 119179591.166
22 11 57393034.745
22 12 406286723.674
22 13 366984635.747
22 14 2353053.788
22 15 257842053.102
22 16 2171480.505
22 17 58922657.506
22 18 15925601.333
22 19 116932003.957
22 20 317059250.645
22 21 140993869.263
