506
0 1 1095155992.684
0 2 150119794.029
0 3 243113458.316
0 4 159745745.033
0 5 252455794.691
0 6 251208380.441
0 7 509275753.507
0 8 199100501.739
0 9 795460235.811
0 10 1566328059.884
0 11 196423313.748
0 12 958907278.965
0 13 977440934.160
0 14 11896530.293
0 15 1534710468.198
0 16 9444482.212
0 17 670718843.256
0 18 179042067.282
0 19 730682943.509
0 20 950201635.007
0 21 411929308.462
0 22 104407112.714
1 0 594522124.063
1 2 130864180.383
1 3 175256079.064
1 4 220481134.733
1 5 163295834.919
1 6 170882475.404
1 7 1116713678.261
1 8 218684449.325
1 9 868547614.679
1 10 661292328.911
1 11 385744841.479
1 12 966005122.874
1 13 1322043976.472
1 14 9737109.958
1 15 540069949.551
1 16 4667379.067
1 17 274632532.184
1 18 36151790.642
1 19 202371435.175
1 20 802614245.427
1 21 837158769.697
1 22 98878489.300
2 0 173263638.000
2 1 108317788.033
2 3 47719737.300
2 4 19902874.923
2 5 43013486.161
2 6 19696041.921
2 7 266724819.583
2 8 49822116.145
2 9 134800199.360
2 10 175104992.012
2 11 37715955.888
2 12 430386005.338
2 13 290091042.406
2 14 2479473.708
2 15 233676883.782
2 16 1131866.999
2 17 63346176.490
2 18 22644884.253
2 19 104223766.129
2 20 379371360.709
2 21 197094850.203
2 22 14227122.515
3 0 119028754.087
3 1 184420087.566
3 2 20337177.468
3 4 42248404.635
3 5 19391321.780
3 6 35893063.314
3 7 194558989.590
3 8 45941735.457
3 9 259752402.872
3 10 342793210.243
3 11 101142131.093
3 12 136073962.440
3 13 342022912.637
3 14 3035921.465
3 15 251948717.090
3 16 2550324.550
3 17 76328587.251
3 18 18795692.991
3 19 102040467.829
3 20 116378991.489
3 21 207382954.901
3 22 39408582.987
4 0 291622095.092
4 1 203615373.944
4 2 39881376.536
4 3 45924849.231
4 5 19785713.718
4 6 45764638.177
4 7 220586340.978
4 8 35222192.407
4 9 114557436.306
4 10 282204486.191
4 11 77131164.867
4 12 367259322.697
4 13 95175473.574
4 14 2503400.211
4 15 127503651.645
4 16 1964489.773
4 17 68018671.534
4 18 19771953.108
4 19 99172399.569
4 20 215068848.560
4 21 188902860.752
4 22 30282505.873
5 0 214359573.567
5 1 221051662.304
5 2 19915649.173
5 3 23297519.617
5 4 25689240.548
5 6 19766698.584
5 7 79979512.038
5 8 28395133.445
5 9 114813260.435
5 10 257971779.986
5 11 76883802.290
5 12 193113666.410
5 13 333693275.964
5 14 1878839.335
5 15 146997484.485
5 16 2324030.505
5 17 56710161.221
5 18 24441199.601
5 19 48578461.703
5 20 125333773.361
5 21 171842105.487
5 22 30015849.629
6 0 222856758.385
6 1 200470225.384
6 2 47558126.519
6 3 20416155.160
6 4 44145694.943
6 5 40037945.042
6 7 254263077.359
6 8 22629846.299
6 9 256718621.035
6 10 184584091.889
6 11 117083763.592
6 12 185404251.628
6 13 229130150.769
6 14 1160241.351
6 15 291840602.074
6 16 2881310.199
6 17 118576631.050
6 18 20126773.276
6 19 141356134.837
6 20 207285027.926
6 21 171457069.951
6 22 36794123.442
7 0 742302023.001
7 1 847492818.239
7 2 165471032.263
7 3 269078681.474
7 4 78843022.807
7 5 92730025.297
7 6 239716090.112
7 8 171231210.442
7 9 721742072.361
7 10 1057789875.152
7 11 677369345.705
7 12 766458921.908
7 13 862656680.948
7 14 8466104.806
7 15 1029521961.924
7 16 8720801.827
7 17 259473494.442
7 18 161385680.038
7 19 831038399.432
7 20 1498389993.766
7 21 1136985806.180
7 22 181676295.236
8 0 265852557.058
8 1 136213820.364
8 2 31643568.941
8 3 17772582.055
8 4 13464146.015
8 5 47376953.049
8 6 30728544.673
8 7 169207676.875
8 9 114606644.200
8 10 287589676.388
8 11 102185060.453
8 12 212286738.940
8 13 296089762.433
8 14 1873661.628
8 15 105428419.954
8 16 1498076.055
8 17 68385755.089
8 18 14975353.966
8 19 101071848.593
8 20 207347605.653
8 21 146308343.760
8 22 38702111.389
9 0 1634317358.218
9 1 747301603.411
9 2 190437511.424
9 3 287238964.108
9 4 314477841.441
9 5 232360048.316
9 6 190650275.135
9 7 1771759860.083
9 8 124905162.571
9 10 1031525095.659
9 11 305938555.261
9 12 724377147.052
9 13 1024706805.501
9 14 19991228.621
9 15 1544960014.822
9 16 18517547.138
9 17 798790480.539
9 18 200238514.220
9 19 854584108.515
9 20 742245765.225
9 21 810124144.844
9 22 301267371.058
10 0 1937860682.267
10 1 1031976528.802
10 2 183342688.722
10 3 149584414.204
10 4 158894298.583
10 5 114057658.763
10 6 164841796.013
10 7 1879758562.323
10 8 120015231.952
10 9 1763143562.037
10 11 320435282.866
10 12 2603980849.391
10 13 2201019598.847
10 14 21197544.525
10 15 614676259.227
10 16 7111989.698
10 17 874963588.608
10 18 174886635.931
10 19 535051272.622
10 20 2329175469.706
10 21 1405436988.312
10 22 90074702.381
11 0 398068590.197
11 1 184608687.001
11 2 100569347.142
11 3 68717460.988
11 4 72527562.811
11 5 47290656.504
11 6 42056801.644
11 7 505992857.102
11 8 84629418.811
11 9 387664761.805
11 10 374393639.031
11 12 748762166.703
11 13 711369291.423
11 14 3029974.221
11 15 388581579.214
11 16 3570655.836
11 17 205078097.493
11 18 74924594.460
11 19 234109802.120
11 20 863269886.964
11 21 528182317.583
11 22 35672225.415
12 0 757395699.863
12 1 1504214284.783
12 2 404084429.159
12 3 279867629.826
12 4 210644595.003
12 5 321341743.064
12 6 360596277.232
12 7 1699903721.985
12 8 105085635.912
12 9 2713491108.655
12 10 2250362291.959
12 11 565678871.779
12 13 2755836612.852
12 14 25344912.766
12 15 2098726490.488
12 16 9162589.181
12 17 733600790.089
12 18 83479077.167
12 19 1097457797.648
12 20 1926794429.651
12 21 1615605574.854
12 22 341403344.125
13 0 927695511.023
13 1 545257923.362
13 2 122021588.020
13 3 173753170.581
13 4 158895794.411
13 5 249471373.953
13 6 195113102.189
13 7 1735515894.613
13 8 107328695.373
13 9 965233962.918
13 10 1292680233.461
13 11 635724413.121
13 12 2603533246.352
13 14 16478032.034
13 15 2239388339.101
13 16 7616591.431
13 17 463178893.898
13 18 126536447.504
13 19 682095301.297
13 20 867504349.013
13 21 1125119080.448
13 22 305906715.942
14 0 16493433.126
14 1 4678257.182
14 2 2904248.496
14 3 3074579.900
14 4 2170962.310
14 5 2777869.243
14 6 947829.681
14 7 11477108.130
14 8 2007686.723
14 9 15689198.195
14 10 21127017.641
14 11 2250156.053
14 12 22150991.604
14 13 15716165.959
14 15 20584761.077
14 16 178375.783
14 17 2358110.264
14 18 1456763.673
14 19 5135830.440
14 20 9501658.898
14 21 12970947.340
14 22 1686353.023
15 0 1845658767.872
15 1 1283803913.124
15 2 192195194.610
15 3 291530558.538
15 4 286596284.612
15 5 338650399.902
15 6 257076352.057
15 7 1424430220.966
15 8 341699811.990
15 9 745947797.185
15 10 2168579638.515
15 11 776584321.756
15 12 944778095.943
15 13 2273883636.512
15 14 12773516.156
15 16 18678422.653
15 17 641873965.959
15 18 160001187.486
15 19 759780567.918
15 20 1740854386.693
15 21 1076698288.174
15 22 173990297.268
16 0 9065053.370
16 1 12370110.261
16 2 3102020.762
16 3 1371679.311
16 4 2664912.966
16 5 879099.735
16 6 1258373.247
16 7 17167778.489
16 8 889584.093
16 9 16117404.424
16 10 16948455.045
16 11 6642241.561
16 12 14841066.318
16 13 7920896.463
16 14 61762.616
16 15 19199702.162
16 17 7655900.660
16 18 875056.388
16 19 6048128.543
16 20 12160694.428
16 21 4520234.575
16 22 880246.036
17 0 600440549.454
17 1 546658217.874
17 2 84014555.034
17 3 63157942.008
17 4 125137897.654
17 5 73634445.708
17 6 95376063.486
17 7 306996823.546
17 8 106599067.061
17 9 486246208.123
17 10 929843145.578
17 11 188368773.050
17 12 334001755.462
17 13 499124294.149
17 14 4856892.270
17 15 815878667.944
17 16 6019688.641
17 18 31448112.030
17 19 175484031.965
17 20 278527097.601
17 21 334348239.257
17 22 54198446.981
18 0 79149479.362
18 1 116037209.005
18 2 19091815.806
18 3 16772692.546
18 4 22028151.387
18 5 12344558.102
18 6 21555720.701
18 7 125859495.106
18 8 25351698.330
18 9 167831326.757
18 10 216141666.836
18 11 55810198.260
18 12 183480368.830
18 13 159263504.635
18 14 1851716.289
18 15 129266679.146
18 16 1641056.137
18 17 27647196.840
18 19 92057707.666
18 20 77391271.890
18 21 85371451.681
18 22 15176987.885
19 0 371746122.554
19 1 276992406.268
19 2 144947328.947
19 3 126250393.336
19 4 69715834.769
19 5 126170987.449
19 6 45306216.057
19 7 460923794.374
19 8 111572812.260
19 9 857201584.334
19 10 1051796844.587
19 11 200124467.942
19 12 1003350716.083
19 13 479660139.631
19 14 6012985.071
19 15 276403339.341
19 16 3999605.481
19 17 267780337.701
19 18 88404315.343
19 20 828208217.490
19 21 474309402.294
19 22 51400636.582
20 0 1652051527.481
20 1 1112566516.941
20 2 117051731.892
20 3 327493088.367
20 4 130106310.700
20 5 154196561.021
20 6 139587478.398
20 7 1222871510.816
20 8 290857241.650
20 9 1551706791.683
20 10 1649044161.184
20 11 694408674.974
20 12 3002602786.207
20 13 1911867301.273
20 14 14721527.819
20 15 2407151511.727
20 16 16725028.468
20 17 458395287.943
20 18 230302232.158
20 19 732063158.091
20 21 1219863399.232
20 22 234991182.746
21 0 353215538.611
21 1 737907139.095
21 2 188230153.836
21 3 139643831.263
21 4 150073150.236
21 5 166472897.300
21 6 105373353.702
21 7 756150583.685
21 8 124534601.042
21 9 598948509.959
21 10 954239783.369
21 11 549910672.416
21 12 785447873.772
21 13 1567301333.992
21 14 5287893.385
21 15 929673273.005
21 16 6520470.841
21 17 347239588.274
21 18 38705647.861
21 19 372300031.521
21 20 1246346268.665
21 22 187595742.878
22 0 158551330.507
22 1 179201632.745
22 2 45899226.486
22 3 40102461.999
22 4 13794115.753
22 5 12921537.931
22 6 47417618.368
22 7 134060180.078
22 8 28354415.383
22 9 249391354.668
22 10 348562143.257
22 11 91425070.836
22 12 375086054.523
22 13 125581751.397
22 14 848532.867
22 15 237591506.336
22 16 2309298.739
22 17 121226875.164
22 18 24755308.200
22 19 110754456.613
22 20 277440897.758
22 21 155236176.649
