506
0 1 346508101.163
0 2 205224486.665
0 3 245231379.939
0 4 230071976.770
0 5 185363740.745
0 6 286334918.994
0 7 612450713.942
0 8 195283730.886
0 9 1037434451.361
0 10 1837408603.447
0 11 445700607.367
0 12 1478680687.144
0 13 616848806.692
0 14 12023452.901
0 15 2061819366.986
0 16 7052300.116
0 17 515628894.940
0 18 59665300.387
0 19 358944930.131
0 20 1066608012.348
0 21 469434460.455
0 22 167271583.810
1 0 1266248169.931
1 2 152779944.018
1 3 157312467.951
1 4 129020065.022
1 5 178026727.545
1 6 192188263.102
1 7 1037047531.864
1 8 201291037.459
1 9 1103778539.966
1 10 1168690633.076
1 11 247843086.963
1 12 541558806.429
1 13 1574962275.697
1 14 6471699.280
1 15 670628234.162
1 16 12458121.696
1 17 388081853.653
1 18 53061719.949
1 19 435236025.209
1 20 1532444678.559
1 21 454620024.217
1 22 167477483.497
2 0 219918154.933
2 1 111465447.781
2 3 23457175.367
2 4 26640594.188
2 5 42138265.315
2 6 37303969.910
2 7 284868797.349
2 8 41891949.645
2 9 266611795.511
2 10 307980460.989
2 11 116599407.459
2 12 259760450.851
2 13 352019691.206
2 14 1244728.382
2 15 173593765.374
2 16 1289885.051
2 17 104809545.046
2 18 15009408.451
2 19 66547047.072
2 20 174611359.346
2 21 130917470.764
2 22 19472272.460
3 0 147017192.204
3 1 219283940.550
3 2 46351788.886
3 4 32404589.404
3 5 23166404.742
3 6 26953739.763
3 7 292447964.372
3 8 42063902.274
3 9 175825719.350
3 10 236770623.371
3 11 90307843.953
3 12 137798993.506
3 13 276377090.090
3 14 2947309.343
3 15 159383614.121
3 16 2717138.245
3 17 38127068.522
3 18 25701900.515
3 19 99417640.691
3 20 358492657.874
3 21 194894974.761
3 22 24923007.097
4 0 280385749.354
4 1 147681293.065
4 2 49427676.723
4 3 30306126.421
4 5 13231612.440
4 6 20849817.040
4 7 152509102.254
4 8 32466311.350
4 9 258399841.277
4 10 270727889.905
4 11 47827159.942
4 12 313285767.779
4 13 136364520.971
4 14 970677.129
4 15 245250783.827
4 16 1872788.453
4 17 131167037.900
4 18 9151240.895
4 19 78665745.173
4 20 130303625.963
4 21 197606783.727
4 22 12894231.184
5 0 218872873.624
5 1 125660781.063
5 2 13217232.137
5 3 23232853.621
5 4 13461996.381
5 6 16310091.406
5 7 228260318.246
5 8 16870513.683
5 9 100630319.041
5 10 306939582.780
5 11 113126552.853
5 12 349185904.589
5 13 211574769.909
5 14 2304838.056
5 15 106264757.313
5 16 1515790.408
5 17 99921926.694
5 18 7979810.285
5 19 48012276.436
5 20 269046201.122
5 21 184042694.302
5 22 46395869.637
6 0 290170753.853
6 1 180260070.105
6 2 33555080.676
6 3 41781731.490
6 4 47373983.939
6 5 21822327.644
6 7 89680178.432
6 8 38719869.462
6 9 122393298.312
6 10 127731401.602
6 11 84945282.885
6 12 369163573.346
6 13 235545582.373
6 14 1608367.737
6 15 334382249.516
6 16 1945369.403
6 17 44492300.019
6 18 16511816.133
6 19 41338634.357
6 20 101879934.570
6 21 128697224.358
6 22 38800920.449
7 0 1612245921.965
7 1 560788470.375
7 2 177864853.069
7 3 173865334.068
7 4 271824556.595
7 5 124965396.982
7 6 157808317.596
7 8 276838618.789
7 9 1306342724.520
7 10 574948292.596
7 11 687828607.414
7 12 2389918941.765
7 13 1325829225.694
7 14 13485422.262
7 15 816057180.703
7 16 10102771.343
7 17 686808224.307
7 18 82604020.322
7 19 401217850.527
7 20 715385773.990
7 21 878207587.205
7 22 137711404.742
8 0 288725157.623
8 1 87117506.044
8 2 23136726.896
8 3 48720231.687
8 4 41374840.614
8 5 49132744.584
8 6 23094271.986
8 7 160344571.215
8 9 164560728.051
8 10 107181161.823
8 11 35156250.061
8 12 270420328.851
8 13 258414580.910
8 14 992155.030
8 15 264271393.838
8 16 1128634.761
8 17 63354843.457
8 18 24405502.720
8 19 43314154.828
8 20 219226135.094
8 21 57197281.136
8 22 25250230.502
9 0 520043290.106
9 1 881088739.449
9 2 165889300.785
9 3 305043306.470
9 4 197801158.941
9 5 102349034.192
9 6 189936984.789
9 7 516142913.225
9 8 244580425.702
9 10 2038165733.084
9 11 249819000.071
9 12 2106501501.295
9 13 2074467168.624
9 14 7516898.013
9 15 1439099166.919
9 16 14785023.398
9 17 438390860.237
9 18 74972412.451
9 19 814735844.282
9 20 856930001.646
9 21 1067091106.082
9 22 212884897.209
10 0 1416888127.797
10 1 572517057.781
10 2 218714216.146
10 3 157033175.082
10 4 187926997.055
10 5 330149477.038
10 6 233368584.331
10 7 750977423.413
10 8 116427688.550
10 9 1392250604.826
10 11 327481044.599
10 12 1769411469.375
10 13 915511318.595
10 14 15566878.502
10 15 819460295.993
10 16 9850147.629
10 17 456956922.575
10 18 111875161.792
10 19 317101050.209
10 20 1610923368.815
10 21 854622451.880
10 22 248678232.574
11 0 663589818.245
11 1 223071179.281
11 2 48902028.769
11 3 111881721.570
11 4 38054953.021
11 5 112274199.366
11 6 107167673.042
11 7 575716656.479
11 8 116218840.917
11 9 610854535.183
11 10 226199918.330
11 12 599421483.205
11 13 397566619.219
11 14 5780976.264
11 15 554811203.856
11 16 2401057.070
11 17 352438539.793
11 18 33648228.863
11 19 161788836.897
11 20 303245256.042
11 21 149952566.945
11 22 102858374.598
12 0 1805043455.384
12 1 949232018.052
12 2 253268970.591
12 3 267196969.302
12 4 279688609.331
12 5 203889724.560
12 6 248207630.911
12 7 1239032629.270
12 8 319730149.803
12 9 969042561.621
12 10 2904617960.230
12 11 436587229.055
12 13 945900296.373
12 14 14361300.733
12 15 1875077323.825
12 16 17850476.165
12 17 549731867.661
12 18 69940824.486
12 19 619646371.129
12 20 1404935295.817
12 21 967203444.177
12 22 402743844.944
13 0 815132939.715
13 1 1162204537.536
13 2 223056502.518
13 3 227838187.745
13 4 101548159.071
13 5 103787050.644
13 6 136981524.400
13 7 1769150773.156
13 8 344191898.499
13 9 1818475999.831
13 10 2497269798.437
13 11 283953852.480
13 12 2652444139.445
13 14 6975521.782
13 15 2418726342.669
13 16 17246419.693
13 17 612461054.112
13 18 132722910.720
13 19 764042714.348
13 20 2146695380.996
13 21 1055950882.801
13 22 358910235.087
14 0 9988214.886
14 1 9789003.163
14 2 2252982.240
14 3 2334843.352
14 4 2853934.759
14 5 2063081.946
14 6 2818145.277
14 7 8213560.046
14 8 2980319.115
14 9 9466430.077
14 10 21005660.034
14 11 2531291.830
14 12 10090174.651
14 13 8525570.434
14 15 15003078.040
14 16 124070.753
14 17 6109691.461
14 18 1186760.718
14 19 6809822.718
14 20 17100828.898
14 21 6360650.187
14 22 1567061.580
15 0 1122058709.123
15 1 1328039321.514
15 2 174489186.315
15 3 213159868.989
15 4 152931082.889
15 5 195370559.479
15 6 135640820.852
15 7 1811287807.978
15 8 196140230.980
15 9 637976609.491
15 10 1826176042.716
15 11 836122753.942
15 12 1331860054.159
15 13 1653469566.622
15 14 12159362.729
15 16 14029993.646
15 17 560510901.980
15 18 141520201.960
15 19 995794318.657
15 20 1931437732.766
15 21 565289113.181
15 22 269964862.451
16 0 18399369.034
16 1 10123258.619
16 2 1956821.989
16 3 1585495.373
16 4 816486.088
16 5 2818856.728
16 6 2655860.844
16 7 6367266.109
16 8 1355927.904
16 9 11734223.398
16 10 8493071.557
16 11 7251139.421
16 12 23820466.080
16 13 12840457.238
16 14 118651.108
16 15 9265406.787
16 17 3778141.777
16 18 1078964.850
16 19 4457480.900
16 20 9118272.576
16 21 7924167.369
16 22 2659373.848
17 0 544591528.014
17 1 178740629.750
17 2 93863439.742
17 3 83486538.792
17 4 134503387.426
17 5 96683263.261
17 6 121724108.607
17 7 672648723.389
17 8 126806849.495
17 9 524964977.122
17 10 983697227.298
17 11 255555709.751
17 12 1107897809.412
17 13 419137961.729
17 14 6249267.868
17 15 1031779953.512
17 16 4279099.426
17 18 34437242.839
17 19 263022980.872
17 20 817866793.269
17 21 504720137.293
17 22 93923725.516
18 0 123693072.782
18 1 76786571.179
18 2 28149975.550
18 3 13902368.188
18 4 20459348.452
18 5 20163142.884
18 6 22856180.893
18 7 51947809.280
18 8 27515614.212
18 9 70507280.040
18 10 136292317.825
18 11 63150508.520
18 12 104811873.500
18 13 89035243.220
18 14 935587.419
18 15 215710207.830
18 16 659255.056
18 17 30713052.014
18 19 65966242.485
18 20 90219873.242
18 21 108660845.694
18 22 13929012.419
19 0 555570346.938
19 1 239123943.696
19 2 48328928.383
19 3 112206961.122
19 4 38401093.100
19 5 128653097.967
19 6 111440047.473
19 7 765769313.599
19 8 128881309.783
19 9 280426843.707
19 10 933312239.946
19 11 165728697.836
19 12 1202673041.495
19 13 589940400.718
19 14 6574992.255
19 15 648743514.666
19 16 2788160.536
19 17 233694912.088
19 18 23871810.244
19 20 812532091.100
19 21 351717155.843
19 22 113043053.939
20 0 1981861578.705
20 1 1006211899.032
20 2 193879085.964
20 3 325206237.633
20 4 313354728.818
20 5 174764668.411
20 6 275945046.601
20 7 1768541094.666
20 8 229558156.680
20 9 1601515465.093
20 10 661114264.939
20 11 352013841.289
20 12 861681092.487
20 13 758080875.569
20 14 7182314.083
20 15 841355315.981
20 16 13013264.245
20 17 947591409.209
20 18 222506960.050
20 19 868711259.763
20 21 1445083572.491
20 22 177876251.598
21 0 557420838.143
21 1 484184545.980
21 2 150679958.160
21 3 65619882.158
21 4 146184292.663
21 5 131309982.299
21 6 193624872.254
21 7 1024918180.045
21 8 193384362.322
21 9 426302502.295
21 10 984349597.634
21 11 167984737.831
21 12 1262403398.382
21 13 452232840.145
21 14 4256282.129
21 15 1229221836.863
21 16 8649512.292
21 17 645049690.968
21 18 41118298.026
21 19 580370946.855
21 20 761219869.512
21 22 171591747.618
22 0 156570640.392
22 1 173663087.037
22 2 33056783.524
22 3 42955350.522
22 4 42439406.765
22 5 16316278.184
22 6 38032155.237
22 7 89636527.302
22 8 37863867.335
22 9 85758137.274
22 10 139066981.706
22 11 99636079.525
22 12 360963461.222
22 13 185843662.732
22 14 2732090.512
22 15 101177673.465
22 16 2285781.674
22 17 143973042.440
22 18 18662768.902
22 19 139769673.697
22 20 151991198.682
22 21 76627282.448
