506
0 1 984735238.302
0 2 93679314.292
0 3 289865708.308
0 4 226937852.898
0 5 123511397.629
0 6 176014743.425
0 7 1687825435.225
0 8 168810504.302
0 9 1116753346.755
0 10 2019277644.667
0 11 305944180.252
0 12 750283555.903
0 13 1564302263.537
0 14 16446126.489
0 15 1718200510.669
0 16 15196487.091
0 17 403798921.939
0 18 186262786.789
0 19 468916146.726
0 20 1943776399.110
0 21 559896085.494
0 22 112813257.985
1 0 571039814.614
1 2 191290491.422
1 3 194208690.026
1 4 178772603.378
1 5 176330578.935
1 6 65825640.023
1 7 366880996.427
1 8 137551963.105
1 9 1336076627.239
1 10 1200777417.747
1 11 532504315.422
1 12 1557602664.842
1 13 1352359276.413
1 14 10309622.327
1 15 647798858.981
1 16 7264583.975
1 17 518711459.653
1 18 81266539.656
1 19 219652941.590
1 20 754968332.933
1 21 453856848.958
1 22 133379337.788
2 0 296449220.736
2 1 216476592.891
2 3 23160236.010
2 4 47208831.258
2 5 29437214.333
2 6 22787756.264
2 7 187825147.484
2 8 39876430.050
2 9 296907936.039
2 10 210916109.179
2 11 47448325.894
2 12 396128885.946
2 13 233865881.705
2 14 1200636.919
2 15 151485569.798
2 16 2252194.127
2 17 101802321.421
2 18 27904790.839
2 19 103939631.929
2 20 304821733.815
2 21 126529194.802
2 22 15996173.981
3 0 159012885.221
3 1 105021779.292
3 2 33405894.923
3 4 33054659.787
3 5 35580487.764
3 6 49152991.512
3 7 283475120.629
3 8 20973751.040
3 9 259610708.165
3 10 244677358.201
3 11 34341209.398
3 12 390132569.972
3 13 184932171.011
3 14 1946400.978
3 15 125940602.890
3 16 3008323.387
3 17 88591305.672
3 18 30132166.361
3 19 55350032.166
3 20 148846551.978
3 21 136944646.650
3 22 30906886.231
4 0 189878067.389
4 1 101632981.604
4 2 42405696.141
4 3 30322089.260
4 5 17453155.018
4 6 27690628.504
4 7 175510427.018
4 8 24866257.998
4 9 130810536.557
4 10 146457752.108
4 11 92249976.270
4 12 153558959.502
4 13 250178318.551
4 14 2040283.454
4 15 201491606.753
4 16 998173.653
4 17 39205603.711
4 18 9531839.293
4 19 110064033.114
4 20 97323729.373
4 21 95524166.637
4 22 42794732.028
5 0 249804048.139
5 1 75203623.525
5 2 47945649.793
5 3 28621248.874
5 4 40197857.517
5 6 28480396.893
5 7 76639056.257
5 8 34041833.432
5 9 250339094.995
5 10 247860785.602
5 11 84610177.854
5 12 370612630.772
5 13 259083915.650
5 14 2658165.629
5 15 162756492.432
5 16 2719573.578
5 17 71495995.889
5 18 14720418.232
5 19 124455154.576
5 20 216505493.230
5 21 79739499.995
5 22 34419682.683
6 0 225495430.649
6 1 78309839.037
6 2 23795727.540
6 3 41041457.933
6 4 48185933.061
6 5 33770228.508
6 7 132329994.767
6 8 37425065.468
6 9 225348842.335
6 10 152282068.643
6 11 34090359.343
6 12 229666458.540
6 13 184646294.022
6 14 865355.315
6 15 283141130.107
6 16 2409229.100
6 17 59706382.037
6 18 12393734.617
6 19 80615015.722
6 20 162984338.859
6 21 100011225.434
6 22 18426251.375
7 0 513616150.239
7 1 697484803.419
7 2 252656527.604
7 3 108600018.831
7 4 206823314.093
7 5 136197203.281
7 6 219579653.428
7 8 91839277.243
7 9 1012889617.131
7 10 539313123.320
7 11 691242957.680
7 12 1844780439.460
7 13 2019268724.381
7 14 4800113.211
7 15 670167551.599
7 16 5531019.354
7 17 457201951.301
7 18 165176519.680
7 19 667701527.341
7 20 1503766339.439
7 21 370842338.401
7 22 148179894.638
8 0 268600930.070
8 1 59471360.060
8 2 17251062.343
8 3 35908094.113
8 4 17348896.142
8 5 46856196.556
8 6 29116713.056
8 7 248840571.322
8 9 101591607.177
8 10 271271977.992
8 11 90992283.081
8 12 131193742.500
8 13 277040561.671
8 14 2903882.440
8 15 267769201.569
8 16 1364517.926
8 17 81167451.805
8 18 10131411.364
8 19 94832390.291
8 20 277614868.649
8 21 103064922.944
8 22 35665769.725
9 0 1539315827.369
9 1 999277766.390
9 2 255690860.688
9 3 161312478.366
9 4 97304697.138
9 5 183518551.932
9 6 294240613.083
9 7 1676922306.399
9 8 108046631.012
9 10 589416068.283
9 11 617526487.140
9 12 1258033727.281
9 13 1175721940.123
9 14 13939670.562
9 15 1599710461.326
9 16 16177278.360
9 17 404049710.805
9 18 61321793.665
9 19 524342101.189
9 20 1337559370.142
9 21 922748058.156
9 22 105150338.725
10 0 1741591071.003
10 1 669883819.454
10 2 125307848.228
10 3 307834437.187
10 4 279043196.898
10 5 191573924.126
10 6 335283772.093
10 7 1307127634.192
10 8 173529810.266
10 9 1468905592.632
10 11 437565303.765
10 12 1517637821.426
10 13 680280376.682
10 14 15197762.559
10 15 1274209408.792
10 16 14601466.549
10 17 372235782.903
10 18 190326017.198
10 19 270404577.460
10 20 2400335960.484
10 21 1474130953.863
10 22 186854731.125
11 0 611507844.094
11 1 345424340.544
11 2 103158879.404
11 3 116653825.522
11 4 117616395.779
11 5 53671770.940
11 6 40223048.825
11 7 259051120.650
11 8 55393321.020
11 9 751232506.631
11 10 742453242.859
11 12 292799394.425
11 13 612200611.250
11 14 6946922.679
11 15 829069952.066
11 16 6491553.947
11 17 234459901.428
11 18 26229385.288
11 19 309213972.156
11 20 681433385.904
11 21 516767357.782
11 22 119816669.426
12 0 1544032953.990
12 1 575990568.011
12 2 234738038.045
12 3 198524401.510
12 4 265923915.178
12 5 403232545.498
12 6 219604115.310
12 7 1610717489.516
12 8 346759538.283
12 9 875454468.951
12 10 2086367361.855
12 11 534372984.129
12 13 1990375885.052
12 14 17015151.182
12 15 2309521583.368
12 16 14943360.380
12 17 811314419.595
12 18 172136516.938
12 19 321005019.225
12 20 2670051416.651
12 21 1248387316.007
12 22 267591652.182
13 0 1162783065.706
13 1 428508403.136
13 2 137006920.426
13 3 204560106.984
13 4 94387840.770
13 5 107326829.918
13 6 215581772.265
13 7 1572963981.376
13 8 273447032.679
13 9 2014957896.930
13 10 2551691183.144
13 11 323060134.279
13 12 1328777287.946
13 14 22494833.059
13 15 2337933367.313
13 16 18122103.165
13 17 1099272217.157
13 18 196246515.285
13 19 1104365513.792
13 20 1928615164.375
13 21 1053369824.825
13 22 176178690.835
14 0 10835111.203
14 1 13758566.747
14 2 1072179.381
14 3 1424749.031
14 4 1703631.511
14 5 1010047.351
14 6 1170710.109
14 7 11826624.088
14 8 2015683.226
14 9 8328504.826
14 10 7637351.964
14 11 2788151.381
14 12 13783165.324
14 13 6690710.226
14 15 17713178.547
14 16 56847.664
14 17 3378862.661
14 18 1857262.245
14 19 9099587.000
14 20 10357680.995
14 21 4158893.525
14 22 2091326.424
15 0 652603291.293
15 1 821806656.054
15 2 198477330.104
15 3 340417744.283
15 4 205006925.867
15 5 177362047.331
15 6 226636200.918
15 7 1583594068.045
15 8 300037046.416
15 9 2152837072.437
15 10 1120231482.623
15 11 223154654.328
15 12 888274149.748
15 13 1644905302.397
15 14 16269226.147
15 16 20676110.970
15 17 734423847.246
15 18 131809026.946
15 19 484004966.604
15 20 2387060960.844
15 21 949200952.383
15 22 176717961.153
16 0 17291833.772
16 1 9594019.241
16 2 1201869.722
16 3 2670642.569
16 4 2669927.112
16 5 1326606.269
16 6 1669020.455
16 7 10581892.553
16 8 1483031.173
16 9 16302920.987
16 10 20457414.055
16 11 6859717.954
16 12 22624252.232
16 13 7899861.523
16 14 122568.969
16 15 12040622.211
16 17 7808721.845
16 18 1342082.093
16 19 7389857.721
16 20 20008870.896
16 21 6295575.273
16 22 2221529.573
17 0 565363209.687
17 1 658292692.458
17 2 139920394.379
17 3 97999174.124
17 4 113239881.089
17 5 98981050.925
17 6 87672343.722
17 7 234433418.413
17 8 79993013.344
17 9 505767438.730
17 10 726486855.373
17 11 272274628.965
17 12 1250869422.804
17 13 918274148.283
17 14 3814383.117
17 15 788822159.961
17 16 9091688.283
17 18 55253847.156
17 19 228510036.283
17 20 354129608.528
17 21 534773279.218
17 22 128324509.685
18 0 46833401.209
18 1 80687239.533
18 2 10792144.458
18 3 28122116.487
18 4 26001553.645
18 5 13634971.692
18 6 17637652.501
18 7 141249865.576
18 8 28853552.867
18 9 141587713.966
18 10 153610627.766
18 11 33510536.229
18 12 149326005.624
18 13 204319258.769
18 14 1235331.153
18 15 207742465.511
18 16 852317.425
18 17 41098428.702
18 19 47385609.486
18 20 172963898.553
18 21 47155477.480
18 22 28487910.563
19 0 616365427.145
19 1 227865939.912
19 2 112158232.831
19 3 37565185.256
19 4 130236604.537
19 5 92880911.232
19 6 85215737.649
19 7 726214321.539
19 8 66017332.532
19 9 479511024.347
19 10 945793339.521
19 11 126818691.558
19 12 745252300.760
19 13 883740167.288
19 14 7195447.452
19 15 897111877.706
19 16 4954446.541
19 17 195741950.241
19 18 63824831.223
19 20 382349506.699
19 21 360419479.084
19 22 108948270.014
20 0 554079672.677
20 1 1079335495.997
20 2 109475250.260
20 3 187720230.403
20 4 205323389.192
20 5 232602887.622
20 6 154180660.322
20 7 1913772146.918
20 8 119245860.751
20 9 1480861421.780
20 10 1390073154.994
20 11 660304535.932
20 12 2689684568.537
20 13 1513531667.942
20 14 16940988.997
20 15 1734735776.794
20 16 6637661.294
20 17 969394979.222
20 18 213523976.950
20 19 391882140.684
20 21 1481268606.479
20 22 166169358.802
21 0 799373036.184
21 1 962486152.571
21 2 107342915.175
21 3 123835985.318
21 4 152431902.433
21 5 180192236.689
21 6 179213096.424
21 7 394118134.638
21 8 85050302.391
21 9 970137406.741
21 10 1463660028.472
21 11 159385461.921
21 12 1659757454.751
21 13 1413974006.715
21 14 10713198.076
21 15 808462170.813
21 16 9444290.569
21 17 400297208.137
21 18 126967879.711
21 19 391106413.767
21 20 720967100.892
21 22 169881929.546
22 0 294182164.561
22 1 121659560.528
22 2 31391635.693
22 3 45112274.701
22 4 12514918.541
22 5 40036158.696
22 6 41416409.244
22 7 213729762.366
22 8 36563616.124
22 9 210423880.591
22 10 243556848.865
22 11 98661095.746
22 12 189549929.729
22 13 139212120.720
22 14 2783771.451
22 15 209130760.070
22 16 1434222.404
22 17 139154702.164
22 18 15548590.186
22 19 93005200.631
22 20 172237439.841
22 21 100856060.073
