506
0 1 775480340.036
0 2 245492286.781
0 3 256099886.610
0 4 253346797.227
0 5 101098708.125
0 6 100103414.673
0 7 1411400422.699
0 8 84958771.045
0 9 1605630488.231
0 10 544188396.474
0 11 227134133.799
0 12 1052876623.855
0 13 2016383787.590
0 14 17598421.502
0 15 1456836630.099
0 16 9087459.721
0 17 640240352.476
0 18 126060318.690
0 19 227705848.266
0 20 2150036812.567
0 21 1010789875.054
0 22 121528738.126
1 0 769899672.255
1 2 145245650.646
1 3 164684098.501
1 4 222565861.533
1 5 73503149.778
1 6 133305282.197
1 7 1194534551.388
1 8 86211285.330
1 9 1247620711.867
1 10 1169962570.995
1 11 334762180.705
1 12 898699819.259
1 13 529056798.878
1 14 7458318.610
1 15 689764832.849
1 16 3880821.054
1 17 273787960.002
1 18 108128268.324
1 19 198779126.123
1 20 1555935158.174
1 21 457041885.758
1 22 92517418.083
2 0 297220851.403
2 1 73498048.253
2 3 43161567.571
2 4 35585549.869
2 5 24824710.572
2 6 31351155.506
2 7 229394639.404
2 8 15823073.802
2 9 311923625.188
2 10 229054676.993
2 11 53353675.435
2 12 412116414.518
2 13 283315378.914
2 14 2314775.537
2 15 291300019.769
2 16 2972375.952
2 17 127443785.212
2 18 15655038.838
2 19 135526294.112
2 20 142511600.974
2 21 209203045.602
2 22 43953988.280
3 0 132913991.479
3 1 176719406.674
3 2 38261591.752
3 4 43379411.151
3 5 12570333.345
3 6 48003128.600
3 7 92108773.882
3 8 42106742.527
3 9 271313559.046
3 10 182463915.960
3 11 53647772.188
3 12 170069482.989
3 13 143293733.025
3 14 1268464.745
3 15 206480705.364
3 16 2119479.556
3 17 107058125.632
3 18 15845959.026
3 19 106273649.915
3 20 162688966.643
3 21 157173264.839
3 22 27110609.089
4 0 212928794.839
4 1 220309327.026
4 2 45864639.053
4 3 37535670.467
4 5 48563352.901
4 6 16029327.934
4 7 73942378.274
4 8 14783473.736
4 9 279642640.248
4 10 221113272.935
4 11 59888889.804
4 12 288004692.646
4 13 187010738.253
4 14 2524592.035
4 15 262995470.200
4 16 2009250.073
4 17 83058245.520
4 18 28422752.063
4 19 126387189.962
4 20 319949556.587
4 21 74449935.537
4 22 34520199.634
5 0 221378051.173
5 1 107219332.692
5 2 26166206.710
5 3 46062294.418
5 4 35607309.722
5 6 49034771.796
5 7 240056830.472
5 8 12515962.924
5 9 94260756.207
5 10 207488663.431
5 11 111595249.092
5 12 252924211.389
5 13 239682811.002
5 14 2010344.639
5 15 92785617.606
5 16 1584773.561
5 17 84225137.606
5 18 25626900.559
5 19 44046251.275
5 20 339591882.632
5 21 146144357.314
5 22 47920793.718
6 0 253903627.347
6 1 142762112.902
6 2 17393653.858
6 3 38654168.125
6 4 29517723.562
6 5 31086327.395
6 7 131762343.589
6 8 15130447.861
6 9 241133147.752
6 10 262668212.522
6 11 113843891.998
6 12 188478857.939
6 13 231838115.019
6 14 929651.311
6 15 165247256.662
6 16 1291811.496
6 17 70249710.690
6 18 29519294.061
6 19 93124383.823
6 20 247509895.642
6 21 82932727.082
6 22 36154410.327
7 0 1526502573.721
7 1 1103171134.074
7 2 254746965.610
7 3 187214591.854
7 4 188380497.123
7 5 181751679.895
7 6 129504128.485
7 8 115786104.589
7 9 1464200977.994
7 10 617897110.445
7 11 497721005.484
7 12 1882582466.849
7 13 1483249580.740
7 14 5564536.012
7 15 930978476.863
7 16 18343427.042
7 17 787864622.643
7 18 175059890.273
7 19 234520635.511
7 20 1400729651.506
7 21 403153828.437
7 22 222949492.204
8 0 84585602.802
8 1 206473656.882
8 2 42971697.521
8 3 41343684.109
8 4 44250158.229
8 5 43447274.089
8 6 32596355.746
8 7 208030376.712
8 9 92311784.948
8 10 217104540.339
8 11 79902202.349
8 12 266745750.363
8 13 161282796.921
8 14 2979994.218
8 15 319854886.276
8 16 2903657.699
8 17 130122027.871
8 18 21041536.138
8 19 61015634.322
8 20 255560704.622
8 21 183846203.491
8 22 28973800.215
9 0 1885434333.717
9 1 1066880777.755
9 2 320288096.959
9 3 182665221.992
9 4 320542125.643
9 5 300326925.693
9 6 243254109.121
9 7 1272320894.651
9 8 196153995.504
9 10 1311773489.281
9 11 518809482.565
9 12 1324412136.510
9 13 1712546441.264
9 14 14858080.177
9 15 726208016.248
9 16 9401919.351
9 17 247062551.621
9 18 190328290.223
9 19 882765779.223
9 20 1948537610.959
9 21 593721356.024
9 22 112539783.161
10 0 2020995989.860
10 1 1505213545.079
10 2 233682308.236
10 3 149818812.183
10 4 111905352.906
10 5 346416391.380
10 6 265434805.898
10 7 1887466247.354
10 8 106483866.070
10 9 1421932909.560
10 11 319490803.324
10 12 1157499087.195
10 13 941353567.779
10 14 9215640.994
10 15 2240939665.997
10 16 17772535.897
10 17 638634752.557
10 18 111413354.218
10 19 678881235.140
10 20 1219005953.399
10 21 1048926035.006
10 22 222484806.889
11 0 483796058.252
11 1 297041936.366
11 2 103459958.379
11 3 81584379.314
11 4 56176335.660
11 5 99303748.064
11 6 64720157.569
11 7 538051544.243
11 8 104677460.272
11 9 718419535.365
11 10 862433897.459
11 12 981155909.968
11 13 694873821.688
11 14 7339837.563
11 15 816264019.676
11 16 3644779.869
11 17 107335269.671
11 18 27931020.115
11 19 94269057.172
11 20 259514069.743
11 21 486504201.726
11 22 91631356.856
12 0 2433843364.602
12 1 1459950805.389
12 2 415834982.514
12 3 224682207.547
12 4 109400481.571
12 5 375274004.350
12 6 361890271.695
12 7 1690459643.681
12 8 292871315.144
12 9 1267732471.642
12 10 1503066753.896
12 11 785293154.891
12 13 1986124952.926
12 14 7141198.122
12 15 2762019671.670
12 16 23151096.008
12 17 562237659.199
12 18 140707516.848
12 19 475682288.632
12 20 1671965994.656
12 21 580337193.734
12 22 106391518.587
13 0 638493773.942
13 1 784916441.838
13 2 355843338.216
13 3 126845294.761
13 4 216561705.108
13 5 342881541.343
13 6 114458661.197
13 7 1860707986.032
13 8 257362439.106
13 9 746227662.512
13 10 2518480648.066
13 11 761499601.710
13 12 1234254308.366
13 14 17959438.290
13 15 1680188052.109
13 16 22730400.382
13 17 816689206.683
13 18 228235558.703
13 19 954005302.658
13 20 1253680103.575
13 21 511007256.335
13 22 111972523.116
14 0 11515571.703
14 1 5630027.686
14 2 2459282.648
14 3 2189487.901
14 4 1823561.674
14 5 1576639.233
14 6 1430014.748
14 7 18016573.125
14 8 1338543.196
14 9 19813805.507
14 10 20828989.773
14 11 6621789.254
14 12 23640653.773
14 13 9916000.882
14 15 20751913.386
14 16 80747.689
14 17 2364841.924
14 18 1143652.464
14 19 7579323.109
14 20 15433641.969
14 21 6665432.314
14 22 2488883.426
15 0 1306042836.944
15 1 1172315971.890
15 2 288724049.655
15 3 329442575.110
15 4 211426521.264
15 5 108404383.652
15 6 215491577.012
15 7 1213955339.908
15 8 320026353.084
15 9 1300579692.113
15 10 2000191660.707
15 11 707526681.249
15 12 736132273.265
15 13 1174588534.114
15 14 16351775.098
15 16 12231995.247
15 17 504899407.373
15 18 63431274.144
15 19 270642702.411
15 20 1866349207.323
15 21 875269413.856
15 22 192113849.627
16 0 17870736.492
16 1 8646418.394
16 2 2043389.607
16 3 1642460.896
16 4 1430699.389
16 5 1748578.838
16 6 1368000.235
16 7 14758072.926
16 8 2026007.545
16 9 9573968.208
16 10 14603295.375
16 11 2290074.317
16 12 23973346.471
16 13 21070679.755
16 14 62391.000
16 15 19759265.484
16 17 8230365.499
16 18 1121749.784
16 19 7933019.798
16 20 12031608.514
16 21 10719372.304
16 22 2291206.338
17 0 357378588.526
17 1 320306828.626
17 2 49078668.640
17 3 73123979.147
17 4 55190875.105
17 5 77622566.980
17 6 49274122.979
17 7 582335340.702
17 8 72002447.092
17 9 912610631.635
17 10 934158139.015
17 11 247794945.157
17 12 582081075.836
17 13 705830723.882
17 14 8778452.091
17 15 776425269.322
17 16 5347748.100
17 18 57295547.411
17 19 118752414.075
17 20 678677088.258
17 21 478885535.979
17 22 124912646.015
18 0 185769634.366
18 1 123410010.812
18 2 24772594.359
18 3 23199731.211
18 4 9452094.337
18 5 14637580.814
18 6 19191766.074
18 7 121559649.911
18 8 27958150.224
18 9 146014418.565
18 10 145894660.842
18 11 32182729.637
18 12 90090407.990
18 13 212057779.388
18 14 1763586.865
18 15 163685494.417
18 16 1264370.377
18 17 70398144.863
18 19 63865327.556
18 20 167013010.720
18 21 106870797.795
18 22 21829356.254
19 0 289350301.326
19 1 657442682.168
19 2 85907769.271
19 3 134393203.296
19 4 101025374.481
19 5 129169928.332
19 6 108086237.380
19 7 709103147.724
19 8 40865529.422
19 9 773345487.501
19 10 596599307.374
19 11 128085875.925
19 12 776370937.066
19 13 411394176.546
19 14 7044714.398
19 15 389636132.490
19 16 6936318.143
19 17 184603513.479
19 18 30593563.552
19 20 905518674.342
19 21 348395944.813
19 22 59868618.562
20 0 1657828897.782
20 1 1604820101.131
20 2 191664977.532
20 3 290171685.428
20 4 166894352.416
20 5 216080345.945
20 6 219726937.142
20 7 1269424131.326
20 8 171720211.726
20 9 1550396077.682
20 10 1396125060.357
20 11 329402996.378
20 12 1441360470.985
20 13 1730744401.311
20 14 11923239.438
20 15 1890094368.417
20 16 11866216.573
20 17 602192608.574
20 18 198447710.885
20 19 692632335.461
20 21 1622832047.947
20 22 110055685.819
21 0 475520430.793
21 1 968031467.629
21 2 139215884.888
21 3 131988124.338
21 4 187017271.622
21 5 173250826.685
21 6 165420088.115
21 7 595983713.766
21 8 175759678.221
21 9 477295248.891
21 10 601782449.931
21 11 397102498.663
21 12 1140985904.574
21 13 420828131.124
21 14 4198068.167
21 15 829119661.202
21 16 5352566.311
21 17 309852304.763
21 18 42757479.941
21 19 527056325.345
21 20 675325290.634
21 22 96616042.741
22 0 177115002.988
22 1 137688001.452
22 2 48661280.206
22 3 35523660.690
22 4 17063894.322
22 5 37927156.986
22 6 15238718.337
22 7 124708801.135
22 8 39128331.656
22 9 161099865.017
22 10 341670596.730
22 11 74647681.466
22 12 142034366.645
22 13 212673568.190
22 14 1533207.144
22 15 310831809.384
22 16 2755430.249
22 17 100285674.729
22 18 28972422.969
22 19 67284842.397
22 20 191086611.357
22 21 216873973.935
