170
13 22 1543.94
6 9 991.75
12 11 1294.19
0 20 787.34
16 9 1740.60
14 4 1748.00
1 17 825.24
0 7 376.88
13 17 1753.86
14 17 890.46
2 22 927.18
18 19 1430.53
2 5 1258.94
16 19 1834.67
10 8 20.84
9 0 1425.98
4 19 390.61
0 17 1951.66
7 19 1840.84
13 7 1740.96
20 4 284.91
4 10 1226.35
3 2 1783.07
15 18 1590.20
11 0 1285.88
20 19 1509.79
11 21 1672.79
17 13 419.97
15 14 725.01
21 18 1736.09
12 22 1198.50
21 9 1384.58
3 18 1406.67
8 18 908.32
6 13 1218.82
1 6 529.51
9 19 319.44
20 16 1152.03
19 8 1798.32
18 0 943.43
17 8 1451.81
15 21 1142.59
3 11 1802.14
1 15 63.28
15 19 1794.87
6 14 1711.47
17 6 1908.21
14 5 708.44
0 6 806.68
18 5 127.63
20 0 125.59
18 16 640.93
0 11 515.13
22 7 60.72
3 6 156.78
8 6 1298.73
22 10 271.97
4 1 430.14
11 4 51.27
10 4 1580.17
16 4 531.93
6 11 1272.80
12 7 484.07
17 1 1849.85
0 18 1128.91
19 2 1885.31
18 6 196.09
17 22 1521.52
21 11 822.85
20 5 1752.55
3 5 830.39
5 10 610.51
4 17 1856.21
16 11 778.32
12 4 689.66
11 20 1198.73
7 17 1372.64
14 3 1735.30
13 9 59.18
20 15 844.31
12 8 1757.36
18 11 1564.88
21 14 1009.79
11 16 964.42
18 22 246.61
8 13 225.05
22 13 1855.48
1 21 1024.50
2 8 724.16
9 8 459.71
5 13 315.96
3 21 1937.93
8 19 1363.08
4 22 138.69
7 10 612.06
9 18 838.65
7 11 1686.55
11 19 1283.13
1 20 248.61
17 15 1918.98
22 20 711.48
13 12 1725.88
20 12 554.35
2 19 1344.25
15 11 545.09
21 1 209.22
1 14 41.65
5 0 834.95
8 16 1005.99
12 3 472.76
19 21 1374.46
0 22 1352.29
15 22 123.05
14 10 1319.61
18 2 958.90
2 20 206.93
1 4 1670.58
0 12 122.74
14 13 980.97
8 7 1495.31
5 3 712.24
11 7 1471.55
10 5 800.96
12 0 74.91
16 8 983.02
16 14 631.03
19 5 1842.24
1 18 782.91
17 21 1121.41
20 6 967.91
21 7 394.59
9 12 1278.04
4 7 812.86
9 1 296.67
5 6 1387.06
7 14 326.72
6 21 854.55
15 8 1083.51
14 0 1506.45
13 8 823.01
20 8 1866.57
19 0 55.43
15 5 902.27
13 21 323.21
8 14 264.94
5 12 1920.83
3 20 1911.78
10 12 256.82
6 3 422.27
11 1 898.43
9 17 211.87
16 15 1049.88
6 22 1147.83
5 22 1501.12
19 10 891.23
13 11 1203.35
18 13 673.22
16 20 1446.75
22 15 1445.48
4 14 1707.31
17 4 900.55
7 9 1701.61
21 22 1743.47
2 21 1299.99
0 13 1145.25
21 3 1699.12
3 8 96.11
1 8 109.18
22 8 68.88
5 2 1172.48
