197
16 6 219.50
12 1 1111.53
7 3 1385.35
19 4 100.29
18 4 758.74
21 9 780.28
2 22 1274.47
1 6 1103.95
16 8 1325.45
22 6 1482.72
3 7 997.07
5 8 356.26
4 0 1439.98
6 7 1129.04
11 5 190.33
21 18 1748.20
14 18 672.30
5 18 91.63
0 17 796.90
15 11 460.80
14 1 1184.21
13 7 329.39
12 17 802.36
6 21 328.93
15 4 877.38
20 4 247.14
22 3 699.95
4 10 247.87
3 2 1445.54
9 14 382.86
8 2 1552.18
4 5 1773.68
10 13 303.28
8 21 211.97
1 17 676.99
16 0 1371.24
20 19 997.66
17 13 1532.07
14 2 1694.17
13 10 458.92
20 14 5.02
13 19 1236.35
0 1 656.97
3 12 113.93
13 17 1477.00
2 11 1345.74
5 14 1144.50
14 21 334.93
7 8 1315.03
0 19 171.14
20 16 917.54
1 21 379.65
17 8 897.25
7 21 69.74
2 18 1074.32
18 15 1807.76
1 15 665.47
4 12 471.73
3 17 1913.14
10 3 217.18
16 7 1955.83
14 22 1195.28
19 18 1295.92
0 21 1147.72
16 10 724.62
12 13 581.80
1 16 1421.81
16 4 23.57
21 8 1451.10
1 5 577.65
0 11 735.80
22 7 1418.36
3 6 207.93
13 18 1063.27
22 10 454.51
5 4 1795.84
9 20 545.73
7 1 1009.53
21 20 854.42
15 10 931.03
14 6 540.97
13 6 1611.39
20 12 171.27
17 22 508.79
15 7 1904.28
21 11 1131.09
18 21 978.44
0 8 382.16
3 5 572.75
9 13 210.88
5 10 1208.30
3 22 1862.12
9 2 1927.54
8 22 1377.95
6 20 218.22
12 4 395.49
11 20 83.90
14 3 1637.63
20 15 802.24
18 11 327.04
0 2 424.45
6 10 900.85
8 0 656.32
5 13 893.42
10 15 1188.85
6 2 1917.14
6 12 1617.88
9 18 427.86
15 19 1017.13
14 9 1365.17
18 1 1484.93
13 12 585.59
12 20 1332.71
18 12 342.29
7 19 1098.24
21 1 1864.77
4 13 538.03
2 13 287.03
3 16 1891.96
6 15 1846.92
19 21 1310.14
0 22 1663.35
14 10 550.86
13 2 1359.36
12 14 1453.88
20 1 654.85
2 20 1002.09
21 4 276.24
3 9 1873.41
2 3 1167.64
1 9 118.96
8 7 424.73
18 22 788.89
6 5 1362.51
5 3 975.21
10 5 1298.00
17 0 481.91
7 13 175.92
14 7 1630.89
13 5 1396.64
12 19 258.19
1 18 901.32
15 6 1603.31
21 10 428.86
7 16 1448.62
3 4 750.37
2 4 1592.57
9 12 376.52
8 4 1715.85
5 9 858.48
11 2 1432.21
10 6 1812.64
9 22 793.96
14 13 1281.21
12 5 371.92
15 8 1738.57
13 8 916.28
12 16 1734.80
18 8 930.44
15 5 1841.95
3 14 393.09
22 2 956.40
9 15 566.78
8 1 944.45
8 20 516.97
6 3 45.90
16 15 1919.88
6 22 1642.27
5 22 1116.66
20 18 706.22
19 10 475.52
16 18 1198.57
20 13 599.87
2 16 1434.37
18 13 1594.97
17 19 1883.13
3 13 1529.48
8 11 1857.13
2 10 1476.47
9 10 1894.18
5 15 569.78
8 17 1624.94
14 20 362.17
4 20 1070.06
7 15 721.51
13 1 140.67
19 9 1166.19
1 22 175.52
17 9 284.58
20 2 1291.19
2 21 787.33
0 10 301.15
21 3 1338.81
3 8 272.37
2 0 1221.29
22 8 1461.47
18 5 1814.97
