423
7 3 1079.18
16 9 1365.28
19 4 169.36
17 20 51.39
22 19 1766.31
20 7 1320.64
18 19 559.64
21 6 1055.13
9 0 167.12
11 22 107.95
0 17 189.00
14 1 1259.38
12 17 1925.94
15 4 971.58
13 20 702.43
3 2 355.88
4 5 1406.02
16 0 1513.54
19 13 1244.86
17 13 1766.07
7 22 1251.77
18 10 1573.21
21 15 1333.63
8 12 1713.65
22 12 353.26
10 14 1856.86
8 18 824.26
11 15 777.99
9 19 156.01
14 8 1585.02
12 8 556.37
1 21 145.06
15 13 330.39
2 18 376.59
3 11 1695.62
4 12 1875.36
2 12 1919.17
5 1 631.74
3 17 1246.77
16 7 735.48
6 14 769.34
17 6 907.48
7 15 1334.97
20 21 280.54
18 5 1266.23
21 8 620.65
22 7 773.11
10 9 939.99
14 19 742.91
12 7 1307.29
10 19 1449.41
13 6 6.16
0 5 1092.99
1 0 518.71
4 11 1755.03
2 7 929.38
5 10 1126.67
3 22 1851.30
6 1 743.50
4 17 1292.59
7 4 1568.94
5 20 785.43
16 20 533.51
21 17 168.37
19 1 1913.75
18 22 634.76
15 19 1833.81
11 19 433.51
12 20 142.18
6 18 10.66
17 10 1587.06
22 17 575.13
20 1 1609.54
18 17 956.89
21 4 1131.19
8 7 690.93
22 11 1848.20
9 6 548.07
10 5 1114.53
0 19 45.74
14 7 834.56
12 19 927.07
1 18 664.74
13 18 758.28
0 9 1220.28
3 4 142.91
4 7 317.44
5 6 1305.90
16 2 563.55
19 15 1821.25
20 8 865.92
18 8 42.15
21 13 1795.37
8 14 492.50
22 2 1079.17
9 15 1878.04
10 12 1528.95
11 1 24.17
9 17 1113.30
12 10 1031.96
2 16 1296.67
3 13 112.77
1 13 987.02
4 14 816.52
2 10 926.21
5 15 277.71
3 19 1196.27
6 12 176.65
17 4 703.19
7 9 1044.19
18 3 745.86
21 22 22.77
11 6 658.91
14 17 1676.01
10 17 1226.68
15 20 1757.42
13 4 1506.55
0 7 1453.36
1 6 831.11
2 5 185.56
5 8 1604.54
6 7 944.41
4 19 263.75
7 6 146.76
5 18 331.23
16 22 1910.83
19 3 1655.93
20 4 1797.29
18 20 1511.56
8 2 1049.28
9 3 1426.65
11 21 1143.85
12 22 773.59
3 1 696.06
16 13 1728.44
6 16 144.17
19 8 1149.75
17 8 573.52
7 21 1207.31
18 15 1815.12
21 2 1955.57
8 9 1592.65
22 9 523.21
0 21 1341.72
14 5 1586.30
12 13 398.13
1 16 1885.06
15 0 670.40
13 16 1546.42
0 11 1356.20
1 10 1781.58
4 1 959.67
5 4 1817.71
16 4 626.76
6 11 1748.08
19 17 1322.77
17 1 950.83
7 18 1273.45
20 10 943.01
18 6 1409.91
21 11 789.90
22 0 1714.43
9 13 590.44
8 22 1449.79
11 3 821.73
14 12 1100.82
12 4 846.29
10 20 443.69
15 9 1094.17
0 2 1515.95
3 15 568.58
1 3 490.14
4 8 389.98
2 8 274.89
5 13 858.99
3 21 727.27
6 2 866.73
4 22 328.97
19 22 691.83
7 11 932.00
20 17 1160.81
16 17 784.57
21 20 1918.90
12 3 1305.97
15 22 515.13
13 2 754.11
1 4 1864.63
2 3 1023.29
6 5 195.76
5 16 1245.03
16 8 593.15
19 5 698.32
17 21 871.14
22 18 244.59
20 6 1797.26
21 7 1861.96
8 4 313.26
10 6 1309.87
0 16 770.69
14 0 1628.70
12 16 802.97
15 5 781.71
13 21 421.09
16 15 1105.06
6 22 859.18
19 10 1486.59
17 14 751.32
22 21 198.40
20 13 530.97
18 13 499.57
21 0 751.64
8 11 775.91
22 15 1040.95
10 1 1388.17
8 17 808.48
11 12 1833.50
14 11 1367.52
1 22 1227.44
13 14 1592.66
2 21 676.78
0 13 1034.78
3 8 1423.75
1 8 519.64
4 3 100.72
2 15 1090.70
5 2 1753.27
16 6 67.81
6 9 1439.02
18 4 1121.60
22 6 413.16
10 8 1665.54
11 5 1388.46
9 21 105.24
14 18 57.62
12 6 536.24
10 18 797.45
15 11 14.40
13 7 304.78
0 4 426.89
2 6 128.25
6 0 1560.25
4 16 250.55
7 5 19.59
5 21 19.51
20 19 401.25
16 19 1188.81
17 18 433.06
14 21 288.59
15 16 1148.55
13 0 297.22
11 16 1421.43
2 1 781.02
7 2 794.79
17 11 1302.96
22 16 66.80
20 0 202.39
18 16 1922.04
21 5 1901.43
8 6 1609.96
22 10 694.57
9 7 1897.65
10 4 916.76
11 9 925.04
0 18 159.19
14 6 1600.97
12 18 1510.62
1 19 1429.50
13 19 1375.44
0 8 1334.50
3 5 108.10
5 7 1562.08
6 20 333.72
7 17 1094.96
20 15 1472.93
18 11 141.78
21 14 1871.12
8 13 862.73
22 13 1447.49
10 15 115.20
8 19 916.95
11 14 121.15
9 18 1298.14
14 9 1074.61
12 9 1376.34
1 20 732.23
15 12 1753.50
2 19 1441.57
0 15 1248.74
3 10 207.56
4 13 1281.41
2 13 183.43
5 0 243.13
3 16 1390.95
19 21 464.26
17 5 275.11
20 22 138.49
18 2 297.75
22 4 1719.68
11 7 441.07
12 0 883.01
10 16 1616.16
13 5 869.68
0 6 860.98
1 7 591.80
2 4 220.11
4 18 1342.65
5 19 1324.10
16 21 509.60
21 16 1430.93
19 0 1043.94
17 16 1542.91
8 1 1445.46
15 18 840.23
11 18 1543.72
12 21 728.09
16 12 436.42
6 19 255.74
17 9 1434.40
20 2 307.92
18 14 398.12
21 3 1452.97
22 8 1104.09
10 2 1630.76
0 20 1429.97
1 17 1679.19
15 1 58.27
13 17 754.58
2 22 884.42
0 10 554.96
3 7 1034.81
1 11 1115.41
4 0 816.78
16 3 1277.18
6 10 32.24
7 19 527.64
18 9 1859.99
8 15 1888.87
9 14 1134.98
8 21 610.26
11 0 430.65
9 16 246.53
14 15 993.09
13 10 672.77
2 17 828.82
0 1 1497.41
3 12 1116.52
1 12 1042.48
4 15 1029.09
5 14 316.81
6 13 453.15
4 21 1252.66
20 16 723.69
14 22 57.54
12 2 910.28
13 3 1664.43
1 5 240.62
6 4 21.84
5 17 1407.12
19 2 498.97
17 22 1666.97
20 5 1910.34
18 21 312.21
9 2 1543.79
11 20 1654.96
14 3 779.69
13 22 191.59
3 0 1054.55
16 14 278.92
6 17 212.69
19 11 635.71
7 20 56.73
22 20 1089.06
20 12 941.88
18 12 303.04
8 10 1764.45
22 14 698.66
9 11 1014.57
10 0 755.74
0 22 713.24
14 10 1258.13
12 14 493.43
15 3 885.95
13 15 556.13
2 20 489.72
0 12 521.08
3 9 724.83
1 9 771.16
4 2 1700.06
5 3 105.38
16 5 8.65
6 8 101.47
19 16 819.93
17 0 1028.08
20 11 173.54
18 7 647.29
21 10 752.97
22 1 754.93
9 12 1908.74
10 11 1896.34
11 2 265.63
9 22 786.29
14 13 1584.77
12 5 188.36
10 21 1365.46
15 8 1217.31
13 8 1236.18
0 3 1857.53
3 14 655.43
1 2 1172.14
4 9 678.09
2 9 121.38
5 12 1799.74
6 3 1177.26
5 22 345.21
20 18 464.74
16 18 1279.70
21 19 275.71
17 19 1874.73
14 20 10.25
15 17 1585.11
13 1 1656.40
11 17 127.28
2 0 1432.44
