333
7 8 188.32
14 17 1372.45
12 1 1383.23
10 17 467.74
17 7 1840.30
15 20 786.23
14 4 1386.88
13 4 1067.57
19 13 164.24
1 17 996.72
17 20 1181.31
15 1 799.99
13 17 249.41
0 20 1.41
18 22 1344.73
18 19 433.80
13 16 792.13
22 6 1180.59
14 10 1344.08
1 11 144.09
8 5 1007.71
5 8 1301.99
4 0 1483.68
4 19 526.59
11 5 638.54
7 6 186.88
14 18 414.11
5 18 882.46
12 6 869.73
11 22 1027.32
0 17 1034.59
15 11 1088.09
14 1 1083.20
13 7 1551.98
12 17 1518.09
18 9 27.81
0 4 1382.63
20 4 1061.59
18 20 1710.69
22 3 1709.14
4 10 119.70
8 2 1513.62
13 11 950.55
10 13 1280.90
9 3 1409.58
8 21 1384.08
6 0 714.67
4 16 1767.58
11 0 1432.17
16 0 1406.55
14 15 1186.53
5 21 1867.71
12 11 1333.82
11 21 1171.26
7 22 423.80
14 2 1918.91
21 18 1562.65
12 22 1624.13
13 19 1432.87
17 18 766.72
7 15 1302.82
21 15 378.13
3 12 227.33
1 12 410.40
2 22 1793.89
8 12 792.66
4 15 1014.51
3 1 1863.92
21 14 1855.12
5 14 955.48
11 8 1492.77
10 14 1142.07
8 18 1440.60
14 21 1325.27
1 6 755.81
9 19 208.40
15 16 1394.28
17 0 1000.69
13 0 692.80
12 8 1768.77
11 16 228.10
1 21 1002.60
17 8 191.88
15 13 1004.67
2 18 1732.56
18 15 421.56
0 14 1757.17
12 13 388.76
21 2 1388.58
3 11 1065.11
2 1 464.76
1 15 1438.11
8 9 87.73
7 12 1565.23
4 12 38.31
2 12 131.53
15 19 53.22
5 1 297.72
3 17 18.42
2 5 908.12
16 7 605.49
6 14 1898.82
12 2 1185.64
11 10 454.77
0 21 385.36
16 10 270.84
14 5 802.12
13 3 423.85
20 21 495.17
1 16 15.31
17 11 910.26
22 16 798.87
21 8 591.52
20 0 742.44
18 16 944.51
0 11 823.63
22 18 1823.80
22 7 209.30
21 5 1522.39
3 6 905.59
1 10 720.05
22 10 652.51
4 1 1549.82
9 7 1181.74
6 4 1446.67
5 4 885.80
11 9 1951.29
10 4 315.24
7 1 646.74
6 11 225.26
12 7 1784.87
19 17 1772.64
10 19 1165.02
17 1 754.32
7 18 1146.30
0 18 1706.01
13 6 990.79
12 18 1688.83
19 2 1482.63
18 6 1411.31
0 5 1373.76
15 7 687.59
11 15 1885.58
20 5 1268.79
18 21 866.77
0 8 1810.89
22 0 272.20
3 5 1779.09
2 7 917.04
9 13 1152.16
8 3 1488.38
5 10 535.43
0 15 420.53
9 2 940.13
8 22 1574.22
5 7 1805.34
4 17 455.93
11 3 1905.17
14 8 1622.64
16 1 236.22
14 12 1526.59
5 20 1538.75
12 4 428.43
19 12 328.49
10 20 281.45
17 12 242.67
15 9 955.56
1 5 1861.12
19 1 326.47
18 11 922.71
0 2 781.35
13 22 1634.22
3 15 826.51
6 10 1641.17
16 20 130.14
22 13 771.60
3 0 641.10
7 20 191.04
8 0 167.15
5 13 595.13
3 21 1867.12
10 15 953.83
7 21 331.24
4 22 291.99
19 22 755.16
14 20 725.79
14 19 192.59
6 17 330.03
12 9 1047.08
11 19 1347.85
18 1 998.19
17 15 1512.53
16 17 1054.94
22 20 1694.92
20 12 662.87
21 9 1950.00
18 12 1395.07
15 17 305.07
7 19 937.16
19 20 130.14
8 10 1413.06
4 13 1022.47
2 13 1548.83
11 20 483.30
19 18 1571.19
5 0 798.46
3 16 1124.80
16 12 606.57
12 3 359.10
16 22 1446.06
17 5 1589.81
15 22 1288.76
6 18 1498.23
13 2 550.03
12 14 386.39
19 6 1428.66
22 17 637.44
13 15 1142.17
20 1 847.79
2 20 764.08
18 17 585.13
16 2 634.61
22 4 245.61
3 9 780.35
2 3 1436.12
6 21 840.68
1 22 1210.89
19 8 920.64
9 6 1420.20
6 5 1253.66
5 3 1017.40
11 7 903.09
10 5 1857.24
8 16 171.22
7 0 79.98
6 8 763.15
12 0 191.19
19 16 1663.84
0 19 134.58
15 21 120.33
14 7 1348.99
13 5 233.18
12 19 1039.23
19 5 174.06
1 18 1020.91
0 6 1786.44
15 6 194.78
17 3 1320.23
20 6 696.45
21 22 1468.44
1 7 586.69
0 9 638.77
16 21 621.04
22 1 863.50
11 13 668.77
8 4 958.93
5 9 447.16
5 6 1370.33
4 18 1908.55
11 2 17.14
10 6 166.04
9 22 1820.25
16 11 475.42
14 13 804.33
10 21 1383.32
0 16 1894.26
15 8 1368.28
14 0 1436.71
13 8 678.24
20 8 1204.64
18 8 160.16
17 16 802.42
12 10 687.74
13 21 928.80
20 22 104.91
1 2 509.64
2 9 409.74
9 15 454.02
8 1 1257.89
7 16 686.18
10 12 1119.65
6 3 923.18
7 3 1344.56
11 1 253.29
15 18 1003.42
5 22 899.87
20 18 1000.59
19 10 1756.73
17 14 1561.80
22 21 712.07
21 19 871.69
12 21 1584.58
2 16 565.79
18 13 862.64
17 19 1829.93
16 6 176.55
21 0 669.38
3 13 1825.25
0 3 980.44
8 11 814.47
7 17 1545.32
1 20 1900.23
4 14 584.57
2 10 114.95
9 10 1081.22
1 4 624.19
10 1 1490.93
8 17 1139.77
17 6 1838.59
4 20 1161.27
11 12 91.93
17 4 408.28
7 9 1423.29
6 19 867.31
13 1 96.52
12 15 1042.46
19 9 1529.63
18 3 43.56
15 2 760.79
13 14 443.45
20 2 818.28
0 13 731.95
22 5 1426.75
21 3 1920.66
3 8 890.54
2 0 1308.12
1 8 34.13
4 3 239.62
16 15 1728.72
2 15 1494.24
9 5 1227.67
5 2 679.87
1 9 222.74
