203
7 3 1378.18
16 6 465.63
7 12 1523.06
13 4 1908.53
0 7 1247.77
22 19 512.55
2 22 1315.59
22 6 621.62
3 7 768.76
1 11 224.20
4 0 1892.35
9 0 363.17
13 10 1.68
5 18 454.06
11 22 263.72
20 14 1845.53
17 2 518.34
14 1 615.06
13 7 701.48
6 21 15.88
20 4 1551.81
8 15 1305.17
22 3 760.09
4 10 1822.30
2 6 462.54
15 18 1417.40
16 7 1788.41
4 16 321.14
9 16 1597.06
7 5 162.36
12 11 171.90
11 21 230.19
16 19 1428.00
21 18 704.05
12 22 600.07
18 10 125.86
0 1 195.50
21 19 224.72
1 19 1657.19
3 1 1094.19
5 14 357.38
3 18 661.98
14 21 147.49
4 21 735.35
9 19 1906.63
7 8 1021.61
6 16 621.24
13 0 1706.11
19 8 1884.10
1 21 1887.14
2 18 947.06
18 15 553.16
8 9 1929.41
22 9 985.32
2 12 586.80
15 19 525.50
5 1 1197.97
10 3 256.21
7 2 1577.49
14 22 1788.72
12 2 1700.37
19 18 921.90
13 3 1878.36
20 21 1041.43
19 7 888.83
15 0 970.58
22 16 1441.76
20 0 1068.57
18 16 267.60
22 7 1791.50
21 5 793.60
3 6 1579.05
4 1 304.77
6 4 324.74
5 4 1235.89
9 20 715.35
17 1 1818.81
15 10 804.26
20 10 1933.01
19 2 486.38
18 6 1496.69
15 7 621.80
18 21 352.03
4 11 1276.61
2 7 1097.67
9 13 111.34
21 7 1227.21
5 10 1757.15
5 7 846.15
4 17 923.98
12 4 323.55
19 12 1504.77
10 20 154.46
7 17 74.48
14 3 1314.98
13 9 1951.41
20 15 1712.72
19 1 227.12
18 11 1673.14
11 16 1662.59
18 22 1534.52
22 13 1504.49
4 8 1744.90
3 0 792.13
10 15 1592.84
8 19 1776.55
4 22 1242.07
7 11 1513.23
12 9 729.52
17 15 290.11
16 17 1220.71
22 20 800.25
13 12 8.32
12 20 143.20
2 19 183.11
0 15 833.55
21 1 1230.23
1 14 1540.37
22 14 841.54
9 11 1787.35
10 0 1035.33
15 17 1025.65
6 15 1704.98
12 3 1571.26
11 13 1513.22
17 5 655.27
15 22 191.26
6 18 1257.34
13 2 416.96
17 10 428.53
15 3 35.18
2 20 1671.16
21 4 988.44
3 9 1444.54
1 9 1737.11
8 7 690.32
22 11 1843.19
15 8 684.74
9 6 328.06
5 3 1442.74
8 16 1783.30
7 0 1818.58
6 8 921.20
12 0 21.27
11 8 1681.11
0 19 884.97
13 5 619.24
12 19 567.03
18 7 165.71
0 6 99.77
15 6 1222.63
17 3 1007.77
7 14 1250.47
0 9 9.50
7 16 116.12
19 21 1773.46
3 4 1529.45
2 4 1397.76
10 11 1699.79
14 16 497.23
11 2 1760.60
9 22 645.65
16 2 1238.89
14 13 1108.30
12 5 844.50
0 16 1153.95
16 21 262.96
21 16 705.25
12 16 127.49
0 3 928.88
15 5 699.79
17 16 52.75
3 14 170.79
22 2 216.29
9 15 1665.92
5 12 250.93
3 20 336.35
10 12 500.65
9 17 103.70
7 10 1233.86
12 10 191.40
11 18 1003.90
10 22 568.98
13 11 998.86
12 21 1412.53
2 16 113.40
18 13 1747.69
17 19 1536.22
8 11 415.24
6 12 367.13
4 20 1451.31
11 12 845.94
7 9 683.80
6 19 226.43
13 1 133.18
11 17 888.19
15 2 77.22
21 22 1146.37
20 2 183.02
18 14 687.46
21 3 1060.93
2 0 111.45
11 6 871.16
