467
7 3 18.02
16 9 486.91
19 4 504.20
17 20 1406.14
22 19 674.66
20 7 1432.87
18 19 629.02
21 6 862.62
8 5 1412.32
9 0 1103.31
10 7 528.13
11 22 409.73
0 17 810.66
12 17 1247.54
15 4 471.88
13 20 1426.17
3 2 1013.96
4 5 6.69
16 0 1172.96
19 13 247.10
7 22 1081.06
18 10 1710.19
21 15 1877.43
8 12 870.75
22 12 1698.15
10 14 1245.08
8 18 77.28
11 15 176.13
9 19 1792.07
14 8 1863.48
15 13 1825.78
2 18 726.83
0 14 1201.91
3 11 145.10
1 15 1596.97
4 12 1032.68
5 1 1036.43
3 17 434.05
16 7 867.59
6 14 663.03
19 18 1047.60
17 6 1057.83
20 21 1789.86
18 5 1818.08
21 8 1026.22
22 7 1848.52
10 9 93.91
11 4 988.56
9 20 1282.81
14 19 1139.03
12 7 116.03
10 19 1709.98
15 10 1802.24
13 6 1624.77
0 5 1669.64
1 0 207.27
4 11 1954.50
2 7 1184.87
5 10 1627.62
3 22 328.50
6 1 460.85
4 17 1085.28
5 20 374.06
16 20 6.73
21 17 1617.65
19 1 225.42
18 22 1480.66
8 0 1620.27
15 19 946.66
11 19 101.00
12 20 1542.23
16 11 408.14
6 18 33.08
19 6 1861.73
17 10 229.04
22 17 1433.24
20 1 223.05
18 17 169.90
21 4 145.67
8 7 538.50
9 6 1516.58
10 5 1298.17
11 8 1661.72
0 19 1779.22
14 7 949.64
12 19 1846.80
1 18 466.94
15 6 1605.85
13 18 639.38
3 4 1416.63
4 7 891.13
5 6 1741.52
16 2 330.13
6 21 1713.44
19 15 1888.38
17 3 760.98
7 16 255.72
20 8 1606.01
18 8 1669.26
21 13 94.34
8 14 1529.09
22 2 1664.42
10 12 1937.95
8 20 1470.88
11 1 769.88
9 17 1518.11
12 10 1805.14
10 22 595.59
13 11 1002.53
2 16 1477.50
3 13 736.92
1 13 1072.38
4 14 856.68
2 10 956.14
3 19 682.32
6 12 1823.93
4 20 782.81
17 4 1754.81
7 9 391.74
18 3 541.80
21 22 1730.57
11 6 1235.23
14 17 1593.49
12 1 998.40
10 17 1136.40
15 20 274.16
13 4 958.06
0 7 1065.84
1 6 1046.01
2 5 1081.23
6 7 718.15
4 19 1177.22
7 6 1846.83
5 18 1270.42
16 22 672.09
19 3 403.17
20 4 328.54
18 20 1661.17
8 2 602.68
9 3 731.70
11 21 1158.91
14 2 141.40
12 22 695.24
3 1 796.74
16 13 870.52
19 8 135.69
17 8 271.10
7 21 1293.47
18 15 1887.46
21 2 1036.83
8 9 1165.01
22 9 1660.72
9 4 1305.81
10 3 1441.05
11 10 168.52
0 21 908.45
12 13 292.10
1 16 378.70
13 16 607.18
0 11 1061.19
3 6 1788.25
1 10 306.34
4 1 590.97
5 4 461.77
6 11 1130.51
19 17 1264.85
17 1 18.37
7 18 940.81
20 10 1009.29
18 6 1344.74
21 11 1558.20
22 0 750.88
9 13 951.90
8 22 1572.90
11 3 984.63
14 12 1232.31
12 4 572.61
10 20 1394.04
15 9 551.90
13 9 53.48
0 2 968.74
3 15 1499.36
1 3 1843.94
4 8 1166.20
2 8 1360.72
5 13 1911.80
3 21 729.88
6 2 656.25
4 22 1349.67
19 22 1105.30
7 11 741.55
18 1 1825.86
21 20 707.11
12 3 1783.05
15 22 132.46
1 4 1228.40
2 3 1111.83
6 5 778.97
7 0 324.22
5 16 1834.20
16 8 612.18
19 5 17.90
17 21 558.26
22 18 1336.86
20 6 1505.03
21 7 1488.30
8 4 794.97
9 1 1704.18
10 6 795.09
0 16 1154.32
14 0 710.90
12 16 1694.00
15 5 1922.63
13 21 468.67
16 15 1730.23
17 14 1409.24
22 21 852.90
20 13 1525.89
18 13 1414.94
21 0 1158.77
8 11 4.49
22 15 968.22
9 10 204.25
8 17 1847.07
14 11 132.99
12 15 852.00
1 22 1441.11
13 14 1609.94
2 21 775.29
0 13 1752.15
3 8 983.39
1 8 1703.68
4 3 616.18
2 15 1515.76
5 2 440.80
16 6 1176.53
6 9 1024.38
17 7 1377.14
7 12 1842.02
18 4 999.49
21 9 95.56
22 6 234.39
10 8 427.69
11 5 438.32
9 21 603.51
14 18 1031.95
10 18 418.82
15 11 171.57
13 7 1626.26
0 4 1842.02
4 10 436.52
2 6 805.23
5 11 1800.62
6 0 597.54
4 16 1955.80
7 5 435.91
5 21 1092.20
20 19 1713.14
16 19 1190.26
21 18 158.25
17 18 193.14
14 21 743.19
15 16 693.52
13 0 1801.17
11 16 490.08
2 1 853.88
7 2 394.46
16 10 1175.26
19 7 1436.91
22 16 582.73
18 16 352.58
21 5 1048.12
8 6 925.91
22 10 952.51
9 7 422.73
10 4 1260.98
11 9 565.26
0 18 846.38
14 6 1789.23
12 18 1491.20
1 19 1897.06
15 7 236.03
13 19 1928.10
0 8 1246.13
3 5 749.14
4 6 1351.80
5 7 793.56
16 1 1785.00
6 20 1948.17
19 12 87.83
17 12 1822.86
7 17 507.41
20 15 992.04
18 11 266.16
21 14 6.86
8 13 906.33
22 13 971.71
10 15 1905.14
8 19 1197.05
11 14 246.99
9 18 1812.16
14 9 1377.23
12 9 1677.42
1 20 1173.09
15 12 1776.15
13 12 265.13
2 19 1512.32
0 15 803.75
3 10 1494.65
1 14 540.79
4 13 1340.75
2 13 1560.27
5 0 821.65
3 16 333.38
19 21 1591.90
17 5 814.77
7 14 912.30
20 22 1709.77
18 2 230.04
22 4 1689.50
14 16 723.23
12 0 728.31
10 16 734.26
15 21 1878.91
13 5 441.04
0 6 154.49
1 7 1228.53
2 4 873.31
5 9 897.78
4 18 204.96
5 19 1090.17
16 21 961.21
21 16 1303.10
19 0 1055.44
17 16 1026.50
8 1 1292.12
15 18 721.13
11 18 91.66
12 21 229.36
6 19 700.32
19 9 1307.33
17 9 1596.33
20 2 481.95
18 14 253.51
21 3 681.71
22 8 1386.50
9 5 1770.53
10 2 1492.41
0 20 712.57
14 4 1044.24
1 17 1540.92
15 1 934.71
13 17 738.92
2 22 330.52
0 10 1044.30
3 7 837.89
1 11 312.33
4 0 172.77
16 3 1039.43
6 10 1340.05
19 14 1394.71
17 2 1300.76
7 19 1863.12
20 9 763.15
18 9 18.36
21 12 504.00
8 15 1624.50
22 3 531.41
9 14 1585.91
10 13 1276.97
8 21 1665.39
11 0 1347.56
9 16 982.74
14 15 1217.71
12 11 1707.97
15 14 1926.79
13 10 1909.43
2 17 294.77
0 1 56.81
3 12 1311.94
1 12 438.49
4 15 982.51
2 11 673.23
5 14 1504.81
6 13 1719.34
4 21 857.82
7 8 1427.10
20 16 745.05
18 0 647.21
14 22 72.47
12 2 433.48
13 3 1535.74
1 5 130.45
6 4 1602.42
7 1 687.45
5 17 1820.96
19 2 1917.36
17 22 1609.44
20 5 946.51
18 21 1479.36
8 3 343.10
9 2 815.51
11 20 1350.86
14 3 973.33
13 22 1477.81
3 0 1158.26
16 14 616.69
6 17 1563.42
19 11 588.55
17 15 1308.69
7 20 1612.71
22 20 460.04
20 12 1623.65
18 12 1362.68
21 1 219.90
22 14 1104.89
9 11 1113.49
10 0 242.57
8 16 34.71
11 13 817.95
0 22 654.40
14 10 324.52
12 14 1260.08
15 3 198.53
13 15 1597.89
2 20 270.61
0 12 267.71
3 9 941.86
1 9 437.45
4 2 862.53
5 3 13.38
16 5 1932.78
6 8 1816.81
19 16 600.20
17 0 195.52
7 13 1612.24
20 11 998.68
18 7 1035.27
21 10 1644.71
22 1 216.89
9 12 1258.56
10 11 39.89
11 2 1520.41
9 22 1599.20
14 13 358.52
12 5 129.89
10 21 1953.41
15 8 923.30
13 8 1534.28
0 3 996.32
3 14 969.49
1 2 1113.84
4 9 1665.62
2 9 1542.24
5 12 937.93
3 20 277.25
6 3 1601.41
7 10 1215.67
5 22 21.70
20 18 392.82
16 18 283.33
21 19 1770.92
17 19 986.33
14 20 657.29
15 17 156.20
13 1 1717.66
2 0 1248.03
