411
7 3 1285.86
16 9 1802.91
17 20 250.63
22 19 290.92
20 7 1208.95
18 19 1232.61
21 6 1607.91
8 5 1942.44
9 0 842.20
10 7 548.68
11 22 1000.81
0 17 1792.84
14 1 1817.97
12 17 52.85
15 4 989.84
13 20 350.97
3 2 512.64
4 5 365.66
16 0 1112.92
17 13 622.01
7 22 87.65
20 14 1550.15
18 10 497.72
21 15 715.16
8 12 1430.01
10 14 1526.48
8 18 1851.23
11 15 1695.89
9 19 1946.56
14 8 560.62
12 8 1086.34
15 13 1017.96
2 18 1696.08
0 14 228.03
3 11 1939.36
1 15 1275.31
2 12 1908.58
5 1 1170.21
16 7 927.36
6 14 1587.10
19 18 1609.67
17 6 736.36
7 15 210.87
20 21 326.17
18 5 1021.71
21 8 806.52
22 7 819.11
10 9 1621.69
9 20 419.04
12 7 353.49
13 6 1836.25
0 5 1302.39
4 11 177.83
2 7 1915.19
5 10 1522.90
3 22 599.73
6 1 653.45
4 17 349.08
7 4 840.27
5 20 5.32
16 20 1444.39
21 17 829.14
18 22 396.16
8 0 493.75
11 19 1915.11
12 20 1853.82
6 18 1737.18
19 6 1269.59
17 10 1677.13
22 17 1086.10
20 1 1708.11
21 4 510.09
8 7 1901.73
22 11 897.77
9 6 1590.42
10 5 248.06
11 8 123.69
0 19 1118.04
12 19 1190.08
13 18 818.00
3 4 1146.43
4 7 539.25
16 2 1330.02
6 21 353.88
19 15 1374.01
7 16 83.56
20 8 664.52
21 13 480.77
8 14 664.10
22 2 555.45
9 15 1749.20
9 17 620.08
12 10 1284.47
10 22 179.33
13 11 295.79
2 16 1253.59
3 13 1361.32
1 13 301.27
4 14 1504.58
2 10 664.23
5 15 647.95
3 19 1362.12
6 12 571.08
4 20 1492.15
19 20 798.17
17 4 410.95
18 3 201.74
21 22 1565.49
22 5 1597.23
11 6 838.53
14 17 795.20
12 1 467.84
10 17 1683.61
13 4 426.52
0 7 1165.74
2 5 878.57
5 8 1153.22
6 7 1057.05
7 6 606.41
16 22 286.49
19 3 305.56
20 4 1163.44
18 20 1723.43
8 2 711.94
9 3 1383.60
11 21 1816.93
14 2 1701.61
12 22 445.99
3 1 1939.76
6 16 1825.83
19 8 1857.85
17 8 668.25
18 15 1676.52
8 9 1604.42
22 9 479.59
9 4 1828.65
11 10 1052.33
0 21 1428.62
12 13 1042.86
1 16 424.29
15 0 1301.65
1 10 971.80
4 1 608.99
5 4 1413.14
19 17 1345.88
20 10 1421.58
18 6 1908.26
21 11 1050.61
22 0 1047.02
8 22 1910.76
11 3 863.57
14 12 151.88
12 4 1765.77
10 20 534.12
13 9 605.62
0 2 1228.89
1 3 63.41
4 8 1842.00
2 8 377.49
5 13 928.20
3 21 1205.20
6 2 1900.01
4 22 1330.29
19 22 377.09
20 17 285.89
18 1 999.07
16 17 769.15
12 3 1323.79
15 22 630.03
13 2 1737.62
1 4 872.48
2 3 217.36
6 5 1516.09
7 0 209.20
5 16 4.69
16 8 1581.36
17 21 733.51
22 18 278.62
20 6 778.62
21 7 613.31
8 4 1568.09
10 6 360.91
0 16 63.70
14 0 1021.44
12 16 1903.21
15 5 1951.68
13 21 237.76
16 15 589.16
6 22 1878.28
19 10 592.42
22 21 82.85
18 13 1947.81
21 0 16.80
8 11 805.72
22 15 841.78
9 10 1855.71
10 1 620.47
8 17 996.40
11 12 1169.64
12 15 1686.50
1 22 856.21
15 2 1791.58
13 14 525.94
2 21 449.54
0 13 1167.07
3 8 1635.47
1 8 810.30
2 15 1886.39
5 2 1532.97
16 6 1726.34
6 9 7.04
17 7 1674.13
7 12 1587.76
21 9 951.68
22 6 1696.80
10 8 1634.23
11 5 1747.41
9 21 993.16
14 18 426.37
12 6 293.55
10 18 1005.90
15 11 253.56
13 7 1402.32
0 4 1661.08
4 10 465.95
2 6 1742.21
4 16 530.92
7 5 969.62
5 21 1795.86
20 19 1312.42
16 19 1879.65
21 18 1248.20
17 18 1.47
15 16 1360.61
13 0 1247.01
11 16 1123.42
2 1 372.45
16 10 287.06
19 7 305.85
22 16 1625.32
20 0 342.50
18 16 151.26
21 5 751.29
8 6 344.58
22 10 1560.81
9 7 1797.31
11 9 1704.04
12 18 1030.46
1 19 507.17
15 7 263.21
13 19 39.23
3 5 1335.30
4 6 34.28
5 7 1885.72
16 1 1795.51
6 20 1863.87
19 12 1301.32
17 12 466.67
18 11 508.88
21 14 345.91
8 13 1350.01
22 13 1738.00
9 8 1429.13
10 15 1453.50
8 19 143.10
11 14 1067.47
9 18 1196.37
14 9 1134.45
12 9 61.09
1 20 1175.43
15 12 104.20
3 10 1710.52
1 14 1269.82
4 13 938.19
2 13 584.91
3 16 411.91
6 15 1478.66
19 21 140.80
7 14 949.47
20 22 921.53
18 2 1652.78
22 4 1365.25
11 7 1911.72
14 16 1783.56
12 0 1487.51
10 16 573.41
15 21 1214.32
0 6 1749.41
1 7 1936.29
2 4 361.09
5 9 1184.50
4 18 1076.74
5 19 360.06
16 21 919.69
21 16 668.41
19 0 1438.38
17 16 896.77
8 1 1620.21
11 18 1546.81
12 21 1253.61
16 12 1173.62
6 19 1791.63
19 9 1635.55
17 9 130.02
20 2 138.98
21 3 1665.31
9 5 764.96
10 2 1521.76
0 20 1497.65
14 4 230.23
1 17 172.09
15 1 884.14
13 17 1733.43
2 22 660.42
0 10 204.16
3 7 1316.25
1 11 1198.36
4 0 497.62
6 10 1933.36
17 2 13.83
7 19 420.79
18 9 1045.79
21 12 1458.36
8 15 1775.12
22 3 536.84
9 14 89.02
10 13 300.18
8 21 1635.63
11 0 1771.56
9 16 1126.97
14 15 1536.21
15 14 818.19
13 10 225.51
0 1 943.40
3 12 873.08
1 12 530.84
4 15 1650.06
2 11 1442.90
5 14 345.88
3 18 1096.31
6 13 1457.31
4 21 891.42
20 16 1051.13
18 0 143.08
14 22 260.25
12 2 1431.56
13 3 879.22
1 5 1772.15
6 4 52.24
7 1 1772.54
5 17 1529.42
19 2 1021.09
17 22 1164.08
18 21 782.70
9 2 541.21
11 20 351.29
14 3 668.92
13 22 657.15
3 0 84.55
16 14 1937.44
6 17 1953.82
19 11 1172.83
17 15 1441.01
7 20 1216.56
22 20 381.48
20 12 1913.95
18 12 405.27
21 1 695.26
10 0 987.38
8 16 112.64
11 13 892.67
0 22 289.92
15 3 992.99
13 15 1916.95
2 20 1739.09
0 12 57.47
1 9 1614.53
4 2 1253.81
2 14 731.27
16 5 169.43
6 8 944.64
19 16 1273.48
17 0 1744.92
7 13 1419.24
20 11 98.40
21 10 1616.34
22 1 395.53
9 12 269.52
10 11 525.73
11 2 1472.80
9 22 1791.72
14 13 832.15
12 5 921.57
10 21 662.26
13 8 1654.43
0 3 1138.69
3 14 1180.03
1 2 633.29
4 9 95.45
2 9 1676.40
3 20 1045.65
6 3 1854.32
7 10 748.89
5 22 1457.83
20 18 734.25
16 18 1246.56
21 19 1423.44
17 19 739.11
14 20 516.00
13 1 1932.14
11 17 642.59
