458
7 3 405.14
16 9 1316.25
19 4 743.15
17 20 55.27
22 19 378.60
20 7 33.19
18 19 1706.47
21 6 1176.01
8 5 1214.49
9 0 1282.62
11 22 515.03
0 17 1316.57
14 1 920.23
12 17 1759.03
3 2 511.94
4 5 1829.94
19 13 200.35
17 13 981.92
7 22 1099.61
20 14 1245.71
18 10 1384.63
21 15 1209.02
8 12 1612.89
10 14 1317.27
8 18 838.72
11 15 51.06
9 19 933.14
12 8 1448.86
1 21 8.13
0 14 617.34
3 11 622.33
4 12 14.32
2 12 269.48
5 1 618.27
3 17 873.76
16 7 384.71
6 14 870.42
19 18 1777.71
17 6 133.23
7 15 645.03
20 21 320.55
18 5 1581.26
21 8 1707.19
10 9 1156.84
11 4 953.75
9 20 883.20
14 19 182.91
10 19 623.03
13 6 747.29
0 5 722.16
1 0 998.14
4 11 0.76
2 7 965.16
5 10 1029.64
3 22 349.24
4 17 1801.52
7 4 877.94
5 20 165.68
16 20 1642.56
21 17 388.53
19 1 1511.48
18 22 1446.64
8 0 1877.84
15 19 727.92
11 19 1140.01
12 20 1521.41
16 11 1787.55
6 18 851.22
17 10 454.54
22 17 1468.55
20 1 887.01
18 17 311.62
21 4 164.29
8 7 1157.45
9 6 632.67
10 5 730.19
11 8 670.20
0 19 1565.36
14 7 1054.24
12 19 1634.21
1 18 238.19
15 6 257.75
13 18 1145.15
0 9 434.27
3 4 153.32
4 7 1425.24
5 6 1328.38
16 2 26.97
6 21 1623.51
19 15 1917.47
17 3 280.08
7 16 1082.25
20 8 1389.26
18 8 289.93
21 13 166.42
8 14 320.13
9 15 730.48
10 12 1514.21
8 20 1373.85
11 1 1632.02
9 17 1657.73
12 10 58.58
10 22 664.69
2 16 378.96
3 13 1050.90
1 13 246.74
4 14 1121.69
2 10 1102.43
5 15 196.05
3 19 241.33
6 12 10.73
4 20 449.69
17 4 426.39
7 9 1745.11
18 3 1907.85
21 22 711.45
22 5 1196.90
14 17 843.09
12 1 612.20
10 17 1727.42
15 20 13.25
13 4 615.03
0 7 775.36
1 6 188.83
2 5 1225.41
5 8 735.57
6 7 1518.93
4 19 1265.02
7 6 290.29
5 18 1561.54
16 22 1900.51
19 3 589.78
20 4 46.40
18 20 586.46
8 2 144.27
9 3 1211.27
11 21 167.26
14 2 1569.66
12 22 1524.34
3 1 620.70
16 13 404.89
6 16 1065.18
19 8 1.54
17 8 1588.20
20 3 1129.75
18 15 426.46
21 2 444.02
8 9 1479.25
22 9 1005.70
9 4 378.01
10 3 961.71
11 10 389.07
0 21 1661.32
14 5 116.60
12 13 569.50
1 16 324.93
15 0 925.96
13 16 1263.90
3 6 260.49
1 10 783.22
4 1 1831.23
5 4 1614.81
16 4 1572.45
6 11 1631.11
19 17 1847.54
17 1 1345.46
7 18 880.14
20 10 667.79
18 6 1199.88
21 11 1022.97
9 13 968.91
8 22 1659.80
11 3 160.25
14 12 178.43
12 4 485.58
10 20 597.68
15 9 600.56
13 9 1891.84
0 2 1146.55
3 15 825.34
1 3 1349.41
4 8 116.86
3 21 899.16
6 2 979.32
4 22 1012.41
19 22 1154.06
7 11 794.92
20 17 1723.05
18 1 24.85
16 17 1427.82
21 20 446.51
12 3 16.49
15 22 378.60
13 2 779.43
1 4 151.82
6 5 1104.95
7 0 186.52
5 16 336.08
16 8 1700.05
19 5 522.73
17 21 518.87
22 18 238.01
21 7 237.67
8 4 557.80
9 1 726.64
0 16 1276.07
14 0 1940.70
12 16 1787.16
15 5 1433.05
13 21 1459.92
6 22 895.52
19 10 1280.17
17 14 1621.15
22 21 1620.67
20 13 1253.36
18 13 1283.46
21 0 1547.72
8 11 1469.16
22 15 372.39
9 10 792.04
10 1 96.20
8 17 894.71
11 12 1055.59
14 11 1461.46
1 22 763.18
15 2 1822.89
13 14 380.54
0 13 1254.90
3 8 881.74
1 8 997.37
4 3 1817.50
2 15 1938.85
5 2 179.59
16 6 664.69
6 9 1583.48
7 12 1155.65
21 9 1298.95
22 6 545.89
10 8 500.86
11 5 803.63
9 21 392.80
14 18 1574.24
12 6 1831.24
10 18 560.39
15 11 821.13
13 7 1353.25
0 4 706.53
4 10 373.39
2 6 395.47
5 11 946.88
6 0 1805.44
4 16 44.89
7 5 1917.04
20 19 831.72
16 19 645.52
21 18 945.92
17 18 538.88
14 21 1277.78
15 16 210.71
13 0 1913.22
11 16 1395.10
2 1 152.88
7 2 563.59
19 7 97.58
17 11 20.77
22 16 1487.32
20 0 1880.20
18 16 304.35
21 5 46.21
8 6 1534.56
22 10 471.81
9 7 1561.62
10 4 1776.88
11 9 1838.22
0 18 167.91
1 19 1722.41
15 7 1739.58
13 19 1059.91
0 8 1205.16
3 5 25.06
4 6 58.00
5 7 1472.76
16 1 664.79
6 20 1664.12
19 12 1067.72
17 12 1170.76
7 17 1896.74
20 15 1868.92
21 14 724.37
8 13 171.49
22 13 1653.96
9 8 1875.89
10 15 798.27
8 19 327.59
11 14 757.56
9 18 881.26
14 9 466.62
12 9 771.16
1 20 862.97
15 12 1251.97
13 12 96.28
2 19 86.94
0 15 151.14
3 10 41.94
1 14 1312.73
4 13 516.78
2 13 1188.69
5 0 595.62
3 16 1308.74
6 15 596.58
19 21 575.13
17 5 1545.05
7 14 282.19
20 22 1525.09
18 2 648.09
22 4 1319.46
11 7 938.78
14 16 1251.33
12 0 1195.73
10 16 1237.09
15 21 404.14
13 5 1953.27
0 6 851.65
1 7 260.69
2 4 1504.46
5 9 1414.22
4 18 780.81
5 19 1831.46
16 21 1001.26
21 16 1015.00
19 0 1172.43
17 16 1333.22
8 1 1307.05
11 18 1276.47
12 21 124.44
16 12 1031.59
6 19 1088.73
19 9 1936.59
20 2 1256.30
18 14 0.31
21 3 774.44
22 8 731.23
9 5 290.42
10 2 1925.28
0 20 13.90
14 4 1049.33
1 17 648.65
15 1 767.51
13 17 1894.26
2 22 443.80
0 10 1311.41
3 7 1873.42
1 11 1368.30
4 0 1342.23
16 3 857.16
6 10 315.62
19 14 1907.35
17 2 862.20
7 19 767.85
20 9 311.67
18 9 1743.53
21 12 480.46
8 15 27.64
22 3 445.20
9 14 276.39
10 13 1638.57
8 21 1135.44
11 0 1595.86
9 16 1036.99
14 15 427.96
12 11 1212.59
15 14 1524.58
13 10 318.63
2 17 144.76
0 1 871.33
3 12 501.52
4 15 774.62
2 11 872.57
5 14 1700.34
3 18 438.17
6 13 1715.29
4 21 1508.05
7 8 338.73
20 16 485.63
18 0 810.80
14 22 810.79
12 2 1239.38
13 3 1010.40
1 5 979.10
6 4 1879.27
7 1 1618.32
5 17 915.09
19 2 834.71
17 22 1643.77
20 5 954.81
18 21 1017.74
8 3 1244.19
9 2 288.46
11 20 1627.86
14 3 1006.42
13 22 53.81
3 0 1691.68
16 14 182.39
6 17 10.22
17 15 245.43
7 20 1812.40
22 20 1208.89
20 12 1831.89
18 12 1268.97
21 1 1679.15
8 10 501.03
22 14 1490.54
10 0 414.45
8 16 1911.40
11 13 785.00
0 22 311.56
14 10 1738.37
12 14 911.06
13 15 1648.77
2 20 1945.82
0 12 1496.49
3 9 628.84
1 9 1060.25
5 3 994.02
16 5 1676.45
6 8 1304.39
19 16 1565.70
17 0 616.62
7 13 1033.88
18 7 1762.43
21 10 656.96
22 1 1347.30
9 12 191.55
10 11 1910.77
11 2 259.96
9 22 1447.30
14 13 1079.32
12 5 721.04
15 8 1494.40
13 8 119.44
0 3 1117.98
3 14 218.20
1 2 1408.94
4 9 663.93
2 9 1396.39
5 12 224.45
3 20 1630.58
6 3 1612.49
7 10 1891.34
5 22 104.95
20 18 1725.76
16 18 342.89
21 19 365.80
17 19 1709.96
14 20 1477.66
15 17 1195.55
13 1 776.62
11 17 367.81
