66
2 12 1473.97
3 15 1283.33
17 8 466.51
3 0 1656.99
21 2 1191.48
3 11 690.90
14 13 585.50
19 15 1479.89
2 22 846.54
15 8 1628.69
0 10 188.33
21 6 1938.87
19 0 704.08
5 1 1616.13
14 9 1626.86
10 3 262.47
13 21 1427.48
17 15 1145.08
8 14 1433.32
4 9 1711.70
18 12 288.57
11 5 1475.81
12 13 1317.67
12 9 298.01
12 8 1359.88
12 6 197.33
11 22 1180.03
10 18 1866.68
6 22 1520.50
3 16 1253.68
8 6 1943.29
6 15 1438.10
10 9 369.04
21 19 1069.89
2 6 525.45
11 4 1730.25
19 6 421.82
21 13 266.02
14 19 715.45
17 1 995.51
6 2 985.24
9 16 1030.32
18 6 1134.60
2 3 1854.61
17 20 243.91
10 1 1911.28
13 19 39.41
8 17 609.34
6 12 758.19
16 19 613.25
2 14 698.57
9 13 779.81
11 17 719.31
16 5 1699.89
8 22 107.18
2 21 446.75
12 19 1000.99
20 21 52.95
10 14 1429.93
10 20 157.66
14 3 206.83
22 1 375.71
19 1 494.19
15 16 1825.31
9 12 1094.98
20 16 42.87
