382
7 3 1002.52
16 9 1399.84
17 20 1114.97
20 7 482.19
18 19 795.37
21 6 274.34
8 5 1326.71
10 7 871.96
0 17 590.56
12 17 1297.70
15 4 1225.77
13 20 1591.23
3 2 1238.75
4 5 188.88
19 13 242.45
17 13 1881.60
20 14 57.09
18 10 1397.33
21 15 1488.61
8 12 181.42
22 12 1014.68
10 14 1201.65
8 18 582.97
11 15 1866.49
14 8 1547.90
1 21 407.52
15 13 525.20
2 18 1424.83
0 14 1121.45
3 11 337.38
1 15 805.79
4 12 1472.18
2 12 1067.28
5 1 1666.61
3 17 1944.85
6 14 1336.70
19 18 153.88
17 6 896.31
7 15 208.97
18 5 461.63
22 7 570.56
10 9 1223.40
11 4 1615.52
9 20 1372.80
12 7 1012.78
15 10 325.15
13 6 870.55
0 5 911.37
1 0 276.22
5 10 1246.93
3 22 407.02
4 17 1494.05
5 20 1682.25
16 20 676.44
21 17 1824.30
19 1 1558.38
18 22 1756.34
8 0 1629.16
15 19 1885.25
16 11 537.44
6 18 1733.45
19 6 1955.38
17 10 1312.38
22 17 1388.95
18 17 1619.46
21 4 1779.75
8 7 845.10
9 6 16.42
10 5 1882.04
11 8 215.74
0 19 1365.78
14 7 38.90
1 18 594.15
15 6 1140.18
13 18 393.08
0 9 1762.17
3 4 1661.59
5 6 828.08
6 21 1595.36
19 15 168.38
17 3 1907.78
7 16 532.11
18 8 440.71
21 13 481.07
8 14 1525.74
22 2 1581.77
9 15 1509.93
8 20 1874.36
11 1 761.73
9 17 635.83
12 10 1543.46
13 11 571.18
2 16 1940.70
3 13 17.78
1 13 1925.69
5 15 1423.09
3 19 765.49
6 12 677.06
4 20 1604.45
19 20 1398.18
17 4 61.85
7 9 1796.06
18 3 497.30
22 5 1160.05
11 6 1753.14
14 17 897.44
12 1 309.51
13 4 874.69
1 6 1907.26
2 5 710.60
5 8 341.92
4 19 911.56
7 6 986.77
16 22 1468.34
20 4 955.39
9 3 142.67
11 21 989.63
16 13 1384.61
6 16 554.04
19 8 691.76
17 8 295.32
7 21 1675.47
20 3 1364.54
18 15 1262.08
21 2 1896.26
8 9 297.82
22 9 1353.96
9 4 1638.55
10 3 38.42
11 10 1610.77
0 21 1654.17
14 5 1160.19
1 16 1775.21
15 0 382.84
0 11 1347.18
1 10 1647.73
4 1 1309.44
16 4 614.37
17 1 213.45
20 10 1649.70
18 6 602.90
22 0 1864.76
9 13 1032.64
8 22 1.91
11 3 1654.65
14 12 95.53
12 4 1569.88
10 20 680.96
15 9 1096.03
0 2 1505.21
3 15 1189.66
1 3 144.07
4 8 19.77
2 8 166.59
5 13 414.92
3 21 1763.37
6 2 1489.78
4 22 1881.25
19 22 1426.51
7 11 285.63
20 17 1631.88
18 1 267.91
16 17 1304.95
15 22 1310.02
13 2 1416.30
2 3 622.66
6 5 1054.91
7 0 769.89
5 16 1899.27
16 8 1768.26
19 5 1138.46
17 21 78.24
22 18 769.57
21 7 1664.05
8 4 1830.54
9 1 790.42
10 6 1507.85
0 16 1732.07
14 0 344.07
12 16 55.41
16 15 139.44
6 22 1791.52
22 21 1294.31
20 13 1412.41
21 0 1293.87
8 11 544.96
22 15 1244.75
9 10 1487.82
10 1 1020.92
8 17 623.33
11 12 220.52
14 11 1449.62
12 15 446.90
1 22 461.82
2 21 173.74
1 8 1402.21
4 3 161.73
2 15 788.29
6 9 815.16
17 7 692.64
7 12 1099.17
18 4 1676.38
21 9 392.72
22 6 459.70
10 8 700.30
11 5 1630.42
9 21 1894.85
12 6 185.43
10 18 936.07
15 11 729.93
13 7 350.37
0 4 1813.63
4 10 878.77
5 11 116.90
4 16 1015.39
5 21 12.68
16 19 1617.67
21 18 1469.39
17 18 571.33
14 21 278.98
13 0 1886.03
11 16 639.42
2 1 1928.42
7 2 445.14
16 10 1560.33
19 7 1877.01
17 11 1809.10
22 16 903.39
18 16 94.42
21 5 724.39
8 6 111.54
22 10 850.71
11 9 418.27
0 18 1510.40
14 6 860.85
1 19 649.49
15 7 175.71
13 19 1792.67
0 8 1605.78
3 5 1637.77
4 6 768.45
5 7 1407.60
6 20 1080.67
19 12 10.57
17 12 1261.58
7 17 968.20
20 15 1639.83
18 11 1952.22
9 8 1074.11
10 15 649.45
8 19 1348.20
9 18 724.43
14 9 1031.27
12 9 420.51
1 20 421.33
15 12 699.32
13 12 137.49
2 19 447.14
3 10 847.49
1 14 985.71
4 13 44.43
2 13 370.64
5 0 1299.03
3 16 44.94
6 15 391.33
17 5 1631.72
20 22 1012.49
18 2 1004.20
22 4 722.40
11 7 61.03
14 16 89.34
12 0 1163.85
10 16 808.52
15 21 664.59
13 5 1145.78
0 6 750.30
1 7 1866.37
5 9 1366.85
4 18 1216.87
5 19 1853.95
16 21 1890.75
21 16 1833.92
19 0 1729.12
17 16 1431.42
15 18 700.89
11 18 483.85
6 19 118.50
19 9 1503.90
17 9 1318.25
20 2 1698.99
18 14 1262.88
22 8 454.65
10 2 1890.27
0 20 1126.97
15 1 1500.46
2 22 468.21
0 10 1487.89
3 7 594.89
1 11 1815.77
16 3 150.31
17 2 1380.02
7 19 192.07
20 9 407.26
18 9 211.73
21 12 887.24
8 15 1585.06
22 3 1773.37
10 13 1742.99
8 21 530.66
14 15 614.66
12 11 384.87
15 14 1303.56
13 10 225.67
0 1 63.53
1 12 745.34
4 15 186.58
2 11 1773.02
3 18 1029.30
6 13 1125.77
20 16 1422.85
18 0 851.45
12 2 693.83
13 3 1243.08
1 5 558.26
7 1 1788.44
19 2 1445.54
17 22 1336.15
20 5 1749.54
18 21 733.48
9 2 1510.62
11 20 904.36
14 3 291.65
13 22 1626.63
3 0 616.60
16 14 947.87
6 17 1615.93
19 11 767.30
17 15 1527.69
7 20 294.86
22 20 929.49
20 12 1402.68
18 12 319.83
21 1 406.57
8 10 1295.33
9 11 1510.97
10 0 886.59
8 16 1863.67
0 22 822.50
14 10 1502.01
12 14 982.18
15 3 552.66
2 20 1616.39
0 12 178.80
3 9 538.10
2 14 1287.73
5 3 1740.04
16 5 632.59
6 8 1292.90
19 16 1729.22
17 0 1089.99
20 11 210.64
18 7 1467.57
22 1 681.55
9 12 25.78
10 11 1037.33
11 2 1338.19
9 22 348.44
14 13 442.02
12 5 1326.94
10 21 1588.64
15 8 1537.18
3 14 367.21
4 9 187.49
5 12 1030.64
6 3 1820.49
7 10 535.34
5 22 1318.27
21 19 87.59
14 20 1943.78
15 17 1622.12
11 17 1896.28
2 0 1436.23
