478
16 9 1278.31
19 4 1831.21
17 20 749.14
22 19 620.05
20 7 1330.51
18 19 598.26
21 6 1637.09
8 5 964.71
9 0 1220.93
10 7 1627.91
11 22 954.12
0 17 1497.54
14 1 1179.12
12 17 1694.25
15 4 1759.94
13 20 1941.95
3 2 1563.71
4 5 1589.65
16 0 970.02
19 13 631.98
17 13 1091.58
7 22 1622.98
20 14 1252.91
18 10 883.32
21 15 775.34
8 12 1265.35
22 12 353.98
10 14 237.35
8 18 244.01
11 15 1581.80
9 19 1263.55
14 8 442.49
12 8 1134.27
1 21 1216.15
15 13 1365.24
2 18 1031.69
0 14 747.00
3 11 1555.55
1 15 1062.41
4 12 733.64
2 12 1728.04
5 1 1718.17
3 17 1290.85
16 7 468.63
6 14 1399.15
19 18 48.20
17 6 1884.80
7 15 1211.13
20 21 487.53
18 5 1464.00
21 8 816.53
22 7 1185.43
10 9 1757.23
11 4 873.79
9 20 716.90
14 19 723.25
12 7 1145.17
10 19 1290.30
15 10 1813.25
0 5 106.24
1 0 998.26
4 11 1761.90
2 7 370.33
5 10 192.33
3 22 1131.72
6 1 620.22
4 17 1885.47
7 4 1184.08
5 20 1516.37
16 20 591.29
21 17 950.71
19 1 1891.06
18 22 1750.62
8 0 1544.36
15 19 809.95
11 19 1588.24
12 20 1439.94
16 11 1671.30
6 18 1528.59
19 6 1271.84
17 10 700.39
22 17 604.28
20 1 1535.53
18 17 312.90
21 4 1483.44
8 7 1554.84
22 11 249.28
9 6 338.66
10 5 1177.83
11 8 937.46
0 19 149.33
14 7 742.36
12 19 20.79
15 6 1418.00
13 18 1404.86
0 9 203.59
3 4 1103.22
4 7 954.46
5 6 1375.13
16 2 1480.22
19 15 1776.83
17 3 441.02
7 16 715.81
20 8 369.38
18 8 1861.50
8 14 827.46
22 2 992.36
9 15 1586.43
10 12 1860.98
8 20 1048.91
11 1 875.48
9 17 898.58
10 22 679.75
13 11 1252.08
2 16 1726.76
3 13 1918.18
1 13 690.64
4 14 1344.96
2 10 1814.03
5 15 520.13
3 19 21.64
6 12 104.76
4 20 597.53
19 20 1135.10
17 4 198.02
7 9 1804.07
18 3 1384.72
21 22 94.83
22 5 1018.26
11 6 1084.03
14 17 1199.09
12 1 1471.27
10 17 912.74
15 20 1584.95
13 4 479.00
0 7 145.15
5 8 639.03
4 19 969.51
7 6 52.22
5 18 775.58
16 22 1014.36
19 3 1167.54
20 4 1813.08
18 20 1527.65
8 2 592.96
9 3 1054.47
11 21 394.81
14 2 768.84
12 22 394.58
3 1 1953.92
16 13 641.30
6 16 946.35
19 8 840.37
17 8 1661.47
7 21 1431.71
20 3 741.79
18 15 1268.26
21 2 1897.89
8 9 1780.54
22 9 897.02
9 4 1202.61
10 3 285.03
11 10 1328.99
0 21 338.35
14 5 839.05
12 13 1410.21
1 16 174.83
15 0 116.06
13 16 112.59
0 11 203.80
3 6 1533.44
1 10 315.87
4 1 1786.52
5 4 1865.59
16 4 1075.69
6 11 1867.96
19 17 106.66
7 18 572.52
20 10 1679.37
18 6 1851.78
21 11 1869.71
22 0 446.94
9 13 0.07
8 22 544.97
14 12 1435.82
12 4 1306.35
10 20 238.77
15 9 908.51
13 9 354.05
0 2 160.52
3 15 1403.21
1 3 809.03
4 8 1805.49
2 8 899.87
5 13 1916.54
3 21 587.51
6 2 219.62
4 22 1089.39
19 22 468.12
7 11 343.16
20 17 195.01
18 1 1416.69
16 17 950.16
21 20 306.11
12 3 986.23
15 22 1492.96
13 2 1340.30
1 4 797.61
2 3 1448.01
6 5 1513.49
7 0 499.26
5 16 164.24
16 8 1204.37
17 21 474.74
22 18 1955.76
20 6 1178.83
21 7 1351.96
8 4 1619.21
9 1 611.96
10 6 813.04
14 0 135.24
12 16 664.49
15 5 1859.49
13 21 1654.45
16 15 1641.29
6 22 1950.56
19 10 1612.02
17 14 520.05
22 21 1617.68
20 13 1837.72
18 13 908.75
21 0 257.39
8 11 509.66
22 15 624.41
9 10 1457.04
8 17 730.12
11 12 1067.36
14 11 881.77
1 22 710.56
15 2 550.01
13 14 1118.53
2 21 71.13
0 13 1284.62
3 8 558.63
1 8 1105.52
4 3 499.56
5 2 364.55
16 6 915.95
6 9 152.65
17 7 776.79
7 12 1668.12
18 4 1392.79
21 9 1629.98
22 6 961.97
10 8 1403.62
11 5 485.58
9 21 1464.15
14 18 799.95
12 6 1939.00
10 18 526.51
15 11 1938.02
13 7 158.97
0 4 1897.70
4 10 1112.03
5 11 1844.77
6 0 508.39
4 16 1628.56
7 5 520.11
5 21 1754.60
20 19 258.23
16 19 317.49
21 18 1683.20
17 18 1675.08
14 21 1134.08
15 16 894.68
13 0 459.58
11 16 1060.40
2 1 803.75
16 10 961.92
19 7 900.12
17 11 383.08
22 16 1258.05
20 0 1339.14
18 16 1818.21
21 5 224.92
8 6 223.58
22 10 1307.54
9 7 229.05
10 4 1252.27
11 9 1321.61
0 18 1041.07
14 6 1092.81
12 18 459.66
1 19 712.36
15 7 969.17
13 19 1639.22
0 8 778.85
3 5 828.76
4 6 1400.91
5 7 864.25
16 1 258.96
6 20 1917.04
19 12 1519.15
17 12 975.89
7 17 573.46
20 15 49.18
18 11 1169.09
21 14 1608.73
8 13 23.40
22 13 697.60
9 8 1230.73
10 15 1886.55
8 19 1513.32
11 14 1704.94
9 18 1073.81
14 9 1192.73
12 9 767.31
1 20 23.47
13 12 1242.22
2 19 792.75
0 15 509.04
3 10 1081.89
1 14 1288.25
4 13 289.09
2 13 756.86
5 0 1508.67
3 16 1215.58
6 15 55.40
19 21 291.66
17 5 29.05
7 14 791.92
20 22 133.82
18 2 1763.31
22 4 481.73
11 7 1614.87
14 16 434.70
12 0 281.00
10 16 1657.04
15 21 1482.50
13 5 1004.80
0 6 1015.23
1 7 1438.94
2 4 1082.20
5 9 1285.73
4 18 122.40
5 19 678.24
16 21 780.16
21 16 1339.20
19 0 1094.24
17 16 779.94
8 1 81.65
15 18 305.18
11 18 720.14
12 21 537.57
16 12 1128.41
6 19 1095.10
19 9 33.90
17 9 929.29
20 2 1013.20
18 14 1374.01
21 3 1757.43
22 8 1773.80
9 5 907.96
10 2 777.52
0 20 864.64
14 4 1778.09
15 1 1645.67
13 17 607.92
2 22 1821.08
0 10 1336.43
3 7 1817.74
1 11 454.81
4 0 1615.01
16 3 710.64
6 10 1851.63
19 14 593.13
17 2 1864.25
7 19 1059.02
20 9 1103.29
18 9 1579.39
21 12 328.86
8 15 379.73
9 14 1740.27
10 13 391.10
11 0 1253.12
9 16 1952.98
14 15 336.64
12 11 1363.25
15 14 9.13
0 1 1211.15
3 12 1404.72
1 12 717.98
4 15 210.90
2 11 1603.67
5 14 218.73
3 18 1565.03
6 13 731.68
4 21 919.11
7 8 536.38
20 16 151.34
18 0 1032.72
14 22 537.98
12 2 1771.17
13 3 1018.88
1 5 780.45
6 4 1608.09
7 1 1241.96
5 17 1700.17
19 2 158.73
17 22 395.30
20 5 927.96
18 21 231.21
8 3 750.00
9 2 1785.69
11 20 1440.78
14 3 463.54
13 22 1072.64
3 0 221.22
16 14 178.79
6 17 344.29
19 11 1790.55
17 15 755.69
7 20 27.57
22 20 1066.65
18 12 1951.17
21 1 1480.02
8 10 910.64
22 14 368.89
9 11 1036.23
10 0 694.19
8 16 1271.47
11 13 1150.05
0 22 1870.24
14 10 1910.63
12 14 1305.88
15 3 1272.50
13 15 430.98
2 20 124.31
0 12 1424.30
3 9 54.15
1 9 298.78
4 2 261.57
2 14 1034.05
5 3 680.13
16 5 1373.61
6 8 1197.93
19 16 1678.90
17 0 1379.88
7 13 371.19
20 11 528.06
18 7 297.76
21 10 805.21
22 1 973.58
9 12 700.41
11 2 145.66
9 22 242.98
14 13 345.99
12 5 1549.30
10 21 1276.29
15 8 253.95
13 8 1485.32
0 3 1489.47
1 2 727.96
4 9 760.55
2 9 1793.40
5 12 1909.21
3 20 20.79
6 3 350.23
7 10 7.11
5 22 176.94
20 18 157.40
16 18 912.94
17 19 766.50
14 20 855.07
15 17 702.28
13 1 1189.09
11 17 593.31
2 0 588.71
