437
7 3 313.33
16 9 1902.14
19 4 800.87
17 20 46.63
22 19 1345.81
20 7 884.77
18 19 203.09
21 6 414.21
8 5 210.44
9 0 87.81
10 7 804.42
11 22 1614.05
0 17 1583.80
14 1 1303.09
12 17 567.95
15 4 746.48
13 20 375.21
3 2 1428.71
4 5 754.87
16 0 1668.53
19 13 102.95
7 22 87.49
20 14 82.43
18 10 1324.41
21 15 1700.77
8 12 1949.89
22 12 1483.81
8 18 1799.44
11 15 714.44
9 19 1551.63
14 8 1351.29
12 8 667.16
1 21 809.14
15 13 479.30
2 18 991.89
0 14 449.84
3 11 813.01
1 15 1275.44
4 12 1332.41
2 12 259.14
5 1 1696.28
16 7 319.03
6 14 1459.05
19 18 763.03
17 6 1024.13
7 15 495.61
20 21 18.71
18 5 667.94
21 8 480.07
10 9 730.23
11 4 235.92
14 19 1937.92
12 7 162.43
10 19 1870.25
15 10 1189.52
13 6 1165.28
0 5 1425.15
1 0 1868.81
4 11 56.45
2 7 160.64
5 10 1353.74
3 22 1804.75
6 1 1513.23
4 17 1693.05
7 4 544.96
5 20 693.34
16 20 1007.43
21 17 1920.16
19 1 1199.61
18 22 821.66
8 0 1103.53
11 19 1884.52
12 20 684.02
16 11 1586.93
6 18 146.66
19 6 1764.19
17 10 713.72
22 17 167.21
20 1 1359.80
18 17 500.70
21 4 65.40
8 7 699.65
22 11 457.40
9 6 1255.93
10 5 416.43
11 8 256.30
0 19 323.47
14 7 916.48
12 19 506.86
1 18 363.75
15 6 1789.99
4 7 156.87
5 6 646.36
16 2 485.51
19 15 1899.51
17 3 646.58
7 16 910.86
20 8 1216.71
18 8 469.05
21 13 1699.08
22 2 810.18
9 15 1409.16
10 12 1238.38
8 20 1255.63
9 17 790.16
12 10 698.13
10 22 313.47
13 11 1130.46
2 16 1715.20
3 13 1891.25
1 13 136.95
4 14 30.92
5 15 1781.49
3 19 230.11
6 12 715.01
4 20 1144.42
19 20 1847.58
17 4 255.13
7 9 1812.06
18 3 1384.93
21 22 1218.18
22 5 151.50
14 17 1429.54
12 1 1471.85
10 17 395.26
15 20 1755.50
0 7 1689.93
1 6 770.30
2 5 1651.78
6 7 381.30
4 19 1562.23
7 6 1550.34
5 18 1841.60
16 22 1943.28
20 4 371.96
8 2 1752.36
11 21 367.12
12 22 1033.42
3 1 1131.28
6 16 483.10
19 8 884.62
17 8 1095.91
7 21 1610.81
20 3 483.04
18 15 1203.73
21 2 566.77
8 9 129.81
22 9 127.15
9 4 1340.93
10 3 1647.95
11 10 61.42
0 21 1179.82
14 5 424.57
12 13 514.65
1 16 244.53
13 16 985.69
0 11 40.36
1 10 1791.00
4 1 1558.58
5 4 1547.69
6 11 1496.55
19 17 1606.00
17 1 1672.37
7 18 305.37
18 6 771.32
9 13 957.62
8 22 1007.84
11 3 1488.38
12 4 745.81
10 20 734.32
15 9 1629.63
13 9 171.48
0 2 963.34
1 3 468.47
4 8 484.61
2 8 579.95
5 13 1794.23
6 2 273.92
4 22 1700.24
19 22 160.64
7 11 1721.12
20 17 937.81
18 1 1469.44
16 17 991.31
12 3 1473.03
15 22 1416.38
13 2 1463.10
1 4 587.12
2 3 718.23
6 5 1428.55
7 0 523.26
5 16 1685.12
16 8 1916.46
22 18 1929.13
21 7 975.34
8 4 1423.73
9 1 952.96
10 6 521.97
0 16 443.62
14 0 62.29
12 16 1939.02
15 5 106.21
13 21 1807.52
16 15 608.83
6 22 1496.05
19 10 613.06
17 14 996.16
22 21 1206.49
20 13 1409.91
18 13 638.46
21 0 347.73
8 11 98.34
22 15 45.62
9 10 158.28
10 1 1337.56
8 17 1843.14
11 12 638.69
14 11 1131.17
12 15 1712.95
1 22 580.54
15 2 1559.48
13 14 1326.53
2 21 1787.59
0 13 1241.74
3 8 1334.41
4 3 36.89
2 15 279.07
5 2 934.20
16 6 1287.26
17 7 305.84
7 12 1469.09
18 4 472.95
21 9 1600.93
22 6 511.98
10 8 457.77
11 5 615.56
9 21 128.53
14 18 953.54
12 6 1372.48
10 18 1418.07
15 11 1032.74
13 7 1010.16
4 10 671.89
2 6 388.46
5 11 669.31
6 0 1507.95
5 21 1870.74
20 19 1509.12
16 19 1931.14
21 18 353.32
17 18 1221.01
14 21 305.41
15 16 1334.42
13 0 1622.25
7 2 1238.20
16 10 1042.82
19 7 1855.86
22 16 1267.17
20 0 186.26
18 16 1452.55
21 5 47.68
8 6 770.65
22 10 668.50
10 4 1385.92
11 9 959.52
0 18 1005.73
12 18 1433.85
1 19 272.55
15 7 406.16
13 19 1489.68
0 8 785.79
4 6 395.49
5 7 296.42
16 1 1133.11
6 20 1765.55
19 12 635.80
17 12 788.54
7 17 19.95
20 15 1894.53
18 11 1618.75
21 14 1466.92
8 13 1302.76
22 13 1950.47
9 8 924.59
8 19 1735.15
11 14 1265.00
9 18 1029.71
14 9 1001.79
12 9 1318.53
15 12 1508.10
13 12 949.65
2 19 646.34
0 15 1827.77
3 10 91.88
1 14 1374.41
4 13 1271.30
2 13 1553.35
5 0 349.90
3 16 1280.32
6 15 1636.60
17 5 424.09
7 14 1817.50
20 22 1754.32
18 2 1551.31
22 4 652.41
12 0 326.06
10 16 1396.70
15 21 1336.37
13 5 629.57
0 6 1456.55
2 4 1093.81
5 9 812.14
4 18 158.64
5 19 549.25
16 21 1714.42
21 16 568.16
19 0 307.56
17 16 1467.38
8 1 480.19
11 18 424.27
12 21 1180.54
16 12 1345.06
6 19 1659.29
19 9 925.56
17 9 239.76
20 2 802.04
18 14 17.23
21 3 864.03
22 8 1160.29
9 5 366.95
0 20 1034.70
14 4 918.64
1 17 633.64
15 1 188.79
2 22 655.16
0 10 1463.31
3 7 660.90
4 0 1392.86
16 3 1080.79
6 10 722.20
19 14 1578.66
17 2 453.32
7 19 967.99
20 9 1763.08
18 9 1494.54
21 12 1107.39
8 15 185.40
22 3 954.45
9 14 1165.05
10 13 537.25
8 21 968.48
11 0 49.78
9 16 587.19
14 15 192.80
12 11 1671.19
15 14 1853.77
13 10 1833.94
2 17 78.25
0 1 1759.83
3 12 1254.18
1 12 509.60
4 15 1511.67
2 11 776.61
5 14 1168.04
3 18 1153.62
6 13 1416.41
7 8 1583.50
20 16 24.71
18 0 1147.67
14 22 1735.78
13 3 678.36
1 5 994.74
6 4 295.93
7 1 628.12
5 17 888.17
19 2 1124.40
20 5 30.78
18 21 943.41
8 3 221.15
9 2 654.92
11 20 1865.83
14 3 402.84
13 22 1445.06
3 0 1745.41
16 14 567.60
6 17 1749.74
17 15 1320.94
7 20 228.80
22 20 129.95
20 12 1895.90
18 12 1880.49
21 1 814.85
8 10 1136.16
22 14 646.92
9 11 211.03
10 0 1407.58
8 16 1766.77
11 13 495.77
0 22 1152.27
12 14 762.69
15 3 812.64
13 15 319.49
2 20 1257.39
3 9 1794.74
1 9 217.13
4 2 823.58
2 14 1574.98
16 5 1941.20
6 8 1309.03
17 0 176.01
7 13 283.61
20 11 583.86
18 7 1808.87
21 10 120.61
9 12 1106.09
10 11 1100.18
11 2 174.28
14 13 301.85
12 5 1520.57
10 21 1420.82
15 8 1783.02
13 8 703.94
0 3 1484.51
1 2 735.89
4 9 1260.23
2 9 1024.20
5 12 68.15
3 20 1159.86
5 22 1796.92
20 18 122.62
16 18 436.98
21 19 983.38
17 19 1812.78
14 20 1363.13
15 17 1898.72
13 1 1858.04
2 0 1009.17
