217
16 6 476.25
7 12 621.59
11 21 273.50
19 4 1323.09
18 4 799.75
17 20 1735.87
15 1 718.91
22 19 1133.47
20 7 109.23
2 22 44.24
1 6 1301.69
22 6 1303.47
21 6 1106.42
3 7 140.92
2 5 732.76
16 19 1287.06
10 8 933.87
9 0 132.72
16 3 403.17
14 18 652.25
19 14 1639.90
10 18 1335.95
13 7 1132.67
20 9 1501.71
0 4 1737.51
15 4 223.06
4 10 1093.38
3 2 785.68
8 2 1669.98
5 11 1328.48
4 5 1702.21
9 3 940.80
4 16 736.97
20 19 1256.38
19 13 1810.51
17 13 1479.44
7 22 880.70
20 14 1818.57
2 17 1706.83
17 18 322.90
21 15 499.83
3 12 373.53
8 12 600.24
3 18 290.32
6 13 1669.73
11 15 184.76
16 13 1773.38
13 0 469.20
1 21 248.36
15 21 566.67
2 18 1202.94
18 15 1410.27
2 1 589.32
1 15 1159.03
12 19 1362.77
3 17 1251.19
6 17 430.42
14 22 740.18
11 10 1554.44
14 5 932.73
13 3 719.81
1 16 382.27
17 1 451.86
22 16 1225.80
13 16 378.32
11 19 1560.80
1 5 1926.70
0 11 1443.68
21 5 1899.21
3 6 1258.67
1 10 1350.24
22 10 906.14
4 1 1826.28
10 9 1183.56
5 4 181.99
11 4 1434.57
14 21 495.52
7 1 681.04
10 19 1353.60
0 18 426.38
15 10 907.03
14 6 128.60
13 6 1110.69
20 10 827.05
19 2 442.85
18 6 727.55
15 7 1548.54
1 0 542.25
22 0 1647.60
3 5 894.05
5 10 328.81
4 6 130.16
3 22 136.27
12 18 246.41
9 2 842.67
8 22 710.30
4 17 817.31
11 3 381.86
7 4 936.70
14 12 1417.92
5 20 1091.99
12 4 1139.74
19 12 1286.55
10 20 997.72
0 16 1612.11
16 20 1426.81
20 15 1924.10
19 1 1007.37
18 11 837.08
13 22 1013.75
3 15 1778.18
18 22 1434.91
22 13 509.26
9 8 1136.43
3 21 1852.12
6 2 1212.03
4 22 923.32
7 11 1523.78
14 9 621.82
12 9 859.66
18 21 551.60
1 20 116.16
15 12 1780.89
21 20 399.16
12 20 389.21
18 12 409.92
0 15 735.20
21 1 1308.66
3 10 1534.68
1 14 260.03
4 13 1917.96
5 0 1585.92
3 16 1304.19
8 16 79.94
6 15 1431.26
19 21 1367.90
17 5 176.21
16 11 473.68
6 18 1906.71
13 2 227.24
20 22 467.48
19 6 335.14
22 17 1793.29
13 15 1510.63
20 1 1447.31
0 12 71.45
22 4 1886.09
3 9 1202.44
2 3 809.55
22 11 537.75
4 2 147.85
9 6 520.13
11 7 997.19
16 5 964.84
6 8 306.83
12 0 448.35
17 0 429.80
16 8 885.75
20 11 1747.11
1 18 1095.07
0 6 1080.38
19 18 1155.64
22 18 1792.51
20 6 1113.96
1 7 1777.39
0 9 846.79
3 4 1865.05
9 12 1551.59
10 11 1841.73
4 18 103.25
11 2 1746.11
10 6 1733.72
6 21 1308.13
5 19 1614.45
19 15 1478.20
17 3 1250.44
7 16 1855.19
21 16 1168.70
12 16 1953.75
17 16 791.98
13 21 1578.70
17 21 1537.47
8 14 376.88
22 2 511.26
4 9 1207.40
8 1 947.14
5 12 353.09
3 20 1657.50
21 13 1893.58
6 3 1435.34
11 1 1254.41
16 15 1196.72
6 22 1836.85
5 22 1151.62
11 18 1347.93
10 22 503.67
17 14 865.64
22 21 694.86
16 12 1742.77
1 13 1731.18
7 17 1160.77
4 14 329.48
9 10 986.94
5 15 1109.12
4 20 1730.40
11 12 1934.84
15 17 1272.65
18 3 476.18
15 2 520.63
13 14 833.34
2 21 190.94
3 8 711.11
4 3 1252.91
2 15 505.65
5 2 750.35
11 6 272.93
10 2 659.44
