293
14 17 976.44
12 1 73.20
10 17 1141.49
17 7 1044.47
16 9 1391.97
13 4 1573.32
11 21 656.87
19 4 1802.98
18 4 548.67
15 1 324.63
22 19 1298.49
21 9 1036.26
20 7 1073.10
2 22 1276.05
1 6 832.14
3 7 1168.29
8 5 970.14
15 14 1084.63
4 0 1901.46
10 8 1140.62
4 19 1728.32
11 5 1691.45
10 7 1334.74
9 21 1372.58
7 6 1785.21
6 10 442.60
5 18 1366.35
12 6 1537.11
11 22 751.35
20 14 377.59
0 17 1000.56
16 22 276.21
14 1 1537.14
13 7 1198.29
20 9 1894.67
13 20 1942.85
20 4 498.29
18 20 1161.04
22 3 138.91
4 10 1104.85
3 2 937.47
2 6 1583.09
9 14 768.37
16 15 972.68
4 5 575.62
8 21 667.55
6 0 1628.96
1 17 1589.54
16 0 1390.84
14 15 1006.18
12 11 1482.58
19 13 843.60
17 13 1717.24
16 19 676.24
13 10 274.52
12 22 177.24
6 8 1364.42
6 9 407.30
3 12 1861.37
1 12 616.24
13 17 1655.17
22 12 1261.87
4 15 453.55
8 12 444.44
2 11 1223.27
0 6 1419.42
14 18 1075.37
3 18 369.77
4 21 140.33
9 19 1238.83
16 13 1317.68
13 0 874.13
12 8 432.29
11 16 175.35
1 21 994.55
17 8 737.62
15 21 763.62
20 3 82.91
2 18 476.88
18 15 474.60
3 11 869.69
2 1 544.85
8 9 1542.70
4 12 1001.61
2 12 1912.74
16 14 438.31
5 1 1438.95
19 14 1367.42
7 2 1059.79
6 14 108.50
12 2 1628.43
19 18 1862.44
7 15 697.38
14 5 93.87
13 3 154.89
19 7 236.12
17 11 1198.02
15 0 1318.15
13 16 1334.29
20 0 971.65
18 16 1897.68
22 7 1782.68
21 5 1529.65
3 6 1934.19
8 6 208.26
22 10 1641.54
4 1 1943.31
10 9 1233.55
6 4 859.03
5 4 126.37
11 4 1135.44
10 4 1295.63
9 20 1388.11
7 1 89.64
14 19 1500.01
5 17 143.18
12 7 203.68
11 9 531.20
21 20 414.16
7 18 751.62
17 1 530.85
13 6 1371.04
12 18 26.17
19 2 1750.37
18 6 1778.23
0 5 224.59
15 10 1248.19
13 19 1173.88
20 5 335.96
0 8 1700.45
4 11 164.63
3 5 697.31
2 7 685.90
9 13 979.27
8 3 345.54
5 10 772.00
3 22 1185.92
20 10 1635.54
9 2 1278.64
8 22 418.96
6 1 1867.85
4 17 1367.23
16 11 1390.86
7 4 797.24
14 12 1619.68
19 12 1665.82
17 12 1629.13
15 9 693.33
14 3 1822.66
13 9 1130.57
20 15 791.96
19 1 715.36
0 2 173.69
4 20 961.14
21 14 1100.82
3 15 500.88
1 3 1368.67
8 13 719.04
22 13 1939.94
18 0 467.12
3 0 234.54
9 8 1111.89
3 21 1013.78
8 19 232.76
6 2 849.15
17 22 873.72
13 14 960.60
11 14 1760.59
9 18 440.39
15 19 1877.09
6 17 575.91
19 11 1803.12
1 20 564.02
17 15 1911.98
15 12 1514.82
22 20 1582.10
13 12 12.88
20 12 239.44
2 19 1633.51
18 12 530.52
0 15 251.79
21 1 199.65
3 10 1889.27
1 14 1293.01
4 13 1103.39
9 11 1609.13
10 0 389.73
8 16 929.18
12 3 517.25
19 21 1215.79
6 19 1321.93
7 14 802.86
6 18 1623.83
19 6 98.85
18 2 256.05
17 10 370.22
15 3 1121.84
22 17 1539.62
13 15 980.23
1 4 755.95
22 4 814.60
21 4 721.95
3 9 1502.70
2 3 324.00
6 21 1069.04
8 7 1530.25
2 14 200.88
5 3 1681.48
11 7 1112.27
16 5 444.93
14 16 1410.41
11 8 1867.00
10 16 1090.44
17 0 166.06
16 8 256.80
14 7 1205.06
19 5 94.48
18 7 1615.53
17 21 1299.87
15 6 836.09
20 6 419.23
22 1 1048.78
21 7 634.33
3 4 1353.15
2 4 1845.22
8 4 1708.25
5 9 1584.31
4 7 112.23
3 1 269.68
9 1 1673.82
17 5 1174.45
5 6 1576.34
11 2 1019.30
10 6 347.87
9 22 1923.97
16 2 1138.99
14 13 584.83
5 19 1035.20
19 15 846.89
10 21 1824.35
15 8 1006.23
14 0 662.83
12 16 45.34
18 8 481.36
17 16 1047.77
15 5 1634.28
13 21 164.10
16 1 792.85
4 9 506.75
2 9 1872.32
9 15 1387.56
8 1 1392.55
5 12 146.65
3 20 1741.45
10 12 899.53
8 20 41.89
16 7 621.66
7 10 1527.90
20 18 773.85
11 18 420.06
13 11 391.47
2 16 366.94
3 13 1881.97
1 13 30.87
7 17 509.66
22 15 590.07
11 10 1602.50
2 10 342.15
9 10 45.52
5 15 732.31
18 17 1720.70
7 12 1857.84
21 17 870.79
8 17 452.29
14 20 1192.87
4 16 1627.40
11 12 309.77
16 12 651.14
14 11 888.14
13 1 1544.96
18 3 477.59
17 9 1728.58
15 2 1160.10
21 22 586.32
20 2 1272.30
21 3 1573.62
2 0 277.42
1 8 1101.14
7 5 892.09
22 8 732.80
4 3 1581.28
5 2 1284.73
11 6 906.03
