86
16 6 1952.82
18 4 751.59
17 20 996.40
13 17 424.53
20 7 94.93
18 19 90.32
0 10 543.16
22 6 660.23
9 0 1949.41
9 21 1643.29
7 19 1777.23
20 9 1879.70
20 4 748.81
4 10 327.71
3 2 524.30
2 6 154.92
6 0 669.38
16 0 921.09
13 10 959.04
22 12 102.24
16 13 1039.11
15 13 1414.34
20 3 1811.15
1 15 1197.18
22 9 1637.34
14 22 841.90
0 21 1909.97
18 5 1370.92
21 5 1808.57
1 10 754.02
9 7 838.84
20 5 1906.01
2 7 516.14
3 22 993.30
9 2 1233.62
14 12 406.68
12 4 178.50
10 20 1156.17
0 2 112.50
3 15 454.70
18 22 1381.89
7 11 1071.93
12 20 881.32
2 19 1707.69
22 14 789.43
19 21 412.09
15 22 1008.49
20 22 529.17
19 6 1356.93
20 1 1310.04
22 4 618.12
7 0 686.98
14 16 1280.79
0 19 1860.41
19 5 1319.70
1 18 616.45
0 6 1413.99
20 6 1385.30
1 7 1871.08
5 9 1818.12
21 16 65.65
12 16 1053.68
5 19 61.39
14 0 1285.96
13 8 1252.34
20 8 138.98
15 5 1929.50
3 14 843.73
22 2 1131.17
6 3 1837.05
15 18 1108.52
19 10 780.18
21 19 1189.18
20 13 545.68
17 19 716.71
10 1 908.16
8 17 379.19
2 21 73.00
18 14 1308.04
0 13 1543.74
7 5 1478.31
22 8 1518.69
4 3 784.86
2 15 863.04
5 2 1166.39
11 6 1835.01
