338
7 3 1898.41
14 17 316.53
12 1 199.72
21 16 1813.87
0 20 1648.62
16 9 75.80
14 4 519.04
13 4 1271.82
19 13 1306.16
19 4 868.61
0 7 590.90
15 1 1642.30
22 19 904.04
13 17 980.53
2 22 813.60
11 19 1070.63
17 13 1644.64
21 6 1664.49
3 7 177.19
1 11 1361.64
8 5 1436.43
5 8 1088.09
4 0 1726.01
10 8 709.54
9 0 1520.75
16 3 1628.86
6 7 672.27
4 19 1130.61
1 5 1306.71
9 21 74.32
7 6 409.49
6 10 1467.99
7 4 748.67
11 22 1840.86
10 18 552.98
17 2 333.19
7 19 858.86
12 17 1052.27
19 3 555.20
18 9 1030.16
0 4 34.10
15 4 529.03
21 12 183.37
20 4 1103.92
18 20 438.11
8 15 407.43
17 18 845.93
3 2 309.33
2 6 255.02
9 14 1527.54
8 2 1872.98
5 11 1171.12
4 5 613.00
6 22 1732.40
8 21 1521.30
6 0 1493.75
10 4 987.05
14 15 1505.73
12 11 28.23
11 21 198.21
7 0 418.74
14 2 1349.12
21 18 1389.05
11 18 1422.87
17 19 1483.90
18 10 1850.77
0 1 1776.55
3 12 203.81
1 12 1153.19
8 12 690.86
22 12 1125.06
3 1 1601.72
2 11 121.98
20 14 1160.17
5 14 47.25
3 18 1909.10
10 14 142.33
8 18 968.45
6 13 1118.15
19 1 1906.14
4 21 543.26
11 15 18.32
21 19 1204.64
15 16 1366.44
14 8 1917.88
13 0 1474.68
12 8 15.91
11 16 863.13
1 21 1330.60
17 8 612.53
15 13 396.57
2 18 1030.54
0 14 755.66
21 2 998.98
3 11 1769.26
2 1 397.89
1 15 274.25
8 9 1828.56
7 12 241.43
22 9 467.25
4 12 1940.49
9 4 1269.99
16 14 1440.46
5 1 1909.09
3 17 1692.93
10 3 1612.87
6 17 518.04
7 2 216.55
6 14 1377.48
12 2 328.53
11 10 800.42
15 22 949.97
17 6 70.91
16 10 292.48
14 5 1487.05
19 7 854.71
18 5 1605.56
17 11 317.38
15 0 1209.89
22 16 848.70
21 8 336.34
20 0 1387.21
18 16 720.03
22 7 185.03
21 5 877.60
3 6 1931.45
1 10 285.51
21 10 111.83
22 10 683.03
4 1 379.57
10 9 316.35
9 7 1499.01
6 4 172.29
19 17 573.76
14 21 1065.99
16 4 1274.24
12 7 889.85
11 9 1256.16
10 19 554.91
17 1 1381.62
15 10 647.95
14 6 627.50
20 10 1868.86
19 2 1810.54
18 6 1647.79
17 22 505.80
7 18 1246.46
21 11 840.37
18 0 1776.64
0 8 68.68
22 0 161.85
3 5 1238.55
2 7 1287.98
9 19 1458.00
5 10 7.40
4 6 1448.00
12 18 1776.67
16 13 220.24
6 1 1246.60
11 5 365.33
4 17 1242.92
4 2 752.62
6 16 1016.12
16 1 443.49
14 12 1572.62
5 20 154.49
12 4 1437.94
19 12 1840.74
21 1 520.97
21 13 1920.92
21 17 136.66
20 15 470.67
20 16 1488.76
18 11 712.12
0 2 1106.06
21 14 1047.88
3 15 1228.86
18 22 1730.35
8 13 267.84
4 8 419.19
3 0 366.71
2 8 1091.93
9 8 1642.86
8 0 385.00
17 3 9.80
5 13 845.85
3 21 1151.93
10 15 1641.14
8 19 1420.89
6 2 1174.65
19 14 1209.69
11 14 148.71
6 12 1401.39
9 18 778.99
15 19 696.10
14 9 909.56
12 9 940.64
19 11 1666.58
1 20 1912.48
13 14 1488.49
22 20 1828.08
13 12 860.70
12 20 1275.06
2 19 1367.17
18 12 783.15
0 15 235.81
11 12 1821.73
3 10 457.04
1 14 1934.79
4 13 1103.03
2 13 972.25
5 0 636.58
17 7 150.89
20 9 484.11
11 13 304.41
13 10 1233.04
0 22 924.37
16 11 1198.47
13 2 1442.95
20 22 860.20
4 10 214.95
17 10 503.73
15 3 1929.71
22 17 1186.15
13 15 1350.71
20 1 965.21
2 20 384.53
0 12 1084.91
22 4 330.53
21 4 445.36
11 17 55.71
2 3 680.54
22 11 556.72
20 12 548.89
9 6 635.12
13 20 1111.99
6 5 1410.37
5 3 1762.59
10 5 1891.97
16 5 231.48
14 16 1917.83
0 19 827.62
7 13 288.12
14 7 867.73
0 5 815.31
20 11 1706.32
19 5 659.94
1 18 1017.65
0 6 787.60
15 6 734.92
22 18 455.82
13 18 724.57
20 6 1297.24
21 7 524.70
3 4 502.79
2 4 431.20
8 4 252.14
4 7 761.39
5 7 209.06
10 11 1607.93
9 1 882.52
15 20 713.91
17 5 1560.68
5 6 197.35
4 18 803.74
9 22 953.00
7 14 1067.48
5 19 762.72
12 5 1556.74
19 15 1583.62
10 21 1240.49
0 16 1818.19
15 8 386.26
14 0 1074.91
13 8 1881.69
19 0 1176.83
18 8 1950.13
17 16 997.76
15 5 924.85
18 1 1849.92
13 21 1684.15
1 2 390.83
8 14 1731.14
7 5 1660.02
22 2 1882.35
4 9 972.26
2 9 1602.20
9 15 889.47
6 20 1175.19
10 12 768.52
8 20 208.32
7 10 1845.61
20 13 125.03
5 22 1294.99
20 18 57.79
19 10 1389.50
17 14 737.77
16 18 311.41
22 21 652.60
13 11 1875.92
12 21 910.50
2 16 764.94
18 13 1428.58
9 3 440.74
16 6 1163.44
21 0 1708.94
8 11 1755.70
22 15 633.69
7 1 518.21
9 10 1377.75
5 15 1561.33
10 1 66.94
13 9 146.70
14 20 1443.80
21 20 561.96
19 20 521.64
17 4 1510.88
7 9 1010.06
14 11 776.19
13 1 1335.25
12 15 941.32
19 9 305.14
18 3 727.59
17 9 632.57
15 2 1020.75
21 22 221.56
20 2 1874.96
21 3 551.69
1 8 405.61
1 19 1149.25
17 0 13.94
22 8 947.33
4 3 170.17
13 5 1763.69
9 5 518.20
1 16 828.64
11 6 1159.21
15 18 550.65
