60
13 22 1164.72
14 17 198.45
12 1 359.61
9 1 1568.81
2 18 291.24
3 0 848.89
11 2 1171.83
21 2 876.65
6 21 1631.92
11 7 813.17
0 20 320.25
17 3 1010.56
16 21 672.67
4 22 1354.68
18 8 236.17
17 16 1404.02
8 5 877.32
8 13 1626.27
0 8 403.94
0 21 1794.58
2 9 589.39
5 11 1390.36
12 6 98.48
13 16 202.95
1 5 1535.22
14 1 253.02
15 4 1641.86
17 14 1791.48
8 15 1423.02
15 22 961.87
14 10 746.84
20 22 1478.50
18 2 665.13
15 3 1058.06
14 6 703.46
3 16 267.30
21 4 1434.29
9 16 825.12
5 21 1863.35
13 19 1150.28
22 11 1680.59
17 6 1118.81
14 2 1253.35
2 7 499.02
9 13 251.10
11 3 1852.28
6 8 233.94
3 22 1575.76
20 2 148.92
13 5 397.79
22 5 1461.27
7 4 1719.56
17 21 787.09
5 20 215.27
11 20 1142.31
10 9 526.61
0 9 669.10
15 8 651.66
16 13 909.56
4 1 1468.39
