353
7 3 771.98
19 4 326.75
22 19 1182.13
20 7 616.47
18 19 647.06
21 6 806.18
11 22 1123.79
14 1 240.53
15 4 1783.86
4 5 1140.68
16 0 1938.88
19 13 1362.71
17 13 551.58
7 22 280.42
20 14 1316.83
18 10 895.39
21 15 1085.01
8 12 632.67
22 12 1678.86
8 18 1074.68
11 15 803.79
14 8 1105.61
1 21 625.98
15 13 1532.99
2 18 263.50
3 11 1015.60
1 15 1397.90
4 12 626.30
2 12 404.66
3 17 1074.24
6 14 1278.40
17 6 1034.40
20 21 818.81
18 5 648.90
21 8 533.91
22 7 389.47
14 19 779.16
10 19 207.78
1 0 920.60
4 11 875.01
2 7 1071.01
5 10 1216.23
3 22 285.87
6 1 20.72
4 17 720.47
21 17 727.81
19 1 82.13
18 22 1441.31
8 0 958.43
15 19 1567.10
11 19 407.04
12 20 1379.71
16 11 1766.88
6 18 325.61
22 17 552.79
22 11 1597.60
9 6 817.46
10 5 1342.69
11 8 333.95
0 19 969.33
14 7 16.75
13 18 1142.06
0 9 1556.12
3 4 298.16
4 7 332.15
6 21 619.68
19 15 1895.61
17 3 925.59
7 16 1415.23
21 13 985.04
8 14 1114.00
9 15 307.08
10 12 1002.37
9 17 1503.70
10 22 280.58
13 11 771.87
2 16 967.44
3 13 1014.35
1 13 1327.59
2 10 803.66
5 15 712.89
3 19 803.50
6 12 622.44
4 20 385.67
7 9 786.09
18 3 1634.06
11 6 178.05
14 17 862.12
10 17 234.54
15 20 1205.71
0 7 594.40
1 6 923.35
2 5 1137.63
5 8 1542.36
6 7 1738.48
4 19 901.45
7 6 498.34
5 18 697.09
16 22 868.74
19 3 1127.61
20 4 1052.69
18 20 1468.93
8 2 1206.61
9 3 1508.51
14 2 1519.34
3 1 257.94
16 13 813.61
19 8 558.29
17 8 518.99
7 21 1038.95
20 3 893.87
18 15 1594.85
21 2 1770.57
8 9 1069.00
22 9 494.29
11 10 810.39
0 21 500.45
14 5 403.44
15 0 246.50
13 16 1265.21
3 6 1773.96
1 10 769.48
4 1 841.13
5 4 926.08
16 4 632.01
6 11 681.08
19 17 1512.99
17 1 839.01
7 18 38.25
20 10 1429.53
18 6 981.89
21 11 1255.98
22 0 1904.62
9 13 121.76
14 12 243.01
12 4 528.28
10 20 1292.46
0 2 1286.68
3 15 722.29
4 8 162.47
2 8 118.24
5 13 281.78
3 21 1836.87
6 2 526.42
19 22 83.99
7 11 315.42
20 17 615.92
16 17 813.95
21 20 1363.81
12 3 1074.66
15 22 558.65
13 2 146.94
1 4 1788.92
2 3 71.22
6 5 950.69
7 0 465.23
16 8 1554.17
19 5 1687.43
20 6 227.06
21 7 1076.53
8 4 1298.28
9 1 708.67
14 0 1695.25
12 16 359.93
15 5 1925.46
13 21 1396.03
16 15 1550.01
6 22 1888.09
19 10 291.20
17 14 1145.99
22 21 604.47
20 13 1234.07
18 13 727.35
21 0 1620.39
8 11 993.11
22 15 713.36
11 12 1571.07
1 22 631.81
15 2 510.41
13 14 1283.46
2 21 26.73
3 8 755.52
1 8 536.19
2 15 1540.09
5 2 638.31
16 6 120.13
6 9 1182.81
17 7 795.55
21 9 846.27
9 21 59.89
14 18 1243.68
10 18 1308.67
15 11 343.07
0 4 339.30
4 10 1675.97
5 11 1703.07
4 16 1322.85
7 5 1154.31
20 19 1881.60
16 19 865.19
17 18 1143.37
14 21 432.47
15 16 420.82
13 0 1599.64
7 2 1549.18
16 10 720.66
19 7 505.90
20 0 1353.59
21 5 1705.52
8 6 854.65
22 10 517.65
9 7 711.74
10 4 883.19
12 18 661.26
1 19 678.95
0 8 234.17
3 5 154.74
4 6 1087.24
5 7 138.10
16 1 1565.75
6 20 1296.04
19 12 1738.01
17 12 433.50
7 17 166.27
20 15 187.12
18 11 1727.74
21 14 780.01
8 13 418.11
22 13 1465.51
9 8 532.91
10 15 1377.32
11 14 1913.01
9 18 1468.67
14 9 725.40
1 20 1674.51
15 12 781.90
13 12 619.03
0 15 546.77
3 10 1566.40
1 14 1295.43
2 13 1065.76
5 0 1676.49
6 15 265.22
7 14 129.27
20 22 1884.65
11 7 12.06
14 16 717.54
12 0 1189.38
10 16 1426.06
15 21 1115.55
13 5 1305.95
1 7 499.64
2 4 1834.31
4 18 82.84
5 19 413.61
16 21 345.90
15 18 1134.73
11 18 143.13
12 21 299.02
16 12 539.31
6 19 1719.29
19 9 769.16
20 2 304.70
18 14 1531.10
9 5 478.15
10 2 1025.87
15 1 587.65
13 17 266.59
2 22 283.11
0 10 1620.50
3 7 934.67
1 11 923.39
4 0 585.54
16 3 1322.47
6 10 1775.48
19 14 453.76
17 2 1538.69
7 19 647.92
20 9 815.41
18 9 1063.47
8 15 288.20
22 3 1366.04
9 14 1708.08
10 13 1914.44
8 21 1409.93
11 0 1159.68
9 16 1145.28
14 15 1140.30
12 11 568.54
15 14 1682.35
3 12 382.29
2 11 1178.06
5 14 1810.88
3 18 656.14
14 22 1934.88
13 3 802.01
1 5 711.32
6 4 34.17
7 1 927.34
5 17 1011.60
19 2 208.78
17 22 1138.96
20 5 245.83
18 21 927.72
11 20 121.36
14 3 684.12
3 0 1637.89
16 14 1406.81
19 11 420.98
17 15 724.24
7 20 1463.49
18 12 332.56
8 10 301.09
22 14 218.71
9 11 735.85
10 0 1737.79
8 16 744.41
14 10 1739.67
15 3 1906.41
13 15 1399.98
2 20 55.14
3 9 1798.87
1 9 1367.39
4 2 806.87
2 14 966.15
5 3 1812.54
16 5 143.14
6 8 1646.44
19 16 1044.29
7 13 1212.02
20 11 600.01
18 7 1333.12
21 10 1728.54
11 2 1936.53
9 22 1498.52
14 13 1503.02
15 8 1178.65
13 8 867.14
3 14 420.72
1 2 177.04
5 12 1379.89
3 20 156.31
6 3 1001.46
7 10 867.66
5 22 536.34
20 18 1223.64
16 18 668.07
21 19 465.22
17 19 651.57
14 20 561.56
15 17 1860.85
13 1 1314.62
2 0 1617.75
