112
16 6 1210.06
7 12 486.35
14 4 850.62
22 19 1253.26
21 9 932.96
22 6 1375.07
8 5 752.11
4 0 1127.94
6 7 652.35
10 18 99.88
14 1 1659.47
19 3 517.03
18 9 1700.03
15 4 1886.11
20 4 1230.13
18 20 1662.46
8 15 1169.10
5 11 357.06
6 0 901.50
7 5 1409.37
14 15 703.45
17 13 57.52
12 22 193.75
17 18 1598.33
3 12 301.06
1 12 1360.86
2 11 86.36
3 18 692.86
13 11 1937.97
15 16 747.26
15 13 882.46
20 3 1098.81
2 18 1164.32
18 15 748.59
1 15 1368.59
7 2 259.66
0 21 1398.89
14 5 677.31
12 13 91.83
15 0 986.32
22 7 410.53
21 5 18.39
5 4 991.87
10 4 1152.78
16 4 1516.51
6 11 1233.02
0 18 134.11
7 18 317.03
18 6 299.73
17 22 340.96
1 0 1224.75
4 6 1170.51
8 22 406.13
5 7 1602.99
4 17 1845.81
11 3 494.93
14 12 1804.91
12 4 1942.47
11 20 522.56
14 3 1952.58
0 5 409.55
13 22 1784.05
3 15 448.21
4 8 1406.26
3 0 1665.92
2 8 1670.48
9 8 1667.85
8 0 1484.09
5 13 888.00
1 20 1558.88
20 12 192.96
2 19 1049.87
3 16 1420.99
6 19 1533.48
16 11 725.31
19 6 1652.09
1 9 1508.20
8 7 509.00
4 2 1912.22
11 7 290.90
16 5 1776.69
12 0 646.78
10 16 1398.35
16 8 427.93
13 5 1798.22
18 7 333.45
0 6 1835.89
21 7 1934.66
16 2 1704.56
7 16 1582.17
21 16 255.34
8 14 888.46
2 9 496.40
9 15 1285.57
8 20 1792.14
16 15 469.40
12 10 1012.04
22 21 1195.29
21 19 255.36
13 9 505.60
22 15 1771.34
2 10 1281.96
5 15 218.34
21 17 661.01
11 12 556.72
16 12 850.32
14 11 413.69
12 15 1677.99
19 9 1085.43
0 13 1616.93
2 0 1110.77
4 3 1258.96
