433
7 3 247.45
16 9 1654.23
19 4 1080.97
17 20 612.38
22 19 498.93
20 7 1678.78
18 19 26.13
21 6 671.98
8 5 1108.16
9 0 884.39
11 22 1488.38
14 1 47.25
12 17 27.64
15 4 238.64
13 20 829.72
3 2 592.01
16 0 721.81
19 13 509.27
17 13 1623.72
7 22 1092.88
20 14 363.12
18 10 902.71
21 15 1751.90
8 12 693.54
22 12 1845.58
10 14 115.48
8 18 108.90
11 15 1143.43
14 8 1220.52
1 21 1036.31
15 13 1851.35
2 18 1478.20
0 14 681.82
3 11 1605.97
1 15 1322.92
4 12 383.07
2 12 787.78
5 1 299.47
3 17 1491.84
19 18 1076.39
7 15 1057.53
20 21 136.12
18 5 568.31
22 7 746.23
9 20 1282.83
14 19 112.31
12 7 1356.43
10 19 743.70
15 10 1508.10
13 6 299.35
0 5 1131.12
1 0 939.08
4 11 95.69
2 7 1878.15
5 10 533.07
3 22 1302.21
6 1 651.62
4 17 189.16
7 4 1420.49
5 20 135.52
21 17 1316.40
19 1 312.86
18 22 1599.33
8 0 1114.47
11 19 529.59
12 20 1635.50
16 11 601.89
19 6 1175.57
17 10 1897.96
22 17 26.07
20 1 229.42
18 17 408.42
21 4 978.01
9 6 1900.89
10 5 1693.18
11 8 429.72
12 19 1839.65
1 18 1428.90
15 6 1211.85
13 18 1444.13
0 9 395.62
3 4 42.45
4 7 1435.09
5 6 760.18
16 2 488.25
6 21 1176.90
19 15 1588.63
7 16 1905.80
20 8 365.84
21 13 718.42
8 14 252.53
22 2 1284.15
9 15 549.93
10 12 1345.64
8 20 642.09
11 1 108.45
9 17 327.32
12 10 859.16
10 22 1227.34
13 11 506.98
2 16 824.19
3 13 1922.22
1 13 14.23
4 14 1834.19
5 15 1050.38
3 19 916.75
6 12 36.38
4 20 414.04
19 20 488.65
17 4 557.51
7 9 1785.54
21 22 1081.26
22 5 1195.36
11 6 1475.03
14 17 248.61
12 1 1106.62
10 17 1208.43
13 4 640.66
2 5 1008.04
5 8 1395.52
6 7 1508.54
4 19 1610.16
7 6 1267.40
5 18 653.47
16 22 1157.94
19 3 1832.42
20 4 815.15
18 20 106.20
8 2 1017.11
9 3 976.39
11 21 1571.17
12 22 784.66
3 1 1646.95
6 16 1431.46
19 8 595.64
17 8 1091.77
20 3 1695.78
18 15 867.01
21 2 1292.95
8 9 1098.48
22 9 1415.28
9 4 927.10
10 3 45.81
11 10 1790.33
0 21 1660.14
14 5 1613.00
1 16 1221.97
15 0 1596.53
13 16 1951.18
0 11 1923.16
3 6 879.21
1 10 920.31
4 1 707.37
16 4 1940.33
6 11 117.54
19 17 1511.25
17 1 788.20
7 18 1795.87
20 10 1614.45
18 6 1871.53
21 11 1588.09
22 0 1380.04
9 13 1149.87
8 22 40.21
11 3 142.48
14 12 1952.67
12 4 992.37
10 20 1912.72
15 9 935.12
13 9 1470.22
0 2 1764.41
3 15 1030.25
1 3 1322.53
4 8 48.96
2 8 1297.94
3 21 1926.36
6 2 751.68
4 22 1490.35
19 22 566.59
7 11 332.94
20 17 439.64
18 1 732.11
16 17 992.55
21 20 564.18
15 22 1040.33
13 2 684.41
1 4 1801.34
2 3 338.84
7 0 1776.63
5 16 1334.73
16 8 1085.22
19 5 843.93
17 21 151.31
22 18 379.69
20 6 1723.23
21 7 813.11
8 4 1272.13
9 1 990.52
10 6 1916.00
14 0 1196.22
15 5 1952.05
16 15 1129.60
6 22 983.16
17 14 654.87
22 21 1779.21
20 13 1086.00
18 13 1363.83
21 0 81.97
8 11 1162.95
22 15 548.28
9 10 1834.49
10 1 1677.51
8 17 36.04
11 12 567.47
14 11 688.95
12 15 1405.30
1 22 1746.45
13 14 306.97
2 21 1686.41
0 13 1059.82
3 8 774.70
1 8 1280.85
4 3 815.71
2 15 29.00
5 2 743.07
16 6 528.35
6 9 1702.77
17 7 1563.11
7 12 112.29
21 9 1744.02
22 6 1115.16
10 8 1084.53
11 5 47.55
9 21 202.16
14 18 1845.97
12 6 1421.64
15 11 892.92
13 7 730.76
0 4 111.86
4 10 1406.60
2 6 541.86
5 11 1891.99
6 0 636.62
4 16 596.98
7 5 296.57
5 21 1895.97
20 19 1515.31
16 19 856.13
21 18 635.40
17 18 1379.21
13 0 432.29
11 16 115.76
2 1 1021.92
7 2 736.32
16 10 1475.59
19 7 944.33
17 11 1173.24
22 16 1842.18
20 0 1369.92
18 16 374.24
21 5 312.12
22 10 142.09
9 7 559.95
10 4 335.26
11 9 213.99
0 18 488.15
14 6 721.71
15 7 1513.62
13 19 802.80
3 5 1533.30
4 6 1628.75
16 1 1196.84
6 20 1567.61
19 12 1537.90
17 12 1515.08
7 17 49.63
20 15 165.10
18 11 1933.84
21 14 425.83
8 13 749.22
9 8 301.41
10 15 661.07
8 19 1198.31
11 14 1418.70
9 18 220.51
14 9 1331.52
12 9 220.77
1 20 1740.06
15 12 183.24
13 12 892.45
2 19 1128.64
0 15 213.47
3 10 532.85
1 14 460.40
4 13 1298.53
5 0 446.73
3 16 1587.07
6 15 1835.09
19 21 283.36
17 5 938.63
7 14 73.10
20 22 205.38
18 2 228.50
22 4 1315.56
14 16 457.95
12 0 314.99
10 16 375.82
13 5 1520.21
0 6 729.31
1 7 1779.57
2 4 324.76
5 9 1007.15
4 18 935.88
5 19 1629.12
16 21 794.93
21 16 861.58
19 0 90.63
17 16 118.44
8 1 495.62
15 18 737.46
11 18 1262.64
12 21 541.86
16 12 1371.08
6 19 726.60
19 9 723.46
21 3 1814.08
22 8 269.33
9 5 1292.59
10 2 842.81
14 4 960.02
1 17 1787.40
15 1 987.29
13 17 1948.00
2 22 537.34
0 10 1629.94
4 0 864.25
16 3 339.38
6 10 50.87
17 2 1499.73
7 19 508.19
18 9 1317.01
21 12 698.69
8 15 782.11
9 14 32.51
10 13 1038.85
8 21 1923.82
11 0 1064.43
14 15 134.05
12 11 167.81
15 14 977.24
13 10 1049.95
2 17 689.16
0 1 70.40
3 12 1932.81
1 12 1816.48
4 15 1792.62
5 14 160.98
3 18 1508.52
6 13 899.27
4 21 1770.55
7 8 13.17
20 16 1691.27
18 0 1383.00
14 22 602.22
12 2 586.12
13 3 315.06
1 5 741.58
6 4 367.83
5 17 1750.30
19 2 31.67
17 22 253.56
20 5 1260.00
18 21 1577.30
9 2 1401.98
11 20 423.47
14 3 1512.59
13 22 1463.99
3 0 661.93
16 14 1574.59
6 17 1078.19
19 11 139.52
7 20 124.70
22 20 70.68
20 12 1578.72
18 12 698.15
21 1 985.05
22 14 424.64
9 11 1839.37
10 0 1552.58
8 16 1818.37
0 22 217.28
14 10 1835.94
12 14 838.68
15 3 1831.52
13 15 1193.63
2 20 1490.96
0 12 587.29
1 9 332.79
2 14 1159.73
5 3 550.92
16 5 401.20
19 16 1572.17
17 0 1474.62
7 13 1114.02
20 11 1118.86
18 7 1137.23
21 10 1843.81
22 1 197.24
9 12 1868.82
11 2 394.90
9 22 1511.22
14 13 1911.48
12 5 1127.01
10 21 579.72
15 8 1333.26
13 8 1650.16
0 3 1057.76
3 14 1049.58
1 2 1844.68
4 9 1391.88
5 12 1052.62
3 20 505.99
6 3 1867.19
7 10 1880.40
5 22 704.35
20 18 673.22
16 18 1255.97
21 19 1017.86
17 19 673.76
14 20 1362.21
15 17 414.35
13 1 153.20
2 0 281.91
