95
14 17 1250.27
15 20 1637.32
14 4 1351.20
18 19 734.63
21 6 156.62
3 7 1194.12
4 0 712.89
10 8 1717.14
19 14 960.71
15 11 711.89
12 17 102.42
19 3 1631.02
20 4 1876.64
22 3 1599.92
4 10 684.65
5 11 1032.41
8 21 1442.72
14 2 1064.81
21 18 1225.72
20 14 1358.29
0 1 192.41
22 12 1633.71
2 11 811.52
7 8 927.95
6 16 1153.40
20 16 1622.60
19 8 582.66
1 15 1425.14
9 4 921.71
5 1 758.69
1 5 1706.52
21 5 1123.74
1 10 773.46
10 9 370.02
9 7 1124.26
10 4 1569.84
12 7 1325.41
10 19 495.64
14 6 866.26
20 10 905.24
0 5 781.53
21 11 1861.11
2 7 1509.25
12 18 1817.95
7 4 146.48
19 12 1742.41
13 9 1397.59
12 8 250.71
22 13 109.63
5 13 1440.20
3 21 1047.08
6 2 1107.11
11 14 969.41
19 11 1222.83
21 20 1276.50
20 12 282.16
2 19 326.38
0 15 1716.45
7 19 194.56
2 13 1059.88
3 16 1594.95
19 21 33.36
15 22 645.24
12 14 688.86
17 10 619.99
22 4 227.14
6 8 914.67
12 0 302.47
13 5 71.25
19 5 763.69
15 6 654.18
21 7 198.00
9 12 950.36
11 2 1128.04
10 21 732.33
19 0 1670.36
18 8 549.92
16 1 1158.54
22 2 1653.45
10 12 260.10
6 22 797.56
13 11 819.53
18 13 1581.67
8 11 378.07
4 14 1115.66
2 10 1748.65
5 15 636.51
4 20 530.41
11 17 108.94
21 22 1331.58
20 2 814.25
2 21 1694.10
18 14 1478.25
22 8 235.84
11 6 887.44
