277
7 3 1640.69
14 17 951.47
12 1 917.83
10 17 1824.29
16 6 116.73
15 20 565.82
14 4 1510.60
19 4 761.59
18 4 1753.14
15 1 1506.99
21 9 265.58
20 7 1351.49
2 22 260.20
4 22 510.66
0 10 791.82
21 6 931.36
3 7 839.74
20 0 934.44
8 5 1595.42
15 14 1542.08
5 8 1782.45
6 7 957.59
4 19 169.52
11 5 1555.75
21 18 1299.79
7 6 405.77
17 7 208.30
19 9 804.79
11 22 457.72
20 14 417.31
0 17 939.75
7 19 818.30
1 20 119.45
13 7 895.11
12 17 47.14
19 3 35.47
18 9 581.53
15 4 276.02
21 12 219.91
20 4 1472.05
8 15 739.12
22 3 483.16
4 10 582.16
8 2 630.11
5 11 1262.05
10 13 1537.78
8 21 1363.37
6 0 215.24
4 16 1027.26
16 0 532.51
5 21 1653.07
16 12 1780.42
17 13 969.35
7 22 507.90
14 2 1117.47
13 10 450.79
19 10 788.44
18 10 1373.16
17 18 1366.59
3 12 993.62
1 12 919.44
22 12 988.49
2 11 1216.60
0 6 1533.67
3 18 22.50
6 2 492.44
8 18 238.83
1 6 506.94
9 19 362.70
7 8 784.53
14 8 1452.81
13 0 498.31
12 8 1599.18
11 16 941.25
1 21 274.03
17 8 221.77
15 13 476.48
2 18 475.65
18 15 792.29
3 11 432.66
1 15 877.72
22 9 1655.60
0 21 1623.20
2 12 1137.35
9 4 852.02
16 13 1650.26
5 1 1475.38
3 17 1568.54
10 3 1339.97
6 17 834.19
16 7 1450.52
6 14 1461.12
12 2 1769.53
19 18 1078.11
1 11 612.92
17 6 654.97
16 10 372.15
13 3 1628.30
12 13 1608.29
1 16 240.98
21 8 767.92
19 11 817.73
1 5 586.93
0 11 1312.74
13 11 1810.08
3 6 768.07
12 19 1058.53
9 7 312.41
5 4 297.23
11 9 562.54
10 4 1748.52
9 20 103.30
7 1 410.35
6 11 544.34
5 17 1607.62
19 17 1242.77
17 1 1558.35
7 18 1732.75
14 6 1132.93
13 6 258.04
20 10 639.00
19 2 1123.00
18 6 1334.20
0 5 223.63
15 10 843.43
20 5 1422.38
1 0 1834.76
22 0 898.84
4 11 291.85
3 5 61.96
9 13 1153.87
8 3 799.00
4 6 1365.60
8 22 1812.48
6 1 75.82
5 7 721.88
6 16 575.92
7 4 425.82
6 20 1462.38
5 20 675.47
10 9 1764.19
10 20 221.58
15 9 1365.97
21 13 1823.55
13 9 1708.61
20 15 1780.89
20 16 105.30
18 11 1408.19
0 2 892.86
15 7 697.71
3 15 1025.52
1 3 713.37
8 13 835.53
3 0 428.03
8 0 72.43
5 13 1838.34
12 6 1717.87
7 21 1844.92
19 14 1536.00
11 14 212.32
9 18 540.38
15 19 259.10
14 9 1125.84
11 19 1159.76
18 1 371.07
11 17 1362.24
7 20 367.56
22 20 786.63
13 12 948.94
20 12 1374.86
18 12 1219.86
16 22 674.91
3 10 252.67
22 14 507.94
4 13 498.23
7 9 1527.12
11 13 1100.71
6 19 532.76
6 18 722.74
13 2 1255.98
12 14 124.54
17 10 1678.19
15 3 805.01
22 17 642.89
13 15 450.38
20 1 1490.82
18 17 1864.68
0 12 688.90
21 4 1600.79
3 9 228.91
6 21 1391.19
22 11 1444.01
1 22 1293.49
2 14 906.95
9 6 1535.16
6 5 482.62
16 5 843.95
19 16 248.36
0 19 1368.41
16 8 938.67
14 7 1227.48
13 5 1814.99
20 11 592.16
19 5 1458.27
13 14 991.72
22 18 760.97
16 19 1743.19
20 6 1792.42
1 7 331.90
0 9 1795.10
22 1 1461.44
3 4 1329.71
8 4 1891.26
9 1 1775.56
4 18 1182.27
9 22 1057.13
14 13 1500.63
5 19 430.94
12 5 1937.53
19 15 892.83
10 21 1484.98
0 16 587.69
14 0 1444.82
12 16 416.21
19 0 1301.92
17 16 780.55
0 3 209.55
18 19 615.39
17 21 464.24
8 14 1354.71
4 9 1277.65
2 9 486.34
9 15 300.03
8 1 1396.82
12 20 631.86
5 12 1608.57
3 20 1583.89
10 12 1005.45
8 20 1528.74
6 3 662.12
15 16 88.06
11 1 1281.12
15 18 1508.30
12 10 602.07
11 18 566.14
16 18 450.61
22 21 113.21
21 19 1745.47
20 13 1881.75
18 13 1766.29
17 19 1764.27
7 17 250.05
22 15 1955.39
4 14 474.25
9 10 1469.59
5 15 1214.55
3 19 925.12
8 17 972.53
6 12 1016.39
15 17 1775.43
14 11 304.30
12 15 1954.27
19 1 1333.86
18 3 1884.03
17 9 421.36
15 2 964.17
21 22 681.68
18 14 315.54
22 5 1626.89
21 3 575.65
3 8 1916.53
1 8 1439.88
4 3 957.21
2 15 1472.68
9 5 553.64
18 5 1927.23
10 2 556.16
