415
7 3 1143.81
19 4 1573.00
17 20 1455.69
22 19 1859.33
20 7 1714.47
18 19 1577.56
21 6 1757.26
8 5 1911.17
11 22 1105.70
0 17 1428.11
14 1 360.78
15 4 70.08
13 20 1774.79
3 2 474.79
4 5 776.98
16 0 827.64
19 13 1069.13
17 13 1775.49
20 14 924.37
21 15 1900.55
8 12 1112.81
22 12 663.56
10 14 1671.47
8 18 295.66
11 15 1282.56
9 19 1208.86
14 8 322.07
12 8 1528.30
1 21 282.86
15 13 1731.23
2 18 1238.97
0 14 225.56
3 11 160.93
4 12 1758.68
2 12 1249.70
5 1 752.93
3 17 1317.17
16 7 1351.75
6 14 1439.36
19 18 1298.95
17 6 243.80
20 21 1727.34
18 5 488.75
21 8 1573.89
22 7 1499.46
11 4 1822.19
9 20 129.73
14 19 1071.88
12 7 670.88
10 19 1568.63
13 6 671.54
1 0 1528.43
4 11 1318.20
2 7 663.91
5 10 694.39
3 22 1005.37
4 17 715.12
7 4 1387.36
5 20 353.64
16 20 1008.09
21 17 898.36
18 22 814.77
15 19 870.10
11 19 312.62
12 20 311.73
16 11 2.99
6 18 104.99
19 6 1303.29
17 10 944.73
20 1 19.51
18 17 168.93
8 7 1550.93
22 11 1014.92
9 6 1816.05
10 5 1210.68
11 8 175.81
0 19 1350.86
14 7 1351.74
12 19 917.98
1 18 1274.12
15 6 1319.21
13 18 158.65
0 9 78.65
3 4 1704.67
4 7 784.42
16 2 497.88
19 15 461.29
17 3 1381.41
7 16 1589.69
18 8 1273.97
21 13 717.33
8 14 556.48
22 2 67.57
9 15 565.88
8 20 696.77
11 1 747.30
9 17 1947.55
12 10 1922.73
10 22 1155.59
13 11 62.07
1 13 530.62
4 14 1427.25
2 10 773.52
5 15 369.37
3 19 1839.12
6 12 801.39
19 20 407.10
17 4 946.33
18 3 1264.67
21 22 1774.16
22 5 1465.14
11 6 742.28
14 17 810.50
12 1 357.21
10 17 1806.47
15 20 1065.31
13 4 682.90
0 7 219.29
1 6 359.36
2 5 1096.53
5 8 977.34
6 7 1020.11
7 6 1220.32
16 22 1649.66
19 3 197.01
20 4 1593.59
8 2 1640.37
9 3 1391.67
11 21 1206.71
14 2 1051.40
3 1 1358.78
6 16 1239.65
19 8 1454.91
17 8 775.14
7 21 113.77
20 3 837.04
18 15 1784.80
21 2 1307.26
8 9 727.93
22 9 1583.75
9 4 1683.74
10 3 1849.20
11 10 501.09
0 21 1501.18
14 5 856.47
12 13 861.24
1 16 1861.51
15 0 305.56
13 16 300.46
0 11 35.17
3 6 1905.15
1 10 65.38
4 1 636.04
5 4 209.21
16 4 818.69
6 11 1909.89
19 17 413.54
17 1 1664.61
7 18 40.17
18 6 953.04
22 0 1424.62
9 13 867.66
8 22 891.80
11 3 1645.99
10 20 106.02
15 9 193.69
13 9 958.24
0 2 743.70
3 15 81.25
1 3 1700.56
4 8 1313.00
2 8 1551.32
5 13 1456.76
3 21 1825.49
6 2 198.05
4 22 1518.07
7 11 215.98
20 17 1287.81
18 1 1058.18
21 20 1650.96
1 4 537.16
2 3 298.71
6 5 1155.64
7 0 980.32
5 16 1611.91
16 8 314.68
19 5 1186.88
17 21 68.99
20 6 1558.85
9 1 109.62
10 6 226.97
0 16 1430.52
14 0 1939.90
12 16 1148.14
15 5 360.31
13 21 260.20
16 15 513.16
19 10 669.70
17 14 1403.75
22 21 1237.78
20 13 1328.56
18 13 1296.84
21 0 59.81
8 11 1489.57
22 15 36.08
9 10 802.52
10 1 123.83
8 17 1000.55
11 12 1508.76
14 11 156.69
1 22 396.05
15 2 1407.17
13 14 1540.34
2 21 1787.00
0 13 410.88
1 8 481.65
4 3 314.73
2 15 1320.38
5 2 1386.36
16 6 1587.62
6 9 292.99
17 7 666.66
7 12 1265.99
18 4 1940.37
21 9 1336.89
22 6 1705.28
10 8 534.90
11 5 1705.19
9 21 601.71
14 18 27.87
12 6 215.93
10 18 768.85
0 4 484.62
4 10 1273.10
2 6 1906.75
5 11 446.91
6 0 1810.81
7 5 982.23
5 21 311.80
20 19 15.89
16 19 405.61
21 18 1583.94
17 18 61.86
14 21 1106.14
15 16 1840.15
13 0 126.79
11 16 1199.87
2 1 107.17
7 2 1428.96
19 7 1892.17
17 11 1479.54
20 0 981.50
18 16 1720.95
8 6 1087.25
22 10 693.20
11 9 1363.87
0 18 1916.40
14 6 149.66
1 19 378.82
15 7 1318.11
13 19 1816.06
0 8 723.40
3 5 163.11
4 6 1694.02
5 7 1831.83
6 20 564.01
19 12 538.50
17 12 693.25
7 17 379.79
20 15 967.32
21 14 1577.13
8 13 633.70
22 13 16.96
9 8 146.18
10 15 459.71
11 14 908.30
9 18 1361.48
14 9 166.53
12 9 900.27
15 12 751.26
13 12 1918.13
2 19 239.13
0 15 1012.19
3 10 533.26
4 13 1660.45
2 13 1820.26
5 0 1145.72
3 16 496.58
6 15 914.00
19 21 1749.60
17 5 1630.44
7 14 59.96
20 22 1.46
22 4 820.42
11 7 717.96
14 16 514.12
12 0 1332.43
10 16 1285.58
15 21 1568.74
13 5 741.76
0 6 1138.49
1 7 1556.01
2 4 1314.33
5 9 1457.02
4 18 1325.70
5 19 1594.09
21 16 625.82
19 0 19.77
8 1 709.34
11 18 1433.16
12 21 74.02
16 12 82.37
6 19 364.16
17 9 1693.68
18 14 1323.10
21 3 275.92
9 5 1721.97
10 2 677.16
0 20 1066.97
14 4 1412.97
1 17 1604.67
13 17 313.59
2 22 1279.46
3 7 842.59
1 11 144.45
16 3 1392.42
6 10 1269.49
17 2 1634.07
7 19 1256.77
20 9 495.50
18 9 214.42
21 12 542.07
8 15 828.63
22 3 696.49
9 14 57.09
10 13 93.15
11 0 192.25
14 15 1955.44
13 10 1161.78
2 17 1119.70
3 12 1408.26
1 12 203.59
4 15 1229.27
2 11 387.56
5 14 543.80
3 18 145.92
6 13 1283.68
7 8 1211.25
20 16 1066.26
18 0 198.54
14 22 1450.80
12 2 1083.54
13 3 1297.86
1 5 27.45
6 4 1123.92
5 17 316.01
19 2 1076.85
17 22 1573.21
20 5 495.05
18 21 1558.46
8 3 1851.27
9 2 236.78
11 20 101.04
14 3 1789.42
13 22 934.05
16 14 1415.07
6 17 975.24
19 11 1319.66
17 15 1484.04
7 20 1055.54
22 20 1039.79
20 12 1104.68
18 12 647.98
21 1 673.75
8 10 1207.47
22 14 111.93
9 11 61.88
8 16 268.51
11 13 1513.78
0 22 137.19
14 10 1786.96
12 14 151.02
13 15 1169.48
2 20 992.23
0 12 1838.91
3 9 556.76
1 9 1607.24
4 2 1819.61
2 14 455.29
5 3 1799.80
16 5 627.45
6 8 366.74
19 16 809.89
17 0 686.95
7 13 1948.97
18 7 1475.59
22 1 1405.66
11 2 1844.96
9 22 1258.06
14 13 628.22
12 5 1937.62
10 21 1265.86
15 8 574.46
13 8 522.29
0 3 195.76
1 2 1346.01
2 9 1700.89
5 12 426.98
3 20 1122.26
6 3 519.34
7 10 476.94
16 18 1824.33
17 19 184.01
15 17 1664.27
11 17 668.84
