453
7 3 1504.51
16 9 1332.81
19 4 9.70
17 20 698.67
22 19 562.69
20 7 896.74
21 6 406.17
8 5 282.64
10 7 730.25
11 22 1358.46
0 17 233.76
14 1 1848.66
15 4 1169.25
13 20 189.10
3 2 836.87
4 5 395.18
16 0 1846.95
19 13 1180.37
17 13 1392.40
7 22 627.44
20 14 432.54
18 10 1410.63
21 15 1231.40
8 12 333.31
22 12 1444.03
10 14 371.86
8 18 1373.79
11 15 856.12
9 19 1190.54
14 8 1271.67
12 8 1819.76
1 21 753.26
15 13 1258.30
2 18 1272.98
0 14 799.32
3 11 341.09
1 15 121.27
4 12 759.40
2 12 1384.98
5 1 1.92
3 17 886.86
16 7 99.98
6 14 1697.46
19 18 377.13
17 6 1663.52
7 15 890.11
20 21 58.25
18 5 1518.51
21 8 1877.84
22 7 2.37
10 9 1313.79
11 4 123.85
9 20 775.67
12 7 1795.03
10 19 1671.33
15 10 1192.99
13 6 395.16
0 5 1513.78
1 0 777.63
2 7 140.96
5 10 690.00
3 22 714.81
6 1 199.45
4 17 284.88
7 4 12.17
5 20 1729.18
16 20 1398.91
18 22 145.41
8 0 777.32
15 19 1741.64
11 19 1189.67
12 20 1194.39
16 11 391.51
6 18 304.66
19 6 1670.91
17 10 620.16
22 17 971.06
20 1 827.26
18 17 181.79
21 4 1265.72
8 7 1144.42
22 11 1632.51
9 6 721.91
10 5 1352.57
11 8 900.28
0 19 239.36
14 7 432.21
12 19 274.87
1 18 1310.90
15 6 854.98
13 18 190.73
0 9 1765.92
3 4 1775.61
4 7 1821.52
5 6 214.44
16 2 1598.36
6 21 199.02
19 15 1619.41
17 3 1540.82
7 16 1749.71
20 8 1505.27
18 8 1419.24
21 13 582.72
8 14 176.43
22 2 192.16
9 15 1818.94
8 20 1190.58
11 1 1616.17
12 10 1417.88
10 22 1201.61
13 11 1803.61
2 16 1238.09
3 13 471.13
1 13 313.55
4 14 1914.91
2 10 1099.56
5 15 821.84
6 12 279.52
4 20 1311.83
19 20 1750.14
17 4 342.06
7 9 761.30
18 3 1623.63
21 22 281.51
11 6 84.27
14 17 1037.33
12 1 1069.30
10 17 450.18
15 20 1724.81
13 4 319.12
0 7 741.62
2 5 1378.24
6 7 553.40
4 19 329.06
5 18 1323.91
16 22 976.62
19 3 824.44
20 4 245.76
18 20 246.71
8 2 1800.47
9 3 1080.33
11 21 1922.59
14 2 1196.49
12 22 859.60
3 1 1280.92
16 13 1898.21
6 16 56.11
19 8 1297.08
17 8 753.36
7 21 1923.14
20 3 915.82
18 15 839.13
21 2 796.57
8 9 1195.70
22 9 459.38
9 4 1452.12
10 3 239.97
11 10 1184.29
0 21 1116.04
14 5 1153.35
12 13 1541.76
1 16 657.00
15 0 223.24
13 16 1412.26
3 6 1011.47
1 10 705.10
4 1 893.44
5 4 859.11
16 4 1002.12
6 11 1391.15
19 17 19.18
17 1 872.44
7 18 103.66
20 10 728.29
18 6 1801.37
21 11 423.31
22 0 1362.20
9 13 1138.29
8 22 1823.32
11 3 146.56
14 12 1794.35
10 20 1169.95
15 9 691.20
13 9 1030.98
0 2 1741.00
3 15 1208.46
1 3 1187.61
4 8 1410.78
2 8 690.98
5 13 354.48
3 21 1086.92
4 22 1676.40
19 22 884.23
7 11 297.35
18 1 1348.36
16 17 1856.50
12 3 580.09
15 22 1546.34
13 2 1659.55
1 4 129.95
2 3 326.06
6 5 970.84
7 0 1865.91
5 16 1260.83
16 8 1041.96
19 5 1383.10
17 21 594.92
22 18 847.12
20 6 1631.37
21 7 1402.55
9 1 894.59
10 6 733.25
0 16 79.35
14 0 1019.90
12 16 772.82
15 5 621.91
13 21 807.55
16 15 1572.39
6 22 413.09
19 10 755.16
17 14 402.29
22 21 1575.42
20 13 298.79
18 13 325.90
21 0 1703.21
8 11 221.27
22 15 1707.19
9 10 1386.79
10 1 1805.69
8 17 1657.15
11 12 443.05
14 11 328.69
12 15 62.74
1 22 1521.73
15 2 373.14
13 14 1138.20
2 21 1950.99
3 8 770.08
1 8 1115.64
4 3 1468.31
2 15 803.23
5 2 988.68
16 6 421.46
6 9 810.89
17 7 583.68
18 4 977.90
21 9 578.20
22 6 304.08
10 8 539.08
11 5 488.83
9 21 1651.48
14 18 419.66
12 6 1811.03
10 18 1792.07
15 11 444.01
0 4 413.77
4 10 1855.33
2 6 570.65
5 11 347.52
6 0 1334.18
4 16 1115.44
7 5 1160.67
20 19 796.30
16 19 460.00
17 18 680.52
14 21 535.94
15 16 203.19
13 0 804.05
2 1 161.13
7 2 479.23
16 10 1021.14
19 7 373.82
17 11 582.26
22 16 1421.81
20 0 426.36
18 16 1945.54
8 6 360.49
22 10 1102.72
9 7 1118.93
10 4 524.45
11 9 85.19
0 18 1249.83
14 6 441.98
12 18 1442.81
1 19 780.73
15 7 1314.79
13 19 187.63
0 8 1484.15
3 5 441.48
4 6 381.89
5 7 750.96
16 1 1189.66
19 12 1247.66
17 12 1827.42
7 17 837.11
20 15 1833.35
18 11 616.57
21 14 670.93
8 13 1312.70
22 13 1886.85
9 8 1305.68
8 19 730.45
9 18 201.29
14 9 1209.24
1 20 1667.37
13 12 537.53
2 19 136.21
0 15 1570.79
3 10 1474.94
1 14 682.40
4 13 1696.58
2 13 1484.66
5 0 403.10
3 16 406.58
6 15 505.18
19 21 472.17
17 5 204.53
7 14 1779.78
20 22 1901.84
18 2 377.85
11 7 315.81
12 0 1355.93
10 16 70.90
15 21 1741.64
13 5 1511.28
0 6 1456.97
2 4 1388.22
5 9 290.26
5 19 1915.13
16 21 1342.98
19 0 902.18
17 16 613.29
8 1 33.12
15 18 3.33
11 18 946.39
12 21 205.62
16 12 1116.80
6 19 1012.08
19 9 137.74
17 9 962.30
20 2 937.22
18 14 803.74
22 8 1289.26
9 5 20.71
10 2 158.68
0 20 1712.02
14 4 91.06
1 17 833.11
15 1 1781.37
2 22 966.38
0 10 962.60
3 7 1196.74
1 11 946.18
4 0 1906.68
16 3 1426.38
6 10 1481.77
19 14 937.46
17 2 1612.37
7 19 347.46
20 9 1807.37
18 9 1365.61
21 12 1056.34
22 3 276.99
10 13 632.38
8 21 1130.35
11 0 1156.36
9 16 1029.35
14 15 1281.75
12 11 23.21
2 17 7.68
0 1 1770.75
3 12 988.96
1 12 436.53
4 15 370.70
2 11 156.28
5 14 1621.71
3 18 713.29
4 21 491.34
7 8 1553.71
20 16 799.15
14 22 792.29
12 2 715.65
13 3 224.64
1 5 1188.02
7 1 1830.33
5 17 1430.20
19 2 678.06
17 22 30.84
20 5 535.77
18 21 357.23
8 3 1063.73
9 2 298.69
11 20 1657.91
14 3 720.31
13 22 286.13
16 14 1726.27
6 17 1411.82
19 11 1079.07
17 15 136.47
7 20 1560.56
22 20 1130.21
20 12 1208.31
18 12 519.95
8 10 10.32
22 14 431.32
10 0 1199.98
8 16 1682.64
11 13 393.57
0 22 1530.37
14 10 344.37
12 14 1644.17
15 3 1909.96
13 15 125.17
2 20 1918.82
0 12 660.23
3 9 226.95
1 9 1040.84
4 2 1194.06
5 3 1405.25
16 5 596.10
6 8 1340.60
19 16 119.99
17 0 454.06
7 13 1696.59
20 11 1247.86
18 7 1763.14
21 10 137.20
22 1 714.72
9 12 72.42
10 11 352.11
11 2 624.67
9 22 251.87
14 13 365.48
12 5 1271.45
10 21 1296.75
15 8 574.94
13 8 1108.45
3 14 939.60
1 2 1907.81
4 9 1081.37
2 9 252.03
5 12 259.27
6 3 940.42
7 10 1237.63
5 22 1940.90
20 18 889.61
16 18 677.24
21 19 1740.14
17 19 1232.92
14 20 1801.72
15 17 1827.69
13 1 173.69
11 17 1222.62
