438
16 9 863.13
19 4 463.48
17 20 1947.27
20 7 1397.83
18 19 248.04
21 6 671.60
9 0 1270.90
10 7 193.01
11 22 203.15
0 17 1790.29
14 1 263.52
12 17 1520.77
15 4 59.83
13 20 89.36
3 2 1023.98
4 5 993.91
16 0 1754.02
19 13 731.62
17 13 1822.05
7 22 905.87
18 10 452.47
21 15 1605.28
8 12 1042.05
22 12 1280.42
10 14 1763.96
8 18 299.23
11 15 280.17
14 8 1564.96
12 8 574.87
1 21 794.18
15 13 586.51
2 18 1622.85
3 11 398.78
1 15 18.45
2 12 730.41
5 1 1755.67
3 17 40.13
6 14 289.41
19 18 1477.81
7 15 131.95
20 21 882.35
21 8 70.86
22 7 134.03
10 9 1334.68
9 20 1012.18
12 7 1639.53
10 19 1008.67
15 10 632.46
13 6 498.55
1 0 1267.45
4 11 1158.82
2 7 790.77
5 10 1919.32
3 22 1285.54
6 1 616.29
4 17 1045.39
7 4 998.63
5 20 553.05
16 20 682.72
21 17 52.57
19 1 1134.32
18 22 1258.53
15 19 233.67
11 19 188.56
12 20 770.09
16 11 561.47
6 18 1031.80
19 6 700.31
17 10 162.64
22 17 1208.18
20 1 981.28
18 17 1608.79
21 4 312.22
8 7 1812.43
22 11 1375.85
9 6 1256.83
10 5 775.93
11 8 893.72
14 7 1508.72
12 19 293.99
15 6 489.97
13 18 378.73
0 9 57.88
4 7 1928.34
5 6 1376.42
16 2 1951.08
6 21 712.69
19 15 1674.78
17 3 109.55
7 16 758.11
20 8 319.86
21 13 19.65
8 14 596.72
22 2 112.80
9 15 1884.00
10 12 882.39
8 20 1294.59
11 1 1012.60
9 17 1223.31
12 10 763.67
10 22 1872.95
13 11 386.42
2 16 364.78
1 13 1707.09
4 14 1586.38
2 10 1646.41
5 15 1626.96
3 19 1579.74
6 12 768.56
4 20 790.48
19 20 384.32
7 9 322.81
18 3 465.33
22 5 352.88
11 6 1726.53
14 17 1914.72
12 1 686.53
10 17 629.88
15 20 388.59
13 4 1940.83
0 7 346.64
1 6 1833.94
2 5 109.76
5 8 641.68
6 7 499.15
4 19 244.07
7 6 853.30
16 22 559.29
19 3 203.43
20 4 125.22
18 20 1159.95
8 2 226.11
9 3 66.06
11 21 1679.20
14 2 1055.60
12 22 329.16
3 1 1150.84
6 16 1823.82
19 8 1242.58
17 8 1482.52
7 21 1039.06
20 3 899.58
18 15 386.12
21 2 41.52
8 9 904.99
9 4 452.87
10 3 564.70
0 21 1161.43
14 5 990.97
12 13 428.19
1 16 37.54
15 0 861.66
13 16 76.64
0 11 1774.90
3 6 120.69
1 10 609.84
4 1 1540.20
16 4 427.13
6 11 394.62
17 1 1050.64
7 18 1435.31
20 10 619.84
18 6 362.59
21 11 1194.28
22 0 693.91
9 13 1227.39
8 22 1654.95
11 3 292.65
14 12 986.92
12 4 933.03
10 20 1834.86
15 9 1035.80
13 9 405.11
3 15 1800.26
1 3 1703.09
4 8 1005.70
2 8 1485.93
5 13 79.50
3 21 1766.03
6 2 1652.35
4 22 1619.92
19 22 1617.35
7 11 1353.28
18 1 579.83
16 17 1313.28
12 3 62.11
15 22 270.34
13 2 770.38
1 4 281.60
2 3 1264.31
6 5 1155.78
5 16 668.47
16 8 1122.07
19 5 1060.34
17 21 555.09
22 18 552.61
20 6 939.95
21 7 997.45
8 4 913.32
9 1 590.07
10 6 573.20
0 16 1103.35
14 0 1528.19
15 5 1335.84
13 21 972.21
16 15 1438.32
6 22 133.10
19 10 710.81
17 14 1026.70
22 21 201.11
18 13 1105.13
21 0 448.38
8 11 1399.00
22 15 715.37
9 10 737.59
10 1 492.75
8 17 976.50
14 11 730.49
12 15 1327.71
1 22 815.99
15 2 1032.78
13 14 126.50
2 21 1373.93
3 8 263.41
1 8 980.92
4 3 1498.66
5 2 1947.31
16 6 664.39
17 7 190.98
7 12 46.65
18 4 164.19
21 9 561.02
22 6 1775.45
10 8 214.92
11 5 785.85
9 21 326.88
14 18 677.83
10 18 1929.00
15 11 1156.08
13 7 315.69
0 4 1258.65
4 10 1030.33
2 6 195.46
5 11 1691.32
6 0 1711.28
4 16 1643.07
7 5 553.24
5 21 247.12
20 19 85.84
16 19 1127.70
21 18 221.69
17 18 112.60
14 21 1540.82
15 16 1839.97
13 0 390.70
2 1 1391.98
7 2 312.02
16 10 1273.04
19 7 350.54
22 16 92.82
20 0 194.27
18 16 909.40
21 5 252.24
8 6 1914.15
22 10 838.83
9 7 789.46
10 4 859.63
11 9 1114.40
0 18 1392.66
14 6 1545.65
12 18 1618.33
1 19 541.74
15 7 1160.44
0 8 229.86
3 5 72.66
4 6 1193.05
5 7 390.95
16 1 1485.54
19 12 547.69
17 12 1355.08
7 17 1335.07
20 15 719.26
18 11 1135.17
21 14 791.77
8 13 903.17
22 13 707.00
9 8 1306.97
10 15 1185.63
8 19 1480.48
11 14 708.98
9 18 507.75
14 9 1752.22
12 9 1419.50
1 20 1852.19
13 12 716.75
2 19 833.26
0 15 1931.59
3 10 23.96
1 14 1516.79
4 13 1072.65
2 13 1816.35
5 0 1565.22
6 15 707.62
19 21 85.96
17 5 1153.05
20 22 1415.70
18 2 1333.13
22 4 744.02
11 7 890.81
14 16 32.05
12 0 256.86
10 16 903.12
15 21 720.06
13 5 60.06
0 6 1954.04
1 7 432.59
2 4 640.16
4 18 686.42
5 19 103.97
16 21 435.55
21 16 908.84
19 0 793.40
17 16 912.70
8 1 1294.25
15 18 1166.88
11 18 1531.09
12 21 226.33
16 12 1870.98
6 19 330.37
19 9 1104.62
20 2 1473.84
21 3 1056.77
22 8 447.17
9 5 1775.83
10 2 1103.28
0 20 17.21
14 4 1787.14
1 17 500.71
13 17 436.33
2 22 393.69
0 10 891.19
3 7 936.59
1 11 586.88
4 0 1370.76
16 3 1917.39
6 10 1915.49
19 14 1182.63
17 2 1685.34
20 9 1554.76
18 9 1202.73
21 12 1047.47
8 15 1621.38
22 3 1184.26
9 14 39.84
10 13 1754.29
8 21 235.81
11 0 1241.04
9 16 605.77
14 15 1040.08
12 11 1846.99
13 10 1666.25
2 17 1144.98
0 1 453.05
3 12 730.22
1 12 735.31
4 15 1214.85
2 11 782.79
5 14 965.59
3 18 124.20
6 13 958.82
7 8 207.82
20 16 1825.29
18 0 913.59
12 2 535.58
13 3 1052.79
1 5 1236.10
6 4 521.40
7 1 1808.79
5 17 669.23
19 2 1579.30
17 22 1308.86
18 21 1607.27
8 3 1524.47
9 2 1493.32
11 20 1300.54
14 3 394.44
13 22 528.76
3 0 1192.14
16 14 18.93
6 17 1593.51
19 11 715.75
17 15 905.89
7 20 402.63
21 1 1399.82
8 10 555.03
22 14 887.54
9 11 1846.75
10 0 887.28
11 13 465.03
0 22 1270.06
14 10 1434.04
15 3 1392.22
0 12 309.08
3 9 1206.09
1 9 83.25
4 2 1865.77
2 14 1759.60
16 5 688.54
6 8 445.08
17 0 543.91
7 13 1671.87
20 11 1027.03
18 7 401.98
21 10 1285.14
22 1 1732.89
9 12 947.47
10 11 480.11
11 2 1881.43
9 22 595.35
14 13 1420.55
10 21 497.63
15 8 258.76
13 8 385.02
0 3 1433.14
3 14 597.82
1 2 671.33
4 9 1891.83
2 9 630.48
5 12 1759.45
3 20 1865.08
6 3 96.70
7 10 1909.15
20 18 344.48
17 19 161.01
14 20 1532.01
15 17 1921.85
11 17 1682.51
2 0 665.69
