438
7 3 443.79
16 9 1661.25
19 4 1720.59
17 20 1456.30
22 19 127.09
20 7 243.57
21 6 654.63
8 5 1097.41
10 7 130.29
11 22 826.09
14 1 129.74
12 17 997.10
15 4 1420.49
13 20 673.63
3 2 1613.25
4 5 1503.65
16 0 145.51
19 13 1573.50
17 13 507.63
7 22 456.60
20 14 1683.80
21 15 1339.34
8 12 737.42
22 12 381.21
10 14 1098.12
8 18 116.64
11 15 703.36
9 19 0.80
14 8 125.76
12 8 226.22
1 21 417.51
15 13 1910.37
2 18 686.09
0 14 90.07
3 11 1294.30
1 15 1831.23
4 12 646.36
2 12 418.48
5 1 45.91
3 17 1054.01
16 7 823.33
6 14 717.83
19 18 1579.94
20 21 1879.77
10 9 891.69
9 20 1039.34
14 19 349.76
12 7 703.24
10 19 600.80
15 10 790.01
13 6 1407.88
0 5 852.24
1 0 556.24
4 11 827.64
2 7 653.82
5 10 342.71
3 22 1393.08
6 1 1651.85
4 17 714.54
7 4 1426.54
5 20 874.76
21 17 14.01
19 1 1865.55
18 22 1037.50
8 0 1625.65
15 19 587.18
11 19 1573.91
12 20 54.51
16 11 591.71
6 18 560.50
19 6 232.77
17 10 1041.60
22 17 1907.78
20 1 105.78
18 17 894.29
21 4 549.73
8 7 195.56
9 6 697.37
11 8 903.83
14 7 1006.85
12 19 165.41
1 18 202.23
15 6 628.09
13 18 1802.75
3 4 1787.68
4 7 1549.55
5 6 1407.94
16 2 1289.75
6 21 1671.33
17 3 1550.76
7 16 1021.27
20 8 122.04
18 8 1499.59
21 13 820.42
8 14 759.67
22 2 1690.57
9 15 1473.72
10 12 808.02
8 20 1578.01
11 1 1627.63
9 17 1426.93
12 10 1896.15
10 22 1879.81
13 11 1754.35
2 16 480.25
3 13 120.04
1 13 1481.77
4 14 116.44
5 15 1427.09
3 19 780.68
6 12 578.36
4 20 268.85
19 20 1579.04
17 4 985.39
7 9 964.64
18 3 518.70
22 5 730.57
11 6 955.25
14 17 1189.29
12 1 250.62
10 17 957.70
15 20 1682.12
13 4 436.45
0 7 1774.14
2 5 486.46
5 8 878.93
6 7 871.33
4 19 1323.89
7 6 1904.89
5 18 1862.56
16 22 1781.87
19 3 841.93
20 4 1448.57
18 20 1950.30
8 2 1887.52
11 21 1715.91
14 2 1024.74
12 22 1134.03
16 13 1892.39
19 8 982.90
17 8 1208.03
7 21 621.35
20 3 1356.42
18 15 262.28
21 2 1306.54
8 9 1540.01
22 9 1173.65
9 4 265.57
10 3 1464.06
12 13 1808.21
1 16 1285.71
15 0 1834.09
0 11 894.40
3 6 1892.77
1 10 385.95
4 1 702.85
5 4 221.12
16 4 888.40
19 17 787.32
17 1 591.81
7 18 1156.54
20 10 1615.20
18 6 1142.02
21 11 192.96
22 0 550.79
9 13 1641.89
8 22 1087.85
11 3 308.95
14 12 1768.79
12 4 647.73
10 20 1007.61
15 9 545.77
13 9 705.97
0 2 935.17
3 15 866.38
1 3 1830.87
4 8 830.47
2 8 1786.90
5 13 962.37
3 21 240.89
6 2 1032.60
4 22 1677.69
19 22 1255.09
7 11 1338.12
16 17 864.42
12 3 1248.90
15 22 1535.96
13 2 552.66
1 4 1278.31
2 3 1595.07
6 5 1653.87
7 0 1126.07
16 8 1065.16
19 5 1342.48
17 21 972.32
22 18 1394.99
20 6 6.76
21 7 1412.10
8 4 1324.02
9 1 1676.60
14 0 1369.40
15 5 485.50
13 21 166.59
16 15 280.23
6 22 747.68
17 14 1503.39
22 21 1314.47
20 13 674.42
18 13 1246.45
8 11 386.99
9 10 1078.05
10 1 1796.52
8 17 1067.04
11 12 226.08
14 11 1393.41
12 15 327.39
1 22 1129.19
15 2 1361.98
13 14 424.75
2 21 1631.41
0 13 1740.39
3 8 738.40
4 3 214.24
2 15 1140.07
5 2 1286.37
16 6 1035.01
6 9 1060.02
17 7 583.84
7 12 1437.67
18 4 1112.24
21 9 524.64
22 6 956.41
10 8 1302.93
11 5 1865.93
9 21 168.83
14 18 1791.87
12 6 1913.71
10 18 1911.46
15 11 477.30
13 7 1854.95
0 4 1791.77
4 10 272.84
2 6 987.10
5 11 1384.89
4 16 1110.31
7 5 1129.00
5 21 1356.02
20 19 584.04
16 19 121.00
21 18 1195.06
13 0 887.82
2 1 1614.81
7 2 523.30
19 7 398.05
17 11 505.75
22 16 1854.50
20 0 1933.21
21 5 1026.27
22 10 588.85
9 7 653.86
10 4 1469.15
11 9 300.73
14 6 1435.59
12 18 43.63
1 19 911.08
15 7 541.44
13 19 1505.24
0 8 788.58
3 5 308.61
4 6 27.86
5 7 622.35
16 1 1536.49
17 12 135.55
7 17 554.78
20 15 1251.33
18 11 587.87
21 14 336.74
8 13 432.80
22 13 1034.72
9 8 807.55
10 15 1025.13
8 19 1033.32
11 14 1241.42
9 18 1866.64
14 9 519.63
12 9 142.85
1 20 1387.99
13 12 578.21
2 19 869.34
0 15 576.25
3 10 887.42
1 14 851.47
4 13 37.09
2 13 1434.47
3 16 1326.23
6 15 842.18
19 21 91.76
17 5 981.81
7 14 794.48
20 22 1837.15
18 2 1212.27
22 4 1437.34
11 7 1472.10
14 16 1800.53
10 16 608.28
15 21 332.56
13 5 1932.35
0 6 530.42
1 7 676.69
2 4 1876.26
5 9 1835.30
4 18 882.82
5 19 1634.66
16 21 1285.56
19 0 1311.14
17 16 238.52
15 18 205.36
11 18 805.43
12 21 1730.82
16 12 517.65
6 19 1929.70
19 9 86.06
17 9 1475.60
20 2 1471.36
18 14 1095.06
22 8 1755.40
10 2 1705.76
1 17 1159.01
15 1 525.28
13 17 555.24
2 22 933.47
0 10 1500.39
3 7 1725.87
1 11 1686.64
4 0 1437.75
16 3 1316.49
6 10 1708.32
19 14 198.81
17 2 1206.18
7 19 1004.79
20 9 1509.38
18 9 667.28
21 12 1211.07
8 15 628.75
22 3 1077.18
8 21 507.08
11 0 607.82
14 15 651.49
12 11 722.13
15 14 230.32
13 10 778.46
2 17 1745.15
0 1 67.91
3 12 1003.84
4 15 1375.15
2 11 1737.27
5 14 1210.04
3 18 622.07
6 13 880.15
4 21 1525.28
7 8 284.92
20 16 1821.80
18 0 91.51
14 22 562.41
12 2 184.04
13 3 1664.76
1 5 903.23
6 4 1340.12
7 1 1903.22
5 17 1805.41
19 2 1330.56
17 22 441.58
20 5 1692.00
18 21 1662.53
8 3 4.68
9 2 476.79
11 20 1095.38
14 3 1270.54
13 22 1284.25
3 0 1630.09
16 14 512.43
6 17 249.73
19 11 1203.77
7 20 1196.68
22 20 1877.15
20 12 1721.00
18 12 539.43
21 1 1349.50
8 10 1655.34
22 14 365.66
9 11 690.01
10 0 1089.70
8 16 334.83
11 13 1593.74
0 22 1485.12
14 10 134.62
12 14 1567.99
15 3 790.80
13 15 1317.21
2 20 1690.36
0 12 1706.44
3 9 1398.35
1 9 1477.09
4 2 1090.46
2 14 1791.92
5 3 1774.44
16 5 1248.35
6 8 1295.39
19 16 665.65
17 0 267.64
7 13 1134.28
20 11 288.33
18 7 565.15
21 10 336.12
22 1 17.40
9 12 1817.92
10 11 1625.81
11 2 1305.60
9 22 1932.58
12 5 506.34
15 8 765.11
13 8 1773.75
0 3 675.97
3 14 11.12
4 9 1297.72
2 9 86.91
5 12 1810.48
3 20 156.95
6 3 320.08
5 22 1929.27
20 18 1219.61
16 18 845.52
21 19 212.33
14 20 1690.94
15 17 1303.26
13 1 790.03
11 17 1766.99
2 0 1166.97
