385
7 3 102.41
16 9 950.62
19 4 927.26
17 20 136.09
22 19 39.11
20 7 1488.13
18 19 1031.70
8 5 484.20
9 0 207.19
10 7 770.30
0 17 1773.20
14 1 1732.93
12 17 943.72
15 4 398.73
13 20 1788.95
3 2 1467.75
4 5 307.01
16 0 903.81
17 13 416.22
7 22 644.31
20 14 556.89
18 10 1293.56
21 15 1823.38
8 12 77.56
22 12 246.76
8 18 562.47
11 15 1408.74
9 19 1643.78
12 8 101.09
1 21 1130.31
15 13 822.83
2 18 1178.69
0 14 1764.81
3 11 1195.16
4 12 1449.67
2 12 108.19
5 1 1943.84
3 17 1298.13
6 14 68.71
19 18 1403.72
20 21 1792.78
18 5 1524.41
10 9 1194.57
11 4 584.01
9 20 80.94
14 19 386.59
12 7 1155.57
10 19 1006.95
15 10 1803.18
13 6 180.18
0 5 552.03
1 0 1275.95
4 11 216.52
2 7 601.95
5 10 285.91
3 22 619.10
6 1 409.30
4 17 1140.05
7 4 289.61
5 20 201.02
21 17 1140.57
18 22 510.30
15 19 462.51
16 11 1604.83
6 18 412.67
19 6 1374.51
17 10 1114.57
22 17 1667.07
20 1 1923.84
10 5 485.77
11 8 1020.22
0 19 353.08
14 7 267.62
13 18 1154.85
0 9 1356.02
3 4 1312.77
4 7 1800.49
6 21 1640.86
17 3 58.49
7 16 1760.22
20 8 993.75
18 8 1550.83
21 13 1690.50
8 14 1555.21
22 2 1868.55
9 15 93.27
10 12 738.57
8 20 69.19
11 1 485.02
9 17 765.39
12 10 1655.71
10 22 613.13
13 11 1703.55
2 16 1890.24
3 13 795.75
4 14 859.45
2 10 1128.02
5 15 639.09
3 19 112.77
6 12 1505.63
4 20 887.63
19 20 932.05
17 4 1083.54
7 9 1094.16
21 22 3.94
22 5 737.44
11 6 812.53
12 1 125.45
10 17 1115.62
13 4 1333.51
0 7 234.55
1 6 237.15
2 5 1401.90
5 8 667.51
6 7 76.06
4 19 1707.21
7 6 1881.19
5 18 648.25
16 22 1466.38
20 4 1773.05
18 20 984.57
8 2 143.42
11 21 907.67
14 2 1947.05
3 1 1726.34
16 13 622.07
6 16 647.48
19 8 944.73
17 8 1749.46
20 3 1936.96
21 2 926.91
8 9 157.84
9 4 997.26
10 3 1587.14
11 10 610.77
0 21 699.85
14 5 440.93
12 13 197.89
1 16 1436.74
15 0 1422.99
13 16 111.62
0 11 277.15
3 6 1844.13
1 10 516.33
4 1 464.25
5 4 1825.60
6 11 1558.25
19 17 1906.53
17 1 934.19
18 6 428.89
21 11 4.09
22 0 1471.33
9 13 178.54
8 22 608.17
11 3 921.16
14 12 1559.86
12 4 1713.08
10 20 1922.98
15 9 331.00
13 9 1735.55
1 3 1856.46
4 8 1047.95
2 8 338.09
5 13 1714.29
3 21 104.34
6 2 1348.55
4 22 709.13
19 22 878.98
20 17 419.92
18 1 1732.13
12 3 134.05
15 22 1676.20
13 2 1951.71
6 5 841.86
7 0 1403.73
19 5 1733.07
17 21 1197.06
22 18 539.42
20 6 1254.16
21 7 101.60
8 4 1382.13
0 16 563.46
14 0 1598.88
12 16 470.62
15 5 1832.71
13 21 363.61
6 22 165.66
19 10 634.65
17 14 450.69
22 21 1680.63
20 13 1637.49
18 13 1272.90
21 0 659.47
8 11 115.09
22 15 120.57
10 1 191.78
8 17 896.63
11 12 185.92
14 11 1329.77
12 15 128.10
1 22 601.60
13 14 1034.04
2 21 1478.30
0 13 1685.25
3 8 830.74
1 8 1018.80
4 3 460.36
2 15 921.62
16 6 637.45
6 9 458.15
7 12 878.98
21 9 1742.02
22 6 1602.38
10 8 213.26
11 5 479.13
9 21 1693.84
14 18 920.69
12 6 1123.21
15 11 389.78
13 7 22.50
0 4 1281.70
4 10 1778.07
2 6 234.25
5 11 908.42
6 0 331.13
4 16 858.30
7 5 533.58
20 19 465.01
16 19 1403.82
21 18 1060.06
17 18 1651.80
14 21 653.35
15 16 612.85
13 0 1707.55
2 1 1765.48
7 2 206.78
16 10 1274.98
19 7 451.40
17 11 1907.03
20 0 1736.67
21 5 33.34
8 6 1214.94
9 7 1814.56
10 4 328.78
14 6 548.01
12 18 157.86
1 19 181.70
15 7 648.89
13 19 194.53
0 8 1919.70
3 5 1346.87
4 6 198.64
16 1 1447.19
19 12 1781.67
17 12 1332.90
7 17 886.72
20 15 1042.78
8 13 1015.75
22 13 1389.76
9 8 1794.53
8 19 1318.91
11 14 829.24
12 9 518.10
15 12 450.62
0 15 788.97
3 10 1092.29
1 14 525.30
5 0 700.97
19 21 1059.12
7 14 348.83
20 22 122.53
18 2 283.76
22 4 1933.63
11 7 553.92
14 16 351.51
12 0 819.20
15 21 1635.92
13 5 304.00
0 6 1676.05
1 7 1166.00
2 4 444.78
5 9 1902.90
4 18 1099.45
5 19 89.11
21 16 1416.14
19 0 1855.67
17 16 908.44
15 18 76.62
11 18 1863.88
16 12 1779.15
6 19 1450.33
19 9 473.66
17 9 1640.07
20 2 1488.88
21 3 560.22
22 8 51.91
10 2 1410.31
0 20 959.94
1 17 531.49
15 1 1870.53
13 17 1034.74
2 22 1778.17
3 7 882.81
4 0 591.40
16 3 1180.34
17 2 783.54
7 19 1460.05
20 9 1953.29
21 12 258.69
22 3 776.74
9 14 1569.06
10 13 1502.16
8 21 428.60
11 0 68.73
9 16 1037.47
14 15 1479.06
12 11 1550.41
0 1 1198.34
1 12 1578.63
4 15 1503.75
2 11 1290.05
3 18 359.86
6 13 1543.57
4 21 344.15
20 16 1044.13
18 0 555.28
14 22 829.02
12 2 528.17
13 3 180.35
1 5 1800.13
6 4 1720.08
7 1 632.54
5 17 287.49
19 2 872.13
18 21 1419.58
8 3 1269.70
11 20 1647.94
13 22 748.31
3 0 354.35
16 14 484.69
19 11 717.24
17 15 1314.05
7 20 693.71
22 20 1471.45
20 12 1515.96
18 12 1648.62
21 1 163.71
8 10 1889.28
22 14 943.45
9 11 170.69
10 0 903.60
8 16 1302.19
0 22 1665.63
12 14 1012.98
15 3 899.85
13 15 1556.94
2 20 822.91
3 9 1551.64
1 9 1402.24
4 2 1580.75
2 14 1473.12
5 3 398.02
6 8 374.23
19 16 662.86
7 13 1392.80
20 11 1059.08
21 10 28.39
22 1 611.25
9 12 1138.10
10 11 1762.17
9 22 843.26
14 13 588.94
12 5 1033.44
10 21 1426.20
13 8 74.45
0 3 181.73
1 2 567.51
4 9 1317.99
2 9 1244.99
3 20 264.29
6 3 667.36
7 10 1054.07
5 22 874.23
14 20 1560.62
15 17 1295.42
