504
7 3 684.70
16 9 918.35
19 4 1694.91
17 20 658.47
22 19 90.94
20 7 603.02
18 19 1050.24
21 6 844.51
8 5 7.30
9 0 940.21
10 7 1141.63
11 22 1800.09
0 17 474.80
14 1 921.12
12 17 379.11
15 4 799.26
13 20 443.14
3 2 446.01
4 5 634.77
16 0 345.71
19 13 1703.39
17 13 704.18
7 22 138.09
20 14 1705.85
18 10 1429.04
21 15 1837.16
8 12 551.93
22 12 401.73
10 14 92.75
8 18 1611.15
11 15 1071.16
9 19 652.43
14 8 299.09
12 8 1264.02
1 21 201.91
15 13 1525.84
2 18 1285.12
0 14 1576.89
3 11 1215.33
1 15 1632.18
4 12 433.52
2 12 720.79
5 1 752.83
3 17 733.96
16 7 685.99
6 14 599.67
19 18 703.59
17 6 1323.56
7 15 1009.12
20 21 849.25
18 5 1862.46
21 8 95.74
22 7 169.94
10 9 40.08
11 4 1692.92
9 20 1014.65
14 19 861.08
12 7 1048.09
10 19 34.20
15 10 172.86
13 6 187.63
0 5 1454.56
1 0 738.47
4 11 111.58
2 7 896.01
5 10 1318.93
3 22 897.73
6 1 525.16
4 17 1152.49
7 4 812.15
5 20 1930.09
16 20 510.45
21 17 1424.49
19 1 1361.18
18 22 459.52
8 0 423.62
15 19 1013.87
11 19 1078.41
12 20 1788.86
16 11 1303.31
6 18 945.85
19 6 423.60
17 10 1373.26
22 17 228.56
20 1 1246.69
18 17 502.56
21 4 1783.92
8 7 522.41
22 11 461.03
9 6 958.76
10 5 1613.61
11 8 1156.27
0 19 860.58
14 7 25.74
12 19 1926.71
1 18 827.70
15 6 384.71
13 18 928.12
0 9 1517.36
3 4 67.23
4 7 1910.15
5 6 771.18
16 2 1292.51
6 21 1930.52
19 15 1021.86
17 3 1307.26
7 16 845.57
20 8 1241.60
18 8 1941.43
21 13 1665.92
8 14 1256.45
22 2 756.57
9 15 154.67
10 12 426.34
8 20 1531.23
11 1 1477.28
9 17 112.87
12 10 1191.30
10 22 434.63
13 11 834.60
2 16 760.62
3 13 635.70
1 13 1167.14
4 14 1358.80
2 10 329.50
5 15 1875.78
3 19 74.80
6 12 1866.16
4 20 742.94
19 20 1003.37
17 4 86.57
7 9 466.47
18 3 1904.73
21 22 1244.90
22 5 153.26
11 6 1139.44
14 17 1278.75
12 1 979.67
10 17 997.39
15 20 861.27
13 4 1391.17
0 7 340.02
1 6 1846.93
2 5 1175.27
5 8 582.31
6 7 1652.90
4 19 1788.29
7 6 1359.27
5 18 1708.10
19 3 1581.97
20 4 1601.87
18 20 912.61
8 2 752.16
9 3 1269.63
11 21 137.23
14 2 93.34
12 22 1395.58
3 1 422.57
16 13 693.10
6 16 1774.89
19 8 411.43
17 8 1842.27
7 21 357.85
20 3 884.76
18 15 985.03
21 2 1336.25
8 9 211.58
22 9 1197.59
9 4 184.17
10 3 675.38
11 10 1057.84
0 21 846.63
14 5 1703.59
12 13 1832.31
1 16 1543.95
15 0 681.48
13 16 910.44
0 11 1198.14
3 6 352.60
1 10 397.71
4 1 1607.11
5 4 733.05
16 4 1259.34
6 11 496.08
19 17 1246.35
17 1 1096.45
7 18 174.09
20 10 1034.43
18 6 1564.13
21 11 780.35
22 0 283.28
9 13 851.16
8 22 960.21
11 3 1372.00
14 12 508.98
12 4 40.65
10 20 1946.46
15 9 349.41
13 9 533.45
0 2 1187.43
3 15 1108.57
1 3 146.29
4 8 913.40
2 8 1730.81
5 13 1151.23
3 21 1818.55
6 2 1133.64
4 22 483.05
19 22 1217.81
7 11 415.43
20 17 1003.23
18 1 792.10
16 17 1443.66
21 20 1708.94
12 3 546.32
15 22 1434.85
13 2 627.48
1 4 495.47
2 3 785.62
6 5 897.55
7 0 411.58
5 16 940.43
16 8 1743.37
19 5 811.98
17 21 523.35
22 18 475.68
20 6 1944.85
21 7 399.38
8 4 206.22
9 1 846.33
10 6 25.16
0 16 1283.84
14 0 1641.57
12 16 1540.05
15 5 1152.95
13 21 1898.60
16 15 188.62
6 22 441.75
19 10 1327.56
17 14 60.17
22 21 1825.05
20 13 1404.26
18 13 257.23
21 0 1486.55
8 11 450.48
22 15 457.73
9 10 1825.14
10 1 1592.60
8 17 1187.18
11 12 778.62
14 11 879.13
12 15 1810.23
1 22 290.90
15 2 1935.10
13 14 1918.17
2 21 475.08
0 13 1605.92
3 8 353.39
1 8 220.24
4 3 1851.04
2 15 844.31
5 2 755.36
16 6 960.45
6 9 797.18
17 7 1271.55
7 12 1027.40
18 4 239.15
21 9 1571.69
22 6 1464.60
10 8 1449.57
11 5 766.23
9 21 913.27
14 18 247.81
12 6 1151.33
10 18 560.26
15 11 104.19
13 7 333.61
0 4 833.21
4 10 218.63
2 6 894.02
5 11 1534.30
6 0 1106.89
4 16 687.29
7 5 632.32
5 21 112.89
20 19 1797.22
16 19 774.30
21 18 90.85
17 18 609.78
14 21 457.47
15 16 1090.16
13 0 939.22
11 16 974.73
2 1 925.79
7 2 1559.07
16 10 296.53
19 7 1579.81
17 11 1560.16
22 16 295.74
20 0 638.01
18 16 554.93
21 5 577.69
8 6 1206.77
22 10 1498.12
9 7 813.45
10 4 690.41
11 9 1854.20
0 18 552.66
14 6 489.82
12 18 1430.60
1 19 986.79
15 7 1185.18
13 19 1126.80
0 8 621.37
3 5 179.41
4 6 1179.62
5 7 1078.57
16 1 1816.81
6 20 1168.11
19 12 954.92
17 12 662.45
7 17 1721.87
20 15 84.70
18 11 1465.81
21 14 1245.20
8 13 1728.53
22 13 1334.35
9 8 1755.71
10 15 1527.76
8 19 596.35
11 14 713.22
9 18 1025.24
14 9 1545.07
12 9 842.57
1 20 1943.00
15 12 1339.07
13 12 877.11
2 19 684.15
0 15 1379.14
3 10 1017.17
1 14 1859.53
4 13 1778.94
2 13 647.32
5 0 1295.81
3 16 1020.29
6 15 838.44
19 21 82.45
17 5 1690.74
7 14 1319.79
20 22 426.94
18 2 1561.69
22 4 1483.79
11 7 916.69
14 16 265.01
12 0 1920.72
10 16 1298.22
15 21 1570.48
13 5 1414.54
0 6 183.84
1 7 286.53
2 4 1462.88
5 9 613.49
4 18 1571.35
5 19 147.05
16 21 1743.39
21 16 856.18
19 0 1607.83
17 16 1789.81
8 1 169.03
15 18 566.97
11 18 1097.32
12 21 977.11
16 12 350.48
6 19 847.00
19 9 1374.71
17 9 62.87
20 2 1564.15
18 14 1075.72
21 3 1002.04
22 8 470.19
9 5 1570.00
10 2 402.17
0 20 847.26
14 4 432.30
1 17 893.33
15 1 20.26
13 17 1459.07
2 22 165.37
0 10 170.78
3 7 1029.00
1 11 1901.96
4 0 1950.59
16 3 549.86
6 10 963.47
19 14 1126.31
17 2 301.03
7 19 686.32
20 9 101.06
18 9 883.27
21 12 1558.78
8 15 41.15
22 3 1780.17
9 14 1376.73
10 13 154.97
8 21 909.10
11 0 1592.13
9 16 506.99
14 15 323.55
12 11 783.87
15 14 1868.65
13 10 803.55
2 17 1047.93
0 1 1514.98
3 12 1345.07
1 12 484.46
4 15 140.39
2 11 462.64
5 14 1938.08
3 18 1518.51
6 13 969.54
4 21 578.48
7 8 1810.97
20 16 205.48
18 0 122.72
14 22 780.80
12 2 915.48
13 3 1202.13
1 5 299.00
6 4 1273.72
7 1 1573.59
5 17 447.67
19 2 1700.78
17 22 507.41
20 5 685.18
18 21 623.87
8 3 1782.58
9 2 1125.87
11 20 1688.56
14 3 826.95
13 22 26.67
3 0 1381.89
16 14 1924.70
6 17 669.68
19 11 598.27
17 15 1353.39
7 20 1498.87
22 20 4.94
20 12 1126.92
18 12 169.75
21 1 1500.62
8 10 1866.19
22 14 1837.64
9 11 1432.53
10 0 1046.87
8 16 1374.38
11 13 1614.25
0 22 1282.64
14 10 1614.57
12 14 1938.60
15 3 3.23
13 15 465.51
2 20 759.72
0 12 318.14
3 9 1892.49
1 9 236.05
4 2 943.83
2 14 1505.32
5 3 123.34
16 5 1954.23
6 8 868.50
19 16 1040.75
7 13 1219.10
20 11 851.77
18 7 396.44
21 10 1104.63
22 1 1672.04
9 12 1716.31
10 11 1666.05
11 2 1814.72
9 22 696.42
14 13 1209.61
12 5 11.02
10 21 15.16
15 8 903.76
13 8 1804.52
0 3 1455.59
3 14 1565.88
1 2 250.62
4 9 545.48
2 9 1132.34
5 12 1548.89
3 20 1594.71
6 3 177.76
7 10 623.80
5 22 884.06
20 18 1230.54
16 18 1093.54
21 19 742.79
17 19 1770.57
14 20 1756.40
15 17 862.07
13 1 3.67
11 17 398.63
2 0 1934.67
