164
14 17 1604.50
10 17 588.06
0 20 1671.50
15 20 1661.90
0 7 1201.03
15 1 1063.09
20 7 781.57
18 22 1569.67
18 19 1415.76
4 2 45.09
2 5 1202.47
8 5 445.44
5 8 170.45
11 5 1694.07
16 3 251.43
6 10 1562.93
5 18 1285.48
11 22 360.47
15 11 1166.14
14 1 361.92
13 7 199.73
20 9 1202.18
19 3 1390.15
15 4 97.56
3 2 505.94
8 2 790.08
5 11 656.67
4 5 1672.73
10 13 870.38
11 21 1783.53
17 13 1635.37
14 2 570.28
13 10 1749.06
20 14 430.94
17 7 111.68
21 15 1778.10
22 12 1001.62
2 11 1695.89
14 21 736.28
13 0 199.25
19 8 1955.28
15 21 1553.46
19 22 160.53
20 3 524.37
0 14 833.14
8 9 145.04
22 9 1363.68
0 21 1886.20
6 17 583.21
16 7 1466.84
19 18 1184.75
17 6 468.33
16 10 1499.85
1 16 505.14
15 0 1949.78
1 5 147.20
21 5 321.67
1 10 1399.91
8 6 529.93
4 1 1200.39
10 9 1175.02
6 4 215.58
11 4 1316.09
14 19 1131.97
5 17 1147.01
0 18 1828.87
17 1 438.54
0 5 346.18
15 7 398.39
0 8 1089.94
3 5 1437.04
2 7 1477.50
8 3 55.27
5 10 1257.61
6 1 1384.51
4 17 34.79
11 3 1447.99
16 1 20.94
17 12 818.85
16 20 1926.20
19 1 323.46
14 18 1676.38
22 13 1915.80
3 0 972.54
8 19 1803.44
15 13 1851.19
11 14 694.19
14 9 31.25
20 17 1127.38
18 1 1196.02
7 20 790.92
21 20 1692.93
12 20 1917.27
21 1 611.05
3 10 1858.88
22 14 438.66
2 13 843.83
9 11 1394.89
5 0 569.85
3 16 1890.94
10 0 939.25
8 16 1695.26
11 13 1411.74
16 11 734.88
14 10 601.33
12 14 359.38
19 6 650.37
18 2 228.11
13 15 510.78
20 1 1605.41
2 20 1416.11
1 4 1841.18
22 4 214.03
2 3 1617.20
8 7 737.04
1 22 758.61
6 5 798.77
5 3 875.84
17 0 1498.57
7 13 809.31
18 7 1090.96
22 18 875.36
13 18 1008.02
22 1 1575.15
3 4 786.91
5 9 1643.89
4 7 992.71
9 1 1352.17
11 2 1834.90
12 5 1734.40
19 15 903.32
16 21 1891.53
12 16 1587.69
19 0 1658.31
15 5 955.05
22 2 434.74
4 9 1768.17
2 9 1897.68
8 1 171.96
6 3 735.07
9 17 514.86
12 10 915.73
11 18 590.28
22 21 1882.31
21 19 226.31
17 19 1601.19
21 0 860.16
22 15 383.97
18 17 226.66
7 12 1868.10
8 17 484.57
6 12 1692.64
11 17 99.78
18 3 1310.17
17 9 477.39
13 14 1409.21
6 11 1535.92
0 13 749.65
22 5 1528.58
21 3 673.43
1 8 479.66
4 3 1432.71
9 5 1802.21
5 2 139.08
