161
14 17 688.44
10 17 1062.63
7 12 1571.95
11 21 1875.79
6 9 1294.04
17 20 497.24
20 7 634.45
1 6 37.42
2 5 1661.10
8 5 859.05
7 22 182.89
9 0 53.63
11 5 1610.57
10 7 834.80
9 21 84.68
7 6 1235.31
14 18 1103.12
5 18 284.59
12 6 1268.87
19 14 1541.01
15 20 43.83
13 7 1107.36
18 9 459.70
20 4 461.61
22 3 652.51
4 10 1952.37
9 14 1319.99
16 15 1123.44
9 16 1073.46
0 7 516.82
19 13 548.87
15 14 220.06
14 2 1247.22
21 18 1738.53
20 14 931.72
18 10 684.11
21 15 1746.25
3 12 1096.16
3 1 667.84
8 18 988.76
6 13 1886.40
4 21 1139.34
11 15 1232.33
13 11 1033.37
19 8 487.06
18 0 1795.47
20 3 395.46
21 2 1707.82
8 9 1955.58
9 4 387.82
16 7 200.79
12 2 649.73
19 18 1159.90
17 6 863.55
7 15 1425.83
20 21 185.86
18 5 1568.01
17 1 903.18
15 0 358.04
22 16 1732.19
20 0 676.23
6 11 612.24
3 6 295.41
9 7 1780.20
11 4 275.51
10 4 100.61
9 20 1004.24
16 4 693.09
14 19 1201.70
10 19 436.67
0 18 1563.84
7 18 1375.10
14 6 731.35
20 10 1645.51
19 2 314.24
0 5 1011.71
15 10 1420.83
20 5 1533.71
18 21 822.48
22 0 1134.78
4 11 1665.14
2 7 129.94
9 13 1574.99
8 3 728.43
5 10 1059.06
3 22 112.29
9 2 169.92
19 12 621.78
17 12 521.99
7 17 1006.67
14 3 303.86
0 2 1082.57
18 22 939.86
3 0 258.98
10 15 205.83
11 22 84.50
7 11 1511.77
6 17 791.39
20 17 1093.99
21 20 1475.62
16 22 1858.58
11 12 1772.88
8 10 1688.32
4 13 1483.24
9 11 807.16
5 0 277.27
8 16 1539.49
16 9 1481.30
12 3 844.33
17 5 1171.64
22 17 452.75
22 11 749.06
4 2 1754.11
7 0 425.61
17 0 757.22
16 8 504.62
13 5 1530.50
21 10 26.27
1 7 176.84
0 9 1717.29
22 1 1308.46
21 7 902.94
5 9 1498.41
0 22 1444.74
5 6 1807.96
12 16 1723.92
9 22 149.25
6 21 1861.51
5 19 1574.29
12 5 722.53
21 16 430.83
20 8 432.95
0 3 1062.17
15 5 559.58
8 14 1733.29
4 9 621.52
11 1 1226.27
15 18 1066.68
11 20 257.40
19 10 1362.40
17 14 1042.16
21 19 1671.55
21 0 1252.73
15 9 1141.44
22 15 1131.58
4 14 961.59
9 10 170.16
8 17 658.90
4 20 799.24
19 20 231.53
15 17 450.68
19 9 1013.45
15 2 965.41
20 2 1330.16
2 0 1019.12
4 3 1597.10
2 15 883.42
9 5 246.66
5 2 1557.42
11 6 166.13
10 2 10.42
