156
20 19 1179.16
15 20 1110.43
14 4 421.21
1 17 1389.73
17 20 735.19
1 6 497.26
21 6 1765.36
3 7 143.43
1 11 70.83
8 5 554.72
5 8 1456.48
4 0 594.44
9 0 767.29
16 3 1927.18
10 7 1128.62
7 6 1298.67
5 18 278.70
10 18 911.09
16 9 31.74
13 7 1187.26
12 17 1186.00
0 4 818.73
15 4 788.22
20 4 1039.32
8 15 357.87
4 10 141.33
2 6 302.38
4 5 481.14
4 16 1752.66
9 16 834.75
0 7 967.35
12 11 661.31
13 10 1852.30
2 17 1098.76
14 16 642.81
14 21 1349.01
11 16 1062.48
1 21 634.12
2 18 815.53
1 15 413.68
8 9 49.03
2 12 1270.68
9 4 246.68
15 19 1280.91
3 17 1865.02
14 22 875.28
19 18 1404.85
16 10 891.85
19 7 1404.56
22 7 487.19
10 9 1362.52
7 18 694.58
9 20 881.75
6 11 1561.08
5 17 1841.93
19 17 1111.93
15 10 231.07
19 2 1940.58
18 6 1458.42
15 7 590.67
20 5 1661.95
1 0 1141.66
8 22 1851.99
4 17 1954.69
5 20 1660.80
12 4 1672.84
10 20 992.91
17 12 641.07
16 20 456.56
21 17 272.87
19 1 1235.94
0 2 996.37
19 8 1593.79
22 13 1080.97
18 0 1744.89
2 8 270.92
3 21 923.94
9 18 703.62
7 11 1580.48
11 19 910.44
16 17 437.57
12 20 393.53
2 19 631.87
18 12 940.43
0 15 1887.79
21 1 73.84
8 10 358.69
22 14 172.60
3 16 1881.17
10 0 143.88
8 16 84.28
6 15 1198.42
12 3 426.08
11 13 1248.99
0 22 1658.27
7 14 1166.28
12 14 1473.44
17 10 626.17
22 17 178.81
20 1 1731.07
3 9 662.87
1 9 542.66
8 7 1651.82
4 2 1398.38
9 6 1576.58
5 3 1938.28
11 7 951.07
7 0 122.97
6 8 1694.25
11 8 463.48
7 13 571.42
20 11 1568.14
15 6 1220.62
21 10 1505.41
20 6 1575.91
1 7 1057.13
9 12 1832.38
5 6 27.77
9 22 699.73
10 21 1946.17
17 3 1187.01
19 0 1296.52
17 16 1787.47
15 5 1440.52
3 14 1359.23
1 2 1023.58
8 14 1366.67
22 2 922.86
2 9 978.52
10 12 1031.90
8 20 1569.41
11 1 1247.24
7 10 897.85
20 18 652.41
11 18 1897.32
16 18 1823.00
21 19 1768.10
20 13 870.39
2 16 121.77
17 19 865.45
21 0 387.30
22 15 818.11
5 15 1137.16
8 17 1543.76
4 20 956.53
17 4 324.10
16 12 1665.85
6 19 1691.25
13 1 499.12
21 22 89.71
0 13 363.21
22 5 192.26
21 3 613.35
1 8 1514.35
22 8 2.26
2 15 1194.85
