506
0 1 764506468.945
0 2 261844740.887
0 3 224566673.715
0 4 274648485.435
0 5 135240940.199
0 6 295749688.613
0 7 2992676676.904
0 8 176370230.799
0 9 1012358179.146
0 10 2486787832.272
0 11 1061502872.443
0 12 2999253276.731
0 13 910797752.220
0 14 10389460.466
0 15 2579010800.763
0 16 16502198.531
0 17 1340150276.321
0 18 54416875.971
0 19 350765261.043
0 20 2456026640.700
0 21 331279501.936
0 22 318793256.298
1 0 724490986.687
1 2 148506122.112
1 3 191893850.306
1 4 356030823.552
1 5 361497291.252
1 6 97904408.632
1 7 554488798.217
1 8 195536710.199
1 9 564796667.504
1 10 962638464.763
1 11 956423466.876
1 12 1660734253.661
1 13 1282445136.518
1 14 4437716.416
1 15 799478125.483
1 16 14802830.034
1 17 1039490014.828
1 18 23281162.224
1 19 912679536.042
1 20 1465434418.259
1 21 474821021.351
1 22 39759239.053
2 0 115031828.969
2 1 316100741.862
2 3 17029466.668
2 4 75966015.075
2 5 85241478.022
2 6 76883425.063
2 7 308287387.073
2 8 78171157.702
2 9 236523944.159
2 10 440165032.926
2 11 109564790.281
2 12 684325464.470
2 13 631684424.581
2 14 2911488.885
2 15 242937565.432
2 16 3009015.673
2 17 209345439.645
2 18 17513920.794
2 19 136300260.151
2 20 164342305.722
2 21 155512452.927
2 22 21908681.807
3 0 166308976.755
3 1 173801302.846
3 2 58902528.755
3 4 42152838.130
3 5 71311790.678
3 6 77906337.277
3 7 221066339.945
3 8 39492551.597
3 9 398302884.023
3 10 504009809.224
3 11 145555857.828
3 12 711246628.442
3 13 490870829.854
3 14 4600408.028
3 15 395922799.183
3 16 2890598.352
3 17 54145876.266
3 18 5423066.109
3 19 62541001.759
3 20 287084191.319
3 21 63556912.088
3 22 60776965.232
4 0 232345795.739
4 1 201208950.936
4 2 63045415.261
4 3 35219613.388
4 5 37120184.176
4 6 18636751.141
4 7 353374665.069
4 8 49145246.875
4 9 548500868.505
4 10 365425718.961
4 11 67164987.315
4 12 421139318.238
4 13 382228396.643
4 14 3819471.368
4 15 382300132.733
4 16 4385709.237
4 17 253942218.546
4 18 26156783.809
4 19 254497753.996
4 20 273615083.778
4 21 93487731.061
4 22 50201382.085
5 0 482948047.722
5 1 382578098.786
5 2 43084870.603
5 3 27310563.272
5 4 50041290.078
5 6 83063115.334
5 7 258353177.438
5 8 75122809.198
5 9 294042546.321
5 10 378941947.783
5 11 60844430.875
5 12 596069612.001
5 13 379230377.147
5 14 3017725.931
5 15 368870020.593
5 16 661484.157
5 17 220965512.414
5 18 48179772.783
5 19 63087533.422
5 20 95064607.815
5 21 293066354.957
5 22 43489410.284
6 0 154649275.090
6 1 293629942.194
6 2 16711382.307
6 3 33115046.461
6 4 48288219.424
6 5 19965409.020
6 7 277785869.910
6 8 37920801.026
6 9 283797559.009
6 10 294169778.200
6 11 46061011.345
6 12 249708397.349
6 13 316897382.755
6 14 2913403.897
6 15 450029935.441
6 16 1908181.563
6 17 40264219.394
6 18 18551838.308
6 19 247350714.213
6 20 264261835.910
6 21 377505831.875
6 22 40057273.462
7 0 2691722365.159
7 1 302757639.090
7 2 153640043.934
7 3 52393215.929
7 4 259171432.404
7 5 163194619.885
7 6 256425430.290
7 8 44122158.375
7 9 1279547140.725
7 10 714529445.351
7 11 789501840.615
7 12 717246028.429
7 13 2288630944.176
7 14 5065134.024
7 15 375131310.072
7 16 19392719.088
7 17 1549251090.224
7 18 236649439.969
7 19 883907488.260
7 20 699975758.213
7 21 1125958010.387
7 22 73400071.173
8 0 319462100.932
8 1 365664950.341
8 2 41571109.152
8 3 32534335.650
8 4 41809838.937
8 5 53760708.789
8 6 36953845.112
8 7 218284093.339
8 9 151463480.090
8 10 464500981.125
8 11 90141402.099
8 12 731033754.965
8 13 610619437.819
8 14 4473553.366
8 15 164526180.705
8 16 2299859.868
8 17 241787873.169
8 18 24356841.865
8 19 193847217.700
8 20 78325828.839
8 21 244402029.172
8 22 49644302.344
9 0 652826069.287
9 1 1127361773.726
9 2 361110702.401
9 3 107611869.639
9 4 228755954.329
9 5 361590243.492
9 6 405914791.181
9 7 1546826045.624
9 8 152097009.184
9 10 1847769502.167
9 11 542817381.266
9 12 1697040337.224
9 13 1586806512.784
9 14 9795183.374
9 15 2961812718.255
9 16 10541408.348
9 17 785159080.548
9 18 308493136.892
9 19 825625782.549
9 20 3913501603.680
9 21 1690259820.210
9 22 488779774.874
10 0 2367807487.824
10 1 2000484411.861
10 2 400014380.845
10 3 406031374.006
10 4 121984491.886
10 5 552685821.463
10 6 365773132.659
10 7 2153631716.144
10 8 269430235.168
10 9 3385626698.181
10 11 1164850288.682
10 12 1395794515.683
10 13 4002175374.580
10 14 22812184.024
10 15 1026540816.204
10 16 11946697.193
10 17 316433021.995
10 18 54405283.020
10 19 1771161327.637
10 20 2258881444.870
10 21 433507704.112
10 22 519025120.311
11 0 288569655.310
11 1 811016037.742
11 2 25139970.274
11 3 162104901.744
11 4 170041058.114
11 5 91200740.389
11 6 110920968.339
11 7 769536327.695
11 8 28262948.118
11 9 944544256.832
11 10 125999361.810
11 12 1532720980.285
11 13 1554024855.035
11 14 7880491.160
11 15 818990410.593
11 16 13442202.849
11 17 501561594.641
11 18 27227769.895
11 19 491960660.128
11 20 1000404409.754
11 21 918251239.514
11 22 75971936.061
12 0 4083792572.402
12 1 1831687271.425
12 2 448001499.417
12 3 448274581.942
12 4 249294057.866
12 5 450948853.901
12 6 503086038.642
12 7 4218388352.173
12 8 372890388.098
12 9 4112089935.681
12 10 587636793.305
12 11 1592416698.052
12 13 1727417199.636
12 14 39230635.579
12 15 1909493627.163
12 16 44530544.392
12 17 997742808.494
12 18 165116529.760
12 19 1250747714.032
12 20 3802526948.514
12 21 2353370480.979
12 22 76609069.727
13 0 701208368.325
13 1 1445624172.120
13 2 341254875.604
13 3 311591091.088
13 4 639583513.598
13 5 455653425.226
13 6 299085614.219
13 7 993579937.911
13 8 88713658.594
13 9 1167296054.855
13 10 749430778.286
13 11 1016782348.824
13 12 4055602226.311
13 14 8513185.556
13 15 390413091.947
13 16 17065555.516
13 17 1060227837.656
13 18 259799995.991
13 19 1582760916.835
13 20 2237838204.811
13 21 2054266536.723
13 22 597380453.465
14 0 26410826.968
14 1 14428511.526
14 2 3355243.936
14 3 443765.763
14 4 2531656.530
14 5 4067274.215
14 6 2706186.190
14 7 31716422.428
14 8 5169952.506
14 9 12598537.169
14 10 34165966.789
14 11 13248540.833
14 12 5014274.509
14 13 34892259.498
14 15 26968161.073
14 16 283668.410
14 17 6426440.413
14 18 2148995.174
14 19 7815156.036
14 20 38872191.696
14 21 9114887.498
14 22 3763186.448
15 0 1537512049.001
15 1 1856396433.844
15 2 240155801.159
15 3 486289015.603
15 4 79911265.129
15 5 450718408.551
15 6 236731023.909
15 7 592913017.894
15 8 416038887.944
15 9 2205925010.566
15 10 1508792382.062
15 11 878458011.705
15 12 1462260228.246
15 13 2858495998.783
15 14 19777298.152
15 16 26271554.605
15 17 807846626.170
15 18 201323766.453
15 19 343941966.431
15 20 1797204190.926
15 21 2233145547.721
15 22 494971942.370
16 0 31229517.983
16 1 14049232.016
16 2 4173987.227
16 3 4329873.211
16 4 5280500.042
16 5 3129063.216
16 6 2707527.870
16 7 8291165.458
16 8 5026875.874
16 9 27592596.510
16 10 19954626.390
16 11 10605054.311
16 12 29781277.779
16 13 7293852.374
16 14 210092.257
16 15 16872452.574
16 17 13027662.738
16 18 566784.489
16 19 14195638.744
16 20 24437364.454
16 21 7743145.964
16 22 5005923.358
17 0 508768693.288
17 1 994357020.583
17 2 24506564.771
17 3 231151523.300
17 4 27408775.206
17 5 36895066.377
17 6 106323689.562
17 7 816672258.607
17 8 22866484.744
17 9 1679462048.668
17 10 394008472.025
17 11 487926478.280
17 12 369879136.764
17 13 431071912.634
17 14 14939156.653
17 15 160500072.928
17 16 13865745.593
17 18 104122684.148
17 19 307844202.158
17 20 422018088.056
17 21 625312820.385
17 22 34121872.791
18 0 322723776.809
18 1 140060223.229
18 2 44865281.312
18 3 14751301.804
18 4 12759335.510
18 5 19472107.440
18 6 34847010.803
18 7 157920805.847
18 8 27713550.459
18 9 326030538.310
18 10 143097534.142
18 11 45791060.230
18 12 449225957.845
18 13 152230013.294
18 14 480331.013
18 15 44293057.568
18 16 2822773.891
18 17 107133254.214
18 19 114249494.093
18 20 125297477.316
18 21 206781217.597
18 22 38055383.417
19 0 403254516.197
19 1 854487836.504
19 2 124247525.503
19 3 98675231.489
19 4 120870716.834
19 5 109494684.208
19 6 158272286.193
19 7 241340814.951
19 8 96002545.216
19 9 781723848.602
19 10 944182553.762
19 11 547390316.807
19 12 1781246440.847
19 13 1113330024.330
19 14 12784616.186
19 15 1127143800.076
19 16 3466799.633
19 17 563684969.384
19 18 141407222.225
19 20 1591171517.862
19 21 820068436.736
19 22 109923632.180
20 0 1754913856.640
20 1 2112268824.705
20 2 478535421.162
20 3 522313667.336
20 4 344089198.905
20 5 614213103.013
20 6 210982858.298
20 7 3223630299.626
20 8 398862731.260
20 9 3729768991.209
20 10 2532883007.977
20 11 907774402.187
20 12 1043447933.823
20 13 2555086718.233
20 14 35301400.152
20 15 1702104223.479
20 16 29339873.864
20 17 1933830929.952
20 18 383199646.439
20 19 865623965.058
20 21 306761884.605
20 22 273649137.610
21 0 560405220.087
21 1 540080458.788
21 2 207091132.030
21 3 300164910.259
21 4 201357929.213
21 5 113600944.270
21 6 311706331.647
21 7 2183545091.268
21 8 130973874.147
21 9 1564519602.754
21 10 1666020962.970
21 11 304696022.009
21 12 1954558938.658
21 13 1226214082.987
21 14 10171472.227
21 15 638149021.509
21 16 9584498.363
21 17 762355776.607
21 18 38156660.913
21 19 125686765.233
21 20 515594361.033
21 22 203109806.581
22 0 323854903.035
22 1 302897030.518
22 2 57160723.949
22 3 64371847.232
22 4 31648003.669
22 5 85806765.342
22 6 54702206.787
22 7 277611355.170
22 8 60502148.415
22 9 560774907.172
22 10 357091414.541
22 11 117920016.164
22 12 185791546.286
22 13 629232690.397
22 14 5161276.223
22 15 360238001.805
22 16 890288.244
22 17 235394040.986
22 18 40636365.334
22 19 256180857.604
22 20 87404847.066
22 21 222512513.464
