506
0 1 1301901032.922
0 2 408672014.906
0 3 483324879.617
0 4 347104234.554
0 5 490993083.041
0 6 477481109.790
0 7 1179127800.900
0 8 334984398.902
0 9 2946149239.225
0 10 3034617106.101
0 11 1126939596.763
0 12 1619118428.667
0 13 1025993476.043
0 14 19246309.185
0 15 1449879360.480
0 16 19610297.904
0 17 1254920051.222
0 18 123526829.234
0 19 388934398.560
0 20 2491053560.844
0 21 776789349.386
0 22 448330818.686
1 0 729445442.115
1 2 354242554.845
1 3 226772773.060
1 4 34490540.055
1 5 114159223.964
1 6 308600557.989
1 7 1675903056.076
1 8 138152213.961
1 9 1723835676.051
1 10 685921701.632
1 11 502640596.952
1 12 2738782683.146
1 13 1158866913.506
1 14 24095870.065
1 15 2033908275.085
1 16 4585085.457
1 17 209868030.054
1 18 246074891.493
1 19 355121895.178
1 20 2815743008.352
1 21 1572675173.587
1 22 115044623.759
2 0 302850435.484
2 1 227464410.644
2 3 83230300.585
2 4 14057601.068
2 5 12218346.012
2 6 73687631.145
2 7 427592002.496
2 8 23439667.516
2 9 437737263.091
2 10 194183328.560
2 11 98049937.962
2 12 99870765.449
2 13 501627766.816
2 14 1037216.747
2 15 550703703.367
2 16 2701407.860
2 17 238830135.775
2 18 41269959.810
2 19 156394406.099
2 20 126259570.108
2 21 129455313.288
2 22 45613300.778
3 0 398558235.389
3 1 216876174.255
3 2 42001556.779
3 4 61865674.432
3 5 69734432.814
3 6 33180277.193
3 7 469995111.785
3 8 53080453.351
3 9 254231285.840
3 10 274612847.447
3 11 65916532.987
3 12 89071794.569
3 13 602043556.118
3 14 1515207.711
3 15 318057719.696
3 16 5194624.892
3 17 76051399.070
3 18 38071206.679
3 19 221686257.800
3 20 525981401.269
3 21 317311515.426
3 22 47118912.421
4 0 304242818.692
4 1 94935037.626
4 2 47791025.426
4 3 60250306.762
4 5 47675143.188
4 6 32456336.690
4 7 110781679.471
4 8 14943398.005
4 9 495188871.804
4 10 504664790.785
4 11 165087487.497
4 12 694480599.164
4 13 362969285.058
4 14 3710801.431
4 15 86505476.148
4 16 2008883.459
4 17 247030465.563
4 18 11646951.069
4 19 173205461.957
4 20 74948478.203
4 21 124933205.871
4 22 44433306.323
5 0 378628553.334
5 1 110080909.244
5 2 86880688.535
5 3 11771349.177
5 4 35997865.531
5 6 56251275.277
5 7 482971774.316
5 8 65738675.989
5 9 151099545.317
5 10 570313162.672
5 11 28222062.742
5 12 178137245.870
5 13 424082464.914
5 14 2167019.092
5 15 338256716.327
5 16 2504785.091
5 17 245220840.665
5 18 38214488.212
5 19 146884557.786
5 20 125364754.786
5 21 186872878.721
5 22 10065676.271
6 0 351017384.633
6 1 60312963.779
6 2 8745165.834
6 3 70846230.839
6 4 61994191.600
6 5 67055156.592
6 7 457284273.747
6 8 71856682.579
6 9 205064269.809
6 10 86956795.524
6 11 214160700.535
6 12 730673167.329
6 13 379798842.320
6 14 4873172.845
6 15 557678978.374
6 16 2858951.506
6 17 37215992.407
6 18 53863119.157
6 19 119643038.468
6 20 309054018.245
6 21 365497992.695
6 22 64124534.487
7 0 357171129.272
7 1 691169122.286
7 2 182926504.566
7 3 277055165.257
7 4 340379274.098
7 5 376652118.779
7 6 138131708.565
7 8 491217283.369
7 9 1163554172.642
7 10 2510302002.637
7 11 689902202.556
7 12 1020683985.956
7 13 1805146209.299
7 14 22674218.349
7 15 2615258988.296
7 16 6640211.916
7 17 1386247766.362
7 18 155573625.937
7 19 992547261.496
7 20 3775960033.288
7 21 543465881.210
7 22 341176432.394
8 0 52492277.293
8 1 334814485.169
8 2 76129787.879
8 3 46952992.416
8 4 17053914.092
8 5 21715913.479
8 6 46556133.965
8 7 110220804.156
8 9 362510953.501
8 10 96250795.299
8 11 52522567.003
8 12 505108558.887
8 13 602817683.183
8 14 3790451.343
8 15 270291357.448
8 16 3713968.808
8 17 192217266.916
8 18 43184573.053
8 19 90780565.199
8 20 240332724.801
8 21 253220319.843
8 22 78165354.325
9 0 2957702481.667
9 1 966294035.277
9 2 119703051.176
9 3 449716516.048
9 4 59295996.159
9 5 159586369.808
9 6 497879127.605
9 7 2356679476.190
9 8 316088483.763
9 10 3351740082.589
9 11 869782963.935
9 12 2466817884.627
9 13 840920147.518
9 14 11220831.872
9 15 2749140102.340
9 16 21306642.907
9 17 545839252.954
9 18 334983044.787
9 19 1298852645.032
9 20 666653144.372
9 21 1746335002.555
9 22 153172384.492
10 0 2656011193.655
10 1 1675676202.543
10 2 199466222.850
10 3 458589075.415
10 4 563171134.053
10 5 309225327.161
10 6 126857332.954
10 7 1183134408.148
10 8 90631077.502
10 9 2828766780.562
10 11 384637749.420
10 12 2601538463.366
10 13 1819227810.979
10 14 17583705.058
10 15 2356081135.334
10 16 10655282.269
10 17 1062350474.220
10 18 271833642.388
10 19 659344020.686
10 20 2796453500.371
10 21 2511530342.445
10 22 446344605.757
11 0 1037321541.651
11 1 810240319.310
11 2 31221696.516
11 3 92613180.040
11 4 64899035.809
11 5 165486626.886
11 6 120678460.366
11 7 750220414.143
11 8 155724632.817
11 9 421565477.313
11 10 1376924785.775
11 12 288392851.886
11 13 923247508.476
11 14 2465718.747
11 15 341187514.964
11 16 6826468.355
11 17 143727170.005
11 18 23747507.063
11 19 445833398.681
11 20 461742570.342
11 21 893595523.578
11 22 125281361.787
12 0 3067996603.133
12 1 1814730523.840
12 2 489999863.702
12 3 596500345.517
12 4 605228807.759
12 5 569382652.591
12 6 314684158.565
12 7 2440709822.980
12 8 378220096.791
12 9 1759267424.850
12 10 3035176177.220
12 11 796424176.639
12 13 563298013.478
12 14 20229400.939
12 15 3665043821.610
12 16 13874597.835
12 17 1051102318.271
12 18 227431064.506
12 19 1251542714.417
12 20 4479596595.356
12 21 1344671722.178
12 22 672092204.758
13 0 800370218.976
13 1 1940094104.752
13 2 319838382.640
13 3 469032185.165
13 4 548346952.727
13 5 569526094.370
13 6 521056458.668
13 7 1190600729.411
13 8 436933993.294
13 9 3475004802.008
13 10 1740796672.606
13 11 806475104.391
13 12 1297249338.206
13 14 15246027.926
13 15 1247500886.791
13 16 34476134.848
13 17 272238423.769
13 18 166999405.062
13 19 178206477.950
13 20 2501520814.127
13 21 526409133.750
13 22 416742314.882
14 0 11161641.291
14 1 18749443.327
14 2 2319439.173
14 3 1701177.102
14 4 4995297.838
14 5 1481549.129
14 6 4880593.566
14 7 21291561.528
14 8 4559653.403
14 9 28067648.517
14 10 20506619.472
14 11 8613803.916
14 12 43807399.596
14 13 16516398.910
14 15 30211195.923
14 16 175383.397
14 17 15828772.211
14 18 2948344.433
14 19 12528321.143
14 20 29182885.210
14 21 23026769.017
14 22 2810175.039
15 0 2888438810.471
15 1 2707973118.308
15 2 87193328.744
15 3 324807108.778
15 4 164185294.667
15 5 333834777.010
15 6 117877071.349
15 7 3378203705.996
15 8 291678875.059
15 9 2632968439.779
15 10 2487189036.642
15 11 1354330799.794
15 12 4420105934.288
15 13 2895139342.346
15 14 23055859.489
15 16 3468841.101
15 17 195557251.534
15 18 257413770.493
15 19 1726359483.897
15 20 2128018295.515
15 21 2235310725.821
15 22 545789794.428
16 0 8971136.803
16 1 24112760.127
16 2 4029983.199
16 3 3988916.948
16 4 748849.664
16 5 2391511.410
16 6 2798953.871
16 7 3802693.627
16 8 4029615.040
16 9 11389255.163
16 10 25943304.087
16 11 11172331.928
16 12 30053354.372
16 13 13307375.776
16 14 279000.088
16 15 14808597.176
16 17 11645381.236
16 18 2562023.804
16 19 7096241.039
16 20 19386965.871
16 21 8905186.126
16 22 4613099.459
17 0 606365802.682
17 1 677321299.527
17 2 263467565.409
17 3 172869623.538
17 4 140833409.283
17 5 27008072.741
17 6 128164445.331
17 7 256719491.092
17 8 31955752.099
17 9 688990072.212
17 10 1713524144.978
17 11 523633791.942
17 12 1651725997.871
17 13 837501000.955
17 14 8035762.721
17 15 1682106151.861
17 16 12501158.016
17 18 53819620.506
17 19 755039123.722
17 20 1529563593.339
17 21 158025164.001
17 22 249558584.150
18 0 197767051.101
18 1 137736481.639
18 2 48493602.291
18 3 30714476.261
18 4 46971957.231
18 5 35533632.579
18 6 23878052.833
18 7 209536997.706
18 8 7099637.455
18 9 43392195.225
18 10 291060803.844
18 11 79050691.169
18 12 58531184.042
18 13 115383397.528
18 14 2744320.206
18 15 38370179.228
18 16 1196850.434
18 17 102648477.322
18 19 86619371.080
18 20 182223057.074
18 21 119267154.434
18 22 7111102.572
19 0 728501299.187
19 1 562015969.252
19 2 112382108.682
19 3 188580783.247
19 4 30319088.337
19 5 185130542.571
19 6 50076086.612
19 7 230057259.988
19 8 83785276.421
19 9 1197015881.247
19 10 676879993.818
19 11 285701152.304
19 12 921720253.382
19 13 895015417.131
19 14 7984378.466
19 15 235665320.342
19 16 8944454.923
19 17 194381121.406
19 18 150721246.812
19 20 1825893640.711
19 21 643301177.712
19 22 184353739.007
20 0 599447112.344
20 1 2317426469.826
20 2 306622949.409
20 3 484584545.947
20 4 341214916.048
20 5 257052534.088
20 6 443308301.367
20 7 2895202096.099
20 8 510124676.859
20 9 3247043697.371
20 10 1078608382.104
20 11 1538115444.693
20 12 2911138273.982
20 13 2152552777.266
20 14 7434589.320
20 15 3841033184.888
20 16 15185884.543
20 17 588176472.770
20 18 228630162.810
20 19 584173978.157
20 21 1248204164.833
20 22 384068647.625
21 0 1179016603.949
21 1 1399991366.501
21 2 42943382.686
21 3 346854620.799
21 4 62966353.691
21 5 200859185.715
21 6 224722303.109
21 7 790075366.188
21 8 248078019.919
21 9 783597722.155
21 10 2609197403.431
21 11 177729192.946
21 12 1135752572.149
21 13 831796473.891
21 14 15842865.012
21 15 1416427144.543
21 16 23175455.366
21 17 298820735.511
21 18 106578492.157
21 19 846176391.880
21 20 2278307384.514
21 22 306448113.800
22 0 203491599.364
22 1 378678416.423
22 2 44826663.133
22 3 28371285.770
22 4 8801262.606
22 5 52111058.075
22 6 10421992.890
22 7 172946266.196
22 8 36320701.107
22 9 200994784.165
22 10 414462397.475
22 11 162196643.218
22 12 546787483.377
22 13 418225247.614
22 14 4454807.001
22 15 312903125.292
22 16 828187.648
22 17 122802443.653
22 18 37009084.153
22 19 70685101.751
22 20 166733799.770
22 21 376130789.254
