506
0 1 463240280.610
0 2 524530199.456
0 3 277400081.051
0 4 446983529.569
0 5 304981535.614
0 6 334625285.431
0 7 812969067.812
0 8 420022720.661
0 9 2712595727.627
0 10 392675220.519
0 11 1050981957.819
0 12 835425504.105
0 13 470033637.497
0 14 3622203.474
0 15 738218634.733
0 16 11142861.919
0 17 898850641.032
0 18 243390887.737
0 19 1045742095.444
0 20 1399505336.674
0 21 1610042218.452
0 22 374288819.741
1 0 1236976382.960
1 2 137759834.954
1 3 377188292.124
1 4 285097510.859
1 5 370382261.185
1 6 341107782.868
1 7 2237344083.166
1 8 186929633.988
1 9 963604013.381
1 10 2541376524.957
1 11 702303232.701
1 12 495674050.200
1 13 2023493770.589
1 14 18237464.789
1 15 1979717791.584
1 16 21326800.662
1 17 129605880.278
1 18 129156928.996
1 19 708639607.647
1 20 2456353904.308
1 21 877317041.449
1 22 177640698.148
2 0 266746751.538
2 1 333238790.560
2 3 62371046.719
2 4 8103286.396
2 5 78879099.115
2 6 13553212.076
2 7 347889501.617
2 8 58584545.872
2 9 576350617.098
2 10 346507245.481
2 11 66688119.785
2 12 507847496.431
2 13 525991133.492
2 14 4946973.469
2 15 183422800.733
2 16 3221103.547
2 17 123915403.006
2 18 39012690.851
2 19 36456626.416
2 20 62048627.921
2 21 198538341.806
2 22 34948126.570
3 0 319776550.444
3 1 290939282.927
3 2 68692316.675
3 4 75148103.074
3 5 79537553.868
3 6 77633683.855
3 7 493600510.319
3 8 51601436.747
3 9 315272092.364
3 10 532769048.098
3 11 72372772.578
3 12 403782955.762
3 13 169437231.570
3 14 1653203.628
3 15 519777430.550
3 16 3801343.777
3 17 81203701.569
3 18 29624308.760
3 19 21946314.054
3 20 574515432.679
3 21 243093233.252
3 22 57066207.339
4 0 389305088.091
4 1 117187394.464
4 2 19175928.305
4 3 26823720.520
4 5 61846689.429
4 6 80786198.787
4 7 249480073.493
4 8 76465730.452
4 9 279288607.172
4 10 123015970.689
4 11 196470585.934
4 12 605518180.058
4 13 415622105.493
4 14 3991853.773
4 15 355397815.157
4 16 3901627.776
4 17 75451162.689
4 18 40808976.265
4 19 217949736.216
4 20 610309943.208
4 21 323370277.156
4 22 8903690.755
5 0 124445169.945
5 1 141411578.195
5 2 18124321.707
5 3 39405242.098
5 4 85017191.417
5 6 37870773.117
5 7 288047563.670
5 8 71153475.802
5 9 208019678.384
5 10 96238032.181
5 11 101880305.011
5 12 99183909.855
5 13 190965139.945
5 14 1513137.739
5 15 502272301.179
5 16 1344731.430
5 17 88425586.313
5 18 31054639.399
5 19 167976458.633
5 20 258448519.460
5 21 331830219.341
5 22 24519873.955
6 0 440199619.756
6 1 304457589.256
6 2 67601688.339
6 3 53958718.096
6 4 46199549.495
6 5 23462381.166
6 7 275265749.074
6 8 75327529.343
6 9 387572483.142
6 10 599327735.689
6 11 80409097.533
6 12 589494100.821
6 13 273155582.148
6 14 1963163.089
6 15 256317853.157
6 16 4688954.255
6 17 249887658.304
6 18 54494855.502
6 19 148903857.317
6 20 93923228.961
6 21 184249516.547
6 22 61658166.033
7 0 695032372.917
7 1 1204923773.095
7 2 420968034.610
7 3 117000067.138
7 4 285113157.547
7 5 207764398.066
7 6 439544048.619
7 8 319335996.473
7 9 1076241832.048
7 10 846103603.497
7 11 363245345.874
7 12 3705686412.263
7 13 1247666650.463
7 14 27249424.090
7 15 2443493500.970
7 16 27460912.026
7 17 465139069.355
7 18 97657343.522
7 19 451563476.930
7 20 892860320.327
7 21 1948311746.650
7 22 81245257.111
8 0 428659918.371
8 1 120499422.535
8 2 66271150.482
8 3 66594202.574
8 4 16829174.434
8 5 83864764.858
8 6 76892768.274
8 7 142578650.484
8 9 525671347.439
8 10 192458711.027
8 11 140974119.566
8 12 371989901.843
8 13 251221556.250
8 14 2636736.085
8 15 149428518.379
8 16 2947735.278
8 17 50207715.018
8 18 22600520.955
8 19 141665795.755
8 20 422031920.159
8 21 102497126.585
8 22 58803826.096
9 0 1653034049.595
9 1 682341884.954
9 2 62731722.927
9 3 168385522.285
9 4 378269859.176
9 5 314043934.546
9 6 507206761.218
9 7 477170465.798
9 8 442273549.860
9 10 1262442254.769
9 11 383300574.812
9 12 570963555.534
9 13 603024638.496
9 14 16868401.396
9 15 3760395795.185
9 16 11057186.400
9 17 438082250.465
9 18 201411046.873
9 19 151077739.198
9 20 1349571632.967
9 21 1209100394.624
9 22 81791574.147
10 0 743227808.766
10 1 1725345635.941
10 2 248250284.768
10 3 448335748.311
10 4 422798476.322
10 5 310206252.323
10 6 593757958.308
10 7 2950169327.527
10 8 534929841.890
10 9 3996146200.181
10 11 1511091574.089
10 12 2810214993.158
10 13 1918610970.670
10 14 33992518.235
10 15 3789243567.296
10 16 13833107.470
10 17 905664956.836
10 18 203260814.359
10 19 1625679468.028
10 20 4292476128.470
10 21 894970810.907
10 22 382933275.838
11 0 835264627.513
11 1 194365523.912
11 2 134110258.919
11 3 97678005.099
11 4 142365785.251
11 5 63242653.592
11 6 198785736.246
11 7 372595965.192
11 8 77216375.177
11 9 829942979.400
11 10 1038129557.354
11 12 694985306.097
11 13 771281695.331
11 14 10840103.898
11 15 1019310251.281
11 16 2001088.267
11 17 178808329.166
11 18 45844501.479
11 19 439620919.972
11 20 788276755.079
11 21 176847229.428
11 22 180228920.344
12 0 4109728826.653
12 1 751461459.736
12 2 291356607.418
12 3 313892742.564
12 4 192608206.153
12 5 308885895.183
12 6 458880672.852
12 7 4182993727.391
12 8 456322831.254
12 9 1341320479.546
12 10 1779982460.158
12 11 686446975.397
12 13 2984373252.391
12 14 27934820.554
12 15 4769624638.783
12 16 41895998.725
12 17 1136176594.818
12 18 244168331.082
12 19 1990757163.761
12 20 5096637423.811
12 21 1407808447.118
12 22 102324457.107
13 0 2869879173.922
13 1 570890718.435
13 2 541498176.438
13 3 110801287.753
13 4 320061099.742
13 5 464078536.890
13 6 121492887.810
13 7 360281087.911
13 8 354022701.848
13 9 471743400.524
13 10 1606662474.325
13 11 1259164580.127
13 12 510936351.816
13 14 6534814.764
13 15 817643372.581
13 16 15784860.442
13 17 1156247394.631
13 18 175090837.009
13 19 1609796568.749
13 20 2727054817.315
13 21 2869172884.952
13 22 452517342.546
14 0 13883567.602
14 1 17776115.869
14 2 5209122.273
14 3 2120841.327
14 4 3273668.365
14 5 771463.838
14 6 2300588.797
14 7 13071451.808
14 8 2959548.561
14 9 16199197.195
14 10 15864068.708
14 11 3947729.929
14 12 13520306.470
14 13 12331263.521
14 15 17817924.560
14 16 214558.921
14 17 12636111.288
14 18 3262720.225
14 19 4921163.538
14 20 11100530.971
14 21 6547314.821
14 22 4299357.421
15 0 3519214641.546
15 1 794667227.418
15 2 564930292.029
15 3 596044749.121
15 4 301860069.658
15 5 350453947.087
15 6 599345090.580
15 7 2519201833.241
15 8 514590220.807
15 9 389277312.872
15 10 415150574.806
15 11 1404499261.254
15 12 2534508806.694
15 13 3130896922.567
15 14 14269993.918
15 16 7375991.111
15 17 1621394609.954
15 18 356156963.788
15 19 900077678.480
15 20 2344265379.562
15 21 1293638651.691
15 22 281743660.033
16 0 6135363.216
16 1 16736956.769
16 2 1226373.297
16 3 4838450.862
16 4 4717242.105
16 5 1703929.341
16 6 449786.341
16 7 28837550.763
16 8 2166916.863
16 9 24489057.893
16 10 27782367.290
16 11 9435600.720
16 12 17938718.548
16 13 28920435.648
16 14 160161.125
16 15 36623982.967
16 17 13835924.019
16 18 1453027.701
16 19 14521593.925
16 20 30623239.071
16 21 20399660.839
16 22 2906806.456
17 0 1532662352.123
17 1 418537734.074
17 2 171951989.439
17 3 56641004.269
17 4 251730628.701
17 5 220515825.789
17 6 196249510.424
17 7 1129735139.921
17 8 156351858.573
17 9 797613402.864
17 10 183082449.344
17 11 195238762.930
17 12 240920658.731
17 13 1377472900.364
17 14 11417267.806
17 15 1066108884.358
17 16 3238510.137
17 18 52760786.710
17 19 329998308.205
17 20 350485863.367
17 21 969990410.018
17 22 204877876.143
18 0 219219520.032
18 1 101598312.479
18 2 32268284.470
18 3 50075726.022
18 4 22868147.727
18 5 24566218.596
18 6 44961718.611
18 7 277866919.510
18 8 15720512.900
18 9 217220864.168
18 10 361126490.519
18 11 33951473.530
18 12 182775244.450
18 13 332203097.069
18 14 2935457.065
18 15 356529709.578
18 16 1031741.208
18 17 69168929.524
18 19 141536094.364
18 20 286877434.420
18 21 173756035.804
18 22 8593528.316
19 0 470376094.961
19 1 694259245.659
19 2 58780787.555
19 3 253925969.623
19 4 131447398.189
19 5 186799183.054
19 6 106822403.545
19 7 1205568815.984
19 8 244488501.658
19 9 229045175.665
19 10 1208600805.378
19 11 607525804.444
19 12 1297542141.752
19 13 1791510346.365
19 14 12204975.300
19 15 865262329.625
19 16 6786690.655
19 17 600255685.890
19 18 79135074.173
19 20 1737160796.966
19 21 388913409.368
19 22 37117427.162
20 0 3780700629.751
20 1 1395077360.344
20 2 203529035.902
20 3 385139800.664
20 4 557352403.579
20 5 531768803.176
20 6 537334691.017
20 7 2602516228.251
20 8 194566585.488
20 9 2890537060.535
20 10 2126717152.631
20 11 873370501.416
20 12 821780682.718
20 13 2036344125.249
20 14 25392511.704
20 15 2302111165.239
20 16 8809096.752
20 17 1200744020.835
20 18 37590945.749
20 19 441673203.578
20 21 2301034166.874
20 22 231627148.195
21 0 1540813232.512
21 1 1007673799.798
21 2 352989269.477
21 3 90295220.730
21 4 88616781.809
21 5 181883417.754
21 6 261213603.017
21 7 1215527427.586
21 8 292428408.240
21 9 257397996.861
21 10 2732338789.811
21 11 721378159.787
21 12 749424690.642
21 13 1533530143.695
21 14 22955954.678
21 15 1466511080.685
21 16 3904469.285
21 17 526809426.789
21 18 92274891.088
21 19 506713124.512
21 20 2647237888.371
21 22 222750445.862
22 0 233962869.072
22 1 323512351.830
22 2 81018186.852
22 3 80179827.009
22 4 55468440.243
22 5 57228928.696
22 6 60458353.365
22 7 135596257.377
22 8 82456823.792
22 9 260302443.700
22 10 545800921.677
22 11 132281251.382
22 12 639913507.623
22 13 235237730.219
22 14 1003057.580
22 15 226416535.032
22 16 950944.582
22 17 258020527.672
22 18 54237229.933
22 19 196765381.727
22 20 211039309.302
22 21 94283668.151
