506
0 1 2315009470.661
0 2 69703078.245
0 3 101567916.801
0 4 95367547.395
0 5 64679627.586
0 6 131359416.013
0 7 2954949350.474
0 8 192351839.956
0 9 327565944.570
0 10 2309305594.565
0 11 461844286.985
0 12 3209408096.032
0 13 3125174765.045
0 14 27432586.756
0 15 2274847669.745
0 16 13531911.266
0 17 637508480.557
0 18 32764783.307
0 19 948031747.740
0 20 3630055096.415
0 21 1820517113.700
0 22 452597184.660
1 0 759059394.395
1 2 247498842.140
1 3 90906084.830
1 4 178329294.755
1 5 247165442.441
1 6 63127244.357
1 7 309359575.504
1 8 136857581.301
1 9 482051415.991
1 10 1335597924.516
1 11 879815398.278
1 12 703882018.695
1 13 779947952.329
1 14 11551106.976
1 15 1203073148.922
1 16 20246867.767
1 17 282292341.627
1 18 158016547.416
1 19 524156127.845
1 20 2255239027.513
1 21 1732031108.719
1 22 119210737.983
2 0 337708347.014
2 1 250100260.924
2 3 66622329.276
2 4 25741093.463
2 5 39843783.900
2 6 12205771.193
2 7 488660945.929
2 8 41555191.834
2 9 165052125.483
2 10 547644002.472
2 11 25471014.755
2 12 590772678.127
2 13 513279389.764
2 14 5434888.621
2 15 136597586.422
2 16 5415936.500
2 17 233158715.055
2 18 7337160.579
2 19 34274882.949
2 20 659504841.110
2 21 292366306.518
2 22 26955648.758
3 0 89724360.012
3 1 371376741.522
3 2 58825603.784
3 4 77845852.844
3 5 81291150.290
3 6 49506224.909
3 7 242345298.253
3 8 51731253.970
3 9 337478127.448
3 10 556641323.218
3 11 31550278.700
3 12 150578407.751
3 13 631049452.129
3 14 2752789.050
3 15 518862122.122
3 16 3300327.723
3 17 106495063.904
3 18 5286435.399
3 19 228879470.189
3 20 369311330.358
3 21 303719059.643
3 22 60078045.211
4 0 384912067.637
4 1 97743242.566
4 2 75521009.560
4 3 66165700.074
4 5 22795138.537
4 6 30080166.591
4 7 494472342.494
4 8 74899060.564
4 9 542245581.289
4 10 399710786.307
4 11 79868985.189
4 12 90461792.952
4 13 368547885.366
4 14 1788633.857
4 15 177880350.474
4 16 530013.886
4 17 195456303.187
4 18 37149426.950
4 19 179850853.995
4 20 356679733.824
4 21 51187472.515
4 22 47517729.852
5 0 486028613.545
5 1 207762506.044
5 2 85063044.544
5 3 57600973.164
5 4 25596769.007
5 6 52203563.804
5 7 396698453.612
5 8 36967597.804
5 9 269363255.483
5 10 101164931.483
5 11 48039919.637
5 12 154177547.374
5 13 348802157.405
5 14 2778338.473
5 15 89608130.524
5 16 4543015.473
5 17 136751377.834
5 18 37827175.515
5 19 144913181.440
5 20 389788890.133
5 21 305530368.860
5 22 78953401.627
6 0 356377547.883
6 1 386733194.815
6 2 59583518.489
6 3 22903078.577
6 4 47768311.156
6 5 37229680.875
6 7 70167582.887
6 8 85932615.725
6 9 111926917.710
6 10 475754419.934
6 11 174953716.538
6 12 501863081.762
6 13 391955188.402
6 14 3093433.746
6 15 101720094.849
6 16 1966613.905
6 17 174525569.974
6 18 18211950.157
6 19 222430296.387
6 20 258581672.259
6 21 307880373.266
6 22 79793714.544
7 0 1054292183.096
7 1 1219573442.667
7 2 338313402.115
7 3 401219677.686
7 4 70386793.780
7 5 70495406.547
7 6 421191383.319
7 8 483188142.512
7 9 607456526.666
7 10 2349548046.085
7 11 1250944133.649
7 12 3228922595.492
7 13 1350383461.610
7 14 16868422.050
7 15 2205668391.301
7 16 13549649.210
7 17 143651551.610
7 18 207176513.108
7 19 322024683.997
7 20 364040138.905
7 21 1853415014.010
7 22 377782067.213
8 0 185431885.548
8 1 85113444.164
8 2 38142553.214
8 3 60673782.693
8 4 30871310.346
8 5 57373485.781
8 6 15590935.905
8 7 244739787.542
8 9 389957477.867
8 10 385672667.564
8 11 82146838.977
8 12 660591774.457
8 13 204594692.341
8 14 2687236.822
8 15 493238861.701
8 16 2411528.987
8 17 38075717.201
8 18 19922938.250
8 19 199102022.280
8 20 232785699.758
8 21 116180339.349
8 22 52556257.412
9 0 3040353117.121
9 1 2454052150.605
9 2 317834806.057
9 3 153263317.514
9 4 169398700.149
9 5 112009254.338
9 6 260606783.171
9 7 567147146.784
9 8 125647725.180
9 10 2354955175.567
9 11 559392126.647
9 12 3701313042.503
9 13 1254707757.691
9 14 16115015.766
9 15 2129213141.833
9 16 10991320.102
9 17 507303499.336
9 18 348772058.279
9 19 1551720477.559
9 20 2539804093.875
9 21 1282221466.383
9 22 509619590.285
10 0 1513088404.274
10 1 1158583068.735
10 2 269099386.079
10 3 255286116.829
10 4 514937074.858
10 5 508308422.641
10 6 573601321.865
10 7 3519866474.950
10 8 140731702.651
10 9 2839917946.230
10 11 270002770.965
10 12 4210629204.649
10 13 1018308792.558
10 14 12863674.796
10 15 1427272344.312
10 16 4934096.364
10 17 573557665.278
10 18 237007682.612
10 19 1654960607.486
10 20 2559644008.250
10 21 1804569516.979
10 22 278934854.759
11 0 173821070.111
11 1 953465860.902
11 2 34511586.690
11 3 168930102.072
11 4 35815813.248
11 5 183019403.842
11 6 175335790.167
11 7 796865574.272
11 8 150908169.902
11 9 1362453986.272
11 10 1484720694.842
11 12 1832377568.936
11 13 1348940187.337
11 14 2855609.689
11 15 399535253.926
11 16 9585867.329
11 17 442321169.908
11 18 37229752.630
11 19 149280938.601
11 20 472728313.284
11 21 477626526.600
11 22 89657050.547
12 0 944639758.529
12 1 2620536943.897
12 2 115503470.631
12 3 531481286.728
12 4 387278047.246
12 5 712166767.214
12 6 522685125.924
12 7 395780906.603
12 8 711160010.621
12 9 4279404804.496
12 10 1521493243.008
12 11 241746573.450
12 13 4083315198.545
12 14 35651495.459
12 15 1799360829.350
12 16 7245872.668
12 17 1495042338.873
12 18 152543944.222
12 19 948015226.626
12 20 4048812942.728
12 21 1998373519.823
12 22 83725872.784
13 0 2161083766.495
13 1 1130557139.119
13 2 572661425.257
13 3 514357042.908
13 4 587446269.907
13 5 395278983.060
13 6 150409453.941
13 7 844582839.372
13 8 125868012.878
13 9 650056795.332
13 10 2046872721.637
13 11 376677134.520
13 12 1522490069.840
13 14 11334018.121
13 15 2589489401.174
13 16 21574414.217
13 17 1521578752.294
13 18 151609913.225
13 19 1639403664.987
13 20 1012960008.710
13 21 1689243684.898
13 22 102153229.210
14 0 11376234.051
14 1 5309235.061
14 2 3672859.864
14 3 2447453.647
14 4 4305659.574
14 5 2098461.322
14 6 648593.366
14 7 31536543.756
14 8 4985661.626
14 9 16565082.165
14 10 19705921.918
14 11 10051462.963
14 12 41623429.500
14 13 18185035.830
14 15 4188660.545
14 16 269256.298
14 17 4081328.885
14 18 2734161.392
14 19 13523663.510
14 20 5115044.397
14 21 8503132.563
14 22 1750422.567
15 0 2618117181.698
15 1 2385085050.593
15 2 393584227.514
15 3 331918861.665
15 4 170168957.959
15 5 542549803.228
15 6 361631009.782
15 7 2174054360.515
15 8 370458726.987
15 9 1082851972.340
15 10 3528851415.997
15 11 871821641.228
15 12 1187920827.434
15 13 3138302050.509
15 14 18504152.006
15 16 24421929.141
15 17 352472678.486
15 18 371695663.499
15 19 760715945.737
15 20 769760871.610
15 21 1608326840.200
15 22 198970432.748
16 0 28793930.484
16 1 22743433.088
16 2 5459622.931
16 3 2101560.975
16 4 2012181.176
16 5 2737077.949
16 6 4449321.585
16 7 4286086.880
16 8 3113785.333
16 9 21794955.715
16 10 3510500.885
16 11 8534230.214
16 12 37212231.957
16 13 32511545.946
16 14 44972.037
16 15 11646217.654
16 17 12079924.834
16 18 1948399.549
16 19 8258848.966
16 20 15048246.635
16 21 17670214.677
16 22 772626.490
17 0 234138223.557
17 1 771311647.159
17 2 254641238.462
17 3 110493049.781
17 4 225487325.233
17 5 22607330.042
17 6 240962392.233
17 7 547488221.938
17 8 22970166.981
17 9 903720741.484
17 10 1540409395.030
17 11 395710989.927
17 12 321305800.955
17 13 559410803.425
17 14 15063630.236
17 15 1462685839.000
17 16 9086212.264
17 18 52141681.342
17 19 109844112.423
17 20 1541902458.186
17 21 1146376214.734
17 22 109480742.776
18 0 105912351.621
18 1 204172221.641
18 2 55196460.387
18 3 21680195.299
18 4 13388782.888
18 5 36916285.866
18 6 11541540.787
18 7 171795578.159
18 8 35200579.237
18 9 266856087.215
18 10 239123833.902
18 11 15573257.360
18 12 300322821.378
18 13 130380409.536
18 14 1480416.717
18 15 178482871.672
18 16 2793250.690
18 17 80014186.258
18 19 114378631.043
18 20 257546569.465
18 21 89182852.842
18 22 50523645.071
19 0 1476003948.033
19 1 708843834.209
19 2 165497243.857
19 3 108497206.686
19 4 67261463.378
19 5 139183258.960
19 6 186061871.967
19 7 325373812.213
19 8 55304656.341
19 9 1242151962.722
19 10 1049671401.931
19 11 336057548.638
19 12 961025925.902
19 13 369778584.849
19 14 4394555.228
19 15 1094341465.315
19 16 2837323.874
19 17 583964999.066
19 18 115716617.647
19 20 1332242793.456
19 21 942811492.849
19 22 24070134.659
20 0 830290560.818
20 1 1414728573.997
20 2 172494458.685
20 3 64817042.732
20 4 369953090.187
20 5 262883974.456
20 6 578604454.481
20 7 2287951297.009
20 8 508718524.679
20 9 1843816517.521
20 10 3633524716.751
20 11 1492586016.030
20 12 1995548341.698
20 13 3570880722.267
20 14 4518773.278
20 15 2687519879.827
20 16 13959929.291
20 17 471987876.644
20 18 312843793.909
20 19 551525437.924
20 21 2685783167.055
20 22 500014921.227
21 0 956227082.791
21 1 1136460883.910
21 2 315726200.365
21 3 123777163.865
21 4 376078671.164
21 5 341931474.991
21 6 89916754.614
21 7 2160505421.264
21 8 173955956.214
21 9 402626934.557
21 10 1972686209.547
21 11 554152394.867
21 12 786740614.660
21 13 829132189.347
21 14 24014679.270
21 15 444939513.225
21 16 21209276.741
21 17 895326271.868
21 18 90674286.729
21 19 372421545.925
21 20 1880469741.690
21 22 161710052.081
22 0 361680924.624
22 1 154080659.080
22 2 52153598.796
22 3 48405808.997
22 4 26098347.661
22 5 15762916.173
22 6 70881235.636
22 7 261009938.246
22 8 68217038.990
22 9 80244497.410
22 10 151170954.109
22 11 116830061.975
22 12 720369408.288
22 13 576425580.005
22 14 2850206.202
22 15 73338565.231
22 16 4194434.251
22 17 201735269.151
22 18 31740768.681
22 19 163711072.398
22 20 638595707.115
22 21 341644293.172
