506
0 1 1668166732.566
0 2 65670035.694
0 3 490272305.203
0 4 357276456.421
0 5 111605894.116
0 6 376012471.786
0 7 2199139746.555
0 8 497953549.476
0 9 2638652374.686
0 10 1189190610.449
0 11 196583536.307
0 12 2227599913.982
0 13 2697655608.294
0 14 3364238.240
0 15 702447337.694
0 16 11503068.652
0 17 440610899.331
0 18 315198788.821
0 19 1162623701.663
0 20 1374912040.872
0 21 880205664.714
0 22 95072658.186
1 0 2163065711.941
1 2 187476867.876
1 3 62548647.503
1 4 310233691.197
1 5 374586295.352
1 6 62951888.498
1 7 1079893236.729
1 8 188767859.243
1 9 1924361072.267
1 10 2701148777.064
1 11 934151707.621
1 12 1105009021.307
1 13 1916324086.398
1 14 2847997.329
1 15 1363967149.254
1 16 11899969.959
1 17 813306330.786
1 18 62725577.936
1 19 898438364.536
1 20 1585063449.018
1 21 321962538.049
1 22 162211661.461
2 0 183331250.892
2 1 205024575.571
2 3 49684692.526
2 4 67448090.003
2 5 72414637.243
2 6 74205354.026
2 7 384981978.531
2 8 55705058.616
2 9 444269388.938
2 10 422559673.044
2 11 147992457.652
2 12 404076442.025
2 13 339289647.399
2 14 1865802.310
2 15 68332864.918
2 16 2679350.059
2 17 221785559.279
2 18 34381151.734
2 19 128030542.803
2 20 237209439.501
2 21 111300162.257
2 22 85766409.590
3 0 149269625.440
3 1 77195854.241
3 2 42158143.091
3 4 67519789.090
3 5 46514067.549
3 6 29257127.941
3 7 110036310.231
3 8 56267574.013
3 9 523699034.819
3 10 173583119.777
3 11 106757718.813
3 12 272357705.343
3 13 462705457.860
3 14 3927344.447
3 15 401343485.794
3 16 3895270.919
3 17 246573381.492
3 18 29073052.270
3 19 120720586.799
3 20 412885697.360
3 21 92292527.068
3 22 24547041.053
4 0 470874188.513
4 1 267284508.446
4 2 79192072.120
4 3 48539941.392
4 5 61792441.958
4 6 45739214.655
4 7 444232528.287
4 8 73478743.536
4 9 297059436.973
4 10 249719765.986
4 11 84091724.695
4 12 345759497.061
4 13 310014515.536
4 14 3531763.046
4 15 548797712.558
4 16 4691805.775
4 17 42949976.015
4 18 42784174.484
4 19 169523868.201
4 20 603451800.019
4 21 380573831.264
4 22 51235403.408
5 0 168905903.140
5 1 228962728.733
5 2 19942312.248
5 3 49891332.203
5 4 31368980.674
5 6 64623031.810
5 7 398253420.242
5 8 43230553.993
5 9 76623664.221
5 10 528913577.114
5 11 45830329.964
5 12 555685562.167
5 13 591634907.380
5 14 634878.734
5 15 313226235.780
5 16 3562830.396
5 17 68912347.535
5 18 47234333.779
5 19 257635829.809
5 20 351043248.139
5 21 336190731.935
5 22 34879201.289
6 0 222295334.032
6 1 251001624.492
6 2 65652120.037
6 3 24656666.560
6 4 73872513.242
6 5 48742999.682
6 7 293555440.510
6 8 70351608.532
6 9 116767050.935
6 10 423767850.021
6 11 189353073.957
6 12 702047193.436
6 13 126594710.500
6 14 5026898.379
6 15 236740431.558
6 16 4991859.925
6 17 102808689.701
6 18 47628525.130
6 19 200236768.015
6 20 564099475.296
6 21 233121492.095
6 22 85235677.909
7 0 3091950814.321
7 1 2148786051.824
7 2 216717385.714
7 3 188286667.850
7 4 250710471.245
7 5 109393135.892
7 6 181935408.020
7 8 507723667.292
7 9 444485915.411
7 10 1861843581.733
7 11 1261709310.371
7 12 4181410541.300
7 13 3775136610.787
7 14 20446176.038
7 15 580791144.255
7 16 2952938.366
7 17 456722732.849
7 18 180845942.774
7 19 1122249358.930
7 20 2585251286.693
7 21 785669666.913
7 22 493100495.142
8 0 193352650.371
8 1 55170055.004
8 2 69563158.738
8 3 52632037.615
8 4 78154404.301
8 5 58416433.318
8 6 66660476.000
8 7 445220203.924
8 9 143004293.688
8 10 211869326.292
8 11 198079822.357
8 12 467036011.975
8 13 615037456.928
8 14 1124073.166
8 15 85956456.143
8 16 5021032.367
8 17 172006733.712
8 18 21487453.058
8 19 139499988.520
8 20 118976215.978
8 21 104516692.179
8 22 27993365.889
9 0 1808158874.945
9 1 1938888359.646
9 2 385440080.637
9 3 467541429.209
9 4 105740917.454
9 5 433513519.583
9 6 313378254.662
9 7 2714288628.226
9 8 90984696.358
9 10 2533711355.661
9 11 410844117.764
9 12 3635823286.808
9 13 464442322.063
9 14 14441523.707
9 15 3909345343.709
9 16 14016892.453
9 17 1215275872.959
9 18 149900331.124
9 19 1185818266.583
9 20 742985691.817
9 21 417166651.522
9 22 347809506.117
10 0 2861525589.568
10 1 311833789.734
10 2 534374784.175
10 3 367837166.667
10 4 234496630.214
10 5 294278959.686
10 6 131019450.047
10 7 3551536351.099
10 8 471942832.061
10 9 2470895913.858
10 11 1534498426.150
10 12 2660375692.954
10 13 2373219111.387
10 14 33230273.244
10 15 835887935.633
10 16 22011984.751
10 17 1347253270.012
10 18 144905039.288
10 19 521209168.369
10 20 4291481791.040
10 21 1596499406.083
10 22 73765254.509
11 0 812943119.738
11 1 223585524.135
11 2 72853260.824
11 3 129793859.873
11 4 84084260.928
11 5 24736730.176
11 6 203188747.087
11 7 206996399.833
11 8 157940735.884
11 9 1190306186.552
11 10 595697067.942
11 12 453343328.109
11 13 1561673920.970
11 14 6446125.586
11 15 132850547.379
11 16 4545546.950
11 17 184227203.871
11 18 92938637.554
11 19 292962186.337
11 20 315568896.743
11 21 806315232.598
11 22 97461315.519
12 0 3774248461.894
12 1 1464466311.128
12 2 394309452.516
12 3 250527117.161
12 4 281126532.265
12 5 126633643.846
12 6 105863686.672
12 7 2707737505.415
12 8 567423680.444
12 9 821832946.944
12 10 2667786017.000
12 11 1237051776.828
12 13 2513565434.173
12 14 7481420.723
12 15 516106774.309
12 16 7787659.156
12 17 263544806.554
12 18 162360574.357
12 19 1567357954.850
12 20 1911311528.919
12 21 1405603234.137
12 22 341123802.833
13 0 2571248541.596
13 1 354407859.386
13 2 570108045.488
13 3 349126493.282
13 4 224426957.163
13 5 456824868.248
13 6 634707603.476
13 7 3746398464.818
13 8 634945685.037
13 9 1335912187.188
13 10 3303027583.155
13 11 649805815.220
13 12 4670320684.094
13 14 15002730.096
13 15 2628916452.295
13 16 23865312.558
13 17 677452883.415
13 18 305118855.535
13 19 1763465708.167
13 20 2896556517.580
13 21 2061068102.089
13 22 350061956.210
14 0 24062512.555
14 1 11411077.517
14 2 2813687.894
14 3 2136505.324
14 4 1648411.205
14 5 983796.994
14 6 2284857.159
14 7 2916771.958
14 8 2324901.627
14 9 12951252.220
14 10 18895285.145
14 11 5179923.509
14 12 13093054.121
14 13 4275798.826
14 15 24924182.597
14 16 122994.501
14 17 12624584.230
14 18 2043320.908
14 19 11478354.080
14 20 32559503.652
14 21 9234821.426
14 22 5071947.373
15 0 3253100763.400
15 1 1208036807.605
15 2 597228901.974
15 3 172691509.241
15 4 447352059.014
15 5 210548330.892
15 6 325560347.610
15 7 776545588.850
15 8 185286412.430
15 9 1938347308.531
15 10 2449215239.028
15 11 188164145.833
15 12 4447792352.795
15 13 1748329306.520
15 14 29773688.684
15 16 15838379.973
15 17 225105308.513
15 18 113940525.692
15 19 1266030239.335
15 20 1345724745.168
15 21 2679331748.590
15 22 387466707.206
16 0 20322997.775
16 1 18553534.285
16 2 4657602.417
16 3 3068062.618
16 4 3483960.329
16 5 784017.097
16 6 1128662.980
16 7 11039327.128
16 8 1238961.799
16 9 30522572.471
16 10 16984448.365
16 11 11197112.771
16 12 20677703.411
16 13 22727896.405
16 14 56905.731
16 15 3942478.532
16 17 15925601.560
16 18 3290998.942
16 19 5084786.831
16 20 10540421.871
16 21 22999476.740
16 22 1400759.897
17 0 1470574554.609
17 1 434211355.400
17 2 130153652.920
17 3 150196381.698
17 4 257321777.259
17 5 194879570.607
17 6 135344024.801
17 7 1121058947.956
17 8 218111846.508
17 9 594602357.550
17 10 968280201.844
17 11 571776802.967
17 12 323226080.828
17 13 307090634.627
17 14 1392915.222
17 15 639983898.820
17 16 13566445.457
17 18 94149632.946
17 19 365247095.480
17 20 294320561.787
17 21 920105694.263
17 22 254809832.677
18 0 234479837.179
18 1 144864359.362
18 2 7607886.265
18 3 25466772.449
18 4 23381036.941
18 5 46479178.949
18 6 13794870.521
18 7 82507067.791
18 8 34599916.337
18 9 37626281.095
18 10 336565601.041
18 11 16562276.983
18 12 80513580.313
18 13 267445861.186
18 14 2337532.931
18 15 259589119.373
18 16 2862703.361
18 17 66344594.335
18 19 78884171.475
18 20 253288303.723
18 21 228763381.778
18 22 36050576.262
19 0 901221111.582
19 1 261744357.165
19 2 265771646.162
19 3 52437376.738
19 4 67304877.182
19 5 229129255.250
19 6 81237239.777
19 7 1514686002.876
19 8 182502810.400
19 9 423360042.984
19 10 1573047389.068
19 11 460031179.020
19 12 531662662.833
19 13 1496221678.183
19 14 4568777.458
19 15 606727364.593
19 16 4658075.168
19 17 591364534.815
19 18 153482322.596
19 20 1482893244.428
19 21 894272238.062
19 22 188630487.126
20 0 575771782.009
20 1 624611136.574
20 2 594221754.448
20 3 372733200.938
20 4 338222961.147
20 5 154769225.173
20 6 397195235.670
20 7 3164575009.061
20 8 464604607.823
20 9 2364437535.702
20 10 4581339361.884
20 11 1527313425.899
20 12 1346113843.284
20 13 3964321633.440
20 14 32798085.305
20 15 3747915699.114
20 16 16899966.358
20 17 1739806482.019
20 18 205618771.684
20 19 1567757793.343
20 21 624127770.019
20 22 611103751.945
21 0 2204936952.196
21 1 1303003117.804
21 2 297557261.112
21 3 96321300.836
21 4 72968716.268
21 5 296131411.185
21 6 274252914.707
21 7 1911831883.419
21 8 287982898.616
21 9 1503975785.373
21 10 2604959309.790
21 11 391651514.837
21 12 549550027.216
21 13 1357387858.839
21 14 3116680.598
21 15 2241131272.652
21 16 3620395.296
21 17 200821789.073
21 18 28451822.135
21 19 581634534.856
21 20 465842965.765
21 22 94096223.863
22 0 331263962.884
22 1 159930464.622
22 2 48727347.833
22 3 61592254.918
22 4 40255646.484
22 5 80252285.621
22 6 64499364.521
22 7 92345137.073
22 8 58833488.751
22 9 62335884.102
22 10 146129123.236
22 11 104009409.927
22 12 120273241.470
22 13 474933458.844
22 14 1505834.322
22 15 275443876.033
22 16 1783683.124
22 17 226827167.295
22 18 39719947.279
22 19 111513690.632
22 20 589105928.730
22 21 223062079.368
