506
0 1 315822181.464
0 2 76441695.486
0 3 101007754.323
0 4 451638097.710
0 5 459961351.772
0 6 138783892.761
0 7 2024962672.227
0 8 271098536.763
0 9 1341093383.632
0 10 2559375619.475
0 11 214727583.592
0 12 803962067.205
0 13 1938459451.035
0 14 10064214.164
0 15 311832246.497
0 16 18126159.677
0 17 1192644924.834
0 18 269702669.059
0 19 645441824.213
0 20 542721940.778
0 21 2073143100.089
0 22 285954660.648
1 0 2064740802.165
1 2 306067130.672
1 3 109900888.943
1 4 335456139.751
1 5 262621582.223
1 6 219788187.512
1 7 822448208.426
1 8 232946163.612
1 9 2354620093.530
1 10 2032252568.521
1 11 644259024.273
1 12 882171348.995
1 13 2301345472.528
1 14 20172668.300
1 15 437876103.820
1 16 18729376.004
1 17 96351978.342
1 18 94314370.747
1 19 154806255.236
1 20 895225630.192
1 21 407689327.097
1 22 180475378.346
2 0 506158250.472
2 1 159372101.095
2 3 86402064.364
2 4 64541721.613
2 5 64871441.165
2 6 68694765.858
2 7 168231923.984
2 8 18283203.786
2 9 489854301.284
2 10 417977232.542
2 11 158410680.257
2 12 405497919.489
2 13 561979483.789
2 14 3149480.780
2 15 397762630.422
2 16 5100674.873
2 17 253737429.871
2 18 47845158.885
2 19 232233456.350
2 20 450824621.424
2 21 279709953.332
2 22 10745451.138
3 0 309457459.766
3 1 254134434.023
3 2 73290785.022
3 4 40586364.045
3 5 43887914.889
3 6 71797466.167
3 7 340720766.568
3 8 23871066.386
3 9 124389821.114
3 10 132136636.134
3 11 173768196.744
3 12 355281737.047
3 13 369081302.299
3 14 511567.882
3 15 301880047.516
3 16 568310.204
3 17 91660475.239
3 18 51660923.930
3 19 118313353.356
3 20 613980030.015
3 21 364385191.618
3 22 85524644.498
4 0 489828872.210
4 1 176149138.828
4 2 8740049.074
4 3 37729669.708
4 5 54744895.246
4 6 59754613.197
4 7 121975812.958
4 8 37307889.455
4 9 233081778.381
4 10 523468229.468
4 11 107928890.519
4 12 373282922.367
4 13 75487281.392
4 14 3145399.042
4 15 208088781.687
4 16 2516391.715
4 17 37193833.465
4 18 6662953.352
4 19 173082834.038
4 20 394226066.165
4 21 134675176.325
4 22 46876378.526
5 0 346692395.440
5 1 81931291.714
5 2 9001477.656
5 3 62174821.011
5 4 83317312.993
5 6 17793022.334
5 7 398778509.929
5 8 14662757.077
5 9 486440211.170
5 10 272944627.351
5 11 137719566.980
5 12 285009615.092
5 13 158058956.854
5 14 3774103.900
5 15 425922926.154
5 16 3478751.940
5 17 74250590.834
5 18 50179558.203
5 19 86430279.642
5 20 564249266.952
5 21 321057110.702
5 22 46894739.796
6 0 321954221.712
6 1 253817056.594
6 2 65060777.874
6 3 37408235.557
6 4 32472515.709
6 5 31683002.093
6 7 139417073.026
6 8 32050628.596
6 9 451061839.608
6 10 446967682.136
6 11 107666613.675
6 12 624309353.064
6 13 367571647.833
6 14 2176938.973
6 15 70639318.526
6 16 4691900.366
6 17 202912367.790
6 18 32282595.778
6 19 73085810.756
6 20 246481257.406
6 21 165942198.991
6 22 29146179.095
7 0 2080362559.078
7 1 249433822.573
7 2 382788521.800
7 3 509698526.153
7 4 251344938.096
7 5 103464178.388
7 6 86543448.900
7 8 412714604.915
7 9 1616833045.760
7 10 3017319158.888
7 11 466266209.628
7 12 2815994156.483
7 13 3315672808.793
7 14 8771906.644
7 15 1829255461.684
7 16 27912224.733
7 17 585550289.822
7 18 196231264.197
7 19 319023922.361
7 20 1313931422.839
7 21 397327985.141
7 22 104440454.283
8 0 393362970.844
8 1 353559563.754
8 2 29698170.543
8 3 27179767.068
8 4 83562439.653
8 5 51230440.453
8 6 73612229.927
8 7 203501635.720
8 9 540390687.972
8 10 116889882.551
8 11 186231333.471
8 12 136237101.308
8 13 525069568.438
8 14 3493125.431
8 15 258095723.844
8 16 742663.055
8 17 205115638.454
8 18 20910669.806
8 19 50289294.963
8 20 237481431.592
8 21 341197987.684
8 22 39063385.180
9 0 2949441022.174
9 1 1370873257.695
9 2 48726635.157
9 3 365723467.508
9 4 345837900.206
9 5 389476883.814
9 6 541443498.999
9 7 655889233.089
9 8 274215595.372
9 10 2026217649.273
9 11 1005997889.637
9 12 2055923616.106
9 13 3889972806.617
9 14 3328620.389
9 15 2943676286.459
9 16 19955698.421
9 17 322193131.956
9 18 238369483.361
9 19 290481196.181
9 20 2958361832.576
9 21 2180969783.175
9 22 65308270.231
10 0 606481417.213
10 1 414897279.947
10 2 154578926.467
10 3 144514843.038
10 4 315669716.869
10 5 92289437.397
10 6 106699226.548
10 7 3556213834.799
10 8 165355098.413
10 9 3673479777.133
10 11 290411952.601
10 12 3763160473.855
10 13 3747736553.691
10 14 9628921.479
10 15 2013409141.396
10 16 30946383.680
10 17 1158850761.683
10 18 370169456.464
10 19 336300314.027
10 20 4142752671.072
10 21 253643849.823
10 22 406917167.799
11 0 807834634.928
11 1 81436060.049
11 2 175603428.247
11 3 182375935.248
11 4 153621352.533
11 5 33083659.442
11 6 208440157.043
11 7 616984370.782
11 8 195077979.698
11 9 294595679.720
11 10 254032228.586
11 12 1436025930.564
11 13 447918974.866
11 14 5488516.357
11 15 1499355031.911
11 16 12203012.979
11 17 498304749.015
11 18 11492702.201
11 19 186455229.952
11 20 280688261.041
11 21 570815989.221
11 22 99542246.599
12 0 2800375662.685
12 1 363804744.619
12 2 291837175.116
12 3 561270912.411
12 4 720066233.183
12 5 287542695.042
12 6 733119024.289
12 7 527080353.450
12 8 538959529.767
12 9 4199894870.324
12 10 1019685885.376
12 11 1143417298.040
12 13 2044535627.575
12 14 34818537.121
12 15 5107434930.522
12 16 7399474.591
12 17 1245218749.187
12 18 225358736.770
12 19 487287830.510
12 20 615994423.367
12 21 1375044375.868
12 22 493091824.003
13 0 879649731.023
13 1 2467750413.426
13 2 124869296.064
13 3 104730245.932
13 4 360399875.928
13 5 513257895.055
13 6 341836534.333
13 7 726913503.171
13 8 152371920.732
13 9 1361588637.272
13 10 434767471.404
13 11 330588045.577
13 12 4968246835.608
13 14 18890104.512
13 15 4277054887.568
13 16 30643411.039
13 17 1325077024.649
13 18 272591699.534
13 19 1829020761.365
13 20 3577893542.052
13 21 1351494565.074
13 22 329939714.022
14 0 9616756.581
14 1 5339638.864
14 2 2307217.635
14 3 2417701.171
14 4 2227358.066
14 5 2002525.413
14 6 1128144.348
14 7 12423079.433
14 8 2068713.075
14 9 23093759.402
14 10 37921203.376
14 11 6707067.669
14 12 30906452.406
14 13 24473544.996
14 15 9989212.935
14 16 196226.754
14 17 6186581.508
14 18 2392736.903
14 19 10375434.427
14 20 31020654.798
14 21 2358708.455
14 22 460077.999
15 0 3602858473.631
15 1 1952149009.465
15 2 165952592.702
15 3 314180168.439
15 4 222040496.563
15 5 563188994.463
15 6 506624646.407
15 7 3205706043.850
15 8 464750716.527
15 9 675953988.743
15 10 543242894.811
15 11 313411175.339
15 12 1819806987.645
15 13 952243224.537
15 14 19081079.365
15 16 23526246.924
15 17 1773617527.173
15 18 199426267.360
15 19 635787210.133
15 20 4426975426.021
15 21 293873394.368
15 22 462552864.744
16 0 31964050.181
16 1 17007498.806
16 2 1207432.491
16 3 1168662.629
16 4 3328236.213
16 5 1633026.959
16 6 4034151.510
16 7 17958481.826
16 8 574116.107
16 9 24799163.279
16 10 32687330.660
16 11 7336969.625
16 12 39933832.726
16 13 33706772.413
16 14 138543.230
16 15 29327410.115
16 17 12783540.542
16 18 2081244.703
16 19 14476007.643
16 20 17952858.344
16 21 2783630.401
16 22 4663298.137
17 0 1087769883.351
17 1 1077207145.064
17 2 241734880.000
17 3 144572897.330
17 4 133448940.261
17 5 247220124.079
17 6 42256820.132
17 7 191223282.896
17 8 234171749.095
17 9 620801591.422
17 10 872850819.247
17 11 108589147.916
17 12 1590408210.361
17 13 516784741.885
17 14 7278834.967
17 15 1717347188.471
17 16 12492308.014
17 18 143037433.679
17 19 344467355.226
17 20 1269225332.232
17 21 282945688.497
17 22 227996847.355
18 0 124425664.028
18 1 78155289.792
18 2 35620197.764
18 3 28149373.117
18 4 50039857.574
18 5 9979649.077
18 6 36441647.567
18 7 181776848.714
18 8 45952173.783
18 9 34939588.996
18 10 364757315.965
18 11 84175380.084
18 12 386242628.748
18 13 366797095.335
18 14 1629379.457
18 15 360847802.642
18 16 3263285.789
18 17 138786091.597
18 19 46508666.024
18 20 293254686.554
18 21 134303578.683
18 22 47484506.846
19 0 1077970605.491
19 1 130516052.902
19 2 109661389.844
19 3 73993440.098
19 4 69675618.580
19 5 92977033.915
19 6 52616484.244
19 7 599779217.374
19 8 87780308.141
19 9 1152345899.282
19 10 606816995.672
19 11 347150860.101
19 12 2018308514.596
19 13 1775706645.782
19 14 9820460.356
19 15 1444035995.540
19 16 12001363.358
19 17 82845633.200
19 18 72315192.207
19 20 1331748309.612
19 21 789444683.219
19 22 22986330.936
20 0 1896720113.260
20 1 2080632436.211
20 2 115173320.210
20 3 216340994.781
20 4 608745111.165
20 5 458618466.199
20 6 242692833.889
20 7 1207916643.173
20 8 146526399.372
20 9 3524882929.401
20 10 386583645.348
20 11 873314241.816
20 12 2098818800.196
20 13 2437776390.680
20 14 21871876.847
20 15 3080061332.827
20 16 27423465.809
20 17 1394135107.450
20 18 144950498.004
20 19 1932105303.317
20 21 889263867.903
20 22 284038607.436
21 0 374561674.051
21 1 263429783.262
21 2 157518919.696
21 3 311353164.686
21 4 271179152.384
21 5 63458509.160
21 6 225567428.451
21 7 1232232354.494
21 8 246887248.707
21 9 1580380991.707
21 10 2614865283.862
21 11 891301666.758
21 12 1536380970.700
21 13 1031698738.239
21 14 12618342.958
21 15 1667935660.294
21 16 4275178.411
21 17 384275979.524
21 18 69490046.544
21 19 373379005.913
21 20 1070951058.456
21 22 71449663.556
22 0 396272355.965
22 1 121254253.027
22 2 53569380.292
22 3 39913687.892
22 4 27026931.501
22 5 29784388.054
22 6 59589947.146
22 7 458203732.893
22 8 57128056.655
22 9 230673539.955
22 10 423142358.420
22 11 145670007.035
22 12 147608059.252
22 13 424846921.127
22 14 4722671.070
22 15 74911932.158
22 16 5021564.630
22 17 218262663.522
22 18 16351551.492
22 19 104061926.861
22 20 313125550.715
22 21 95260052.489
