506
0 1 777829217.159
0 2 395505851.734
0 3 285137497.474
0 4 115135356.581
0 5 49719659.612
0 6 463274110.738
0 7 562336805.360
0 8 473461094.052
0 9 1038143645.450
0 10 1805657158.866
0 11 573871895.935
0 12 2203228049.469
0 13 2396702022.102
0 14 26897961.366
0 15 2011024032.169
0 16 28425545.002
0 17 302852419.009
0 18 205843498.850
0 19 1539597567.865
0 20 1350792914.414
0 21 1143591968.427
0 22 69040079.069
1 0 2135629350.519
1 2 370064166.748
1 3 208147174.442
1 4 182676502.941
1 5 236590092.424
1 6 339437178.608
1 7 963291059.985
1 8 337605804.217
1 9 2168430289.283
1 10 1319317932.230
1 11 143416904.027
1 12 2448831459.454
1 13 2689347344.204
1 14 19854556.686
1 15 515242090.596
1 16 23439495.360
1 17 1026437489.029
1 18 93577141.000
1 19 997475867.797
1 20 2065424386.568
1 21 1095331892.666
1 22 34955716.457
2 0 436943990.899
2 1 162553307.481
2 3 63805611.442
2 4 81465853.652
2 5 47383867.047
2 6 66117208.919
2 7 433307649.699
2 8 31738100.220
2 9 422205966.350
2 10 165620447.791
2 11 220459715.277
2 12 623315033.817
2 13 401992861.052
2 14 4612756.129
2 15 586978860.553
2 16 4985075.766
2 17 72643116.508
2 18 39372962.051
2 19 189670052.532
2 20 563378344.926
2 21 353906747.133
2 22 62151347.365
3 0 308049721.460
3 1 288632432.524
3 2 7886235.122
3 4 62023904.881
3 5 74071416.428
3 6 59979950.502
3 7 107294271.192
3 8 55225244.313
3 9 255790741.082
3 10 376451415.214
3 11 174436296.455
3 12 605182048.160
3 13 460885634.059
3 14 2461547.678
3 15 528745684.177
3 16 1718612.417
3 17 67577664.009
3 18 23049126.464
3 19 157326304.360
3 20 132525262.482
3 21 47061274.594
3 22 16237042.790
4 0 390875262.147
4 1 216719242.851
4 2 76112696.530
4 3 67737921.516
4 5 81277960.102
4 6 46359568.923
4 7 357302662.511
4 8 53321085.544
4 9 307770397.146
4 10 255539657.467
4 11 187406879.170
4 12 99005031.104
4 13 192318626.365
4 14 523534.061
4 15 114582160.833
4 16 2104936.848
4 17 215832637.936
4 18 5461022.732
4 19 161400891.539
4 20 274857064.767
4 21 211400663.182
4 22 66799421.381
5 0 254598482.257
5 1 123518221.374
5 2 73103463.873
5 3 41088141.006
5 4 19114776.903
5 6 64401403.316
5 7 167718994.413
5 8 56980593.344
5 9 354415229.303
5 10 173844641.523
5 11 77396141.543
5 12 400932900.406
5 13 360684087.252
5 14 3716273.476
5 15 115949557.662
5 16 2895015.830
5 17 29759710.052
5 18 52223865.359
5 19 175878765.861
5 20 632486956.530
5 21 275654623.401
5 22 79344508.489
6 0 220383180.732
6 1 305860908.914
6 2 13604840.832
6 3 14219409.571
6 4 34087925.419
6 5 18399893.752
6 7 163169779.753
6 8 78015878.582
6 9 146228260.439
6 10 486720474.979
6 11 140720515.116
6 12 190005130.499
6 13 604577012.623
6 14 1814762.028
6 15 174446586.512
6 16 2302557.768
6 17 63268453.718
6 18 33694596.964
6 19 236420661.322
6 20 302269823.475
6 21 71464516.688
6 22 82404101.437
7 0 830571205.126
7 1 1992077385.276
7 2 319320177.008
7 3 491892645.028
7 4 474899585.942
7 5 415889502.570
7 6 186772706.745
7 8 406553959.708
7 9 3158053351.393
7 10 1542064174.767
7 11 1124809205.158
7 12 3820580340.433
7 13 2203572384.521
7 14 16815945.148
7 15 1482960383.546
7 16 3520495.380
7 17 821331373.722
7 18 146544785.261
7 19 508944558.512
7 20 696241468.335
7 21 718164465.259
7 22 368688590.588
8 0 422431711.166
8 1 277613553.244
8 2 86069309.937
8 3 34318115.897
8 4 64486143.579
8 5 45869665.250
8 6 76835806.163
8 7 189309098.914
8 9 346313215.121
8 10 494132381.803
8 11 127975174.469
8 12 225477235.258
8 13 359866353.979
8 14 3474362.720
8 15 363702224.589
8 16 3658453.060
8 17 71272941.490
8 18 48282189.176
8 19 107487330.320
8 20 68897673.224
8 21 135595949.558
8 22 80924087.698
9 0 3067113150.731
9 1 287331254.898
9 2 516463019.930
9 3 415096493.344
9 4 286577795.297
9 5 235152092.815
9 6 263345509.174
9 7 2824142977.045
9 8 535961390.569
9 10 3165716287.637
9 11 1290273071.458
9 12 2345457989.439
9 13 2708805833.926
9 14 18559209.649
9 15 722192741.613
9 16 18144784.987
9 17 585743102.259
9 18 316527569.884
9 19 1163201488.370
9 20 2724634464.303
9 21 1648786952.527
9 22 387198414.079
10 0 2850316790.392
10 1 861969184.524
10 2 457595575.009
10 3 217085381.520
10 4 189694094.033
10 5 518040767.707
10 6 204520552.759
10 7 3609655452.123
10 8 118558730.295
10 9 2675108200.680
10 11 519302394.513
10 12 5022614971.014
10 13 3796061914.271
10 14 3925894.710
10 15 3201496076.567
10 16 22299728.057
10 17 1689649035.451
10 18 104713268.265
10 19 567943035.422
10 20 614316175.510
10 21 999303320.819
10 22 292599041.038
11 0 803077002.311
11 1 608011331.571
11 2 214310537.065
11 3 70385373.296
11 4 210421843.667
11 5 80877528.971
11 6 212687126.641
11 7 334491775.015
11 8 29211744.857
11 9 1007440520.251
11 10 1382115066.468
11 12 1429696123.568
11 13 713050657.749
11 14 3855921.937
11 15 272299318.676
11 16 4741671.927
11 17 397576607.608
11 18 121842016.795
11 19 508821595.401
11 20 1369098693.688
11 21 901916150.334
11 22 38297822.485
12 0 3672421532.569
12 1 1558685828.520
12 2 288939199.631
12 3 260728856.824
12 4 254381844.003
12 5 723649567.458
12 6 733297961.054
12 7 2969644060.898
12 8 213452560.899
12 9 2746973930.053
12 10 2891117367.593
12 11 648440626.940
12 13 559085826.388
12 14 37484305.029
12 15 3191306437.016
12 16 36494326.392
12 17 1554329395.686
12 18 236496134.293
12 19 1143880657.334
12 20 1748993945.807
12 21 2664177278.394
12 22 657576507.279
13 0 3548780111.643
13 1 2012253490.849
13 2 230357196.307
13 3 332699125.026
13 4 414185046.948
13 5 283971877.345
13 6 555746806.057
13 7 2249073970.032
13 8 118519679.967
13 9 4184173303.457
13 10 1225593486.887
13 11 1522882460.275
13 12 4492321594.348
13 14 21662612.248
13 15 2792624472.039
13 16 32390097.477
13 17 956373062.954
13 18 318509264.530
13 19 1656950811.017
13 20 3555047596.012
13 21 836440191.124
13 22 499543234.810
14 0 11563094.656
14 1 19704863.145
14 2 2590205.049
14 3 3116495.903
14 4 1278327.472
14 5 2783237.325
14 6 4286679.204
14 7 26909639.475
14 8 3757615.841
14 9 14688190.815
14 10 10616577.568
14 11 4382687.881
14 12 10816911.821
14 13 29535995.606
14 15 29036740.154
14 16 225236.015
14 17 8553332.709
14 18 2900360.165
14 19 6773658.833
14 20 39578038.589
14 21 3088421.106
14 22 1268608.555
15 0 352018782.649
15 1 1428285958.757
15 2 405276898.683
15 3 594203285.795
15 4 559023369.874
15 5 129708024.849
15 6 447636821.094
15 7 322745098.291
15 8 451500763.955
15 9 1678886467.858
15 10 3308017281.540
15 11 1367118979.468
15 12 4223848793.247
15 13 3703303166.457
15 14 22252442.692
15 16 30014204.631
15 17 274226105.375
15 18 153308376.593
15 19 598462007.117
15 20 2158902092.475
15 21 1262713618.852
15 22 125237086.816
16 0 29478872.815
16 1 17350958.447
16 2 2411288.934
16 3 2653214.959
16 4 3722887.596
16 5 3877906.090
16 6 2490167.823
16 7 31789235.648
16 8 1742321.206
16 9 3801446.672
16 10 7679375.832
16 11 8446761.388
16 12 34093780.728
16 13 35812110.297
16 14 210462.123
16 15 10957246.274
16 17 15187121.402
16 18 609654.006
16 19 2521886.420
16 20 13837033.437
16 21 11404404.631
16 22 1428112.354
17 0 1333856261.164
17 1 581900022.546
17 2 161580616.756
17 3 86636997.344
17 4 47746529.509
17 5 175889574.902
17 6 97934913.048
17 7 634620627.987
17 8 191915017.246
17 9 774419488.869
17 10 876520303.565
17 11 402567854.989
17 12 1172557648.057
17 13 205472940.915
17 14 14183182.544
17 15 217790318.592
17 16 15237676.025
17 18 103726774.156
17 19 357527828.897
17 20 273016174.452
17 21 872846368.262
17 22 64139987.795
18 0 85040850.656
18 1 60742201.807
18 2 11083538.137
18 3 47269769.168
18 4 40395489.195
18 5 39056315.425
18 6 6353108.124
18 7 58361568.264
18 8 50003516.744
18 9 138847808.167
18 10 52705500.978
18 11 21517270.144
18 12 316580982.134
18 13 89549840.714
18 14 1677391.815
18 15 89501568.597
18 16 3208300.841
18 17 77223483.421
18 19 144094733.533
18 20 213548582.716
18 21 242963276.459
18 22 36674574.359
19 0 504730602.193
19 1 853700762.152
19 2 38595268.857
19 3 150280677.486
19 4 48582237.243
19 5 139529434.796
19 6 140704213.260
19 7 128277812.791
19 8 250109437.224
19 9 1136497391.094
19 10 329263598.326
19 11 369701241.677
19 12 1978606221.071
19 13 1801835192.295
19 14 9729352.383
19 15 817574639.763
19 16 10886344.896
19 17 185347716.539
19 18 47662502.808
19 20 966838941.782
19 21 284083015.996
19 22 126729714.004
20 0 2320194652.816
20 1 1059243051.530
20 2 574207081.671
20 3 593797761.176
20 4 242992959.486
20 5 80876993.005
20 6 477911207.791
20 7 1316842847.265
20 8 524653845.552
20 9 4163794196.754
20 10 4067912068.653
20 11 312773201.610
20 12 2568737170.120
20 13 2189631838.242
20 14 35114486.061
20 15 3655050965.336
20 16 9525735.577
20 17 594309816.333
20 18 97416109.608
20 19 1142593692.445
20 21 1885215452.959
20 22 434321452.822
21 0 1843444188.192
21 1 1665514348.217
21 2 128638719.447
21 3 344237964.180
21 4 59576790.527
21 5 319028812.182
21 6 208266045.319
21 7 1337296387.810
21 8 227894148.077
21 9 815080302.871
21 10 1818309483.911
21 11 698583412.740
21 12 1993525396.721
21 13 2794276441.703
21 14 8971377.008
21 15 2463937928.527
21 16 13762641.568
21 17 482577982.652
21 18 72100217.003
21 19 119051313.858
21 20 480762202.906
21 22 41317255.720
22 0 476696132.234
22 1 299150988.063
22 2 33742728.755
22 3 14322619.719
22 4 32614833.298
22 5 50310728.105
22 6 29135382.612
22 7 334559824.108
22 8 33441196.698
22 9 439227762.582
22 10 82037234.933
22 11 94258555.837
22 12 732655372.905
22 13 287325930.851
22 14 489139.232
22 15 269845340.353
22 16 5356723.084
22 17 98346594.925
22 18 13912165.289
22 19 137776946.452
22 20 547810484.348
22 21 197883940.712
