506
0 1 670520925.730
0 2 515106690.796
0 3 295352807.256
0 4 109742695.627
0 5 159354485.139
0 6 453592616.900
0 7 2570219147.156
0 8 270128973.176
0 9 2494585066.553
0 10 2797524132.453
0 11 822175515.893
0 12 2882054118.829
0 13 1362359300.100
0 14 30013930.480
0 15 1241393548.043
0 16 22163841.233
0 17 1058201104.444
0 18 141223480.997
0 19 288299655.341
0 20 2701038169.678
0 21 1584576441.107
0 22 296935794.777
1 0 1373420232.913
1 2 133142076.972
1 3 306343835.550
1 4 219218962.688
1 5 288863507.008
1 6 106890992.792
1 7 2001581683.954
1 8 232870459.070
1 9 1395159231.908
1 10 233307504.129
1 11 673639892.428
1 12 1549403198.579
1 13 608815964.005
1 14 14948421.290
1 15 1197860431.643
1 16 21759251.251
1 17 130574470.969
1 18 185124584.763
1 19 1012640900.410
1 20 1572746745.199
1 21 1094655038.839
1 22 200679978.079
2 0 360188484.472
2 1 399135133.728
2 3 51318251.752
2 4 62449292.229
2 5 60024328.562
2 6 65719658.057
2 7 376701499.885
2 8 82522697.368
2 9 86531786.409
2 10 494567967.483
2 11 96616724.464
2 12 225292894.632
2 13 512214421.211
2 14 1418414.165
2 15 598908979.364
2 16 1497597.533
2 17 101245352.009
2 18 9297125.628
2 19 81960286.324
2 20 153541036.905
2 21 237119174.007
2 22 22893977.361
3 0 363598416.102
3 1 166434090.331
3 2 11775893.381
3 4 56422243.121
3 5 33598890.243
3 6 20510394.265
3 7 97122049.420
3 8 23894050.729
3 9 304500880.318
3 10 280112455.151
3 11 166575430.912
3 12 478747673.618
3 13 330997740.759
3 14 3260023.995
3 15 561189312.276
3 16 2013673.526
3 17 66753030.494
3 18 45078706.532
3 19 101462403.219
3 20 148915609.273
3 21 341567293.192
3 22 60608275.031
4 0 327199692.486
4 1 38002389.582
4 2 30043871.567
4 3 71854250.136
4 5 8633627.321
4 6 48852513.857
4 7 462677455.498
4 8 33302808.031
4 9 129177853.889
4 10 230723415.188
4 11 106462399.418
4 12 350807841.370
4 13 152148726.219
4 14 914071.738
4 15 425615135.477
4 16 2609424.707
4 17 119181953.527
4 18 40922591.240
4 19 117260839.488
4 20 249681614.726
4 21 198634210.494
4 22 78199627.940
5 0 499962313.794
5 1 211941490.674
5 2 84835048.374
5 3 44117915.246
5 4 34994098.347
5 6 58825088.108
5 7 503915579.821
5 8 53047872.337
5 9 164381981.300
5 10 277168014.134
5 11 127009809.923
5 12 669942650.556
5 13 368387391.750
5 14 3585945.695
5 15 357341433.139
5 16 4350414.365
5 17 42297958.742
5 18 16804503.969
5 19 67016540.331
5 20 122414658.391
5 21 72413739.625
5 22 50133491.488
6 0 447112020.726
6 1 111811839.499
6 2 76830113.163
6 3 8871006.760
6 4 40041570.615
6 5 26517167.126
6 7 207619260.713
6 8 59828103.733
6 9 558383343.551
6 10 336591992.313
6 11 150752961.460
6 12 514011280.641
6 13 321280835.091
6 14 1450902.412
6 15 596471288.321
6 16 1490188.609
6 17 160531183.728
6 18 46003846.970
6 19 37377105.843
6 20 497278065.590
6 21 41885334.464
6 22 48981170.117
7 0 938086736.412
7 1 849771415.325
7 2 519980790.314
7 3 474827350.601
7 4 200422079.755
7 5 359629926.114
7 6 254674614.675
7 8 157584077.725
7 9 1566011883.596
7 10 595929419.952
7 11 925469311.621
7 12 2772307444.994
7 13 3399914446.942
7 14 8703285.615
7 15 332196647.543
7 16 16423596.529
7 17 680968252.510
7 18 86722198.318
7 19 317486075.945
7 20 2803733687.232
7 21 1349640800.171
7 22 301298534.085
8 0 54363317.609
8 1 191103208.400
8 2 7325400.755
8 3 22366137.614
8 4 32547203.841
8 5 70037731.755
8 6 72075442.794
8 7 336970265.798
8 9 435517867.215
8 10 310958530.129
8 11 191746344.120
8 12 590165072.327
8 13 74610336.563
8 14 5127972.803
8 15 50204216.395
8 16 3365302.900
8 17 111512179.302
8 18 8005329.543
8 19 136606196.049
8 20 201627715.455
8 21 298768911.172
8 22 76918293.120
9 0 1517005290.262
9 1 690761073.477
9 2 192309574.737
9 3 71679401.239
9 4 146186111.530
9 5 88369285.930
9 6 347649644.274
9 7 1032415655.784
9 8 210196028.704
9 10 1951799415.689
9 11 206454909.826
9 12 562810677.371
9 13 3733948141.418
9 14 19066732.063
9 15 1707880675.526
9 16 33260583.821
9 17 750722864.315
9 18 300896812.130
9 19 561808638.729
9 20 2659439981.163
9 21 1717015753.210
9 22 418127323.837
10 0 1716056997.208
10 1 2468095067.047
10 2 181099728.246
10 3 250569310.020
10 4 400158959.773
10 5 576756576.218
10 6 137425642.813
10 7 1813294545.902
10 8 464487305.942
10 9 3855455699.852
10 11 742973187.226
10 12 1353770461.369
10 13 1989175578.569
10 14 7394497.879
10 15 2855496541.044
10 16 18548438.530
10 17 371590271.985
10 18 333083786.725
10 19 724522838.298
10 20 3814090664.727
10 21 1542315332.984
10 22 360164302.558
11 0 369510312.865
11 1 262404735.863
11 2 169160830.227
11 3 174324026.256
11 4 17876116.248
11 5 176365595.518
11 6 211972970.682
11 7 326522007.407
11 8 25993439.823
11 9 610386112.255
11 10 1303332668.015
11 12 1274764095.110
11 13 483333060.343
11 14 2425136.428
11 15 1401804370.114
11 16 10677958.823
11 17 105348697.296
11 18 65893290.972
11 19 221909935.350
11 20 806034270.239
11 21 647085328.170
11 22 139484895.531
12 0 2627780428.219
12 1 2827499588.761
12 2 676588094.080
12 3 554666857.289
12 4 489376864.463
12 5 454878710.507
12 6 158867114.646
12 7 3368754980.865
12 8 111055396.208
12 9 1191460114.023
12 10 4328983486.588
12 11 1192462873.775
12 13 5392981865.739
12 14 12035538.526
12 15 1880094161.072
12 16 23621560.514
12 17 712905769.510
12 18 457819510.017
12 19 373370764.089
12 20 1108321908.610
12 21 2746528837.550
12 22 689714342.661
13 0 3123195420.991
13 1 2417482046.584
13 2 536798356.624
13 3 368144980.452
13 4 117639375.667
13 5 270924174.737
13 6 451652002.367
13 7 3519676212.785
13 8 552317596.401
13 9 1709882877.948
13 10 1303465290.473
13 11 638758537.652
13 12 2655031270.290
13 14 6444509.086
13 15 3787915811.126
13 16 31841090.301
13 17 1524046689.872
13 18 41768873.269
13 19 753635966.263
13 20 1898506047.460
13 21 1539086603.250
13 22 383815596.125
14 0 29866257.844
14 1 16706234.524
14 2 1122168.971
14 3 3413528.990
14 4 3838871.163
14 5 3788924.867
14 6 1816396.625
14 7 4714139.838
14 8 858323.645
14 9 7701837.495
14 10 24934442.992
14 11 2277248.923
14 12 8720751.343
14 13 14825802.991
14 15 23652188.265
14 16 46144.629
14 17 9991124.681
14 18 2577625.088
14 19 4105472.476
14 20 4319003.722
14 21 10342546.150
14 22 694784.309
15 0 1839100435.031
15 1 1967918494.037
15 2 309077393.830
15 3 191439629.079
15 4 330689441.325
15 5 356022118.424
15 6 280029881.378
15 7 3330922891.015
15 8 550298619.953
15 9 1136654442.901
15 10 2655034185.612
15 11 529777023.910
15 12 769000870.467
15 13 3805455553.152
15 14 27265394.804
15 16 30853473.279
15 17 905725426.229
15 18 55405900.243
15 19 1546010700.439
15 20 3519951566.813
15 21 580115343.714
15 22 88514780.511
16 0 28448103.858
16 1 5367936.500
16 2 2637372.663
16 3 2755601.510
16 4 3882367.556
16 5 3061905.805
16 6 3427493.013
16 7 30434223.932
16 8 3785176.862
16 9 16204317.371
16 10 19837563.775
16 11 6400720.723
16 12 35898144.608
16 13 31303040.785
16 14 180881.407
16 15 33018337.080
16 17 5800916.360
16 18 3261849.430
16 19 7271387.819
16 20 22130853.774
16 21 4120050.430
16 22 4461722.907
17 0 1220039048.378
17 1 488963048.907
17 2 50127124.658
17 3 179719122.600
17 4 151840342.803
17 5 169668896.670
17 6 229255472.898
17 7 815908742.668
17 8 101512351.278
17 9 1149686025.621
17 10 888899376.145
17 11 341689264.416
17 12 1265220831.641
17 13 1518524410.552
17 14 12834527.644
17 15 755362515.979
17 16 7595015.701
17 18 66066337.319
17 19 165415116.602
17 20 1186370047.995
17 21 226770870.770
17 22 52608206.193
18 0 285140400.288
18 1 109031166.945
18 2 8066085.266
18 3 30290370.473
18 4 6416177.532
18 5 8109103.581
18 6 20880621.715
18 7 202159968.466
18 8 12289197.082
18 9 354528312.960
18 10 228957336.277
18 11 14161362.107
18 12 92931128.820
18 13 157163398.903
18 14 1572530.069
18 15 211509482.121
18 16 2944274.548
18 17 125088105.799
18 19 56627343.288
18 20 394257221.624
18 21 134806233.293
18 22 8000686.326
19 0 403118653.414
19 1 609643499.449
19 2 135001810.813
19 3 146526911.144
19 4 56612619.208
19 5 140726782.539
19 6 183282146.605
19 7 1403206793.165
19 8 74379126.603
19 9 1615795412.332
19 10 1314088056.345
19 11 602631719.458
19 12 879565677.713
19 13 1883570371.146
19 14 6156759.452
19 15 1729744217.786
19 16 10070907.596
19 17 742890997.815
19 18 72870818.993
19 20 1225050303.747
19 21 870825902.293
19 22 166301546.062
20 0 3157952238.965
20 1 2206119443.187
20 2 430967883.482
20 3 352321804.861
20 4 117329015.717
20 5 336434988.210
20 6 434881537.903
20 7 3629556169.070
20 8 518694253.573
20 9 1259917445.289
20 10 4411679871.099
20 11 641318595.048
20 12 4994040686.630
20 13 2961076456.233
20 14 35411338.537
20 15 661985787.075
20 16 3398473.305
20 17 933868749.429
20 18 206788156.702
20 19 1850420575.527
20 21 2833464316.459
20 22 495438831.327
21 0 816754648.476
21 1 853671054.366
21 2 55194383.448
21 3 311288750.827
21 4 86084313.605
21 5 371652594.396
21 6 147216697.336
21 7 1294181754.822
21 8 278390400.706
21 9 1544373844.086
21 10 800008543.861
21 11 850217804.159
21 12 2600711157.929
21 13 525419778.979
21 14 12883758.743
21 15 1031072393.660
21 16 7122982.524
21 17 98275887.438
21 18 38217702.992
21 19 723989527.535
21 20 1786381533.898
21 22 212623978.027
22 0 237109224.901
22 1 278614643.705
22 2 9086057.991
22 3 10714625.417
22 4 57829682.739
22 5 25599405.939
22 6 31976591.503
22 7 72898252.869
22 8 60794048.390
22 9 226770396.702
22 10 199832754.021
22 11 110389562.840
22 12 662534517.115
22 13 102769451.916
22 14 5348361.243
22 15 366807493.821
22 16 2061463.367
22 17 251394164.245
22 18 40073823.738
22 19 76511893.864
22 20 118723762.111
22 21 282861689.191
