506
0 1 1688667074.623
0 2 153653717.267
0 3 375342535.597
0 4 78210002.088
0 5 227360900.287
0 6 505952384.172
0 7 925944143.262
0 8 426049241.481
0 9 1800018246.015
0 10 330895664.646
0 11 257028343.297
0 12 970323118.047
0 13 2181992355.801
0 14 26086013.374
0 15 1451481535.900
0 16 4488046.052
0 17 315463811.207
0 18 172057697.726
0 19 481182525.972
0 20 812158807.833
0 21 843929473.361
0 22 144800282.514
1 0 494573819.671
1 2 93587555.192
1 3 48958327.618
1 4 381534373.585
1 5 293285874.208
1 6 247309641.512
1 7 1541325728.990
1 8 229555437.824
1 9 311382887.977
1 10 1908354966.243
1 11 908253493.595
1 12 690032008.755
1 13 1919501731.316
1 14 20360173.646
1 15 1726413866.038
1 16 17386491.929
1 17 485764902.299
1 18 131658941.188
1 19 390511058.890
1 20 675267450.813
1 21 1645926005.117
1 22 110600652.294
2 0 140840133.642
2 1 278393189.117
2 3 62083206.967
2 4 33301417.090
2 5 57656147.681
2 6 44617797.100
2 7 180596208.217
2 8 48160778.830
2 9 265604398.980
2 10 354116076.689
2 11 187530092.159
2 12 639436667.706
2 13 257273373.978
2 14 1798626.864
2 15 229122916.116
2 16 2023412.669
2 17 222227505.006
2 18 37207688.802
2 19 162235767.010
2 20 114985372.368
2 21 252997901.625
2 22 9715589.905
3 0 327192836.808
3 1 95549024.950
3 2 77043439.150
3 4 61669266.132
3 5 25491968.850
3 6 41175248.744
3 7 272419520.283
3 8 77541425.741
3 9 331045820.359
3 10 422454968.955
3 11 46859381.990
3 12 385932818.717
3 13 86608656.517
3 14 4596462.835
3 15 322684066.114
3 16 4360868.263
3 17 120114673.107
3 18 54525787.480
3 19 63572580.004
3 20 540521191.874
3 21 203839303.457
3 22 23321771.311
4 0 130478923.451
4 1 369262395.531
4 2 25275575.218
4 3 20977613.344
4 5 33653869.012
4 6 34043178.652
4 7 272164069.468
4 8 11496837.192
4 9 406852897.817
4 10 235451804.902
4 11 59958721.890
4 12 664786240.430
4 13 251441586.142
4 14 2116793.713
4 15 296250964.162
4 16 3813663.770
4 17 94304492.752
4 18 31231437.809
4 19 51695181.139
4 20 162226164.809
4 21 111264767.914
4 22 55473833.045
5 0 163617210.304
5 1 337092824.236
5 2 23072989.218
5 3 43311279.892
5 4 25633745.453
5 6 74341051.931
5 7 409768357.056
5 8 8390596.392
5 9 516500481.701
5 10 58646320.070
5 11 46655136.520
5 12 303746403.028
5 13 399425891.446
5 14 3258481.764
5 15 252238374.108
5 16 4561421.990
5 17 32324237.994
5 18 35934064.440
5 19 143918631.791
5 20 598685816.334
5 21 43009623.340
5 22 79041715.315
6 0 386014486.082
6 1 274172228.828
6 2 21313851.312
6 3 58840806.315
6 4 49314298.078
6 5 35388510.927
6 7 67877873.832
6 8 62311186.585
6 9 430796540.028
6 10 250744963.560
6 11 80595455.297
6 12 165458995.800
6 13 308516328.764
6 14 5264102.767
6 15 274961103.452
6 16 2306649.878
6 17 207562785.876
6 18 44469965.899
6 19 126920023.129
6 20 496606297.552
6 21 119898279.443
6 22 71736238.404
7 0 1589588892.004
7 1 2335715786.891
7 2 420936661.658
7 3 144218320.801
7 4 309994116.919
7 5 427932485.640
7 6 483001607.642
7 8 162244875.611
7 9 471446278.224
7 10 1362070393.233
7 11 380818102.909
7 12 3683421596.231
7 13 1794955365.947
7 14 10280795.992
7 15 1336559912.387
7 16 30663484.768
7 17 1151249753.504
7 18 305504456.688
7 19 975795971.237
7 20 3603183693.931
7 21 777992177.572
7 22 474760513.260
8 0 313170991.528
8 1 293666495.160
8 2 10406283.880
8 3 9419265.792
8 4 13335785.654
8 5 28128039.809
8 6 16273169.706
8 7 291490464.024
8 9 366437063.112
8 10 172908546.089
8 11 93934489.753
8 12 510666232.356
8 13 365452024.566
8 14 2551372.959
8 15 137918403.953
8 16 4599596.491
8 17 190702023.844
8 18 24494515.332
8 19 138300810.673
8 20 188349506.531
8 21 142843907.283
8 22 46377512.300
9 0 781498622.907
9 1 1255793583.631
9 2 367874512.049
9 3 254695843.108
9 4 128631539.447
9 5 381458803.730
9 6 238122590.600
9 7 577928411.556
9 8 432756398.610
9 10 3784719839.705
9 11 1121383337.268
9 12 1608733321.123
9 13 2012585321.368
9 14 13649682.850
9 15 3725832824.876
9 16 23619465.381
9 17 1666984529.494
9 18 341025611.111
9 19 853482963.356
9 20 3869188064.377
9 21 1703667507.087
9 22 555294455.296
10 0 3611061719.353
10 1 380612583.780
10 2 353112096.117
10 3 369865153.320
10 4 465734712.064
10 5 360282126.298
10 6 91283440.777
10 7 2842649728.858
10 8 276143658.251
10 9 1281844351.737
10 11 245703879.876
10 12 3058545854.522
10 13 386772463.475
10 14 12496121.688
10 15 1436861574.610
10 16 12793375.785
10 17 1556322262.735
10 18 299736818.009
10 19 1141532531.114
10 20 1408111708.916
10 21 1417499585.047
10 22 75513440.862
11 0 1266943352.599
11 1 767257518.543
11 2 87888786.888
11 3 176391344.510
11 4 48492667.726
11 5 93289166.708
11 6 176337450.892
11 7 106483910.341
11 8 145984032.378
11 9 519399327.393
11 10 1466939197.106
11 12 560512917.852
11 13 445827312.890
11 14 2170296.765
11 15 1368587483.835
11 16 10550812.287
11 17 471375823.696
11 18 133803457.046
11 19 93894546.374
11 20 544978367.697
11 21 217072281.524
11 22 146226057.572
12 0 4209985962.629
12 1 2796880283.978
12 2 191066571.415
12 3 506583561.169
12 4 708339113.979
12 5 523965684.947
12 6 422634224.052
12 7 1785086325.990
12 8 134619015.197
12 9 1397543002.819
12 10 663884054.364
12 11 331349580.033
12 13 3262724968.700
12 14 10420648.275
12 15 4681071442.942
12 16 43208635.932
12 17 788692368.008
12 18 235598493.273
12 19 1507484818.193
12 20 5215050418.157
12 21 3204400549.617
12 22 288925546.668
13 0 397390331.427
13 1 1905088151.886
13 2 362794533.084
13 3 599453563.725
13 4 383871679.075
13 5 240547391.839
13 6 332149314.231
13 7 502364760.873
13 8 195138892.908
13 9 607379817.764
13 10 3642143994.224
13 11 1012661957.502
13 12 2970501386.183
13 14 14883091.815
13 15 1351126797.962
13 16 16449537.456
13 17 354905581.225
13 18 380834168.384
13 19 1633243921.592
13 20 2568107086.156
13 21 2514133700.603
13 22 499616798.578
14 0 6256965.439
14 1 19109926.242
14 2 3568486.046
14 3 1774933.859
14 4 4927975.380
14 5 1625243.214
14 6 4727275.500
14 7 31157645.452
14 8 1644153.870
14 9 20268124.098
14 10 30947431.105
14 11 7257853.899
14 12 25009430.267
14 13 3947980.671
14 15 13282697.132
14 16 215336.167
14 17 2641334.295
14 18 2558683.498
14 19 13121534.785
14 20 31658614.122
14 21 11233932.278
14 22 1579348.804
15 0 1875212874.168
15 1 1996533673.567
15 2 518497659.644
15 3 246952940.571
15 4 239278380.567
15 5 331471645.995
15 6 368675106.823
15 7 3509095937.248
15 8 447118880.006
15 9 2500420959.730
15 10 3845374397.782
15 11 1212091494.567
15 12 1351652930.908
15 13 3849136792.635
15 14 9338371.413
15 16 20216230.738
15 17 448156224.023
15 18 324145809.475
15 19 1366768489.015
15 20 2760386865.632
15 21 2445861729.283
15 22 274166014.841
16 0 13515954.522
16 1 4686322.364
16 2 1081545.946
16 3 4701383.363
16 4 2266551.953
16 5 1741632.592
16 6 2342018.250
16 7 22070287.907
16 8 2593859.631
16 9 33396087.855
16 10 19929550.853
16 11 6132494.234
16 12 24521273.911
16 13 11133783.868
16 14 40437.402
16 15 5664009.905
16 17 14470735.540
16 18 1499111.008
16 19 7372653.488
16 20 26864547.963
16 21 17309226.484
16 22 3552365.625
17 0 1132437566.459
17 1 893418132.169
17 2 33525512.058
17 3 71174766.756
17 4 173270272.355
17 5 40892150.950
17 6 130723587.946
17 7 275080172.436
17 8 45352271.220
17 9 1658036607.008
17 10 262794706.987
17 11 557875735.431
17 12 523521701.731
17 13 1629165906.379
17 14 14396892.738
17 15 1410424861.301
17 16 3504492.201
17 18 161527134.587
17 19 282957700.572
17 20 780307269.379
17 21 295236510.329
17 22 225880627.274
18 0 136384766.234
18 1 33892303.691
18 2 52671850.093
18 3 44814599.350
18 4 18028170.911
18 5 34873217.421
18 6 25155362.853
18 7 188666407.796
18 8 22093211.732
18 9 83049043.048
18 10 336194871.250
18 11 122063116.920
18 12 265911836.025
18 13 320517207.733
18 14 2326768.534
18 15 294784731.014
18 16 1605835.562
18 17 63106668.327
18 19 119750838.225
18 20 145414942.095
18 21 131073805.512
18 22 50751990.384
19 0 691568168.197
19 1 982949527.945
19 2 151663441.687
19 3 157235739.367
19 4 24120450.621
19 5 40812148.998
19 6 59366090.426
19 7 699790559.762
19 8 98812978.533
19 9 1060212412.866
19 10 998925053.005
19 11 188728948.838
19 12 1382964047.606
19 13 1383491385.258
19 14 4605304.769
19 15 1340272832.091
19 16 11318021.060
19 17 374606871.618
19 18 67992458.732
19 20 772982936.799
19 21 368465732.699
19 22 138266835.659
20 0 1078863155.223
20 1 2675283098.925
20 2 279047967.495
20 3 360337576.382
20 4 226125842.558
20 5 371200194.841
20 6 378757450.700
20 7 3396433779.763
20 8 594690899.732
20 9 365516589.108
20 10 2326854450.070
20 11 519311448.569
20 12 5417237175.747
20 13 1845145676.545
20 14 3435682.111
20 15 2834646388.138
20 16 22029020.581
20 17 940854308.703
20 18 303075190.247
20 19 1299092369.412
20 21 525324232.463
20 22 594044361.247
21 0 1977979032.382
21 1 693793022.625
21 2 352219058.108
21 3 240238665.900
21 4 81939772.416
21 5 161048117.479
21 6 371604283.492
21 7 269028369.469
21 8 184237792.869
21 9 2502723686.634
21 10 711045249.120
21 11 290235320.531
21 12 2709317824.289
21 13 446826678.038
21 14 6130067.069
21 15 1812573878.554
21 16 2347028.970
21 17 1041113886.198
21 18 72926488.193
21 19 310072053.503
21 20 2002036328.971
21 22 103227842.318
22 0 318752408.562
22 1 82550781.014
22 2 24198644.402
22 3 32519050.153
22 4 72074234.727
22 5 35729543.614
22 6 80734547.726
22 7 503256330.568
22 8 73675301.539
22 9 518941828.181
22 10 329696162.175
22 11 213602341.812
22 12 164608277.976
22 13 150556561.434
22 14 1889764.312
22 15 399769061.747
22 16 1722784.043
22 17 52905291.083
22 18 49985808.090
22 19 230551813.733
22 20 96262191.549
22 21 334756898.874
