506
0 1 1896400687.460
0 2 150010599.751
0 3 436098679.389
0 4 391257749.146
0 5 165622661.633
0 6 426686897.057
0 7 1509083874.962
0 8 365868332.048
0 9 2373251260.516
0 10 1682215188.469
0 11 968705715.062
0 12 1339536029.347
0 13 784267203.225
0 14 5310192.247
0 15 2908809735.979
0 16 18382751.239
0 17 1025142502.118
0 18 87174701.868
0 19 1259517906.264
0 20 3820975201.317
0 21 292683281.647
0 22 236403732.764
1 0 1605216266.833
1 2 147531577.738
1 3 318747579.124
1 4 188771384.535
1 5 288235107.211
1 6 315678841.302
1 7 2156181968.976
1 8 121330948.534
1 9 2292199582.114
1 10 2740875523.031
1 11 140217941.107
1 12 2611070027.340
1 13 1062904065.038
1 14 11029124.551
1 15 2505107773.846
1 16 15422952.959
1 17 554142766.253
1 18 148156969.089
1 19 548740873.405
1 20 1044194094.967
1 21 417205928.450
1 22 188223253.120
2 0 313960113.330
2 1 270551691.159
2 3 75495972.660
2 4 15862034.939
2 5 81125435.040
2 6 45194697.589
2 7 413522841.787
2 8 54152875.892
2 9 360666006.707
2 10 565502560.412
2 11 84938219.953
2 12 396138074.196
2 13 400228391.972
2 14 2747343.654
2 15 139677795.601
2 16 4366687.278
2 17 183626261.558
2 18 18762530.742
2 19 248893238.787
2 20 331677170.243
2 21 258110312.244
2 22 32165290.281
3 0 137310623.838
3 1 73114238.582
3 2 41213677.071
3 4 57643368.637
3 5 15704102.278
3 6 71739451.326
3 7 215110669.520
3 8 36336032.843
3 9 145194507.698
3 10 109510690.704
3 11 177398802.230
3 12 692416130.763
3 13 256173564.301
3 14 4458647.828
3 15 324284651.776
3 16 1447884.587
3 17 88035490.267
3 18 46999912.412
3 19 88887363.203
3 20 357133170.015
3 21 32515433.627
3 22 54205418.581
4 0 474256717.369
4 1 134649179.346
4 2 74201537.616
4 3 11030150.564
4 5 39921312.639
4 6 55745297.060
4 7 507231308.116
4 8 53413981.396
4 9 402384787.851
4 10 121739466.654
4 11 145702670.841
4 12 545249417.496
4 13 161071743.452
4 14 2058628.897
4 15 125050168.786
4 16 613618.185
4 17 208143975.104
4 18 48398209.179
4 19 110360006.846
4 20 262544397.186
4 21 211084207.468
4 22 72097640.633
5 0 422687629.413
5 1 97128112.319
5 2 61925013.059
5 3 61309599.846
5 4 42429990.096
5 6 17822214.316
5 7 108650593.684
5 8 19949330.491
5 9 477813151.115
5 10 169762266.231
5 11 71042751.208
5 12 202236592.352
5 13 152391957.973
5 14 1171389.467
5 15 277021580.092
5 16 1737402.996
5 17 115546991.321
5 18 24456725.216
5 19 42297488.506
5 20 219462307.839
5 21 127183974.423
5 22 60201034.076
6 0 514801627.468
6 1 351673409.485
6 2 51470616.471
6 3 68861880.919
6 4 85632495.863
6 5 10383383.062
6 7 247909112.965
6 8 46820712.043
6 9 427251439.707
6 10 574639575.076
6 11 41022075.664
6 12 287250866.654
6 13 410759775.769
6 14 5175098.630
6 15 530460618.229
6 16 2440605.265
6 17 132461097.684
6 18 49756066.376
6 19 90038660.068
6 20 511922764.803
6 21 363155772.757
6 22 68605822.269
7 0 1240319999.447
7 1 1271568690.587
7 2 475789514.148
7 3 514252565.130
7 4 202689056.361
7 5 109219510.021
7 6 417810364.528
7 8 359755918.920
7 9 944288929.397
7 10 698210525.979
7 11 453388412.177
7 12 3720231777.462
7 13 2716216455.038
7 14 12075263.154
7 15 2553800403.739
7 16 26258516.699
7 17 1178660820.834
7 18 106371897.856
7 19 723631990.087
7 20 2571571880.321
7 21 2208955459.811
7 22 391581047.019
8 0 72999909.163
8 1 95399418.281
8 2 44201512.483
8 3 36635107.452
8 4 7592597.782
8 5 12362147.840
8 6 28749581.937
8 7 188050720.689
8 9 109763142.786
8 10 597993908.483
8 11 24645713.265
8 12 494627931.905
8 13 525250128.586
8 14 1991205.199
8 15 190891380.623
8 16 1060960.996
8 17 207995233.690
8 18 30273991.606
8 19 68567180.124
8 20 182337634.015
8 21 51046061.676
8 22 34701375.796
9 0 2890021728.977
9 1 2198273325.730
9 2 167932444.747
9 3 299515109.611
9 4 235051730.233
9 5 209416547.557
9 6 141520153.503
9 7 2543932032.375
9 8 252646875.136
9 10 2711390844.813
9 11 806257071.765
9 12 2392503602.580
9 13 2193257849.707
9 14 34681012.797
9 15 2921687573.212
9 16 33391659.026
9 17 1462358627.019
9 18 191355381.377
9 19 1085458971.093
9 20 1165272372.354
9 21 700554584.287
9 22 346464267.601
10 0 2428657098.438
10 1 2560561822.329
10 2 267405695.649
10 3 417868200.207
10 4 500400099.950
10 5 67721140.362
10 6 142439079.074
10 7 1370058690.123
10 8 194000029.447
10 9 2693231920.941
10 11 572522235.955
10 12 3054300035.701
10 13 1044048268.468
10 14 13609587.428
10 15 1329370488.337
10 16 35138809.453
10 17 1823545012.104
10 18 133401150.912
10 19 305189077.479
10 20 2416489664.956
10 21 1067184905.162
10 22 429083814.838
11 0 1084725996.921
11 1 447123559.605
11 2 42034862.388
11 3 191680938.563
11 4 210566638.498
11 5 94011444.150
11 6 202425514.565
11 7 276579206.068
11 8 202566278.249
11 9 142949214.663
11 10 337912168.251
11 12 1070507921.000
11 13 1480607136.645
11 14 2175152.634
11 15 865284034.457
11 16 9761203.529
11 17 420709154.720
11 18 70002437.489
11 19 316312353.444
11 20 1010001828.372
11 21 206559065.251
11 22 61343437.348
12 0 1054712361.806
12 1 2293348299.680
12 2 566827137.626
12 3 324352355.495
12 4 425164299.635
12 5 591375778.859
12 6 660027535.475
12 7 1531934177.603
12 8 489078775.536
12 9 1936602462.172
12 10 3021566330.825
12 11 1051511971.341
12 13 1912870042.632
12 14 35899690.372
12 15 1150520868.831
12 16 42598690.990
12 17 574197759.843
12 18 400783940.614
12 19 1982686830.863
12 20 1067453410.734
12 21 2375893921.399
12 22 211206972.299
13 0 1501308534.282
13 1 2771637070.491
13 2 264089512.587
13 3 336466616.361
13 4 465800968.658
13 5 196467325.893
13 6 161114878.831
13 7 2598379478.069
13 8 206039359.273
13 9 847787236.136
13 10 1718662080.580
13 11 969531098.537
13 12 1464937107.496
13 14 29433687.652
13 15 2437018300.971
13 16 37330406.392
13 17 1006372406.693
13 18 205449003.552
13 19 1492848269.848
13 20 2076432437.575
13 21 270818009.209
13 22 285673983.285
14 0 17144130.589
14 1 10692389.455
14 2 1130251.997
14 3 3195526.554
14 4 4476788.264
14 5 4983757.354
14 6 4809059.978
14 7 11131112.709
14 8 3754747.297
14 9 14704308.923
14 10 32886604.489
14 11 6670899.452
14 12 4004199.290
14 13 11966289.691
14 15 33466528.512
14 16 273213.970
14 17 10585948.484
14 18 2807061.366
14 19 14097989.469
14 20 30207229.361
14 21 11100816.723
14 22 2356636.944
15 0 441587693.081
15 1 2684197171.634
15 2 545420497.872
15 3 463795072.338
15 4 544549400.143
15 5 54759719.264
15 6 437480749.974
15 7 2343921263.679
15 8 502977605.765
15 9 1824489700.175
15 10 1461133900.526
15 11 163818559.903
15 12 4293036330.096
15 13 4083488772.431
15 14 23017882.839
15 16 15315363.374
15 17 1793947576.111
15 18 334933946.771
15 19 259181102.963
15 20 4203142356.182
15 21 1944878619.141
15 22 270500731.347
16 0 13454163.824
16 1 19513109.813
16 2 3525098.331
16 3 1258868.791
16 4 2812852.105
16 5 3629025.359
16 6 3579441.907
16 7 15503752.657
16 8 3961152.467
16 9 17507095.101
16 10 34993873.883
16 11 9848554.352
16 12 38981801.014
16 13 20821697.823
16 14 332605.181
16 15 12292299.685
16 17 7888966.945
16 18 304783.843
16 19 8141693.064
16 20 20154934.452
16 21 21667592.823
16 22 2518130.454
17 0 1119237140.200
17 1 955612731.233
17 2 178564194.937
17 3 129700276.513
17 4 112974055.214
17 5 144273926.431
17 6 71156194.883
17 7 1359746067.583
17 8 67085795.954
17 9 698445886.836
17 10 1121245200.538
17 11 511927290.300
17 12 2038035255.314
17 13 1198105856.597
17 14 5418236.825
17 15 191019212.493
17 16 10366850.260
17 18 19699280.689
17 19 303414525.168
17 20 860055509.528
17 21 947474739.685
17 22 238056692.138
18 0 133347815.744
18 1 203788881.821
18 2 10670587.942
18 3 23400882.609
18 4 54264539.438
18 5 8372534.002
18 6 53208086.156
18 7 97936575.215
18 8 54074627.466
18 9 306994055.179
18 10 210119353.306
18 11 102249622.488
18 12 261600067.558
18 13 57943961.172
18 14 644206.781
18 15 367508100.791
18 16 3134559.815
18 17 69267664.638
18 19 14768902.073
18 20 392914415.835
18 21 64625221.667
18 22 24690243.260
19 0 1257607680.014
19 1 642557256.375
19 2 25423646.493
19 3 54764211.086
19 4 195031423.709
19 5 48087379.468
19 6 174863042.638
19 7 763175929.539
19 8 202670216.793
19 9 520718393.944
19 10 849744045.614
19 11 365499912.265
19 12 2142306317.601
19 13 1019751249.287
19 14 15582317.268
19 15 1458508185.027
19 16 10667341.718
19 17 484823815.170
19 18 54755301.009
19 20 314364291.855
19 21 797263245.933
19 22 64918717.553
20 0 3280037679.882
20 1 770559203.718
20 2 461103345.577
20 3 328404643.981
20 4 54270856.206
20 5 498925017.718
20 6 488760635.368
20 7 1116624529.708
20 8 236098332.025
20 9 2266414915.954
20 10 1399850687.885
20 11 717038944.402
20 12 2973436333.808
20 13 849985600.487
20 14 21039817.540
20 15 1252295525.774
20 16 39863472.254
20 17 915399753.112
20 18 125243872.387
20 19 484692287.016
20 21 917593732.162
20 22 224303883.267
21 0 2324757728.386
21 1 1640878804.418
21 2 270615969.940
21 3 357147910.396
21 4 174058500.950
21 5 285180312.559
21 6 147214098.508
21 7 1150032466.211
21 8 190033488.409
21 9 496397376.801
21 10 1394350990.731
21 11 551874507.182
21 12 1340701445.122
21 13 1149332587.437
21 14 17767006.447
21 15 1658070548.552
21 16 7056135.085
21 17 974284064.938
21 18 140730869.436
21 19 105416395.674
21 20 1314431422.410
21 22 131717065.774
22 0 128452420.499
22 1 360788017.944
22 2 51072328.549
22 3 28231172.707
22 4 16224065.293
22 5 13025414.662
22 6 69649410.838
22 7 391668040.278
22 8 60638493.589
22 9 111032897.550
22 10 320809918.984
22 11 150019070.929
22 12 281074324.962
22 13 242928537.607
22 14 1903984.074
22 15 312062843.912
22 16 2800320.863
22 17 154134433.426
22 18 54121879.980
22 19 121612680.119
22 20 93948633.174
22 21 137931616.147
