506
0 1 1163152230.645
0 2 449567758.403
0 3 368953714.854
0 4 315650298.952
0 5 82619443.310
0 6 413956974.737
0 7 1134258941.983
0 8 235185899.512
0 9 771701216.544
0 10 2053821405.562
0 11 886284932.336
0 12 2474415225.527
0 13 2026183148.663
0 14 17109533.513
0 15 1727217732.390
0 16 31704632.428
0 17 1208338347.219
0 18 252236115.954
0 19 983432593.115
0 20 2460805306.616
0 21 1322775061.616
0 22 482775328.351
1 0 1525593038.414
1 2 183934841.337
1 3 337330943.353
1 4 196513993.940
1 5 249037513.809
1 6 83153533.439
1 7 1324570700.493
1 8 341444042.393
1 9 1409496862.997
1 10 900009525.812
1 11 358177788.942
1 12 835801848.228
1 13 2920810108.339
1 14 22724282.750
1 15 1313181962.417
1 16 18256035.913
1 17 209255216.933
1 18 93310480.176
1 19 1114540805.287
1 20 619812421.073
1 21 833734195.482
1 22 92839644.815
2 0 305379136.167
2 1 234056068.452
2 3 34739777.570
2 4 61355238.310
2 5 9534541.125
2 6 83071345.822
2 7 218106810.720
2 8 12021748.295
2 9 338196623.175
2 10 527320738.594
2 11 68258651.187
2 12 285204180.487
2 13 308439383.402
2 14 5046288.977
2 15 458293180.811
2 16 981858.940
2 17 216508524.116
2 18 45666734.965
2 19 26163863.976
2 20 536608461.564
2 21 132037414.412
2 22 64927067.332
3 0 180128055.408
3 1 90756705.271
3 2 66210634.544
3 4 62955260.092
3 5 74695550.863
3 6 40465699.991
3 7 350424317.246
3 8 19104226.160
3 9 372238802.236
3 10 338280157.025
3 11 193159616.873
3 12 703796191.228
3 13 640026663.262
3 14 4267823.882
3 15 600097616.592
3 16 2518426.307
3 17 226450422.880
3 18 14720777.014
3 19 157770534.493
3 20 559496097.126
3 21 274449707.846
3 22 60979149.704
4 0 192007214.597
4 1 216851883.387
4 2 76697054.918
4 3 21831132.576
4 5 22899219.762
4 6 80898597.986
4 7 440937970.334
4 8 72345612.223
4 9 470477202.075
4 10 266111443.401
4 11 145472675.037
4 12 71350744.361
4 13 408413996.265
4 14 3197427.029
4 15 296019495.741
4 16 2525917.042
4 17 68019376.059
4 18 18239248.665
4 19 71568368.985
4 20 409651752.509
4 21 199656081.221
4 22 24696224.878
5 0 499807423.923
5 1 204274435.959
5 2 76745823.389
5 3 63187479.008
5 4 34473778.879
5 6 29654028.510
5 7 343724413.364
5 8 51187484.528
5 9 514367502.180
5 10 560639757.721
5 11 146435519.756
5 12 423371147.298
5 13 534010308.366
5 14 4981977.491
5 15 368167200.957
5 16 3717799.584
5 17 136706857.301
5 18 47362515.931
5 19 235714557.440
5 20 397042904.019
5 21 356837459.811
5 22 85070879.036
6 0 232162567.761
6 1 262892064.840
6 2 65534114.057
6 3 34807829.937
6 4 73355655.701
6 5 36659535.881
6 7 345600392.563
6 8 75207785.844
6 9 117088088.343
6 10 167089914.475
6 11 25380298.621
6 12 260535349.133
6 13 560014260.229
6 14 489458.945
6 15 446723371.339
6 16 3228579.705
6 17 163053630.607
6 18 12704488.758
6 19 53845938.026
6 20 510138459.640
6 21 118646107.358
6 22 75995187.022
7 0 2212849383.617
7 1 729335647.300
7 2 358073298.669
7 3 381700878.289
7 4 235666339.121
7 5 512064285.161
7 6 91267369.730
7 8 173157874.629
7 9 282873791.134
7 10 2255721124.343
7 11 425250470.198
7 12 1386393996.553
7 13 2346452182.398
7 14 5269646.351
7 15 3529574764.498
7 16 24865394.072
7 17 1170424650.676
7 18 151520128.584
7 19 609265182.541
7 20 544432978.047
7 21 1832342791.058
7 22 92523577.651
8 0 57960858.635
8 1 289250276.444
8 2 29194583.292
8 3 81934376.633
8 4 24165490.485
8 5 75335002.142
8 6 31725572.320
8 7 372103558.429
8 9 331331817.704
8 10 487307445.625
8 11 194216276.821
8 12 110761807.158
8 13 296381612.793
8 14 5057776.854
8 15 415312238.038
8 16 1832703.311
8 17 248675143.287
8 18 46470346.987
8 19 175159411.785
8 20 366060688.410
8 21 56031683.094
8 22 30440871.817
9 0 2941062627.634
9 1 2278522041.014
9 2 227122438.499
9 3 87279323.451
9 4 54283608.314
9 5 352855354.960
9 6 428154715.076
9 7 1059131118.496
9 8 447760874.646
9 10 2926781758.432
9 11 1399797175.316
9 12 1389106055.806
9 13 3916217111.785
9 14 13167628.212
9 15 523245152.690
9 16 27213677.862
9 17 1673002525.285
9 18 261693863.064
9 19 1124502147.283
9 20 556110764.355
9 21 1122088059.112
9 22 555246335.485
10 0 2139298326.861
10 1 1140085686.778
10 2 75582432.400
10 3 127572547.113
10 4 99137458.450
10 5 103104796.212
10 6 522453800.964
10 7 2333791592.811
10 8 488170140.325
10 9 842461317.114
10 11 1359714504.815
10 12 3439937838.472
10 13 4134706976.541
10 14 5344314.151
10 15 1082842107.974
10 16 9224439.824
10 17 1106889706.737
10 18 232745487.030
10 19 347485656.149
10 20 1959516411.245
10 21 910863427.602
10 22 428315217.746
11 0 430407624.910
11 1 602079403.778
11 2 125626013.569
11 3 145570561.494
11 4 134187699.714
11 5 159446235.074
11 6 196408143.274
11 7 159334640.384
11 8 87929184.500
11 9 553508879.996
11 10 967275862.347
11 12 694991588.135
11 13 1140806593.166
11 14 5303662.763
11 15 1088097069.565
11 16 11297439.885
11 17 329275142.546
11 18 69691573.194
11 19 196756815.749
11 20 1373673105.464
11 21 498599803.465
11 22 192956286.110
12 0 1144870574.596
12 1 325136081.878
12 2 364433424.186
12 3 136983437.482
12 4 190296528.909
12 5 512244541.888
12 6 487999831.483
12 7 958889964.602
12 8 348730011.317
12 9 4561066386.551
12 10 593340749.131
12 11 264942679.962
12 13 491931195.777
12 14 16679613.346
12 15 3008735079.333
12 16 21447230.420
12 17 1870170611.315
12 18 383154761.965
12 19 1522271466.189
12 20 693814617.541
12 21 1199726216.583
12 22 97952998.315
13 0 1910629756.598
13 1 2424131727.346
13 2 119336357.194
13 3 118551621.523
13 4 373346952.050
13 5 457844199.722
13 6 513578351.476
13 7 1596732758.316
13 8 446620274.953
13 9 1858909670.065
13 10 3988324518.544
13 11 526255283.888
13 12 5472940286.625
13 14 12288578.360
13 15 903534908.289
13 16 29704538.459
13 17 1925928644.172
13 18 159589050.516
13 19 227735546.240
13 20 2160298425.236
13 21 442739408.503
13 22 387375207.420
14 0 14224103.280
14 1 3812505.518
14 2 2416014.205
14 3 4372428.866
14 4 2667499.526
14 5 3779054.342
14 6 1375236.802
14 7 5481056.130
14 8 2271393.590
14 9 18484698.367
14 10 30475567.218
14 11 9840181.411
14 12 30164945.320
14 13 14834165.938
14 15 26091475.453
14 16 246780.386
14 17 12751091.114
14 18 1058257.419
14 19 8065615.049
14 20 27755312.342
14 21 16498413.781
14 22 1466205.382
15 0 754943287.260
15 1 273310705.739
15 2 456613736.909
15 3 450561925.069
15 4 268863220.808
15 5 489352126.575
15 6 494463762.003
15 7 2981797609.797
15 8 271704872.858
15 9 2415307961.570
15 10 1111157037.885
15 11 797766090.614
15 12 4001135029.123
15 13 3366148414.412
15 14 3080381.252
15 16 26206685.835
15 17 631098837.994
15 18 250260981.815
15 19 251426312.222
15 20 1889188450.403
15 21 701395091.317
15 22 256002135.299
16 0 4375004.763
16 1 4861040.159
16 2 2034319.923
16 3 2205769.507
16 4 2408600.986
16 5 1733426.068
16 6 1799346.981
16 7 23104116.954
16 8 2745610.603
16 9 25254416.393
16 10 12682135.715
16 11 6764768.927
16 12 28840858.418
16 13 26303125.991
16 14 46216.937
16 15 5116328.889
16 17 6454429.189
16 18 2369835.535
16 19 2937677.979
16 20 8304899.465
16 21 15002259.738
16 22 2370382.003
17 0 313125690.730
17 1 750403972.426
17 2 225344589.678
17 3 158294339.445
17 4 203154303.402
17 5 232490246.408
17 6 70228872.530
17 7 460021650.925
17 8 90647740.464
17 9 512658028.801
17 10 465191352.032
17 11 110762469.627
17 12 2022297184.643
17 13 231540856.036
17 14 12485108.007
17 15 1218275036.309
17 16 14631121.134
17 18 143341448.140
17 19 585890716.074
17 20 691436085.139
17 21 332476730.820
17 22 177778450.354
18 0 192519360.316
18 1 173512841.732
18 2 22022247.616
18 3 48205526.390
18 4 39644007.277
18 5 38306067.754
18 6 30185553.453
18 7 28233802.798
18 8 9473799.276
18 9 233645608.994
18 10 382716367.793
18 11 76143198.887
18 12 458273179.570
18 13 133533549.622
18 14 744752.998
18 15 225686770.895
18 16 2499798.453
18 17 131167620.215
18 19 24629513.508
18 20 209579305.878
18 21 54151535.649
18 22 53433408.346
19 0 229790759.472
19 1 228104395.733
19 2 248254270.524
19 3 148393889.755
19 4 28756971.800
19 5 123095382.534
19 6 195291958.287
19 7 439925847.068
19 8 180224006.508
19 9 916074121.657
19 10 749319201.219
19 11 413356335.469
19 12 1764604770.462
19 13 1908818854.466
19 14 12022829.493
19 15 499977724.276
19 16 2987412.148
19 17 296055335.631
19 18 43038380.998
19 20 316186096.850
19 21 942482098.028
19 22 184442810.253
20 0 1228702933.753
20 1 2159705980.939
20 2 215438164.562
20 3 347229569.084
20 4 510974509.094
20 5 156273095.398
20 6 81523487.583
20 7 1037220610.153
20 8 437569544.805
20 9 2473793449.200
20 10 1052623115.329
20 11 329431577.900
20 12 1380395533.510
20 13 420897130.426
20 14 10833003.599
20 15 2065940804.521
20 16 19682140.457
20 17 288430777.912
20 18 388749716.310
20 19 1714399734.096
20 21 881099620.333
20 22 435457427.610
21 0 602793313.065
21 1 270824803.409
21 2 127738243.874
21 3 79961552.306
21 4 51040948.198
21 5 112189687.203
21 6 347219089.969
21 7 1757254877.144
21 8 355904476.417
21 9 1082893850.463
21 10 1088929215.400
21 11 960054542.493
21 12 2490344734.605
21 13 1987118565.264
21 14 22864436.724
21 15 690949927.609
21 16 19428427.747
21 17 850533930.060
21 18 23084860.337
21 19 609597943.152
21 20 1765129121.365
21 22 322486868.285
22 0 117704206.842
22 1 310014309.808
22 2 60998020.452
22 3 61147364.970
22 4 29939302.084
22 5 43089913.639
22 6 74744291.982
22 7 198713683.006
22 8 74802425.546
22 9 283772065.705
22 10 538542380.825
22 11 107372238.456
22 12 565388939.268
22 13 618551596.107
22 14 2181077.524
22 15 340423480.817
22 16 4434087.011
22 17 175328814.034
22 18 39025544.515
22 19 105469613.672
22 20 304121735.666
22 21 183144537.202
