506
0 1 852416644.348
0 2 532056588.841
0 3 321323815.478
0 4 186448832.207
0 5 483478841.374
0 6 169634767.510
0 7 975178073.438
0 8 124466548.080
0 9 2098868118.723
0 10 2607566574.020
0 11 1018632815.472
0 12 2710538995.263
0 13 1417396054.957
0 14 21526197.364
0 15 3422357311.728
0 16 14425543.129
0 17 338199556.385
0 18 129415875.932
0 19 663503692.754
0 20 390726873.179
0 21 1422158276.316
0 22 86855125.949
1 0 1825468649.180
1 2 248945909.824
1 3 80827072.618
1 4 141314476.007
1 5 174365425.164
1 6 366172231.922
1 7 1642434630.143
1 8 388469448.397
1 9 735921931.737
1 10 836523941.936
1 11 650944343.918
1 12 2837365389.243
1 13 781508900.209
1 14 21142966.960
1 15 2657802706.148
1 16 12985530.403
1 17 1052228715.234
1 18 99558439.833
1 19 1060522694.776
1 20 2475283986.513
1 21 1417953426.397
1 22 183126238.472
2 0 224906586.069
2 1 188903354.953
2 3 18446324.957
2 4 75193443.474
2 5 79044526.154
2 6 62493740.190
2 7 414723498.880
2 8 11886847.107
2 9 138453759.980
2 10 260031207.592
2 11 135044334.035
2 12 317806461.310
2 13 527837494.870
2 14 1932123.591
2 15 468814695.465
2 16 718116.124
2 17 28654316.204
2 18 43492051.106
2 19 182282376.115
2 20 101783761.494
2 21 271412433.602
2 22 64509100.784
3 0 443241495.722
3 1 95406963.638
3 2 52943762.119
3 4 81890854.683
3 5 85095911.471
3 6 65008686.452
3 7 47988274.208
3 8 28363123.852
3 9 158748866.951
3 10 453245738.638
3 11 159209747.920
3 12 427299400.539
3 13 537796200.347
3 14 3354126.714
3 15 118609211.433
3 16 4701693.272
3 17 56148623.886
3 18 53112611.549
3 19 25150820.214
3 20 78955919.291
3 21 133154356.052
3 22 40768551.290
4 0 105157693.370
4 1 217016002.141
4 2 88560564.866
4 3 8165683.879
4 5 27028406.262
4 6 79326741.568
4 7 474375476.949
4 8 27054437.761
4 9 108206979.069
4 10 578494292.503
4 11 193648991.813
4 12 168308345.335
4 13 106102562.929
4 14 3777969.106
4 15 284732035.830
4 16 1022122.050
4 17 251945939.384
4 18 16745918.056
4 19 146007465.752
4 20 557006581.031
4 21 194863699.537
4 22 14195981.973
5 0 514283875.389
5 1 361440556.990
5 2 51650106.484
5 3 14489179.531
5 4 56908102.679
5 6 39308344.290
5 7 505533545.155
5 8 83647719.546
5 9 422306708.815
5 10 61102530.133
5 11 172577203.278
5 12 499702292.146
5 13 273169442.651
5 14 803107.662
5 15 578788459.876
5 16 2988315.229
5 17 101600641.427
5 18 32185928.178
5 19 161953035.536
5 20 608526337.376
5 21 361506127.142
5 22 38262632.664
6 0 447742879.505
6 1 345558172.780
6 2 28956229.258
6 3 17873059.141
6 4 8851905.210
6 5 72894254.049
6 7 286992054.861
6 8 34017841.588
6 9 265253120.753
6 10 525181673.782
6 11 92766291.029
6 12 132024196.434
6 13 336682800.397
6 14 2634467.627
6 15 592311680.173
6 16 2281726.252
6 17 111062342.677
6 18 44985072.673
6 19 249836493.566
6 20 368597954.744
6 21 154526007.121
6 22 47296231.124
7 0 560695100.633
7 1 1038187619.050
7 2 165622226.650
7 3 494457604.053
7 4 419068018.587
7 5 93910718.892
7 6 338811807.855
7 8 454153975.214
7 9 436373137.897
7 10 3542495095.995
7 11 145881980.208
7 12 2161739997.329
7 13 2211816671.046
7 14 26907653.109
7 15 2523578557.042
7 16 2936660.518
7 17 438052825.974
7 18 246802979.868
7 19 367625077.710
7 20 387737698.832
7 21 2046917808.207
7 22 82979931.142
8 0 413069713.439
8 1 353059100.196
8 2 22476758.135
8 3 78327108.096
8 4 10302407.267
8 5 31647893.768
8 6 62726205.848
8 7 331373341.675
8 9 288395098.660
8 10 97417837.243
8 11 115508297.109
8 12 214302467.031
8 13 160652184.235
8 14 1825525.151
8 15 363085230.284
8 16 2437074.920
8 17 109248973.277
8 18 52364879.001
8 19 106625955.745
8 20 446042596.314
8 21 286720862.149
8 22 21262455.111
9 0 1168552648.546
9 1 591558009.762
9 2 228555710.080
9 3 432525268.309
9 4 315738121.656
9 5 78162208.309
9 6 177842757.885
9 7 1676142479.169
9 8 214083463.191
9 10 657362865.648
9 11 416417634.388
9 12 3642553321.823
9 13 788030653.675
9 14 6162074.673
9 15 3351012641.122
9 16 32165976.137
9 17 980485043.637
9 18 136603234.853
9 19 1222613164.770
9 20 1229327756.237
9 21 1038174090.245
9 22 122147175.001
10 0 1190764770.292
10 1 420898503.621
10 2 421647097.613
10 3 106249788.384
10 4 289111171.373
10 5 454341739.045
10 6 511898191.637
10 7 3474383265.997
10 8 600298548.106
10 9 3855406873.807
10 11 1525662066.428
10 12 5117848313.596
10 13 4396313975.819
10 14 11633296.184
10 15 2039175413.763
10 16 25706283.860
10 17 335185969.521
10 18 220943793.115
10 19 717092875.702
10 20 1771670119.059
10 21 659683240.100
10 22 317198807.152
11 0 845581596.871
11 1 226769025.007
11 2 166016566.216
11 3 150934791.178
11 4 151144598.716
11 5 132969268.089
11 6 167574384.935
11 7 614931978.489
11 8 52452582.248
11 9 1299207062.087
11 10 1131336991.068
11 12 1309553954.111
11 13 1283948047.157
11 14 11754751.626
11 15 503435766.895
11 16 3284879.320
11 17 434757040.504
11 18 73214242.478
11 19 78673430.537
11 20 548453284.652
11 21 112859279.514
11 22 111686795.855
12 0 392466185.401
12 1 3038163222.064
12 2 196715862.563
12 3 700430529.291
12 4 587936768.668
12 5 302606538.557
12 6 403874013.585
12 7 1608647448.473
12 8 493583921.122
12 9 2964584749.097
12 10 1432056455.135
12 11 1706448960.265
12 13 708374861.023
12 14 6499290.526
12 15 3748555491.670
12 16 37606574.664
12 17 1125740628.697
12 18 427585052.066
12 19 1224005917.695
12 20 1588624005.489
12 21 2121731225.824
12 22 653438160.653
13 0 1991227985.573
13 1 2084909223.979
13 2 520687210.895
13 3 457737474.303
13 4 181596551.431
13 5 55553994.095
13 6 257254027.320
13 7 2225106613.003
13 8 341967942.764
13 9 3105718643.423
13 10 3125877921.354
13 11 595812306.734
13 12 5363815572.416
13 14 5904198.324
13 15 1564571073.489
13 16 26112654.571
13 17 1734887709.534
13 18 108645487.905
13 19 398196498.418
13 20 4559269644.940
13 21 2223807173.302
13 22 618952046.280
14 0 20072017.378
14 1 22607153.046
14 2 582519.132
14 3 1903855.904
14 4 2802971.076
14 5 3122105.051
14 6 2346383.384
14 7 4267009.943
14 8 3879322.332
14 9 12872322.246
14 10 24822594.150
14 11 2563649.931
14 12 42261597.940
14 13 10226092.521
14 15 22900661.900
14 16 176840.316
14 17 8140796.252
14 18 3114971.102
14 19 9452376.835
14 20 29582379.117
14 21 5309566.684
14 22 1048087.724
15 0 1648683999.344
15 1 1311770848.798
15 2 373247081.242
15 3 137191149.016
15 4 336578444.518
15 5 498422894.664
15 6 234840168.323
15 7 2934131308.976
15 8 227933635.282
15 9 2161876466.605
15 10 393578341.136
15 11 1383579518.707
15 12 1800504327.848
15 13 824536187.319
15 14 27852582.220
15 16 23616282.739
15 17 1690671128.057
15 18 82753629.441
15 19 794063814.374
15 20 1045937516.107
15 21 1015859565.635
15 22 484320390.200
16 0 21324844.762
16 1 2491126.463
16 2 4644638.744
16 3 3901909.978
16 4 2324846.449
16 5 4356780.325
16 6 4277482.343
16 7 6393277.905
16 8 3375945.678
16 9 30118498.902
16 10 33239747.787
16 11 3508790.909
16 12 28613979.098
16 13 11968053.489
16 14 100700.921
16 15 8032105.131
16 17 11143979.258
16 18 693802.121
16 19 14877530.633
16 20 22751101.011
16 21 22266189.432
16 22 2469514.386
17 0 1148623667.373
17 1 350654245.243
17 2 246312511.127
17 3 168586955.932
17 4 151414694.379
17 5 71907478.798
17 6 174721733.402
17 7 718670509.851
17 8 151339949.712
17 9 457965754.549
17 10 1794195919.765
17 11 359041936.708
17 12 1913901967.283
17 13 1150909879.233
17 14 12380261.505
17 15 718601527.684
17 16 12742806.351
17 18 127865107.274
17 19 546285277.517
17 20 1309758814.385
17 21 639560354.437
17 22 233260630.831
18 0 218753101.533
18 1 50460264.041
18 2 25398307.249
18 3 38258106.562
18 4 41152718.246
18 5 9987871.665
18 6 34732486.132
18 7 155450957.919
18 8 43381366.536
18 9 276006760.795
18 10 192901337.129
18 11 22111803.609
18 12 441297296.350
18 13 108000401.115
18 14 1840119.351
18 15 375137160.409
18 16 379140.706
18 17 158116649.551
18 19 136674684.633
18 20 136999873.393
18 21 65614934.522
18 22 35386419.310
19 0 607740360.294
19 1 96543294.488
19 2 250595301.953
19 3 234206820.226
19 4 32434459.684
19 5 137654025.994
19 6 49817769.237
19 7 942841811.111
19 8 135642938.462
19 9 363137817.046
19 10 1146073131.325
19 11 132451531.648
19 12 907541101.223
19 13 1399690761.535
19 14 7138437.992
19 15 985826214.464
19 16 5807887.379
19 17 508387990.574
19 18 71837929.223
19 20 1475598188.932
19 21 682997782.169
19 22 193732829.136
20 0 903809385.130
20 1 1942566451.414
20 2 340542869.530
20 3 234041729.891
20 4 593030309.972
20 5 586369956.285
20 6 124992338.881
20 7 1613080915.670
20 8 299967363.832
20 9 2528457197.236
20 10 916547496.600
20 11 193870072.499
20 12 4246298392.616
20 13 2510705472.492
20 14 9396931.999
20 15 3408208161.761
20 16 39821447.564
20 17 316559611.852
20 18 180185240.790
20 19 1494184865.355
20 21 2747632020.072
20 22 198662328.055
21 0 2185671750.961
21 1 606783865.224
21 2 333368438.323
21 3 313036291.438
21 4 370828300.708
21 5 142807337.318
21 6 332651900.533
21 7 1910908969.777
21 8 272939584.499
21 9 2190930691.226
21 10 2243136226.120
21 11 418218181.963
21 12 1129061443.593
21 13 2223471855.448
21 14 15155382.417
21 15 1889777076.522
21 16 20221419.023
21 17 547540964.092
21 18 204555990.894
21 19 930268992.222
21 20 2481935726.963
21 22 188921092.371
22 0 382008985.420
22 1 111207545.155
22 2 67166830.308
22 3 20944501.690
22 4 51435845.659
22 5 63385083.129
22 6 62282962.310
22 7 407213830.015
22 8 59966012.665
22 9 155448795.877
22 10 97440597.015
22 11 71409380.694
22 12 528982868.447
22 13 446105166.485
22 14 4542715.924
22 15 381563619.101
22 16 966439.257
22 17 194784190.209
22 18 42649612.524
22 19 60015527.401
22 20 210879819.543
22 21 364055549.249
