506
0 1 328053652.882
0 2 175055643.317
0 3 383571381.522
0 4 136627155.561
0 5 399644061.128
0 6 383811235.380
0 7 2467525499.281
0 8 91669707.542
0 9 2827994962.348
0 10 2014862585.301
0 11 757889033.668
0 12 464580334.575
0 13 1141790919.594
0 14 18348134.705
0 15 410878829.058
0 16 20459243.278
0 17 312676738.331
0 18 184781462.225
0 19 201006122.109
0 20 2521306814.864
0 21 1145821352.239
0 22 317038443.802
1 0 1458489889.425
1 2 332653019.602
1 3 378918080.705
1 4 138902419.098
1 5 110194996.720
1 6 225806967.939
1 7 2335904097.703
1 8 161382762.383
1 9 1548873485.287
1 10 501330099.727
1 11 513612830.032
1 12 2602661103.617
1 13 1811764666.413
1 14 11660393.001
1 15 478627964.282
1 16 14712547.081
1 17 1040021841.814
1 18 40861478.075
1 19 958143920.861
1 20 2273322174.827
1 21 244126180.600
1 22 133795459.572
2 0 169510178.944
2 1 197364701.168
2 3 9701339.407
2 4 15168847.348
2 5 23502959.502
2 6 32353407.782
2 7 48554670.192
2 8 84889493.871
2 9 364005512.849
2 10 126538852.098
2 11 183439438.756
2 12 129678181.876
2 13 552996647.830
2 14 5517389.782
2 15 247805388.865
2 16 2502800.796
2 17 252747084.222
2 18 48646457.941
2 19 213729851.028
2 20 321288341.606
2 21 279096639.540
2 22 41320699.993
3 0 241262996.361
3 1 75803435.188
3 2 68573454.612
3 4 64383271.588
3 5 7621998.151
3 6 20929249.950
3 7 176987947.763
3 8 82444680.386
3 9 319937966.209
3 10 436937573.494
3 11 39783153.397
3 12 129176878.121
3 13 371060017.386
3 14 3985954.319
3 15 498441216.502
3 16 4939187.507
3 17 151486605.238
3 18 35070257.933
3 19 146420636.081
3 20 408921684.705
3 21 126332244.326
3 22 19350635.599
4 0 168621858.757
4 1 262487704.372
4 2 79536187.844
4 3 83366554.685
4 5 38090694.724
4 6 75776856.976
4 7 90231048.785
4 8 58750100.142
4 9 377505888.312
4 10 487427982.365
4 11 31782576.223
4 12 624270393.274
4 13 554849592.826
4 14 1192450.536
4 15 347838091.149
4 16 5343477.080
4 17 159332044.928
4 18 26694672.759
4 19 176042946.882
4 20 299245805.006
4 21 300292090.274
4 22 52901548.786
5 0 425499336.524
5 1 284211175.497
5 2 43264460.164
5 3 30470187.623
5 4 60201823.929
5 6 78611109.314
5 7 390665015.146
5 8 40846121.505
5 9 140232901.656
5 10 90723237.027
5 11 188816258.902
5 12 285137884.596
5 13 249470554.953
5 14 3255907.567
5 15 199720848.391
5 16 1010882.783
5 17 178897894.191
5 18 19059253.481
5 19 212838785.270
5 20 626923072.500
5 21 327943546.896
5 22 19500812.032
6 0 233006791.771
6 1 308119587.628
6 2 74472747.097
6 3 74610614.835
6 4 13354967.181
6 5 23079597.419
6 7 241155608.586
6 8 8254253.132
6 9 53857047.948
6 10 184333719.843
6 11 202284176.765
6 12 650264291.578
6 13 269549291.405
6 14 2009662.423
6 15 86805162.794
6 16 1395822.871
6 17 79482721.327
6 18 21792299.255
6 19 42130062.429
6 20 572968677.572
6 21 42522470.089
6 22 77436517.666
7 0 3035929294.533
7 1 1911554402.975
7 2 257557383.184
7 3 256884808.800
7 4 460769782.629
7 5 309742803.206
7 6 193665704.569
7 8 396936174.854
7 9 1553747807.724
7 10 2477922902.282
7 11 356115076.359
7 12 934624440.942
7 13 3315585003.567
7 14 25431554.926
7 15 399111366.394
7 16 16467028.857
7 17 1067633984.903
7 18 319336210.507
7 19 1075025716.546
7 20 611815457.564
7 21 2049126319.041
7 22 211554209.648
8 0 185271309.605
8 1 355886874.596
8 2 60328087.257
8 3 38932746.177
8 4 60388076.356
8 5 9887806.735
8 6 28937172.296
8 7 105946060.157
8 9 354036883.810
8 10 547884369.849
8 11 205778935.532
8 12 337351037.909
8 13 214820740.567
8 14 3756460.266
8 15 105556593.897
8 16 3702857.013
8 17 196950461.035
8 18 53010540.964
8 19 73000559.629
8 20 301590974.241
8 21 273989583.664
8 22 61069136.589
9 0 1135027979.489
9 1 2166239680.822
9 2 268244765.329
9 3 519061921.891
9 4 350869443.697
9 5 467476991.498
9 6 451187045.822
9 7 3082748869.343
9 8 282512327.056
9 10 3852392173.523
9 11 156585754.394
9 12 4232811312.318
9 13 3496202743.645
9 14 10000878.098
9 15 1227218590.132
9 16 33281815.619
9 17 1333192094.933
9 18 148582266.232
9 19 430954516.530
9 20 3147277596.381
9 21 2266000479.909
9 22 538892370.094
10 0 3568538371.945
10 1 2130952927.430
10 2 550666341.342
10 3 451890019.472
10 4 433566078.084
10 5 404019669.847
10 6 466209356.881
10 7 1338384192.426
10 8 345024141.566
10 9 1454596210.292
10 11 1099358213.703
10 12 3011434948.342
10 13 2013214115.754
10 14 32317368.872
10 15 4185330790.732
10 16 30099104.757
10 17 380243427.052
10 18 351002569.616
10 19 1406549573.179
10 20 2879588247.126
10 21 1383257012.062
10 22 135544534.838
11 0 653316628.964
11 1 760537696.356
11 2 161570322.771
11 3 141698406.010
11 4 196685955.951
11 5 162155206.856
11 6 138595502.023
11 7 283024344.800
11 8 84019075.350
11 9 1092258154.023
11 10 1226069166.173
11 12 331186632.698
11 13 588485586.058
11 14 3801612.037
11 15 239816685.958
11 16 7954896.121
11 17 322333877.334
11 18 106643561.275
11 19 170973902.555
11 20 1286468969.307
11 21 786031380.032
11 22 86164813.255
12 0 698671519.693
12 1 2142343183.763
12 2 360644506.152
12 3 285077306.274
12 4 676865180.988
12 5 568443433.178
12 6 226931093.057
12 7 2310170072.569
12 8 678357589.855
12 9 1599850780.798
12 10 3680141776.723
12 11 1682191003.278
12 13 4233721895.542
12 14 44315572.250
12 15 3526213560.139
12 16 6897857.936
12 17 1991297471.253
12 18 451954071.635
12 19 1905952998.799
12 20 2121193355.628
12 21 2104486204.117
12 22 549842408.280
13 0 1532233813.825
13 1 2553463492.321
13 2 96086813.280
13 3 337652220.741
13 4 310220198.653
13 5 192414193.981
13 6 342402533.093
13 7 620855769.648
13 8 386709273.056
13 9 2172015792.806
13 10 3664323173.732
13 11 1214153927.031
13 12 3423492096.160
13 14 16222110.975
13 15 4471943154.847
13 16 11622796.857
13 17 1035091117.365
13 18 44262396.745
13 19 1827602071.743
13 20 3711714934.484
13 21 2642840365.804
13 22 151215671.519
14 0 3092176.187
14 1 24100944.841
14 2 2737314.648
14 3 1485307.547
14 4 3520512.865
14 5 4653172.238
14 6 3299516.086
14 7 11626387.490
14 8 931814.775
14 9 27755068.551
14 10 38376014.965
14 11 2531813.844
14 12 24511663.100
14 13 15726962.443
14 15 37320949.326
14 16 244435.086
14 17 15927449.310
14 18 741460.900
14 19 6934223.893
14 20 6591066.409
14 21 16320275.635
14 22 969511.427
15 0 1658562012.037
15 1 785305376.810
15 2 196470275.293
15 3 512403205.585
15 4 67680919.127
15 5 213111722.882
15 6 581392408.801
15 7 2195792516.766
15 8 134589215.132
15 9 866661230.343
15 10 3595087013.629
15 11 648092338.901
15 12 916281384.583
15 13 1843607417.701
15 14 28953097.800
15 16 28023448.263
15 17 933766890.370
15 18 211973411.997
15 19 516121013.005
15 20 3019742950.927
15 21 1701080217.311
15 22 485299982.392
16 0 9974561.449
16 1 12347144.180
16 2 3282749.773
16 3 555202.077
16 4 2401554.920
16 5 965506.948
16 6 4742973.022
16 7 11191940.213
16 8 3558844.371
16 9 19304071.382
16 10 27502692.486
16 11 4199699.896
16 12 23231306.724
16 13 4654982.964
16 14 97892.498
16 15 7950337.200
16 17 12811200.674
16 18 1503235.392
16 19 7920967.075
16 20 6222504.550
16 21 8824646.014
16 22 4571724.789
17 0 596921743.413
17 1 670388269.516
17 2 140098244.589
17 3 54900958.950
17 4 91216385.150
17 5 69221381.913
17 6 100245889.926
17 7 1116555511.473
17 8 107428991.806
17 9 331764998.734
17 10 1073374695.900
17 11 461109353.768
17 12 1139506547.109
17 13 916744263.064
17 14 14163118.771
17 15 703586545.629
17 16 4811896.316
17 18 51900714.707
17 19 716630362.664
17 20 1605321915.934
17 21 654752909.472
17 22 97422120.222
18 0 72663384.554
18 1 150266882.776
18 2 41523556.066
18 3 10334625.412
18 4 7909794.677
18 5 21297765.422
18 6 12878539.929
18 7 301043710.740
18 8 22732782.372
18 9 76800804.588
18 10 70982921.639
18 11 62829962.959
18 12 385060482.269
18 13 405211780.572
18 14 2638005.409
18 15 221481006.008
18 16 2740408.387
18 17 63477492.801
18 19 90706872.013
18 20 187621757.472
18 21 60537378.253
18 22 28262599.885
19 0 1493837121.079
19 1 193762940.263
19 2 141598276.302
19 3 188035300.464
19 4 226416991.814
19 5 234658045.943
19 6 54843591.654
19 7 168267072.607
19 8 120647036.095
19 9 267957538.686
19 10 1838033989.849
19 11 267989331.410
19 12 2114241554.357
19 13 856333974.534
19 14 3498228.962
19 15 785618345.929
19 16 1806659.735
19 17 687429503.753
19 18 60759272.687
19 20 380329966.937
19 21 719863523.062
19 22 254290651.543
20 0 2355913681.596
20 1 806905770.443
20 2 178360637.538
20 3 85575825.776
20 4 270235747.349
20 5 204054330.926
20 6 244196835.232
20 7 347388913.834
20 8 97157999.237
20 9 3024989830.207
20 10 3927341017.398
20 11 987469639.372
20 12 3701544684.471
20 13 4432090169.763
20 14 15302960.472
20 15 392241358.827
20 16 23011073.438
20 17 1912226302.115
20 18 273865208.444
20 19 1567310830.744
20 21 577841100.685
20 22 564268059.693
21 0 789789789.027
21 1 844731311.719
21 2 54853060.560
21 3 321733644.005
21 4 180860369.451
21 5 382570696.636
21 6 207372551.559
21 7 880126548.706
21 8 145023228.446
21 9 1707556442.464
21 10 912682811.277
21 11 412423339.942
21 12 3213910526.589
21 13 411585312.308
21 14 16170794.581
21 15 2586718146.403
21 16 7047633.947
21 17 1135098517.256
21 18 106304263.246
21 19 535698350.806
21 20 538937214.731
21 22 338561627.035
22 0 98129262.815
22 1 359938997.714
22 2 13642474.406
22 3 80860429.460
22 4 31682629.690
22 5 61513513.044
22 6 32735699.836
22 7 397047670.240
22 8 25167781.078
22 9 286081654.367
22 10 289293438.651
22 11 138088750.344
22 12 531495684.339
22 13 368902714.728
22 14 2091077.862
22 15 207307861.913
22 16 4397791.313
22 17 139813885.982
22 18 39028006.869
22 19 69569209.301
22 20 125599966.465
22 21 232981194.568
