506
0 1 2288544128.802
0 2 261223359.164
0 3 267740339.242
0 4 81843074.445
0 5 416426733.383
0 6 220276913.777
0 7 1543735795.422
0 8 317278989.291
0 9 946874763.880
0 10 3180055963.151
0 11 1182903174.107
0 12 1277489243.363
0 13 3680095197.892
0 14 18262109.314
0 15 2752403592.924
0 16 27649033.441
0 17 1099900700.830
0 18 228583081.844
0 19 345781237.149
0 20 2517812746.143
0 21 2095619781.289
0 22 350197746.439
1 0 1849528285.661
1 2 379792978.092
1 3 377563294.642
1 4 225718289.279
1 5 178924597.450
1 6 304098030.129
1 7 1671090478.580
1 8 315232810.767
1 9 2292947481.588
1 10 1967606956.034
1 11 885082853.108
1 12 927493321.392
1 13 713850158.331
1 14 3794978.460
1 15 1483435729.090
1 16 3114710.424
1 17 1022146549.850
1 18 70022752.918
1 19 188456054.392
1 20 579210357.394
1 21 1640286324.935
1 22 389227480.187
2 0 57485505.615
2 1 320362980.884
2 3 21783515.750
2 4 37209230.720
2 5 43529035.004
2 6 54884651.586
2 7 383021860.516
2 8 38490323.469
2 9 222013360.628
2 10 587398116.328
2 11 119805071.863
2 12 748840355.444
2 13 664167208.768
2 14 4573074.707
2 15 131658115.055
2 16 5350133.580
2 17 90632103.244
2 18 44471219.335
2 19 153870269.988
2 20 486998875.914
2 21 57694835.859
2 22 41652609.797
3 0 511571557.402
3 1 189638589.678
3 2 86801594.496
3 4 58602780.490
3 5 33576049.106
3 6 81481907.571
3 7 185245493.980
3 8 38321240.335
3 9 250700074.643
3 10 448888876.901
3 11 144201838.132
3 12 357774346.832
3 13 499458755.453
3 14 5361353.597
3 15 291552469.199
3 16 916657.572
3 17 190876454.719
3 18 31068400.945
3 19 150312469.528
3 20 543094682.210
3 21 183829322.216
3 22 34900678.382
4 0 95872030.660
4 1 39033538.136
4 2 62908976.852
4 3 73044562.116
4 5 36861422.202
4 6 26359105.431
4 7 152232456.906
4 8 59595936.670
4 9 84863184.622
4 10 531837104.574
4 11 27394153.419
4 12 404953852.624
4 13 81715763.825
4 14 4713709.972
4 15 198638600.946
4 16 3531046.149
4 17 127656213.444
4 18 24926908.595
4 19 161934942.534
4 20 611272849.554
4 21 189210184.433
4 22 22851940.535
5 0 290153897.033
5 1 42460744.152
5 2 22744466.631
5 3 83726703.979
5 4 60148619.115
5 6 71986339.359
5 7 446016252.065
5 8 34258673.705
5 9 151810413.773
5 10 80926342.748
5 11 84036450.066
5 12 315937005.628
5 13 251477655.512
5 14 2940955.483
5 15 349093718.637
5 16 1166614.834
5 17 216423897.111
5 18 20362465.055
5 19 29346268.002
5 20 422322603.493
5 21 169611960.771
5 22 31754543.216
6 0 454621802.070
6 1 77406758.190
6 2 25903961.026
6 3 16612909.796
6 4 20782194.675
6 5 61718101.455
6 7 502252748.800
6 8 60448745.920
6 9 353581428.629
6 10 325832568.424
6 11 195388041.845
6 12 655723366.307
6 13 320745279.120
6 14 662236.051
6 15 530018775.019
6 16 3495808.991
6 17 43591345.036
6 18 25376061.671
6 19 208306224.511
6 20 569145718.499
6 21 260503846.797
6 22 83298827.325
7 0 1662110846.978
7 1 283110166.142
7 2 284224065.242
7 3 181349834.748
7 4 212008863.099
7 5 273992981.791
7 6 369106657.123
7 8 457234662.865
7 9 301441824.936
7 10 678884640.270
7 11 674646251.606
7 12 3778849538.009
7 13 1568761410.478
7 14 21522394.031
7 15 3365514149.324
7 16 4459197.435
7 17 505248669.953
7 18 93285494.901
7 19 793389941.804
7 20 3496483148.193
7 21 2271643947.722
7 22 77602681.337
8 0 417122778.356
8 1 87568332.380
8 2 58058837.425
8 3 57383048.685
8 4 83773867.332
8 5 48259695.359
8 6 62918903.942
8 7 88560051.514
8 9 249663003.224
8 10 371056753.010
8 11 170278434.709
8 12 318318848.804
8 13 512754809.323
8 14 1254347.930
8 15 571641919.374
8 16 3313948.836
8 17 211723392.998
8 18 44116241.636
8 19 50715221.271
8 20 475869537.774
8 21 91964526.348
8 22 17269522.523
9 0 1912620306.783
9 1 1137667467.448
9 2 347744660.678
9 3 454989948.922
9 4 480981776.476
9 5 488985048.013
9 6 486264446.034
9 7 881126804.461
9 8 227135629.876
9 10 3008350445.552
9 11 129349365.902
9 12 860357154.845
9 13 647410614.838
9 14 32751645.622
9 15 445006852.150
9 16 24560877.632
9 17 578620027.094
9 18 104760351.444
9 19 992063498.409
9 20 1404516186.507
9 21 1154958153.320
9 22 287574015.712
10 0 2885527311.800
10 1 2598823994.055
10 2 98686133.537
10 3 390459315.912
10 4 362588120.207
10 5 55551851.819
10 6 264834649.340
10 7 579696065.178
10 8 488760880.431
10 9 1787618571.262
10 11 698755740.012
10 12 3844813866.802
10 13 1835890294.006
10 14 28617437.787
10 15 3297988725.367
10 16 26778293.531
10 17 793179840.525
10 18 243815274.050
10 19 1275311328.317
10 20 1934909675.132
10 21 1133747775.952
10 22 497506040.285
11 0 1271875453.531
11 1 669854048.270
11 2 190110718.285
11 3 59716347.881
11 4 83723509.821
11 5 149850717.068
11 6 66981229.411
11 7 507996728.265
11 8 110156705.256
11 9 450014579.345
11 10 922046628.514
11 12 1196382196.461
11 13 1606780704.091
11 14 10364461.965
11 15 1395152432.457
11 16 8605489.116
11 17 237342604.832
11 18 60171957.756
11 19 101989268.198
11 20 927651689.541
11 21 605737152.307
11 22 93177795.810
12 0 2116731920.363
12 1 2098248764.088
12 2 219931065.107
12 3 583322553.790
12 4 379449124.093
12 5 668933227.047
12 6 178796373.154
12 7 2539298064.369
12 8 559569442.126
12 9 3003879894.608
12 10 1411619556.873
12 11 1696257252.477
12 13 1504125202.217
12 14 41956061.790
12 15 3626853626.549
12 16 21293546.650
12 17 195901220.611
12 18 119657896.442
12 19 1626648568.890
12 20 5132441026.982
12 21 3275634748.998
12 22 550305363.232
13 0 3646202670.360
13 1 1151249537.530
13 2 362151543.275
13 3 162010300.471
13 4 214889054.637
13 5 282120114.185
13 6 188666069.326
13 7 1938752520.131
13 8 82901198.954
13 9 2888480848.278
13 10 2683308756.481
13 11 1407857211.847
13 12 5245999120.779
13 14 39222023.527
13 15 779726819.925
13 16 10124309.299
13 17 1036646442.883
13 18 333518108.286
13 19 789813497.359
13 20 1062421181.905
13 21 1202167679.851
13 22 359773213.918
14 0 26133514.752
14 1 22582944.155
14 2 3661148.896
14 3 4380513.203
14 4 3926181.652
14 5 4472386.092
14 6 4797647.611
14 7 19499980.782
14 8 1123913.154
14 9 28659742.588
14 10 3657403.201
14 11 1682344.996
14 12 43777106.016
14 13 20994302.822
14 15 28060895.263
14 16 285581.279
14 17 12445801.870
14 18 506325.360
14 19 15169839.929
14 20 36110957.227
14 21 19313888.745
14 22 4084847.439
15 0 3360504806.982
15 1 1620567945.427
15 2 93764882.859
15 3 198577310.870
15 4 335939426.993
15 5 572037259.765
15 6 231781152.770
15 7 1096072614.779
15 8 553144917.761
15 9 1362046061.324
15 10 2429917174.672
15 11 283989653.654
15 12 927852507.878
15 13 3547675419.316
15 14 17621291.585
15 16 33823510.663
15 17 1754034200.819
15 18 166577863.033
15 19 934721822.426
15 20 1453531032.967
15 21 327610073.745
15 22 591469874.374
16 0 6687696.815
16 1 2069902.920
16 2 1158947.709
16 3 1581047.016
16 4 2301872.621
16 5 4357565.998
16 6 5268448.783
16 7 26147881.087
16 8 1157328.550
16 9 3524398.512
16 10 27090623.939
16 11 10539251.353
16 12 44344727.159
16 13 31865279.390
16 14 158989.596
16 15 29337158.614
16 17 12603019.651
16 18 714628.615
16 19 1435447.746
16 20 22022218.735
16 21 9510419.314
16 22 705785.431
17 0 648846106.405
17 1 690822454.009
17 2 195301714.215
17 3 203539843.905
17 4 140853204.376
17 5 121897453.838
17 6 191679069.400
17 7 460327137.749
17 8 155632065.661
17 9 1116149141.014
17 10 584900918.149
17 11 285043344.934
17 12 782013095.353
17 13 1276396530.896
17 14 10120133.530
17 15 989942354.025
17 16 7194101.904
17 18 63038362.667
17 19 166290652.434
17 20 825453739.014
17 21 197286939.011
17 22 86029698.943
18 0 316990651.138
18 1 65883379.929
18 2 54553970.864
18 3 8980821.946
18 4 32590157.334
18 5 35257159.270
18 6 5995542.511
18 7 304951614.639
18 8 39724878.694
18 9 90873195.684
18 10 295835671.503
18 11 40205752.809
18 12 253171383.350
18 13 113208637.273
18 14 2165514.481
18 15 366976082.525
18 16 1527975.345
18 17 18009747.430
18 19 147256487.268
18 20 68170453.325
18 21 159880220.526
18 22 42745772.516
19 0 329992314.490
19 1 802849029.841
19 2 143339471.606
19 3 39760318.183
19 4 230475764.173
19 5 56536587.866
19 6 96931952.369
19 7 261085389.772
19 8 192463124.775
19 9 543434614.803
19 10 1217511444.400
19 11 396272188.990
19 12 971245958.641
19 13 516671462.398
19 14 11839070.387
19 15 1074360723.908
19 16 6606679.347
19 17 592562271.991
19 18 101312305.294
19 20 1609178886.252
19 21 449219924.788
19 22 67235332.006
20 0 3582585652.006
20 1 1825195568.237
20 2 242174830.081
20 3 59470808.474
20 4 533748777.536
20 5 450111523.262
20 6 232779446.823
20 7 3035269257.445
20 8 278943682.051
20 9 2240276046.768
20 10 738550697.428
20 11 1325479803.277
20 12 1193204496.281
20 13 2661422587.418
20 14 21146447.784
20 15 4395829296.410
20 16 31682252.204
20 17 996166066.742
20 18 403109425.679
20 19 970051398.130
20 21 621807763.689
20 22 122529455.527
21 0 2080880370.798
21 1 928754984.755
21 2 391636658.421
21 3 87634068.618
21 4 78242674.794
21 5 259404269.310
21 6 91182869.366
21 7 1577993459.838
21 8 82105208.673
21 9 2236560168.083
21 10 1583248934.447
21 11 233833255.373
21 12 1372562004.708
21 13 1133623840.875
21 14 15627611.880
21 15 1121980389.188
21 16 11186363.536
21 17 327185319.468
21 18 227977473.294
21 19 860144125.496
21 20 651537849.506
21 22 204025319.695
22 0 253956728.341
22 1 159813743.786
22 2 32029943.306
22 3 21570106.223
22 4 45038073.756
22 5 67742698.246
22 6 27039530.130
22 7 77609654.133
22 8 37152130.210
22 9 395206691.507
22 10 349631969.729
22 11 153641068.686
22 12 310734741.569
22 13 557354475.855
22 14 721799.505
22 15 155065729.317
22 16 2446363.053
22 17 79021685.269
22 18 7504945.648
22 19 156880778.540
22 20 632866990.713
22 21 386715301.762
