506
0 1 1554227002.703
0 2 419820284.605
0 3 441360074.553
0 4 231208450.725
0 5 451322878.189
0 6 121725876.441
0 7 768940754.767
0 8 475645797.041
0 9 2281251208.259
0 10 2367247716.396
0 11 407953483.570
0 12 407131284.838
0 13 375089980.094
0 14 5956363.653
0 15 1201226194.208
0 16 16382658.769
0 17 155629862.527
0 18 298221230.889
0 19 1145591771.773
0 20 856706214.877
0 21 2000898676.557
0 22 110882754.660
1 0 1992370151.141
1 2 106353612.120
1 3 111861284.226
1 4 142660566.750
1 5 269539840.871
1 6 70902269.683
1 7 1305428625.315
1 8 158009884.819
1 9 2188953732.414
1 10 958753143.540
1 11 350499279.617
1 12 2097227281.752
1 13 1296560248.818
1 14 22145450.119
1 15 1830858185.127
1 16 17204034.241
1 17 1138826568.083
1 18 151568207.974
1 19 157688448.929
1 20 2363198953.625
1 21 903645523.274
1 22 347318778.738
2 0 218723540.098
2 1 103205622.642
2 3 42280354.125
2 4 30730191.420
2 5 84148716.520
2 6 8907565.769
2 7 531146385.545
2 8 85879327.393
2 9 482316110.722
2 10 310093297.781
2 11 84509993.395
2 12 139818260.608
2 13 204073335.758
2 14 5533695.170
2 15 278881342.013
2 16 5027650.152
2 17 131942078.149
2 18 6066054.323
2 19 225636793.568
2 20 374828160.144
2 21 42225893.081
2 22 70039999.215
3 0 45074195.156
3 1 348463965.524
3 2 38427524.405
3 4 72934201.995
3 5 61599355.903
3 6 58810786.450
3 7 95967512.629
3 8 65055448.848
3 9 478274408.313
3 10 606624299.995
3 11 84870410.308
3 12 307344509.444
3 13 116442773.716
3 14 3920978.649
3 15 138807524.251
3 16 3757224.628
3 17 222411523.940
3 18 49182826.885
3 19 39086666.498
3 20 445975439.873
3 21 32681289.421
3 22 32211545.555
4 0 386253335.598
4 1 333955096.979
4 2 54033162.419
4 3 62275754.812
4 5 72597848.603
4 6 26520080.137
4 7 414705312.242
4 8 59208530.304
4 9 462689677.072
4 10 57934135.221
4 11 75040772.211
4 12 141325076.473
4 13 628993171.364
4 14 2535761.149
4 15 408560741.362
4 16 2302368.946
4 17 197264098.545
4 18 48479167.284
4 19 192898144.448
4 20 326658724.274
4 21 137986191.321
4 22 60297788.759
5 0 466128027.208
5 1 143732023.397
5 2 67778829.221
5 3 15078571.272
5 4 30119740.448
5 6 8798095.244
5 7 388439529.415
5 8 31125634.303
5 9 489877717.956
5 10 350396055.802
5 11 77946218.818
5 12 412469298.291
5 13 175143280.348
5 14 4645970.278
5 15 449552646.548
5 16 5233498.680
5 17 56693770.122
5 18 31681244.289
5 19 191197231.536
5 20 581467352.484
5 21 256415366.964
5 22 36584924.111
6 0 182791030.006
6 1 72770039.051
6 2 8688279.387
6 3 41140593.528
6 4 40570797.982
6 5 46950196.767
6 7 236474328.656
6 8 52319670.497
6 9 395784124.388
6 10 328840242.923
6 11 66687314.033
6 12 212876679.071
6 13 450887768.423
6 14 1358964.155
6 15 448119972.298
6 16 3575912.968
6 17 52515859.257
6 18 39095964.007
6 19 212439237.784
6 20 66171647.370
6 21 257226420.088
6 22 25052482.169
7 0 1066933212.801
7 1 593469874.966
7 2 44382642.899
7 3 484487446.683
7 4 280607857.422
7 5 486536766.786
7 6 98733161.027
7 8 327702851.753
7 9 2852213474.738
7 10 1301041241.772
7 11 1218518617.314
7 12 1549483040.616
7 13 1127235113.368
7 14 5306294.575
7 15 2458066131.065
7 16 27503408.500
7 17 1330143759.971
7 18 149641392.322
7 19 285329912.564
7 20 3343595224.821
7 21 2049012170.538
7 22 425635381.043
8 0 470863426.629
8 1 141210440.208
8 2 42697969.452
8 3 56760295.159
8 4 45455915.957
8 5 14030504.996
8 6 57058744.456
8 7 460457771.313
8 9 358141828.746
8 10 313845140.928
8 11 31066605.368
8 12 418740606.392
8 13 201073531.485
8 14 3225989.246
8 15 163808133.127
8 16 2710745.404
8 17 114770051.089
8 18 11321632.725
8 19 23304139.935
8 20 226717945.454
8 21 57043012.579
8 22 68821233.849
9 0 2555477103.852
9 1 2054385385.663
9 2 234613734.545
9 3 82779980.887
9 4 239182875.209
9 5 162513786.063
9 6 306323559.332
9 7 1313518912.972
9 8 123674651.723
9 10 671559428.519
9 11 1319118316.951
9 12 3482770530.236
9 13 2569139831.918
9 14 4251361.553
9 15 2211408036.197
9 16 26353314.870
9 17 1176590684.458
9 18 38028304.702
9 19 1220915950.291
9 20 1458156339.767
9 21 2099988567.361
9 22 242565686.172
10 0 1008184350.611
10 1 1172851601.535
10 2 153533075.996
10 3 165677901.709
10 4 471661699.441
10 5 386989338.575
10 6 324626509.651
10 7 2969548222.522
10 8 554033741.290
10 9 3864218103.764
10 11 321859481.562
10 12 2413670153.636
10 13 2854690295.432
10 14 11233653.345
10 15 411378759.972
10 16 35103913.234
10 17 231053868.627
10 18 106883669.250
10 19 315761243.132
10 20 1298909021.204
10 21 2083235178.563
10 22 505198393.219
11 0 1127223461.354
11 1 651942117.381
11 2 184959119.950
11 3 198385751.745
11 4 191628079.241
11 5 36009560.199
11 6 103590413.322
11 7 710356598.173
11 8 80253532.561
11 9 1104280981.691
11 10 908687264.044
11 12 1109159862.554
11 13 1551674108.090
11 14 8563523.286
11 15 1322696318.366
11 16 8962987.547
11 17 216764362.961
11 18 77325684.003
11 19 400851252.272
11 20 204614382.399
11 21 273429067.653
11 22 152087781.397
12 0 582815190.470
12 1 358104171.799
12 2 715675631.047
12 3 670160807.168
12 4 190768777.254
12 5 187423442.240
12 6 298449137.763
12 7 824308794.103
12 8 599882088.608
12 9 3489405026.565
12 10 4415974193.712
12 11 1296794580.216
12 13 1377958385.526
12 14 44184197.114
12 15 3506399499.924
12 16 11107642.796
12 17 679637501.905
12 18 126201664.764
12 19 983731709.168
12 20 4351907769.230
12 21 1866323718.995
12 22 637637230.958
13 0 1646522011.076
13 1 2426063680.887
13 2 515310035.532
13 3 504825933.425
13 4 80590768.529
13 5 121467388.157
13 6 532693271.444
13 7 3850590986.566
13 8 644522196.812
13 9 1006095160.841
13 10 2376235144.503
13 11 746653816.724
13 12 4409252447.941
13 14 12635715.308
13 15 1733948038.062
13 16 19860686.865
13 17 930191485.228
13 18 223248665.701
13 19 840239064.657
13 20 2411498286.508
13 21 1167390675.741
13 22 613410965.012
14 0 23213234.996
14 1 23878454.227
14 2 3322291.591
14 3 3892595.794
14 4 3978245.285
14 5 2250168.113
14 6 3878589.661
14 7 13391813.942
14 8 4268750.087
14 9 7711364.392
14 10 30346880.198
14 11 9475056.380
14 12 5271812.687
14 13 21999354.081
14 15 34339982.602
14 16 51761.690
14 17 9300639.348
14 18 1772093.335
14 19 13321864.001
14 20 32339262.427
14 21 23319884.863
14 22 2743187.186
15 0 729595276.405
15 1 1058523134.364
15 2 155452668.837
15 3 312897153.222
15 4 446115083.119
15 5 282690491.900
15 6 76854823.043
15 7 1505604141.010
15 8 85427266.481
15 9 3521409738.207
15 10 3882092924.496
15 11 836031679.068
15 12 823874572.847
15 13 3740068412.837
15 14 20223688.130
15 16 24881581.442
15 17 1125428477.987
15 18 301876884.466
15 19 1418422657.500
15 20 3374931811.013
15 21 2074125870.214
15 22 436589784.824
16 0 28909915.896
16 1 14636366.886
16 2 2706568.048
16 3 1710571.596
16 4 1801603.926
16 5 2724183.373
16 6 3598385.082
16 7 8759485.501
16 8 1972735.117
16 9 24886169.025
16 10 36409808.157
16 11 4607016.480
16 12 19111897.178
16 13 36081749.283
16 14 241369.421
16 15 24327106.142
16 17 1994647.646
16 18 517974.390
16 19 5948088.334
16 20 30213902.129
16 21 21882658.433
16 22 3628181.704
17 0 916222919.642
17 1 639488022.188
17 2 145963287.536
17 3 36170927.719
17 4 121186565.154
17 5 257380090.613
17 6 179132274.022
17 7 762758798.219
17 8 190926565.210
17 9 1375301463.141
17 10 940400689.586
17 11 624379282.322
17 12 892197246.413
17 13 505478004.784
17 14 9463340.250
17 15 187833966.874
17 16 12701882.286
17 18 43371271.062
17 19 75669894.111
17 20 1647182086.258
17 21 989291430.986
17 22 132328722.371
18 0 104407610.362
18 1 175180885.258
18 2 55242465.386
18 3 48989095.375
18 4 43806970.123
18 5 35021740.621
18 6 54443098.710
18 7 139762334.894
18 8 50519751.069
18 9 277718646.613
18 10 376354895.369
18 11 80529333.534
18 12 415098085.944
18 13 37790983.492
18 14 1867988.331
18 15 230022724.052
18 16 1669663.195
18 17 87145718.938
18 19 50120940.518
18 20 83177316.907
18 21 99050458.506
18 22 43907215.144
19 0 606171370.361
19 1 265047872.898
19 2 237908101.039
19 3 156702319.288
19 4 52163228.067
19 5 188324639.397
19 6 113372511.351
19 7 1245703952.123
19 8 184987962.443
19 9 300592606.074
19 10 231110812.906
19 11 519633969.493
19 12 1527305889.712
19 13 1163180782.630
19 14 11794668.562
19 15 929490741.882
19 16 3885618.485
19 17 445709099.080
19 18 67910663.347
19 20 179778601.941
19 21 150219170.485
19 22 76954027.519
20 0 2977631131.702
20 1 1735968636.360
20 2 480373082.761
20 3 71823007.407
20 4 460963239.426
20 5 322825733.284
20 6 129502652.522
20 7 1446513109.207
20 8 529796851.931
20 9 3168721544.587
20 10 3656553119.766
20 11 853163238.706
20 12 1678591147.947
20 13 3569063442.037
20 14 14533614.075
20 15 569202642.816
20 16 14931415.501
20 17 1425696417.494
20 18 334475816.680
20 19 1573169884.030
20 21 788828532.827
20 22 144031306.161
21 0 445048371.978
21 1 818976396.073
21 2 235841679.793
21 3 308475538.713
21 4 277420469.622
21 5 337653662.018
21 6 81214434.906
21 7 253798433.426
21 8 378280948.864
21 9 435513358.136
21 10 2732718524.777
21 11 699808839.637
21 12 3289978240.931
21 13 626344100.705
21 14 4852971.516
21 15 1729395581.464
21 16 6527654.759
21 17 375172532.248
21 18 158947513.768
21 19 279317457.191
21 20 1443430301.794
21 22 109626594.373
22 0 371072245.077
22 1 44204714.353
22 2 52319153.421
22 3 79034388.457
22 4 21943351.088
22 5 76056664.195
22 6 50621927.515
22 7 229604370.904
22 8 49391197.723
22 9 201250003.528
22 10 78437244.130
22 11 197285343.225
22 12 598775647.884
22 13 268105221.673
22 14 464236.556
22 15 342108339.606
22 16 568821.712
22 17 229505815.142
22 18 49085044.394
22 19 68098031.860
22 20 574141943.135
22 21 147988090.907
