506
0 1 554043031.599
0 2 125407625.486
0 3 135893308.571
0 4 61071059.906
0 5 433078064.189
0 6 456581623.300
0 7 622507821.694
0 8 419595788.685
0 9 1634199406.350
0 10 2801754284.474
0 11 869121950.423
0 12 666064298.234
0 13 931800005.234
0 14 3721161.835
0 15 1795662151.725
0 16 10302177.181
0 17 1106031321.139
0 18 274086822.542
0 19 980429529.955
0 20 2790283117.736
0 21 1584779693.228
0 22 283465278.095
1 0 1359225949.468
1 2 381394569.675
1 3 248889099.481
1 4 299336216.943
1 5 253511089.321
1 6 327818551.768
1 7 2092495385.261
1 8 130672414.560
1 9 1725496761.035
1 10 532382623.931
1 11 182576182.932
1 12 826815686.952
1 13 1240935816.219
1 14 12128510.030
1 15 1380953245.408
1 16 12285543.674
1 17 995745686.788
1 18 101673125.536
1 19 736043375.406
1 20 2122351617.170
1 21 953803990.570
1 22 77999179.865
2 0 131750675.069
2 1 75657910.099
2 3 54718974.233
2 4 20317970.518
2 5 12490397.700
2 6 62407894.806
2 7 354700061.281
2 8 19543766.559
2 9 482953131.884
2 10 574021963.115
2 11 114474605.444
2 12 286754516.025
2 13 508342850.281
2 14 5306109.212
2 15 326587315.828
2 16 2294213.890
2 17 212825751.995
2 18 22049986.742
2 19 52998983.177
2 20 357878247.859
2 21 46082559.536
2 22 87796448.100
3 0 43170030.653
3 1 58602569.252
3 2 70468372.520
3 4 13389444.884
3 5 64398472.831
3 6 50771295.425
3 7 462697341.183
3 8 48336556.367
3 9 391165570.456
3 10 225419770.561
3 11 18523160.415
3 12 501991810.951
3 13 258170671.665
3 14 990895.223
3 15 487148291.866
3 16 5283725.825
3 17 109369292.057
3 18 6025513.381
3 19 76276117.862
3 20 71780312.047
3 21 300533666.050
3 22 70427819.262
4 0 120595177.781
4 1 142090861.250
4 2 42124099.248
4 3 39612930.992
4 5 24643274.424
4 6 27714894.944
4 7 432431872.923
4 8 60429853.849
4 9 472136930.558
4 10 188787720.270
4 11 96237905.746
4 12 348853384.350
4 13 154570798.837
4 14 538862.499
4 15 179059525.851
4 16 1621519.697
4 17 49078003.367
4 18 30735185.384
4 19 186199412.003
4 20 436192613.397
4 21 153846467.949
4 22 22480320.633
5 0 269405432.434
5 1 262141393.606
5 2 20150190.725
5 3 51704812.835
5 4 25460487.622
5 6 29999451.649
5 7 315606170.225
5 8 64367869.107
5 9 76655299.995
5 10 407881427.778
5 11 67914472.275
5 12 495413405.917
5 13 305646761.818
5 14 3525322.695
5 15 536475826.151
5 16 3396399.891
5 17 88533351.717
5 18 35088900.368
5 19 28452451.329
5 20 303364835.920
5 21 226663304.325
5 22 15253363.124
6 0 207962943.165
6 1 44989604.182
6 2 37805706.502
6 3 30651308.894
6 4 64298894.005
6 5 12445143.931
6 7 154115716.149
6 8 76374942.900
6 9 451926712.149
6 10 241734423.546
6 11 74451262.137
6 12 575061886.864
6 13 344344681.887
6 14 3853063.038
6 15 417208651.563
6 16 2814255.006
6 17 204441055.157
6 18 19209833.901
6 19 179856936.455
6 20 509668348.061
6 21 51934552.793
6 22 18871764.613
7 0 2223579386.628
7 1 1751357319.940
7 2 363247211.257
7 3 385372534.246
7 4 112425270.903
7 5 253919646.163
7 6 495904516.647
7 8 313537121.902
7 9 3042067587.805
7 10 2259663181.112
7 11 925815669.950
7 12 2872690930.417
7 13 352024376.488
7 14 31459344.783
7 15 1373764129.792
7 16 15043698.456
7 17 1166133920.685
7 18 132637093.206
7 19 1165000430.520
7 20 3467837457.707
7 21 2049550270.380
7 22 123607435.742
8 0 97864769.942
8 1 381976966.099
8 2 27800112.337
8 3 24651796.359
8 4 25955810.891
8 5 76084050.663
8 6 9881997.692
8 7 323916544.770
8 9 269205684.860
8 10 212550465.246
8 11 156561440.092
8 12 727761202.958
8 13 517091680.792
8 14 4825102.194
8 15 399066745.659
8 16 4289250.515
8 17 149752869.816
8 18 6892986.082
8 19 76333824.054
8 20 192890421.854
8 21 199982668.979
8 22 20654381.962
9 0 533615023.128
9 1 1491953924.469
9 2 436294655.559
9 3 290892665.786
9 4 441426571.516
9 5 427945152.468
9 6 354490631.338
9 7 1971860449.268
9 8 351722605.915
9 10 698761556.288
9 11 235297251.465
9 12 1418702898.486
9 13 1921503494.816
9 14 19335255.446
9 15 574737841.254
9 16 17173875.488
9 17 1066689718.787
9 18 333322451.052
9 19 540291426.116
9 20 2324659106.559
9 21 1190993796.364
9 22 391648157.124
10 0 3663421998.897
10 1 1821525850.970
10 2 575685457.184
10 3 155543225.062
10 4 439720626.689
10 5 311856792.600
10 6 301041611.945
10 7 2458333075.581
10 8 117747360.295
10 9 3607887576.903
10 11 1326225905.750
10 12 3316233786.275
10 13 3045200900.672
10 14 9446056.258
10 15 3563895269.952
10 16 29666624.700
10 17 1494698645.102
10 18 85132371.807
10 19 1363728269.097
10 20 3295491021.614
10 21 2351460702.086
10 22 495499944.497
11 0 441622787.255
11 1 168355684.060
11 2 189326911.929
11 3 77234471.283
11 4 56698986.352
11 5 50142055.334
11 6 134039721.674
11 7 800778756.202
11 8 185255734.176
11 9 1403578702.613
11 10 689766416.530
11 12 1570817350.133
11 13 1098517226.918
11 14 13323629.710
11 15 1318336705.165
11 16 8407123.223
11 17 196040698.071
11 18 11654324.976
11 19 511123331.101
11 20 151556070.043
11 21 254687511.681
11 22 149305783.362
12 0 2081294150.552
12 1 1567167081.718
12 2 470677921.976
12 3 237681455.999
12 4 486871278.023
12 5 611744538.615
12 6 69282132.310
12 7 2358439196.176
12 8 305917086.330
12 9 1989807135.635
12 10 3269730578.673
12 11 1335915871.947
12 13 1295330943.337
12 14 10237942.523
12 15 1918101536.480
12 16 42752944.991
12 17 1535222111.491
12 18 307030144.302
12 19 1942745360.303
12 20 4032812350.744
12 21 2537532062.764
12 22 699746183.163
13 0 1335787072.694
13 1 605941465.437
13 2 400520202.517
13 3 611166770.722
13 4 620703734.842
13 5 605766955.785
13 6 174701689.454
13 7 2665752069.299
13 8 294869071.301
13 9 2443704799.148
13 10 1273377666.710
13 11 659110571.311
13 12 3625062423.128
13 14 21525617.422
13 15 1014176428.501
13 16 30016680.268
13 17 1015218246.719
13 18 272677393.290
13 19 1072864358.440
13 20 3400798315.366
13 21 334638216.658
13 22 263532825.947
14 0 29070505.218
14 1 17918506.380
14 2 1329225.227
14 3 2960073.913
14 4 1875036.687
14 5 1075707.310
14 6 4638183.966
14 7 26066554.609
14 8 3355623.918
14 9 12996086.262
14 10 4633591.904
14 11 4837245.075
14 12 45036108.591
14 13 21296968.276
14 15 31661908.709
14 16 161712.508
14 17 7695624.645
14 18 1215089.296
14 19 6698584.431
14 20 27242553.566
14 21 23032332.578
14 22 495246.215
15 0 3315373593.427
15 1 1319177523.315
15 2 263967994.066
15 3 226235215.340
15 4 321694389.160
15 5 397654426.346
15 6 402029838.371
15 7 398448539.577
15 8 251148499.188
15 9 2091133585.184
15 10 1825121180.880
15 11 561679800.315
15 12 4697801064.372
15 13 2387424210.619
15 14 6713965.235
15 16 20969775.559
15 17 245032519.904
15 18 326037501.739
15 19 882404374.783
15 20 4247831115.046
15 21 1681555592.697
15 22 293210438.909
16 0 31607538.420
16 1 15027467.071
16 2 1418932.904
16 3 1488595.039
16 4 501524.411
16 5 2770488.861
16 6 5063812.664
16 7 29967952.637
16 8 2404312.317
16 9 4602814.560
16 10 30720035.021
16 11 8608253.612
16 12 36579750.895
16 13 22480804.808
16 14 101538.997
16 15 23929397.557
16 17 11642225.225
16 18 2850270.318
16 19 9423740.520
16 20 16173907.744
16 21 20113630.814
16 22 1824107.168
17 0 1283857958.166
17 1 112289873.589
17 2 124705330.002
17 3 88205313.949
17 4 66034427.639
17 5 180678909.178
17 6 79695280.467
17 7 1385665943.910
17 8 80137065.155
17 9 1379316789.629
17 10 1073751971.834
17 11 327928523.175
17 12 230592144.310
17 13 1402087038.004
17 14 2432745.462
17 15 1122897180.421
17 16 2982227.070
17 18 104273829.307
17 19 692038894.100
17 20 1120796726.587
17 21 721125782.981
17 22 175467709.076
18 0 249907907.757
18 1 195659732.765
18 2 46224304.026
18 3 34060360.578
18 4 39037765.476
18 5 30622657.466
18 6 4577132.752
18 7 88217465.677
18 8 7973677.390
18 9 266828647.660
18 10 146975313.535
18 11 90833843.022
18 12 430259171.828
18 13 394201276.858
18 14 2788071.184
18 15 170344764.255
18 16 1854238.201
18 17 51810492.796
18 19 143561805.231
18 20 213541461.855
18 21 59779838.074
18 22 15016426.406
19 0 944256902.768
19 1 674645189.792
19 2 236441232.262
19 3 107792591.088
19 4 164428327.266
19 5 98507339.576
19 6 253397872.419
19 7 317712940.069
19 8 81863829.001
19 9 556565051.937
19 10 430882923.603
19 11 284760606.565
19 12 354934127.603
19 13 1886845835.386
19 14 12657654.139
19 15 356013985.882
19 16 3277144.872
19 17 704480274.416
19 18 157903218.475
19 20 1934801425.264
19 21 458679335.230
19 22 39889359.636
20 0 342320699.207
20 1 346379172.620
20 2 379968802.809
20 3 265876178.506
20 4 209803866.458
20 5 293339400.464
20 6 59016147.240
20 7 2563665602.890
20 8 482993597.670
20 9 2599940922.893
20 10 562764275.224
20 11 260309661.720
20 12 1111288740.085
20 13 4541350250.114
20 14 39881775.592
20 15 3342810310.051
20 16 29435796.264
20 17 959509607.161
20 18 52263524.830
20 19 877341610.370
20 21 1475307884.742
20 22 348993353.541
21 0 471436051.649
21 1 759582835.231
21 2 186751995.260
21 3 359102814.111
21 4 261104136.313
21 5 78302729.340
21 6 99747532.346
21 7 286246151.460
21 8 207428309.739
21 9 1465597051.539
21 10 983721174.998
21 11 107322278.527
21 12 2762802725.561
21 13 2178293898.213
21 14 4170648.234
21 15 2422602183.696
21 16 5840282.420
21 17 635933949.331
21 18 181848546.206
21 19 807286684.753
21 20 354595305.422
21 22 66802345.388
22 0 422022557.344
22 1 34382757.786
22 2 78672790.883
22 3 19243467.405
22 4 70402276.434
22 5 61508580.097
22 6 28466252.779
22 7 237550110.901
22 8 63167171.776
22 9 398261570.860
22 10 386047482.424
22 11 126595612.447
22 12 71052186.215
22 13 366250193.552
22 14 5025676.593
22 15 100957694.414
22 16 2784811.418
22 17 146616515.607
22 18 41739702.216
22 19 28335633.755
22 20 419892020.980
22 21 168476075.827
