506
0 1 679015817.364
0 2 456058760.588
0 3 337246511.499
0 4 361157202.671
0 5 220547011.486
0 6 93471813.975
0 7 2512289590.046
0 8 141156838.564
0 9 2864590280.049
0 10 2129268338.668
0 11 593607527.046
0 12 2914688329.316
0 13 3740190910.080
0 14 4219080.462
0 15 1546563783.603
0 16 26319604.743
0 17 183405225.755
0 18 121129597.473
0 19 612034352.600
0 20 2407679232.244
0 21 302591735.438
0 22 252599665.809
1 0 1481494451.643
1 2 305233118.335
1 3 245693243.179
1 4 234424990.245
1 5 232060400.094
1 6 59217067.764
1 7 882450335.129
1 8 345036787.840
1 9 1710715827.287
1 10 417786883.914
1 11 639301983.440
1 12 989061679.728
1 13 1600396851.673
1 14 17976108.227
1 15 506379267.315
1 16 6568557.939
1 17 824933892.441
1 18 198176366.502
1 19 350771935.520
1 20 635705831.566
1 21 981297102.816
1 22 170311699.729
2 0 528961982.787
2 1 49161300.694
2 3 49625316.872
2 4 60328129.099
2 5 37137496.037
2 6 20187454.598
2 7 420403711.348
2 8 60719343.195
2 9 119487311.351
2 10 439778277.826
2 11 188431863.364
2 12 578333870.041
2 13 435635979.265
2 14 2582138.131
2 15 338213446.387
2 16 1878264.135
2 17 103325868.877
2 18 6656730.471
2 19 252618090.409
2 20 108621838.532
2 21 350707506.162
2 22 58074303.985
3 0 205476209.163
3 1 71146553.168
3 2 17829005.372
3 4 12641421.257
3 5 52273439.340
3 6 64486317.334
3 7 115176487.784
3 8 79815123.480
3 9 546162412.835
3 10 443479371.289
3 11 76673227.097
3 12 620726134.540
3 13 386059731.622
3 14 4909613.664
3 15 315943860.964
3 16 2050622.472
3 17 229171855.077
3 18 24032829.428
3 19 210180114.230
3 20 160493846.149
3 21 179184685.638
3 22 17989018.116
4 0 321118004.356
4 1 306644836.324
4 2 45736713.532
4 3 11970189.783
4 5 68397519.258
4 6 41180713.877
4 7 285641165.022
4 8 54018154.755
4 9 49887402.276
4 10 430131226.704
4 11 169230219.875
4 12 282110927.978
4 13 532800300.509
4 14 5218001.380
4 15 521697771.061
4 16 1034861.465
4 17 45447063.290
4 18 40417282.123
4 19 62939175.106
4 20 286845920.842
4 21 332864599.819
4 22 62079044.980
5 0 394213112.083
5 1 181454052.695
5 2 67732240.789
5 3 37822997.344
5 4 63965781.797
5 6 58936364.895
5 7 401984682.796
5 8 25366097.640
5 9 408786683.026
5 10 365694538.727
5 11 120745142.711
5 12 651429201.309
5 13 507692544.514
5 14 442272.786
5 15 285366694.720
5 16 5123570.707
5 17 156211650.022
5 18 21083779.826
5 19 118315114.009
5 20 503998089.584
5 21 192532716.843
5 22 12165572.394
6 0 183765973.136
6 1 105740038.721
6 2 75344281.870
6 3 7381024.712
6 4 61717865.217
6 5 31931017.663
6 7 230329468.113
6 8 58158710.249
6 9 189424961.012
6 10 501404312.946
6 11 87804308.148
6 12 229497781.078
6 13 335035733.181
6 14 3942110.529
6 15 248744289.487
6 16 2033676.400
6 17 87033352.971
6 18 24476979.058
6 19 207253695.327
6 20 161935941.370
6 21 289760236.697
6 22 45447951.870
7 0 1379850334.662
7 1 448530689.469
7 2 89130450.771
7 3 252557531.317
7 4 91740627.608
7 5 275808036.152
7 6 429120924.079
7 8 342607799.605
7 9 1745742361.580
7 10 2254219717.056
7 11 1252266815.680
7 12 1876377978.302
7 13 2523758190.925
7 14 4671889.299
7 15 2959965169.274
7 16 24082910.080
7 17 1363829362.127
7 18 89812630.274
7 19 1428943846.883
7 20 1833617730.013
7 21 1704328388.646
7 22 302811652.440
8 0 345567695.064
8 1 297125738.433
8 2 54053862.778
8 3 10502896.119
8 4 50704371.375
8 5 10539021.665
8 6 35429305.901
8 7 173724806.358
8 9 220359038.243
8 10 534144296.868
8 11 186595755.351
8 12 307200839.020
8 13 68125869.526
8 14 2373115.329
8 15 552134451.374
8 16 4513108.168
8 17 201659422.543
8 18 54094396.350
8 19 139105217.408
8 20 500100544.399
8 21 87844571.032
8 22 37181316.887
9 0 904930749.004
9 1 964856498.390
9 2 423557726.602
9 3 198796327.888
9 4 516305501.641
9 5 173129024.524
9 6 103021232.899
9 7 932149008.494
9 8 494834153.232
9 10 1267540781.470
9 11 987615772.570
9 12 3294481829.513
9 13 1568132744.221
9 14 21743969.072
9 15 1072184453.469
9 16 2910538.215
9 17 290351895.654
9 18 217353933.798
9 19 1101646435.859
9 20 1503897673.654
9 21 619999233.815
9 22 72494714.109
10 0 349107153.012
10 1 780371062.736
10 2 99925117.387
10 3 267113564.290
10 4 544704887.497
10 5 423145904.962
10 6 254940492.992
10 7 1147675045.146
10 8 207914106.786
10 9 3699378816.927
10 11 817386235.758
10 12 2063271662.186
10 13 4053220444.977
10 14 37213064.496
10 15 3282725462.128
10 16 16506905.629
10 17 788397914.193
10 18 73019462.550
10 19 567877656.995
10 20 4171623709.998
10 21 1570576288.692
10 22 401122780.152
11 0 177994369.542
11 1 469613430.455
11 2 138653896.690
11 3 58618757.447
11 4 40777461.227
11 5 175863865.108
11 6 173242305.700
11 7 643964417.779
11 8 66814575.822
11 9 1056219877.387
11 10 505052967.990
11 12 1060197843.253
11 13 1283477653.912
11 14 11729099.993
11 15 631782715.541
11 16 5419829.595
11 17 136139880.496
11 18 55029137.263
11 19 71941890.431
11 20 1355237791.156
11 21 412197375.161
11 22 145920972.662
12 0 1721179588.122
12 1 1336632590.192
12 2 332485657.958
12 3 203486582.705
12 4 598858012.002
12 5 555283449.164
12 6 426957155.682
12 7 2492037187.892
12 8 717797418.725
12 9 4634652939.642
12 10 4756573849.135
12 11 824289187.857
12 13 809385611.640
12 14 39989250.720
12 15 3238352866.219
12 16 37403808.056
12 17 775268331.384
12 18 437469501.975
12 19 1956019316.893
12 20 3134035559.318
12 21 805978779.757
12 22 76402720.482
13 0 706893344.560
13 1 2389516198.114
13 2 283682458.722
13 3 471926741.917
13 4 566538452.436
13 5 393493926.235
13 6 479256484.087
13 7 801149799.439
13 8 514110750.224
13 9 959998346.683
13 10 3003542906.955
13 11 607807780.200
13 12 5054270627.671
13 14 23829228.934
13 15 489084315.526
13 16 18196050.744
13 17 893871187.968
13 18 377772228.108
13 19 1706259430.159
13 20 4280408794.809
13 21 1475481833.526
13 22 324321586.801
14 0 7237654.868
14 1 12808842.866
14 2 5181907.433
14 3 4189563.721
14 4 4915334.091
14 5 4238847.205
14 6 2354839.200
14 7 5665716.925
14 8 3066693.609
14 9 6749473.976
14 10 9517718.162
14 11 1277897.764
14 12 37272314.335
14 13 8159595.740
14 15 16769544.833
14 16 40453.129
14 17 6355150.176
14 18 725972.980
14 19 1450008.346
14 20 6910559.484
14 21 4708661.870
14 22 3673122.836
15 0 524278615.468
15 1 1898988500.456
15 2 191888022.201
15 3 185334945.768
15 4 378929290.924
15 5 542124645.630
15 6 398714152.024
15 7 1896870496.960
15 8 326012159.521
15 9 3612321836.375
15 10 726748198.245
15 11 498350951.871
15 12 3158849963.114
15 13 1169837497.435
15 14 8415016.973
15 16 23553631.697
15 17 1651175614.993
15 18 62807327.072
15 19 1104381204.832
15 20 1299829324.212
15 21 2569238292.261
15 22 463153624.847
16 0 31800218.419
16 1 6789867.117
16 2 869366.701
16 3 889541.312
16 4 3162777.967
16 5 1576224.388
16 6 3016085.396
16 7 20355031.703
16 8 3172609.828
16 9 12167875.535
16 10 25739781.560
16 11 8103834.664
16 12 4926736.967
16 13 25984566.434
16 14 28723.095
16 15 13793532.588
16 17 13292084.647
16 18 1133263.241
16 19 13687159.513
16 20 18786417.962
16 21 20008975.547
16 22 5339989.154
17 0 1424916084.842
17 1 1108802953.413
17 2 149157437.140
17 3 222499370.051
17 4 112766581.237
17 5 211862437.887
17 6 102195902.014
17 7 1493356732.911
17 8 212764146.870
17 9 1136111837.563
17 10 1162414942.907
17 11 188447461.073
17 12 302182399.708
17 13 958484917.415
17 14 3208889.525
17 15 1180847994.962
17 16 7932782.497
17 18 128870660.807
17 19 182951517.179
17 20 1172508620.267
17 21 914848863.250
17 22 23038188.672
18 0 125425894.790
18 1 234615882.856
18 2 49765230.119
18 3 12148842.221
18 4 26465155.238
18 5 13615924.412
18 6 54360540.132
18 7 160440397.089
18 8 7637844.575
18 9 266023763.626
18 10 161281998.048
18 11 23772181.565
18 12 70771461.930
18 13 214615088.406
18 14 1929498.225
18 15 195216475.848
18 16 2769948.040
18 17 84255992.481
18 19 66686764.952
18 20 82953710.948
18 21 105707305.612
18 22 42087438.444
19 0 1090726287.664
19 1 580477263.761
19 2 158196468.113
19 3 166906822.751
19 4 103139489.256
19 5 22926422.690
19 6 34323232.466
19 7 201634878.101
19 8 181080823.882
19 9 382847302.840
19 10 370147394.626
19 11 522739586.354
19 12 1364718804.186
19 13 1727460591.755
19 14 13333102.196
19 15 1077891043.059
19 16 16124752.937
19 17 688193271.200
19 18 29965321.773
19 20 1201442891.019
19 21 397566337.170
19 22 49506555.342
20 0 2982328092.397
20 1 759202081.706
20 2 124070705.255
20 3 563914577.759
20 4 398367003.993
20 5 62115485.083
20 6 320272623.658
20 7 3055623634.960
20 8 272385094.098
20 9 1101258464.008
20 10 4094308497.009
20 11 801372818.748
20 12 2395266626.938
20 13 1133168255.090
20 14 16658246.307
20 15 1092422909.724
20 16 27485807.549
20 17 1105360159.641
20 18 370907914.778
20 19 1091857123.472
20 21 2747936790.951
20 22 232320164.481
21 0 2288059915.205
21 1 978401560.932
21 2 82756514.353
21 3 338952214.867
21 4 124555850.090
21 5 359903264.928
21 6 207423843.784
21 7 199325452.579
21 8 197348118.865
21 9 1127615581.741
21 10 1376674436.550
21 11 748426116.422
21 12 2595974111.960
21 13 2378587906.314
21 14 21324383.770
21 15 1301519221.258
21 16 5308167.479
21 17 152432314.520
21 18 93808343.271
21 19 910454655.086
21 20 2836659881.875
21 22 147532550.665
22 0 59684407.590
22 1 58590323.571
22 2 18821796.466
22 3 40172947.557
22 4 67481091.239
22 5 12666604.300
22 6 71315922.460
22 7 321320916.058
22 8 30756470.211
22 9 199636976.759
22 10 180562936.926
22 11 34611368.714
22 12 206012617.614
22 13 117153638.114
22 14 4374958.411
22 15 493129256.102
22 16 5258272.472
22 17 187987993.003
22 18 22512199.147
22 19 139932915.758
22 20 618842473.341
22 21 92393379.983
