506
0 1 2331753304.626
0 2 264690050.566
0 3 302106818.651
0 4 512783460.647
0 5 65119464.912
0 6 80767675.826
0 7 1038428516.295
0 8 130525740.553
0 9 2714574775.669
0 10 518794998.826
0 11 386835873.085
0 12 3288175562.124
0 13 2914262946.873
0 14 31326138.967
0 15 1433046357.278
0 16 11457868.237
0 17 448740018.982
0 18 212490615.550
0 19 1496945859.134
0 20 1308872726.253
0 21 1054251600.266
0 22 64308267.710
1 0 2309625713.995
1 2 111758171.415
1 3 358206571.692
1 4 353413825.411
1 5 49224758.060
1 6 300543437.703
1 7 1896071132.115
1 8 204272789.530
1 9 1968817112.876
1 10 2330422265.510
1 11 541796236.280
1 12 2466856854.500
1 13 2220980297.140
1 14 4758650.718
1 15 745132842.899
1 16 11429220.982
1 17 805954352.927
1 18 142279247.403
1 19 1169762658.902
1 20 608032929.183
1 21 397165854.809
1 22 367806433.168
2 0 480777914.925
2 1 364313153.071
2 3 63932803.120
2 4 68470974.502
2 5 18369940.608
2 6 85235710.732
2 7 65912884.217
2 8 45823146.244
2 9 218483978.097
2 10 489269168.590
2 11 135554310.552
2 12 597237600.335
2 13 451114475.532
2 14 4226865.655
2 15 306022084.876
2 16 4397766.179
2 17 88837475.201
2 18 17491773.633
2 19 231168348.027
2 20 135909844.533
2 21 159942483.581
2 22 8750277.593
3 0 292710365.184
3 1 78164386.433
3 2 62629714.451
3 4 61372749.840
3 5 15770888.085
3 6 23027653.038
3 7 319529571.962
3 8 47879649.329
3 9 138529815.896
3 10 311815888.324
3 11 91509630.967
3 12 581483229.316
3 13 518823212.759
3 14 1281100.166
3 15 539395181.079
3 16 3559727.909
3 17 194838554.135
3 18 42982477.447
3 19 34322886.911
3 20 129584490.154
3 21 208386620.045
3 22 56469741.513
4 0 62375154.682
4 1 134729444.357
4 2 11175887.102
4 3 64240106.021
4 5 17263270.037
4 6 65025969.918
4 7 106703551.652
4 8 76578306.390
4 9 96465259.195
4 10 201938895.771
4 11 62571084.791
4 12 376617319.204
4 13 589971756.932
4 14 5045579.076
4 15 495277789.037
4 16 2668252.064
4 17 112657235.810
4 18 33127690.399
4 19 53434587.410
4 20 334581215.863
4 21 379079501.556
4 22 70928838.906
5 0 412128458.328
5 1 83239072.513
5 2 66645335.774
5 3 21980594.404
5 4 11455635.105
5 6 83166215.031
5 7 436689760.353
5 8 80977957.234
5 9 303676304.585
5 10 109973993.060
5 11 111161113.673
5 12 272652061.546
5 13 357866462.632
5 14 4681597.961
5 15 275672612.025
5 16 949718.605
5 17 111671486.312
5 18 20152181.571
5 19 156438459.492
5 20 106420456.620
5 21 66140964.780
5 22 62187375.290
6 0 127638337.038
6 1 181385529.258
6 2 8316421.794
6 3 66619118.443
6 4 78445489.509
6 5 40665493.769
6 7 199265748.033
6 8 24447197.169
6 9 336992979.407
6 10 123399829.467
6 11 78976603.126
6 12 606835405.740
6 13 629373512.143
6 14 818671.665
6 15 209978779.368
6 16 3069396.997
6 17 144453339.387
6 18 35418303.050
6 19 182971474.161
6 20 80202632.382
6 21 336676548.153
6 22 44326747.885
7 0 1133592244.544
7 1 722116313.645
7 2 106694487.420
7 3 409370979.749
7 4 58261085.930
7 5 301952579.206
7 6 333044106.583
7 8 311606059.777
7 9 3338575638.220
7 10 1433977698.374
7 11 351224578.839
7 12 1068320153.429
7 13 1495000353.223
7 14 4273653.988
7 15 642641306.497
7 16 30926587.853
7 17 947379548.519
7 18 99496899.808
7 19 870598122.286
7 20 2260119417.369
7 21 893309399.041
7 22 393544145.576
8 0 269384745.163
8 1 64000462.721
8 2 59718936.728
8 3 68162449.381
8 4 82075670.277
8 5 73940115.046
8 6 70370534.210
8 7 355454761.275
8 9 415836758.712
8 10 547739809.279
8 11 147270784.305
8 12 488646916.004
8 13 363312525.272
8 14 1994569.406
8 15 478941491.792
8 16 459439.873
8 17 40531934.388
8 18 49958258.459
8 19 67091414.487
8 20 389404530.669
8 21 196093542.440
8 22 7288342.145
9 0 860172743.979
9 1 1813345278.614
9 2 183374650.043
9 3 142754587.995
9 4 547734492.992
9 5 412843223.427
9 6 53065383.343
9 7 696597315.333
9 8 375734404.044
9 10 2264840796.322
9 11 574436811.819
9 12 3130081969.957
9 13 2092479600.408
9 14 22340924.133
9 15 467455912.712
9 16 28191681.633
9 17 399819333.955
9 18 58230291.891
9 19 486413890.851
9 20 366576566.658
9 21 2306032829.890
9 22 295571745.749
10 0 3552703492.102
10 1 824526434.012
10 2 513016525.120
10 3 215673761.535
10 4 114336939.227
10 5 359580356.123
10 6 167640574.295
10 7 1117972260.764
10 8 166762759.022
10 9 2982778068.670
10 11 269086752.427
10 12 500732756.576
10 13 2198751959.234
10 14 13567143.523
10 15 2842793471.344
10 16 25092459.113
10 17 1262921012.474
10 18 118264961.144
10 19 962127067.256
10 20 3499584148.570
10 21 450143374.559
10 22 274650606.094
11 0 246011618.518
11 1 614116928.331
11 2 98941650.621
11 3 51828686.213
11 4 165288532.644
11 5 168731954.421
11 6 124745680.233
11 7 375401885.950
11 8 133459136.436
11 9 466910177.080
11 10 1132333468.246
11 12 1779249801.140
11 13 1317402159.139
11 14 5174697.664
11 15 377746236.639
11 16 1755582.849
11 17 52893290.493
11 18 27952622.605
11 19 383939573.884
11 20 1524381571.064
11 21 739044728.694
11 22 56429083.625
12 0 2087969953.285
12 1 875734487.811
12 2 85358172.324
12 3 441147568.700
12 4 622306648.814
12 5 280978691.653
12 6 318982831.176
12 7 3615633089.142
12 8 627924815.510
12 9 2472799844.179
12 10 1732781472.873
12 11 843890142.511
12 13 1059861067.610
12 14 35164288.700
12 15 1317751520.907
12 16 36732115.448
12 17 182371727.497
12 18 102187989.410
12 19 1694958201.102
12 20 3167591266.693
12 21 1791215488.524
12 22 665617803.481
13 0 2435200495.492
13 1 2250771638.987
13 2 509921519.347
13 3 429185769.892
13 4 439116091.428
13 5 164121379.158
13 6 516852095.187
13 7 3753486851.657
13 8 482985020.259
13 9 3462480481.093
13 10 3620584653.509
13 11 626636065.356
13 12 4336402906.626
13 14 16344582.674
13 15 598696884.302
13 16 10527516.671
13 17 1484062397.685
13 18 104512531.748
13 19 659756377.095
13 20 3430954375.167
13 21 1013761090.201
13 22 268539601.270
14 0 23638041.656
14 1 13517856.634
14 2 3205885.384
14 3 3036664.506
14 4 1171402.978
14 5 1782571.683
14 6 5049053.853
14 7 20529898.386
14 8 2308968.442
14 9 34095322.742
14 10 20629645.624
14 11 9399510.146
14 12 7103981.624
14 13 37894680.862
14 15 5013577.913
14 16 77063.486
14 17 1375372.621
14 18 1445966.140
14 19 13085416.432
14 20 33504122.316
14 21 19710798.287
14 22 744390.968
15 0 307776006.636
15 1 620571268.952
15 2 225826870.440
15 3 257696524.270
15 4 136776009.301
15 5 323894087.024
15 6 253264998.631
15 7 759422827.544
15 8 572404857.351
15 9 1567216010.965
15 10 2635861861.569
15 11 974018569.812
15 12 675425604.641
15 13 3424431442.514
15 14 31071305.610
15 16 33833012.164
15 17 358599967.961
15 18 158348470.792
15 19 1088773007.825
15 20 2929555273.164
15 21 1011503191.524
15 22 428482676.393
16 0 10928123.840
16 1 12966587.576
16 2 2259009.181
16 3 999306.753
16 4 1568733.604
16 5 2016191.048
16 6 1356395.354
16 7 13238060.537
16 8 4611588.119
16 9 22267523.091
16 10 7656982.702
16 11 10572742.445
16 12 23311525.802
16 13 14061236.715
16 14 43692.090
16 15 25336916.887
16 17 16042593.221
16 18 754986.955
16 19 11557989.797
16 20 27442982.138
16 21 9996453.250
16 22 1086375.896
17 0 903064605.833
17 1 367614339.957
17 2 257916633.184
17 3 98912728.290
17 4 200046011.199
17 5 120684297.903
17 6 65719167.682
17 7 1484907667.816
17 8 163084426.037
17 9 1555559580.020
17 10 285243142.420
17 11 586765108.897
17 12 1393211719.349
17 13 764093344.944
17 14 2178680.738
17 15 506877095.895
17 16 15934597.297
17 18 98971096.373
17 19 627808340.519
17 20 1232726474.407
17 21 1034965975.515
17 22 48306838.019
18 0 68759583.768
18 1 186779210.953
18 2 6563266.971
18 3 52877970.030
18 4 49993263.077
18 5 42418743.279
18 6 51825361.190
18 7 294736166.901
18 8 17346094.093
18 9 81573893.379
18 10 293889374.535
18 11 91809865.238
18 12 267970548.646
18 13 268652125.189
18 14 3254259.408
18 15 103817297.019
18 16 557290.314
18 17 139408574.124
18 19 73590962.005
18 20 303019274.446
18 21 107600520.968
18 22 10060520.788
19 0 1002069136.408
19 1 795512719.145
19 2 101093579.740
19 3 172344339.382
19 4 104057868.775
19 5 170198110.139
19 6 222626499.726
19 7 423650429.698
19 8 241524222.641
19 9 1534694165.423
19 10 1050010119.695
19 11 109862283.806
19 12 543989226.732
19 13 1337447190.297
19 14 5519392.732
19 15 854036264.455
19 16 7472506.346
19 17 112792264.126
19 18 77021986.364
19 20 190606913.034
19 21 875310690.314
19 22 125371427.042
20 0 2496406545.693
20 1 592953914.039
20 2 662375208.941
20 3 123660208.281
20 4 292507477.794
20 5 402716743.583
20 6 326041058.998
20 7 3612424850.013
20 8 340489230.594
20 9 1162098746.829
20 10 493680327.967
20 11 326768401.222
20 12 4191555028.904
20 13 1173715093.811
20 14 23110990.673
20 15 4514782321.980
20 16 33946079.072
20 17 1651459643.486
20 18 226294910.538
20 19 889283755.958
20 21 1198700131.614
20 22 64897482.486
21 0 1744655174.753
21 1 938576239.088
21 2 346468742.948
21 3 222693698.012
21 4 355775104.977
21 5 351237542.095
21 6 379483184.253
21 7 265572180.189
21 8 344151911.773
21 9 483007122.912
21 10 2174041242.829
21 11 942185539.844
21 12 271677326.637
21 13 1388926948.568
21 14 21115884.091
21 15 468142983.864
21 16 13400377.807
21 17 938885365.947
21 18 161341616.441
21 19 908947422.276
21 20 1898341065.705
21 22 76913642.942
22 0 237175019.836
22 1 179816761.989
22 2 57602031.744
22 3 79872541.269
22 4 22234015.073
22 5 57832302.234
22 6 52061429.961
22 7 215376668.661
22 8 48800376.174
22 9 461837041.818
22 10 323030445.557
22 11 201574951.887
22 12 573226544.184
22 13 84619271.226
22 14 1452334.256
22 15 65437459.852
22 16 565847.490
22 17 254744900.869
22 18 29223834.869
22 19 40930097.951
22 20 157065106.210
22 21 116640804.494
