506
0 1 1896229200.827
0 2 46922738.166
0 3 386811712.709
0 4 406105393.304
0 5 474798810.999
0 6 444459231.526
0 7 3029624571.268
0 8 412747964.174
0 9 2002877297.149
0 10 1062592043.048
0 11 215485232.935
0 12 4042397134.327
0 13 662286227.214
0 14 18956396.248
0 15 3599415007.139
0 16 18581837.644
0 17 183777133.138
0 18 292892947.812
0 19 593035159.432
0 20 1011110793.118
0 21 225582179.330
0 22 288859733.602
1 0 1979064984.545
1 2 181712506.664
1 3 172055480.118
1 4 266712672.573
1 5 91732291.952
1 6 220011155.211
1 7 216872543.985
1 8 186831841.568
1 9 897227796.745
1 10 960550685.176
1 11 335113105.643
1 12 2354603606.667
1 13 2132780566.043
1 14 23291974.979
1 15 543349070.269
1 16 24088818.106
1 17 797333455.857
1 18 161977118.713
1 19 782465165.285
1 20 1626472999.495
1 21 527019947.311
1 22 49033727.422
2 0 457877265.395
2 1 154175096.595
2 3 54434549.297
2 4 81080447.195
2 5 88122946.460
2 6 12333925.284
2 7 237075283.765
2 8 10013622.258
2 9 452997487.496
2 10 96630518.584
2 11 133646536.616
2 12 331831424.224
2 13 116035250.621
2 14 3680670.843
2 15 619553896.825
2 16 2934197.412
2 17 160596061.614
2 18 35073156.629
2 19 233594267.570
2 20 632184116.011
2 21 328163998.742
2 22 40512536.528
3 0 113495473.879
3 1 204139610.505
3 2 54141230.523
3 4 34703464.770
3 5 7361272.400
3 6 79729318.496
3 7 235109704.570
3 8 71801833.336
3 9 396718937.283
3 10 261563770.069
3 11 205238724.760
3 12 366508913.883
3 13 234585085.711
3 14 2365186.930
3 15 319377608.994
3 16 3868021.063
3 17 152892332.592
3 18 52984969.900
3 19 66420113.130
3 20 369429135.633
3 21 203421624.024
3 22 7445293.656
4 0 170007190.104
4 1 258639195.010
4 2 57574526.936
4 3 45525431.839
4 5 22816339.922
4 6 69657376.511
4 7 418087356.572
4 8 32629097.666
4 9 454653647.845
4 10 117478396.736
4 11 33731522.966
4 12 261487840.474
4 13 72540065.828
4 14 1716468.262
4 15 271877632.976
4 16 3170707.251
4 17 202501878.398
4 18 19818459.543
4 19 82580896.799
4 20 174972915.563
4 21 203475577.299
4 22 21124872.691
5 0 327680831.453
5 1 150243003.394
5 2 20290486.321
5 3 82629461.468
5 4 51790680.552
5 6 15975246.589
5 7 56700554.394
5 8 18722822.715
5 9 175453935.617
5 10 597785481.295
5 11 29068335.601
5 12 153036258.349
5 13 338814474.581
5 14 3232730.396
5 15 378720009.289
5 16 1194571.655
5 17 256115310.126
5 18 24299225.065
5 19 251415883.072
5 20 252537102.720
5 21 77387222.686
5 22 11726739.949
6 0 221632487.901
6 1 231885897.563
6 2 68153943.460
6 3 44114290.847
6 4 75832647.481
6 5 41738188.243
6 7 162791550.771
6 8 60571076.615
6 9 419113970.855
6 10 370653952.237
6 11 40034299.170
6 12 590508698.714
6 13 475910625.952
6 14 3397670.176
6 15 433199668.016
6 16 695106.567
6 17 257331011.473
6 18 9217642.702
6 19 226455790.303
6 20 313449855.532
6 21 104776873.197
6 22 23129356.186
7 0 1651887839.285
7 1 762996756.462
7 2 426977171.981
7 3 241132775.082
7 4 348644769.911
7 5 405479427.578
7 6 140126156.901
7 8 270597382.409
7 9 2389004927.942
7 10 2548211223.118
7 11 1178513723.239
7 12 4013678199.051
7 13 500063389.302
7 14 7683658.320
7 15 1897311083.664
7 16 31800710.140
7 17 1227162286.381
7 18 218439299.528
7 19 167159648.562
7 20 1758781588.782
7 21 703620893.430
7 22 260610044.005
8 0 222718226.105
8 1 93796896.394
8 2 51266863.750
8 3 44039670.160
8 4 81035497.854
8 5 40387954.012
8 6 80429390.457
8 7 273588185.136
8 9 243987952.501
8 10 238639336.859
8 11 48215535.932
8 12 403867694.449
8 13 61526830.184
8 14 2598208.566
8 15 493736564.745
8 16 923390.212
8 17 40042663.924
8 18 52299095.690
8 19 147643890.621
8 20 80067430.518
8 21 320310900.992
8 22 70855651.467
9 0 2877666963.226
9 1 1255961694.089
9 2 248661314.517
9 3 365067817.900
9 4 276796671.266
9 5 322271857.208
9 6 47092567.168
9 7 2854459793.117
9 8 274717899.667
9 10 2213919973.486
9 11 1163780236.367
9 12 3382271757.395
9 13 2123168008.437
9 14 16830988.197
9 15 1092972148.332
9 16 10107183.030
9 17 347553249.442
9 18 243661491.071
9 19 864635462.631
9 20 789105664.042
9 21 1609462625.043
9 22 329918260.482
10 0 1969501380.078
10 1 930351403.244
10 2 130858274.828
10 3 81543363.701
10 4 353493566.471
10 5 53489556.165
10 6 485161881.924
10 7 1992646882.386
10 8 122380880.287
10 9 1669147439.191
10 11 805405751.583
10 12 3527363457.565
10 13 3467098914.073
10 14 12895699.875
10 15 3559518595.187
10 16 31551489.740
10 17 1519248981.253
10 18 80166990.586
10 19 1455182913.211
10 20 427360881.470
10 21 755391099.987
10 22 418961126.486
11 0 171331359.500
11 1 304513588.177
11 2 87344981.834
11 3 125732577.135
11 4 73777262.541
11 5 175504371.933
11 6 199183045.083
11 7 825227610.311
11 8 55870789.262
11 9 1028176024.565
11 10 247708803.157
11 12 487409926.393
11 13 1412010041.769
11 14 11175780.093
11 15 478581617.921
11 16 13168282.594
11 17 55989091.263
11 18 27692222.458
11 19 455637166.565
11 20 887418613.379
11 21 869002117.459
11 22 164605444.617
12 0 4297949262.982
12 1 1197488221.880
12 2 425273312.336
12 3 673624678.903
12 4 213362794.884
12 5 369474050.307
12 6 283486568.582
12 7 3564338869.046
12 8 221677814.095
12 9 1963617564.201
12 10 4351368279.696
12 11 1247930256.673
12 13 3119031830.176
12 14 4193883.499
12 15 2999310670.937
12 16 9142129.300
12 17 1466973761.355
12 18 51877844.491
12 19 1904643612.766
12 20 3743623588.902
12 21 531742937.487
12 22 196151862.537
13 0 2808810227.770
13 1 2805945701.028
13 2 309086536.614
13 3 555848370.601
13 4 619520501.621
13 5 212648067.957
13 6 179203976.744
13 7 2654268177.261
13 8 159382414.669
13 9 3443949944.107
13 10 4220070917.869
13 11 1392435686.586
13 12 1319630510.337
13 14 10083475.647
13 15 482883913.960
13 16 32953502.381
13 17 1682807096.565
13 18 190575333.242
13 19 1480188926.800
13 20 4455341719.350
13 21 1754503700.305
13 22 522376742.347
14 0 25596209.226
14 1 11436531.794
14 2 2829263.180
14 3 2348597.137
14 4 2309637.706
14 5 4851725.272
14 6 4062293.930
14 7 7188017.722
14 8 2674303.717
14 9 3602343.346
14 10 27629858.364
14 11 1652034.148
14 12 30602113.209
14 13 4178458.354
14 15 19344289.701
14 16 191378.732
14 17 11579610.937
14 18 2543225.799
14 19 9624197.728
14 20 23799849.948
14 21 7226710.693
14 22 2818152.469
15 0 1961910320.109
15 1 1694089050.559
15 2 312626496.701
15 3 167688406.635
15 4 99461570.887
15 5 200568806.656
15 6 344191304.131
15 7 1189311062.450
15 8 238777530.970
15 9 559409994.836
15 10 2873184815.986
15 11 239713789.935
15 12 1802295522.782
15 13 4058350200.597
15 14 21786196.744
15 16 21489728.220
15 17 1525659452.226
15 18 187768227.153
15 19 1230852935.267
15 20 979643140.544
15 21 1905818429.076
15 22 458476549.645
16 0 20550311.424
16 1 2870908.915
16 2 1681064.867
16 3 4951101.561
16 4 2214703.817
16 5 1493664.015
16 6 2108199.893
16 7 19055105.240
16 8 441236.663
16 9 7259119.860
16 10 14771106.653
16 11 7324919.815
16 12 26549780.565
16 13 4742932.546
16 14 247376.184
16 15 34189467.974
16 17 5079158.358
16 18 852229.428
16 19 4975336.347
16 20 28265107.331
16 21 3734428.234
16 22 2961453.004
17 0 441355664.842
17 1 927523626.216
17 2 142967284.902
17 3 194183319.503
17 4 216669425.427
17 5 23361478.311
17 6 52416253.994
17 7 1165287581.378
17 8 132110150.524
17 9 1444691242.247
17 10 566033870.296
17 11 465285118.597
17 12 2054906592.920
17 13 1822143453.088
17 14 8284925.101
17 15 773561297.660
17 16 3541418.057
17 18 93334634.104
17 19 460010056.550
17 20 1300697913.226
17 21 869235470.841
17 22 215892128.463
18 0 275246627.310
18 1 39780787.965
18 2 5279038.189
18 3 14253552.116
18 4 29953073.915
18 5 47227355.733
18 6 33199629.596
18 7 116836075.871
18 8 37622194.595
18 9 314318805.878
18 10 160207735.973
18 11 106382888.390
18 12 359482517.573
18 13 198846020.513
18 14 1522675.215
18 15 289167183.858
18 16 315595.819
18 17 93787299.355
18 19 48093578.532
18 20 257733714.378
18 21 152299947.069
18 22 19834899.411
19 0 1413083759.333
19 1 154254066.200
19 2 35202058.542
19 3 127822566.368
19 4 235673769.019
19 5 245449864.749
19 6 239332911.279
19 7 1033693003.175
19 8 119799216.848
19 9 1668089203.416
19 10 412957031.145
19 11 584129975.879
19 12 2084308517.702
19 13 1826281785.430
19 14 3278723.267
19 15 692636535.027
19 16 5819381.985
19 17 181926951.317
19 18 113292613.788
19 20 237270640.756
19 21 1080173386.343
19 22 61322930.816
20 0 601728485.039
20 1 2393866041.533
20 2 615743303.435
20 3 427287990.880
20 4 215962025.830
20 5 620547340.374
20 6 529907005.940
20 7 2726359657.667
20 8 175564771.555
20 9 1542889381.321
20 10 1844408341.914
20 11 276596501.335
20 12 2356040675.422
20 13 1624008478.815
20 14 9411053.994
20 15 716657986.423
20 16 17060941.805
20 17 1558225258.149
20 18 345244844.766
20 19 1501475405.761
20 21 1783998128.901
20 22 122511045.467
21 0 716961196.997
21 1 339647716.960
21 2 44849073.906
21 3 297877253.008
21 4 78462865.816
21 5 340984964.649
21 6 87141687.570
21 7 907702687.069
21 8 142384933.628
21 9 627333451.238
21 10 2223959142.972
21 11 175786799.732
21 12 619308509.279
21 13 1025353208.633
21 14 10268062.926
21 15 2054007437.951
21 16 15919486.975
21 17 445602927.885
21 18 63481617.521
21 19 764119680.809
21 20 2138734827.404
21 22 220374004.074
22 0 315539034.915
22 1 330694379.875
22 2 65427397.971
22 3 51646090.592
22 4 21542720.783
22 5 24048617.440
22 6 73793819.651
22 7 241130787.342
22 8 49447266.107
22 9 545750953.323
22 10 563502607.780
22 11 143819362.354
22 12 639918313.032
22 13 611492659.204
22 14 3431658.433
22 15 430372389.654
22 16 2439767.918
22 17 55783516.159
22 18 18344280.965
22 19 107170045.869
22 20 439657922.311
22 21 102978211.035
