506
0 1 637434840.857
0 2 149308247.927
0 3 140362079.949
0 4 206880020.816
0 5 212036957.880
0 6 197378526.776
0 7 1120948465.232
0 8 160447974.318
0 9 1136209331.387
0 10 886692699.795
0 11 471127524.064
0 12 1171852380.337
0 13 1319389841.073
0 14 9381629.057
0 15 1106398635.420
0 16 9903789.871
0 17 605996658.340
0 18 74070137.999
0 19 595871622.303
0 20 1085301563.644
0 21 510014082.280
0 22 213867313.452
1 0 819255625.124
1 2 166264560.675
1 3 138796173.480
1 4 130824623.729
1 5 103920063.639
1 6 116508587.843
1 7 798629914.895
1 8 125003243.687
1 9 817052295.100
1 10 827701832.623
1 11 364960310.712
1 12 1345148092.172
1 13 1176673101.541
1 14 9222918.136
1 15 1151691401.957
1 16 10125540.944
1 17 303229130.683
1 18 98178717.430
1 19 346780460.127
1 20 575154081.725
1 21 730048975.259
1 22 87812596.884
2 0 162366669.981
2 1 89928420.887
2 3 32857642.231
2 4 34699207.117
2 5 27190408.953
2 6 29271429.780
2 7 208210132.177
2 8 23553689.004
2 9 231968233.250
2 10 241134532.317
2 11 48089197.430
2 12 169308406.799
2 13 140540032.495
2 14 1967165.718
2 15 210505733.864
2 16 2044802.991
2 17 104464646.975
2 18 21414772.554
2 19 59033464.505
2 20 166922794.820
2 21 129291892.624
2 22 34910238.648
3 0 193946253.219
3 1 109289287.993
3 2 19702495.342
3 4 20822091.727
3 5 25558951.103
3 6 30851485.911
3 7 220879420.952
3 8 24835839.456
3 9 224241646.257
3 10 170139364.032
3 11 48563604.946
3 12 267981778.900
3 13 194953294.850
3 14 2238322.914
3 15 203480273.376
3 16 1748378.208
3 17 59055329.208
3 18 21144657.939
3 19 71765032.227
3 20 131396476.519
3 21 137291293.012
3 22 23279149.366
4 0 105701590.031
4 1 105262312.105
4 2 33498365.609
4 3 27382727.308
4 5 27472156.938
4 6 29006544.636
4 7 198027965.969
4 8 24985500.507
4 9 165619004.368
4 10 177364130.248
4 11 52489790.215
4 12 313384337.088
4 13 235996723.256
4 14 1385334.237
4 15 161354626.222
4 16 1544056.925
4 17 55130033.431
4 18 16716804.127
4 19 50410262.466
4 20 209151657.567
4 21 97444796.970
4 22 18737069.120
5 0 123893443.426
5 1 160111374.160
5 2 28201839.776
5 3 28880928.165
5 4 19280504.557
5 6 25314554.390
5 7 103290808.334
5 8 36328533.952
5 9 188371525.514
5 10 119902600.579
5 11 43657923.249
5 12 197755620.808
5 13 250088756.276
5 14 1499549.682
5 15 148225745.432
5 16 1358642.874
5 17 85972880.029
5 18 23310968.834
5 19 88365256.022
5 20 199248112.025
5 21 147807640.367
5 22 29945360.952
6 0 143251794.166
6 1 134600991.758
6 2 19992201.515
6 3 24672683.151
6 4 35355971.100
6 5 33361767.091
6 7 106739075.183
6 8 25225917.250
6 9 157322457.179
6 10 260490515.896
6 11 90613838.623
6 12 206559838.671
6 13 236623768.816
6 14 1040948.723
6 15 143676020.261
6 16 1692917.117
6 17 105415666.967
6 18 21927666.129
6 19 105219222.131
6 20 253471499.529
6 21 146991626.862
6 22 26643945.143
7 0 1319129882.230
7 1 888843489.228
7 2 137704286.788
7 3 102769339.198
7 4 143760381.539
7 5 184214202.884
7 6 117494285.188
7 8 101535531.109
7 9 1131059538.850
7 10 1261113017.779
7 11 379552434.112
7 12 1494489238.957
7 13 845862886.953
7 14 8747176.202
7 15 1194425584.530
7 16 12071711.788
7 17 595175838.632
7 18 90459188.363
7 19 525741355.079
7 20 1227678512.820
7 21 725221574.317
7 22 163793042.862
8 0 195600892.803
8 1 148927496.271
8 2 26650366.257
8 3 23300347.517
8 4 27592465.129
8 5 26517007.985
8 6 21935457.037
8 7 213192887.204
8 9 141822022.672
8 10 252462520.571
8 11 44524047.535
8 12 297515966.488
8 13 211989641.337
8 14 2154593.971
8 15 246466979.715
8 16 1313919.215
8 17 96405144.252
8 18 22609319.727
8 19 79518618.349
8 20 228479204.143
8 21 121990269.270
8 22 33919400.937
9 0 709357837.150
9 1 865110949.158
9 2 237499399.365
9 3 176974960.535
9 4 218565496.034
9 5 126278097.419
9 6 209340382.535
9 7 1377163331.360
9 8 149175850.313
9 10 1071303846.779
9 11 492138249.096
9 12 1081847607.864
9 13 929291796.142
9 14 9319186.065
9 15 1367857582.529
9 16 14093491.644
9 17 651204248.986
9 18 138845369.390
9 19 677990656.804
9 20 1622862726.422
9 21 905010535.552
9 22 169945674.854
10 0 970930970.326
10 1 731965085.092
10 2 237537353.942
10 3 206948115.432
10 4 162813661.513
10 5 215793171.325
10 6 150639056.204
10 7 1285446961.945
10 8 254313017.391
10 9 1541999803.907
10 11 496498002.855
10 12 1558486229.621
10 13 1406372659.795
10 14 11107625.204
10 15 1486067362.793
10 16 8055276.504
10 17 375539844.115
10 18 93958596.680
10 19 668869082.171
10 20 1455913764.569
10 21 869962282.474
10 22 218003789.483
11 0 367910690.636
11 1 224941140.912
11 2 94322569.894
11 3 46803800.110
11 4 77718011.050
11 5 66979098.067
11 6 91058039.663
11 7 499519711.809
11 8 68378918.384
11 9 461401373.563
11 10 647712072.669
11 12 555746523.149
11 13 632665542.914
11 14 3224077.515
11 15 305422944.920
11 16 4948453.598
11 17 275771866.493
11 18 41081716.529
11 19 274715248.820
11 20 490680369.997
11 21 314914466.616
11 22 72442481.601
12 0 901620168.200
12 1 1418792303.489
12 2 291957872.419
12 3 304036007.557
12 4 284451602.697
12 5 157016528.020
12 6 195747242.440
12 7 1209150411.804
12 8 173214630.271
12 9 1838417594.207
12 10 1261738674.450
12 11 704582768.432
12 13 2174574107.600
12 14 11430199.658
12 15 1839762590.999
12 16 16823257.366
12 17 876585240.828
12 18 143199529.537
12 19 496812194.337
12 20 1250077309.437
12 21 898894461.968
12 22 308139396.093
13 0 948602073.118
13 1 955913709.881
13 2 208182005.209
13 3 274085754.528
13 4 153669862.337
13 5 222019905.799
13 6 191307125.641
13 7 938262439.662
13 8 131755108.145
13 9 1394996946.235
13 10 982819582.784
13 11 398111319.469
13 12 1510693759.274
13 14 16359592.656
13 15 1769468163.052
13 16 9845991.495
13 17 469483799.035
13 18 87719055.396
13 19 503704302.649
13 20 1292619638.630
13 21 1127831541.538
13 22 154946837.603
14 0 12652320.283
14 1 4779456.441
14 2 1214963.973
14 3 1787597.341
14 4 2147608.160
14 5 1423079.478
14 6 2121282.992
14 7 8089419.001
14 8 1900316.899
14 9 12244951.572
14 10 12938305.555
14 11 3739270.219
14 12 14531824.138
14 13 15724198.896
14 15 10449776.681
14 16 128517.824
14 17 4150242.998
14 18 1202927.727
14 19 6236793.970
14 20 13533502.349
14 21 8574315.620
14 22 1874446.483
15 0 1425683371.695
15 1 895371913.093
15 2 174983827.654
15 3 168829312.993
15 4 202283535.003
15 5 168172535.372
15 6 247081065.618
15 7 1242445796.888
15 8 166261737.124
15 9 1493026140.055
15 10 1513093289.463
15 11 315561462.042
15 12 1155053071.115
15 13 1444430767.116
15 14 13468512.765
15 16 8066968.286
15 17 534550829.948
15 18 137632558.816
15 19 665910483.417
15 20 1135070742.732
15 21 1030553322.741
15 22 190863499.589
16 0 8729286.141
16 1 6359759.186
16 2 1862682.840
16 3 1749495.910
16 4 1642733.374
16 5 2103887.513
16 6 1798928.220
16 7 13338377.930
16 8 2174804.979
16 9 8316283.713
16 10 16273820.097
16 11 2763414.251
16 12 13712232.676
16 13 11850103.008
16 14 128655.116
16 15 14005301.494
16 17 4115690.069
16 18 1224952.192
16 19 6822354.996
16 20 11704426.687
16 21 9921112.617
16 22 1475313.235
17 0 481662593.567
17 1 429275199.080
17 2 80687121.128
17 3 102173741.729
17 4 70210952.882
17 5 90230500.875
17 6 54430710.260
17 7 531547063.073
17 8 100643325.537
17 9 514729815.911
17 10 617009915.250
17 11 219905061.132
17 12 635477854.250
17 13 562213645.357
17 14 4392524.685
17 15 630021816.171
17 16 4072969.530
17 18 68477036.973
17 19 325349586.060
17 20 669717785.375
17 21 288307430.994
17 22 106776169.482
18 0 122740357.586
18 1 82569953.211
18 2 23008826.882
18 3 14801165.345
18 4 15484915.312
18 5 13837434.747
18 6 23357014.672
18 7 88336949.824
18 8 18087427.630
18 9 148760639.755
18 10 157286773.724
18 11 41653887.740
18 12 183410235.028
18 13 99648898.197
18 14 1060512.480
18 15 143760278.174
18 16 1086766.348
18 17 43854939.712
18 19 53977930.039
18 20 154683665.798
18 21 101359382.453
18 22 19268581.393
19 0 470153592.506
19 1 412855324.331
19 2 99108835.630
19 3 106030307.525
19 4 50760647.047
19 5 54653710.976
19 6 83692178.583
19 7 518025944.294
19 8 74648369.515
19 9 421506024.773
19 10 713995864.234
19 11 182640850.623
19 12 943664928.535
19 13 491744577.788
19 14 5606508.646
19 15 569677793.319
19 16 3746746.978
19 17 251645699.562
19 18 59444570.875
19 20 589228601.368
19 21 252171899.136
19 22 90193208.202
20 0 1116888263.495
20 1 694731693.286
20 2 135487835.594
20 3 199318167.879
20 4 149809030.703
20 5 181026476.979
20 6 142959615.147
20 7 752316147.407
20 8 179465041.715
20 9 1069828359.420
20 10 1463983374.962
20 11 671018543.518
20 12 2038870451.161
20 13 1492559216.027
20 14 14257660.313
20 15 1457983093.242
20 16 12090738.307
20 17 666829675.930
20 18 86734956.500
20 19 438035309.826
20 21 834056395.951
20 22 161100575.849
21 0 612786559.377
21 1 707849773.548
21 2 91021507.913
21 3 151007147.490
21 4 78108065.150
21 5 122906789.552
21 6 158858172.622
21 7 646233580.159
21 8 130196398.681
21 9 856313210.472
21 10 942759237.644
21 11 380221065.391
21 12 787313195.590
21 13 1170126300.571
21 14 5847751.853
21 15 572693683.388
21 16 5299162.007
21 17 224878077.416
21 18 70554823.371
21 19 407175342.267
21 20 1118404564.516
21 22 158702906.936
22 0 204276973.334
22 1 84468752.901
22 2 37936847.865
22 3 19625378.023
22 4 33906805.518
22 5 30939468.902
22 6 32910053.494
22 7 220524568.667
22 8 20434754.009
22 9 217447875.496
22 10 189062287.739
22 11 55546495.013
22 12 252848112.616
22 13 188603593.220
22 14 1790461.429
22 15 136640855.568
22 16 2086254.116
22 17 52162860.714
22 18 11532034.295
22 19 70374828.375
22 20 239237861.786
22 21 163631473.625
