506
0 1 977942058.557
0 2 201633865.993
0 3 123613563.270
0 4 153093456.076
0 5 199564714.614
0 6 171013024.917
0 7 1315634146.797
0 8 152493264.669
0 9 874514384.688
0 10 779975118.653
0 11 290086252.017
0 12 1012635604.184
0 13 1592018606.943
0 14 13234430.623
0 15 1042562854.488
0 16 6614728.103
0 17 620521229.292
0 18 66979513.596
0 19 299449266.644
0 20 1245653112.737
0 21 960604205.174
0 22 112813999.028
1 0 526570066.748
1 2 136176731.304
1 3 116665628.049
1 4 125510678.330
1 5 137479110.677
1 6 126457935.058
1 7 557669895.296
1 8 152228532.371
1 9 548737740.727
1 10 1119023369.772
1 11 365000930.360
1 12 1408891783.020
1 13 676298992.746
1 14 7642919.572
1 15 1165406879.550
1 16 8140742.385
1 17 405781548.924
1 18 102894097.175
1 19 271841585.796
1 20 931012990.884
1 21 488693943.667
1 22 99173640.955
2 0 197679656.153
2 1 125633174.731
2 3 21671656.930
2 4 35665356.245
2 5 28745788.458
2 6 25611260.485
2 7 150698208.177
2 8 28327270.034
2 9 184772712.076
2 10 157476923.887
2 11 49414825.547
2 12 209080808.404
2 13 167810461.174
2 14 1688402.038
2 15 186740494.654
2 16 1867368.996
2 17 84487340.386
2 18 19106000.019
2 19 74021521.509
2 20 253029764.992
2 21 153726196.698
2 22 20012847.293
3 0 164706620.774
3 1 77406184.488
3 2 17318920.467
3 4 26352856.499
3 5 33816660.159
3 6 33940092.208
3 7 215984748.613
3 8 21243269.212
3 9 127843932.792
3 10 228756925.925
3 11 59232454.940
3 12 214367933.601
3 13 204484570.356
3 14 1736288.046
3 15 237530194.978
3 16 1800660.431
3 17 55107964.882
3 18 14470769.169
3 19 109887954.468
3 20 275629201.825
3 21 108447738.076
3 22 17075628.503
4 0 177206106.475
4 1 132161585.437
4 2 20083636.941
4 3 28452074.378
4 5 34623208.184
4 6 23196942.381
4 7 167504125.841
4 8 32258886.503
4 9 108210208.520
4 10 205255501.362
4 11 67401148.124
4 12 220898831.942
4 13 233936158.298
4 14 1640462.827
4 15 219658347.528
4 16 1184713.617
4 17 66493931.819
4 18 23116601.900
4 19 59287983.541
4 20 172345639.999
4 21 98634100.350
4 22 25729281.372
5 0 154911196.183
5 1 103822624.514
5 2 32962118.028
5 3 33618070.120
5 4 28182814.576
5 6 22639539.088
5 7 171962332.221
5 8 25472336.540
5 9 137292908.084
5 10 184391863.873
5 11 78791738.955
5 12 144545800.366
5 13 231227541.303
5 14 1977739.752
5 15 125500461.559
5 16 1981115.338
5 17 95361577.338
5 18 10681190.491
5 19 70644476.238
5 20 198039875.600
5 21 139187133.163
5 22 23943347.534
6 0 163947017.022
6 1 118287722.636
6 2 31855139.105
6 3 27535614.318
6 4 31667244.141
6 5 25783989.501
6 7 158357827.096
6 8 22233348.606
6 9 226351659.857
6 10 150518439.051
6 11 67508256.553
6 12 251871424.176
6 13 125376668.410
6 14 2119186.892
6 15 153643015.402
6 16 1193686.740
6 17 94795212.487
6 18 17838611.167
6 19 110569727.653
6 20 244413168.179
6 21 93922070.330
6 22 19949225.549
7 0 650466566.824
7 1 887931485.460
7 2 118642788.876
7 3 215994333.373
7 4 129373277.948
7 5 170167174.583
7 6 106698437.609
7 8 127794298.041
7 9 703495798.382
7 10 1480388569.590
7 11 544414107.412
7 12 1535134945.199
7 13 1445744266.217
7 14 9175366.909
7 15 821926613.189
7 16 8136810.487
7 17 661741251.473
7 18 121486684.290
7 19 311108121.874
7 20 955541117.133
7 21 824405227.678
7 22 215997250.728
8 0 176682372.206
8 1 120742820.499
8 2 24593065.415
8 3 34756848.807
8 4 26407990.481
8 5 29478832.427
8 6 21315305.690
8 7 118371190.857
8 9 186404480.396
8 10 247930973.732
8 11 49228580.092
8 12 308803356.821
8 13 196692994.207
8 14 2276865.817
8 15 175159478.091
8 16 1568381.582
8 17 89553697.514
8 18 22536058.571
8 19 70048562.072
8 20 271772129.071
8 21 135443649.636
8 22 26383695.384
9 0 995396896.248
9 1 800564904.523
9 2 218688614.998
9 3 186663544.768
9 4 110765473.729
9 5 150425615.349
9 6 226159737.049
9 7 824199541.681
9 8 218905260.527
9 10 843505483.490
9 11 411157159.334
9 12 1879513226.637
9 13 1516782362.945
9 14 8249891.125
9 15 1061278692.326
9 16 14978269.308
9 17 502396172.153
9 18 97252999.578
9 19 349420093.019
9 20 809334419.914
9 21 660595271.401
9 22 225129409.718
10 0 1278245288.192
10 1 953787251.156
10 2 190090398.481
10 3 174062240.223
10 4 201057324.110
10 5 165786736.379
10 6 124293337.856
10 7 1524052068.095
10 8 138774536.257
10 9 1011910774.403
10 11 646386831.210
10 12 1734544254.836
10 13 1011589542.218
10 14 8874280.128
10 15 1178987975.192
10 16 10472820.580
10 17 725208828.818
10 18 113707679.974
10 19 786320904.360
10 20 1746666311.362
10 21 923952459.859
10 22 251621966.525
11 0 306766634.209
11 1 301605247.883
11 2 83359303.855
11 3 58886371.645
11 4 46476318.582
11 5 60743998.785
11 6 88886990.918
11 7 470224339.218
11 8 45930465.904
11 9 330725152.701
11 10 356561424.153
11 12 602479639.648
11 13 454093760.688
11 14 4539980.165
11 15 429679800.227
11 16 3302311.183
11 17 160281949.195
11 18 55116421.662
11 19 276658379.486
11 20 393900469.498
11 21 414132140.932
11 22 64283441.166
12 0 1793786349.795
12 1 1410640254.068
12 2 200490518.661
12 3 158751946.646
12 4 179261850.138
12 5 205737878.663
12 6 257355251.482
12 7 985147765.535
12 8 284324495.944
12 9 1654695964.739
12 10 1287268333.416
12 11 584652488.168
12 13 1381482517.441
12 14 8849086.006
12 15 1533922341.921
12 16 11946675.492
12 17 933236680.991
12 18 178741698.293
12 19 462766297.404
12 20 1728970050.213
12 21 698322298.067
12 22 153010212.891
13 0 1269242031.069
13 1 633495984.007
13 2 171985829.855
13 3 238511717.665
13 4 271011193.161
13 5 208095815.554
13 6 266972662.526
13 7 1036657458.483
13 8 149084145.781
13 9 1035033329.885
13 10 1780784786.210
13 11 503746207.835
13 12 2323369586.479
13 14 8671867.826
13 15 1005415350.558
13 16 13989302.925
13 17 415349498.025
13 18 104901519.618
13 19 609006638.993
13 20 2069119202.364
13 21 803577060.886
13 22 276321129.659
14 0 11259506.949
14 1 6822055.416
14 2 1831066.948
14 3 1680469.695
14 4 1061969.895
14 5 1410687.033
14 6 1303932.229
14 7 6870977.841
14 8 1585780.419
14 9 11706213.322
14 10 15359589.953
14 11 3539343.871
14 12 14593167.071
14 13 8284229.233
14 15 9056010.906
14 16 139091.728
14 17 6673654.901
14 18 970031.454
14 19 6692986.968
14 20 10171014.931
14 21 6515209.489
14 22 1556763.242
15 0 1507269419.828
15 1 590443334.320
15 2 208662419.677
15 3 224996861.799
15 4 136366262.388
15 5 216892200.705
15 6 232664855.116
15 7 1079966513.867
15 8 206009216.025
15 9 750617962.136
15 10 1560110962.553
15 11 433321919.657
15 12 997731391.088
15 13 1484829713.395
15 14 12782897.305
15 16 12709473.672
15 17 379916205.449
15 18 99252135.001
15 19 530252504.423
15 20 886532251.638
15 21 696423213.870
15 22 242144548.524
16 0 11534250.463
16 1 4656985.511
16 2 1823314.067
16 3 1690517.936
16 4 2282508.217
16 5 1943145.685
16 6 1570517.499
16 7 6237666.121
16 8 1757469.340
16 9 7070042.784
16 10 16179892.199
16 11 3830191.141
16 12 12962535.077
16 13 13077416.881
16 14 128831.329
16 15 16140733.577
16 17 4654363.503
16 18 743216.075
16 19 6637325.227
16 20 16558903.878
16 21 8362877.937
16 22 1764776.529
17 0 392925861.427
17 1 289747125.161
17 2 99243843.630
17 3 64404859.752
17 4 67138195.957
17 5 61986507.087
17 6 91637815.382
17 7 553399567.980
17 8 52035557.134
17 9 589160729.437
17 10 721471957.570
17 11 136563550.252
17 12 705518646.218
17 13 694094278.141
17 14 5881887.072
17 15 562120547.625
17 16 3924966.075
17 18 48812825.730
17 19 259422766.764
17 20 493708586.876
17 21 309633603.763
17 22 89719550.984
18 0 92579305.838
18 1 53600257.435
18 2 19441157.221
18 3 10689771.417
18 4 21436941.370
18 5 18657902.002
18 6 23014685.271
18 7 102247384.012
18 8 12261031.209
18 9 113549806.887
18 10 109277696.885
18 11 29228243.872
18 12 141021342.493
18 13 138012144.350
18 14 895399.304
18 15 155179096.222
18 16 1300121.494
18 17 34832360.543
18 19 51753654.713
18 20 160181487.493
18 21 85827061.166
18 22 20224473.152
19 0 551797951.258
19 1 328860770.748
19 2 72081732.928
19 3 101974963.911
19 4 68535732.377
19 5 102517295.007
19 6 54020129.301
19 7 387957888.433
19 8 55811702.745
19 9 703916438.345
19 10 776299164.065
19 11 172222315.261
19 12 474951706.354
19 13 430417770.642
19 14 3608964.622
19 15 404140102.435
19 16 6002639.344
19 17 235803667.478
19 18 48180804.610
19 20 734210986.312
19 21 337511491.631
19 22 100458237.179
20 0 1214073157.195
20 1 987419482.615
20 2 248221013.393
20 3 243905892.789
20 4 264122496.505
20 5 168170134.923
20 6 267227196.665
20 7 1593929234.007
20 8 181025515.982
20 9 912617230.162
20 10 1209047228.597
20 11 573193716.871
20 12 1549434366.437
20 13 1031005373.001
20 14 14563963.369
20 15 1556193180.148
20 16 10724779.734
20 17 484188619.684
20 18 81663247.406
20 19 583363016.724
20 21 1221396861.353
20 22 234088567.354
21 0 535365536.311
21 1 680015296.839
21 2 121385662.459
21 3 103125246.338
21 4 105675185.971
21 5 136898810.651
21 6 160348732.761
21 7 775128748.298
21 8 92202030.605
21 9 845272536.767
21 10 606877845.757
21 11 411369445.068
21 12 1380097215.703
21 13 912361938.731
21 14 8664649.789
21 15 689252547.907
21 16 8801077.813
21 17 243916095.372
21 18 78361048.943
21 19 421644586.436
21 20 1180383714.211
21 22 116599353.839
22 0 120818315.126
22 1 117110716.033
22 2 18669617.175
22 3 29959555.297
22 4 31887510.732
22 5 35563068.224
22 6 27272635.798
22 7 148078241.556
22 8 23173730.488
22 9 204600781.121
22 10 141780608.557
22 11 65850595.229
22 12 293248262.183
22 13 164369740.350
22 14 2058111.106
22 15 251223530.644
22 16 1145655.707
22 17 64448306.008
22 18 20815419.336
22 19 107492693.948
22 20 170399595.846
22 21 116388946.435
