506
0 1 763306311.295
0 2 117571732.758
0 3 157652590.928
0 4 113251571.207
0 5 187175431.387
0 6 197554002.395
0 7 1008513020.451
0 8 106801907.471
0 9 1189868416.461
0 10 711950383.350
0 11 502978596.861
0 12 1365908048.090
0 13 1449550479.342
0 14 9943566.254
0 15 1349599922.461
0 16 8153642.444
0 17 566490946.496
0 18 74924707.194
0 19 331287872.785
0 20 1274223188.633
0 21 765643639.267
0 22 143234602.613
1 0 796802428.501
1 2 84810442.189
1 3 123432927.121
1 4 151115899.957
1 5 162946852.631
1 6 138656197.901
1 7 888573403.456
1 8 89412416.799
1 9 1084134393.409
1 10 1099510748.326
1 11 253640458.135
1 12 1058495650.129
1 13 1229917250.664
1 14 6442256.122
1 15 1038147760.330
1 16 7903036.181
1 17 439197010.116
1 18 83805165.102
1 19 479233975.712
1 20 687025294.902
1 21 741077292.564
1 22 89286584.306
2 0 157330556.259
2 1 135129178.923
2 3 36699681.802
2 4 22635733.216
2 5 33225950.336
2 6 18998545.294
2 7 220291466.574
2 8 37799450.376
2 9 122696521.938
2 10 153885463.106
2 11 71653619.463
2 12 192320784.577
2 13 251570084.414
2 14 2073192.481
2 15 130061666.265
2 16 1593079.921
2 17 50741498.885
2 18 11176498.958
2 19 98769466.899
2 20 175535373.966
2 21 94476643.537
2 22 33892568.523
3 0 185882015.229
3 1 147823629.942
3 2 21543476.015
3 4 19954121.519
3 5 33717343.131
3 6 18531889.165
3 7 136481794.084
3 8 19235250.966
3 9 117078306.640
3 10 178793391.013
3 11 45920420.044
3 12 211901875.105
3 13 208796730.961
3 14 2227671.352
3 15 115094957.534
3 16 2170299.499
3 17 95291120.712
3 18 15664215.920
3 19 52247648.615
3 20 246094986.625
3 21 74816153.702
3 22 28010565.251
4 0 182802426.836
4 1 99704090.363
4 2 18844066.414
4 3 19929203.770
4 5 22737929.480
4 6 21770255.922
4 7 134550105.689
4 8 20690685.690
4 9 209096722.792
4 10 234977844.540
4 11 75828557.662
4 12 179624820.424
4 13 192162718.516
4 14 2133910.460
4 15 183847670.222
4 16 1655660.975
4 17 102051061.541
4 18 10841296.353
4 19 56591441.977
4 20 191409251.283
4 21 152126003.737
4 22 26078032.379
5 0 147491851.113
5 1 156466837.599
5 2 34095650.962
5 3 19104143.818
5 4 25330987.107
5 6 23316516.250
5 7 201501978.157
5 8 29577063.776
5 9 183918485.903
5 10 122558931.360
5 11 91036506.319
5 12 165355063.908
5 13 267896768.774
5 14 1119816.947
5 15 145344021.128
5 16 1475672.319
5 17 110056439.506
5 18 12856322.076
5 19 107215373.900
5 20 268100166.720
5 21 117899264.386
5 22 31945451.370
6 0 207793011.593
6 1 161568488.633
6 2 30788099.872
6 3 20484180.393
6 4 21267689.064
6 5 30669887.569
6 7 180613169.407
6 8 20417098.904
6 9 189992474.859
6 10 137723639.996
6 11 85523550.921
6 12 242580546.021
6 13 143559934.387
6 14 1314182.010
6 15 203482047.778
6 16 1989729.576
6 17 100729516.280
6 18 15112075.577
6 19 77855977.198
6 20 141875745.536
6 21 93571489.868
6 22 17875142.511
7 0 1117447725.670
7 1 941384542.046
7 2 160608159.106
7 3 166705524.053
7 4 215703418.576
7 5 180075783.073
7 6 220877099.990
7 8 156608499.680
7 9 1329542377.057
7 10 1272213889.353
7 11 397512822.975
7 12 1013684283.218
7 13 1269289521.402
7 14 12760725.957
7 15 1376628045.620
7 16 8942436.058
7 17 382473005.075
7 18 109702116.749
7 19 423866908.410
7 20 745122743.507
7 21 718849957.015
7 22 197332198.451
8 0 164852495.159
8 1 162412931.638
8 2 21722529.044
8 3 31821733.309
8 4 27592581.618
8 5 29189690.054
8 6 28387079.665
8 7 189280688.084
8 9 189315810.999
8 10 212898417.858
8 11 58598171.680
8 12 281946835.221
8 13 260912953.375
8 14 2208770.845
8 15 179982846.816
8 16 1687393.884
8 17 76049245.718
8 18 11023260.395
8 19 55852207.211
8 20 161654544.897
8 21 83403563.391
8 22 24845529.968
9 0 1298278380.005
9 1 524368700.449
9 2 244488072.194
9 3 182840220.865
9 4 231837267.583
9 5 162363658.894
9 6 111656411.836
9 7 746052062.662
9 8 152949163.960
9 10 1348721767.608
9 11 398910924.112
9 12 1983813533.372
9 13 1142660138.936
9 14 14521331.576
9 15 803594490.552
9 16 14408009.447
9 17 634322160.266
9 18 106682938.644
9 19 695766075.529
9 20 1085512475.305
9 21 853358874.825
9 22 135850053.990
10 0 740524013.292
10 1 955261815.734
10 2 124854632.318
10 3 139522436.052
10 4 169582099.428
10 5 169327189.667
10 6 173432876.908
10 7 1185695905.476
10 8 190946259.310
10 9 823688057.111
10 11 573647618.830
10 12 1360950432.691
10 13 1271789584.368
10 14 13126433.578
10 15 1803440374.980
10 16 15024302.430
10 17 453619507.914
10 18 141759598.163
10 19 603083205.482
10 20 1974232867.222
10 21 1140742049.641
10 22 210608714.850
11 0 457056930.922
11 1 381532629.660
11 2 56816034.724
11 3 56083914.681
11 4 79829558.324
11 5 67393111.315
11 6 88744807.711
11 7 443671615.791
11 8 69263805.096
11 9 418152117.394
11 10 651089974.808
11 12 750212445.292
11 13 643577278.114
11 14 4340699.401
11 15 382012206.972
11 16 4858867.863
11 17 170168679.068
11 18 33013641.209
11 19 178444547.722
11 20 565083187.524
11 21 331927278.407
11 22 68208231.385
12 0 849230411.070
12 1 770962654.064
12 2 198239470.765
12 3 213241662.627
12 4 233180576.862
12 5 287780054.391
12 6 258740635.127
12 7 1172322762.319
12 8 225862915.423
12 9 1725904705.381
12 10 2125853365.902
12 11 614036588.580
12 13 1768453456.560
12 14 17140881.097
12 15 1533896327.617
12 16 19462226.342
12 17 565224870.521
12 18 166299375.304
12 19 813910563.072
12 20 2041919953.275
12 21 1092773094.133
12 22 288894426.671
13 0 943557636.400
13 1 617898768.144
13 2 203601637.118
13 3 226999702.346
13 4 184802429.507
13 5 260927032.822
13 6 138359213.902
13 7 1440210105.626
13 8 268458878.336
13 9 995857524.640
13 10 1912753733.664
13 11 667990643.893
13 12 2276719262.262
13 14 12068710.888
13 15 1444789058.136
13 16 11754415.473
13 17 451231092.429
13 18 99936231.359
13 19 419011077.549
13 20 1955815781.887
13 21 1047595093.840
13 22 269555904.361
14 0 9591733.318
14 1 5216964.941
14 2 1368120.468
14 3 2113343.534
14 4 2059674.991
14 5 1401895.240
14 6 1366081.564
14 7 12139654.802
14 8 1364304.052
14 9 11421306.632
14 10 7441352.145
14 11 3633686.491
14 12 15544988.094
14 13 13432292.684
14 15 12931637.006
14 16 108923.788
14 17 4102271.796
14 18 779748.289
14 19 4021189.377
14 20 8009814.693
14 21 9844570.977
14 22 1371952.188
15 0 796157529.329
15 1 821874138.867
15 2 186450639.683
15 3 171095024.714
15 4 219554433.712
15 5 140844603.592
15 6 157471678.506
15 7 1011940133.201
15 8 216175191.719
15 9 1436020234.783
15 10 819712832.108
15 11 381357557.816
15 12 1577702177.552
15 13 1448363395.408
15 14 14783557.853
15 16 10507777.838
15 17 347849224.616
15 18 133199931.481
15 19 531129379.539
15 20 1719518443.306
15 21 781277202.923
15 22 153484179.701
16 0 10367299.021
16 1 8572518.896
16 2 1129205.836
16 3 1536273.847
16 4 2033199.495
16 5 1167167.895
16 6 1074479.746
16 7 11621994.666
16 8 1496268.304
16 9 7968676.520
16 10 9894727.559
16 11 5325208.753
16 12 14606397.773
16 13 8850016.220
16 14 110649.978
16 15 7254235.920
16 17 4491929.454
16 18 1148618.894
16 19 4197517.632
16 20 12994596.369
16 21 4613822.186
16 22 1357052.807
17 0 428826958.098
17 1 269060373.788
17 2 82597047.091
17 3 62233893.774
17 4 62343921.122
17 5 96089297.704
17 6 49505337.513
17 7 558433962.698
17 8 72857432.302
17 9 468788620.857
17 10 668082465.734
17 11 142382059.156
17 12 854852551.851
17 13 414647959.685
17 14 6839552.228
17 15 385367689.729
17 16 3167207.162
17 18 50912982.286
17 19 280351455.084
17 20 800729441.564
17 21 369065372.723
17 22 73253283.893
18 0 71795302.564
18 1 101112733.926
18 2 22677750.138
18 3 22066193.742
18 4 17071185.902
18 5 20606344.480
18 6 16677227.409
18 7 119129217.600
18 8 12340847.273
18 9 73300875.276
18 10 158921521.923
18 11 58156636.069
18 12 104077462.676
18 13 126194440.603
18 14 1414462.412
18 15 89176236.866
18 16 1035210.598
18 17 63439980.286
18 19 63605723.248
18 20 144126239.969
18 21 50029368.559
18 22 19780702.324
19 0 473111332.369
19 1 268338701.086
19 2 68174788.180
19 3 82907259.918
19 4 87192143.325
19 5 78829001.424
19 6 106540172.091
19 7 384769393.114
19 8 93390412.281
19 9 537397457.920
19 10 564946768.134
19 11 155117397.232
19 12 829024841.267
19 13 598411636.766
19 14 5802120.237
19 15 582789033.771
19 16 3862283.172
19 17 256178013.268
19 18 60395424.907
19 20 540610823.579
19 21 349565670.065
19 22 68914058.136
20 0 1369376742.224
20 1 955470817.385
20 2 248781333.349
20 3 149218582.857
20 4 158280991.991
20 5 203052064.448
20 6 139610950.001
20 7 1650199154.189
20 8 259416091.550
20 9 1692617487.117
20 10 1868014605.105
20 11 342114845.023
20 12 1227633319.369
20 13 1558956236.088
20 14 11677813.619
20 15 1829877421.214
20 16 10654140.496
20 17 769307052.152
20 18 166085642.630
20 19 759542633.229
20 21 850034498.411
20 22 201616347.622
21 0 548808546.806
21 1 724646050.347
21 2 154090279.868
21 3 150839209.535
21 4 115041947.284
21 5 152964339.063
21 6 153102314.874
21 7 762407235.883
21 8 154647133.221
21 9 565064118.875
21 10 969997416.645
21 11 272409149.476
21 12 815589795.380
21 13 1156869453.008
21 14 5624336.379
21 15 1100637294.377
21 16 5679586.531
21 17 245007446.837
21 18 55507698.913
21 19 468744766.336
21 20 745436363.045
21 22 78774187.363
22 0 192205633.581
22 1 162855777.597
22 2 22358513.186
22 3 24735154.589
22 4 23972543.189
22 5 17579736.374
22 6 20362949.736
22 7 216560664.072
22 8 20092764.718
22 9 222464897.642
22 10 246083842.634
22 11 71950700.809
22 12 291006944.436
22 13 217547390.930
22 14 1617780.311
22 15 195192379.530
22 16 1319841.299
22 17 62777719.547
22 18 21215685.570
22 19 93075096.992
22 20 158830169.322
22 21 145194787.487
