506
0 1 732655125.748
0 2 191031239.458
0 3 107077149.307
0 4 205826236.216
0 5 167248568.144
0 6 99182954.436
0 7 661252515.976
0 8 200050176.081
0 9 827736600.251
0 10 789483074.359
0 11 532031508.226
0 12 1739810484.874
0 13 942847314.967
0 14 11526891.633
0 15 952079671.960
0 16 12324450.163
0 17 559832313.778
0 18 85694609.445
0 19 525656497.236
0 20 1247340878.831
0 21 567497838.498
0 22 207715994.521
1 0 846939586.089
1 2 171976420.590
1 3 147513149.564
1 4 162836109.694
1 5 158164842.528
1 6 87817973.881
1 7 796136873.912
1 8 152684296.906
1 9 1003188284.465
1 10 745924729.783
1 11 359379998.157
1 12 1026852854.790
1 13 747458436.064
1 14 9821964.910
1 15 832415572.852
1 16 8640831.915
1 17 341353472.975
1 18 47967121.872
1 19 403736415.804
1 20 885984840.905
1 21 497153469.905
1 22 101001768.810
2 0 158466346.551
2 1 149081597.503
2 3 37707380.495
2 4 36607866.478
2 5 28836748.637
2 6 33144024.515
2 7 205202522.090
2 8 25985555.389
2 9 131358347.552
2 10 167321731.410
2 11 84994915.329
2 12 204900664.810
2 13 250489317.018
2 14 1938350.310
2 15 220966885.495
2 16 1792305.423
2 17 92852272.691
2 18 17861976.088
2 19 105191083.226
2 20 175444222.914
2 21 148180068.903
2 22 21334166.317
3 0 144603560.590
3 1 147831358.305
3 2 34313394.236
3 4 31542159.645
3 5 35549908.169
3 6 19628505.474
3 7 196963166.120
3 8 30025308.426
3 9 187263237.499
3 10 233341375.350
3 11 72015321.815
3 12 158709643.107
3 13 174259074.036
3 14 1611133.420
3 15 165368142.282
3 16 1615711.480
3 17 103603731.716
3 18 19477752.832
3 19 84330568.534
3 20 249851790.609
3 21 149602677.233
3 22 30248754.236
4 0 156703482.327
4 1 124845705.122
4 2 17329545.744
4 3 19633827.459
4 5 30363540.865
4 6 17445989.500
4 7 174332525.089
4 8 30470450.200
4 9 187805965.877
4 10 156897331.564
4 11 59772891.175
4 12 183153459.691
4 13 204999988.143
4 14 2200734.746
4 15 194468439.456
4 16 1274046.479
4 17 92142871.067
4 18 15582144.184
4 19 92559399.665
4 20 151436425.631
4 21 146187823.860
4 22 23121288.101
5 0 140025404.791
5 1 78608712.156
5 2 22110576.930
5 3 23573557.398
5 4 22407986.570
5 6 28379573.141
5 7 162213036.919
5 8 33276397.209
5 9 170177678.180
5 10 135851673.645
5 11 90934047.987
5 12 249093134.733
5 13 194911719.594
5 14 2144979.983
5 15 143824681.805
5 16 2240756.981
5 17 59529827.310
5 18 16614752.995
5 19 95002092.112
5 20 244957708.822
5 21 146445282.045
5 22 26286896.792
6 0 137935194.246
6 1 105879845.879
6 2 31658016.859
6 3 21314758.460
6 4 32437962.054
6 5 31025249.541
6 7 189013196.288
6 8 34877579.842
6 9 191681744.568
6 10 151331616.341
6 11 58081998.988
6 12 300856183.770
6 13 124180978.631
6 14 1278135.394
6 15 239934055.559
6 16 1445362.312
6 17 53807900.681
6 18 12639174.777
6 19 91767078.481
6 20 157406448.772
6 21 108384362.917
6 22 23351024.570
7 0 658664246.913
7 1 942580425.228
7 2 165087238.011
7 3 126357762.003
7 4 134738009.149
7 5 204668116.582
7 6 121664454.031
7 8 212687961.499
7 9 977092299.129
7 10 983171697.696
7 11 272586897.526
7 12 1548677991.880
7 13 1210621841.607
7 14 11981989.286
7 15 1466941136.903
7 16 8867240.605
7 17 540917199.375
7 18 127271938.219
7 19 443853598.248
7 20 883179429.763
7 21 584275660.070
7 22 220864040.046
8 0 177812028.403
8 1 136073530.153
8 2 26416956.862
8 3 31302406.167
8 4 36209401.504
8 5 24200261.474
8 6 20084316.769
8 7 163501615.007
8 9 208581667.829
8 10 154272349.332
8 11 88201468.578
8 12 258122828.665
8 13 261573915.685
8 14 2262076.174
8 15 234566381.283
8 16 1710739.585
8 17 102957704.619
8 18 13089038.795
8 19 103957486.975
8 20 266231988.461
8 21 138336963.570
8 22 26285278.189
9 0 948801031.774
9 1 527164946.686
9 2 162603370.582
9 3 113815766.917
9 4 144266634.736
9 5 107414466.134
9 6 238568215.076
9 7 1005249884.729
9 8 235955812.056
9 10 1687174386.441
9 11 484202601.258
9 12 1161287816.322
9 13 1044480301.258
9 14 10383292.848
9 15 1636493274.711
9 16 13301162.273
9 17 486161701.686
9 18 105141009.667
9 19 612675540.116
9 20 1051345956.239
9 21 1010035273.998
9 22 176374044.062
10 0 975778343.081
10 1 676625390.825
10 2 151733373.821
10 3 149500796.130
10 4 201442722.245
10 5 214130026.825
10 6 165481888.103
10 7 1294456372.591
10 8 252001380.423
10 9 1247886830.134
10 11 559135962.228
10 12 1204911446.061
10 13 1831581180.414
10 14 11400763.117
10 15 1273510685.849
10 16 8340435.276
10 17 479684941.902
10 18 161264548.740
10 19 683960156.890
10 20 1915488055.021
10 21 716056549.950
10 22 154451162.669
11 0 512465950.088
11 1 276219576.660
11 2 48343336.912
11 3 43878675.627
11 4 45762363.194
11 5 47416521.246
11 6 66880194.117
11 7 498561303.734
11 8 52986311.274
11 9 460833064.593
11 10 456144390.115
11 12 689505823.719
11 13 484749581.777
11 14 2751957.002
11 15 310922125.851
11 16 4026692.317
11 17 177578190.802
11 18 56811090.607
11 19 217702794.516
11 20 649114548.439
11 21 260708674.172
11 22 82589754.360
12 0 840539324.924
12 1 1411442185.929
12 2 300427118.066
12 3 230425876.589
12 4 283792169.946
12 5 180068220.142
12 6 299392572.413
12 7 1003348318.073
12 8 197599206.757
12 9 1534829592.716
12 10 1261071675.371
12 11 748267485.167
12 13 1549620509.497
12 14 19120595.342
12 15 1864259782.645
12 16 11745955.875
12 17 814414879.542
12 18 197689104.384
12 19 735976652.998
12 20 2270124039.584
12 21 987079597.033
12 22 144319002.762
13 0 1455884557.974
13 1 843743144.238
13 2 171379221.961
13 3 174497792.005
13 4 209782883.157
13 5 257842169.895
13 6 140935950.334
13 7 1653317609.641
13 8 190722301.252
13 9 1605174568.092
13 10 1145216333.574
13 11 597201862.391
13 12 1816220019.893
13 14 15547678.826
13 15 1630977532.605
13 16 9331859.499
13 17 819735149.476
13 18 108565391.210
13 19 565848980.536
13 20 1580488096.616
13 21 563183658.109
13 22 175651270.564
14 0 13510729.370
14 1 6544922.657
14 2 1825727.321
14 3 1258804.988
14 4 2284802.078
14 5 1569537.390
14 6 1636916.913
14 7 8146709.333
14 8 1203432.755
14 9 8371696.768
14 10 10208442.616
14 11 4801669.147
14 12 11172582.497
14 13 13115901.011
14 15 12066690.878
14 16 96144.856
14 17 4818732.953
14 18 1154232.409
14 19 5166463.351
14 20 8518831.556
14 21 5781720.497
14 22 1368848.184
15 0 1292376835.729
15 1 836101042.752
15 2 146789325.789
15 3 146706346.421
15 4 253688848.869
15 5 148498642.376
15 6 258226007.765
15 7 1082300118.923
15 8 226661194.271
15 9 1152938039.875
15 10 1601147059.005
15 11 309384743.084
15 12 2029330905.111
15 13 1126986945.448
15 14 15102076.033
15 16 10151639.122
15 17 716146552.885
15 18 138646932.569
15 19 469276310.843
15 20 1407278305.484
15 21 813146371.800
15 22 213194134.847
16 0 7798890.568
16 1 7788994.300
16 2 1939950.164
16 3 1845176.991
16 4 2223120.262
16 5 1428434.522
16 6 1908915.659
16 7 10868892.021
16 8 1201468.871
16 9 11507863.641
16 10 15479549.160
16 11 3069699.323
16 12 16016888.336
16 13 13223585.682
16 14 142170.043
16 15 15519078.646
16 17 5345088.536
16 18 1302594.891
16 19 3646599.515
16 20 9853097.374
16 21 6211443.054
16 22 1239239.999
17 0 512702956.319
17 1 245153569.671
17 2 105470110.262
17 3 60655995.766
17 4 88389854.368
17 5 54037655.791
17 6 87034303.206
17 7 423706801.426
17 8 60091094.358
17 9 394997564.351
17 10 657750404.263
17 11 224552735.107
17 12 573390522.842
17 13 774942552.196
17 14 6657564.463
17 15 379801873.918
17 16 4202339.996
17 18 60880428.941
17 19 202325128.898
17 20 800862337.673
17 21 340156261.560
17 22 61225420.879
18 0 74224174.241
18 1 73537873.352
18 2 16359417.681
18 3 14868912.696
18 4 16859716.875
18 5 16711198.985
18 6 18071316.214
18 7 105389680.059
18 8 10392432.069
18 9 84379048.445
18 10 109345487.988
18 11 26569410.730
18 12 192882051.046
18 13 139063007.400
18 14 1388143.358
18 15 149570312.708
18 16 966601.043
18 17 57310480.861
18 19 35578796.718
18 20 163258635.577
18 21 54727489.763
18 22 15003698.995
19 0 401950358.192
19 1 465845459.376
19 2 65486267.317
19 3 96043228.160
19 4 76109298.259
19 5 89097434.960
19 6 103004380.505
19 7 369987153.113
19 8 78258054.846
19 9 715165459.190
19 10 715989663.165
19 11 182011426.988
19 12 735958059.329
19 13 429980954.350
19 14 3541276.797
19 15 605495604.074
19 16 6820002.359
19 17 314612471.794
19 18 50352599.099
19 20 724185594.739
19 21 465728040.518
19 22 98785625.731
20 0 1465361199.105
20 1 656081184.915
20 2 224163015.559
20 3 184486059.175
20 4 274355907.439
20 5 186038502.255
20 6 142784316.808
20 7 966967420.754
20 8 139483921.054
20 9 867438144.052
20 10 1865838553.949
20 11 528979424.287
20 12 1919060416.168
20 13 1756991836.221
20 14 13445035.126
20 15 1407333490.284
20 16 14309414.928
20 17 467632275.138
20 18 131779813.206
20 19 642587066.112
20 21 781615267.006
20 22 142907075.609
21 0 781005587.407
21 1 372682876.337
21 2 87739300.346
21 3 160974340.677
21 4 129542375.783
21 5 120916906.913
21 6 165594056.877
21 7 925078712.690
21 8 160829197.448
21 9 659970511.179
21 10 562793683.515
21 11 351217337.151
21 12 766693294.126
21 13 868444292.523
21 14 5378680.698
21 15 729148555.012
21 16 6175388.599
21 17 307615928.468
21 18 58862524.010
21 19 223735267.637
21 20 1037735537.526
21 22 89149092.829
22 0 114353739.123
22 1 90322785.359
22 2 26682873.327
22 3 20654413.754
22 4 32126563.599
22 5 26452478.471
22 6 35376185.506
22 7 143532693.130
22 8 31840094.535
22 9 203887686.641
22 10 183139093.343
22 11 53999303.220
22 12 259409068.262
22 13 169258385.727
22 14 1561286.232
22 15 148234696.824
22 16 1356943.206
22 17 59555454.915
22 18 21071249.442
22 19 60323790.381
22 20 189471961.215
22 21 90670300.331
