506
0 1 770334708.051
0 2 207052303.412
0 3 210004109.867
0 4 113976459.694
0 5 170950819.790
0 6 206225673.144
0 7 638705759.447
0 8 121292461.456
0 9 803329312.488
0 10 1004124983.972
0 11 408222035.756
0 12 1037088077.227
0 13 1517046303.675
0 14 9478164.257
0 15 1400358593.728
0 16 13824587.860
0 17 521099996.013
0 18 72875766.447
0 19 325986249.211
0 20 861091963.057
0 21 466727280.892
0 22 132467778.073
1 0 453689218.039
1 2 89101434.941
1 3 75135281.502
1 4 116767577.374
1 5 100299141.267
1 6 159671402.330
1 7 590795001.248
1 8 87911395.751
1 9 892892990.877
1 10 717492544.909
1 11 232063715.337
1 12 1148283661.799
1 13 897416958.124
1 14 9840367.261
1 15 609635035.163
1 16 9140519.875
1 17 251681556.837
1 18 47335610.795
1 19 499388556.992
1 20 1030767056.693
1 21 595121698.384
1 22 159159797.576
2 0 139493979.245
2 1 168755556.920
2 3 35919318.469
2 4 33382503.704
2 5 35967042.625
2 6 26850273.884
2 7 124646668.108
2 8 19096462.166
2 9 207481756.566
2 10 262108585.860
2 11 71311302.922
2 12 246736685.810
2 13 133423823.871
2 14 1325173.556
2 15 258867542.554
2 16 1078134.567
2 17 112351642.549
2 18 11144908.537
2 19 112080541.470
2 20 180769238.280
2 21 153105103.609
2 22 24585824.673
3 0 221210915.206
3 1 154025110.263
3 2 26617488.637
3 4 34343038.396
3 5 20219667.144
3 6 22877952.410
3 7 196974940.939
3 8 25553937.413
3 9 238034809.213
3 10 218543494.200
3 11 42904492.207
3 12 210677576.429
3 13 209549838.298
3 14 1570706.129
3 15 142089099.117
3 16 1445341.629
3 17 110648998.210
3 18 10394920.793
3 19 69087045.887
3 20 226404220.478
3 21 126545860.518
3 22 23511570.792
4 0 215991466.867
4 1 146210293.616
4 2 21059178.964
4 3 32456421.298
4 5 36004755.923
4 6 32653300.258
4 7 209692495.180
4 8 35607130.872
4 9 161161947.271
4 10 220584683.184
4 11 88066548.460
4 12 276151009.878
4 13 145774865.969
4 14 1879924.813
4 15 184881621.555
4 16 1178617.987
4 17 84421830.952
4 18 22019161.087
4 19 74727039.754
4 20 246643207.104
4 21 79737500.888
4 22 35468290.914
5 0 220760329.744
5 1 78343254.693
5 2 18959110.409
5 3 16582078.813
5 4 27131347.258
5 6 17927239.305
5 7 177584089.573
5 8 32528290.201
5 9 187558351.015
5 10 171505735.878
5 11 58449890.808
5 12 274828885.820
5 13 151318487.655
5 14 2090749.965
5 15 127829366.874
5 16 1833409.551
5 17 90602468.064
5 18 17760844.139
5 19 62732257.002
5 20 123223335.687
5 21 154485889.546
5 22 32381952.294
6 0 184925257.683
6 1 162593826.925
6 2 25018135.008
6 3 34718504.920
6 4 26203134.747
6 5 20129409.204
6 7 211680453.273
6 8 21335937.444
6 9 158636418.532
6 10 250170747.710
6 11 80061388.992
6 12 229324580.600
6 13 260064560.515
6 14 2254960.139
6 15 128915946.288
6 16 2177126.469
6 17 82104640.048
6 18 20678548.342
6 19 77874881.559
6 20 147609335.498
6 21 128340001.213
6 22 35833451.990
7 0 1046844965.449
7 1 993579752.366
7 2 138717790.880
7 3 157637684.759
7 4 177851317.970
7 5 166547334.260
7 6 168257150.409
7 8 109588111.046
7 9 1256343247.285
7 10 1404205830.069
7 11 441624395.885
7 12 1426291195.047
7 13 841609703.748
7 14 8158574.218
7 15 979710814.059
7 16 11009245.264
7 17 610137703.135
7 18 135715647.470
7 19 305634225.735
7 20 1425716401.598
7 21 566393106.727
7 22 161138301.309
8 0 214840155.542
8 1 159884177.258
8 2 36924077.541
8 3 25646112.543
8 4 19364825.840
8 5 20833666.789
8 6 16489850.848
8 7 176064876.882
8 9 139360279.077
8 10 247991448.989
8 11 56658578.597
8 12 259067547.015
8 13 149006899.558
8 14 1451220.992
8 15 173432322.855
8 16 1272411.610
8 17 68271292.189
8 18 23245833.040
8 19 77340113.500
8 20 205097254.966
8 21 92317423.416
8 22 28946766.037
9 0 1139948960.425
9 1 787652845.072
9 2 188440293.122
9 3 115644706.207
9 4 153196014.764
9 5 124840364.684
9 6 131410804.314
9 7 1375441966.648
9 8 230187117.030
9 10 1596621043.254
9 11 395083719.144
9 12 1374827650.722
9 13 1212470373.550
9 14 13611833.536
9 15 1654557946.218
9 16 13205241.517
9 17 366950651.457
9 18 125216881.384
9 19 545310039.180
9 20 1310929454.994
9 21 567170788.451
9 22 121330201.630
10 0 1021511832.309
10 1 623113278.334
10 2 150302357.245
10 3 223665489.403
10 4 217363860.127
10 5 261199539.991
10 6 200092975.808
10 7 1297230500.540
10 8 118283679.850
10 9 1298641570.946
10 11 375656816.320
10 12 2166979195.828
10 13 1380200595.535
10 14 12965085.283
10 15 1732016532.275
10 16 13648815.691
10 17 787507234.003
10 18 130108619.391
10 19 402090290.856
10 20 1303038459.177
10 21 922656199.356
10 22 236427501.778
11 0 246526557.799
11 1 263012377.974
11 2 67184258.887
11 3 73280286.446
11 4 66982553.872
11 5 42977811.168
11 6 53057403.849
11 7 474805771.915
11 8 41023522.686
11 9 463016765.963
11 10 607281200.053
11 12 689168551.681
11 13 647473777.344
11 14 3943654.703
11 15 488387552.829
11 16 4470375.847
11 17 213404601.810
11 18 48698805.754
11 19 190812892.710
11 20 585419357.292
11 21 352398995.728
11 22 51423013.281
12 0 1664625463.169
12 1 1232235283.027
12 2 219720512.673
12 3 306897618.812
12 4 182563886.500
12 5 162477104.178
12 6 296416686.957
12 7 1800362677.264
12 8 297817902.804
12 9 1417836318.826
12 10 1569218642.798
12 11 631491783.323
12 13 2329990643.101
12 14 13218062.925
12 15 1609509174.907
12 16 9197017.117
12 17 908469652.530
12 18 162492587.406
12 19 774196699.267
12 20 1669462670.996
12 21 663990262.666
12 22 171541901.505
13 0 1307142761.536
13 1 958324046.538
13 2 138772086.214
13 3 275726354.245
13 4 231682120.163
13 5 260011670.583
13 6 260787223.182
13 7 1654332218.690
13 8 257016627.266
13 9 1529650645.648
13 10 1551434358.027
13 11 562465359.601
13 12 2252896164.140
13 14 10845783.148
13 15 1297345891.426
13 16 12720275.277
13 17 378522444.985
13 18 97580412.307
13 19 406497373.696
13 20 1318383533.938
13 21 611650631.729
13 22 151745951.005
14 0 11875968.588
14 1 5300254.404
14 2 1377058.639
14 3 2219421.872
14 4 1138893.670
14 5 1962250.956
14 6 2273995.256
14 7 11018531.874
14 8 1125536.591
14 9 9183513.862
14 10 10441269.272
14 11 5610797.474
14 12 18107705.887
14 13 17008420.946
14 15 8104315.592
14 16 114257.744
14 17 4072348.051
14 18 840639.661
14 19 6472016.181
14 20 15969426.407
14 21 5325684.249
14 22 2186388.276
15 0 722626089.308
15 1 1169983930.150
15 2 156826539.469
15 3 122009723.896
15 4 215727064.368
15 5 147846517.593
15 6 177330581.634
15 7 1060448749.064
15 8 255503113.077
15 9 942172370.941
15 10 1304126704.557
15 11 405026072.525
15 12 1080126380.844
15 13 1349068369.141
15 14 12956818.067
15 16 10774357.940
15 17 517528973.886
15 18 121130403.670
15 19 440676276.376
15 20 900048385.103
15 21 1049578979.370
15 22 236128009.104
16 0 10059199.697
16 1 5602165.517
16 2 2025896.439
16 3 1131340.471
16 4 1720510.684
16 5 1418865.661
16 6 1158127.837
16 7 10345615.175
16 8 1928739.860
16 9 6745013.254
16 10 8569866.159
16 11 2636210.327
16 12 15010226.448
16 13 9619944.016
16 14 120094.783
16 15 12511536.236
16 17 6473363.672
16 18 1304099.476
16 19 4179565.916
16 20 9174588.374
16 21 7159412.375
16 22 2144106.098
17 0 640201237.806
17 1 255677851.105
17 2 106018536.420
17 3 49925305.839
17 4 69223595.150
17 5 93219503.713
17 6 100750989.972
17 7 408517712.650
17 8 64093236.606
17 9 653765302.204
17 10 509681299.983
17 11 226198403.895
17 12 630730251.679
17 13 524809261.685
17 14 4868940.076
17 15 761090788.460
17 16 4394337.191
17 18 42442210.496
17 19 303420537.028
17 20 768221308.972
17 21 378234937.510
17 22 64139850.292
18 0 84322419.700
18 1 105589968.783
18 2 22878325.118
18 3 21521101.131
18 4 12993460.158
18 5 19862694.200
18 6 16598274.326
18 7 133345788.370
18 8 18260308.209
18 9 88699139.241
18 10 104585961.084
18 11 27200617.461
18 12 88740056.265
18 13 88532895.621
18 14 813326.707
18 15 116875880.211
18 16 1111750.641
18 17 39225996.515
18 19 47765971.392
18 20 159819506.940
18 21 64139687.524
18 22 11874244.886
19 0 446345838.551
19 1 237562179.631
19 2 107374758.164
19 3 72831675.247
19 4 69949942.627
19 5 77668714.562
19 6 66988374.974
19 7 389427219.496
19 8 54450418.506
19 9 487742284.267
19 10 657241286.844
19 11 147758991.249
19 12 476940041.539
19 13 391767708.705
19 14 3602939.026
19 15 716937600.803
19 16 4061964.235
19 17 215673284.186
19 18 50535941.217
19 20 605574693.645
19 21 413213649.281
19 22 68507940.835
20 0 1190852710.246
20 1 1247462337.301
20 2 268539641.040
20 3 218356003.360
20 4 215461111.924
20 5 151407125.724
20 6 243508720.094
20 7 1383017383.839
20 8 273589049.306
20 9 1285462807.044
20 10 1494517043.512
20 11 489429376.033
20 12 2142010879.895
20 13 1631506853.782
20 14 13950730.317
20 15 1068990657.638
20 16 10163683.691
20 17 517180116.917
20 18 119048324.999
20 19 663130058.537
20 21 934608319.280
20 22 266557323.553
21 0 779392187.751
21 1 576482476.513
21 2 121882157.212
21 3 106376662.794
21 4 134176157.768
21 5 130197059.815
21 6 159457973.231
21 7 505499950.919
21 8 149208900.564
21 9 1005143998.259
21 10 1131467383.089
21 11 216333803.485
21 12 947900945.205
21 13 1141389553.724
21 14 6789503.585
21 15 881311709.101
21 16 6666737.162
21 17 406764352.555
21 18 53879568.103
21 19 421974578.037
21 20 795028942.999
21 22 144282634.780
22 0 137653176.503
22 1 158815233.095
22 2 28888074.229
22 3 20177030.605
22 4 18091155.854
22 5 17180756.174
22 6 19850657.539
22 7 101378386.642
22 8 26385204.680
22 9 119256687.452
22 10 240710330.619
22 11 52689988.459
22 12 295667785.050
22 13 174405034.611
22 14 2251659.694
22 15 163968882.228
22 16 1732974.374
22 17 52610849.972
22 18 13773997.340
22 19 55311647.292
22 20 187253603.072
22 21 80030354.908
