506
0 1 964943382.328
0 2 187205233.602
0 3 190782677.727
0 4 220282517.475
0 5 204385369.310
0 6 100085216.589
0 7 692081660.358
0 8 208328771.732
0 9 837497512.657
0 10 1376196834.908
0 11 312044236.996
0 12 1817658448.085
0 13 1426830032.577
0 14 9325788.250
0 15 774349241.157
0 16 6993217.859
0 17 481230406.240
0 18 97571401.349
0 19 377175154.920
0 20 1264970720.030
0 21 730030573.968
0 22 128684037.694
1 0 503254261.146
1 2 171956715.287
1 3 148637659.505
1 4 121189099.343
1 5 166188172.826
1 6 78890773.390
1 7 985737766.184
1 8 125994859.494
1 9 527953959.914
1 10 867917906.729
1 11 372465464.254
1 12 833592441.908
1 13 768168124.650
1 14 5504580.293
1 15 1122166595.200
1 16 7977578.249
1 17 391910922.432
1 18 66263506.987
1 19 467474357.579
1 20 1078155848.883
1 21 660371579.515
1 22 147607810.098
2 0 209776347.408
2 1 83209027.325
2 3 29128750.253
2 4 27130158.046
2 5 36856382.079
2 6 30256805.242
2 7 104753675.620
2 8 33146355.525
2 9 133766122.491
2 10 248808307.406
2 11 51080918.092
2 12 316931633.193
2 13 151366546.514
2 14 2014709.896
2 15 221223581.534
2 16 2132493.557
2 17 108122231.229
2 18 16192458.334
2 19 52477090.457
2 20 208861974.635
2 21 97186073.398
2 22 17688212.338
3 0 163813312.361
3 1 75638787.615
3 2 32582374.029
3 4 24915257.987
3 5 32478006.886
3 6 24941275.083
3 7 187112893.787
3 8 32698797.538
3 9 136531239.042
3 10 161295956.957
3 11 57600406.878
3 12 166588475.913
3 13 181649672.824
3 14 1184200.965
3 15 241876656.521
3 16 1893008.836
3 17 101139323.967
3 18 12578749.254
3 19 54273978.613
3 20 243402222.530
3 21 144007557.627
3 22 26458037.120
4 0 132797661.317
4 1 114688406.970
4 2 25365416.092
4 3 30918789.518
4 5 33264342.025
4 6 30839208.812
4 7 117755848.569
4 8 25476210.753
4 9 218674809.504
4 10 123250632.354
4 11 75567575.953
4 12 290308823.146
4 13 158203894.095
4 14 1767950.351
4 15 236903358.812
4 16 1085047.723
4 17 67609423.423
4 18 20369717.656
4 19 103560868.410
4 20 167058761.436
4 21 96625413.716
4 22 28105135.283
5 0 204963133.629
5 1 101153481.762
5 2 34955662.242
5 3 26972165.982
5 4 20286593.430
5 6 34051687.131
5 7 186377489.580
5 8 16450195.759
5 9 212290094.639
5 10 138300181.342
5 11 81537967.992
5 12 272766384.735
5 13 159557238.946
5 14 1987441.010
5 15 167316946.204
5 16 1931353.159
5 17 52641466.351
5 18 12890934.485
5 19 56130168.973
5 20 126963178.436
5 21 94857760.115
5 22 32101286.050
6 0 203732320.060
6 1 139903459.350
6 2 34950197.209
6 3 32909851.038
6 4 27227106.142
6 5 28657301.634
6 7 187153535.773
6 8 30303706.340
6 9 157541991.850
6 10 193610614.960
6 11 51020900.270
6 12 185040204.512
6 13 168608354.018
6 14 2149669.352
6 15 201834552.548
6 16 1866066.422
6 17 100843099.173
6 18 14734239.908
6 19 84095488.691
6 20 168176888.092
6 21 109810056.347
6 22 25121199.086
7 0 1095312695.810
7 1 571710422.894
7 2 173702608.539
7 3 186934148.578
7 4 110229100.115
7 5 215769110.439
7 6 138715774.827
7 8 99199716.718
7 9 996993931.852
7 10 1266791249.810
7 11 339376410.477
7 12 882981457.733
7 13 1473407021.743
7 14 8572062.204
7 15 1082925913.346
7 16 9523956.074
7 17 578455572.272
7 18 99828034.310
7 19 560023131.891
7 20 1181465465.219
7 21 915380878.595
7 22 196577398.722
8 0 173598695.115
8 1 110372512.197
8 2 17201585.217
8 3 17703724.458
8 4 24392769.268
8 5 35786443.761
8 6 31139256.219
8 7 158872595.327
8 9 213393630.458
8 10 192089150.157
8 11 57287034.547
8 12 196301890.211
8 13 206726647.415
8 14 2015064.973
8 15 206527073.011
8 16 1322906.664
8 17 59393022.418
8 18 22861295.053
8 19 90962405.088
8 20 128416902.332
8 21 165752832.767
8 22 22743912.745
9 0 1442986047.700
9 1 640060875.876
9 2 126967224.116
9 3 198691782.731
9 4 115695186.269
9 5 193545440.629
9 6 214863759.811
9 7 924880476.349
9 8 219073413.281
9 10 875890821.684
9 11 600907402.743
9 12 1752081349.549
9 13 1529852918.608
9 14 7131262.538
9 15 916879771.180
9 16 10806420.467
9 17 439677546.628
9 18 124963058.229
9 19 375647536.231
9 20 863703959.271
9 21 1024480621.254
9 22 159584185.844
10 0 1024756892.121
10 1 645211163.338
10 2 158161608.680
10 3 158927271.634
10 4 238812747.655
10 5 261803324.907
10 6 128379536.097
10 7 840763464.910
10 8 242227028.974
10 9 906659952.579
10 11 564814238.767
10 12 1385408569.217
10 13 1375178395.753
10 14 9152272.588
10 15 918804085.124
10 16 13929127.016
10 17 771880507.673
10 18 153092612.159
10 19 505978797.902
10 20 1840558852.042
10 21 862990667.175
10 22 249461161.342
11 0 405273853.123
11 1 353642664.719
11 2 43777557.352
11 3 86943603.243
11 4 51846623.236
11 5 67781853.877
11 6 83256415.559
11 7 477210953.050
11 8 57674277.371
11 9 408888151.955
11 10 312980019.867
11 12 357821108.655
11 13 640402961.699
11 14 4551593.728
11 15 336892594.480
11 16 5146965.372
11 17 204722390.098
11 18 41890940.236
11 19 233737649.882
11 20 430020094.570
11 21 360626496.368
11 22 42619795.678
12 0 1657027604.880
12 1 994512797.913
12 2 285642934.794
12 3 196523520.026
12 4 213524273.587
12 5 252255062.093
12 6 189922657.594
12 7 1594001056.012
12 8 180498514.654
12 9 1280295181.586
12 10 1010813791.488
12 11 645473009.548
12 13 1691297052.153
12 14 11742530.875
12 15 1741751924.871
12 16 15323123.894
12 17 538655402.244
12 18 181931202.982
12 19 541539981.103
12 20 1381549950.103
12 21 1377744400.261
12 22 239131500.451
13 0 1334587474.826
13 1 697447481.410
13 2 196642232.878
13 3 234076275.925
13 4 186994273.048
13 5 245650492.452
13 6 214263664.153
13 7 1266844550.397
13 8 186094960.804
13 9 1648824993.937
13 10 1776908026.513
13 11 591521589.502
13 12 1339531255.570
13 14 15312165.554
13 15 1701684856.272
13 16 9281543.581
13 17 703920989.550
13 18 162822413.578
13 19 749371009.835
13 20 1024801612.457
13 21 652863264.318
13 22 170556636.582
14 0 11510818.821
14 1 7187098.962
14 2 1100161.418
14 3 1655897.368
14 4 1718212.793
14 5 1899953.373
14 6 1864355.833
14 7 13375135.090
14 8 2118102.874
14 9 8850714.530
14 10 9070933.433
14 11 5108914.365
14 12 10076802.870
14 13 11202543.108
14 15 14220253.957
14 16 86318.237
14 17 3477219.290
14 18 756121.452
14 19 6027167.447
14 20 8715716.309
14 21 9464057.620
14 22 1924799.561
15 0 1392638346.787
15 1 1049929720.142
15 2 264037773.151
15 3 202485462.410
15 4 155299290.183
15 5 165840240.171
15 6 250276067.471
15 7 944455784.661
15 8 209365649.999
15 9 1416332127.745
15 10 1225580245.506
15 11 299816087.874
15 12 1604409788.181
15 13 1764263252.822
15 14 16009417.480
15 16 12428830.978
15 17 718940456.595
15 18 126378823.524
15 19 650015415.616
15 20 1532750403.186
15 21 773684151.330
15 22 131740982.046
16 0 9900228.452
16 1 5883199.971
16 2 1667536.546
16 3 1093249.152
16 4 1136180.177
16 5 1630846.451
16 6 1628724.607
16 7 13769793.412
16 8 2086660.385
16 9 6843448.622
16 10 9418477.638
16 11 5201486.683
16 12 17728894.808
16 13 12460608.842
16 14 138624.844
16 15 14756535.838
16 17 5019619.127
16 18 906818.316
16 19 5545183.174
16 20 13329139.199
16 21 5939638.029
16 22 1959497.205
17 0 520632095.208
17 1 234669701.777
17 2 88514380.574
17 3 57987735.876
17 4 67899485.110
17 5 99172077.186
17 6 56500811.236
17 7 505551321.281
17 8 93836752.422
17 9 535676915.711
17 10 471715652.998
17 11 199424646.383
17 12 765114566.100
17 13 662795121.323
17 14 6292426.045
17 15 512370465.087
17 16 4120891.761
17 18 54753905.937
17 19 301620709.245
17 20 409114166.460
17 21 308481249.781
17 22 69014231.583
18 0 117108490.621
18 1 47681933.027
18 2 13588875.451
18 3 11974249.730
18 4 12911666.846
18 5 21298762.629
18 6 15219295.788
18 7 105832352.922
18 8 12191974.699
18 9 112782453.241
18 10 105214868.331
18 11 42391055.776
18 12 165965549.550
18 13 89617475.827
18 14 1263364.894
18 15 152330689.220
18 16 1432360.369
18 17 52116360.691
18 19 34578096.749
18 20 90514433.543
18 21 74077857.330
18 22 19061732.776
19 0 537890345.089
19 1 401016079.865
19 2 95967642.339
19 3 94690603.504
19 4 102008667.120
19 5 91436208.778
19 6 88714459.164
19 7 532025279.614
19 8 52267040.706
19 9 404263624.923
19 10 490452218.251
19 11 146949226.691
19 12 606265408.486
19 13 615130871.384
19 14 4776483.792
19 15 649650293.250
19 16 3786530.532
19 17 303291018.855
19 18 52446588.462
19 20 611000244.415
19 21 354341509.337
19 22 79672416.689
20 0 862245166.886
20 1 1145927138.649
20 2 140616217.106
20 3 205546960.513
20 4 242082318.371
20 5 223234261.288
20 6 201751509.939
20 7 1313793615.966
20 8 167747966.585
20 9 1045073018.916
20 10 879646818.624
20 11 308229105.835
20 12 2222779250.047
20 13 960217876.389
20 14 15942225.372
20 15 1695292931.758
20 16 8834324.494
20 17 816900681.837
20 18 101365108.524
20 19 392043944.405
20 21 801990582.128
20 22 156097382.752
21 0 808626493.474
21 1 528497369.239
21 2 140699127.968
21 3 150679932.249
21 4 120051123.393
21 5 96025806.784
21 6 117823467.121
21 7 695876536.052
21 8 137773086.288
21 9 987891120.977
21 10 818063931.636
21 11 310591029.156
21 12 934365804.023
21 13 888710443.769
21 14 10208908.467
21 15 705379811.819
21 16 9592844.782
21 17 228772337.272
21 18 53253388.506
21 19 455718690.282
21 20 1034218706.470
21 22 113253147.910
22 0 196815047.221
22 1 155115083.747
22 2 32713804.336
22 3 20064762.203
22 4 34510494.847
22 5 30648063.694
22 6 27954085.690
22 7 140209770.606
22 8 35286699.546
22 9 132464398.132
22 10 165819112.402
22 11 83975829.089
22 12 203740987.991
22 13 229900711.302
22 14 1356691.277
22 15 226346466.051
22 16 1560043.211
22 17 73130732.402
22 18 19487716.672
22 19 105996996.061
22 20 240828819.614
22 21 84707302.106
