506
0 1 553231803.222
0 2 195431116.062
0 3 150288236.797
0 4 142122957.695
0 5 209043519.920
0 6 131098095.457
0 7 943321376.611
0 8 157824532.887
0 9 962223101.509
0 10 713538457.875
0 11 405648182.228
0 12 1243797676.147
0 13 1108307148.413
0 14 12576882.368
0 15 1485523288.724
0 16 12234232.418
0 17 597277207.424
0 18 63046839.885
0 19 321711060.244
0 20 1315380775.848
0 21 898841182.196
0 22 164101538.735
1 0 511967868.686
1 2 155694679.629
1 3 121242563.709
1 4 127777547.629
1 5 75847578.563
1 6 116172369.770
1 7 553938087.828
1 8 84506625.249
1 9 1046237070.955
1 10 741490996.720
1 11 297600184.230
1 12 898273972.309
1 13 735626572.705
1 14 8071165.716
1 15 887300359.374
1 16 5295026.922
1 17 361992799.856
1 18 51971768.439
1 19 278173246.992
1 20 896487302.221
1 21 698117023.610
1 22 120173610.101
2 0 102550564.890
2 1 140578009.439
2 3 22248922.628
2 4 29583177.177
2 5 35833247.195
2 6 23212019.516
2 7 210949709.820
2 8 36374985.820
2 9 206502206.113
2 10 143004564.533
2 11 74555915.763
2 12 319884700.772
2 13 259875586.733
2 14 1421344.661
2 15 186018776.846
2 16 2033164.680
2 17 76773685.244
2 18 17106888.544
2 19 68248007.376
2 20 224477318.925
2 21 153604428.201
2 22 32352401.563
3 0 183491636.062
3 1 167145807.570
3 2 28151699.114
3 4 19944789.237
3 5 35998005.288
3 6 21660173.077
3 7 124724745.001
3 8 16413789.596
3 9 151825560.406
3 10 135397628.128
3 11 41590413.526
3 12 281099279.931
3 13 204727971.735
3 14 1828785.252
3 15 213092090.084
3 16 2100276.516
3 17 84513209.676
3 18 22103925.925
3 19 72863450.744
3 20 165171682.089
3 21 110231458.185
3 22 25668524.130
4 0 120357400.996
4 1 138639778.702
4 2 17284258.087
4 3 19842892.172
4 5 26218754.884
4 6 27479994.630
4 7 174634467.532
4 8 32442345.510
4 9 234741693.501
4 10 217808388.483
4 11 58664224.712
4 12 234949999.924
4 13 161384598.242
4 14 2274814.237
4 15 163580077.826
4 16 1062396.881
4 17 52156829.910
4 18 20264306.040
4 19 54887113.661
4 20 167232064.361
4 21 164415499.028
4 22 34045013.958
5 0 215697550.646
5 1 117558792.527
5 2 38049120.806
5 3 34077729.572
5 4 25782845.093
5 6 31317854.733
5 7 171802924.825
5 8 20424702.411
5 9 170618134.273
5 10 245260976.471
5 11 47478357.251
5 12 227274537.886
5 13 172771643.131
5 14 2186527.151
5 15 126872190.234
5 16 2090545.822
5 17 67670444.875
5 18 18936703.404
5 19 101114538.725
5 20 212709747.969
5 21 139554971.901
5 22 21752527.987
6 0 220019258.106
6 1 115385000.291
6 2 35965154.563
6 3 16961054.166
6 4 23373098.924
6 5 36593218.624
6 7 186281117.930
6 8 35940060.416
6 9 187330908.758
6 10 230198087.970
6 11 82563603.756
6 12 232332478.261
6 13 249877502.595
6 14 1853584.419
6 15 250037159.341
6 16 1278597.062
6 17 106288051.996
6 18 20435292.510
6 19 69487369.467
6 20 249007891.298
6 21 105852507.328
6 22 34762337.272
7 0 1033946204.482
7 1 888003046.330
7 2 121497872.562
7 3 172718058.773
7 4 152253044.235
7 5 135512645.257
7 6 218255178.286
7 8 113562281.522
7 9 788019900.463
7 10 815735389.345
7 11 268731579.385
7 12 1842548919.669
7 13 1111209292.892
7 14 8656604.501
7 15 1093086723.352
7 16 12916547.071
7 17 568865307.508
7 18 99522243.781
7 19 375731718.611
7 20 785640259.302
7 21 755273514.251
7 22 134897953.962
8 0 204458117.599
8 1 127508536.746
8 2 35062677.372
8 3 22990268.573
8 4 34721190.194
8 5 27600151.252
8 6 27338325.765
8 7 133590299.940
8 9 173234981.005
8 10 222230384.393
8 11 41242140.948
8 12 259658095.443
8 13 248154603.128
8 14 1187470.190
8 15 241267696.820
8 16 1122846.655
8 17 102070213.533
8 18 20863397.634
8 19 104072366.044
8 20 180100176.646
8 21 152033543.550
8 22 30061913.198
9 0 939050334.206
9 1 556237427.220
9 2 137377042.019
9 3 139995485.372
9 4 173670077.340
9 5 193027008.618
9 6 115517914.715
9 7 754887712.605
9 8 187285554.618
9 10 1533807060.212
9 11 516387826.894
9 12 1647104766.123
9 13 1459642516.959
9 14 13609757.053
9 15 1411369426.855
9 16 14128255.724
9 17 505884565.919
9 18 142539094.106
9 19 460826594.315
9 20 1761285036.627
9 21 1017265695.708
9 22 229991835.393
10 0 734554720.899
10 1 602634672.320
10 2 239778366.089
10 3 146557769.522
10 4 158694043.428
10 5 250643756.468
10 6 207728295.310
10 7 1109693412.646
10 8 131828880.437
10 9 1227287575.753
10 11 305503230.284
10 12 1860228402.634
10 13 1012611632.065
10 14 13575911.108
10 15 1782432592.277
10 16 8036207.488
10 17 444770666.292
10 18 137209376.541
10 19 559228430.272
10 20 1212601930.406
10 21 921044650.613
10 22 149121157.931
11 0 295442063.668
11 1 343493355.309
11 2 46818062.431
11 3 81455669.967
11 4 82126688.633
11 5 73471338.429
11 6 89635595.534
11 7 252582982.175
11 8 50095914.962
11 9 375822858.980
11 10 462472485.799
11 12 547972937.438
11 13 510108579.507
11 14 5662335.923
11 15 515100411.382
11 16 4410548.339
11 17 141364069.927
11 18 46418632.937
11 19 136140339.662
11 20 686690990.828
11 21 282557482.283
11 22 74296508.389
12 0 1881070994.081
12 1 1290770253.744
12 2 268987315.911
12 3 285919154.542
12 4 295818094.979
12 5 299704823.019
12 6 166210492.957
12 7 839729953.273
12 8 165256648.187
12 9 1164752582.242
12 10 1167386811.741
12 11 374490532.377
12 13 2324839245.355
12 14 17409460.079
12 15 1372084789.992
12 16 14056894.454
12 17 868184107.941
12 18 135027325.124
12 19 424888095.858
12 20 1564166207.596
12 21 1205059639.931
12 22 309437261.862
13 0 1246887034.230
13 1 720015805.701
13 2 160660580.628
13 3 250255213.943
13 4 220255963.942
13 5 220854068.687
13 6 205178903.882
13 7 1133112045.567
13 8 235110031.025
13 9 1667762794.382
13 10 1511330537.359
13 11 335505392.247
13 12 1683142727.479
13 14 14898365.439
13 15 1743195501.060
13 16 11096963.276
13 17 485911572.308
13 18 117780042.278
13 19 814680596.128
13 20 1570885417.332
13 21 748791259.311
13 22 179072803.980
14 0 11263209.021
14 1 8782295.927
14 2 1302468.967
14 3 1435003.678
14 4 1682102.285
14 5 1355820.884
14 6 1126589.611
14 7 12505741.407
14 8 2139791.970
14 9 6721536.853
14 10 14601699.146
14 11 5024209.021
14 12 14144823.559
14 13 11309092.662
14 15 12047640.688
14 16 104628.710
14 17 5595689.623
14 18 1202834.701
14 19 6700025.106
14 20 12079432.295
14 21 9526073.934
14 22 1180208.716
15 0 1494432419.954
15 1 763158664.621
15 2 177097179.718
15 3 120561996.553
15 4 142301284.993
15 5 241194798.373
15 6 210966597.248
15 7 1040303360.996
15 8 253965517.848
15 9 1001602671.481
15 10 1064393888.000
15 11 371473066.982
15 12 1335001057.550
15 13 1800427674.536
15 14 14659907.708
15 16 11855854.462
15 17 702343467.491
15 18 135651382.749
15 19 702229172.801
15 20 1773953716.210
15 21 785412172.267
15 22 131015621.652
16 0 10699084.715
16 1 8429128.181
16 2 2192565.626
16 3 1358746.264
16 4 2108761.011
16 5 2115851.088
16 6 1123510.417
16 7 10442489.240
16 8 1961044.972
16 9 9314347.429
16 10 11127006.076
16 11 5669474.915
16 12 9894978.876
16 13 13907045.190
16 14 74302.456
16 15 9882800.185
16 17 3573705.603
16 18 1159902.835
16 19 3638188.804
16 20 8735077.053
16 21 5135805.511
16 22 1914271.003
17 0 563447748.992
17 1 227941830.786
17 2 102512646.657
17 3 103669757.374
17 4 102260165.664
17 5 78612455.027
17 6 77084431.065
17 7 627027889.323
17 8 57589456.963
17 9 723005831.362
17 10 669786012.751
17 11 227837917.822
17 12 748410703.099
17 13 816007566.926
17 14 6832577.351
17 15 641481456.972
17 16 6891457.241
17 18 62192752.510
17 19 161149501.318
17 20 543282978.593
17 21 341278380.297
17 22 83352513.899
18 0 76204968.578
18 1 86671759.306
18 2 16477774.007
18 3 10423911.134
18 4 18178754.756
18 5 13920413.764
18 6 11831570.124
18 7 101661501.979
18 8 13991730.112
18 9 134388336.646
18 10 109187884.318
18 11 48075883.762
18 12 129408957.125
18 13 174476505.707
18 14 1162296.442
18 15 135015943.494
18 16 718902.191
18 17 46687418.761
18 19 54094829.842
18 20 152836937.863
18 21 58713240.374
18 22 19381607.112
19 0 429523142.364
19 1 393976795.588
19 2 62465912.650
19 3 102607791.668
19 4 109186460.814
19 5 102828120.857
19 6 79026702.978
19 7 660002410.599
19 8 104151795.125
19 9 583089961.324
19 10 780174511.941
19 11 201568823.571
19 12 938969482.364
19 13 685285564.745
19 14 4806483.700
19 15 348077384.105
19 16 6083336.439
19 17 322472035.857
19 18 44982283.388
19 20 655828366.126
19 21 321478011.266
19 22 68893146.611
20 0 1458468343.654
20 1 1053539853.826
20 2 283645352.589
20 3 271728459.470
20 4 129889179.146
20 5 136834000.916
20 6 194464768.367
20 7 880452600.159
20 8 269425763.266
20 9 1155916871.998
20 10 1286276974.779
20 11 374992549.170
20 12 1602157315.683
20 13 1523690948.442
20 14 8448328.809
20 15 1832408459.745
20 16 9239046.602
20 17 606164287.583
20 18 164507329.407
20 19 675385647.382
20 21 1173101265.946
20 22 177892150.793
21 0 465966282.911
21 1 728414930.265
21 2 122606098.326
21 3 161451904.848
21 4 156188791.313
21 5 79389980.911
21 6 140862048.929
21 7 816289231.592
21 8 152365351.238
21 9 551612276.101
21 10 648929861.764
21 11 297641688.301
21 12 839108452.283
21 13 909980025.028
21 14 7522868.549
21 15 771292050.104
21 16 6187309.528
21 17 425589968.967
21 18 90150448.710
21 19 330567803.390
21 20 587825720.854
21 22 112415984.652
22 0 122700009.381
22 1 135773621.416
22 2 33989870.724
22 3 36855601.830
22 4 25854018.981
22 5 26636671.755
22 6 33823264.295
22 7 213322657.106
22 8 31346305.661
22 9 149761498.093
22 10 118745503.571
22 11 52784488.746
22 12 290894133.041
22 13 184056858.614
22 14 1147663.376
22 15 252256645.582
22 16 1560509.969
22 17 69025971.981
22 18 21209984.232
22 19 87145747.187
22 20 261822792.846
22 21 108153521.632
