506
0 1 755728923.360
0 2 168221634.824
0 3 161145615.384
0 4 155358945.687
0 5 186763571.719
0 6 150820303.814
0 7 940626713.977
0 8 131325187.977
0 9 1010409388.777
0 10 949974856.079
0 11 247903753.972
0 12 1164900112.650
0 13 1036151522.304
0 14 10674064.423
0 15 1535189387.166
0 16 10869594.534
0 17 552773349.505
0 18 78333604.964
0 19 476228507.643
0 20 1407660855.256
0 21 697858783.109
0 22 191472396.585
1 0 488393455.344
1 2 134059650.807
1 3 91582542.835
1 4 148016199.800
1 5 103346609.304
1 6 104095251.829
1 7 633402757.426
1 8 138088076.827
1 9 508271850.556
1 10 753572494.643
1 11 403060166.774
1 12 711122284.453
1 13 1103638143.935
1 14 10087940.463
1 15 711761865.917
1 16 4841057.430
1 17 343213153.348
1 18 68888911.041
1 19 422297129.355
1 20 560598381.090
1 21 338029409.060
1 22 139023473.415
2 0 132443157.839
2 1 140026719.076
2 3 21415523.156
2 4 36548442.220
2 5 27050505.279
2 6 27956246.739
2 7 210625957.574
2 8 31388912.505
2 9 154481847.496
2 10 254368745.443
2 11 77979473.509
2 12 211163933.208
2 13 237438710.493
2 14 1896868.011
2 15 231869742.259
2 16 2063505.004
2 17 113459851.677
2 18 18513199.255
2 19 102321765.918
2 20 222775266.381
2 21 77005332.200
2 22 32669077.604
3 0 125717771.159
3 1 83059833.054
3 2 28904368.930
3 4 26267203.361
3 5 27805919.239
3 6 24331114.004
3 7 132180872.780
3 8 29093389.915
3 9 146164230.614
3 10 141811425.084
3 11 67309373.168
3 12 281880761.100
3 13 124338165.078
3 14 1592550.856
3 15 240655594.807
3 16 1208333.726
3 17 53678213.891
3 18 17278169.962
3 19 80958617.038
3 20 235934925.509
3 21 87170597.714
3 22 30596366.859
4 0 171674550.331
4 1 98238053.247
4 2 35294120.453
4 3 19399741.578
4 5 18807421.177
4 6 23749843.818
4 7 205617920.470
4 8 24401123.204
4 9 237789550.267
4 10 177266262.062
4 11 88308363.462
4 12 228664108.841
4 13 276182849.603
4 14 1500561.157
4 15 210969197.961
4 16 2082896.215
4 17 71820776.580
4 18 11592194.939
4 19 90902727.916
4 20 252449501.090
4 21 158997805.614
4 22 33270770.290
5 0 204320709.948
5 1 156868762.053
5 2 35440800.988
5 3 16851790.441
5 4 25422476.503
5 6 27251629.148
5 7 160822952.475
5 8 23628803.468
5 9 201988230.273
5 10 243860161.954
5 11 60568285.109
5 12 225992929.677
5 13 253860020.494
5 14 2128751.506
5 15 164502915.617
5 16 1532633.265
5 17 77635085.513
5 18 10621241.503
5 19 81221556.871
5 20 202735462.033
5 21 94760516.120
5 22 31118055.302
6 0 172493083.658
6 1 115801314.050
6 2 31502117.292
6 3 18319462.352
6 4 18113446.774
6 5 24554511.151
6 7 201241781.681
6 8 31756049.372
6 9 188225430.270
6 10 153916928.629
6 11 78357991.661
6 12 261761657.617
6 13 163826535.238
6 14 1723045.269
6 15 201784010.003
6 16 1067520.210
6 17 76705203.583
6 18 11485497.642
6 19 55306027.959
6 20 219186537.463
6 21 144965291.326
6 22 19881517.668
7 0 842808762.426
7 1 786153817.141
7 2 217685482.540
7 3 211915428.632
7 4 113820183.459
7 5 134692441.198
7 6 135855264.502
7 8 200299131.976
7 9 999423035.774
7 10 1226108913.542
7 11 441607593.475
7 12 1160356489.416
7 13 1535177354.732
7 14 8914311.361
7 15 1133384667.097
7 16 12581744.897
7 17 386331697.211
7 18 94698511.525
7 19 421183724.892
7 20 1127792023.009
7 21 793346342.795
7 22 163006618.772
8 0 175092170.291
8 1 87045005.776
8 2 21688442.155
8 3 32878804.516
8 4 27520818.743
8 5 31410389.460
8 6 24103692.974
8 7 195364743.492
8 9 237812005.929
8 10 132986781.698
8 11 78364563.027
8 12 201930237.026
8 13 195401526.021
8 14 1788652.021
8 15 193923371.571
8 16 2201048.735
8 17 97474886.131
8 18 12635360.618
8 19 108304581.066
8 20 132932639.190
8 21 143923784.060
8 22 29660174.085
9 0 714883754.860
9 1 917609968.723
9 2 203464626.480
9 3 161268488.337
9 4 238506384.746
9 5 198129780.522
9 6 169950255.811
9 7 1211690440.825
9 8 193292520.728
9 10 1598346432.656
9 11 556522088.643
9 12 966597790.945
9 13 1162002262.752
9 14 14033331.988
9 15 1417849752.149
9 16 11608800.257
9 17 657467869.383
9 18 135230238.876
9 19 567145727.999
9 20 1269915465.984
9 21 1056083558.047
9 22 139175633.162
10 0 1353215663.719
10 1 655156791.596
10 2 261156117.415
10 3 136913364.744
10 4 172976486.956
10 5 198617037.370
10 6 172939557.652
10 7 1446052217.564
10 8 230103867.063
10 9 795861344.231
10 11 369256255.971
10 12 1708733268.387
10 13 1881138932.293
10 14 12434644.483
10 15 1262782374.383
10 16 10526476.071
10 17 675432666.700
10 18 79375829.281
10 19 503232322.354
10 20 1017143523.552
10 21 1066074236.221
10 22 211953773.960
11 0 438765736.802
11 1 392906292.559
11 2 83156840.885
11 3 51387009.021
11 4 79721045.349
11 5 52925963.950
11 6 59563948.701
11 7 494537075.926
11 8 74116523.687
11 9 567939826.771
11 10 630759012.143
11 12 430095495.517
11 13 402566930.258
11 14 2720056.282
11 15 507580744.533
11 16 3863109.528
11 17 176716366.262
11 18 46460258.446
11 19 250025708.401
11 20 412299511.567
11 21 321701778.197
11 22 66876044.131
12 0 1624120651.580
12 1 1269840659.066
12 2 181932902.943
12 3 260674206.417
12 4 175156842.164
12 5 210773736.964
12 6 142290294.021
12 7 1570827752.432
12 8 160219150.683
12 9 1233464270.934
12 10 2196492625.457
12 11 558350551.617
12 13 1822704004.360
12 14 11905327.710
12 15 1783762205.768
12 16 19181540.627
12 17 429187404.561
12 18 144809595.615
12 19 490577658.526
12 20 1368558604.659
12 21 1050751424.957
12 22 189378013.577
13 0 942829083.929
13 1 1167336214.495
13 2 213782673.523
13 3 204081302.596
13 4 216763798.186
13 5 239777119.489
13 6 172703042.164
13 7 1077839874.832
13 8 266045630.405
13 9 1741531865.303
13 10 1212251728.637
13 11 546349005.095
13 12 2004242180.471
13 14 13770871.661
13 15 1748822304.989
13 16 9392821.474
13 17 765319482.451
13 18 172002344.071
13 19 464191605.271
13 20 1322816445.903
13 21 746259151.142
13 22 140924918.814
14 0 9314589.885
14 1 9706247.263
14 2 2333381.780
14 3 1593511.124
14 4 2114146.125
14 5 1530736.871
14 6 2225849.534
14 7 6997957.244
14 8 1757925.731
14 9 13403857.742
14 10 12832184.838
14 11 5025642.805
14 12 9699630.167
14 13 14972616.914
14 15 13451678.081
14 16 92533.669
14 17 3341784.827
14 18 1178105.518
14 19 5465505.898
14 20 10543867.749
14 21 7754962.200
14 22 2112943.577
15 0 1531947271.639
15 1 1167958622.194
15 2 174548038.348
15 3 198033856.893
15 4 118131499.356
15 5 170090105.737
15 6 240359558.260
15 7 1320615856.065
15 8 169401551.468
15 9 1101646454.916
15 10 1269544268.149
15 11 375058070.913
15 12 1001243015.279
15 13 1464109706.567
15 14 13507893.690
15 16 12307797.230
15 17 749713715.047
15 18 140765437.315
15 19 355974596.496
15 20 981788384.673
15 21 911363916.897
15 22 244296179.818
16 0 13384974.855
16 1 5477259.119
16 2 1725319.800
16 3 2289307.145
16 4 1269558.086
16 5 2059509.140
16 6 2093964.314
16 7 13046005.750
16 8 1430807.515
16 9 9905973.000
16 10 13715606.224
16 11 3727518.654
16 12 17608474.874
16 13 13062403.668
16 14 79218.726
16 15 9268236.365
16 17 3623648.574
16 18 1292310.238
16 19 6579237.481
16 20 13184968.563
16 21 5632466.240
16 22 1036286.169
17 0 337983939.501
17 1 468977690.938
17 2 56854357.260
17 3 66624197.988
17 4 101523072.515
17 5 66059672.798
17 6 78166743.368
17 7 476105758.254
17 8 100744891.359
17 9 395319937.991
17 10 693455628.687
17 11 132644191.326
17 12 494885767.350
17 13 519585544.783
17 14 6079659.319
17 15 492100076.934
17 16 5470128.473
17 18 67774423.814
17 19 311485505.019
17 20 760335736.476
17 21 241819359.854
17 22 109722102.432
18 0 129171287.384
18 1 88172054.390
18 2 21350820.961
18 3 22597481.973
18 4 18762909.464
18 5 19390872.133
18 6 13368767.283
18 7 89145202.366
18 8 23336800.710
18 9 104194789.295
18 10 101353106.334
18 11 54017288.183
18 12 198251971.764
18 13 112782182.488
18 14 1179026.719
18 15 129329910.864
18 16 1363567.769
18 17 51199614.016
18 19 34374306.142
18 20 130602287.603
18 21 103756232.021
18 22 16330065.333
19 0 553348950.150
19 1 492551448.104
19 2 113496432.916
19 3 69971256.421
19 4 98640139.609
19 5 67455519.604
19 6 58463718.118
19 7 393035754.298
19 8 69526505.276
19 9 486776639.239
19 10 606379149.348
19 11 264567005.473
19 12 508197330.695
19 13 581033941.294
19 14 6122378.434
19 15 664371147.488
19 16 3109268.343
19 17 261197262.541
19 18 39828764.091
19 20 679149526.422
19 21 334428365.044
19 22 56235853.049
20 0 1602853651.477
20 1 1135348879.399
20 2 132703065.730
20 3 252093464.097
20 4 150418033.699
20 5 152736720.911
20 6 199492549.447
20 7 1314523277.253
20 8 130810484.549
20 9 1794250549.823
20 10 1737667482.674
20 11 348266219.291
20 12 1557947414.678
20 13 1806027427.361
20 14 8332624.903
20 15 1322654727.011
20 16 10330742.393
20 17 582996064.754
20 18 115369835.082
20 19 439896340.585
20 21 950183505.382
20 22 144014878.304
21 0 763296519.262
21 1 681607954.213
21 2 122651726.138
21 3 127121445.072
21 4 107985595.990
21 5 139062884.393
21 6 126526450.400
21 7 958636220.638
21 8 148322726.863
21 9 531867411.196
21 10 797871529.849
21 11 347450771.254
21 12 1309899500.629
21 13 1231429735.212
21 14 6270038.603
21 15 1026154041.359
21 16 9708557.424
21 17 337220237.357
21 18 69285849.351
21 19 420419457.350
21 20 1191720345.191
21 22 91434599.900
22 0 169665505.636
22 1 85890112.128
22 2 29862396.739
22 3 27754607.760
22 4 34574168.469
22 5 23259657.474
22 6 17525718.014
22 7 187581316.953
22 8 18264983.980
22 9 165172835.476
22 10 177215822.696
22 11 52960344.751
22 12 310901956.324
22 13 199856231.274
22 14 1788948.102
22 15 154329545.286
22 16 1211509.432
22 17 72601329.387
22 18 14303226.823
22 19 69704352.064
22 20 182806957.834
22 21 113664412.521
