506
0 1 977938301.118
0 2 147119919.919
0 3 137334030.707
0 4 165125658.342
0 5 175790293.639
0 6 165667607.356
0 7 722803045.901
0 8 188342314.675
0 9 1299957702.155
0 10 1276434016.302
0 11 351050097.961
0 12 1317038161.075
0 13 766914005.966
0 14 12046450.664
0 15 1403593656.183
0 16 12991149.649
0 17 426708455.073
0 18 139503567.601
0 19 630117295.310
0 20 1279639818.512
0 21 945592150.354
0 22 205098199.354
1 0 575892741.535
1 2 136005199.263
1 3 85508750.307
1 4 98837770.642
1 5 91130440.285
1 6 89457761.408
1 7 519092722.253
1 8 143072914.529
1 9 642548708.367
1 10 575790819.586
1 11 349551546.320
1 12 858858735.199
1 13 710340457.710
1 14 4889755.899
1 15 616440809.052
1 16 9346750.979
1 17 320699503.341
1 18 97971577.346
1 19 383041253.183
1 20 1179342846.166
1 21 662501990.407
1 22 145847196.220
2 0 202627547.148
2 1 104942094.359
2 3 30647188.433
2 4 17789359.963
2 5 29315077.215
2 6 25522419.774
2 7 198682494.965
2 8 19281801.639
2 9 196331265.095
2 10 228016682.515
2 11 82681347.454
2 12 298516465.262
2 13 226675728.951
2 14 1679676.252
2 15 256558289.184
2 16 1174777.902
2 17 88318680.282
2 18 15721920.387
2 19 95140888.147
2 20 179590488.572
2 21 157160876.390
2 22 30389870.282
3 0 105271892.648
3 1 133888797.297
3 2 33743692.249
3 4 33000949.017
3 5 26067880.358
3 6 33460918.632
3 7 149097195.774
3 8 26643108.803
3 9 115626782.488
3 10 122739973.788
3 11 50967218.017
3 12 182338739.581
3 13 272629151.991
3 14 2204626.403
3 15 250889460.717
3 16 1992226.521
3 17 65190361.294
3 18 15668591.118
3 19 49237972.090
3 20 225657975.509
3 21 128038934.230
3 22 32793468.845
4 0 170890984.263
4 1 133286137.893
4 2 22059963.714
4 3 23409568.864
4 5 33764244.657
4 6 36732441.449
4 7 175049621.017
4 8 20162755.885
4 9 179120117.384
4 10 245229479.417
4 11 77020138.456
4 12 243223006.300
4 13 150449920.076
4 14 1605642.947
4 15 163626094.326
4 16 1441818.565
4 17 98098039.270
4 18 23112680.828
4 19 73267594.664
4 20 206726733.475
4 21 154624102.901
4 22 27265108.006
5 0 180442575.025
5 1 92692892.701
5 2 35648610.188
5 3 24101418.255
5 4 19525691.528
5 6 32879884.274
5 7 161906051.977
5 8 27288476.650
5 9 115451750.882
5 10 204356689.222
5 11 42674222.638
5 12 170241551.383
5 13 147322564.578
5 14 1169668.995
5 15 144224337.482
5 16 1759618.717
5 17 55202247.500
5 18 11597713.493
5 19 66644573.440
5 20 144098123.121
5 21 130162318.275
5 22 18534695.607
6 0 149782745.790
6 1 149933067.346
6 2 26258969.588
6 3 28802430.216
6 4 34666145.086
6 5 27017512.912
6 7 196814046.285
6 8 22554066.766
6 9 124257366.806
6 10 238878956.996
6 11 67430803.446
6 12 259050445.427
6 13 145065384.071
6 14 1733630.967
6 15 134350237.999
6 16 1984346.824
6 17 105568261.554
6 18 22777575.911
6 19 49466724.020
6 20 240238463.034
6 21 99734790.434
6 22 20742506.227
7 0 1251284807.393
7 1 644172174.320
7 2 204051587.825
7 3 207412352.328
7 4 166796625.340
7 5 185664705.434
7 6 115039778.116
7 8 147380364.278
7 9 1040920685.449
7 10 1330496324.653
7 11 450312541.308
7 12 1821950380.303
7 13 950434038.182
7 14 12801645.748
7 15 1548068225.913
7 16 10222839.239
7 17 363202288.491
7 18 67127194.664
7 19 365480896.876
7 20 1565018124.269
7 21 890951475.283
7 22 111701493.158
8 0 177675731.100
8 1 78215225.402
8 2 36203553.945
8 3 18391749.388
8 4 29506804.906
8 5 28465898.873
8 6 23105969.606
8 7 116868779.408
8 9 228390121.934
8 10 175575642.475
8 11 65339702.702
8 12 262208252.388
8 13 160957060.485
8 14 1534109.884
8 15 115542074.804
8 16 1517407.190
8 17 99498403.828
8 18 20414926.954
8 19 80672311.962
8 20 271937482.678
8 21 110891499.636
8 22 23009880.856
9 0 1229089019.430
9 1 633708628.475
9 2 125527057.395
9 3 108061045.973
9 4 187010497.143
9 5 149220722.686
9 6 225545464.172
9 7 1200729101.373
9 8 128901872.216
9 10 1509908623.021
9 11 349690478.840
9 12 1818566690.035
9 13 1240646479.606
9 14 6865038.133
9 15 1179359956.447
9 16 11850501.323
9 17 436143042.374
9 18 102275420.537
9 19 422721205.019
9 20 1120373529.820
9 21 733431508.858
9 22 219116457.545
10 0 1127007449.716
10 1 743243263.200
10 2 172200831.080
10 3 194505928.751
10 4 229041279.779
10 5 254739874.468
10 6 205864641.830
10 7 913955752.813
10 8 127048282.990
10 9 1113689912.535
10 11 386395539.416
10 12 1635330386.595
10 13 1653602817.288
10 14 14615699.737
10 15 1559462976.171
10 16 9122888.903
10 17 467862455.427
10 18 114878334.387
10 19 526714678.608
10 20 1682145469.580
10 21 981079187.331
10 22 253669612.489
11 0 370991242.274
11 1 400160322.373
11 2 72998543.936
11 3 87711875.970
11 4 75470468.923
11 5 67103659.829
11 6 82087221.944
11 7 342864183.318
11 8 90310905.446
11 9 369789477.646
11 10 367924554.894
11 12 767929731.742
11 13 379691205.966
11 14 4946520.960
11 15 504819488.708
11 16 4596391.392
11 17 197144271.847
11 18 43715691.799
11 19 165270072.849
11 20 326547966.419
11 21 381488576.908
11 22 41412942.926
12 0 1034335520.295
12 1 1416593912.706
12 2 204692809.321
12 3 212264861.776
12 4 182725111.856
12 5 249152245.330
12 6 239134741.986
12 7 1114989129.101
12 8 309296602.714
12 9 1563094746.952
12 10 1488367365.475
12 11 363866768.577
12 13 1749641765.415
12 14 16683851.256
12 15 1281716318.309
12 16 13791052.033
12 17 497813135.330
12 18 173898104.302
12 19 692108922.748
12 20 1463839848.059
12 21 1091142009.644
12 22 282225269.327
13 0 1525690878.232
13 1 1245542251.437
13 2 190675728.150
13 3 226620540.889
13 4 175269180.172
13 5 160779712.810
13 6 159723994.826
13 7 1043155638.028
13 8 161647557.407
13 9 1652589080.929
13 10 1598941988.795
13 11 534892958.824
13 12 1396942982.821
13 14 9766107.774
13 15 975317582.675
13 16 9597119.795
13 17 656000885.846
13 18 102012495.794
13 19 527312831.490
13 20 1727700005.298
13 21 891273408.214
13 22 218807748.332
14 0 11408483.664
14 1 10419234.715
14 2 2153152.831
14 3 1574043.923
14 4 1365666.363
14 5 1335011.719
14 6 2110267.468
14 7 10009665.781
14 8 1485838.908
14 9 13935091.848
14 10 13920179.313
14 11 5121066.930
14 12 16929475.153
14 13 13656974.531
14 15 15504223.175
14 16 90120.085
14 17 3847799.150
14 18 1064738.224
14 19 4291771.635
14 20 7792701.807
14 21 7177090.295
14 22 1341028.240
15 0 1057483669.277
15 1 691929588.501
15 2 239833221.437
15 3 222673368.585
15 4 218560889.750
15 5 230671376.394
15 6 133027507.134
15 7 961712438.565
15 8 134736281.918
15 9 1439926630.139
15 10 994688690.291
15 11 543640386.526
15 12 2092474490.657
15 13 1691313218.113
15 14 7739043.030
15 16 7461909.572
15 17 415218270.481
15 18 118704806.762
15 19 567259735.454
15 20 1778551207.830
15 21 842081335.000
15 22 225960295.222
16 0 9983689.514
16 1 5494975.033
16 2 2086703.409
16 3 2257979.689
16 4 2170653.232
16 5 1937489.434
16 6 2197169.254
16 7 13217341.651
16 8 2227808.931
16 9 9436282.184
16 10 11622519.381
16 11 4813150.402
16 12 12421160.887
16 13 8961537.707
16 14 135686.125
16 15 14949918.433
16 17 5350982.792
16 18 1159375.822
16 19 4744541.779
16 20 10170473.619
16 21 8911510.115
16 22 2053125.390
17 0 541286592.508
17 1 372102424.599
17 2 51675962.324
17 3 90390992.598
17 4 83452095.780
17 5 63450625.114
17 6 97453584.746
17 7 489753734.642
17 8 97850525.162
17 9 476094052.731
17 10 514061642.847
17 11 172280967.007
17 12 436376960.052
17 13 750555666.112
17 14 5477798.891
17 15 628395614.367
17 16 4912462.602
17 18 57179235.274
17 19 302998110.544
17 20 709424231.257
17 21 482233429.109
17 22 60207806.119
18 0 106944799.018
18 1 90438695.459
18 2 22955471.773
18 3 12307535.643
18 4 15359603.075
18 5 22659437.544
18 6 18052260.876
18 7 110318800.878
18 8 15638058.043
18 9 127399513.476
18 10 120684398.897
18 11 38701328.295
18 12 187470414.825
18 13 131559672.041
18 14 1043235.335
18 15 105122818.430
18 16 693229.276
18 17 46145386.280
18 19 66947183.544
18 20 122923620.744
18 21 92234306.422
18 22 22014677.364
19 0 630099431.819
19 1 269783428.972
19 2 111227062.975
19 3 90597746.468
19 4 109687790.145
19 5 108522162.459
19 6 94746310.299
19 7 390095169.495
19 8 72508732.056
19 9 558496144.953
19 10 586229151.177
19 11 268457332.940
19 12 671100833.791
19 13 634289219.130
19 14 6885125.224
19 15 506373059.884
19 16 5165276.607
19 17 230425418.474
19 18 62092834.089
19 20 399184577.279
19 21 442959341.560
19 22 56772046.310
20 0 1278924681.177
20 1 602136022.151
20 2 268581343.609
20 3 258213200.419
20 4 144164910.720
20 5 271173572.524
20 6 222189071.774
20 7 1523778999.003
20 8 209767097.357
20 9 1105509255.044
20 10 1452336759.046
20 11 518391229.891
20 12 1940651612.950
20 13 1891107465.455
20 14 8401695.357
20 15 1679693635.395
20 16 11339284.178
20 17 485984710.965
20 18 134142786.339
20 19 812496694.599
20 21 886716367.776
20 22 238665343.526
21 0 900604308.862
21 1 703991479.094
21 2 164295651.443
21 3 152954121.719
21 4 106566397.839
21 5 117394553.816
21 6 74803892.218
21 7 775331895.218
21 8 139168664.957
21 9 1007544231.557
21 10 528444995.075
21 11 267787374.932
21 12 1109297363.977
21 13 761218147.260
21 14 8271610.233
21 15 633059877.282
21 16 10303079.699
21 17 330184461.620
21 18 65451985.211
21 19 230167749.843
21 20 1210765200.680
21 22 151963800.837
22 0 166421638.398
22 1 127397615.123
22 2 22247771.643
22 3 30273763.487
22 4 26103237.178
22 5 34647892.820
22 6 26002856.102
22 7 102222769.366
22 8 35465590.107
22 9 161077522.454
22 10 221382349.288
22 11 74279209.343
22 12 218017200.640
22 13 157568556.482
22 14 1322625.310
22 15 218239217.814
22 16 2213772.155
22 17 80659067.524
22 18 23215948.425
22 19 62691624.139
22 20 205794120.509
22 21 95974819.851
