506
0 1 684223452.094
0 2 158785857.942
0 3 135715298.289
0 4 108417908.097
0 5 123092215.050
0 6 182591261.986
0 7 639929648.336
0 8 113466158.966
0 9 1021945364.763
0 10 822746903.264
0 11 402786318.254
0 12 1240205671.409
0 13 1372069268.010
0 14 9069103.591
0 15 1177822967.692
0 16 11116039.449
0 17 425778093.561
0 18 73480970.459
0 19 499507180.398
0 20 1282171756.150
0 21 883931704.140
0 22 146231078.528
1 0 619340158.655
1 2 166401946.105
1 3 124604887.105
1 4 125902540.833
1 5 108581477.073
1 6 109642857.093
1 7 467716090.927
1 8 124448114.043
1 9 1035432805.066
1 10 829953265.704
1 11 367063519.495
1 12 1042676441.929
1 13 938491852.644
1 14 9848032.564
1 15 635706340.212
1 16 4854708.408
1 17 240791155.429
1 18 78454380.251
1 19 401282246.568
1 20 1004955008.752
1 21 479146316.639
1 22 119110721.450
2 0 199532316.749
2 1 152481169.047
2 3 23138654.742
2 4 21666665.768
2 5 28023098.926
2 6 37010944.363
2 7 120993973.287
2 8 37344110.571
2 9 202659774.130
2 10 215259858.736
2 11 87449686.082
2 12 258103194.007
2 13 237581350.596
2 14 1633687.658
2 15 245649183.845
2 16 1955706.600
2 17 64890376.680
2 18 12029652.530
2 19 97514389.566
2 20 152505415.733
2 21 96001088.419
2 22 37453271.341
3 0 198084071.401
3 1 94332868.728
3 2 26105746.686
3 4 32980254.746
3 5 34589530.933
3 6 18776893.603
3 7 107188258.554
3 8 31718667.435
3 9 168755671.676
3 10 255908698.396
3 11 42101859.629
3 12 259602471.889
3 13 239149266.592
3 14 1882453.334
3 15 256845898.823
3 16 1869669.060
3 17 101078553.548
3 18 19916091.887
3 19 94978753.523
3 20 165633160.250
3 21 78362666.369
3 22 25161382.536
4 0 161505582.803
4 1 87247718.501
4 2 37912933.208
4 3 20820261.857
4 5 27710667.015
4 6 29835389.030
4 7 142954607.769
4 8 36340997.247
4 9 230750604.153
4 10 135742956.252
4 11 64302571.324
4 12 210197970.729
4 13 253071318.374
4 14 2013738.925
4 15 134682269.059
4 16 2267335.313
4 17 67675053.180
4 18 20978178.210
4 19 58871891.130
4 20 209938063.386
4 21 137208879.939
4 22 24808738.594
5 0 167563982.677
5 1 82971346.780
5 2 24152129.285
5 3 33564541.031
5 4 33838481.175
5 6 32753373.622
5 7 116365172.301
5 8 35969773.281
5 9 155925290.560
5 10 187603528.199
5 11 42965928.878
5 12 196978971.320
5 13 254660806.309
5 14 2062654.903
5 15 154471449.952
5 16 2000876.540
5 17 76851646.530
5 18 21320666.238
5 19 81449413.929
5 20 234398033.467
5 21 102938877.305
5 22 24996180.802
6 0 103196628.233
6 1 143209000.586
6 2 21367653.551
6 3 28456655.425
6 4 31954111.209
6 5 22669996.410
6 7 146120415.088
6 8 27104767.853
6 9 234149871.445
6 10 240898099.066
6 11 67097814.054
6 12 206147348.979
6 13 264195871.329
6 14 1502583.485
6 15 202354249.451
6 16 2267094.583
6 17 57411314.628
6 18 16801519.318
6 19 108323208.427
6 20 258843021.119
6 21 93472726.396
6 22 28812088.527
7 0 1047434651.780
7 1 832057468.434
7 2 103892486.473
7 3 116005261.794
7 4 150264725.952
7 5 205114590.721
7 6 106417203.769
7 8 180732412.466
7 9 1317001388.392
7 10 1141614524.656
7 11 486391545.316
7 12 1146004156.631
7 13 758494988.090
7 14 6818009.132
7 15 1524555626.900
7 16 12468582.186
7 17 584791575.013
7 18 133927731.789
7 19 562604827.287
7 20 879790458.393
7 21 992265992.313
7 22 177585866.083
8 0 135590570.729
8 1 105124108.931
8 2 24828517.846
8 3 32299994.474
8 4 21180968.291
8 5 27863020.450
8 6 35959507.997
8 7 192050996.378
8 9 111630497.303
8 10 202096484.625
8 11 57968696.398
8 12 313467884.778
8 13 237720264.052
8 14 2145042.186
8 15 248163151.005
8 16 1756215.949
8 17 94775421.729
8 18 16522353.465
8 19 55166150.191
8 20 202384762.886
8 21 158094730.048
8 22 24513828.096
9 0 664058597.995
9 1 812135152.122
9 2 198170868.525
9 3 148913744.339
9 4 166871534.877
9 5 179168175.674
9 6 107664630.067
9 7 747914293.605
9 8 117175522.941
9 10 925665125.944
9 11 346495308.912
9 12 1690576644.507
9 13 1417494901.937
9 14 9704700.330
9 15 1000534823.517
9 16 8582824.963
9 17 524979556.870
9 18 135869577.122
9 19 402243651.234
9 20 1356285329.251
9 21 738304126.317
9 22 221861919.861
10 0 1145362883.934
10 1 632550883.063
10 2 262870062.500
10 3 178695875.114
10 4 185306390.600
10 5 201057091.483
10 6 161453018.787
10 7 1237754369.433
10 8 173229580.539
10 9 1020371611.960
10 11 399823050.285
10 12 1252904018.380
10 13 1507618499.834
10 14 9037238.262
10 15 1803043835.935
10 16 10809864.671
10 17 399490119.942
10 18 162128431.226
10 19 354740858.587
10 20 1383402744.381
10 21 664730130.230
10 22 159131779.696
11 0 387802789.294
11 1 210332747.297
11 2 47770904.252
11 3 76661260.527
11 4 73486754.889
11 5 75971967.214
11 6 50217338.693
11 7 343873024.921
11 8 68061286.072
11 9 298229046.168
11 10 522765955.418
11 12 353703266.447
11 13 647341236.578
11 14 5417768.193
11 15 442666452.960
11 16 5309353.752
11 17 123445390.420
11 18 36175412.926
11 19 156919235.012
11 20 310687239.438
11 21 392283552.243
11 22 90078343.475
12 0 953122352.231
12 1 665462601.592
12 2 305049359.446
12 3 277328928.293
12 4 177064038.430
12 5 282413735.606
12 6 154482581.285
12 7 1431244761.404
12 8 311091592.569
12 9 1292094389.206
12 10 1687146533.834
12 11 579282772.178
12 13 1633794415.544
12 14 13595636.010
12 15 1954610029.587
12 16 18159169.925
12 17 639001676.316
12 18 197121632.280
12 19 483251638.584
12 20 1436487888.716
12 21 1412470253.610
12 22 271295471.652
13 0 1193972033.890
13 1 905569675.165
13 2 188330475.802
13 3 155255384.397
13 4 272650150.028
13 5 261626991.348
13 6 255290262.824
13 7 1544266572.634
13 8 172140916.713
13 9 954875569.331
13 10 975132222.416
13 11 549163706.873
13 12 1995860959.916
13 14 7865735.014
13 15 1819170753.776
13 16 16172728.055
13 17 724491568.331
13 18 153502290.683
13 19 637183776.722
13 20 1673241833.972
13 21 1029749402.242
13 22 192796527.268
14 0 7820374.706
14 1 6736724.571
14 2 1290226.035
14 3 1703718.345
14 4 2009182.589
14 5 2266447.695
14 6 2002048.785
14 7 6286059.098
14 8 1267242.899
14 9 10661246.951
14 10 15341613.886
14 11 5711231.579
14 12 19307198.276
14 13 15501576.248
14 15 10169880.554
14 16 103198.171
14 17 4153499.865
14 18 887669.021
14 19 6218569.366
14 20 16951088.183
14 21 9457432.253
14 22 1073357.502
15 0 1131518407.247
15 1 637419034.801
15 2 229699009.991
15 3 238937098.674
15 4 135099582.258
15 5 233073399.040
15 6 211976428.109
15 7 998827830.502
15 8 170226486.084
15 9 1131389988.804
15 10 909741821.968
15 11 376156485.074
15 12 1826558548.002
15 13 1789933359.983
15 14 13545076.253
15 16 15288365.763
15 17 552981807.739
15 18 112483444.138
15 19 728696590.653
15 20 1346071616.171
15 21 1105503536.888
15 22 157033381.809
16 0 8276970.886
16 1 8482252.281
16 2 1418640.152
16 3 1607580.143
16 4 2018124.416
16 5 1470879.082
16 6 2112803.936
16 7 11976293.894
16 8 1691718.987
16 9 10561681.481
16 10 14042017.699
16 11 5140705.471
16 12 14391425.837
16 13 13949436.764
16 14 118434.251
16 15 9765052.972
16 17 4673194.875
16 18 914563.454
16 19 3199510.983
16 20 12793208.545
16 21 9237095.852
16 22 1265910.065
17 0 638624869.352
17 1 318982522.426
17 2 102779360.909
17 3 97947598.190
17 4 97189651.101
17 5 49420982.659
17 6 104938034.740
17 7 353935375.783
17 8 90866938.592
17 9 423847929.335
17 10 563065213.936
17 11 128728574.077
17 12 547923673.337
17 13 481761598.134
17 14 4489068.039
17 15 742421544.501
17 16 5680624.992
17 18 31573726.881
17 19 172750741.550
17 20 551500676.485
17 21 285755830.135
17 22 65534574.074
18 0 84545531.994
18 1 66292897.827
18 2 19882666.041
18 3 23020889.940
18 4 13990029.943
18 5 17255158.919
18 6 16062684.398
18 7 133399665.480
18 8 14416044.109
18 9 82435613.504
18 10 158313823.224
18 11 47357825.130
18 12 196496959.909
18 13 161253980.412
18 14 1271379.114
18 15 108765448.196
18 16 970438.847
18 17 65257036.652
18 19 32858416.223
18 20 145286891.984
18 21 99508232.200
18 22 17877799.755
19 0 318228848.864
19 1 418643402.624
19 2 106072618.449
19 3 79205077.413
19 4 78619542.358
19 5 54589945.911
19 6 105380295.997
19 7 555877930.410
19 8 92947105.851
19 9 484495457.392
19 10 626180665.305
19 11 147407022.196
19 12 852504234.701
19 13 603561767.289
19 14 6067054.637
19 15 498323382.549
19 16 5115561.828
19 17 304413745.695
19 18 54413705.530
19 20 530100275.600
19 21 421779694.723
19 22 103441198.363
20 0 1253598714.556
20 1 1141774944.051
20 2 187401476.194
20 3 233907679.438
20 4 168647107.426
20 5 247390200.279
20 6 229649768.400
20 7 926099097.693
20 8 243595440.621
20 9 1264645892.435
20 10 1596142362.141
20 11 314570965.611
20 12 1302232434.587
20 13 1860443855.275
20 14 8815863.583
20 15 1201671294.294
20 16 14887608.976
20 17 513121799.485
20 18 147816956.094
20 19 700131411.735
20 21 716243066.061
20 22 249246784.765
21 0 876736722.980
21 1 720515185.176
21 2 82668331.011
21 3 154474981.735
21 4 164278649.442
21 5 82184320.807
21 6 121168794.450
21 7 584786017.058
21 8 86340634.658
21 9 621303261.226
21 10 826263991.302
21 11 206750805.700
21 12 951601607.718
21 13 654882985.014
21 14 7740162.964
21 15 971828281.681
21 16 10167099.351
21 17 346256038.595
21 18 86384833.853
21 19 379050797.088
21 20 1237484686.730
21 22 150917864.203
22 0 218730124.864
22 1 80454974.422
22 2 26813913.707
22 3 20070311.927
22 4 33662485.502
22 5 17751431.537
22 6 20615133.599
22 7 189422247.721
22 8 22752263.198
22 9 144897233.933
22 10 261425933.900
22 11 74076912.324
22 12 283696201.001
22 13 192771240.961
22 14 1286130.961
22 15 136736004.290
22 16 1400815.294
22 17 110023299.420
22 18 23280102.356
22 19 57023208.928
22 20 231685155.251
22 21 130064358.483
