506
0 1 591203001.683
0 2 116310134.314
0 3 215538045.767
0 4 198596372.121
0 5 157543466.792
0 6 155584995.055
0 7 607584578.761
0 8 108478868.688
0 9 952861947.150
0 10 1558303511.680
0 11 377956122.561
0 12 1370804737.911
0 13 1288720369.474
0 14 13533960.961
0 15 895289097.266
0 16 9249977.990
0 17 326076072.750
0 18 122575201.628
0 19 482324667.016
0 20 1626317506.795
0 21 734144304.233
0 22 123217249.537
1 0 720523341.965
1 2 91620083.376
1 3 79393179.057
1 4 166744167.929
1 5 77539099.406
1 6 131004431.841
1 7 991825507.682
1 8 86761855.240
1 9 896339415.639
1 10 620947312.800
1 11 331031598.038
1 12 778812721.347
1 13 970114945.056
1 14 7140467.029
1 15 667254324.975
1 16 8151116.058
1 17 441198100.475
1 18 53179688.956
1 19 469307737.132
1 20 750158026.204
1 21 490691971.512
1 22 159148989.107
2 0 146113021.458
2 1 90302715.444
2 3 35729048.765
2 4 17316053.477
2 5 30142021.469
2 6 22719509.464
2 7 185921039.829
2 8 31950567.179
2 9 180204043.506
2 10 219109849.974
2 11 64413029.296
2 12 176844098.827
2 13 158009401.914
2 14 1786819.124
2 15 218529998.016
2 16 1406174.470
2 17 56002848.586
2 18 20110001.758
2 19 99196110.490
2 20 258639008.597
2 21 103641495.417
2 22 20486446.233
3 0 108798795.244
3 1 166196149.546
3 2 17445921.206
3 4 24352035.403
3 5 19385955.954
3 6 30239182.282
3 7 151088295.472
3 8 25094712.895
3 9 226013774.506
3 10 162753677.427
3 11 56488107.064
3 12 233611728.523
3 13 170042574.026
3 14 1482822.852
3 15 167127510.229
3 16 2025192.075
3 17 74410120.613
3 18 18963725.511
3 19 72386094.601
3 20 123771346.788
3 21 100310186.045
3 22 28168502.205
4 0 149913228.399
4 1 148903717.389
4 2 27349626.013
4 3 32931220.875
4 5 35134120.627
4 6 19678282.215
4 7 182708538.536
4 8 31354075.645
4 9 232065702.327
4 10 170766108.395
4 11 57099881.793
4 12 256695263.439
4 13 145908704.733
4 14 1283119.638
4 15 173687487.170
4 16 1519702.925
4 17 93982781.892
4 18 23350184.245
4 19 92506290.178
4 20 136606260.414
4 21 151747094.684
4 22 19891373.236
5 0 220829701.562
5 1 141012126.859
5 2 28768635.382
5 3 35549506.047
5 4 32123764.864
5 6 36298103.284
5 7 106612028.604
5 8 24904421.327
5 9 207712816.028
5 10 187527790.916
5 11 61148294.276
5 12 264138358.161
5 13 173776312.128
5 14 2293587.867
5 15 133720307.484
5 16 1810628.291
5 17 102770860.248
5 18 23300262.557
5 19 85512001.950
5 20 174268774.758
5 21 161928633.924
5 22 24845915.240
6 0 147250552.688
6 1 92535766.479
6 2 34357316.846
6 3 16812123.485
6 4 30676244.930
6 5 32400791.735
6 7 137154193.589
6 8 23831278.661
6 9 155021550.573
6 10 209598912.875
6 11 81231921.858
6 12 232146035.489
6 13 212497688.357
6 14 1769880.101
6 15 159297821.621
6 16 2198169.207
6 17 58635334.828
6 18 19298860.060
6 19 99567037.560
6 20 259798540.462
6 21 158320025.610
6 22 29750504.881
7 0 990447682.152
7 1 554356733.503
7 2 212542342.064
7 3 121610252.069
7 4 182453425.816
7 5 134066108.551
7 6 145445696.973
7 8 99345571.690
7 9 736533338.520
7 10 1205340609.529
7 11 492402078.017
7 12 993380778.320
7 13 1333464112.846
7 14 8858381.455
7 15 993441080.896
7 16 9190506.829
7 17 379188845.199
7 18 90963956.147
7 19 600876609.396
7 20 765163418.278
7 21 502225342.679
7 22 199338604.260
8 0 109522210.975
8 1 76769329.998
8 2 19923497.892
8 3 16778623.833
8 4 25230670.509
8 5 33784569.074
8 6 25518852.403
8 7 134792587.201
8 9 220670060.387
8 10 232112070.154
8 11 74469029.024
8 12 174153790.687
8 13 151408137.482
8 14 1853778.238
8 15 226063133.474
8 16 1490406.160
8 17 105013957.559
8 18 17787836.723
8 19 91803733.349
8 20 245553986.211
8 21 143329825.256
8 22 18710174.819
9 0 1254798163.220
9 1 663421511.084
9 2 221993399.876
9 3 131419077.145
9 4 123591945.028
9 5 153832743.000
9 6 208240629.136
9 7 851174538.329
9 8 156924227.962
9 10 1545607717.383
9 11 443482765.265
9 12 1605627865.827
9 13 1147806444.495
9 14 11144089.675
9 15 1437739316.664
9 16 7182048.514
9 17 464801094.619
9 18 68810797.245
9 19 619203354.962
9 20 1660919492.785
9 21 809994678.061
9 22 210669778.874
10 0 1437853224.090
10 1 554750637.792
10 2 202083773.214
10 3 231011712.727
10 4 165319923.260
10 5 254825045.356
10 6 202980517.184
10 7 1153492027.329
10 8 232771117.275
10 9 1175352227.294
10 11 441790555.115
10 12 1818654793.631
10 13 1231971299.475
10 14 8425597.469
10 15 1400377262.812
10 16 14375203.386
10 17 419735374.853
10 18 152313902.143
10 19 646729670.523
10 20 1841530149.934
10 21 644756696.349
10 22 196894366.626
11 0 506385609.807
11 1 331575674.831
11 2 76224046.731
11 3 62140514.379
11 4 64416043.507
11 5 53883418.229
11 6 81772312.114
11 7 375369459.403
11 8 88476637.348
11 9 467937509.288
11 10 465138390.325
11 12 766052923.536
11 13 616761457.318
11 14 2939657.288
11 15 530418459.282
11 16 5645707.519
11 17 180195706.274
11 18 55253679.788
11 19 271465260.283
11 20 685082262.164
11 21 303352790.729
11 22 60949669.562
12 0 1262663422.531
12 1 673855607.987
12 2 296649165.990
12 3 275600467.088
12 4 307526088.044
12 5 164946819.618
12 6 298973709.875
12 7 1321567868.572
12 8 283161900.512
12 9 1762411633.879
12 10 1203290043.444
12 11 495906480.391
12 13 1351021027.932
12 14 11153261.348
12 15 1795183249.621
12 16 15395107.925
12 17 718943558.034
12 18 106298807.815
12 19 616639110.500
12 20 2049741593.025
12 21 1363040006.939
12 22 165201126.793
13 0 1474544270.096
13 1 794081084.993
13 2 283142786.412
13 3 170886028.699
13 4 183235606.454
13 5 248656548.363
13 6 192338374.301
13 7 1093246286.081
13 8 192650905.261
13 9 1540066879.701
13 10 942867470.486
13 11 418285072.636
13 12 1123613140.778
13 14 9741660.130
13 15 1815682471.883
13 16 8004058.546
13 17 785395693.142
13 18 166104877.890
13 19 675501138.456
13 20 939412082.951
13 21 554276509.134
13 22 149265554.990
14 0 12067081.902
14 1 9494626.787
14 2 1725903.759
14 3 2092094.905
14 4 1800568.235
14 5 1966108.890
14 6 1250992.362
14 7 10761898.550
14 8 1265657.003
14 9 7099829.932
14 10 13106939.884
14 11 5531509.084
14 12 9901621.763
14 13 16203683.102
14 15 9483359.879
14 16 65816.237
14 17 4982469.245
14 18 775512.935
14 19 4598750.275
14 20 9450152.934
14 21 8750170.194
14 22 2229509.362
15 0 864813574.782
15 1 850881974.916
15 2 127573101.125
15 3 195447822.768
15 4 225430414.401
15 5 242595850.529
15 6 206253333.691
15 7 1388519063.669
15 8 119759613.749
15 9 875820546.231
15 10 893901394.020
15 11 404548856.919
15 12 1909684455.779
15 13 1242400988.539
15 14 7736228.140
15 16 13282554.175
15 17 607034820.770
15 18 119736941.813
15 19 596354725.254
15 20 1173623718.119
15 21 1075268805.667
15 22 185892655.245
16 0 10563201.658
16 1 9711766.452
16 2 1955225.716
16 3 1254137.663
16 4 1605431.313
16 5 2291115.033
16 6 1507997.460
16 7 9387163.729
16 8 1392052.707
16 9 10143598.053
16 10 14326626.237
16 11 3963946.954
16 12 10911368.469
16 13 12115863.477
16 14 93837.372
16 15 13402119.853
16 17 5337729.738
16 18 1263939.486
16 19 6900079.641
16 20 16365304.804
16 21 5978459.891
16 22 1598187.296
17 0 323712055.291
17 1 362085161.534
17 2 101564903.430
17 3 107529011.515
17 4 55973497.251
17 5 67474206.659
17 6 93708477.452
17 7 578417190.363
17 8 106186833.314
17 9 639488168.633
17 10 390713044.105
17 11 147971175.534
17 12 440616710.752
17 13 639317923.684
17 14 3189062.280
17 15 701857612.928
17 16 4627772.312
17 18 59402966.735
17 19 309177005.486
17 20 812398154.105
17 21 451161724.860
17 22 86717907.029
18 0 77746945.908
18 1 94487764.962
18 2 20241973.987
18 3 14690979.118
18 4 12709589.882
18 5 23037715.602
18 6 16653150.660
18 7 78031501.485
18 8 21301225.214
18 9 137402021.437
18 10 142562717.412
18 11 55851284.126
18 12 108397569.583
18 13 118384769.151
18 14 1188990.610
18 15 97563403.776
18 16 1332946.278
18 17 59947201.189
18 19 46502525.375
18 20 174709373.651
18 21 101517343.759
18 22 18841329.466
19 0 596466116.301
19 1 343985534.657
19 2 109270195.871
19 3 71571088.921
19 4 54140659.668
19 5 55217944.626
19 6 79815507.536
19 7 558142673.387
19 8 84892946.952
19 9 434994948.326
19 10 725535260.553
19 11 197837685.282
19 12 665054455.895
19 13 456337154.709
19 14 5281208.519
19 15 685688357.262
19 16 5220995.631
19 17 196254537.065
19 18 63460387.945
19 20 429035659.776
19 21 490106867.472
19 22 102069820.371
20 0 794366060.866
20 1 959547411.263
20 2 226109883.958
20 3 197853131.726
20 4 230812023.054
20 5 154792596.309
20 6 127222154.195
20 7 1385001165.122
20 8 184600366.534
20 9 1640199263.247
20 10 1317895192.491
20 11 452621535.017
20 12 1857292473.130
20 13 1460432383.613
20 14 16723382.715
20 15 1477712432.834
20 16 12128889.576
20 17 556665738.859
20 18 172321219.580
20 19 708040364.337
20 21 1107750195.660
20 22 200535977.040
21 0 864785465.454
21 1 702812085.695
21 2 119018248.340
21 3 147915092.311
21 4 104437043.169
21 5 82887181.457
21 6 126409714.764
21 7 941033914.659
21 8 134323709.778
21 9 571844324.902
21 10 567281492.762
21 11 306887784.414
21 12 1178787894.039
21 13 922517655.384
21 14 8803666.718
21 15 754590766.326
21 16 7661255.965
21 17 237972026.043
21 18 80260213.972
21 19 337976113.185
21 20 1159812245.769
21 22 133008423.680
22 0 220895986.992
22 1 120067415.594
22 2 23515557.957
22 3 35464356.722
22 4 30981439.574
22 5 27596919.771
22 6 28905824.366
22 7 188161201.683
22 8 23513504.506
22 9 142924415.387
22 10 252619095.660
22 11 91448890.204
22 12 208777256.396
22 13 245984181.111
22 14 1338017.505
22 15 245053309.230
22 16 2116852.510
22 17 110164484.131
22 18 14372599.728
22 19 107038824.532
22 20 213950757.739
22 21 163752080.193
