506
0 1 450011833.015
0 2 107630303.583
0 3 168401311.664
0 4 110327848.037
0 5 206538252.241
0 6 135220024.784
0 7 1060130480.561
0 8 123178732.026
0 9 898433774.387
0 10 1024652586.191
0 11 517368264.610
0 12 1701225634.833
0 13 1198238873.469
0 14 8606357.865
0 15 941480220.803
0 16 13766669.393
0 17 371788953.418
0 18 131874430.970
0 19 333309488.279
0 20 1239890377.524
0 21 492506122.993
0 22 192246933.638
1 0 753710070.850
1 2 125667846.766
1 3 81579051.506
1 4 122919806.412
1 5 86266710.336
1 6 101566071.073
1 7 499987448.328
1 8 98474616.080
1 9 563433863.030
1 10 584743718.811
1 11 243615813.940
1 12 771860761.990
1 13 1096184904.037
1 14 5654443.091
1 15 727636632.425
1 16 7907621.155
1 17 324954298.707
1 18 49764403.972
1 19 332088718.190
1 20 887143348.893
1 21 571200773.991
1 22 81642203.315
2 0 109986881.774
2 1 141929762.352
2 3 21559724.528
2 4 27276189.365
2 5 24629177.849
2 6 19344057.773
2 7 202113642.775
2 8 25631886.726
2 9 177513024.145
2 10 152140633.503
2 11 73480580.454
2 12 170479407.677
2 13 142320266.099
2 14 2210686.025
2 15 121567038.676
2 16 1117527.527
2 17 68210405.048
2 18 20320071.091
2 19 105333486.978
2 20 189560791.773
2 21 106348274.016
2 22 37657588.910
3 0 133055369.445
3 1 81623037.684
3 2 29615873.374
3 4 29731828.283
3 5 23775518.085
3 6 34053347.168
3 7 194959521.769
3 8 22749483.066
3 9 195664834.325
3 10 183929688.188
3 11 91896314.346
3 12 167647591.823
3 13 192080874.745
3 14 1205898.656
3 15 247491372.588
3 16 1788273.141
3 17 69140280.471
3 18 22918169.163
3 19 59565644.610
3 20 240315972.431
3 21 146454073.970
3 22 36150961.557
4 0 182907443.563
4 1 151673372.842
4 2 17913169.282
4 3 21899843.830
4 5 23520027.105
4 6 25955607.907
4 7 199329354.119
4 8 35664570.100
4 9 149094020.921
4 10 145456736.336
4 11 65104154.449
4 12 156208682.703
4 13 125672645.627
4 14 1822175.093
4 15 126989982.800
4 16 1693806.907
4 17 107143666.570
4 18 21289964.030
4 19 53501862.138
4 20 248142519.430
4 21 114725158.335
4 22 19395285.029
5 0 127599202.650
5 1 95404119.065
5 2 34854611.381
5 3 25507667.037
5 4 16969324.132
5 6 35262153.008
5 7 163687869.851
5 8 36869204.754
5 9 161104561.348
5 10 140902017.501
5 11 43744297.125
5 12 147377742.792
5 13 128577651.115
5 14 1250134.019
5 15 225236200.564
5 16 1596789.901
5 17 72358571.442
5 18 12862790.247
5 19 107692809.461
5 20 275954721.997
5 21 158311579.904
5 22 26572036.519
6 0 103561012.410
6 1 120853153.750
6 2 35117366.654
6 3 20253409.215
6 4 28442852.826
6 5 19463609.184
6 7 144298268.208
6 8 16942155.292
6 9 132441524.812
6 10 118784254.140
6 11 47317283.927
6 12 289980090.085
6 13 175710217.799
6 14 1625028.513
6 15 217371195.110
6 16 2280297.500
6 17 76581895.790
6 18 13004093.123
6 19 68761226.370
6 20 150536071.228
6 21 143799741.914
6 22 30265876.175
7 0 836462123.520
7 1 968040129.351
7 2 157299216.517
7 3 127191744.330
7 4 120659236.912
7 5 136935350.173
7 6 167110195.004
7 8 172150835.219
7 9 1170906191.979
7 10 1241000728.549
7 11 319706329.510
7 12 1644963773.837
7 13 1047509208.226
7 14 12937269.729
7 15 1377306183.779
7 16 7429553.336
7 17 556540657.806
7 18 121041284.189
7 19 641850285.356
7 20 1423366621.873
7 21 635483587.898
7 22 110183077.746
8 0 167188858.119
8 1 115491650.568
8 2 26426506.651
8 3 34896610.245
8 4 34883597.431
8 5 33235874.688
8 6 20034083.317
8 7 139284648.215
8 9 201698524.801
8 10 161971853.925
8 11 51018931.958
8 12 259374414.987
8 13 258624204.746
8 14 1147435.950
8 15 227537247.589
8 16 1545548.760
8 17 65001130.258
8 18 20141439.173
8 19 72778009.631
8 20 133957642.790
8 21 144704854.052
8 22 21350079.614
9 0 729744622.534
9 1 861659630.739
9 2 212421212.435
9 3 206492080.299
9 4 195305522.069
9 5 158517365.582
9 6 203524627.682
9 7 1204303329.613
9 8 119375605.429
9 10 1561869980.751
9 11 398302381.436
9 12 950999012.269
9 13 1556815844.009
9 14 11522996.088
9 15 1193971484.217
9 16 7232240.215
9 17 676678073.073
9 18 106201730.228
9 19 624073325.855
9 20 812184667.482
9 21 595682984.073
9 22 135901901.142
10 0 1237956842.521
10 1 1156409067.528
10 2 181505469.929
10 3 133907433.447
10 4 252037870.081
10 5 182656138.158
10 6 235623379.500
10 7 797539284.468
10 8 240745671.724
10 9 830019711.430
10 11 607411116.075
10 12 1240296117.195
10 13 1292550127.608
10 14 16226008.689
10 15 1262127648.652
10 16 7417991.739
10 17 354027535.237
10 18 99566606.391
10 19 721939472.634
10 20 1324396801.280
10 21 1021357021.303
10 22 144053006.307
11 0 397180020.343
11 1 260934326.719
11 2 73932963.008
11 3 67297261.009
11 4 67045664.280
11 5 83054217.329
11 6 73544827.574
11 7 444461177.013
11 8 41811860.600
11 9 335333392.743
11 10 306137052.327
11 12 709742271.188
11 13 672384462.099
11 14 3154112.482
11 15 336095539.878
11 16 5554598.631
11 17 162465420.918
11 18 41800633.239
11 19 136556513.775
11 20 380441177.259
11 21 239466954.242
11 22 59730860.447
12 0 1142142100.328
12 1 691148210.623
12 2 271342186.485
12 3 311080790.091
12 4 301960229.218
12 5 255275044.788
12 6 156637076.977
12 7 848904865.758
12 8 193114002.652
12 9 1954530206.145
12 10 1969278337.812
12 11 516055263.822
12 13 1838725973.278
12 14 11461197.267
12 15 1132780102.195
12 16 17882063.968
12 17 634300867.498
12 18 160216254.477
12 19 805430147.164
12 20 1390159801.355
12 21 816852764.608
12 22 187278074.158
13 0 1484437210.563
13 1 928658833.830
13 2 247378800.398
13 3 149394341.368
13 4 203501756.421
13 5 185144434.226
13 6 274240415.885
13 7 1348799635.587
13 8 132954199.546
13 9 1146997775.210
13 10 1238120305.164
13 11 384849175.453
13 12 1532030396.466
13 14 12970765.741
13 15 1037751432.664
13 16 14429998.886
13 17 488518624.033
13 18 78758108.085
13 19 578380082.380
13 20 1459701507.294
13 21 871718375.734
13 22 131800695.788
14 0 8417213.787
14 1 9611389.343
14 2 1189237.754
14 3 1915149.545
14 4 1168212.423
14 5 1954527.131
14 6 1905500.283
14 7 6261154.390
14 8 1517520.082
14 9 8466489.258
14 10 11349229.553
14 11 4430942.967
14 12 18382936.398
14 13 12689851.632
14 15 12035822.820
14 16 111538.168
14 17 3175045.400
14 18 1110201.664
14 19 5440649.577
14 20 8823979.820
14 21 9102284.400
14 22 1930326.199
15 0 1189410630.039
15 1 925836926.061
15 2 241889425.861
15 3 210496041.272
15 4 208804418.688
15 5 167747883.622
15 6 213368969.352
15 7 1075753820.650
15 8 137488485.142
15 9 1157309528.953
15 10 915190971.435
15 11 423901232.832
15 12 2074824979.341
15 13 1832506561.776
15 14 14837351.764
15 16 11299459.841
15 17 418110989.857
15 18 89489252.215
15 19 588179930.579
15 20 1072119837.520
15 21 1009282430.166
15 22 190133235.497
16 0 11366092.088
16 1 5467903.019
16 2 1634912.736
16 3 2008730.632
16 4 1811231.556
16 5 1726357.112
16 6 1854403.995
16 7 12595231.161
16 8 1476445.325
16 9 13668916.552
16 10 7761735.028
16 11 4675722.171
16 12 15188954.102
16 13 9870136.550
16 14 82147.177
16 15 12192898.024
16 17 6137989.913
16 18 1026339.188
16 19 4904229.062
16 20 10761415.359
16 21 4727853.789
16 22 2254748.213
17 0 492305986.328
17 1 417570798.361
17 2 104817054.004
17 3 86411028.248
17 4 81490733.894
17 5 65483773.264
17 6 105649947.084
17 7 490574024.959
17 8 73011768.350
17 9 420498059.742
17 10 658760338.942
17 11 232395738.283
17 12 842358404.800
17 13 549665866.539
17 14 5278491.654
17 15 458078339.832
17 16 4032195.650
17 18 49315600.045
17 19 272195838.581
17 20 681781696.816
17 21 489970324.749
17 22 69743907.770
18 0 68731896.302
18 1 75822427.664
18 2 22916443.995
18 3 23064864.996
18 4 19425837.188
18 5 18754011.817
18 6 18608222.292
18 7 64645100.231
18 8 21719234.500
18 9 74572339.644
18 10 105684332.164
18 11 37007065.751
18 12 139058624.236
18 13 137541260.361
18 14 859596.885
18 15 118306551.234
18 16 1361951.956
18 17 69496716.507
18 19 63697138.703
18 20 166059018.699
18 21 53136805.716
18 22 19611846.853
19 0 596929581.080
19 1 419238320.549
19 2 58892658.454
19 3 64147633.294
19 4 95874226.908
19 5 105050791.108
19 6 52267506.335
19 7 441946898.036
19 8 50889395.663
19 9 456495806.250
19 10 654344718.590
19 11 229667686.892
19 12 587790161.211
19 13 383721073.976
19 14 3199773.694
19 15 362981583.355
19 16 3330892.315
19 17 224891272.553
19 18 65301676.684
19 20 531491117.351
19 21 422726028.572
19 22 107116306.899
20 0 1470521653.907
20 1 662844430.746
20 2 200238640.191
20 3 179375987.943
20 4 132546243.687
20 5 274298924.429
20 6 234945177.900
20 7 1307892726.360
20 8 163098959.355
20 9 1318269915.017
20 10 1681940096.042
20 11 536941376.287
20 12 1165246159.672
20 13 1268733313.087
20 14 15904956.265
20 15 1595076532.967
20 16 9483912.785
20 17 807178321.420
20 18 116941096.247
20 19 698539958.258
20 21 839677106.984
20 22 140111396.137
21 0 749321038.688
21 1 673997330.653
21 2 83643738.181
21 3 83747952.953
21 4 151306321.866
21 5 94187213.799
21 6 77792398.331
21 7 484505095.790
21 8 79947797.290
21 9 844379558.151
21 10 976680675.667
21 11 394528926.089
21 12 1129940584.729
21 13 682485679.349
21 14 10369284.375
21 15 611144914.328
21 16 5808998.122
21 17 300156345.990
21 18 47780987.847
21 19 444550716.652
21 20 706981626.586
21 22 146000937.821
22 0 111112291.987
22 1 84857696.019
22 2 25763775.939
22 3 24141995.597
22 4 35672212.258
22 5 34902305.225
22 6 36344153.513
22 7 159463554.908
22 8 34837768.081
22 9 124178579.327
22 10 222616099.769
22 11 91228028.052
22 12 205866985.276
22 13 255148266.234
22 14 2048397.864
22 15 172104098.847
22 16 1699272.798
22 17 65302190.886
22 18 20799156.445
22 19 65162408.256
22 20 260345273.919
22 21 145501625.538
