506
0 1 936614951.704
0 2 102937295.439
0 3 231628815.214
0 4 135651260.532
0 5 171213932.652
0 6 211473124.771
0 7 433777653.970
0 8 96038143.414
0 9 1364107248.859
0 10 1019819040.755
0 11 508018650.015
0 12 2757788442.810
0 13 1253776788.883
0 14 12194518.896
0 15 972002017.791
0 16 4922337.875
0 17 768643528.011
0 18 39786700.928
0 19 436716373.260
0 20 1350570507.389
0 21 780419953.419
0 22 110060402.573
1 0 827637391.133
1 2 148147240.093
1 3 228477093.965
1 4 188087601.314
1 5 65621910.506
1 6 96004400.286
1 7 1603222438.490
1 8 72729312.833
1 9 532989599.136
1 10 1320146665.050
1 11 119320866.514
1 12 1798177016.461
1 13 1757684678.527
1 14 13272787.387
1 15 1056815362.819
1 16 15794732.555
1 17 348136925.568
1 18 158674427.188
1 19 782310984.520
1 20 1723830277.446
1 21 1146577540.052
1 22 80476251.795
2 0 65326364.936
2 1 88685161.497
2 3 36128910.537
2 4 32429423.402
2 5 22276236.070
2 6 39327449.823
2 7 310902889.888
2 8 37187578.476
2 9 294063211.053
2 10 451856572.081
2 11 54706814.420
2 12 374592912.954
2 13 299860724.102
2 14 3209906.753
2 15 183236137.671
2 16 2538022.311
2 17 79290850.743
2 18 35490487.245
2 19 123368676.395
2 20 236906538.197
2 21 193853742.868
2 22 24917664.576
3 0 123420290.255
3 1 273091502.397
3 2 27192472.547
3 4 54146055.513
3 5 55685449.173
3 6 45658679.165
3 7 277959189.874
3 8 35014448.685
3 9 145200638.268
3 10 344481148.079
3 11 34617787.629
3 12 445536058.100
3 13 296460933.133
3 14 3231971.027
3 15 102873977.183
3 16 2230523.444
3 17 141930234.063
3 18 34389077.705
3 19 153585987.039
3 20 459644923.633
3 21 52039111.182
3 22 55535195.487
4 0 178499288.203
4 1 69144994.236
4 2 12817187.512
4 3 60728821.707
4 5 33064563.602
4 6 59806775.684
4 7 232476019.017
4 8 33254610.138
4 9 266145619.391
4 10 97339505.049
4 11 33481446.044
4 12 94349301.849
4 13 158745943.440
4 14 1242943.913
4 15 108293320.987
4 16 2272723.680
4 17 96951090.684
4 18 35030939.197
4 19 87016929.349
4 20 447339336.178
4 21 170415145.770
4 22 20764441.732
5 0 117195614.105
5 1 101197621.212
5 2 22383977.679
5 3 15157200.365
5 4 54640724.891
5 6 32634670.478
5 7 219726125.509
5 8 21492168.042
5 9 242378347.084
5 10 102740295.663
5 11 125177620.692
5 12 340948016.180
5 13 328274026.448
5 14 3562183.755
5 15 132299583.928
5 16 687931.280
5 17 163365927.430
5 18 33242219.297
5 19 99838674.265
5 20 240720539.164
5 21 218292618.384
5 22 16411599.261
6 0 109079469.424
6 1 211527459.003
6 2 16029338.166
6 3 42104446.652
6 4 52671768.285
6 5 30125204.817
6 7 115494723.545
6 8 26140515.107
6 9 350989032.108
6 10 114517664.937
6 11 126520581.512
6 12 119370385.892
6 13 274109585.975
6 14 2345791.096
6 15 427180229.861
6 16 1590223.480
6 17 145126281.936
6 18 16539286.411
6 19 100840706.659
6 20 124033470.022
6 21 77117321.264
6 22 26656922.752
7 0 1482003408.288
7 1 331222660.403
7 2 212864922.136
7 3 192568917.596
7 4 89256234.656
7 5 217912020.848
7 6 230008640.091
7 8 226947421.906
7 9 1812380861.759
7 10 1896592241.156
7 11 540938622.071
7 12 1584070754.648
7 13 1069037712.835
7 14 19761538.436
7 15 2379143055.402
7 16 16994342.128
7 17 1091564803.309
7 18 98404291.798
7 19 764325755.835
7 20 1053765149.163
7 21 1037135375.104
7 22 192156074.610
8 0 233943388.961
8 1 164409256.654
8 2 41364700.874
8 3 26091256.044
8 4 29552533.207
8 5 10640730.230
8 6 35078681.079
8 7 290677222.408
8 9 85244615.578
8 10 83814947.885
8 11 127768650.377
8 12 401788956.406
8 13 185556968.201
8 14 851877.849
8 15 155500968.605
8 16 3766771.196
8 17 50975043.942
8 18 31297615.514
8 19 74663010.940
8 20 346484031.871
8 21 258094736.108
8 22 16623658.933
9 0 2170984900.974
9 1 1585507165.630
9 2 389878908.917
9 3 206038196.059
9 4 274486503.570
9 5 82571587.784
9 6 379126177.628
9 7 2357268751.697
9 8 135794013.389
9 10 508065397.184
9 11 241900968.606
9 12 3339481539.787
9 13 1545239618.300
9 14 21623079.947
9 15 2298113808.181
9 16 5925248.489
9 17 796385251.240
9 18 252782804.686
9 19 965578131.846
9 20 2554033095.561
9 21 609119540.022
9 22 124397658.574
10 0 611240634.747
10 1 1710025044.456
10 2 125888293.396
10 3 191623379.785
10 4 199544967.871
10 5 108427205.752
10 6 361328498.427
10 7 765748609.695
10 8 316288636.058
10 9 2327842258.557
10 11 1066340059.951
10 12 2532545112.763
10 13 1132585779.773
10 14 25975127.389
10 15 2397930099.562
10 16 9151346.828
10 17 627447944.456
10 18 191842732.004
10 19 768157544.902
10 20 3007332037.192
10 21 417261390.951
10 22 296188457.873
11 0 254972613.006
11 1 289123465.709
11 2 135343879.075
11 3 130119549.022
11 4 58259395.117
11 5 136284868.739
11 6 127609354.128
11 7 215238427.005
11 8 114993615.833
11 9 842183066.714
11 10 757902152.966
11 12 685129354.261
11 13 1001035244.614
11 14 5637869.902
11 15 265670139.192
11 16 8653254.220
11 17 431170016.704
11 18 64196446.802
11 19 165418026.421
11 20 703592913.674
11 21 237921483.806
11 22 125407466.688
12 0 528288674.556
12 1 2324233983.478
12 2 372546152.547
12 3 273499376.102
12 4 365010275.874
12 5 160173269.329
12 6 273149671.304
12 7 1221225084.423
12 8 202673899.943
12 9 2649195693.229
12 10 3253682227.619
12 11 796227357.089
12 13 3039907804.913
12 14 20569074.317
12 15 2759960376.213
12 16 6784457.038
12 17 1433256797.689
12 18 63180789.103
12 19 617277337.453
12 20 2319342530.722
12 21 711621339.263
12 22 432612516.017
13 0 1874603555.947
13 1 1262412750.343
13 2 332874207.759
13 3 353068088.631
13 4 404346824.949
13 5 406930218.000
13 6 441915786.777
13 7 723406736.549
13 8 165469757.227
13 9 2057734946.184
13 10 3220942391.712
13 11 814344382.239
13 12 1132963397.737
13 14 20301606.942
13 15 2460112540.717
13 16 7913228.913
13 17 928414675.115
13 18 116915643.759
13 19 846863563.413
13 20 2336262206.819
13 21 1608014751.749
13 22 334276245.175
14 0 15434346.045
14 1 4501207.119
14 2 2694905.526
14 3 2633056.891
14 4 3260238.027
14 5 2024788.363
14 6 2399519.113
14 7 14686789.733
14 8 670277.764
14 9 7206194.381
14 10 13283616.800
14 11 7420441.650
14 12 28795523.582
14 13 24641961.428
14 15 6854580.587
14 16 210212.530
14 17 7305941.381
14 18 419754.903
14 19 7444802.130
14 20 19101845.527
14 21 5588091.568
14 22 3536089.046
15 0 695019713.953
15 1 1854464351.909
15 2 257803986.348
15 3 150260396.316
15 4 168110160.805
15 5 420639428.807
15 6 138090225.842
15 7 2027840460.750
15 8 411493934.448
15 9 2327123836.092
15 10 2556740524.545
15 11 856734087.203
15 12 3375181490.135
15 13 2360240523.879
15 14 24140489.065
15 16 12959508.116
15 17 973616023.739
15 18 71722460.106
15 19 535179032.164
15 20 1231071400.843
15 21 705747429.013
15 22 163107602.982
16 0 12492012.091
16 1 13493735.488
16 2 3208447.344
16 3 645129.428
16 4 805522.992
16 5 3563165.965
16 6 2682507.448
16 7 21287455.888
16 8 3415189.726
16 9 5650451.138
16 10 19832527.983
16 11 6145739.157
16 12 12174488.260
16 13 25512691.919
16 14 45769.780
16 15 19816860.048
16 17 7448807.183
16 18 1579719.659
16 19 2312780.793
16 20 12847165.444
16 21 5716282.927
16 22 2069607.354
17 0 1082170346.803
17 1 644208376.565
17 2 128114856.728
17 3 142372945.483
17 4 110355877.013
17 5 112903014.048
17 6 100270779.458
17 7 500704468.443
17 8 54747448.861
17 9 202034914.065
17 10 787563066.179
17 11 120328903.451
17 12 1238577000.947
17 13 1179900335.416
17 14 2652387.493
17 15 1039283992.164
17 16 4121421.417
17 18 99718640.470
17 19 375251746.505
17 20 649497305.726
17 21 419548292.440
17 22 93991241.378
18 0 145962471.863
18 1 100385938.287
18 2 7357007.220
18 3 30477026.575
18 4 21661323.645
18 5 29802281.180
18 6 26107466.685
18 7 87592056.655
18 8 27683705.547
18 9 69412754.678
18 10 112306510.818
18 11 42029615.305
18 12 268553541.069
18 13 187160754.610
18 14 643714.035
18 15 233204558.202
18 16 2081416.036
18 17 52037302.180
18 19 35835593.245
18 20 122770330.460
18 21 120682877.388
18 22 18376886.837
19 0 296068682.287
19 1 266973678.050
19 2 77153131.828
19 3 172724560.167
19 4 156173223.298
19 5 57503134.126
19 6 85775458.054
19 7 644314182.412
19 8 126633413.179
19 9 248471787.600
19 10 703299215.176
19 11 340233920.661
19 12 1003346621.604
19 13 269456064.588
19 14 11484434.068
19 15 751978371.495
19 16 9846507.427
19 17 420607533.096
19 18 38081642.652
19 20 1079804491.066
19 21 261732886.978
19 22 74790769.564
20 0 2462717387.546
20 1 1820934595.149
20 2 461075019.340
20 3 345382701.533
20 4 415709806.568
20 5 456526316.929
20 6 456994507.187
20 7 1305419587.679
20 8 171611050.010
20 9 1245157405.701
20 10 2405499461.973
20 11 1051876745.899
20 12 1375178967.326
20 13 2654050672.123
20 14 7777345.818
20 15 1521237887.628
20 16 28280644.702
20 17 673892377.544
20 18 94854315.200
20 19 539091484.104
20 21 1181378058.966
20 22 449820036.301
21 0 525101365.514
21 1 991331182.338
21 2 94299277.736
21 3 94553075.679
21 4 149709208.974
21 5 166606563.283
21 6 111692485.911
21 7 1341516030.408
21 8 178176862.621
21 9 638309261.222
21 10 1147928738.428
21 11 473849904.396
21 12 778213863.036
21 13 1715696460.029
21 14 6143183.214
21 15 1347453552.848
21 16 14730532.236
21 17 158775471.517
21 18 167742071.789
21 19 472952616.986
21 20 947116687.315
21 22 245439775.234
22 0 80349911.075
22 1 114348393.137
22 2 30050703.843
22 3 11621196.740
22 4 16871743.981
22 5 46042906.461
22 6 30832277.031
22 7 200386963.555
22 8 31997396.700
22 9 205700137.691
22 10 90947436.775
22 11 32132359.719
22 12 390123925.142
22 13 255964892.772
22 14 736741.557
22 15 197460559.193
22 16 733038.011
22 17 88222309.498
22 18 24989743.176
22 19 174359947.942
22 20 402613970.200
22 21 81718593.216
