506
0 1 658926942.874
0 2 202749015.003
0 3 366973996.484
0 4 238177563.020
0 5 269086627.821
0 6 355634919.951
0 7 1301449878.411
0 8 89464275.910
0 9 1652277240.747
0 10 2544880274.032
0 11 551770456.798
0 12 1888453127.296
0 13 1243150668.094
0 14 15490471.722
0 15 739097489.501
0 16 14825728.424
0 17 562674187.623
0 18 106500754.461
0 19 873924179.001
0 20 738445861.059
0 21 1575826726.092
0 22 189433109.436
1 0 1068578681.846
1 2 129668341.214
1 3 59702051.753
1 4 271089995.068
1 5 232199478.281
1 6 149010273.304
1 7 994340169.685
1 8 226563735.239
1 9 576578136.828
1 10 1927096082.312
1 11 202631661.003
1 12 2208002574.123
1 13 343535857.712
1 14 3292521.284
1 15 347179373.638
1 16 12199011.183
1 17 300698101.300
1 18 135242502.801
1 19 390576422.578
1 20 576873489.125
1 21 712362230.645
1 22 123575259.710
2 0 250056705.123
2 1 78975779.545
2 3 11874182.438
2 4 47549760.574
2 5 12328563.302
2 6 14852226.474
2 7 123517651.613
2 8 12286368.601
2 9 278285770.686
2 10 449749305.535
2 11 153489162.301
2 12 457764011.319
2 13 126222473.831
2 14 3909887.229
2 15 73516731.875
2 16 2202516.130
2 17 131136524.309
2 18 39773379.537
2 19 103116115.840
2 20 333916015.788
2 21 83288187.401
2 22 51898633.175
3 0 316478043.860
3 1 124590020.194
3 2 14034131.624
3 4 47176883.451
3 5 60975875.226
3 6 41293727.390
3 7 166884849.680
3 8 45450336.368
3 9 288426989.667
3 10 187894590.053
3 11 126925694.127
3 12 444938363.440
3 13 130062779.354
3 14 3707519.601
3 15 402979898.059
3 16 3614416.846
3 17 95113174.331
3 18 15164846.120
3 19 127014096.283
3 20 187568656.745
3 21 240390663.897
3 22 15740232.790
4 0 135831013.239
4 1 114299454.257
4 2 11017022.723
4 3 36880930.264
4 5 18171120.305
4 6 13344865.623
4 7 302498589.443
4 8 45581157.524
4 9 117772840.464
4 10 389175147.686
4 11 120442159.110
4 12 375781575.623
4 13 138159846.169
4 14 2622358.696
4 15 84490544.064
4 16 1827058.921
4 17 54421768.938
4 18 19805180.786
4 19 161165726.416
4 20 448473216.270
4 21 97698959.841
4 22 41785896.340
5 0 239161424.913
5 1 247330031.662
5 2 23440424.282
5 3 43893237.621
5 4 54412458.630
5 6 55900935.517
5 7 312843019.174
5 8 30667696.229
5 9 390243083.290
5 10 254676952.390
5 11 100299960.980
5 12 480737677.998
5 13 228958021.104
5 14 3147504.629
5 15 374183351.017
5 16 782185.811
5 17 55498072.326
5 18 13022309.642
5 19 67864612.625
5 20 259796433.806
5 21 256812572.479
5 22 52846323.093
6 0 271798993.535
6 1 214105767.148
6 2 46690167.832
6 3 10213482.852
6 4 44133880.395
6 5 39357519.649
6 7 63286587.453
6 8 42718603.281
6 9 107856030.673
6 10 196025865.344
6 11 147889376.089
6 12 211468180.466
6 13 105660014.914
6 14 655657.036
6 15 340100762.436
6 16 3419037.669
6 17 139675837.441
6 18 28927766.676
6 19 46785237.584
6 20 353142351.076
6 21 173531210.786
6 22 38071228.593
7 0 613774263.239
7 1 1124798039.955
7 2 355306222.693
7 3 293905952.927
7 4 96808058.811
7 5 210471193.747
7 6 114686509.170
7 8 272912610.129
7 9 1393196436.573
7 10 1568982017.131
7 11 344443068.217
7 12 3138680505.956
7 13 1463210966.455
7 14 14566912.283
7 15 1567354939.936
7 16 20164056.693
7 17 921677730.551
7 18 189241813.808
7 19 890491093.310
7 20 1061350981.023
7 21 1339855801.185
7 22 359685103.607
8 0 261755934.853
8 1 76130080.271
8 2 27552606.425
8 3 56066837.977
8 4 36968448.100
8 5 13677456.606
8 6 10995180.751
8 7 293984328.762
8 9 334808953.138
8 10 294753741.665
8 11 118081669.748
8 12 139572278.436
8 13 392768942.767
8 14 3620505.540
8 15 218577599.298
8 16 1774866.077
8 17 119386825.893
8 18 12448182.226
8 19 61942613.238
8 20 87890638.081
8 21 192573250.891
8 22 47368075.046
9 0 850887495.990
9 1 1358417665.379
9 2 285379887.461
9 3 272628032.026
9 4 218588110.129
9 5 133359680.748
9 6 131388984.982
9 7 917744752.983
9 8 136521220.233
9 10 665637039.639
9 11 910150917.187
9 12 1507723833.142
9 13 2321984255.964
9 14 6111426.028
9 15 2072051907.344
9 16 20072972.447
9 17 363088329.787
9 18 132104443.405
9 19 878485005.243
9 20 2630165625.230
9 21 1499824703.957
9 22 108181477.755
10 0 2217184033.375
10 1 1204376822.932
10 2 439655857.690
10 3 257062330.614
10 4 90487489.083
10 5 138269027.993
10 6 210272017.232
10 7 830283527.359
10 8 103175255.919
10 9 1246740497.090
10 11 717702290.086
10 12 2068860428.843
10 13 1966145779.620
10 14 21033886.979
10 15 2564948920.271
10 16 15227369.113
10 17 955376489.612
10 18 133250817.302
10 19 257284804.847
10 20 1009567975.378
10 21 1188778384.701
10 22 309713234.587
11 0 793322133.158
11 1 184818816.369
11 2 29993903.214
11 3 89169193.305
11 4 116606378.895
11 5 54711835.810
11 6 151145676.355
11 7 448530833.386
11 8 137604885.753
11 9 561718230.535
11 10 218655978.459
11 12 682186653.857
11 13 282367197.264
11 14 2986836.974
11 15 1007295526.619
11 16 4576021.418
11 17 318857180.407
11 18 32949282.541
11 19 432554003.817
11 20 1087106629.431
11 21 304343308.637
11 22 80488441.163
12 0 2357323106.917
12 1 811498458.882
12 2 417738370.979
12 3 255464119.345
12 4 384403435.121
12 5 477295446.728
12 6 101321528.000
12 7 1489517357.824
12 8 110262623.649
12 9 3104802732.910
12 10 3326571513.013
12 11 335367445.779
12 13 1872406914.221
12 14 7144319.699
12 15 1236780989.100
12 16 21158457.714
12 17 475369163.103
12 18 83479040.258
12 19 893865101.820
12 20 2181858826.869
12 21 1265401229.080
12 22 114256138.206
13 0 691230991.837
13 1 1620359839.299
13 2 357831938.590
13 3 169335625.249
13 4 273229119.908
13 5 393249125.515
13 6 76238152.226
13 7 2287316060.774
13 8 280854262.864
13 9 2841957491.226
13 10 2753013539.886
13 11 918917181.653
13 12 2629117521.363
13 14 10773481.765
13 15 659209766.776
13 16 22482982.126
13 17 1124752495.301
13 18 284151369.372
13 19 462056979.278
13 20 629273997.930
13 21 1862356242.975
13 22 131983550.179
14 0 3996115.460
14 1 5056597.693
14 2 3491311.825
14 3 672976.767
14 4 1742678.411
14 5 1110373.222
14 6 2873354.180
14 7 16286484.133
14 8 2105903.791
14 9 19452221.209
14 10 25807706.504
14 11 4829431.628
14 12 19566671.123
14 13 27715687.326
14 15 13088247.098
14 16 163530.411
14 17 11067060.557
14 18 1835675.355
14 19 4252079.209
14 20 12261598.498
14 21 4559088.939
14 22 1508005.022
15 0 2447644923.026
15 1 1912257668.724
15 2 374585477.416
15 3 230362288.039
15 4 410552187.320
15 5 329393820.651
15 6 95007708.200
15 7 1833587909.304
15 8 326858451.383
15 9 490878153.502
15 10 1100796625.196
15 11 693492950.064
15 12 1167542495.081
15 13 3165616178.094
15 14 21941667.616
15 16 9857694.879
15 17 931987849.343
15 18 97471986.018
15 19 833124110.058
15 20 1267997321.609
15 21 1104105812.499
15 22 301109715.418
16 0 15109900.094
16 1 13170996.815
16 2 1317388.466
16 3 2651243.085
16 4 3013275.477
16 5 2209425.790
16 6 2380568.908
16 7 20389545.974
16 8 2093780.783
16 9 10469515.966
16 10 23502255.033
16 11 7696046.996
16 12 18317351.632
16 13 26039661.103
16 14 201535.220
16 15 10517277.905
16 17 7681370.242
16 18 2349071.609
16 19 3135821.316
16 20 7226623.795
16 21 13450521.126
16 22 3806970.868
17 0 834000851.440
17 1 320349639.217
17 2 132481152.073
17 3 178057050.148
17 4 45121387.657
17 5 52091903.813
17 6 87870893.632
17 7 813264776.315
17 8 164857198.518
17 9 194182787.537
17 10 899050722.919
17 11 225856822.665
17 12 687612190.968
17 13 557344561.261
17 14 5737419.962
17 15 363874596.598
17 16 5783503.530
17 18 32994199.026
17 19 452997926.979
17 20 931660520.105
17 21 748161178.151
17 22 48543189.648
18 0 81106879.973
18 1 170111923.924
18 2 9613243.208
18 3 38191878.601
18 4 14035566.903
18 5 38829932.428
18 6 24175140.850
18 7 227078176.597
18 8 10526449.746
18 9 231947302.465
18 10 224303303.943
18 11 90580923.961
18 12 179991434.559
18 13 149436128.753
18 14 1586595.481
18 15 233527445.276
18 16 2370497.225
18 17 104336522.679
18 19 31333847.586
18 20 144542615.883
18 21 94712346.947
18 22 32787277.235
19 0 670914610.925
19 1 407562550.019
19 2 103100842.759
19 3 169351214.049
19 4 88972800.130
19 5 133946035.291
19 6 177755924.985
19 7 819648345.170
19 8 103289769.096
19 9 382114088.699
19 10 1214378283.333
19 11 392554050.996
19 12 1277738074.803
19 13 1290756766.456
19 14 2594010.502
19 15 287648202.788
19 16 6783588.132
19 17 537214128.840
19 18 56282268.663
19 20 452592301.885
19 21 331054033.111
19 22 84817041.604
20 0 1802023246.515
20 1 964702540.964
20 2 375555480.762
20 3 151049492.843
20 4 259364812.149
20 5 188588490.637
20 6 421339669.205
20 7 1179112150.070
20 8 117835514.865
20 9 674814352.236
20 10 2264770745.734
20 11 1096402244.227
20 12 2974575270.535
20 13 1271603644.593
20 14 10846051.019
20 15 1826553496.283
20 16 17241534.646
20 17 1142645274.432
20 18 239042101.402
20 19 1104825726.006
20 21 441588832.399
20 22 92678738.987
21 0 850392772.880
21 1 278281827.292
21 2 94276029.435
21 3 202115745.907
21 4 70026710.472
21 5 192628876.938
21 6 148736146.465
21 7 407942439.968
21 8 206708250.116
21 9 1651563429.379
21 10 1947304190.032
21 11 616799711.064
21 12 1269457711.380
21 13 886038406.310
21 14 11089113.079
21 15 419897471.342
21 16 10911558.101
21 17 279228719.905
21 18 169680531.938
21 19 815915693.555
21 20 1491156465.381
21 22 236711172.052
22 0 311612049.708
22 1 58123329.483
22 2 49331260.016
22 3 49856303.328
22 4 11401161.868
22 5 28778163.909
22 6 28117593.528
22 7 305160544.015
22 8 46517937.442
22 9 341960490.913
22 10 240289537.526
22 11 51750721.594
22 12 179401028.667
22 13 227887554.664
22 14 3362540.652
22 15 339251702.815
22 16 3075446.224
22 17 89144897.318
22 18 17851618.472
22 19 69218376.910
22 20 438129469.228
22 21 247199521.707
