506
0 1 1022257489.788
0 2 207483070.800
0 3 197301677.507
0 4 342233049.336
0 5 228258455.872
0 6 353395354.699
0 7 1277010235.276
0 8 340255867.484
0 9 2387662894.347
0 10 2238153163.684
0 11 684106467.859
0 12 2117533100.012
0 13 1886750902.751
0 14 4481503.655
0 15 2120971836.247
0 16 8777083.050
0 17 760933973.260
0 18 201108098.062
0 19 686967769.605
0 20 1468496489.948
0 21 1111007709.659
0 22 125131679.094
1 0 300124595.198
1 2 52870674.948
1 3 241145145.883
1 4 174466051.068
1 5 230395495.087
1 6 225229371.603
1 7 768430951.350
1 8 116783030.605
1 9 1065055899.703
1 10 1722787989.577
1 11 152539969.531
1 12 752775354.823
1 13 357689843.154
1 14 4311340.811
1 15 316193824.246
1 16 2885883.277
1 17 135191580.630
1 18 111529184.377
1 19 768132000.385
1 20 693408534.791
1 21 600318043.902
1 22 176873452.870
2 0 214919335.118
2 1 282529097.251
2 3 59578260.451
2 4 39389383.002
2 5 12847356.471
2 6 45939863.172
2 7 111079496.545
2 8 12990212.760
2 9 174451820.648
2 10 373473261.314
2 11 115981626.669
2 12 366374374.133
2 13 131875828.232
2 14 2832968.217
2 15 329300335.995
2 16 1527887.057
2 17 119008859.803
2 18 19201009.554
2 19 79996731.308
2 20 210124763.116
2 21 96440421.767
2 22 57965525.235
3 0 82165922.295
3 1 114024242.810
3 2 44978651.039
3 4 49224108.985
3 5 40503044.473
3 6 53334436.106
3 7 296833517.855
3 8 49824457.744
3 9 191587304.495
3 10 395058485.843
3 11 97864171.814
3 12 271729713.392
3 13 428032755.902
3 14 3525940.764
3 15 406471327.308
3 16 3679263.884
3 17 111930425.315
3 18 24957571.654
3 19 92750237.708
3 20 202954633.600
3 21 90888170.614
3 22 37067049.072
4 0 182021909.862
4 1 177959279.276
4 2 18075358.833
4 3 44660916.107
4 5 50692687.698
4 6 22719679.074
4 7 129794785.578
4 8 48286490.403
4 9 226162778.080
4 10 393354230.789
4 11 73230133.754
4 12 230314674.134
4 13 173116562.378
4 14 3587851.644
4 15 143463997.848
4 16 2004075.717
4 17 54126577.595
4 18 29355473.127
4 19 54078364.042
4 20 380132713.042
4 21 88999603.255
4 22 34940002.040
5 0 84471815.477
5 1 222527164.173
5 2 37493075.720
5 3 44522753.664
5 4 36882414.897
5 6 10514951.537
5 7 99371072.697
5 8 25255928.898
5 9 170937725.983
5 10 73484082.177
5 11 145627867.847
5 12 445229458.248
5 13 303676265.405
5 14 3682283.263
5 15 147106248.171
5 16 848892.534
5 17 151518927.690
5 18 12998364.651
5 19 58027432.455
5 20 279572008.064
5 21 112875009.430
5 22 23198425.966
6 0 135911445.256
6 1 53387380.012
6 2 27327520.193
6 3 47348752.053
6 4 31401307.101
6 5 20543547.349
6 7 337393294.501
6 8 35338281.684
6 9 166446066.151
6 10 205126846.517
6 11 106657222.659
6 12 84161705.310
6 13 142685640.159
6 14 2400465.138
6 15 189704422.647
6 16 3554294.609
6 17 75409475.681
6 18 38310569.609
6 19 155485981.996
6 20 135518393.166
6 21 116529495.368
6 22 60304439.191
7 0 1534292278.354
7 1 879223133.314
7 2 311118008.782
7 3 266068473.948
7 4 279762242.083
7 5 168714492.378
7 6 180697878.987
7 8 246653566.551
7 9 1262014638.324
7 10 1237548252.345
7 11 221386968.824
7 12 2999391157.977
7 13 2604564825.194
7 14 5754000.854
7 15 700555852.884
7 16 17303097.581
7 17 680481867.457
7 18 230028329.536
7 19 245740751.199
7 20 2547700862.151
7 21 1247704857.284
7 22 138074310.639
8 0 237538828.574
8 1 142133103.672
8 2 54618643.127
8 3 36334606.169
8 4 48249912.768
8 5 20849296.638
8 6 50226050.013
8 7 144876616.263
8 9 68610664.912
8 10 335162883.904
8 11 83514803.776
8 12 521245094.606
8 13 324790227.911
8 14 1503768.241
8 15 113711578.330
8 16 1689552.192
8 17 165988922.169
8 18 15580276.519
8 19 122335174.176
8 20 286657796.794
8 21 169469848.300
8 22 37775664.806
9 0 2286236296.257
9 1 1720967095.788
9 2 130800457.158
9 3 290877584.378
9 4 293987011.802
9 5 356910697.284
9 6 356889739.812
9 7 1855394668.668
9 8 358318818.372
9 10 1514463190.798
9 11 973612740.689
9 12 993208014.451
9 13 787074806.906
9 14 11500887.646
9 15 991657664.585
9 16 16688292.980
9 17 1142615151.656
9 18 64646272.061
9 19 1141849721.515
9 20 1561574770.735
9 21 1676220419.047
9 22 154277983.494
10 0 1041761125.142
10 1 1374174872.145
10 2 276802465.174
10 3 206972626.592
10 4 323499389.210
10 5 352849358.053
10 6 423269932.142
10 7 1912409787.777
10 8 271357035.128
10 9 2052701958.247
10 11 525305948.359
10 12 2664296600.833
10 13 2672824899.274
10 14 6215896.022
10 15 2939205718.910
10 16 16983347.392
10 17 258268074.559
10 18 93235461.459
10 19 1040591427.258
10 20 2533969820.196
10 21 1451798460.242
10 22 338300280.234
11 0 400990404.874
11 1 569751791.800
11 2 107144197.861
11 3 46102259.652
11 4 38572243.307
11 5 51779747.413
11 6 133848027.425
11 7 682983757.286
11 8 82073048.450
11 9 357619956.241
11 10 932410727.589
11 12 745489994.024
11 13 966353782.144
11 14 5791710.228
11 15 651232059.739
11 16 9117395.959
11 17 220470413.822
11 18 31555689.508
11 19 262327154.676
11 20 580335533.947
11 21 393819518.993
11 22 79457258.675
12 0 2630966267.155
12 1 1369582832.835
12 2 524528458.818
12 3 203012776.094
12 4 289504884.780
12 5 126138171.951
12 6 279027811.323
12 7 2257517117.408
12 8 369160081.535
12 9 2566457612.591
12 10 1048002945.186
12 11 682869688.267
12 13 3041914201.683
12 14 29244779.816
12 15 2919829084.271
12 16 30690103.063
12 17 688841760.284
12 18 208703450.012
12 19 288425863.807
12 20 2071620037.622
12 21 1031643035.044
12 22 199444458.684
13 0 1107681875.297
13 1 680260382.608
13 2 242680775.807
13 3 424084101.662
13 4 132787720.903
13 5 97763594.686
13 6 244359290.901
13 7 1370602796.535
13 8 371310088.349
13 9 2730889706.808
13 10 2361393150.437
13 11 786188311.098
13 12 3542419443.991
13 14 9567241.999
13 15 965667764.459
13 16 8948434.853
13 17 390658140.707
13 18 151981070.547
13 19 821723685.453
13 20 2247779652.554
13 21 1462212291.081
13 22 415264441.581
14 0 14351119.494
14 1 4688914.739
14 2 2539668.732
14 3 2348342.075
14 4 2808688.098
14 5 2919676.292
14 6 1006105.863
14 7 15121906.728
14 8 3123833.333
14 9 22602449.751
14 10 8802522.002
14 11 9307240.969
14 12 14398215.536
14 13 9614728.405
14 15 13195719.148
14 16 49717.659
14 17 8181067.127
14 18 1535315.994
14 19 7646680.146
14 20 18449209.577
14 21 11769570.613
14 22 1545118.499
15 0 2063033389.237
15 1 1405391191.687
15 2 418158107.839
15 3 309240430.915
15 4 280506369.259
15 5 138335171.936
15 6 169007566.811
15 7 1077846094.382
15 8 295305586.128
15 9 1698996505.262
15 10 1451775130.304
15 11 722051501.044
15 12 2591974089.943
15 13 2162154357.738
15 14 16377635.560
15 16 19264106.137
15 17 581077465.700
15 18 156264594.174
15 19 505944306.369
15 20 586661601.666
15 21 638147043.614
15 22 362215704.338
16 0 20586078.668
16 1 10801457.373
16 2 847608.162
16 3 2927299.167
16 4 1311125.980
16 5 1854855.789
16 6 3177604.427
16 7 14064627.939
16 8 1293200.624
16 9 22432653.253
16 10 14405970.871
16 11 7793974.336
16 12 21388814.233
16 13 23223270.389
16 14 194379.645
16 15 13054037.012
16 17 2163517.777
16 18 687220.282
16 19 7365613.996
16 20 25717836.371
16 21 6368623.107
16 22 1209818.679
17 0 942431138.566
17 1 320375240.528
17 2 76580837.810
17 3 163062652.430
17 4 45673307.356
17 5 85776305.853
17 6 119236420.276
17 7 613582289.387
17 8 132460943.147
17 9 893523190.981
17 10 488580446.741
17 11 89935421.808
17 12 622265043.224
17 13 906201974.453
17 14 9775773.304
17 15 886847777.274
17 16 2673083.333
17 18 70713671.321
17 19 186205204.380
17 20 1091095665.819
17 21 812405104.228
17 22 102616347.921
18 0 82065297.005
18 1 50404102.101
18 2 29579989.217
18 3 28333458.254
18 4 15772507.077
18 5 10818193.259
18 6 7136247.949
18 7 109404212.941
18 8 25636561.252
18 9 149842146.109
18 10 262052361.224
18 11 24561023.589
18 12 184585347.051
18 13 252380376.969
18 14 823069.375
18 15 184664037.275
18 16 554931.729
18 17 42666903.452
18 19 103876520.768
18 20 183623528.014
18 21 166849592.035
18 22 15497679.187
19 0 873273877.393
19 1 346193581.881
19 2 123351992.800
19 3 121615610.699
19 4 140776831.908
19 5 125671135.319
19 6 89540082.341
19 7 818612611.456
19 8 138045824.529
19 9 514476410.138
19 10 1126705968.455
19 11 174934251.464
19 12 1445378639.058
19 13 702788044.571
19 14 2131999.715
19 15 742461641.081
19 16 7616472.288
19 17 297176720.831
19 18 70560670.448
19 20 685726269.558
19 21 200600332.758
19 22 103282379.202
20 0 1295885136.405
20 1 1222227716.127
20 2 353350294.996
20 3 100268264.665
20 4 432230417.063
20 5 404909015.388
20 6 397756773.552
20 7 724028920.206
20 8 315819933.451
20 9 654949440.057
20 10 1410747533.093
20 11 246860785.673
20 12 1434974672.924
20 13 3296172990.839
20 14 14777360.797
20 15 796857802.734
20 16 10200773.461
20 17 336759877.945
20 18 190634456.945
20 19 1172902467.380
20 21 1501938741.350
20 22 267556691.291
21 0 1224048319.820
21 1 1128031407.855
21 2 95121133.057
21 3 168431254.948
21 4 91634183.916
21 5 196014407.476
21 6 135967438.977
21 7 1144753835.390
21 8 91108254.242
21 9 726215718.563
21 10 1840504176.987
21 11 566223799.240
21 12 1952808258.169
21 13 1168412406.981
21 14 4391191.132
21 15 1563479783.559
21 16 9556525.514
21 17 319226390.383
21 18 128802842.002
21 19 794528826.756
21 20 1048291960.384
21 22 255336409.433
22 0 213707569.302
22 1 154271669.655
22 2 49093382.733
22 3 36156995.259
22 4 11949057.437
22 5 18791448.480
22 6 45139440.284
22 7 356127631.712
22 8 55561569.454
22 9 143406675.142
22 10 209930212.890
22 11 77548537.439
22 12 94167327.856
22 13 261461906.708
22 14 3622629.435
22 15 176932103.098
22 16 1203399.907
22 17 170411880.007
22 18 34047042.587
22 19 120087711.424
22 20 111040042.218
22 21 128594319.244
