506
0 1 490550418.643
0 2 209211775.768
0 3 130804871.013
0 4 99528182.423
0 5 96292252.380
0 6 163450295.200
0 7 1762863985.486
0 8 359710408.675
0 9 624311086.746
0 10 2440828366.464
0 11 756872317.510
0 12 2734199392.252
0 13 1448609729.175
0 14 14687974.073
0 15 1867672996.071
0 16 22588346.022
0 17 968825662.348
0 18 137723111.524
0 19 552416536.481
0 20 474152670.896
0 21 894582239.302
0 22 175835284.409
1 0 1040907053.809
1 2 55780695.863
1 3 238132281.192
1 4 118935093.740
1 5 273609546.971
1 6 70202312.020
1 7 370201188.659
1 8 155166444.216
1 9 964352991.606
1 10 585524820.122
1 11 394659097.528
1 12 2253045008.503
1 13 1158937310.833
1 14 5273523.366
1 15 779124657.191
1 16 9201614.687
1 17 778165264.115
1 18 45290545.617
1 19 652845622.281
1 20 417244612.485
1 21 1194402766.534
1 22 83278581.264
2 0 161674190.842
2 1 156452959.553
2 3 37003780.329
2 4 20538934.823
2 5 18307553.905
2 6 27395719.100
2 7 79026716.088
2 8 10540036.000
2 9 100751056.191
2 10 225904463.156
2 11 80684957.517
2 12 296673279.315
2 13 424079831.845
2 14 2731143.644
2 15 317917570.536
2 16 958036.438
2 17 141649165.897
2 18 8531621.947
2 19 189701709.973
2 20 364704723.681
2 21 208925375.895
2 22 61818625.322
3 0 67174088.691
3 1 219022944.239
3 2 33557649.655
3 4 55949653.902
3 5 35035330.419
3 6 59861068.915
3 7 156475078.461
3 8 10506247.118
3 9 82128556.811
3 10 70875912.104
3 11 41390356.062
3 12 268131459.393
3 13 82453387.063
3 14 660161.528
3 15 140553559.689
3 16 3272619.424
3 17 156956903.244
3 18 29386540.616
3 19 175349978.925
3 20 253743029.604
3 21 122404635.271
3 22 27288009.305
4 0 159289935.086
4 1 213334484.392
4 2 28426167.616
4 3 58942178.205
4 5 11172014.833
4 6 46783977.001
4 7 302436431.012
4 8 50269439.442
4 9 242502706.824
4 10 285934287.893
4 11 45435458.354
4 12 117929907.537
4 13 144195575.147
4 14 1219030.672
4 15 166631983.063
4 16 1117355.763
4 17 55284212.781
4 18 26800001.644
4 19 178123924.938
4 20 189116793.255
4 21 122880171.068
4 22 32185690.483
5 0 312955609.149
5 1 140905525.457
5 2 57229908.822
5 3 60209143.324
5 4 55708949.691
5 6 32551825.560
5 7 111411726.746
5 8 12932549.099
5 9 137851233.758
5 10 248411344.321
5 11 141769714.934
5 12 365114991.842
5 13 259555060.398
5 14 3377235.188
5 15 342031563.414
5 16 656991.385
5 17 97903681.970
5 18 28028288.021
5 19 116766082.031
5 20 370448117.193
5 21 269862475.724
5 22 20490950.549
6 0 114355047.837
6 1 173843542.141
6 2 38471864.840
6 3 53178739.447
6 4 33474652.300
6 5 29237090.676
6 7 166150961.325
6 8 56012351.159
6 9 100061265.463
6 10 386863177.261
6 11 80861817.274
6 12 424390055.175
6 13 422399658.687
6 14 2637135.359
6 15 76084532.967
6 16 1576276.147
6 17 121065731.773
6 18 8420765.087
6 19 168707998.933
6 20 440286608.865
6 21 84372935.102
6 22 34645154.421
7 0 1949616888.648
7 1 1566046783.646
7 2 304059645.581
7 3 353291499.257
7 4 216903810.536
7 5 325783635.601
7 6 171340971.505
7 8 218160025.986
7 9 1143616856.016
7 10 1053467626.215
7 11 300608133.443
7 12 2251674331.056
7 13 1569013265.577
7 14 20738357.136
7 15 2390612138.439
7 16 19279302.870
7 17 932551728.220
7 18 58397828.998
7 19 780663011.873
7 20 1471714773.193
7 21 368436744.131
7 22 129835319.611
8 0 60217857.251
8 1 170531484.853
8 2 57489850.073
8 3 19031901.861
8 4 61142637.858
8 5 30798405.022
8 6 17791174.736
8 7 129767548.243
8 9 152977273.820
8 10 160554912.670
8 11 135625503.163
8 12 329613123.154
8 13 425802314.255
8 14 1627565.085
8 15 333539545.561
8 16 653638.491
8 17 141907092.178
8 18 11058576.250
8 19 88559397.815
8 20 335095944.105
8 21 107662249.744
8 22 15827920.232
9 0 1026088107.735
9 1 913028826.677
9 2 316750853.991
9 3 283745741.652
9 4 149597653.623
9 5 141973624.229
9 6 104939929.136
9 7 1072731593.631
9 8 333626502.398
9 10 2589455079.871
9 11 802835486.906
9 12 2684483127.682
9 13 580521277.721
9 14 15856200.854
9 15 1524812140.067
9 16 20418439.318
9 17 717658219.482
9 18 169014514.039
9 19 1026116186.532
9 20 582006868.887
9 21 1106852482.028
9 22 323780608.872
10 0 1054337288.553
10 1 990347524.030
10 2 295777462.572
10 3 190880410.624
10 4 418429891.298
10 5 212420816.473
10 6 332238273.381
10 7 1238767788.883
10 8 75893604.054
10 9 2717449339.695
10 11 600332099.497
10 12 3610846368.710
10 13 826314216.841
10 14 19226312.938
10 15 1576145720.722
10 16 20175146.081
10 17 451408613.537
10 18 258903345.970
10 19 987171575.450
10 20 627395864.494
10 21 1812442022.086
10 22 180868059.040
11 0 794049605.690
11 1 422004526.932
11 2 151502212.741
11 3 134999522.609
11 4 34180758.574
11 5 120525968.902
11 6 49772266.356
11 7 308263219.925
11 8 80498063.011
11 9 805870599.879
11 10 307227079.363
11 12 289845634.474
11 13 1023580090.125
11 14 3788233.887
11 15 1044861155.488
11 16 1822701.915
11 17 92563188.662
11 18 25182961.851
11 19 390515409.949
11 20 582599060.655
11 21 325239445.301
11 22 69512151.633
12 0 1441353262.883
12 1 1570644333.973
12 2 326562822.323
12 3 452652893.022
12 4 199475425.814
12 5 446498423.257
12 6 222725269.419
12 7 1934292941.928
12 8 121093416.997
12 9 1737265031.947
12 10 1093238558.470
12 11 321788092.488
12 13 1028962755.443
12 14 28275001.178
12 15 1210981675.501
12 16 24858859.467
12 17 276765293.366
12 18 56807986.406
12 19 975485358.266
12 20 1960936063.660
12 21 1286322774.161
12 22 87650984.276
13 0 1496900680.252
13 1 862192036.939
13 2 358275429.397
13 3 233882500.212
13 4 443174755.910
13 5 276848190.134
13 6 346514949.944
13 7 2145037789.288
13 8 277311897.503
13 9 1659185130.484
13 10 3264614496.585
13 11 511523266.855
13 12 3840570764.803
13 14 5084605.271
13 15 2161705723.023
13 16 9866795.486
13 17 567597558.481
13 18 186537240.256
13 19 785687102.288
13 20 2237064313.173
13 21 374276591.730
13 22 118844124.667
14 0 16606439.192
14 1 7875510.387
14 2 3355671.402
14 3 3831644.331
14 4 1726229.395
14 5 3770385.227
14 6 2178432.475
14 7 17860613.413
14 8 1705345.926
14 9 15167123.824
14 10 26101352.197
14 11 1742035.401
14 12 8639135.925
14 13 5534080.772
14 15 12396668.666
14 16 176704.723
14 17 10030528.028
14 18 1043036.109
14 19 11000684.672
14 20 23970809.293
14 21 13973130.934
14 22 1191758.302
15 0 1822405351.045
15 1 371714898.508
15 2 128153676.641
15 3 76332594.315
15 4 353305535.105
15 5 393538503.362
15 6 251071101.774
15 7 1651557648.616
15 8 264112116.238
15 9 1884722675.334
15 10 1978402425.101
15 11 366763381.579
15 12 3396061727.369
15 13 1605180342.971
15 14 8981114.221
15 16 15327200.176
15 17 1248024786.208
15 18 45295647.060
15 19 922294692.023
15 20 939863398.404
15 21 1176080850.342
15 22 268767588.042
16 0 4308058.084
16 1 11908190.819
16 2 2889736.088
16 3 718052.523
16 4 2434216.668
16 5 3353762.041
16 6 3206108.155
16 7 16817355.820
16 8 1293770.189
16 9 14277307.519
16 10 22533362.240
16 11 6833810.874
16 12 22484305.345
16 13 8021186.390
16 14 230161.445
16 15 5004870.758
16 17 8297701.187
16 18 1444927.792
16 19 6176598.910
16 20 6531366.411
16 21 16866359.982
16 22 2651777.040
17 0 421597077.162
17 1 571565349.309
17 2 133163342.986
17 3 125235145.019
17 4 125505014.014
17 5 68195751.149
17 6 175717053.676
17 7 967039241.435
17 8 38847116.647
17 9 607652885.737
17 10 377727873.183
17 11 100228295.486
17 12 1361950957.745
17 13 1189745633.154
17 14 2724234.698
17 15 816608093.019
17 16 3713688.373
17 18 111098670.972
17 19 449955056.853
17 20 485995046.767
17 21 273912308.956
17 22 37921947.421
18 0 98986501.515
18 1 113320764.654
18 2 22141202.036
18 3 7287460.325
18 4 20655127.567
18 5 16715168.168
18 6 16395413.108
18 7 172809403.305
18 8 33444629.973
18 9 230168599.610
18 10 252944343.868
18 11 18085593.137
18 12 291753391.663
18 13 213855639.772
18 14 1965508.347
18 15 217356750.231
18 16 2242038.516
18 17 115095116.734
18 19 94561827.220
18 20 75631887.468
18 21 122764469.873
18 22 15301304.275
19 0 1051261687.725
19 1 158723420.524
19 2 42828023.691
19 3 108111646.741
19 4 129011341.985
19 5 39390237.911
19 6 178451363.251
19 7 841923479.779
19 8 144259392.415
19 9 724870136.852
19 10 703490029.061
19 11 399482525.071
19 12 804213818.586
19 13 597012552.090
19 14 4496444.578
19 15 882047178.403
19 16 9656970.631
19 17 429128653.557
19 18 85218942.436
19 20 908283083.920
19 21 159651593.385
19 22 113366081.233
20 0 588684347.305
20 1 1788989652.005
20 2 246699616.350
20 3 228466856.285
20 4 298451146.741
20 5 144523637.721
20 6 75464946.911
20 7 677012844.990
20 8 229987937.290
20 9 1774706274.823
20 10 2396172223.731
20 11 551469385.881
20 12 1478591702.500
20 13 2686442452.920
20 14 25460003.742
20 15 2866999143.406
20 16 26557017.536
20 17 351395365.711
20 18 275605228.060
20 19 260238234.615
20 21 629896658.396
20 22 387321175.032
21 0 1626507117.457
21 1 602987127.811
21 2 198837212.911
21 3 143913193.072
21 4 51105688.390
21 5 162499485.997
21 6 131003756.826
21 7 1057105760.959
21 8 159052684.729
21 9 1672912053.174
21 10 1358859589.348
21 11 529008061.868
21 12 1079117631.612
21 13 1005066559.383
21 14 8975640.406
21 15 1404826267.531
21 16 3743697.648
21 17 148848855.251
21 18 115913163.626
21 19 493561774.179
21 20 1508846671.312
21 22 179344002.013
22 0 133903001.955
22 1 147878819.883
22 2 22560260.535
22 3 40167188.132
22 4 10108874.002
22 5 52710034.155
22 6 55902257.348
22 7 83126170.881
22 8 57500497.304
22 9 358580189.171
22 10 354738022.854
22 11 100708363.649
22 12 310597902.919
22 13 186239110.426
22 14 2721289.408
22 15 419014929.968
22 16 2772951.509
22 17 70594792.996
22 18 33924614.352
22 19 53791166.647
22 20 295039919.974
22 21 50851706.365
