506
0 1 1641521994.860
0 2 363155625.366
0 3 328162577.632
0 4 342499532.888
0 5 72255446.590
0 6 242869606.894
0 7 1717299912.771
0 8 199904451.114
0 9 507854791.947
0 10 1788759422.939
0 11 878280818.588
0 12 2766128293.269
0 13 1286736096.970
0 14 7249833.826
0 15 2470904448.070
0 16 10705534.596
0 17 1085261508.067
0 18 86303234.024
0 19 193081371.447
0 20 1769513261.870
0 21 702409016.704
0 22 235220795.423
1 0 1498252827.104
1 2 78331737.060
1 3 263476917.305
1 4 115620188.256
1 5 204554234.566
1 6 93666398.800
1 7 346518676.181
1 8 56082646.740
1 9 1608278462.106
1 10 1049635031.104
1 11 661107322.601
1 12 1015789249.646
1 13 752727944.207
1 14 10803856.836
1 15 430215866.056
1 16 12987553.842
1 17 464455357.659
1 18 138890151.164
1 19 683311187.858
1 20 398503117.145
1 21 366827484.109
1 22 265290403.496
2 0 166668184.519
2 1 196114312.054
2 3 20973540.753
2 4 38274651.155
2 5 59835374.541
2 6 55352754.225
2 7 198669018.854
2 8 22541241.679
2 9 95994725.472
2 10 448116577.914
2 11 37450372.107
2 12 408011922.337
2 13 452091359.533
2 14 1480020.063
2 15 160788509.441
2 16 3535510.001
2 17 96353266.078
2 18 18441441.713
2 19 103312424.656
2 20 440862066.930
2 21 143892725.746
2 22 13592730.135
3 0 273492334.116
3 1 242904979.048
3 2 35102616.919
3 4 22527230.574
3 5 45815895.690
3 6 12009547.780
3 7 109746569.775
3 8 55125754.697
3 9 303381593.329
3 10 425409219.722
3 11 99837317.840
3 12 411525668.207
3 13 415196159.642
3 14 3717496.470
3 15 422404953.712
3 16 1644895.562
3 17 54322978.623
3 18 38916589.875
3 19 135367502.071
3 20 343532059.044
3 21 56876921.778
3 22 21962701.206
4 0 148692332.116
4 1 147052339.971
4 2 51030312.090
4 3 16118574.799
4 5 20847166.948
4 6 44491666.866
4 7 351185270.335
4 8 30389866.729
4 9 205343905.422
4 10 205040673.476
4 11 61979933.684
4 12 95996371.350
4 13 279069340.259
4 14 2000519.668
4 15 409259925.927
4 16 2482288.138
4 17 41915941.373
4 18 28113916.478
4 19 74981422.951
4 20 415109189.805
4 21 121724830.368
4 22 29364852.406
5 0 97774074.857
5 1 272097633.838
5 2 57947718.335
5 3 52334961.946
5 4 42241203.551
5 6 23435544.722
5 7 92178715.382
5 8 58528873.432
5 9 345113886.182
5 10 86486181.214
5 11 93477269.620
5 12 105396270.257
5 13 156632977.387
5 14 2257177.384
5 15 283244299.948
5 16 3764455.803
5 17 129580186.782
5 18 7481864.739
5 19 39049732.113
5 20 125789364.469
5 21 212247598.950
5 22 27955907.548
6 0 352765296.016
6 1 248306168.202
6 2 31761659.483
6 3 29255921.798
6 4 15013982.129
6 5 31421999.444
6 7 366478824.202
6 8 60314098.035
6 9 329360661.359
6 10 238154463.801
6 11 27107298.754
6 12 345871325.617
6 13 338176783.683
6 14 1704306.449
6 15 163066081.657
6 16 3002865.811
6 17 164829580.818
6 18 13887515.632
6 19 71796471.103
6 20 312313406.555
6 21 81429153.858
6 22 36669678.050
7 0 1836082464.888
7 1 277408332.113
7 2 123080178.309
7 3 315842394.445
7 4 258237858.714
7 5 183506470.372
7 6 269482616.921
7 8 262956370.386
7 9 1721988027.227
7 10 2238441939.713
7 11 845515092.222
7 12 964090298.337
7 13 2598277440.726
7 14 7724918.177
7 15 2313038723.240
7 16 11888543.609
7 17 990282281.629
7 18 139302490.936
7 19 909665911.962
7 20 2321973946.345
7 21 1466739440.055
7 22 281816563.924
8 0 248701494.843
8 1 257997133.303
8 2 11176904.949
8 3 36086700.771
8 4 34002953.738
8 5 31489868.061
8 6 16094510.075
8 7 355249810.337
8 9 219419018.219
8 10 351655365.249
8 11 133375767.848
8 12 338588477.699
8 13 224005518.118
8 14 2725013.938
8 15 167604641.613
8 16 2266267.443
8 17 168867201.838
8 18 20879986.168
8 19 94988199.732
8 20 405815799.234
8 21 194767169.466
8 22 12365170.482
9 0 1327040468.230
9 1 370998124.815
9 2 233137765.848
9 3 158780841.789
9 4 378695688.693
9 5 73736574.890
9 6 397023964.187
9 7 1043001420.669
9 8 365376698.141
9 10 1295670258.235
9 11 217890784.721
9 12 2371801122.431
9 13 1403679221.647
9 14 10960742.877
9 15 2639050857.033
9 16 7709337.405
9 17 999437966.671
9 18 93658568.844
9 19 1077078344.543
9 20 988241246.903
9 21 835165052.272
9 22 276853924.717
10 0 601424336.341
10 1 415970991.150
10 2 423937825.040
10 3 407003951.797
10 4 165642345.039
10 5 425410026.704
10 6 104414346.486
10 7 1138396135.185
10 8 438518560.884
10 9 624277387.481
10 11 988938079.917
10 12 3474864789.054
10 13 2070026362.368
10 14 6891813.319
10 15 2361524410.007
10 16 23585634.937
10 17 401137841.947
10 18 133137825.354
10 19 470087727.628
10 20 699705996.644
10 21 1820693019.517
10 22 333445799.793
11 0 763639432.050
11 1 209940776.573
11 2 74356306.463
11 3 26159800.305
11 4 110018610.611
11 5 99491734.384
11 6 124159245.328
11 7 754217788.890
11 8 153052213.557
11 9 218070294.329
11 10 289143951.207
11 12 575504248.689
11 13 831865553.102
11 14 8548985.914
11 15 288392893.696
11 16 8348590.420
11 17 382436725.750
11 18 49974990.282
11 19 120761952.737
11 20 954274466.021
11 21 114796508.286
11 22 77280547.322
12 0 1059408886.733
12 1 2288100126.851
12 2 172575111.994
12 3 374175673.911
12 4 258994319.154
12 5 338179800.138
12 6 180758096.141
12 7 679991668.914
12 8 117040523.639
12 9 1899760205.961
12 10 833362251.938
12 11 589780357.455
12 13 2476040105.382
12 14 25657996.824
12 15 941289745.025
12 16 28213719.533
12 17 685010944.891
12 18 212639702.374
12 19 1313044124.870
12 20 2586867607.111
12 21 771626886.789
12 22 252599811.971
13 0 1295478869.968
13 1 677568181.399
13 2 181940123.422
13 3 268406306.310
13 4 98721373.639
13 5 200104950.243
13 6 261377347.567
13 7 1959118742.032
13 8 410331162.626
13 9 1363745805.988
13 10 828730105.890
13 11 840700885.998
13 12 1756531298.606
13 14 15526468.372
13 15 838937853.807
13 16 10631763.040
13 17 390539623.657
13 18 277237922.331
13 19 1365946836.306
13 20 1822126895.609
13 21 1782677912.784
13 22 258324003.810
14 0 22148811.556
14 1 5413123.964
14 2 1310811.084
14 3 2206606.794
14 4 2808998.594
14 5 1560403.941
14 6 2885198.348
14 7 8124245.890
14 8 1328942.029
14 9 9235587.440
14 10 25090953.916
14 11 7062891.470
14 12 25601606.080
14 13 11133185.717
14 15 20208119.338
14 16 129275.679
14 17 3355815.143
14 18 840737.215
14 19 4179820.420
14 20 19137492.788
14 21 9113971.757
14 22 3225144.950
15 0 1626610362.736
15 1 838085959.256
15 2 189067459.632
15 3 98290949.149
15 4 394705747.707
15 5 144257008.878
15 6 236023617.511
15 7 2128972973.255
15 8 228192807.949
15 9 2612923214.951
15 10 512249966.622
15 11 980241909.355
15 12 3319872236.007
15 13 1452875472.944
15 14 14785108.241
15 16 7552910.826
15 17 318364518.365
15 18 85843594.104
15 19 692709160.619
15 20 1913756941.654
15 21 941400550.134
15 22 346892576.799
16 0 16066621.445
16 1 11755262.521
16 2 3510233.424
16 3 726001.497
16 4 1382204.446
16 5 903819.933
16 6 2940085.185
16 7 20251475.349
16 8 2352188.629
16 9 7898664.442
16 10 17843688.613
16 11 1741217.972
16 12 9092231.967
16 13 23250663.959
16 14 184122.652
16 15 23642038.335
16 17 5504858.743
16 18 1600899.789
16 19 10556745.841
16 20 27835698.798
16 21 5523617.168
16 22 3493445.654
17 0 514382524.647
17 1 603101942.038
17 2 143914093.418
17 3 41304456.968
17 4 44285312.038
17 5 53573648.077
17 6 148189017.009
17 7 207464457.440
17 8 143137142.027
17 9 692755231.895
17 10 518154779.390
17 11 277768279.439
17 12 540460089.776
17 13 576854171.857
17 14 9952522.576
17 15 292028432.630
17 16 10980417.094
17 18 101571358.972
17 19 384608216.265
17 20 528648670.207
17 21 340907007.343
17 22 153272987.293
18 0 76035977.106
18 1 71362794.344
18 2 24462451.904
18 3 6987192.162
18 4 35987455.682
18 5 18719888.689
18 6 31274514.873
18 7 119186156.552
18 8 33989686.688
18 9 241184449.883
18 10 241772262.601
18 11 19569555.781
18 12 202292049.035
18 13 262382418.867
18 14 1363461.488
18 15 184354849.248
18 16 512938.290
18 17 33110107.900
18 19 67872402.132
18 20 101572652.809
18 21 36936795.907
18 22 8057714.593
19 0 872916253.334
19 1 490166775.428
19 2 154940847.545
19 3 48768365.066
19 4 90632146.655
19 5 89060536.099
19 6 109192491.379
19 7 879992924.950
19 8 143057159.525
19 9 775018239.948
19 10 1149312254.792
19 11 113287620.184
19 12 851256007.372
19 13 409531464.072
19 14 11192488.982
19 15 1015317206.965
19 16 8579215.362
19 17 470591806.368
19 18 104134764.188
19 20 643727861.542
19 21 814575611.858
19 22 81865587.288
20 0 686871858.883
20 1 1216564186.401
20 2 231797370.826
20 3 125520650.623
20 4 278311876.007
20 5 77461938.458
20 6 342246076.087
20 7 1155139598.363
20 8 419248489.052
20 9 1496873569.046
20 10 1141120575.813
20 11 793677990.922
20 12 3246226934.886
20 13 1053402890.083
20 14 21630486.265
20 15 2733409421.690
20 16 25996395.523
20 17 679458816.871
20 18 251720140.568
20 19 704049087.388
20 21 1407243378.092
20 22 205215983.808
21 0 880822727.193
21 1 322355546.872
21 2 172159311.201
21 3 93237564.920
21 4 87157143.556
21 5 203394002.478
21 6 129465449.633
21 7 1442030396.316
21 8 118614872.123
21 9 1176080029.116
21 10 1063171797.101
21 11 292888549.082
21 12 2351871005.306
21 13 1157489520.884
21 14 15763700.475
21 15 672245720.304
21 16 10026444.307
21 17 756752277.327
21 18 121923213.611
21 19 223272877.428
21 20 741695589.319
21 22 117584120.956
22 0 247030933.708
22 1 214786171.486
22 2 48071561.890
22 3 61189922.976
22 4 26423238.474
22 5 33787714.589
22 6 44708331.386
22 7 144580254.688
22 8 12806716.058
22 9 210109959.316
22 10 330216737.746
22 11 53245591.071
22 12 266333272.990
22 13 186506507.928
22 14 3178206.219
22 15 177165430.571
22 16 3699952.607
22 17 120946357.003
22 18 32800651.803
22 19 44040858.873
22 20 130659948.354
22 21 146994090.349
