506
0 1 464257979.904
0 2 253180172.811
0 3 113699020.525
0 4 280183901.050
0 5 269768949.994
0 6 151340051.956
0 7 675806111.639
0 8 236592302.628
0 9 1603405037.211
0 10 2306139959.078
0 11 371148124.691
0 12 1339976534.547
0 13 1025787149.295
0 14 17025151.491
0 15 1170895834.000
0 16 13671337.433
0 17 182187186.431
0 18 188445016.510
0 19 691985268.045
0 20 1230979093.944
0 21 1560398082.540
0 22 109001386.249
1 0 1480814244.882
1 2 202931685.931
1 3 241910513.791
1 4 103065453.314
1 5 137466218.251
1 6 71499586.176
1 7 880257813.489
1 8 209599604.669
1 9 1771098902.022
1 10 970603494.076
1 11 368803304.211
1 12 877342126.148
1 13 392986219.763
1 14 16214501.794
1 15 1016443522.322
1 16 11685793.922
1 17 330243078.812
1 18 43951144.268
1 19 797353700.375
1 20 1170575175.755
1 21 752862777.737
1 22 56072741.608
2 0 195925471.852
2 1 184495715.492
2 3 56782797.462
2 4 24138974.916
2 5 59175328.547
2 6 57921014.210
2 7 350596509.456
2 8 14835011.622
2 9 91321232.489
2 10 212021831.719
2 11 156129263.633
2 12 176423886.282
2 13 84449242.684
2 14 2580659.661
2 15 434888216.634
2 16 2620525.784
2 17 67410980.483
2 18 7862200.942
2 19 37729939.533
2 20 363047260.621
2 21 146076611.859
2 22 25256359.973
3 0 216107669.201
3 1 102672736.478
3 2 27088054.266
3 4 22130334.535
3 5 43301978.820
3 6 19625720.915
3 7 242419304.318
3 8 57971623.780
3 9 171349153.763
3 10 94434560.774
3 11 91766056.830
3 12 317480081.257
3 13 330072456.598
3 14 3176149.969
3 15 101509871.070
3 16 3485692.589
3 17 111969971.418
3 18 23891988.420
3 19 88460167.912
3 20 397741540.322
3 21 146653621.579
3 22 13036524.564
4 0 304120328.096
4 1 264440522.245
4 2 48531929.104
4 3 49549090.805
4 5 14253158.138
4 6 12164419.965
4 7 74464040.199
4 8 45335786.513
4 9 231609655.715
4 10 394256633.098
4 11 33441811.883
4 12 514261995.382
4 13 301471601.620
4 14 662867.279
4 15 351940269.324
4 16 2690053.651
4 17 132803779.103
4 18 22657228.383
4 19 165004539.616
4 20 345231227.069
4 21 252472367.076
4 22 14373283.729
5 0 301560822.617
5 1 181745179.155
5 2 48605324.117
5 3 57671008.258
5 4 49507349.455
5 6 34537975.055
5 7 152439760.163
5 8 60780361.068
5 9 312999755.586
5 10 294013779.820
5 11 81653034.127
5 12 273140903.687
5 13 331621200.895
5 14 1875992.295
5 15 218797384.525
5 16 2823931.385
5 17 107211218.713
5 18 15199761.290
5 19 107592950.858
5 20 222157417.642
5 21 50968751.063
5 22 43566688.112
6 0 126894606.672
6 1 249550651.172
6 2 25019942.127
6 3 10288661.757
6 4 43975790.753
6 5 31688464.986
6 7 204889994.686
6 8 56835836.681
6 9 257006640.723
6 10 176948250.287
6 11 56118359.841
6 12 211308656.774
6 13 338767035.418
6 14 1311895.039
6 15 344541280.405
6 16 2842034.274
6 17 126011183.925
6 18 12775320.656
6 19 92853793.776
6 20 227546814.530
6 21 49963909.381
6 22 46201884.646
7 0 903071981.080
7 1 365269788.538
7 2 367449556.695
7 3 63290845.716
7 4 295665968.309
7 5 61488633.082
7 6 128860982.030
7 8 224616801.627
7 9 1814773742.247
7 10 709935145.145
7 11 800739369.265
7 12 2530878099.075
7 13 2650035585.853
7 14 20033735.533
7 15 1289241440.641
7 16 7146422.796
7 17 492140458.383
7 18 106368976.859
7 19 531456364.367
7 20 1115145358.138
7 21 1548768862.142
7 22 315427650.351
8 0 365905543.767
8 1 116734283.874
8 2 41033736.880
8 3 44457921.091
8 4 39592634.246
8 5 33152218.972
8 6 37365126.873
8 7 166693800.732
8 9 269806230.751
8 10 310061680.849
8 11 136266809.263
8 12 155720721.529
8 13 286282129.101
8 14 1205509.755
8 15 408819827.607
8 16 1000495.812
8 17 40597684.426
8 18 15451239.471
8 19 56879120.537
8 20 252817604.009
8 21 149614532.009
8 22 30569802.239
9 0 1097502062.061
9 1 536770642.654
9 2 272418475.580
9 3 210916806.834
9 4 369579601.991
9 5 202455132.069
9 6 153269715.013
9 7 1623581214.759
9 8 201990193.680
9 10 1016747196.115
9 11 891743656.105
9 12 2002745933.296
9 13 1985982480.864
9 14 17628368.503
9 15 1752472082.121
9 16 17048266.421
9 17 953070600.920
9 18 169549793.095
9 19 816550074.986
9 20 2568311729.328
9 21 1765165316.766
9 22 389296652.592
10 0 505533943.102
10 1 1086084793.264
10 2 266116629.614
10 3 404499900.236
10 4 438307814.328
10 5 264919598.056
10 6 341600678.200
10 7 1813899801.632
10 8 133751096.446
10 9 2029323441.994
10 11 176370524.448
10 12 2330683907.443
10 13 3074178875.209
10 14 19578113.937
10 15 2983359147.615
10 16 11855508.980
10 17 236161755.246
10 18 223520471.838
10 19 748637927.441
10 20 2941679425.729
10 21 1254176354.623
10 22 250472959.864
11 0 449640053.559
11 1 388960574.031
11 2 59875276.514
11 3 38121235.140
11 4 48819735.651
11 5 54006722.721
11 6 25620398.234
11 7 344510888.336
11 8 76618808.869
11 9 780460473.040
11 10 918614257.541
11 12 1154211718.476
11 13 267549953.832
11 14 8310797.966
11 15 928056918.634
11 16 2508017.314
11 17 186183196.221
11 18 35725319.482
11 19 216576784.992
11 20 912620488.132
11 21 273010557.082
11 22 30032387.671
12 0 1158121080.809
12 1 1409450632.495
12 2 211012935.112
12 3 238763173.505
12 4 169277135.878
12 5 429109098.556
12 6 405716883.399
12 7 597281757.376
12 8 149865915.129
12 9 585661760.070
12 10 1566971070.814
12 11 1287132176.252
12 13 952426808.058
12 14 22632521.010
12 15 3636687382.540
12 16 21463420.501
12 17 682717684.829
12 18 66046247.413
12 19 899370930.240
12 20 1701771954.694
12 21 1094433225.798
12 22 276719596.284
13 0 2049504031.327
13 1 484143170.990
13 2 77058622.610
13 3 79928397.938
13 4 153078621.651
13 5 194324345.761
13 6 238620162.860
13 7 2184472527.539
13 8 445402604.271
13 9 1182817044.807
13 10 1140533558.758
13 11 466515905.726
13 12 2677795639.013
13 14 4866554.977
13 15 845985784.345
13 16 18300325.947
13 17 241829193.661
13 18 55287705.893
13 19 229217517.964
13 20 1689610476.694
13 21 1093115953.333
13 22 296947515.283
14 0 20034895.921
14 1 12872183.834
14 2 3695762.476
14 3 3524285.154
14 4 2520605.577
14 5 2472125.276
14 6 2219877.832
14 7 17114267.544
14 8 2504547.262
14 9 10842073.579
14 10 10045749.929
14 11 9159371.009
14 12 10556786.772
14 13 9542906.734
14 15 13808648.241
14 16 172547.638
14 17 9892786.977
14 18 916226.651
14 19 2229261.930
14 20 9139050.421
14 21 3119522.285
14 22 2866405.817
15 0 965994780.680
15 1 1150254173.866
15 2 92211772.096
15 3 108292468.925
15 4 421724401.068
15 5 368057150.549
15 6 248806959.362
15 7 724598255.521
15 8 196467170.812
15 9 501136679.660
15 10 776860249.844
15 11 875698919.547
15 12 2262102950.319
15 13 2357478248.216
15 14 25996443.142
15 16 9799120.133
15 17 819163231.020
15 18 225272951.814
15 19 422281850.044
15 20 2833621210.870
15 21 942885132.921
15 22 250438942.473
16 0 15476658.913
16 1 3577574.101
16 2 2881130.846
16 3 700673.830
16 4 2789516.088
16 5 3628986.464
16 6 1789580.371
16 7 16872992.543
16 8 1391065.497
16 9 6476904.106
16 10 26383913.239
16 11 9608789.130
16 12 26212655.823
16 13 27057195.947
16 14 78263.295
16 15 19956070.403
16 17 5397644.617
16 18 934466.913
16 19 9862791.137
16 20 11982180.730
16 21 13288183.305
16 22 3737378.951
17 0 246860866.831
17 1 206988936.237
17 2 110787003.240
17 3 102877265.568
17 4 176842684.316
17 5 99145525.170
17 6 85246833.920
17 7 712848954.148
17 8 80398683.757
17 9 1092909138.064
17 10 1240479455.023
17 11 108095273.290
17 12 792065611.493
17 13 1324739940.412
17 14 2118558.853
17 15 681187330.980
17 16 9228693.369
17 18 108484482.809
17 19 142367793.611
17 20 630616636.351
17 21 812005434.755
17 22 67587121.895
18 0 191942263.045
18 1 122999895.715
18 2 22607299.478
18 3 18623043.124
18 4 16241061.494
18 5 35925701.619
18 6 27035581.676
18 7 97912575.055
18 8 8436011.174
18 9 217515078.773
18 10 180684203.852
18 11 63686996.880
18 12 137698493.096
18 13 164093344.549
18 14 1976165.387
18 15 56776507.665
18 16 2338181.458
18 17 46098402.119
18 19 30092559.090
18 20 132734897.871
18 21 79111358.626
18 22 18547781.835
19 0 935262228.676
19 1 134056843.201
19 2 164215194.037
19 3 56314416.664
19 4 93052621.364
19 5 60738498.198
19 6 31389491.572
19 7 376343243.870
19 8 126010212.284
19 9 673882545.732
19 10 440238578.243
19 11 262416913.348
19 12 449970817.071
19 13 1017238277.513
19 14 3244535.741
19 15 694502170.516
19 16 10447517.405
19 17 372174229.893
19 18 94194913.981
19 20 898363194.494
19 21 270479170.068
19 22 158435218.364
20 0 742563575.754
20 1 1565844846.690
20 2 213620078.298
20 3 88903464.305
20 4 461082737.320
20 5 372743919.239
20 6 396735581.099
20 7 1165053104.884
20 8 305174604.606
20 9 1866761838.845
20 10 1504943189.150
20 11 499260271.123
20 12 2039093520.292
20 13 2257290914.880
20 14 16088275.699
20 15 2812109047.596
20 16 17894826.358
20 17 1346463703.885
20 18 223191239.846
20 19 765042755.210
20 21 934630416.045
20 22 97917694.670
21 0 1309587696.636
21 1 754428335.589
21 2 100418970.705
21 3 258458784.801
21 4 141364366.663
21 5 67437615.380
21 6 137253842.600
21 7 938527503.813
21 8 79565745.216
21 9 1738427951.143
21 10 1289090823.507
21 11 205198312.670
21 12 1315693668.712
21 13 1734028170.485
21 14 11614890.448
21 15 1285704501.680
21 16 11917095.161
21 17 820972373.281
21 18 138001228.762
21 19 170215427.851
21 20 1881381519.421
21 22 173763846.317
22 0 350155521.401
22 1 134900938.623
22 2 14292852.991
22 3 35382795.154
22 4 35417004.554
22 5 29300379.367
22 6 13948409.421
22 7 238937675.757
22 8 26201282.591
22 9 361421112.418
22 10 105481200.556
22 11 131088581.162
22 12 263483700.727
22 13 172517519.696
22 14 2646126.673
22 15 253295984.310
22 16 3275607.792
22 17 112045092.021
22 18 33701142.317
22 19 82280769.216
22 20 257043106.693
22 21 57961256.989
