506
0 1 1000963844.778
0 2 193505495.812
0 3 122759168.876
0 4 139773533.342
0 5 86474398.370
0 6 136282192.115
0 7 1225885066.628
0 8 255858839.719
0 9 796540961.441
0 10 1298685867.730
0 11 425252486.746
0 12 1617170742.609
0 13 724108722.121
0 14 15784674.037
0 15 2161843263.552
0 16 6180789.509
0 17 356265058.185
0 18 149057226.210
0 19 640630417.946
0 20 2761711744.583
0 21 1469140476.590
0 22 83099524.735
1 0 822255905.587
1 2 96713980.672
1 3 245118856.765
1 4 248147070.150
1 5 199716720.006
1 6 210445197.306
1 7 1669567222.473
1 8 171049148.809
1 9 646572654.686
1 10 1471952621.038
1 11 304622239.647
1 12 1408357657.416
1 13 697049607.067
1 14 8549113.812
1 15 424448511.555
1 16 10252974.410
1 17 300564284.933
1 18 114331415.904
1 19 743075992.852
1 20 1297980389.116
1 21 334096048.278
1 22 265690570.966
2 0 262708397.447
2 1 229647222.993
2 3 46382200.634
2 4 61551565.392
2 5 10481048.038
2 6 55063744.826
2 7 269584383.631
2 8 58040458.663
2 9 147835404.759
2 10 217086178.697
2 11 136892266.777
2 12 276828138.008
2 13 418582050.575
2 14 703965.645
2 15 220519408.313
2 16 3759287.043
2 17 103040894.858
2 18 30753924.113
2 19 136940516.158
2 20 97752674.049
2 21 150659312.668
2 22 35132334.723
3 0 207133607.349
3 1 102286656.344
3 2 40037273.564
3 4 15067256.885
3 5 38799204.643
3 6 19067865.631
3 7 154658813.122
3 8 61283969.731
3 9 144711420.273
3 10 200848428.947
3 11 121280607.425
3 12 454963796.223
3 13 226507271.032
3 14 2901520.956
3 15 352647941.022
3 16 715364.266
3 17 159510051.575
3 18 15113330.135
3 19 183226136.648
3 20 372928433.330
3 21 211193675.151
3 22 11144872.141
4 0 127729106.871
4 1 204022617.862
4 2 39463543.864
4 3 36247733.403
4 5 48670973.319
4 6 51017498.051
4 7 145172255.283
4 8 40311173.515
4 9 349634531.827
4 10 139686523.574
4 11 67183122.495
4 12 175343758.643
4 13 114483434.867
4 14 3551967.471
4 15 399248589.989
4 16 2414812.624
4 17 36083395.055
4 18 22175576.746
4 19 65130077.238
4 20 240110808.707
4 21 80819993.752
4 22 54037793.927
5 0 244699204.976
5 1 150347168.804
5 2 61020671.097
5 3 40993504.274
5 4 52818431.112
5 6 16522893.822
5 7 68531742.586
5 8 47696652.640
5 9 102015296.595
5 10 248403389.988
5 11 70733117.852
5 12 231472474.754
5 13 158178859.854
5 14 3006593.224
5 15 161581875.564
5 16 2883967.790
5 17 97222820.971
5 18 22430963.498
5 19 101546161.177
5 20 369135112.052
5 21 208641346.662
5 22 57442918.954
6 0 215334300.012
6 1 180710729.235
6 2 34111525.204
6 3 45959844.712
6 4 29481644.150
6 5 16874334.235
6 7 180606892.605
6 8 26518833.834
6 9 275600874.150
6 10 391357077.315
6 11 75449335.002
6 12 429077319.551
6 13 187826151.488
6 14 3806492.099
6 15 229855760.067
6 16 904263.756
6 17 151143522.154
6 18 13720948.612
6 19 71458540.750
6 20 294780272.446
6 21 112746423.179
6 22 17089140.830
7 0 1703182514.889
7 1 1405467834.307
7 2 138165865.761
7 3 329088489.963
7 4 100390917.116
7 5 147099828.066
7 6 359564618.940
7 8 124564115.511
7 9 610225579.766
7 10 2587083163.042
7 11 892664351.034
7 12 1866374927.293
7 13 933900889.753
7 14 14606811.280
7 15 800711434.541
7 16 16405065.270
7 17 929713319.596
7 18 226012807.718
7 19 243739788.022
7 20 1018324285.350
7 21 873372180.882
7 22 122802155.121
8 0 235361291.703
8 1 115605109.021
8 2 45537672.726
8 3 28840797.103
8 4 19023654.036
8 5 53471203.683
8 6 16878195.982
8 7 184350025.602
8 9 217546418.005
8 10 358641478.459
8 11 45366976.735
8 12 479380044.000
8 13 406562243.464
8 14 884887.551
8 15 172676594.690
8 16 1310479.254
8 17 181468402.197
8 18 6396754.844
8 19 64367099.705
8 20 148310240.519
8 21 146232040.254
8 22 25714029.564
9 0 1825043644.904
9 1 1188021227.152
9 2 297127612.523
9 3 387579320.571
9 4 169841738.536
9 5 229566481.299
9 6 311203727.159
9 7 1751901450.804
9 8 342036802.458
9 10 1426914636.922
9 11 769468231.222
9 12 1041087612.225
9 13 1055196820.811
9 14 17514960.835
9 15 2454579725.664
9 16 5330989.284
9 17 988785669.798
9 18 158715615.962
9 19 879482032.716
9 20 1781322250.757
9 21 709353631.682
9 22 163487417.532
10 0 1734744285.301
10 1 654464719.478
10 2 268379565.918
10 3 122339780.311
10 4 194945749.502
10 5 133799703.997
10 6 195475114.836
10 7 1044862150.555
10 8 419388252.589
10 9 1243929200.838
10 11 959625577.270
10 12 2538251944.467
10 13 2727177786.865
10 14 13790575.320
10 15 1030077713.912
10 16 19051330.588
10 17 338517726.233
10 18 79815639.133
10 19 822954437.942
10 20 2133941755.051
10 21 827084540.761
10 22 88893437.130
11 0 246183878.635
11 1 246938679.288
11 2 33273253.094
11 3 66109801.440
11 4 55992992.059
11 5 119294738.992
11 6 134804287.621
11 7 422845463.595
11 8 146419200.397
11 9 696029682.432
11 10 416901784.138
11 12 578714594.498
11 13 823514872.708
11 14 2233028.680
11 15 398347083.868
11 16 9290219.011
11 17 191843372.689
11 18 25686162.024
11 19 82098124.383
11 20 352634136.176
11 21 660189015.226
11 22 29114649.527
12 0 2577812308.122
12 1 1336541327.264
12 2 200266084.672
12 3 479001337.630
12 4 220311236.016
12 5 305374580.261
12 6 330843826.066
12 7 1577590142.064
12 8 209909334.542
12 9 3014970504.458
12 10 3321043673.658
12 11 747891850.418
12 13 1274441971.020
12 14 9778589.295
12 15 3387114692.108
12 16 27885783.126
12 17 1280725292.802
12 18 231619717.138
12 19 882556319.472
12 20 3147331772.618
12 21 2080806223.755
12 22 343618707.986
13 0 1134008043.278
13 1 1771932552.678
13 2 298753629.025
13 3 275896197.493
13 4 279803911.201
13 5 205991538.473
13 6 331412136.666
13 7 971467851.103
13 8 224120840.017
13 9 2464259671.281
13 10 3123380615.411
13 11 1067799999.483
13 12 2466421746.056
13 14 26480657.903
13 15 2591532214.780
13 16 25017904.656
13 17 1102922282.347
13 18 243020214.205
13 19 1257976389.772
13 20 555826010.635
13 21 1983254530.816
13 22 111272512.303
14 0 9902356.745
14 1 10211392.641
14 2 1580125.370
14 3 1822072.217
14 4 798962.643
14 5 639671.399
14 6 2400608.544
14 7 9574190.562
14 8 3667300.193
14 9 23087798.385
14 10 17780355.255
14 11 6852205.671
14 12 9437738.547
14 13 28232953.900
14 15 14958044.220
14 16 127791.675
14 17 10367479.923
14 18 1943505.702
14 19 10717946.781
14 20 21128326.015
14 21 6025282.899
14 22 2486729.643
15 0 1061194513.965
15 1 544302803.084
15 2 233514991.495
15 3 430144659.178
15 4 241050102.735
15 5 97168678.031
15 6 232481225.391
15 7 1565333939.214
15 8 237243402.753
15 9 958097326.569
15 10 2495001633.724
15 11 1017865346.754
15 12 778074934.746
15 13 1339315430.714
15 14 5728603.284
15 16 23579509.054
15 17 612383978.350
15 18 53158779.812
15 19 670954751.474
15 20 1144452956.805
15 21 1766522205.182
15 22 134938650.446
16 0 19075047.320
16 1 8826849.288
16 2 1163152.101
16 3 2602187.290
16 4 730363.355
16 5 1794215.539
16 6 3559646.517
16 7 3805529.141
16 8 639387.867
16 9 4938369.654
16 10 11311585.759
16 11 1839035.533
16 12 25385111.042
16 13 15642515.310
16 14 88741.874
16 15 19887428.769
16 17 8811205.267
16 18 2057911.636
16 19 8492452.526
16 20 6177815.718
16 21 14270370.206
16 22 1164771.842
17 0 342627038.052
17 1 268576829.833
17 2 124651620.372
17 3 55724139.071
17 4 159304458.270
17 5 130783696.161
17 6 39112232.805
17 7 423418342.417
17 8 93219048.129
17 9 1044324058.720
17 10 988195678.773
17 11 277624241.525
17 12 835894136.105
17 13 1111441423.900
17 14 8033600.571
17 15 446724108.153
17 16 8925846.944
17 18 92132457.574
17 19 102396332.064
17 20 797762567.776
17 21 267344198.348
17 22 156915052.601
18 0 131173876.184
18 1 63801753.940
18 2 15511670.376
18 3 13447751.180
18 4 13826856.559
18 5 11288550.212
18 6 35775915.811
18 7 112338766.541
18 8 25533894.551
18 9 186240690.825
18 10 133622363.921
18 11 46715200.777
18 12 229197159.293
18 13 255641606.910
18 14 719815.179
18 15 122675232.750
18 16 1510902.317
18 17 66360211.633
18 19 55585416.387
18 20 54717706.107
18 21 43600558.189
18 22 14661635.913
19 0 853588259.993
19 1 214368761.775
19 2 133732896.169
19 3 183034867.694
19 4 47118204.076
19 5 143242283.774
19 6 132660205.748
19 7 809133011.151
19 8 147818316.279
19 9 732692472.628
19 10 452975968.614
19 11 146367352.932
19 12 1559758328.058
19 13 256212922.251
19 14 9829346.633
19 15 547664667.968
19 16 9658395.891
19 17 229693707.665
19 18 113503745.428
19 20 1122089435.468
19 21 812015748.580
19 22 55537524.918
20 0 1959000532.814
20 1 1892031731.058
20 2 330714521.976
20 3 180146281.017
20 4 361377756.676
20 5 409667900.374
20 6 393182324.606
20 7 813995269.481
20 8 378311329.547
20 9 2479394922.356
20 10 1382137710.418
20 11 596604654.297
20 12 3929852305.106
20 13 764603842.092
20 14 28731984.822
20 15 2814419835.284
20 16 22528209.737
20 17 1256524772.586
20 18 280105088.141
20 19 732928025.739
20 21 1863022396.345
20 22 388919546.172
21 0 328893555.757
21 1 338632865.948
21 2 78432924.038
21 3 151450716.016
21 4 127423836.613
21 5 252970707.811
21 6 111380680.885
21 7 598134384.051
21 8 106306531.108
21 9 631423654.823
21 10 378141147.832
21 11 378468909.128
21 12 523435658.428
21 13 756654688.840
21 14 8956380.973
21 15 1923124853.902
21 16 10180855.262
21 17 551610400.614
21 18 98102619.671
21 19 392428641.155
21 20 794278509.368
21 22 60094128.152
22 0 301699201.608
22 1 241175580.115
22 2 31280373.005
22 3 26698898.397
22 4 26412093.776
22 5 33989848.926
22 6 22816976.447
22 7 245193823.108
22 8 25288473.299
22 9 283882781.484
22 10 389314056.470
22 11 87976698.624
22 12 423044555.730
22 13 455373345.199
22 14 2568637.594
22 15 82253528.334
22 16 1241022.328
22 17 114818417.715
22 18 7655102.583
22 19 149491515.816
22 20 137983230.269
22 21 259099767.447
