506
0 1 311281191.376
0 2 245768778.570
0 3 149700046.583
0 4 156993153.053
0 5 368079025.090
0 6 188426208.492
0 7 849978125.680
0 8 85906729.509
0 9 611827525.342
0 10 473578595.477
0 11 813270404.315
0 12 2588863199.200
0 13 879777322.349
0 14 5681337.847
0 15 697933659.330
0 16 6693205.432
0 17 499451008.127
0 18 95272130.237
0 19 591105090.381
0 20 684841115.142
0 21 704208936.814
0 22 204722026.379
1 0 1236623590.216
1 2 80739405.740
1 3 187639400.016
1 4 136643736.424
1 5 141305866.167
1 6 113818485.256
1 7 603363735.893
1 8 161561271.099
1 9 1604113381.278
1 10 520805980.824
1 11 505706306.326
1 12 2371036875.968
1 13 720462026.815
1 14 8644704.262
1 15 653566926.909
1 16 8128164.926
1 17 457733459.743
1 18 158087869.782
1 19 715663226.785
1 20 1490918579.865
1 21 324805838.541
1 22 52511747.050
2 0 321237205.762
2 1 202402312.595
2 3 44158718.909
2 4 47372692.348
2 5 23125790.379
2 6 58410599.145
2 7 379349410.069
2 8 37726481.235
2 9 97185507.121
2 10 176237691.038
2 11 124973840.771
2 12 119834672.366
2 13 285282761.833
2 14 3363496.000
2 15 123934017.590
2 16 1317424.622
2 17 67197154.061
2 18 34450327.955
2 19 49299612.783
2 20 304962616.459
2 21 211300438.205
2 22 61876130.048
3 0 262433667.126
3 1 151004408.049
3 2 27144899.625
3 4 43577703.998
3 5 45358942.225
3 6 52738021.427
3 7 243779237.512
3 8 57988598.699
3 9 265319871.919
3 10 239223514.528
3 11 43105499.347
3 12 274735809.566
3 13 184269152.797
3 14 3765011.790
3 15 277513215.487
3 16 1546200.391
3 17 55657764.606
3 18 20570590.519
3 19 46717505.808
3 20 89586693.197
3 21 169282327.250
3 22 24559930.935
4 0 129265237.928
4 1 216984788.106
4 2 52140015.494
4 3 42556813.611
4 5 25389414.406
4 6 32473459.766
4 7 75381206.192
4 8 46251706.439
4 9 202188112.209
4 10 311958136.478
4 11 101300210.604
4 12 228858657.588
4 13 108962646.280
4 14 981944.228
4 15 390899805.167
4 16 1108557.946
4 17 112946551.020
4 18 37698385.610
4 19 127584121.579
4 20 149116138.560
4 21 165640208.082
4 22 13987354.871
5 0 184291046.651
5 1 248665234.710
5 2 51351321.273
5 3 60757684.376
5 4 24715119.735
5 6 26524269.050
5 7 316669604.611
5 8 13838615.378
5 9 333177269.957
5 10 122881431.072
5 11 81983932.527
5 12 403794636.576
5 13 372255222.013
5 14 2362116.954
5 15 147121028.635
5 16 2707673.610
5 17 52373800.428
5 18 6814501.087
5 19 183494173.797
5 20 253765687.780
5 21 168865755.357
5 22 58096568.825
6 0 214940597.024
6 1 52591115.746
6 2 58501545.679
6 3 44350696.643
6 4 53686077.897
6 5 32492099.211
6 7 304952287.872
6 8 26204222.671
6 9 391789547.836
6 10 247223175.948
6 11 108414604.906
6 12 377295175.735
6 13 349982201.449
6 14 3086745.080
6 15 163659430.667
6 16 1866860.459
6 17 53772610.679
6 18 7172331.445
6 19 119466021.385
6 20 81091409.028
6 21 245176872.247
6 22 47718450.867
7 0 1674267728.738
7 1 484371055.201
7 2 302126723.453
7 3 180567844.178
7 4 177610111.874
7 5 201490918.505
7 6 106031719.320
7 8 156473123.811
7 9 1023400094.864
7 10 512425782.187
7 11 874579067.482
7 12 783353604.526
7 13 2679165973.606
7 14 16941987.034
7 15 1049812612.563
7 16 16028406.307
7 17 249342747.781
7 18 124170608.860
7 19 949036413.981
7 20 942361937.896
7 21 717079177.447
7 22 121044434.249
8 0 123016414.482
8 1 221712299.904
8 2 22868855.081
8 3 34197820.068
8 4 54205276.446
8 5 21694638.595
8 6 55016444.261
8 7 351352327.183
8 9 145701769.487
8 10 101468496.491
8 11 138439220.783
8 12 104514997.512
8 13 344880084.656
8 14 2973325.273
8 15 216018382.688
8 16 3667559.902
8 17 67669679.303
8 18 31902112.424
8 19 118277399.414
8 20 204334375.195
8 21 48474119.327
8 22 26976032.961
9 0 812721606.198
9 1 1230101086.410
9 2 386105292.571
9 3 153104962.648
9 4 304467791.163
9 5 88144723.593
9 6 378573191.467
9 7 1596307719.728
9 8 159035152.375
9 10 2452041191.027
9 11 908289749.879
9 12 2332996800.549
9 13 640056425.961
9 14 11088020.674
9 15 1805449439.262
9 16 17221007.976
9 17 296670265.060
9 18 132454029.028
9 19 638862191.318
9 20 2132465349.166
9 21 1620783137.993
9 22 336350296.296
10 0 1105634249.408
10 1 846555392.590
10 2 190510773.341
10 3 231801616.747
10 4 371595753.146
10 5 133333335.579
10 6 181384047.633
10 7 2077831821.259
10 8 375119634.217
10 9 805549993.600
10 11 969740997.291
10 12 3389491590.324
10 13 1472171136.700
10 14 12694153.107
10 15 1527338097.759
10 16 24182947.795
10 17 833275382.489
10 18 220010480.432
10 19 354469511.874
10 20 1142023662.691
10 21 1231293578.349
10 22 407156968.628
11 0 829334853.945
11 1 605339651.830
11 2 54856034.594
11 3 82133811.497
11 4 90904815.018
11 5 96414660.940
11 6 81060877.603
11 7 406844613.540
11 8 69004603.667
11 9 797837903.158
11 10 733455892.268
11 12 595646323.445
11 13 758608055.246
11 14 4466957.352
11 15 962109833.061
11 16 4412952.155
11 17 319902638.897
11 18 83115624.422
11 19 458042867.729
11 20 694509229.096
11 21 384797764.328
11 22 135462208.076
12 0 973399111.781
12 1 427721755.119
12 2 279396092.473
12 3 234252405.155
12 4 316573146.839
12 5 158159245.755
12 6 183652616.945
12 7 548882801.546
12 8 101604408.427
12 9 1357422082.513
12 10 2218727475.514
12 11 684352627.053
12 13 3437629244.772
12 14 21520523.589
12 15 687123894.267
12 16 13267504.082
12 17 568640530.621
12 18 173835765.029
12 19 600135841.924
12 20 2770198378.084
12 21 1583223463.616
12 22 478258390.243
13 0 1330804465.485
13 1 1649970605.119
13 2 195787962.345
13 3 198350350.089
13 4 292160253.980
13 5 74962916.234
13 6 295365042.664
13 7 1287025257.116
13 8 431150226.761
13 9 2909550242.630
13 10 2115154143.805
13 11 305346131.615
13 12 1239994914.232
13 14 21170873.222
13 15 1719178686.462
13 16 16197966.478
13 17 1381127318.605
13 18 186561909.900
13 19 314955320.125
13 20 3378060427.274
13 21 1292532087.324
13 22 187392906.697
14 0 22506025.699
14 1 9980488.924
14 2 2535180.977
14 3 3332403.795
14 4 671759.474
14 5 2939298.985
14 6 3665774.372
14 7 11374413.391
14 8 3684534.333
14 9 6428906.053
14 10 14673959.758
14 11 4539877.422
14 12 28950960.635
14 13 13075330.714
14 15 10581447.204
14 16 74434.354
14 17 5420022.383
14 18 2054588.081
14 19 5258905.809
14 20 25414400.313
14 21 16977174.795
14 22 775327.225
15 0 1148215606.373
15 1 1169972011.765
15 2 394949772.855
15 3 93386433.015
15 4 69757644.252
15 5 350756588.548
15 6 322101029.859
15 7 2501174832.863
15 8 313469037.029
15 9 1696129157.456
15 10 2686058429.653
15 11 394509940.909
15 12 1878660205.049
15 13 2887816061.782
15 14 13909532.559
15 16 14411938.691
15 17 239910012.228
15 18 150544351.258
15 19 1058792663.130
15 20 1855530106.882
15 21 1749254493.829
15 22 100382074.793
16 0 21571899.730
16 1 6586193.515
16 2 1576903.443
16 3 2077000.870
16 4 889637.706
16 5 2485402.864
16 6 1234780.215
16 7 19327131.277
16 8 1227860.758
16 9 19240581.006
16 10 12317143.205
16 11 2511806.720
16 12 29664665.163
16 13 22352755.589
16 14 192593.767
16 15 21985657.057
16 17 9675796.807
16 18 941399.114
16 19 1966877.266
16 20 12001731.744
16 21 16666637.896
16 22 1454005.398
17 0 505303633.455
17 1 705665048.903
17 2 170778832.465
17 3 78803776.414
17 4 115101806.022
17 5 98939049.379
17 6 49602251.781
17 7 820516899.681
17 8 133386307.430
17 9 898889306.307
17 10 1070861453.345
17 11 285399564.899
17 12 1218914602.597
17 13 615839778.909
17 14 2938439.225
17 15 999041539.933
17 16 5264514.597
17 18 96153306.989
17 19 497068858.559
17 20 706449338.992
17 21 173120626.567
17 22 165720929.786
18 0 170985027.886
18 1 114918535.869
18 2 13234194.093
18 3 22073354.239
18 4 17894110.132
18 5 27662138.169
18 6 22028996.430
18 7 106195300.193
18 8 34510170.120
18 9 233064191.463
18 10 177742828.931
18 11 52591117.003
18 12 174405182.957
18 13 248177161.839
18 14 700772.835
18 15 146739712.344
18 16 1896169.174
18 17 87135829.380
18 19 44264795.793
18 20 159842329.950
18 21 162927758.357
18 22 11252445.277
19 0 227211956.929
19 1 502866342.779
19 2 92467889.541
19 3 161600655.476
19 4 122202468.008
19 5 131392150.407
19 6 184367021.341
19 7 748052907.066
19 8 89615499.491
19 9 337613361.516
19 10 1159779292.003
19 11 159815045.849
19 12 646047134.265
19 13 550817237.656
19 14 4943079.890
19 15 904008387.602
19 16 8144054.465
19 17 429443407.590
19 18 90072578.657
19 20 436850415.610
19 21 812196622.482
19 22 51634788.150
20 0 479618106.324
20 1 1701601233.640
20 2 123390017.230
20 3 430304903.915
20 4 139764654.617
20 5 135515928.633
20 6 278414128.364
20 7 811757470.377
20 8 272785095.431
20 9 687384267.353
20 10 1580408441.622
20 11 871275716.360
20 12 1196472944.229
20 13 2896923551.931
20 14 28247308.538
20 15 2251029625.980
20 16 11390109.571
20 17 1230214282.733
20 18 186462691.784
20 19 1215288416.700
20 21 1566296656.965
20 22 368755622.849
21 0 1543565849.944
21 1 1010426071.575
21 2 144222762.479
21 3 185477567.983
21 4 192634773.271
21 5 84935371.216
21 6 177242591.777
21 7 441363617.009
21 8 162226706.004
21 9 755553905.238
21 10 996719742.694
21 11 463481024.920
21 12 1202436529.263
21 13 1181934805.675
21 14 17158022.565
21 15 1413287414.662
21 16 13455195.340
21 17 626278180.467
21 18 104812780.343
21 19 686563300.958
21 20 840315659.511
21 22 200565652.307
22 0 341806628.807
22 1 85222881.676
22 2 60228064.413
22 3 56631422.615
22 4 22252388.085
22 5 57208477.897
22 6 34163620.416
22 7 166188321.178
22 8 37641821.403
22 9 252820315.045
22 10 419092618.773
22 11 136874961.261
22 12 363101009.813
22 13 162695790.564
22 14 3652904.808
22 15 135283809.077
22 16 2715413.962
22 17 162513592.921
22 18 12006428.288
22 19 111980664.663
22 20 406913212.680
22 21 208835022.739
