506
0 1 1332486295.718
0 2 150493808.015
0 3 342122967.656
0 4 344925336.424
0 5 64007262.568
0 6 143196011.092
0 7 770064838.636
0 8 356829173.401
0 9 1465184227.643
0 10 926342913.273
0 11 878304993.520
0 12 1923450568.492
0 13 1573372409.766
0 14 14419876.831
0 15 492327472.977
0 16 7690127.893
0 17 569864391.806
0 18 81703399.145
0 19 327290129.870
0 20 753697418.284
0 21 1592668362.832
0 22 210807997.518
1 0 1224087345.725
1 2 215395546.050
1 3 197806655.208
1 4 179471036.068
1 5 240511498.475
1 6 116691873.460
1 7 1533080601.841
1 8 105715301.731
1 9 663594694.417
1 10 811864090.366
1 11 403155448.769
1 12 1568706744.848
1 13 687909978.067
1 14 3688374.356
1 15 1071398914.800
1 16 6934157.001
1 17 602791183.738
1 18 107773982.323
1 19 832313983.528
1 20 606589472.009
1 21 1174447505.492
1 22 105058467.056
2 0 68939857.453
2 1 103298195.560
2 3 40481010.931
2 4 43758652.993
2 5 14143370.857
2 6 25569309.601
2 7 161555630.097
2 8 14920762.128
2 9 292267094.215
2 10 111267888.268
2 11 82071469.136
2 12 224655115.292
2 13 150711318.626
2 14 3017478.704
2 15 149156443.699
2 16 1729950.085
2 17 166281927.174
2 18 7076403.673
2 19 99348807.529
2 20 352758916.456
2 21 245458090.301
2 22 10309273.160
3 0 141337302.470
3 1 253027835.760
3 2 15876174.756
3 4 35305475.075
3 5 53393811.080
3 6 33657506.138
3 7 285089722.186
3 8 44106571.276
3 9 346079520.339
3 10 202515357.931
3 11 61853908.611
3 12 317306071.344
3 13 448363930.088
3 14 3187378.708
3 15 138167240.843
3 16 2036871.265
3 17 86777045.142
3 18 28361947.415
3 19 119796471.833
3 20 276631995.231
3 21 59789346.755
3 22 19303340.373
4 0 77434314.911
4 1 68231612.941
4 2 61568008.322
4 3 42236821.642
4 5 40054790.669
4 6 46501169.445
4 7 349564833.612
4 8 60833086.341
4 9 360276940.279
4 10 422540312.567
4 11 39585462.864
4 12 383590512.755
4 13 162501929.565
4 14 2833791.844
4 15 207671804.511
4 16 3373896.402
4 17 123634787.033
4 18 13258970.318
4 19 39532424.393
4 20 80690053.505
4 21 148688234.635
4 22 60457860.348
5 0 299801461.912
5 1 123509941.407
5 2 55564116.243
5 3 24556633.171
5 4 31444445.931
5 6 25370814.763
5 7 81114429.805
5 8 24385548.034
5 9 244012779.605
5 10 305083752.046
5 11 144400554.397
5 12 404173528.770
5 13 135578951.086
5 14 2490997.644
5 15 243536129.648
5 16 2371695.334
5 17 48047687.372
5 18 22487438.569
5 19 74802443.396
5 20 419905030.957
5 21 155341452.533
5 22 57536354.241
6 0 97132338.903
6 1 79363833.011
6 2 48995254.142
6 3 11733939.500
6 4 13441175.218
6 5 50850307.717
6 7 123140003.595
6 8 28968610.592
6 9 76777611.983
6 10 174081399.339
6 11 75786067.990
6 12 180711976.333
6 13 162606003.749
6 14 2486862.656
6 15 173869630.796
6 16 2853018.384
6 17 112962377.820
6 18 9358729.767
6 19 130382455.411
6 20 327695054.635
6 21 189675224.665
6 22 55604095.548
7 0 454950472.607
7 1 440842249.048
7 2 166433835.564
7 3 182769022.094
7 4 347462230.002
7 5 202912734.563
7 6 284220251.245
7 8 232592755.043
7 9 831094655.580
7 10 1571580122.328
7 11 415852379.216
7 12 2902303374.043
7 13 673707001.892
7 14 16228483.123
7 15 1152586506.425
7 16 17842007.825
7 17 521415720.043
7 18 80284989.471
7 19 562342225.605
7 20 1031528244.260
7 21 1317531726.870
7 22 105662836.409
8 0 82611422.112
8 1 55798611.833
8 2 16300803.327
8 3 36448958.520
8 4 28253973.941
8 5 11122633.655
8 6 45353314.898
8 7 320142047.134
8 9 87463472.249
8 10 367046670.110
8 11 126714759.283
8 12 193883796.831
8 13 397801533.652
8 14 2993787.471
8 15 88260067.931
8 16 2389970.241
8 17 41476460.732
8 18 14687009.652
8 19 174018171.669
8 20 200818822.615
8 21 262261888.068
8 22 44953969.226
9 0 1511461098.028
9 1 454195748.745
9 2 232041741.758
9 3 354173453.016
9 4 278413695.416
9 5 328133204.011
9 6 393357710.158
9 7 1173916465.229
9 8 323199439.535
9 10 2329177695.804
9 11 880004220.161
9 12 2542059052.655
9 13 650422679.081
9 14 24136155.036
9 15 838306259.005
9 16 4158468.181
9 17 1077137788.024
9 18 84212946.979
9 19 1169232101.294
9 20 1358293876.597
9 21 1412694114.525
9 22 394006979.469
10 0 1634736044.128
10 1 585308343.259
10 2 224043342.687
10 3 143010518.142
10 4 162659640.796
10 5 356140459.956
10 6 385289506.927
10 7 2008885866.552
10 8 418671064.171
10 9 478162701.455
10 11 222170874.126
10 12 1353319220.865
10 13 2244202402.027
10 14 17788004.691
10 15 1179158626.828
10 16 15851494.014
10 17 930895256.769
10 18 223943606.173
10 19 258614897.580
10 20 3238236310.083
10 21 893176790.348
10 22 235054089.903
11 0 914037338.970
11 1 528850620.643
11 2 104010961.792
11 3 74180352.467
11 4 121254380.189
11 5 64754575.465
11 6 73169987.750
11 7 469076521.432
11 8 120523238.982
11 9 600241071.888
11 10 428538499.671
11 12 550837098.565
11 13 571344547.600
11 14 9227545.118
11 15 406948446.239
11 16 1938768.972
11 17 226949453.760
11 18 95177276.650
11 19 149435907.822
11 20 966896970.139
11 21 144728291.810
11 22 116280522.433
12 0 2672249318.329
12 1 1367447224.026
12 2 111480501.445
12 3 246122976.445
12 4 234782388.818
12 5 363932206.428
12 6 86172023.633
12 7 629059864.752
12 8 332157758.887
12 9 560051996.927
12 10 2774746221.557
12 11 722756320.011
12 13 1799313224.065
12 14 15673249.981
12 15 3028095250.767
12 16 18569075.781
12 17 1571934030.465
12 18 206138769.270
12 19 570549611.988
12 20 3927107477.593
12 21 1023336904.889
12 22 325754136.385
13 0 605000112.013
13 1 1368816037.015
13 2 98984349.191
13 3 226843810.879
13 4 112074052.247
13 5 266808358.657
13 6 432319138.230
13 7 965057391.644
13 8 391903511.939
13 9 1735658649.101
13 10 1617472317.414
13 11 816518098.150
13 12 1193534996.126
13 14 7423021.443
13 15 1440892927.029
13 16 9278760.051
13 17 771193996.268
13 18 139581759.483
13 19 231689733.016
13 20 2234105342.104
13 21 588243878.402
13 22 157441401.315
14 0 7602661.013
14 1 17197050.691
14 2 3178008.601
14 3 3021572.109
14 4 2921382.789
14 5 696725.402
14 6 1119291.015
14 7 5474083.432
14 8 2639374.061
14 9 13135007.557
14 10 26709845.935
14 11 9100293.170
14 12 8788270.757
14 13 10200257.352
14 15 16471440.635
14 16 233058.239
14 17 5903515.120
14 18 811532.084
14 19 6771953.819
14 20 24440345.628
14 21 9201573.717
14 22 2351686.833
15 0 1914582344.414
15 1 1016496033.333
15 2 99913738.120
15 3 180089987.001
15 4 338920649.594
15 5 216635216.596
15 6 183573417.144
15 7 1548229907.520
15 8 310691454.290
15 9 2207924496.812
15 10 2522656453.862
15 11 541977939.976
15 12 2844079336.256
15 13 1669119369.282
15 14 19331460.975
15 16 25954210.281
15 17 926242945.244
15 18 109640633.911
15 19 1128938634.125
15 20 1405547506.529
15 21 1072936985.446
15 22 377536771.297
16 0 4491255.692
16 1 15395020.476
16 2 928413.747
16 3 933504.802
16 4 2697039.697
16 5 1478085.927
16 6 848294.150
16 7 15732001.709
16 8 3465166.896
16 9 17881206.386
16 10 21969328.350
16 11 3037412.835
16 12 20329411.825
16 13 28738858.224
16 14 91565.257
16 15 19714016.076
16 17 9911782.640
16 18 1292644.445
16 19 5568146.305
16 20 5612277.736
16 21 14060294.342
16 22 2970285.322
17 0 195558410.862
17 1 798364719.341
17 2 64399136.535
17 3 164143499.024
17 4 94760111.261
17 5 49359997.362
17 6 33974341.383
17 7 586282425.399
17 8 150522764.654
17 9 848410901.518
17 10 1095219949.346
17 11 446586945.746
17 12 675621243.731
17 13 980653361.877
17 14 7941722.089
17 15 847008447.503
17 16 7510540.643
17 18 99997223.970
17 19 490476178.161
17 20 238653769.147
17 21 394842838.926
17 22 54339409.684
18 0 188909082.128
18 1 76257340.841
18 2 18481257.328
18 3 29557158.129
18 4 31463059.691
18 5 31228657.461
18 6 27386608.046
18 7 199601645.662
18 8 19906285.656
18 9 156968396.838
18 10 49693327.542
18 11 43882803.532
18 12 107541304.653
18 13 235603768.213
18 14 983434.959
18 15 126494684.419
18 16 755399.760
18 17 115449648.128
18 19 67908518.113
18 20 260191151.370
18 21 126647135.811
18 22 30131718.037
19 0 831556974.379
19 1 449799701.858
19 2 57322651.443
19 3 124879963.808
19 4 77587626.325
19 5 121355610.167
19 6 136984108.404
19 7 540655356.374
19 8 74824512.700
19 9 722073550.824
19 10 443852835.051
19 11 428788328.422
19 12 587995164.153
19 13 1278103732.970
19 14 7559966.076
19 15 216000555.330
19 16 8438493.158
19 17 435758632.419
19 18 90347202.667
19 20 231373264.935
19 21 742355575.045
19 22 34381754.204
20 0 1819239674.075
20 1 721764868.151
20 2 385782334.162
20 3 301248166.505
20 4 447816122.742
20 5 332902966.893
20 6 262335822.879
20 7 1393418082.309
20 8 304828715.855
20 9 1918328319.580
20 10 2440652073.308
20 11 517548905.823
20 12 962412492.258
20 13 674120213.639
20 14 25638681.176
20 15 967644492.372
20 16 5800293.707
20 17 483197375.455
20 18 163072532.618
20 19 890285105.937
20 21 945227317.253
20 22 363088647.620
21 0 1086729937.190
21 1 205246485.911
21 2 92454078.287
21 3 138560145.109
21 4 186281052.895
21 5 91935074.106
21 6 217464773.759
21 7 568950969.351
21 8 188970839.217
21 9 1648139367.462
21 10 353841295.504
21 11 545088795.300
21 12 764176091.908
21 13 472564091.315
21 14 3589702.801
21 15 499095365.176
21 16 12650778.796
21 17 711010664.097
21 18 110942116.340
21 19 204344965.526
21 20 1895881862.010
21 22 205748723.071
22 0 193139182.694
22 1 54232920.091
22 2 60882270.468
22 3 60281990.546
22 4 56898783.396
22 5 26997577.323
22 6 19915242.009
22 7 129756430.900
22 8 57257618.029
22 9 234879858.450
22 10 287790843.481
22 11 130420166.145
22 12 364273084.443
22 13 373085981.317
22 14 3342523.073
22 15 218914315.241
22 16 3747205.903
22 17 82165050.024
22 18 10647220.371
22 19 51689847.750
22 20 337026687.212
22 21 156995957.936
