506
0 1 878161484.662
0 2 362046307.948
0 3 112606556.141
0 4 213392245.081
0 5 136880862.579
0 6 109846995.878
0 7 907733926.078
0 8 220483477.384
0 9 1106646485.376
0 10 520952265.563
0 11 633009965.115
0 12 3105504578.430
0 13 2296860945.345
0 14 5512888.456
0 15 785180770.134
0 16 22675703.890
0 17 934630020.393
0 18 123188550.049
0 19 535824777.459
0 20 1392791503.008
0 21 1656588829.975
0 22 211761533.117
1 0 1485738019.976
1 2 271859808.381
1 3 264405234.559
1 4 273113103.107
1 5 154964890.789
1 6 271833230.132
1 7 1340604413.378
1 8 130747903.365
1 9 1722115357.888
1 10 1127303443.775
1 11 633531279.640
1 12 2347440622.836
1 13 1964136284.355
1 14 9608069.423
1 15 1786377200.216
1 16 15352353.378
1 17 713127385.936
1 18 98937424.311
1 19 203991100.376
1 20 927805223.328
1 21 342150464.666
1 22 150541033.781
2 0 329449064.982
2 1 236357645.568
2 3 27546327.702
2 4 11164788.595
2 5 49897309.935
2 6 22363522.770
2 7 181877050.784
2 8 33155969.671
2 9 104156500.591
2 10 159603586.972
2 11 45555628.289
2 12 355371067.269
2 13 187333613.876
2 14 2308665.886
2 15 210581558.550
2 16 3797866.908
2 17 141899740.485
2 18 21754056.257
2 19 174024148.220
2 20 117007319.867
2 21 124274480.516
2 22 11351993.781
3 0 279511247.867
3 1 134127540.590
3 2 35132780.286
3 4 61356380.305
3 5 60811566.953
3 6 30369017.730
3 7 188173271.843
3 8 53656934.301
3 9 144989186.393
3 10 130973692.354
3 11 108662554.322
3 12 445851804.880
3 13 456753444.323
3 14 1503908.110
3 15 256744010.438
3 16 2758622.694
3 17 42802623.245
3 18 15603392.590
3 19 37535980.807
3 20 298666700.587
3 21 136749361.670
3 22 49784071.219
4 0 368755485.118
4 1 216002895.725
4 2 41167743.515
4 3 30400498.203
4 5 35006336.818
4 6 41329015.005
4 7 315232654.840
4 8 49927462.103
4 9 304825418.175
4 10 273541796.671
4 11 31234959.296
4 12 292000507.751
4 13 132245361.332
4 14 2485992.632
4 15 227438704.891
4 16 2230477.734
4 17 176160120.848
4 18 33589436.270
4 19 58405058.039
4 20 375103608.791
4 21 167819820.430
4 22 38609701.241
5 0 166447508.757
5 1 136293961.877
5 2 37120457.552
5 3 59101643.588
5 4 57068647.545
5 6 20459259.684
5 7 350350200.968
5 8 41741780.467
5 9 240735138.405
5 10 312320979.788
5 11 128223008.156
5 12 144180446.854
5 13 442200311.558
5 14 2640166.275
5 15 137229891.739
5 16 971515.448
5 17 147788571.433
5 18 29716268.643
5 19 129898738.782
5 20 169084433.215
5 21 236040104.015
5 22 19228308.342
6 0 256950210.024
6 1 162140139.743
6 2 52306401.067
6 3 51075800.574
6 4 37702025.526
6 5 31445812.222
6 7 272424306.770
6 8 24150330.275
6 9 91152331.358
6 10 170669788.508
6 11 82688271.382
6 12 113943859.918
6 13 408626712.269
6 14 2027673.825
6 15 407248150.699
6 16 3268489.055
6 17 73414123.510
6 18 36429240.197
6 19 116873716.905
6 20 73962958.797
6 21 60868404.955
6 22 34776939.200
7 0 2065366804.489
7 1 1611129494.237
7 2 138473367.101
7 3 214006274.678
7 4 343276752.212
7 5 239142838.215
7 6 319137881.132
7 8 151659757.355
7 9 408594528.815
7 10 2450943440.952
7 11 489101497.389
7 12 2828268287.182
7 13 2116094753.457
7 14 6763523.847
7 15 1458838670.262
7 16 8970163.864
7 17 559700298.697
7 18 233222985.105
7 19 1068160522.111
7 20 764094523.403
7 21 423933909.211
7 22 203980481.554
8 0 204936726.553
8 1 241266341.409
8 2 44918032.128
8 3 45337044.535
8 4 37488550.389
8 5 59817986.278
8 6 34290166.763
8 7 110488229.839
8 9 250635491.665
8 10 141507239.704
8 11 33953852.256
8 12 254253079.422
8 13 244775027.896
8 14 1070619.876
8 15 122034571.877
8 16 3750844.828
8 17 63374550.345
8 18 13094998.899
8 19 71642108.533
8 20 131907216.919
8 21 137282605.198
8 22 22069629.541
9 0 2006810129.907
9 1 840925279.547
9 2 215791601.570
9 3 86440216.382
9 4 297734156.466
9 5 350769489.280
9 6 190694678.601
9 7 767571615.890
9 8 107407145.884
9 10 2146830039.510
9 11 740459272.089
9 12 1941330496.453
9 13 2085236859.595
9 14 9860910.377
9 15 650772846.654
9 16 7432519.428
9 17 1055168035.825
9 18 113578707.067
9 19 1041028219.192
9 20 819675184.131
9 21 1510346087.266
9 22 107403492.141
10 0 1882654770.591
10 1 772119526.695
10 2 384382918.385
10 3 87107356.141
10 4 434850172.496
10 5 74403675.354
10 6 324026288.001
10 7 1419447345.080
10 8 350753068.485
10 9 1479100704.783
10 11 213861644.482
10 12 1442746732.014
10 13 2950415343.847
10 14 16219259.139
10 15 1667181525.618
10 16 15479117.845
10 17 1011261075.297
10 18 64830255.754
10 19 619539710.601
10 20 3144200643.748
10 21 1036887627.466
10 22 199186176.351
11 0 516377823.611
11 1 417537660.600
11 2 76518800.554
11 3 142646697.632
11 4 35680540.393
11 5 40680077.396
11 6 150065087.127
11 7 329720863.448
11 8 31455300.845
11 9 468092935.506
11 10 608330585.534
11 12 561468794.406
11 13 930681284.541
11 14 3420515.505
11 15 955468664.434
11 16 7953439.635
11 17 196867932.211
11 18 85734968.312
11 19 422879941.754
11 20 920003317.824
11 21 208759541.175
11 22 131564112.297
12 0 2303753713.444
12 1 1947981584.528
12 2 466071944.140
12 3 234258588.515
12 4 454104441.700
12 5 474736966.425
12 6 463087611.176
12 7 2938284134.507
12 8 127359489.602
12 9 1601586320.520
12 10 3150291401.649
12 11 282416584.395
12 13 2689313313.968
12 14 27200816.591
12 15 2259036644.370
12 16 7156487.728
12 17 1306183356.861
12 18 217848842.098
12 19 1385376115.996
12 20 2728765490.154
12 21 544888449.764
12 22 472097264.701
13 0 700821816.393
13 1 951207256.935
13 2 430179478.138
13 3 353811206.179
13 4 103812547.020
13 5 459648174.886
13 6 184531898.698
13 7 1874927080.825
13 8 417376589.060
13 9 2113135685.630
13 10 2791456868.012
13 11 932425149.703
13 12 717229522.403
13 14 18498279.323
13 15 1025985541.695
13 16 14698093.346
13 17 869102910.589
13 18 206987280.225
13 19 1092145691.366
13 20 2167917678.218
13 21 956674273.659
13 22 295086932.120
14 0 10238997.898
14 1 15746978.144
14 2 2253434.182
14 3 3594036.440
14 4 2716948.519
14 5 855186.367
14 6 945470.922
14 7 22657989.331
14 8 2082343.068
14 9 11124130.810
14 10 24058929.610
14 11 3938116.867
14 12 20516648.785
14 13 22018360.106
14 15 7689301.009
14 16 164093.182
14 17 7139874.973
14 18 1237629.480
14 19 5530261.777
14 20 15070215.442
14 21 15176865.090
14 22 2439431.813
15 0 893606745.309
15 1 416309476.904
15 2 226131621.420
15 3 412434470.364
15 4 225931901.020
15 5 83574881.792
15 6 93372433.205
15 7 2242400779.718
15 8 261849952.850
15 9 2131502138.890
15 10 1663780284.362
15 11 425280590.393
15 12 3420208198.311
15 13 1310912638.608
15 14 20811656.219
15 16 15961657.015
15 17 734632236.757
15 18 121590330.600
15 19 221132578.479
15 20 2964816775.088
15 21 597753550.080
15 22 127008969.141
16 0 22939957.165
16 1 13833784.004
16 2 3641842.498
16 3 878219.466
16 4 765908.722
16 5 2170154.227
16 6 2297488.220
16 7 13919286.789
16 8 3436557.873
16 9 11190158.778
16 10 18547188.588
16 11 3054124.865
16 12 21518793.084
16 13 22692804.533
16 14 165494.154
16 15 12653861.935
16 17 8014448.050
16 18 776867.154
16 19 2511466.117
16 20 23969663.786
16 21 17077512.238
16 22 3737832.240
17 0 952101966.867
17 1 270942296.306
17 2 171408271.010
17 3 67163047.527
17 4 107317587.805
17 5 96869872.937
17 6 35595633.369
17 7 788988081.073
17 8 135781131.167
17 9 393606326.385
17 10 1108375328.342
17 11 383847326.383
17 12 1170848967.354
17 13 455278605.606
17 14 2764548.947
17 15 629279985.324
17 16 7271691.276
17 18 39026827.395
17 19 230148434.471
17 20 638443591.102
17 21 625727896.992
17 22 128605631.843
18 0 109515507.047
18 1 138502975.088
18 2 28872246.099
18 3 37044289.246
18 4 25979007.071
18 5 29957176.942
18 6 27129940.085
18 7 170077882.953
18 8 12772286.210
18 9 45010733.639
18 10 175125243.712
18 11 33027341.036
18 12 139513475.296
18 13 141938731.191
18 14 2036238.352
18 15 199230798.335
18 16 672022.301
18 17 101265276.688
18 19 88296888.329
18 20 238780401.433
18 21 82259865.540
18 22 12859457.842
19 0 938599303.742
19 1 810162418.085
19 2 189689830.095
19 3 133933872.399
19 4 173935450.010
19 5 68862217.304
19 6 40707757.949
19 7 723312058.796
19 8 103851322.320
19 9 233547145.549
19 10 921765317.781
19 11 350852640.010
19 12 823175320.715
19 13 447659747.934
19 14 4412520.318
19 15 623623134.254
19 16 4174853.398
19 17 461266780.456
19 18 78960802.006
19 20 929909304.459
19 21 486893126.331
19 22 33040506.964
20 0 1629526295.579
20 1 1412376032.850
20 2 359628067.932
20 3 240344212.400
20 4 292086092.438
20 5 130017981.605
20 6 104563215.627
20 7 648390322.390
20 8 235836769.360
20 9 2615208874.959
20 10 567249873.273
20 11 794229802.457
20 12 1572821693.328
20 13 2210050633.984
20 14 17404029.275
20 15 2264251227.150
20 16 7696420.722
20 17 1367946852.379
20 18 54928747.525
20 19 740815497.489
20 21 1527050327.330
20 22 278688396.187
21 0 521191689.310
21 1 765904417.677
21 2 254632669.136
21 3 181049955.914
21 4 69933456.344
21 5 248802356.034
21 6 170134485.352
21 7 804807252.489
21 8 242901127.319
21 9 1787012208.906
21 10 782003925.165
21 11 397805096.993
21 12 1030918944.972
21 13 870770674.205
21 14 5298421.665
21 15 1719287991.582
21 16 4557668.025
21 17 507090775.288
21 18 126599879.010
21 19 805344328.899
21 20 886249191.822
21 22 161548740.634
22 0 347977109.880
22 1 152265634.561
22 2 23407231.931
22 3 22287728.486
22 4 60956212.103
22 5 57643044.554
22 6 14205765.096
22 7 91523992.191
22 8 34144519.844
22 9 114420313.993
22 10 293577957.582
22 11 68511370.840
22 12 91894089.731
22 13 204851917.504
22 14 3303406.341
22 15 94928534.423
22 16 2603358.889
22 17 177793629.762
22 18 13094035.413
22 19 108256714.996
22 20 212433070.797
22 21 233185564.063
