506
0 1 1457693088.813
0 2 109501024.254
0 3 211721728.463
0 4 281928448.902
0 5 364479000.163
0 6 275705658.083
0 7 1619574301.931
0 8 326934658.689
0 9 1280290409.627
0 10 690029316.872
0 11 663849350.555
0 12 795333227.470
0 13 799886629.637
0 14 19392856.018
0 15 455508729.079
0 16 13071573.815
0 17 1000000406.136
0 18 206424353.508
0 19 439176072.330
0 20 1785434501.336
0 21 335651840.197
0 22 244979157.632
1 0 847600979.982
1 2 261066767.043
1 3 201883681.034
1 4 71544964.111
1 5 180791979.751
1 6 271211093.521
1 7 1225230936.515
1 8 153340332.477
1 9 444721701.128
1 10 1324827708.549
1 11 133754677.279
1 12 1556898327.285
1 13 1926140626.059
1 14 8941634.991
1 15 1117204581.704
1 16 4171409.840
1 17 605862659.793
1 18 85633406.603
1 19 439054106.109
1 20 805346577.068
1 21 379273209.630
1 22 162467989.259
2 0 110002446.971
2 1 93068834.720
2 3 55432132.757
2 4 34475394.955
2 5 11375347.773
2 6 56030271.298
2 7 107213346.019
2 8 43471214.493
2 9 171651914.077
2 10 167355165.502
2 11 105735105.421
2 12 150581561.157
2 13 251486216.723
2 14 2775909.373
2 15 288417244.571
2 16 1884316.325
2 17 129722820.641
2 18 35729171.942
2 19 120375281.408
2 20 231984086.922
2 21 282647762.602
2 22 28405569.661
3 0 178785104.852
3 1 258846783.976
3 2 57216306.379
3 4 43062728.561
3 5 30100357.291
3 6 31090892.085
3 7 105366734.858
3 8 49583702.882
3 9 65735430.414
3 10 162845322.624
3 11 124976677.341
3 12 223027047.654
3 13 411628128.221
3 14 2056275.272
3 15 203349977.342
3 16 777531.578
3 17 84836121.580
3 18 37155643.915
3 19 124675873.544
3 20 161765560.178
3 21 104019816.305
3 22 45333955.388
4 0 316806627.675
4 1 269200290.636
4 2 60838989.625
4 3 20974147.062
4 5 30005843.704
4 6 26302491.438
4 7 326634095.262
4 8 10372714.572
4 9 192406671.226
4 10 269494084.777
4 11 109601058.982
4 12 243406349.574
4 13 372168757.475
4 14 2089973.734
4 15 144346771.088
4 16 3376304.526
4 17 171651547.848
4 18 38456455.898
4 19 134273971.901
4 20 391070938.092
4 21 178453160.707
4 22 38439419.002
5 0 239951489.239
5 1 112032304.424
5 2 47541680.180
5 3 41218472.353
5 4 32299633.880
5 6 15089630.851
5 7 111092103.096
5 8 57033522.531
5 9 204819408.504
5 10 300835157.471
5 11 61948707.745
5 12 154817921.378
5 13 390141011.670
5 14 2474554.834
5 15 397725935.935
5 16 2516481.392
5 17 97960004.085
5 18 18089235.061
5 19 165263669.768
5 20 307798029.942
5 21 169557712.105
5 22 11847003.787
6 0 251223057.339
6 1 225725543.933
6 2 46798278.880
6 3 11595117.366
6 4 29397340.440
6 5 48089846.906
6 7 264672295.667
6 8 58106566.857
6 9 343305456.442
6 10 243091603.333
6 11 68275985.476
6 12 518473508.226
6 13 121237176.501
6 14 1168224.671
6 15 85200500.714
6 16 895749.081
6 17 123367010.553
6 18 11717238.932
6 19 167281638.977
6 20 127372012.413
6 21 44504399.425
6 22 17571688.106
7 0 448279407.741
7 1 1422634632.486
7 2 196614237.406
7 3 209908996.217
7 4 81336717.932
7 5 189860838.042
7 6 119956075.967
7 8 74454506.438
7 9 1371062912.115
7 10 2150327464.418
7 11 177245638.560
7 12 1666604005.967
7 13 1971637348.641
7 14 4626720.888
7 15 2336284261.632
7 16 22832593.061
7 17 582974610.715
7 18 183054022.055
7 19 933453786.593
7 20 1689972453.072
7 21 1489419384.171
7 22 266589682.010
8 0 184245835.399
8 1 84530093.874
8 2 42368920.938
8 3 59508926.810
8 4 48086757.309
8 5 20746823.683
8 6 42059630.816
8 7 303971583.000
8 9 70582772.457
8 10 178631491.529
8 11 63906997.924
8 12 441753645.804
8 13 108455557.802
8 14 1177789.645
8 15 84427812.746
8 16 1733380.545
8 17 160387508.135
8 18 31965533.829
8 19 53132284.207
8 20 441713828.534
8 21 157781957.426
8 22 11774939.730
9 0 1506054643.182
9 1 349626513.031
9 2 134410587.426
9 3 178986852.218
9 4 339780849.704
9 5 248965823.607
9 6 185049175.395
9 7 1980467215.018
9 8 283516582.005
9 10 2835092075.286
9 11 549672717.454
9 12 2038301259.807
9 13 1366256061.632
9 14 13793523.788
9 15 1209057486.310
9 16 17406659.944
9 17 986224246.065
9 18 181325487.091
9 19 669839629.499
9 20 2529232001.521
9 21 1329170950.565
9 22 389745552.993
10 0 1622512684.108
10 1 1592714144.205
10 2 99252288.117
10 3 311701425.974
10 4 415070978.845
10 5 233879430.468
10 6 356952100.817
10 7 1731190062.021
10 8 103429655.545
10 9 2116226460.828
10 11 941898256.574
10 12 1640032726.741
10 13 1921503552.489
10 14 15698405.130
10 15 544206848.982
10 16 19523919.987
10 17 375685823.362
10 18 96389959.377
10 19 217157165.120
10 20 1340032404.723
10 21 1397512038.982
10 22 199960079.333
11 0 765109131.373
11 1 410539183.975
11 2 71689043.329
11 3 31540543.239
11 4 111272654.937
11 5 48018208.693
11 6 44407259.926
11 7 229727543.043
11 8 112632288.938
11 9 308599583.058
11 10 793356178.767
11 12 729673244.912
11 13 1111387550.232
11 14 7820160.861
11 15 436976408.465
11 16 3793058.943
11 17 207172705.680
11 18 76169489.911
11 19 320132922.503
11 20 554651968.808
11 21 147008518.878
11 22 130524132.559
12 0 954593394.467
12 1 1323533642.717
12 2 483067659.833
12 3 278317594.457
12 4 464144582.765
12 5 112387246.953
12 6 183982096.069
12 7 2690312761.777
12 8 493144556.783
12 9 903858098.692
12 10 2647688528.432
12 11 774628082.487
12 13 2442893598.788
12 14 13716811.200
12 15 3601369947.190
12 16 16786168.479
12 17 1012053314.716
12 18 161703319.918
12 19 1439532586.329
12 20 1777713322.666
12 21 1401970717.461
12 22 164701783.358
13 0 2166361300.720
13 1 1383350186.717
13 2 186755189.615
13 3 254771832.163
13 4 205393374.920
13 5 275944107.585
13 6 166099288.888
13 7 1816652391.669
13 8 334733601.327
13 9 2629311572.950
13 10 1794911035.748
13 11 491776402.821
13 12 2688524086.006
13 14 20324479.234
13 15 1342518043.118
13 16 8335581.868
13 17 610868696.799
13 18 177581806.439
13 19 935419192.033
13 20 2823374265.839
13 21 978233643.303
13 22 377741991.612
14 0 9095673.423
14 1 13425881.555
14 2 1976947.632
14 3 2746348.131
14 4 2214505.915
14 5 2262542.017
14 6 1001065.846
14 7 11245777.215
14 8 2537158.400
14 9 15414439.054
14 10 8118205.956
14 11 3338221.180
14 12 5415243.954
14 13 23798535.169
14 15 16682181.448
14 16 170151.693
14 17 6162777.456
14 18 1445162.384
14 19 9992480.417
14 20 27072364.544
14 21 4918099.629
14 22 883530.373
15 0 1848848420.743
15 1 1688678353.305
15 2 95890809.746
15 3 396997288.138
15 4 260180076.725
15 5 401480166.267
15 6 338884016.807
15 7 1169504114.541
15 8 137693279.759
15 9 697209255.782
15 10 2065576324.649
15 11 267745931.197
15 12 880261267.907
15 13 2709859524.634
15 14 10945942.472
15 16 13475377.496
15 17 239741608.931
15 18 130205363.676
15 19 760831034.119
15 20 1642304315.948
15 21 1132313099.251
15 22 347247725.842
16 0 18521336.555
16 1 4369186.341
16 2 3583775.988
16 3 3649478.295
16 4 889902.297
16 5 999228.682
16 6 1880733.736
16 7 13585871.766
16 8 2409251.485
16 9 6681904.643
16 10 24783152.992
16 11 3469471.631
16 12 24971287.496
16 13 15823765.507
16 14 132202.485
16 15 25562292.859
16 17 7688286.927
16 18 1642685.230
16 19 8088079.575
16 20 13477382.359
16 21 3087175.227
16 22 3171837.310
17 0 188197839.482
17 1 307564783.324
17 2 87546592.426
17 3 74034033.237
17 4 140948933.552
17 5 53422202.407
17 6 50994128.684
17 7 527926768.501
17 8 93587843.498
17 9 219274082.384
17 10 1259750692.911
17 11 150201055.573
17 12 1267257811.791
17 13 878759873.720
17 14 3466859.862
17 15 585168438.329
17 16 3505417.665
17 18 84178285.200
17 19 219690835.689
17 20 1053856876.692
17 21 465565985.108
17 22 98751749.126
18 0 59319885.109
18 1 106292399.963
18 2 21405374.788
18 3 36736240.786
18 4 7918946.892
18 5 16246102.710
18 6 23064889.336
18 7 80491089.294
18 8 12152120.340
18 9 191523932.832
18 10 93952120.621
18 11 85174829.281
18 12 162439190.828
18 13 185014754.759
18 14 1300727.631
18 15 90834657.153
18 16 954682.107
18 17 62677835.832
18 19 50547285.728
18 20 108685223.069
18 21 125232434.520
18 22 36199251.068
19 0 585578828.940
19 1 337056504.329
19 2 120169225.486
19 3 90706825.449
19 4 84810494.777
19 5 47293476.263
19 6 123595002.222
19 7 516246197.908
19 8 156857446.366
19 9 973258149.775
19 10 317980593.769
19 11 361154315.467
19 12 676461814.176
19 13 1212824159.886
19 14 1976679.497
19 15 473741171.394
19 16 1910271.006
19 17 389506176.042
19 18 29212317.322
19 20 302591875.932
19 21 159248868.322
19 22 88022866.007
20 0 1730027418.028
20 1 1867881398.417
20 2 231364351.266
20 3 416433318.194
20 4 127081526.676
20 5 167326505.045
20 6 231664429.255
20 7 1797894313.973
20 8 126124265.115
20 9 950273402.196
20 10 3181927266.259
20 11 482174084.815
20 12 1058542170.256
20 13 1335004640.666
20 14 13728423.302
20 15 571827129.212
20 16 25003695.347
20 17 339637142.657
20 18 74551171.892
20 19 1261193609.068
20 21 1596547710.047
20 22 260718044.509
21 0 406025012.615
21 1 1240740355.347
21 2 86895156.944
21 3 105192904.562
21 4 211553945.118
21 5 206386714.325
21 6 252084181.068
21 7 1655542416.721
21 8 215524173.734
21 9 960387453.734
21 10 1181205875.324
21 11 243476445.340
21 12 1202235265.261
21 13 1106414028.293
21 14 7810925.980
21 15 1016217997.938
21 16 14196610.938
21 17 824840353.551
21 18 61161490.829
21 19 198202442.676
21 20 433500282.955
21 22 196473554.836
22 0 68476159.553
22 1 87902601.736
22 2 24985287.264
22 3 30980162.414
22 4 49853177.648
22 5 51867120.450
22 6 28095666.188
22 7 159201981.604
22 8 11532435.142
22 9 387319566.735
22 10 259168078.696
22 11 113795480.964
22 12 238014223.217
22 13 357132881.571
22 14 3063613.405
22 15 227030450.958
22 16 1356001.300
22 17 163165203.756
22 18 28352295.234
22 19 112657790.133
22 20 312716144.226
22 21 86929980.929
