506
0 1 835703742.338
0 2 357988553.457
0 3 137718738.960
0 4 324449726.443
0 5 349371095.882
0 6 325648528.829
0 7 1124053650.998
0 8 234130296.326
0 9 840908643.547
0 10 852476324.788
0 11 302479502.449
0 12 2041447194.898
0 13 2135201123.962
0 14 9680810.286
0 15 1907151049.035
0 16 10584513.588
0 17 305557442.642
0 18 87258104.730
0 19 1007468729.159
0 20 876040764.982
0 21 1198744433.056
0 22 82917447.391
1 0 311738349.156
1 2 243136633.039
1 3 119976050.882
1 4 161830682.941
1 5 182953263.512
1 6 226545307.270
1 7 808114666.443
1 8 140231647.017
1 9 1778673160.054
1 10 1478759632.982
1 11 438851417.812
1 12 995655182.562
1 13 1991277495.759
1 14 15450067.970
1 15 1866406813.719
1 16 4226309.696
1 17 250402593.950
1 18 110172537.254
1 19 304238450.675
1 20 1178551234.779
1 21 261883237.687
1 22 220596441.596
2 0 168769340.634
2 1 141238069.634
2 3 49060741.100
2 4 51147751.609
2 5 29442348.516
2 6 54672236.779
2 7 278017380.663
2 8 11912825.860
2 9 192440156.951
2 10 431439219.987
2 11 36943675.671
2 12 234897049.264
2 13 230152300.179
2 14 3742889.103
2 15 234070361.961
2 16 1052118.332
2 17 145113621.759
2 18 31979422.365
2 19 50161060.562
2 20 245775582.744
2 21 72669427.018
2 22 45699584.214
3 0 236043159.098
3 1 161992467.573
3 2 21571612.391
3 4 20440882.649
3 5 28816328.601
3 6 21553274.980
3 7 222473649.880
3 8 17181870.446
3 9 310766708.375
3 10 201804258.071
3 11 50203467.869
3 12 331499421.611
3 13 292283509.945
3 14 1006310.963
3 15 318922046.808
3 16 3211797.603
3 17 113240146.460
3 18 28833692.664
3 19 62597447.973
3 20 295394678.061
3 21 250161588.002
3 22 20743193.409
4 0 266598598.080
4 1 175832485.563
4 2 42175638.537
4 3 60424162.239
4 5 33483501.606
4 6 18492062.447
4 7 292545348.131
4 8 10698459.948
4 9 86202289.121
4 10 412242235.687
4 11 121012744.624
4 12 293393403.926
4 13 151889969.461
4 14 2775849.249
4 15 271211320.654
4 16 1300905.340
4 17 66526743.335
4 18 32463064.698
4 19 44767081.559
4 20 186199579.491
4 21 95127206.065
4 22 43769134.337
5 0 227473192.554
5 1 161446700.213
5 2 29186306.009
5 3 46949383.551
5 4 14856231.632
5 6 48945859.776
5 7 272895176.189
5 8 38578307.591
5 9 94524856.266
5 10 419214050.538
5 11 110161754.994
5 12 368586210.739
5 13 308970324.712
5 14 3427327.755
5 15 184017788.485
5 16 3242293.578
5 17 54379743.743
5 18 31999881.163
5 19 82561846.361
5 20 414351610.132
5 21 171263223.262
5 22 55779847.283
6 0 208060860.891
6 1 237015950.262
6 2 24586642.806
6 3 24045606.180
6 4 35084334.856
6 5 29959008.611
6 7 96457224.323
6 8 22953097.976
6 9 120105768.485
6 10 292078294.757
6 11 26356389.031
6 12 362351490.336
6 13 256437830.873
6 14 1471277.934
6 15 426818222.467
6 16 2093814.367
6 17 131714971.072
6 18 10960114.908
6 19 154191303.394
6 20 155756983.136
6 21 143162230.790
6 22 13558141.669
7 0 968612256.814
7 1 1418178083.761
7 2 148561699.824
7 3 126163434.005
7 4 299362162.292
7 5 173394419.092
7 6 293423809.724
7 8 180196090.986
7 9 1960500194.121
7 10 775996992.132
7 11 177608914.766
7 12 2547406682.435
7 13 943306569.918
7 14 9675896.832
7 15 907506619.892
7 16 16776126.080
7 17 627691155.201
7 18 190210327.260
7 19 259673742.387
7 20 2321386299.651
7 21 957528059.941
7 22 113363885.282
8 0 255780338.645
8 1 45713438.990
8 2 55771945.321
8 3 52606886.060
8 4 44536474.821
8 5 27678454.970
8 6 37010444.251
8 7 285781718.571
8 9 275753204.045
8 10 148166217.030
8 11 147301007.117
8 12 344797865.811
8 13 141498274.850
8 14 2699268.934
8 15 261777206.728
8 16 1039086.534
8 17 147920621.677
8 18 24303541.992
8 19 82960311.771
8 20 391042001.124
8 21 101911739.759
8 22 43971792.845
9 0 622373091.113
9 1 400925642.667
9 2 242627920.417
9 3 154571556.236
9 4 200477545.426
9 5 143576625.410
9 6 357756403.156
9 7 2252532976.724
9 8 322158257.861
9 10 1242944529.945
9 11 912961408.325
9 12 1291522995.107
9 13 1408648358.585
9 14 6325084.006
9 15 1532772920.194
9 16 17677688.518
9 17 911932877.529
9 18 76712931.325
9 19 451753026.017
9 20 2625590252.183
9 21 432488513.092
9 22 270042636.494
10 0 942507571.236
10 1 1647512472.706
10 2 92075704.165
10 3 354297608.386
10 4 115251212.051
10 5 232354349.594
10 6 367175662.482
10 7 1746407482.981
10 8 312797730.595
10 9 2791178114.146
10 11 846928311.489
10 12 3318172444.578
10 13 1930950297.981
10 14 20735817.732
10 15 1710995948.929
10 16 4546728.530
10 17 529035456.662
10 18 157984748.286
10 19 590500471.552
10 20 1124199678.352
10 21 626137230.950
10 22 125894975.953
11 0 181422042.912
11 1 614635178.957
11 2 126572252.056
11 3 121354431.994
11 4 110590185.798
11 5 48174272.104
11 6 146592462.683
11 7 532943653.883
11 8 40760330.342
11 9 385562417.012
11 10 1050008360.779
11 12 1091070420.042
11 13 391881587.105
11 14 4189637.513
11 15 1007179288.139
11 16 8782085.369
11 17 188291151.029
11 18 75160061.018
11 19 131229332.269
11 20 956527913.404
11 21 423270146.636
11 22 116269659.089
12 0 1674969406.761
12 1 768393826.255
12 2 463994797.717
12 3 335730507.185
12 4 353247671.816
12 5 224599700.378
12 6 323706680.381
12 7 1844748594.039
12 8 107160264.444
12 9 2764492274.203
12 10 2386312261.146
12 11 214948315.291
12 13 3757895678.161
12 14 15260077.341
12 15 2257406873.408
12 16 18286862.440
12 17 1378198506.461
12 18 240642669.068
12 19 908112263.818
12 20 2327207742.542
12 21 1030973007.653
12 22 382020756.941
13 0 2719646578.941
13 1 545154058.201
13 2 399635655.135
13 3 228358963.618
13 4 194033405.830
13 5 437345460.173
13 6 77555908.815
13 7 1072594063.204
13 8 338898782.578
13 9 1227106299.210
13 10 1197448577.255
13 11 883837556.742
13 12 1457371899.548
13 14 16042651.191
13 15 2082628080.432
13 16 22371871.733
13 17 956837115.685
13 18 53732267.501
13 19 322180892.702
13 20 1200540739.728
13 21 421940640.433
13 22 167049582.928
14 0 14853049.057
14 1 13012047.868
14 2 1198244.736
14 3 3276953.069
14 4 1118496.651
14 5 2635896.449
14 6 1238005.864
14 7 6989494.331
14 8 2067409.761
14 9 16564933.390
14 10 12578034.026
14 11 5049521.917
14 12 23763858.381
14 13 8474036.315
14 15 7416181.276
14 16 139159.845
14 17 11295044.278
14 18 886237.933
14 19 4425768.286
14 20 8139808.512
14 21 4997912.733
14 22 2471017.786
15 0 1732916099.679
15 1 909973787.989
15 2 171524640.365
15 3 117946900.006
15 4 270736870.669
15 5 100082096.659
15 6 351612983.350
15 7 814785935.241
15 8 344336122.685
15 9 919645808.610
15 10 2294476726.891
15 11 183993825.636
15 12 1872895852.255
15 13 2449824033.273
15 14 24003825.167
15 16 10534133.036
15 17 241352589.000
15 18 254358301.497
15 19 401327385.049
15 20 3212982695.653
15 21 1585302048.092
15 22 403828407.842
16 0 4806055.334
16 1 6653462.800
16 2 2868112.730
16 3 1628330.466
16 4 1245864.597
16 5 3645016.975
16 6 3709547.426
16 7 7638573.802
16 8 3458073.025
16 9 12330435.458
16 10 18864950.048
16 11 1605806.615
16 12 32480015.778
16 13 8732310.869
16 14 95479.441
16 15 21407795.707
16 17 7108608.241
16 18 455096.001
16 19 10074393.202
16 20 8247165.092
16 21 14201958.121
16 22 1710102.717
17 0 982960816.146
17 1 805549544.764
17 2 93881079.146
17 3 58230824.890
17 4 72279503.987
17 5 94328292.079
17 6 150021855.881
17 7 376818139.834
17 8 84335528.246
17 9 430272978.416
17 10 1128367981.287
17 11 427644627.438
17 12 1448896513.366
17 13 793856775.096
17 14 7369662.987
17 15 892040973.331
17 16 4734739.938
17 18 59609711.823
17 19 269474227.904
17 20 1043633917.801
17 21 333016668.946
17 22 116782172.781
18 0 195710530.508
18 1 59278757.801
18 2 22721831.764
18 3 32402191.611
18 4 6947821.713
18 5 38112872.501
18 6 19530528.957
18 7 75430587.673
18 8 30289323.277
18 9 119153377.303
18 10 92025501.858
18 11 46268339.077
18 12 55217781.155
18 13 185555933.745
18 14 447259.142
18 15 219085481.719
18 16 826868.264
18 17 97500472.231
18 19 98172932.671
18 20 162211055.544
18 21 103595987.060
18 22 27717269.037
19 0 610103307.906
19 1 395529027.452
19 2 184731910.654
19 3 76547766.910
19 4 169273140.057
19 5 72203228.357
19 6 86867384.967
19 7 773694940.475
19 8 85101912.518
19 9 960325713.803
19 10 701186428.013
19 11 399181662.746
19 12 585255952.178
19 13 398946167.725
19 14 6704437.114
19 15 658704115.079
19 16 5645036.766
19 17 137161562.698
19 18 97028737.478
19 20 450834109.218
19 21 549414620.389
19 22 143580497.642
20 0 506903105.657
20 1 1826814066.488
20 2 457049834.943
20 3 342275337.577
20 4 230762754.261
20 5 192112373.219
20 6 399413956.185
20 7 2301276863.915
20 8 264328256.874
20 9 2715243454.328
20 10 1820368307.891
20 11 307323180.403
20 12 3923861015.909
20 13 1844382239.133
20 14 10694761.175
20 15 1057155623.829
20 16 21689495.846
20 17 451609110.573
20 18 257144016.047
20 19 592243204.742
20 21 579982701.262
20 22 392784233.879
21 0 613380309.694
21 1 1192964129.593
21 2 185799048.530
21 3 218654758.440
21 4 48736398.519
21 5 254423161.896
21 6 272225880.273
21 7 398358387.281
21 8 104338730.774
21 9 674559028.974
21 10 1910888224.847
21 11 112573419.551
21 12 379648654.475
21 13 1850742384.177
21 14 5725443.529
21 15 1291237255.141
21 16 15894844.692
21 17 440166220.095
21 18 101065247.289
21 19 762041760.479
21 20 693082461.020
21 22 144526910.847
22 0 357108681.701
22 1 157632330.632
22 2 60347714.347
22 3 35651392.320
22 4 34368116.888
22 5 10526284.118
22 6 15237004.132
22 7 178034623.590
22 8 25477686.706
22 9 396999997.110
22 10 230927603.486
22 11 145852860.053
22 12 289040051.981
22 13 414799333.722
22 14 1190438.632
22 15 231150960.213
22 16 769275.383
22 17 147489789.521
22 18 20507241.604
22 19 146482233.585
22 20 334975210.974
22 21 234091952.186
