506
0 1 400338682.898
0 2 87807306.837
0 3 89375768.270
0 4 173003479.305
0 5 128467023.915
0 6 68861094.202
0 7 1245328063.594
0 8 212481162.518
0 9 2089195544.717
0 10 1295335344.084
0 11 683479837.662
0 12 2849460320.509
0 13 2362127339.822
0 14 22590422.932
0 15 1943217342.565
0 16 21333042.556
0 17 876848251.518
0 18 105921137.950
0 19 540098915.027
0 20 2410772199.676
0 21 1027027449.126
0 22 152452875.904
1 0 1004582957.380
1 2 245566131.953
1 3 236304986.180
1 4 51455321.260
1 5 213972340.651
1 6 243402722.061
1 7 1672042749.799
1 8 75600677.190
1 9 601990604.734
1 10 1899178888.032
1 11 665967427.473
1 12 856263667.205
1 13 563919699.824
1 14 10127070.125
1 15 365356443.621
1 16 14793750.720
1 17 683109628.203
1 18 62675776.787
1 19 338226093.275
1 20 1919272772.967
1 21 464091012.314
1 22 240927525.394
2 0 300116026.050
2 1 191537667.419
2 3 32052714.678
2 4 11888217.382
2 5 52669422.147
2 6 42509887.761
2 7 104808583.131
2 8 23284386.743
2 9 239350335.607
2 10 398526825.153
2 11 157177547.095
2 12 180855624.877
2 13 452532269.012
2 14 3113010.422
2 15 315428957.346
2 16 2513356.789
2 17 146428468.859
2 18 22293504.179
2 19 92802215.818
2 20 404860649.042
2 21 188957848.094
2 22 25679562.111
3 0 205944348.644
3 1 91493470.961
3 2 24638790.711
3 4 17031190.683
3 5 26937981.639
3 6 39308064.077
3 7 232045691.600
3 8 19793319.938
3 9 236313226.453
3 10 207800171.024
3 11 47593586.512
3 12 324781542.771
3 13 275454517.614
3 14 1209566.687
3 15 235280055.698
3 16 3034833.081
3 17 149986006.637
3 18 6984268.874
3 19 131966268.949
3 20 111435737.930
3 21 201590992.392
3 22 24498280.866
4 0 262987999.415
4 1 99067324.667
4 2 31377339.467
4 3 55510450.033
4 5 21341171.605
4 6 10607476.975
4 7 94865228.749
4 8 45912725.992
4 9 89897803.126
4 10 302955458.128
4 11 135353340.429
4 12 511231669.998
4 13 383491468.322
4 14 2673604.013
4 15 424767705.897
4 16 2222233.113
4 17 75659788.290
4 18 6524517.026
4 19 64453811.793
4 20 81427874.175
4 21 155152689.541
4 22 13623671.512
5 0 326003404.588
5 1 176026955.408
5 2 62116926.824
5 3 22538296.468
5 4 22833887.651
5 6 46987281.672
5 7 64447644.101
5 8 42346949.011
5 9 262044923.600
5 10 190302967.731
5 11 58734055.485
5 12 397831480.094
5 13 440727574.246
5 14 2573609.731
5 15 111765131.757
5 16 3776434.294
5 17 90025203.031
5 18 28896960.386
5 19 93436564.214
5 20 367936659.667
5 21 109085917.586
5 22 37845943.010
6 0 321049424.896
6 1 215140325.513
6 2 29137156.253
6 3 33242481.904
6 4 22134063.791
6 5 47100776.192
6 7 128778814.396
6 8 17602194.882
6 9 387591088.515
6 10 197532932.025
6 11 77132927.024
6 12 357715801.496
6 13 343573389.486
6 14 1513792.011
6 15 75439136.989
6 16 1726588.721
6 17 104240633.497
6 18 15245503.378
6 19 103330948.848
6 20 354191039.633
6 21 226625873.476
6 22 53895994.957
7 0 1173024955.665
7 1 274812551.475
7 2 89941718.819
7 3 248096783.359
7 4 146319910.426
7 5 362211946.302
7 6 261384189.466
7 8 199227964.468
7 9 1266938676.361
7 10 573924861.686
7 11 615785942.448
7 12 760701242.404
7 13 740795055.817
7 14 6374895.387
7 15 1014556582.978
7 16 22623255.759
7 17 842259960.843
7 18 148043246.863
7 19 846639721.239
7 20 1894704763.628
7 21 488624332.820
7 22 179953719.545
8 0 219971907.452
8 1 128981988.777
8 2 44776389.582
8 3 39817836.095
8 4 51691398.202
8 5 24252753.458
8 6 31870080.190
8 7 179829855.797
8 9 246590724.541
8 10 298595940.906
8 11 149171752.321
8 12 387933169.885
8 13 322226184.145
8 14 2052463.663
8 15 227449576.408
8 16 1178130.220
8 17 163980095.804
8 18 24165647.015
8 19 116893084.293
8 20 77709422.581
8 21 108613925.966
8 22 18189659.441
9 0 1589442428.437
9 1 1410512418.991
9 2 330345044.202
9 3 126817568.442
9 4 317528552.264
9 5 238684766.696
9 6 173818394.493
9 7 1419270339.753
9 8 319098220.272
9 10 1381109006.792
9 11 212569051.587
9 12 711449564.090
9 13 1784718736.414
9 14 16619962.547
9 15 1830705981.875
9 16 11355468.620
9 17 964504425.666
9 18 94881012.773
9 19 938765116.092
9 20 778567417.495
9 21 1529717774.243
9 22 275001583.869
10 0 2623746695.759
10 1 1717394901.148
10 2 232650848.629
10 3 71270170.946
10 4 408859082.470
10 5 130624087.634
10 6 327910825.484
10 7 490054705.798
10 8 349378197.956
10 9 1112840966.333
10 11 374500013.739
10 12 2017704724.674
10 13 2804464606.950
10 14 5062237.220
10 15 2341219536.239
10 16 25634326.295
10 17 674569794.564
10 18 154270485.689
10 19 381928521.510
10 20 1676862728.783
10 21 809590988.811
10 22 244435250.455
11 0 894088909.760
11 1 434284732.661
11 2 120572556.097
11 3 107273524.849
11 4 141465937.099
11 5 57293907.027
11 6 55857256.132
11 7 544184182.802
11 8 90036590.166
11 9 284143845.846
11 10 218068765.348
11 12 663497042.688
11 13 788423642.241
11 14 2681305.851
11 15 190279102.189
11 16 5133318.625
11 17 283730162.105
11 18 53694826.167
11 19 230355253.326
11 20 560153115.325
11 21 589592011.358
11 22 128807084.360
12 0 1090330047.054
12 1 1599875432.315
12 2 345302226.681
12 3 349313923.902
12 4 153397426.034
12 5 320150962.341
12 6 210375370.266
12 7 1485601293.690
12 8 127365205.330
12 9 1567887837.799
12 10 1787318481.271
12 11 216667561.087
12 13 1660716012.680
12 14 23365366.944
12 15 3222099159.825
12 16 31158837.061
12 17 1335738415.717
12 18 287145960.291
12 19 992200740.556
12 20 1788582748.205
12 21 1763885744.290
12 22 319415140.557
13 0 2621186588.462
13 1 1839763181.505
13 2 139579810.624
13 3 297400455.869
13 4 268895537.271
13 5 236743463.782
13 6 371941617.559
13 7 1623516211.454
13 8 304961798.872
13 9 2796434728.310
13 10 2811336370.041
13 11 546803552.526
13 12 3747374941.102
13 14 10356016.536
13 15 2153102687.559
13 16 21282976.830
13 17 825863835.013
13 18 61321672.211
13 19 412682649.285
13 20 2796654708.350
13 21 951500532.999
13 22 206772650.573
14 0 18110307.158
14 1 12444747.346
14 2 3051387.468
14 3 3309548.053
14 4 3493454.660
14 5 2161606.498
14 6 916788.715
14 7 4789348.415
14 8 932913.649
14 9 9051802.121
14 10 17923430.298
14 11 8468509.100
14 12 15207483.098
14 13 10127753.059
14 15 24274976.139
14 16 170422.211
14 17 3526466.989
14 18 1155244.013
14 19 5830348.374
14 20 13857598.925
14 21 3516532.360
14 22 3742101.531
15 0 914132265.329
15 1 703101390.994
15 2 326342349.209
15 3 74502632.995
15 4 180124446.408
15 5 157609838.663
15 6 368570219.845
15 7 732664100.804
15 8 331538162.924
15 9 1137603163.843
15 10 2815534249.419
15 11 948731149.682
15 12 1428530887.841
15 13 1729872044.963
15 14 12818302.565
15 16 7469202.409
15 17 1230763480.809
15 18 220854739.624
15 19 716557535.555
15 20 2344947440.911
15 21 1032913376.788
15 22 137821452.840
16 0 11468063.551
16 1 10728021.976
16 2 2948589.565
16 3 2470971.708
16 4 1340739.168
16 5 2081211.017
16 6 3018858.436
16 7 6637635.702
16 8 3572599.552
16 9 9545711.262
16 10 22410468.199
16 11 2161998.972
16 12 10798113.232
16 13 20389010.232
16 14 142348.625
16 15 22720429.837
16 17 7570572.690
16 18 1414001.518
16 19 1920017.679
16 20 23376624.752
16 21 7305029.893
16 22 3496379.180
17 0 326380414.403
17 1 563901324.346
17 2 48370787.172
17 3 47391121.907
17 4 81317374.485
17 5 112136375.726
17 6 106657719.273
17 7 395833706.813
17 8 101132195.620
17 9 569336884.548
17 10 661633833.090
17 11 224684062.218
17 12 1103457388.360
17 13 1161403122.856
17 14 2572312.707
17 15 1207757694.824
17 16 5452382.190
17 18 86658666.275
17 19 263655863.570
17 20 831415458.545
17 21 822192920.423
17 22 35795570.362
18 0 188969413.600
18 1 166637532.131
18 2 23380728.173
18 3 31787996.504
18 4 11658745.119
18 5 33225885.781
18 6 8367044.768
18 7 227124437.643
18 8 22677262.837
18 9 252491324.441
18 10 243151903.890
18 11 51560402.531
18 12 120521481.833
18 13 191955962.304
18 14 645692.852
18 15 208215799.025
18 16 1579785.216
18 17 47208524.992
18 19 70707510.528
18 20 145760363.118
18 21 167656635.486
18 22 14191324.000
19 0 1055778856.970
19 1 179110524.991
19 2 49044718.874
19 3 77921499.576
19 4 50938985.263
19 5 138499269.508
19 6 45321986.414
19 7 836887910.428
19 8 71916375.307
19 9 1138273562.552
19 10 947639221.397
19 11 164267448.152
19 12 950169788.391
19 13 429665374.493
19 14 3618708.872
19 15 1056383048.157
19 16 2782735.047
19 17 533151134.861
19 18 87401130.988
19 20 1081713937.956
19 21 557648645.473
19 22 81994413.613
20 0 2661656237.034
20 1 1370679775.912
20 2 243925719.917
20 3 171624055.741
20 4 354158581.245
20 5 153383424.453
20 6 290555297.468
20 7 2743248283.925
20 8 108553118.978
20 9 930587612.565
20 10 1444700952.471
20 11 1039470463.400
20 12 3880322575.660
20 13 1930629142.088
20 14 28554284.156
20 15 1839543967.239
20 16 25397774.479
20 17 232018331.638
20 18 207682343.018
20 19 828169824.748
20 21 397938878.187
20 22 420620436.464
21 0 1103907367.568
21 1 1050081421.671
21 2 47634308.600
21 3 129541952.977
21 4 230017429.653
21 5 268238872.389
21 6 218799233.628
21 7 403844409.615
21 8 66765100.138
21 9 978077093.022
21 10 1355052456.886
21 11 497554033.907
21 12 1968156750.625
21 13 775930195.077
21 14 8379466.353
21 15 563265711.369
21 16 11704421.054
21 17 617326884.790
21 18 170175576.093
21 19 704742587.131
21 20 1085317197.555
21 22 118490229.752
22 0 245877074.809
22 1 118976814.936
22 2 16043454.965
22 3 19980745.510
22 4 42867840.744
22 5 40074358.309
22 6 61194516.955
22 7 270573047.000
22 8 54392746.711
22 9 293280332.001
22 10 92880450.553
22 11 55992220.148
22 12 166785069.696
22 13 162417637.395
22 14 2817481.382
22 15 182565640.106
22 16 2690719.448
22 17 147123044.241
22 18 19482921.447
22 19 111685700.267
22 20 324340040.953
22 21 267610259.773
