506
0 1 1370415897.171
0 2 138247764.269
0 3 119944006.087
0 4 204400479.008
0 5 157944635.678
0 6 293637601.397
0 7 1046362878.777
0 8 118033439.022
0 9 2116331245.176
0 10 697397693.362
0 11 441270393.097
0 12 2622993724.268
0 13 1295846153.439
0 14 11850874.059
0 15 2058152399.496
0 16 20042775.424
0 17 570527809.752
0 18 123022203.487
0 19 285504808.563
0 20 2059185517.347
0 21 529784937.233
0 22 290091029.090
1 0 760689780.396
1 2 263824966.219
1 3 218740433.581
1 4 245592837.723
1 5 123537482.971
1 6 265298838.667
1 7 488720079.528
1 8 247166526.437
1 9 353203498.265
1 10 1526034233.401
1 11 139211605.852
1 12 1237272838.385
1 13 395914037.483
1 14 6783221.619
1 15 854799721.198
1 16 4783801.238
1 17 712166826.207
1 18 133606239.911
1 19 470569070.110
1 20 1366513610.068
1 21 557968587.389
1 22 166840382.783
2 0 70750139.759
2 1 154071508.482
2 3 54636937.981
2 4 12233948.012
2 5 14011881.753
2 6 26712127.486
2 7 321969451.530
2 8 19532710.723
2 9 410087887.899
2 10 303318746.209
2 11 108025022.379
2 12 380986639.227
2 13 329878209.010
2 14 3079016.143
2 15 156451638.864
2 16 920591.121
2 17 154848781.861
2 18 16850133.244
2 19 110934321.707
2 20 437612383.022
2 21 219631590.914
2 22 58893724.036
3 0 141483454.421
3 1 100823680.655
3 2 50991238.348
3 4 37383044.936
3 5 23714124.797
3 6 21453139.727
3 7 124744392.298
3 8 43199627.995
3 9 323533786.150
3 10 158355551.161
3 11 145867584.878
3 12 159395878.092
3 13 135232714.124
3 14 1544033.833
3 15 313969472.604
3 16 3398429.909
3 17 71803063.309
3 18 37717871.609
3 19 37068435.104
3 20 242034512.087
3 21 87237009.512
3 22 56043253.921
4 0 181050844.949
4 1 162831986.682
4 2 51378043.915
4 3 29309073.238
4 5 44019999.323
4 6 47614267.063
4 7 249407427.333
4 8 57239116.186
4 9 157681655.019
4 10 247546250.668
4 11 111788263.246
4 12 395662700.271
4 13 197420034.104
4 14 1654948.464
4 15 160580597.070
4 16 2412597.659
4 17 57191947.486
4 18 17294193.838
4 19 178695563.423
4 20 365953829.433
4 21 70212743.100
4 22 14262286.668
5 0 192781232.289
5 1 153169225.452
5 2 33961653.679
5 3 50183955.259
5 4 29095289.979
5 6 27392531.508
5 7 121260523.175
5 8 18993291.343
5 9 398403584.929
5 10 119524132.427
5 11 84073146.814
5 12 375997626.871
5 13 207279422.773
5 14 3334999.538
5 15 331660346.154
5 16 1139955.739
5 17 152178564.729
5 18 25947840.709
5 19 113900726.530
5 20 160483963.790
5 21 97757035.797
5 22 46367661.381
6 0 219052724.014
6 1 152207470.412
6 2 29835328.752
6 3 25977467.886
6 4 14373305.429
6 5 18731845.565
6 7 236090134.021
6 8 32544295.320
6 9 115896952.298
6 10 224527981.981
6 11 141966642.968
6 12 358095896.782
6 13 109720016.758
6 14 3073794.134
6 15 350079055.326
6 16 2933433.398
6 17 109145165.363
6 18 12709660.806
6 19 70880119.199
6 20 457704310.582
6 21 75023861.524
6 22 20446058.982
7 0 511796408.194
7 1 1112256259.067
7 2 159188806.917
7 3 107666371.050
7 4 71068044.165
7 5 278737301.725
7 6 74206973.135
7 8 165346665.455
7 9 1213304639.433
7 10 1902196068.928
7 11 160944310.954
7 12 676814575.185
7 13 941007333.142
7 14 10150226.866
7 15 2488955526.601
7 16 15572151.642
7 17 336822496.300
7 18 100129645.207
7 19 211395918.230
7 20 844907688.881
7 21 1146731711.424
7 22 186178818.124
8 0 150694405.370
8 1 252681531.019
8 2 53187867.012
8 3 16094612.492
8 4 25507887.913
8 5 34418479.167
8 6 49415633.564
8 7 367157851.486
8 9 172457974.676
8 10 209015714.325
8 11 52105310.371
8 12 492316585.091
8 13 75757141.045
8 14 1932320.976
8 15 132202924.752
8 16 1750161.076
8 17 90519008.342
8 18 34244585.654
8 19 47254360.368
8 20 297976133.489
8 21 52431496.511
8 22 49918034.345
9 0 1269387534.347
9 1 1177754627.718
9 2 353768974.527
9 3 340600376.003
9 4 325864613.048
9 5 101365607.103
9 6 395360246.075
9 7 743585473.291
9 8 309930739.192
9 10 2600983861.717
9 11 317354533.862
9 12 2140547062.142
9 13 2040689516.547
9 14 8788138.114
9 15 2215381634.851
9 16 17152612.587
9 17 512191481.469
9 18 104193659.502
9 19 1035600849.759
9 20 2625061410.343
9 21 562359037.085
9 22 126698482.435
10 0 1777837956.850
10 1 1465790983.980
10 2 446273870.236
10 3 326910929.126
10 4 76692242.942
10 5 82584829.995
10 6 434831535.487
10 7 1253267907.613
10 8 183502469.501
10 9 1423211762.095
10 11 503149272.329
10 12 834444011.827
10 13 1767715904.592
10 14 18910393.833
10 15 2386319222.742
10 16 12145234.310
10 17 485579760.614
10 18 193592938.128
10 19 451007118.712
10 20 932909240.219
10 21 449174108.177
10 22 233399484.363
11 0 748816502.903
11 1 549701572.642
11 2 63574942.477
11 3 89051563.461
11 4 95615232.189
11 5 33892420.894
11 6 127961137.795
11 7 431038620.722
11 8 94009082.582
11 9 891202164.453
11 10 885421049.227
11 12 819757661.637
11 13 353093420.949
11 14 2128002.465
11 15 753265368.731
11 16 6509261.106
11 17 460817502.986
11 18 67478701.393
11 19 207622011.973
11 20 584067178.106
11 21 571995114.455
11 22 32708795.818
12 0 2671339380.455
12 1 549386542.327
12 2 374163235.751
12 3 128322581.543
12 4 298138146.986
12 5 327911413.095
12 6 170091106.013
12 7 1252862858.080
12 8 135283622.885
12 9 2388769016.071
12 10 2429304836.869
12 11 582446571.880
12 13 3702093713.280
12 14 28111282.230
12 15 759193629.798
12 16 20653552.501
12 17 666808558.731
12 18 199713156.430
12 19 257437704.528
12 20 1882422497.766
12 21 2008358446.286
12 22 206983233.194
13 0 1830754932.671
13 1 514311175.417
13 2 260138559.389
13 3 110480381.444
13 4 375703474.958
13 5 451661983.287
13 6 183505300.598
13 7 998124737.914
13 8 212570590.747
13 9 706251844.179
13 10 1216553494.801
13 11 604991737.510
13 12 1248766011.398
13 14 5200562.630
13 15 2280665667.084
13 16 28478660.842
13 17 1346237756.246
13 18 134810435.948
13 19 447085180.386
13 20 2709334130.359
13 21 1733768614.032
13 22 410972781.197
14 0 5491279.439
14 1 4133460.236
14 2 1242200.362
14 3 790065.447
14 4 3233151.927
14 5 2941568.528
14 6 2481159.517
14 7 5278543.928
14 8 3106051.145
14 9 24226202.601
14 10 7906382.758
14 11 4841498.212
14 12 26038130.818
14 13 26194745.088
14 15 9349887.508
14 16 189159.795
14 17 6903886.446
14 18 731295.916
14 19 4110965.933
14 20 24532712.900
14 21 6692940.272
14 22 2173922.738
15 0 1701533549.734
15 1 1449790180.254
15 2 307033991.945
15 3 243867545.355
15 4 119173347.199
15 5 69720053.263
15 6 366050989.811
15 7 1220680185.985
15 8 147723163.233
15 9 2209960219.803
15 10 2261582016.372
15 11 206371127.305
15 12 887686323.499
15 13 2222371278.371
15 14 12240167.977
15 16 26262176.862
15 17 701595237.650
15 18 75857941.458
15 19 748199128.666
15 20 1489378012.739
15 21 1539538495.478
15 22 344438710.133
16 0 3984298.851
16 1 7399649.381
16 2 2467666.545
16 3 881895.191
16 4 2492913.778
16 5 3314131.619
16 6 2697981.272
16 7 12516654.473
16 8 656054.974
16 9 18421447.803
16 10 18142230.793
16 11 4571509.278
16 12 28061477.736
16 13 25707562.138
16 14 116845.785
16 15 13979689.239
16 17 4722372.210
16 18 838906.915
16 19 4474734.799
16 20 26683831.186
16 21 3112526.921
16 22 1993240.161
17 0 297511895.945
17 1 375067786.838
17 2 66886230.700
17 3 45948329.890
17 4 117554337.374
17 5 75038449.610
17 6 45663657.949
17 7 344711758.107
17 8 89245225.382
17 9 889549968.969
17 10 608196088.660
17 11 134792200.314
17 12 596530461.958
17 13 242161807.669
17 14 9799159.023
17 15 492091908.803
17 16 5764757.347
17 18 72523365.999
17 19 537716852.344
17 20 513314946.834
17 21 772666158.334
17 22 136798175.107
18 0 227529976.138
18 1 105567630.897
18 2 33670747.318
18 3 16614667.299
18 4 35295426.411
18 5 36560897.180
18 6 30602071.710
18 7 130350576.847
18 8 18402417.929
18 9 97871482.572
18 10 141950849.132
18 11 33872155.437
18 12 69186629.217
18 13 221272470.562
18 14 1448987.896
18 15 236126107.622
18 16 1159634.339
18 17 54818236.240
18 19 48881257.838
18 20 265629309.411
18 21 147527873.993
18 22 19914443.889
19 0 1017299132.931
19 1 394949194.543
19 2 49500249.894
19 3 104689070.420
19 4 60552352.724
19 5 52883138.908
19 6 129963427.294
19 7 810894211.168
19 8 81140626.880
19 9 831043004.332
19 10 722340405.318
19 11 452392937.766
19 12 1468137793.992
19 13 816540100.668
19 14 9024092.583
19 15 1248756522.991
19 16 3233103.853
19 17 322543260.698
19 18 94593240.544
19 20 1014500509.002
19 21 135022961.805
19 22 93333188.204
20 0 1506826718.177
20 1 1892336449.119
20 2 415584722.255
20 3 89470723.505
20 4 267291785.741
20 5 116685887.751
20 6 155173147.295
20 7 2264896382.474
20 8 378685032.676
20 9 2803024899.681
20 10 3109836085.597
20 11 451687113.315
20 12 3239458104.874
20 13 1963131408.673
20 14 9964111.491
20 15 1458808035.871
20 16 22823143.383
20 17 1280093492.310
20 18 165172015.493
20 19 1171863258.249
20 21 418101506.124
20 22 326645611.739
21 0 1084749771.868
21 1 806014217.269
21 2 254862754.792
21 3 121672018.137
21 4 241284214.500
21 5 249712299.339
21 6 220241094.675
21 7 813887507.988
21 8 115107207.798
21 9 1568174437.348
21 10 1551135235.395
21 11 475167822.072
21 12 1099467707.671
21 13 1863189694.306
21 14 17069625.644
21 15 674887726.682
21 16 14490700.204
21 17 243690300.948
21 18 134663082.250
21 19 418807421.341
21 20 662427181.645
21 22 188973658.876
22 0 146476199.482
22 1 183310873.042
22 2 59516290.600
22 3 21428379.267
22 4 60446098.277
22 5 31955662.273
22 6 50920967.581
22 7 91419607.219
22 8 11853324.436
22 9 380602436.859
22 10 354304962.084
22 11 45903819.832
22 12 253239924.555
22 13 179734147.126
22 14 622796.893
22 15 348897910.819
22 16 1871342.950
22 17 58949195.408
22 18 16187478.545
22 19 126293896.239
22 20 129113420.240
22 21 258194596.415
