506
0 1 631560520.298
0 2 213672514.928
0 3 104277434.945
0 4 300116700.854
0 5 97618918.607
0 6 132095776.302
0 7 902043678.165
0 8 366972997.980
0 9 1525008934.606
0 10 1376427346.815
0 11 655556722.648
0 12 2159571588.657
0 13 976531544.649
0 14 4547268.488
0 15 2278504972.584
0 16 8737727.437
0 17 795446414.810
0 18 174487345.590
0 19 1036115177.546
0 20 1357958916.694
0 21 1449676748.608
0 22 83577670.257
1 0 1058864832.432
1 2 75644295.673
1 3 132343417.301
1 4 99023941.858
1 5 213998127.327
1 6 124546513.057
1 7 551828591.615
1 8 69638791.994
1 9 1659690777.602
1 10 751779022.483
1 11 203018507.872
1 12 1623991354.853
1 13 928866254.764
1 14 14856931.846
1 15 1209956980.067
1 16 6418999.224
1 17 583868735.440
1 18 53570250.510
1 19 221162538.123
1 20 1702156004.764
1 21 283705994.107
1 22 242283757.645
2 0 308351345.098
2 1 202666890.504
2 3 53458959.874
2 4 63397708.892
2 5 13286414.193
2 6 54555649.450
2 7 248070384.284
2 8 42564638.942
2 9 127591575.475
2 10 333992779.885
2 11 62536652.847
2 12 347852750.522
2 13 374020507.932
2 14 1536524.951
2 15 244415587.571
2 16 923869.392
2 17 119842519.634
2 18 23482055.438
2 19 71143543.384
2 20 265676346.939
2 21 201108344.469
2 22 20428744.091
3 0 147630056.392
3 1 88863917.218
3 2 59276257.529
3 4 51612554.978
3 5 49570251.246
3 6 43734315.614
3 7 156054617.036
3 8 37874257.716
3 9 283127057.310
3 10 270490735.667
3 11 115314852.740
3 12 229319607.051
3 13 368754748.356
3 14 1212775.747
3 15 131651976.076
3 16 2379896.737
3 17 60361933.964
3 18 17665822.879
3 19 34230468.505
3 20 265238538.441
3 21 273328137.353
3 22 28456624.753
4 0 76161795.059
4 1 143480631.794
4 2 43971116.994
4 3 30967099.913
4 5 55812418.219
4 6 51808310.464
4 7 138214925.049
4 8 32713772.246
4 9 238904097.333
4 10 198382501.663
4 11 62940201.497
4 12 441125408.741
4 13 78487619.734
4 14 2387317.911
4 15 134661219.053
4 16 2749203.534
4 17 110137880.090
4 18 14163538.845
4 19 90658579.351
4 20 180680086.866
4 21 144550891.597
4 22 43103532.003
5 0 290807439.882
5 1 164802028.929
5 2 16144948.329
5 3 41092105.957
5 4 45816835.520
5 6 29338847.242
5 7 179588721.647
5 8 59323586.761
5 9 289227103.784
5 10 155335974.976
5 11 49862115.708
5 12 152486823.770
5 13 265313773.765
5 14 717056.924
5 15 173677354.083
5 16 3413558.806
5 17 54717380.904
5 18 18899767.477
5 19 71302538.977
5 20 262225450.055
5 21 115245470.935
5 22 18410471.049
6 0 277445008.654
6 1 155786914.296
6 2 27184119.624
6 3 43004299.971
6 4 25196941.450
6 5 33820524.020
6 7 191155089.079
6 8 32871044.057
6 9 185093963.955
6 10 335466656.081
6 11 44656917.216
6 12 150279659.418
6 13 452753182.911
6 14 799223.373
6 15 82335294.496
6 16 1422708.364
6 17 33950688.151
6 18 9167047.504
6 19 154731032.547
6 20 113431081.114
6 21 60211221.074
6 22 49014122.390
7 0 1290035437.532
7 1 991003604.634
7 2 67429987.121
7 3 335707329.573
7 4 133841130.295
7 5 321942695.512
7 6 169781875.141
7 8 107668114.512
7 9 1593709915.217
7 10 875955522.157
7 11 449643875.073
7 12 1491518369.404
7 13 1661456694.528
7 14 5850939.938
7 15 1601644645.150
7 16 4671357.396
7 17 903852091.517
7 18 230211825.904
7 19 192299574.929
7 20 1085815915.419
7 21 307032795.558
7 22 276160596.623
8 0 77306052.471
8 1 119784455.402
8 2 51436853.712
8 3 31374210.650
8 4 60245626.754
8 5 25123794.982
8 6 11786046.467
8 7 273015351.024
8 9 190330254.891
8 10 383334999.330
8 11 83653996.400
8 12 289915632.923
8 13 146377985.103
8 14 3348580.723
8 15 179722851.447
8 16 1525758.673
8 17 50085268.559
8 18 21169681.614
8 19 51032045.013
8 20 315019661.738
8 21 57762367.802
8 22 23775326.763
9 0 2321208738.140
9 1 1401619572.296
9 2 83561857.595
9 3 282150762.890
9 4 120472701.162
9 5 212749072.105
9 6 166552505.450
9 7 1193654923.375
9 8 353856548.717
9 10 1981677445.663
9 11 182929131.413
9 12 1032990395.465
9 13 2834241848.069
9 14 8638989.336
9 15 1602024702.196
9 16 8624516.592
9 17 897439727.259
9 18 116991474.601
9 19 927673122.263
9 20 2673889131.049
9 21 626318083.143
9 22 147634653.901
10 0 943050458.052
10 1 1448221717.145
10 2 258895245.046
10 3 337174815.248
10 4 168024760.978
10 5 391169578.424
10 6 330757348.482
10 7 1086094949.452
10 8 294449276.614
10 9 759961165.167
10 11 230006370.039
10 12 1963976799.510
10 13 2251547369.534
10 14 8510780.769
10 15 821700454.261
10 16 15576880.541
10 17 322021415.422
10 18 136246267.623
10 19 361849985.347
10 20 1610944640.852
10 21 1015163361.710
10 22 419889847.989
11 0 394712756.381
11 1 443711279.082
11 2 87130431.404
11 3 108259951.494
11 4 87742823.672
11 5 112767775.202
11 6 52633291.622
11 7 827539469.058
11 8 55864531.409
11 9 608955781.527
11 10 956354474.997
11 12 839870110.786
11 13 514068247.664
11 14 2492046.413
11 15 522239339.863
11 16 2233030.331
11 17 454640119.252
11 18 77892304.017
11 19 148843922.583
11 20 651562801.170
11 21 218047062.754
11 22 50127019.287
12 0 2735538476.610
12 1 1066093894.074
12 2 386995858.413
12 3 335650913.283
12 4 504549939.954
12 5 377860276.867
12 6 329166540.974
12 7 1126300277.772
12 8 160975616.356
12 9 2403255744.435
12 10 3005355641.327
12 11 929202679.885
12 13 2610807429.803
12 14 5883245.971
12 15 1550420155.924
12 16 17441550.111
12 17 649426325.923
12 18 123047144.741
12 19 278444770.360
12 20 1430813274.645
12 21 1940399827.681
12 22 429045173.444
13 0 1125972917.796
13 1 1200775899.572
13 2 203172499.620
13 3 81401147.492
13 4 294045311.747
13 5 413676754.606
13 6 329257519.006
13 7 1372215242.690
13 8 259797515.419
13 9 753985915.958
13 10 757506442.206
13 11 592164913.566
13 12 3157577414.805
13 14 8013456.401
13 15 1852964104.614
13 16 10122279.626
13 17 454943117.539
13 18 115428276.332
13 19 992911221.810
13 20 1824585698.996
13 21 672801954.126
13 22 447707554.645
14 0 18916401.125
14 1 11627854.162
14 2 2518034.638
14 3 2407900.903
14 4 1001467.637
14 5 3404654.582
14 6 3094143.061
14 7 18666674.655
14 8 2132654.927
14 9 19026995.361
14 10 11511660.308
14 11 4137998.121
14 12 18983333.053
14 13 19620067.704
14 15 24325431.303
14 16 206744.357
14 17 10593620.950
14 18 1777988.323
14 19 11429774.040
14 20 20576548.108
14 21 12003724.313
14 22 1431057.042
15 0 1655333481.356
15 1 918714736.361
15 2 357144313.176
15 3 313200960.964
15 4 362590723.028
15 5 343965229.590
15 6 404568905.885
15 7 1755712775.263
15 8 122754775.383
15 9 1921407650.291
15 10 2036249661.545
15 11 978440009.475
15 12 2134131939.285
15 13 2048831488.019
15 14 12401150.358
15 16 17595256.627
15 17 691105154.347
15 18 144886224.672
15 19 590116259.884
15 20 1229282947.709
15 21 458279965.774
15 22 378121643.193
16 0 10146402.830
16 1 15287339.739
16 2 3590134.458
16 3 2057911.854
16 4 2119269.296
16 5 1133321.134
16 6 2250471.662
16 7 7430029.510
16 8 1060434.867
16 9 5290614.830
16 10 9151017.644
16 11 2217739.935
16 12 27312304.950
16 13 27896929.571
16 14 160554.353
16 15 13477098.156
16 17 4784559.542
16 18 692209.495
16 19 5648136.285
16 20 13022972.217
16 21 13584592.622
16 22 2274392.122
17 0 743710855.255
17 1 512660119.974
17 2 86118864.692
17 3 179436996.809
17 4 71439889.899
17 5 163647466.827
17 6 85642185.591
17 7 1010913793.398
17 8 121622287.424
17 9 361346369.077
17 10 281272463.077
17 11 162257394.174
17 12 1276508322.048
17 13 428774751.176
17 14 6488370.826
17 15 1252955184.827
17 16 11220508.519
17 18 50658343.684
17 19 542858670.080
17 20 431672510.572
17 21 370676134.673
17 22 97311313.880
18 0 163154948.779
18 1 74797680.467
18 2 15794970.678
18 3 29238508.851
18 4 24427415.275
18 5 20770332.442
18 6 15698452.506
18 7 74833119.269
18 8 10649276.434
18 9 99997503.594
18 10 47704682.348
18 11 53534692.581
18 12 148161476.754
18 13 243862256.971
18 14 2309679.058
18 15 154285140.290
18 16 1917235.199
18 17 59778086.088
18 19 85426206.680
18 20 231738928.662
18 21 41645712.938
18 22 32135275.376
19 0 873825785.717
19 1 405864592.401
19 2 170088454.739
19 3 117462413.962
19 4 155048919.918
19 5 113562259.355
19 6 130514001.772
19 7 517376798.788
19 8 160463747.006
19 9 404574655.638
19 10 1250927642.424
19 11 258515911.541
19 12 687466981.351
19 13 1382745498.168
19 14 5389766.566
19 15 512171338.526
19 16 6816823.336
19 17 204251705.725
19 18 87106672.074
19 20 474809326.464
19 21 529965474.742
19 22 162364961.340
20 0 656325669.233
20 1 1277034147.554
20 2 217491953.903
20 3 75002872.615
20 4 403356233.589
20 5 266017586.572
20 6 184869767.198
20 7 2591844875.981
20 8 226916405.379
20 9 1782511875.476
20 10 1810515643.456
20 11 463692089.132
20 12 774165464.468
20 13 1991859479.677
20 14 26030984.843
20 15 957607744.008
20 16 18947428.815
20 17 467209251.062
20 18 226336164.188
20 19 1091762164.959
20 21 1830328058.858
20 22 319389582.301
21 0 497413437.286
21 1 710210566.618
21 2 169418143.203
21 3 73057955.287
21 4 235140729.741
21 5 48732477.090
21 6 228585172.651
21 7 717852100.483
21 8 166931938.961
21 9 1227471417.088
21 10 1365664677.450
21 11 277934142.460
21 12 857711022.808
21 13 1803178345.803
21 14 13803908.321
21 15 1434962471.474
21 16 15166406.649
21 17 569650318.945
21 18 84043471.522
21 19 401662792.234
21 20 1009139038.813
21 22 225846128.143
22 0 292706530.885
22 1 178061670.373
22 2 49595401.601
22 3 10329574.082
22 4 10583680.019
22 5 47753859.993
22 6 49825454.585
22 7 368026333.119
22 8 49385118.809
22 9 131490557.546
22 10 209065694.058
22 11 25823526.400
22 12 217589614.143
22 13 447794160.437
22 14 3489374.688
22 15 159951628.988
22 16 3770321.813
22 17 178290690.391
22 18 13822442.090
22 19 106499685.229
22 20 92533806.717
22 21 68871967.538
