506
0 1 889289518.587
0 2 88274280.262
0 3 119115052.830
0 4 228192821.846
0 5 146768560.883
0 6 259788556.848
0 7 465970403.822
0 8 276470420.515
0 9 2271649831.415
0 10 1922323635.387
0 11 490420487.648
0 12 2595225850.056
0 13 772311764.835
0 14 13068998.606
0 15 1769431663.946
0 16 8606189.369
0 17 180756445.408
0 18 228848222.272
0 19 596843848.371
0 20 2251940558.265
0 21 1622022314.322
0 22 224575979.645
1 0 813936529.433
1 2 175228620.927
1 3 237446144.489
1 4 69861079.493
1 5 217241794.917
1 6 166173428.131
1 7 487305957.510
1 8 51138294.926
1 9 929782549.637
1 10 1053968615.738
1 11 684265531.839
1 12 873411661.129
1 13 802668632.824
1 14 16151312.881
1 15 368019401.626
1 16 13117072.104
1 17 353228062.217
1 18 62348328.672
1 19 596826517.907
1 20 2083933336.554
1 21 770280430.931
1 22 201905669.386
2 0 213412434.604
2 1 186355846.675
2 3 13930782.839
2 4 39572845.405
2 5 34928374.440
2 6 11520852.045
2 7 212357632.129
2 8 17662166.710
2 9 276796330.292
2 10 405187912.386
2 11 98217936.631
2 12 182928124.963
2 13 463774683.148
2 14 3144433.425
2 15 166242777.884
2 16 811132.949
2 17 92961360.217
2 18 27726384.761
2 19 89651387.269
2 20 233495192.164
2 21 82670315.978
2 22 58677626.180
3 0 88161669.297
3 1 126441046.636
3 2 51174658.981
3 4 60102786.988
3 5 14366675.705
3 6 60911785.965
3 7 64552130.033
3 8 25167912.603
3 9 196057189.938
3 10 411352947.310
3 11 140029071.744
3 12 224766690.213
3 13 270650303.866
3 14 2937426.332
3 15 311585766.814
3 16 2056642.961
3 17 128815609.692
3 18 10548769.679
3 19 83304075.406
3 20 434142630.546
3 21 109685537.993
3 22 14422724.027
4 0 159070673.087
4 1 67841622.252
4 2 30258416.366
4 3 36547516.614
4 5 41350289.321
4 6 15999324.986
4 7 261638177.929
4 8 34597137.824
4 9 77567773.439
4 10 275149777.247
4 11 94600292.055
4 12 210293537.365
4 13 274712723.526
4 14 2831922.111
4 15 164430273.946
4 16 3577702.301
4 17 93627505.506
4 18 17149612.191
4 19 61699923.652
4 20 81249875.617
4 21 190526981.086
4 22 15165192.949
5 0 235124057.284
5 1 136896602.000
5 2 48406891.729
5 3 43730325.497
5 4 50339967.374
5 6 42078558.592
5 7 278510971.876
5 8 37507522.397
5 9 140303694.800
5 10 122031047.771
5 11 87587985.932
5 12 516590857.852
5 13 97082753.307
5 14 3156975.867
5 15 293066980.997
5 16 2262998.664
5 17 103705084.060
5 18 36170701.136
5 19 30436540.471
5 20 136800202.466
5 21 178964925.213
5 22 35861271.636
6 0 204128160.577
6 1 50635358.586
6 2 31350792.401
6 3 41664077.656
6 4 19304125.735
6 5 36781628.096
6 7 76817324.970
6 8 34520215.360
6 9 250509984.312
6 10 114725743.600
6 11 48240145.284
6 12 168240022.008
6 13 129616134.909
6 14 677853.990
6 15 162505295.122
6 16 2432040.333
6 17 105575265.163
6 18 32943217.396
6 19 94129969.290
6 20 437534338.364
6 21 100107451.997
6 22 37655066.921
7 0 1366812771.155
7 1 791274305.132
7 2 106349481.005
7 3 238792043.283
7 4 223802021.991
7 5 215928723.828
7 6 316002356.784
7 8 196670713.259
7 9 1133139679.970
7 10 940379861.754
7 11 625675071.207
7 12 1031021120.105
7 13 1753591157.314
7 14 15355966.159
7 15 643040902.966
7 16 18642405.053
7 17 743476690.117
7 18 147985471.067
7 19 218470198.471
7 20 766196539.128
7 21 996753377.083
7 22 244388685.770
8 0 288323553.301
8 1 85232253.861
8 2 52807868.667
8 3 47881890.136
8 4 37752064.035
8 5 13729950.662
8 6 41812284.881
8 7 344272737.389
8 9 273850572.605
8 10 338287445.785
8 11 29392156.610
8 12 245679004.487
8 13 232478690.263
8 14 3117173.492
8 15 374815699.026
8 16 3425087.476
8 17 66142434.791
8 18 31622863.964
8 19 148699822.035
8 20 289228404.827
8 21 59608390.833
8 22 41588835.270
9 0 1226277637.266
9 1 1630499454.937
9 2 277525766.045
9 3 112165678.302
9 4 124644289.763
9 5 148001036.756
9 6 369670704.153
9 7 814362385.945
9 8 331655183.073
9 10 1160025435.622
9 11 517155243.263
9 12 2328820896.608
9 13 1096705108.068
9 14 10097861.850
9 15 477249938.149
9 16 21401184.942
9 17 663823194.489
9 18 62741606.559
9 19 770746439.396
9 20 2343666203.765
9 21 1120441699.580
9 22 272053257.519
10 0 2293075428.710
10 1 547059517.393
10 2 245885417.180
10 3 192349395.462
10 4 214571320.213
10 5 117253900.562
10 6 279560801.134
10 7 2316887014.842
10 8 74391272.575
10 9 1094284295.382
10 11 564498857.675
10 12 2113898945.702
10 13 3116539211.517
10 14 7727221.141
10 15 1759677378.852
10 16 8628030.057
10 17 1111252397.626
10 18 245744080.880
10 19 467528412.520
10 20 2122957927.802
10 21 1172473232.702
10 22 138282191.249
11 0 578261539.479
11 1 156996249.663
11 2 38945477.445
11 3 133134353.250
11 4 137817158.611
11 5 60870130.640
11 6 105244231.669
11 7 509080112.100
11 8 127537374.986
11 9 652796907.788
11 10 690249375.588
11 12 840299263.081
11 13 1011538308.503
11 14 2241135.092
11 15 654749267.700
11 16 4688309.439
11 17 359609759.956
11 18 70770269.537
11 19 396945095.149
11 20 423135957.676
11 21 635756334.373
11 22 60421045.124
12 0 1976644665.783
12 1 1579417234.164
12 2 531025264.803
12 3 104758531.218
12 4 404245334.018
12 5 325967087.427
12 6 203115421.991
12 7 828242604.614
12 8 179129786.106
12 9 1764433903.065
12 10 3057156537.444
12 11 738535442.128
12 13 2394523168.313
12 14 17445878.514
12 15 2481546039.951
12 16 8991883.248
12 17 1392927386.103
12 18 308392050.721
12 19 949024182.475
12 20 3161623489.498
12 21 1462203893.288
12 22 113430361.775
13 0 2578335899.273
13 1 2055210507.031
13 2 179193610.117
13 3 448411313.544
13 4 448400854.375
13 5 457690623.897
13 6 176215620.729
13 7 1460041961.996
13 8 98164057.218
13 9 2657861383.159
13 10 2070704221.421
13 11 776324732.701
13 12 1986749116.569
13 14 20375672.513
13 15 1173671338.693
13 16 11395802.779
13 17 950516464.557
13 18 235425589.537
13 19 1058858798.318
13 20 1828821678.910
13 21 2045702395.168
13 22 437242854.151
14 0 5318518.493
14 1 15614720.346
14 2 1662911.485
14 3 2463666.025
14 4 2351872.010
14 5 2280304.579
14 6 2943297.458
14 7 20171872.432
14 8 3144547.725
14 9 23179995.663
14 10 14785959.289
14 11 4884122.662
14 12 26263354.618
14 13 19585338.076
14 15 23306997.514
14 16 127603.340
14 17 2947444.416
14 18 497695.692
14 19 3735273.485
14 20 9140164.714
14 21 15392433.947
14 22 2390308.269
15 0 2000076009.443
15 1 1741635794.002
15 2 133434508.012
15 3 256600368.681
15 4 180500299.444
15 5 315056038.368
15 6 76557790.361
15 7 1354884736.950
15 8 408063195.566
15 9 2570241596.589
15 10 2794164956.398
15 11 888005131.072
15 12 660733020.180
15 13 3165245956.467
15 14 16268961.148
15 16 25829494.343
15 17 510113384.047
15 18 82541509.828
15 19 866395646.998
15 20 930158617.311
15 21 482266395.645
15 22 195649408.078
16 0 11220988.550
16 1 3093923.106
16 2 3498319.746
16 3 1156694.598
16 4 1729204.445
16 5 882565.727
16 6 834653.012
16 7 6334315.917
16 8 849515.202
16 9 24494521.753
16 10 20408714.882
16 11 3941876.866
16 12 10367605.898
16 13 21394792.523
16 14 197060.720
16 15 18349028.789
16 17 9547616.191
16 18 1712161.673
16 19 6916818.080
16 20 24263317.423
16 21 5735503.429
16 22 3785341.061
17 0 539671030.753
17 1 136774112.914
17 2 161294232.729
17 3 161464888.761
17 4 131976552.121
17 5 82371136.009
17 6 163642501.671
17 7 861073361.088
17 8 65348273.535
17 9 1130690583.148
17 10 1063130084.748
17 11 120472132.005
17 12 287308906.884
17 13 749339806.236
17 14 8282287.756
17 15 323783220.654
17 16 8503491.145
17 18 105952441.153
17 19 372767029.027
17 20 920812461.674
17 21 561535785.869
17 22 80010363.199
18 0 92885570.814
18 1 113356251.171
18 2 20908396.060
18 3 24842307.615
18 4 29220779.177
18 5 6604602.179
18 6 19153238.459
18 7 72229662.383
18 8 12939941.564
18 9 175966284.090
18 10 180230914.031
18 11 72838621.944
18 12 162529472.474
18 13 213080867.247
18 14 658967.046
18 15 225687505.486
18 16 756051.032
18 17 59139068.806
18 19 63958933.325
18 20 274480965.720
18 21 106460388.987
18 22 27215759.456
19 0 664894222.261
19 1 454890051.774
19 2 144492758.613
19 3 120348272.101
19 4 127131429.759
19 5 144096756.841
19 6 165475689.029
19 7 560936216.271
19 8 132192425.282
19 9 889778089.762
19 10 675925882.393
19 11 169809026.564
19 12 897347178.469
19 13 1175323329.541
19 14 10311047.147
19 15 1279674682.202
19 16 2142798.303
19 17 262321840.934
19 18 102864883.303
19 20 634142348.543
19 21 203505527.791
19 22 57177615.495
20 0 1219491914.070
20 1 1158388683.269
20 2 139234994.095
20 3 211065339.940
20 4 167875715.064
20 5 156153533.268
20 6 435809397.068
20 7 2242696516.325
20 8 127383520.742
20 9 2267048543.648
20 10 1970447470.679
20 11 1016245811.248
20 12 3422849979.971
20 13 1887138392.620
20 14 24688208.200
20 15 1896290527.669
20 16 25245605.357
20 17 1128457870.850
20 18 238295028.159
20 19 1288207859.220
20 21 1357995121.786
20 22 127909043.314
21 0 687974553.319
21 1 1199199749.775
21 2 53325593.597
21 3 121507336.727
21 4 109352070.524
21 5 158150540.831
21 6 255589379.704
21 7 874362348.119
21 8 49288814.380
21 9 1254558305.053
21 10 1365295862.979
21 11 640393197.103
21 12 396413806.477
21 13 1680908238.924
21 14 16439704.341
21 15 1405176068.538
21 16 12601160.239
21 17 578428616.405
21 18 69282948.978
21 19 571866989.196
21 20 1493041923.402
21 22 115076011.136
22 0 196736874.222
22 1 277602601.179
22 2 56241008.811
22 3 42950654.481
22 4 22960592.553
22 5 55221230.904
22 6 22046799.369
22 7 92805852.829
22 8 48500504.302
22 9 136232570.595
22 10 71555641.231
22 11 56569369.585
22 12 270434871.944
22 13 189096735.817
22 14 2007503.524
22 15 283466248.547
22 16 1017371.873
22 17 85599915.513
22 18 20593571.336
22 19 37108905.517
22 20 453896155.350
22 21 158185401.739
