506
0 1 1159028755.555
0 2 104758825.024
0 3 180106441.895
0 4 173585954.855
0 5 305069827.507
0 6 236021515.369
0 7 454216709.834
0 8 260603612.778
0 9 1552688550.510
0 10 1988736593.004
0 11 309751258.007
0 12 1059197709.252
0 13 1341941412.316
0 14 8314544.293
0 15 2491263528.543
0 16 10102514.728
0 17 966767312.311
0 18 195749503.952
0 19 321118082.807
0 20 614253259.144
0 21 1136846275.808
0 22 90314696.222
1 0 1517553052.976
1 2 191275314.840
1 3 237095165.080
1 4 59020735.938
1 5 196034881.972
1 6 227543371.615
1 7 399768990.407
1 8 259321968.647
1 9 1099857802.733
1 10 531021064.512
1 11 342127924.172
1 12 1466907340.268
1 13 382433288.237
1 14 3667418.801
1 15 1171220703.247
1 16 2951329.354
1 17 612796187.309
1 18 34088190.086
1 19 266009770.194
1 20 1571173027.175
1 21 642687892.601
1 22 60240937.946
2 0 297634159.763
2 1 154436087.642
2 3 61163520.421
2 4 38829070.093
2 5 51226663.294
2 6 46103303.244
2 7 203280927.265
2 8 42972366.801
2 9 245937715.732
2 10 339342586.496
2 11 81852915.103
2 12 475236027.275
2 13 88199457.849
2 14 2517282.177
2 15 277673195.606
2 16 2903917.790
2 17 44262591.380
2 18 9374210.897
2 19 98074873.458
2 20 188659285.759
2 21 129446715.367
2 22 49598642.009
3 0 78996137.425
3 1 269456670.458
3 2 29028619.383
3 4 33613682.392
3 5 12558559.200
3 6 29902643.664
3 7 136441036.923
3 8 24378788.420
3 9 292278154.739
3 10 427454921.966
3 11 143469550.802
3 12 158398904.244
3 13 136668821.581
3 14 2779043.333
3 15 77847693.104
3 16 1001820.557
3 17 62739106.612
3 18 14853283.415
3 19 51099256.168
3 20 202513687.949
3 21 53293514.882
3 22 52238214.758
4 0 88851235.743
4 1 44713253.139
4 2 53033233.658
4 3 16958919.458
4 5 19786852.696
4 6 54563953.479
4 7 300812973.403
4 8 29109011.126
4 9 187784204.144
4 10 367090609.668
4 11 116399664.663
4 12 85911511.046
4 13 113224961.793
4 14 1630903.848
4 15 195841382.559
4 16 1104647.631
4 17 73404252.486
4 18 22684789.984
4 19 128720068.296
4 20 397359222.513
4 21 90868439.106
4 22 12837055.082
5 0 301274777.822
5 1 215707788.720
5 2 59624812.754
5 3 33530907.486
5 4 28147038.454
5 6 49593407.113
5 7 176760032.265
5 8 16636795.127
5 9 146967592.171
5 10 306692479.065
5 11 121005673.798
5 12 438028305.054
5 13 368118332.567
5 14 1663389.259
5 15 388506065.176
5 16 1396501.142
5 17 62260416.976
5 18 17648920.285
5 19 30343198.229
5 20 205125879.427
5 21 197362536.686
5 22 27802721.316
6 0 106059485.315
6 1 261063817.426
6 2 28063454.231
6 3 17774144.683
6 4 56465004.436
6 5 39339726.234
6 7 229286402.673
6 8 17864224.637
6 9 293934829.621
6 10 190341282.105
6 11 70661719.598
6 12 93986155.341
6 13 128581604.322
6 14 3308559.600
6 15 182537843.851
6 16 3467900.523
6 17 96997052.801
6 18 37799411.953
6 19 143567460.585
6 20 109822708.765
6 21 223987862.281
6 22 23805197.336
7 0 1695762484.689
7 1 1243379738.286
7 2 108873222.013
7 3 96408277.666
7 4 95498426.248
7 5 190322209.944
7 6 203610942.242
7 8 166735552.089
7 9 1454712123.144
7 10 1787041983.344
7 11 172243022.555
7 12 1463088325.885
7 13 1998481134.925
7 14 16125880.737
7 15 907495016.365
7 16 8895116.978
7 17 1002526289.499
7 18 129172512.961
7 19 1015651320.737
7 20 454938585.087
7 21 1386654592.595
7 22 283813579.751
8 0 329349011.592
8 1 191265496.503
8 2 47245172.243
8 3 19596087.051
8 4 60543088.870
8 5 12448483.430
8 6 45092824.352
8 7 67319902.646
8 9 368329094.772
8 10 253568233.523
8 11 103202086.109
8 12 136281925.815
8 13 174240298.510
8 14 2403662.913
8 15 229502203.993
8 16 1551119.023
8 17 44117076.079
8 18 25848551.198
8 19 177515734.099
8 20 293849360.324
8 21 216139055.807
8 22 49144215.478
9 0 1114264602.701
9 1 906876873.068
9 2 365548805.594
9 3 400087980.380
9 4 221000003.697
9 5 294958826.447
9 6 313881416.361
9 7 614443679.621
9 8 367076492.319
9 10 926388071.470
9 11 1003637893.005
9 12 1430303924.586
9 13 2324059699.205
9 14 9807167.843
9 15 2370869764.000
9 16 16873983.954
9 17 321603926.060
9 18 111400169.825
9 19 807318011.394
9 20 1437100601.437
9 21 403515492.368
9 22 255684353.122
10 0 1695024700.976
10 1 1742660955.234
10 2 236957565.828
10 3 263035277.654
10 4 333122148.239
10 5 378251689.281
10 6 132227267.934
10 7 1414222784.919
10 8 76150528.406
10 9 2078143543.945
10 11 900789166.163
10 12 2747319465.162
10 13 1164715158.903
10 14 19266616.865
10 15 2991112140.908
10 16 11987806.397
10 17 716251373.431
10 18 192815831.848
10 19 485249489.842
10 20 2849927600.739
10 21 354218353.976
10 22 339090357.057
11 0 382106763.452
11 1 664762773.119
11 2 34149229.067
11 3 36089406.438
11 4 76152368.626
11 5 66929953.935
11 6 148373509.314
11 7 603030022.407
11 8 78192376.397
11 9 194810130.615
11 10 936928314.885
11 12 1163907545.880
11 13 852607501.661
11 14 2220562.766
11 15 628536145.500
11 16 3929732.827
11 17 329561271.391
11 18 49289846.284
11 19 257620779.212
11 20 579791732.336
11 21 158327426.174
11 22 84588039.635
12 0 2409987246.909
12 1 1763686058.076
12 2 464693858.439
12 3 306071739.891
12 4 345314699.151
12 5 275179472.567
12 6 215840562.946
12 7 2167707469.392
12 8 264132321.254
12 9 2159825052.124
12 10 1235966753.916
12 11 343409936.107
12 13 2343559083.465
12 14 6944810.866
12 15 1423289839.251
12 16 15073786.651
12 17 1541384429.192
12 18 166143295.513
12 19 525124639.187
12 20 1129781638.097
12 21 486800667.809
12 22 433461367.849
13 0 2615707582.784
13 1 2006327088.554
13 2 150570066.092
13 3 306983703.402
13 4 347148964.608
13 5 373849343.887
13 6 203834878.675
13 7 2367817234.441
13 8 124981022.772
13 9 1789424050.858
13 10 2559330275.946
13 11 332049942.697
13 12 2245367625.510
13 14 18929344.185
13 15 2703862713.465
13 16 7876373.065
13 17 638243044.175
13 18 150262917.276
13 19 1261619000.388
13 20 1384992806.483
13 21 1752629955.201
13 22 134275153.786
14 0 18647160.054
14 1 9123027.315
14 2 2810541.551
14 3 1666166.063
14 4 2092453.868
14 5 996824.289
14 6 2790047.726
14 7 20865306.037
14 8 982756.993
14 9 16619668.886
14 10 13679403.372
14 11 4104666.747
14 12 14825664.825
14 13 5313934.499
14 15 16081526.118
14 16 118651.151
14 17 3688125.445
14 18 1713355.665
14 19 4188403.417
14 20 4884662.892
14 21 4975411.681
14 22 2871547.726
15 0 422287296.018
15 1 1504190086.185
15 2 184489608.670
15 3 140877464.700
15 4 266181095.582
15 5 164882100.527
15 6 173024066.588
15 7 2040214256.223
15 8 198559283.489
15 9 2077115485.593
15 10 1154927206.199
15 11 443141478.711
15 12 2548987860.865
15 13 1964341917.979
15 14 17819297.555
15 16 4653196.827
15 17 280932479.325
15 18 153227120.969
15 19 558996833.908
15 20 729029756.515
15 21 1015214266.099
15 22 166295286.620
16 0 10958303.580
16 1 3872193.373
16 2 1438933.072
16 3 3347532.604
16 4 938579.183
16 5 1060119.397
16 6 1448282.532
16 7 6970833.954
16 8 631264.652
16 9 16151249.159
16 10 4610105.102
16 11 2385286.269
16 12 25807808.463
16 13 8865106.014
16 14 149390.694
16 15 26364630.307
16 17 7421433.250
16 18 2211553.871
16 19 7272109.750
16 20 12165557.915
16 21 11598623.930
16 22 869086.158
17 0 249258320.768
17 1 643160620.698
17 2 181842645.795
17 3 72378957.184
17 4 78939432.801
17 5 162889163.488
17 6 132567002.883
17 7 754170397.654
17 8 74816663.965
17 9 954907674.007
17 10 1095446355.171
17 11 363228850.120
17 12 259626804.811
17 13 240898007.585
17 14 8384583.538
17 15 705326767.357
17 16 9735337.268
17 18 76667161.894
17 19 126071987.523
17 20 1202553701.339
17 21 387285536.121
17 22 46033878.040
18 0 133794697.823
18 1 70778789.112
18 2 37657568.600
18 3 35664803.433
18 4 35596520.571
18 5 13154504.519
18 6 28608479.442
18 7 201181239.294
18 8 18417289.050
18 9 169334581.057
18 10 240220283.730
18 11 31907185.695
18 12 200579356.247
18 13 245787679.605
18 14 766896.024
18 15 129866546.622
18 16 684997.584
18 17 42689586.605
18 19 78797842.584
18 20 262332264.423
18 21 29370845.460
18 22 20331510.735
19 0 884588469.264
19 1 471520647.198
19 2 189456145.181
19 3 145586742.228
19 4 49156060.318
19 5 113596890.402
19 6 127833177.605
19 7 634130733.872
19 8 110862400.530
19 9 1080336373.907
19 10 451775787.654
19 11 257576298.448
19 12 1001258426.288
19 13 1011247886.180
19 14 10241619.390
19 15 916520151.543
19 16 9950017.230
19 17 203594039.693
19 18 34777871.703
19 20 657127409.339
19 21 627924594.981
19 22 152179706.267
20 0 1558736624.587
20 1 1081938469.427
20 2 372194791.848
20 3 236581916.179
20 4 94208978.062
20 5 297106630.069
20 6 283444086.867
20 7 1308518200.362
20 8 439456980.393
20 9 1262639616.951
20 10 630099720.832
20 11 988951223.131
20 12 3862717918.744
20 13 2043831093.929
20 14 17036780.002
20 15 1583301403.605
20 16 17082705.286
20 17 842732932.134
20 18 234107584.047
20 19 308782905.042
20 21 1141457678.106
20 22 341966698.992
21 0 1417559695.673
21 1 492204452.894
21 2 145545625.058
21 3 232624963.451
21 4 71058230.836
21 5 267653910.058
21 6 68352342.000
21 7 430831227.846
21 8 232331918.669
21 9 798965274.520
21 10 1212406087.310
21 11 233725354.827
21 12 1737429300.040
21 13 785250100.440
21 14 7421422.587
21 15 1200160931.353
21 16 15253421.796
21 17 805191096.383
21 18 87916788.729
21 19 682643115.482
21 20 1318748460.813
21 22 143439781.334
22 0 105233039.307
22 1 60206196.597
22 2 17417656.037
22 3 29724393.812
22 4 18410677.893
22 5 40278793.417
22 6 22019293.494
22 7 216137878.771
22 8 35501977.252
22 9 236333756.437
22 10 200796745.618
22 11 48147014.141
22 12 503039486.951
22 13 143991128.523
22 14 3544634.356
22 15 313795467.727
22 16 3004276.578
22 17 152559757.260
22 18 29006204.951
22 19 165373310.763
22 20 199561091.526
22 21 92441774.049
