506
0 1 1419054151.397
0 2 168649823.864
0 3 361693100.135
0 4 290581672.759
0 5 266203953.063
0 6 208834454.862
0 7 1555263990.522
0 8 314892263.385
0 9 2347420301.633
0 10 2131563596.278
0 11 549309292.782
0 12 2492416342.383
0 13 2563986764.678
0 14 11299513.091
0 15 1429033367.980
0 16 17059369.780
0 17 211479163.510
0 18 189934452.943
0 19 357804399.390
0 20 1855787696.599
0 21 1328762388.267
0 22 258703489.798
1 0 1493499640.695
1 2 126362360.888
1 3 50854049.148
1 4 214297789.738
1 5 182688803.747
1 6 134788391.490
1 7 1352297779.510
1 8 183040719.804
1 9 1586337874.975
1 10 758259524.252
1 11 124047198.518
1 12 931605817.551
1 13 1682973484.279
1 14 5512796.301
1 15 947366912.445
1 16 5827470.778
1 17 542393294.643
1 18 62783930.980
1 19 323890196.491
1 20 753486997.598
1 21 623468275.546
1 22 220232999.343
2 0 180448427.092
2 1 50560288.402
2 3 34943885.513
2 4 56188752.448
2 5 13885204.022
2 6 55056396.130
2 7 309043702.695
2 8 45962609.617
2 9 323114293.499
2 10 365386246.155
2 11 106655747.396
2 12 200616051.358
2 13 105750986.099
2 14 3732625.807
2 15 278343504.360
2 16 1366191.552
2 17 132887997.750
2 18 14273994.387
2 19 72645604.752
2 20 366582395.707
2 21 224794744.111
2 22 44113974.166
3 0 166437500.608
3 1 202073560.789
3 2 45766230.674
3 4 20460808.272
3 5 52292829.697
3 6 10669753.868
3 7 254990857.581
3 8 20846785.469
3 9 286701638.546
3 10 331416156.076
3 11 130807206.597
3 12 455510212.934
3 13 197440438.252
3 14 1417636.026
3 15 292504158.435
3 16 1105806.231
3 17 152329969.624
3 18 13732425.213
3 19 38191693.634
3 20 237991202.988
3 21 203539400.975
3 22 37118980.581
4 0 329509305.743
4 1 211935219.541
4 2 56540512.317
4 3 45185347.037
4 5 10477878.920
4 6 23138547.023
4 7 110323691.691
4 8 26208051.177
4 9 195256766.080
4 10 132924982.338
4 11 63905103.269
4 12 397298881.055
4 13 390237251.090
4 14 1958632.807
4 15 412352039.802
4 16 1270209.781
4 17 67169918.408
4 18 12149510.163
4 19 143200245.256
4 20 208727929.254
4 21 194595073.833
4 22 51549919.231
5 0 239158338.268
5 1 110760061.282
5 2 60321633.715
5 3 25905995.305
5 4 44082897.090
5 6 44067196.974
5 7 248193714.775
5 8 25724244.815
5 9 394547122.054
5 10 287697643.449
5 11 141213192.038
5 12 275542366.337
5 13 353845945.252
5 14 3141883.640
5 15 224364736.659
5 16 3092677.285
5 17 68515818.206
5 18 9425096.927
5 19 145186239.679
5 20 372809863.211
5 21 47115930.704
5 22 59184155.391
6 0 308116011.009
6 1 124995455.253
6 2 32886811.655
6 3 47351753.529
6 4 12110059.602
6 5 54232251.741
6 7 272261576.981
6 8 51813626.955
6 9 74477926.188
6 10 158169967.574
6 11 101783513.592
6 12 456342924.821
6 13 273696958.322
6 14 3263398.029
6 15 277279463.872
6 16 2791551.392
6 17 74680856.449
6 18 27617553.935
6 19 127653511.070
6 20 186893665.261
6 21 209539494.082
6 22 36049608.527
7 0 1051854626.700
7 1 325054084.134
7 2 325520167.601
7 3 283394933.364
7 4 213621786.272
7 5 74843427.748
7 6 115721322.291
7 8 282275835.865
7 9 2213873004.130
7 10 2111008071.306
7 11 794231347.950
7 12 575716073.723
7 13 1270269853.286
7 14 20128781.275
7 15 2534082364.927
7 16 8082044.499
7 17 578926633.247
7 18 150755019.259
7 19 882847975.826
7 20 1628104798.032
7 21 1038226270.860
7 22 281882592.574
8 0 282542548.059
8 1 122070857.243
8 2 13615365.908
8 3 33880336.383
8 4 13244291.410
8 5 31451902.410
8 6 35606697.013
8 7 149116077.352
8 9 306938209.725
8 10 310643713.975
8 11 81271110.533
8 12 232993499.408
8 13 412797104.838
8 14 1135063.810
8 15 248263505.838
8 16 1341600.783
8 17 167366706.436
8 18 25313566.018
8 19 94988087.062
8 20 402088256.047
8 21 222575246.686
8 22 56759578.036
9 0 1250822318.634
9 1 1003653951.962
9 2 116376552.249
9 3 384442804.101
9 4 389284412.618
9 5 75574279.364
9 6 156176318.591
9 7 451961644.823
9 8 299281235.744
9 10 898188853.001
9 11 909581893.816
9 12 1099533415.084
9 13 1394877130.178
9 14 20380931.002
9 15 684348178.887
9 16 10936283.067
9 17 354935469.277
9 18 178553481.403
9 19 272387586.259
9 20 1170538923.217
9 21 763658843.269
9 22 106847532.016
10 0 2046914659.952
10 1 1287762219.940
10 2 280569042.693
10 3 90899203.331
10 4 265042958.495
10 5 140410684.011
10 6 264189212.677
10 7 1662771837.208
10 8 114694727.996
10 9 1800443156.195
10 11 637622049.230
10 12 883629256.317
10 13 878542296.204
10 14 24575416.655
10 15 2065410065.380
10 16 12508393.342
10 17 671921317.056
10 18 76456965.794
10 19 1187370931.257
10 20 2236553602.167
10 21 1429914695.232
10 22 287298505.371
11 0 263439966.167
11 1 580522656.832
11 2 112300107.164
11 3 97732144.370
11 4 115454534.871
11 5 43452360.860
11 6 40856270.190
11 7 224330027.910
11 8 83091722.831
11 9 346400348.741
11 10 1026930307.024
11 12 1158478999.930
11 13 229516382.066
11 14 2678220.687
11 15 1057751612.859
11 16 2726554.945
11 17 439454071.310
11 18 63675436.633
11 19 164818881.317
11 20 522502775.861
11 21 664362017.986
11 22 30472655.582
12 0 1290049841.581
12 1 420481809.601
12 2 437784978.882
12 3 205267537.063
12 4 129276227.134
12 5 340956709.699
12 6 302431188.696
12 7 2961807370.641
12 8 399074043.263
12 9 1492872748.322
12 10 2755284249.532
12 11 1023433781.968
12 13 3029874098.466
12 14 20569586.603
12 15 772352936.541
12 16 29750138.134
12 17 641489494.364
12 18 252177367.276
12 19 895857302.475
12 20 801722615.328
12 21 664357056.654
12 22 206360613.143
13 0 770143121.369
13 1 1262081084.361
13 2 180747813.573
13 3 404314420.228
13 4 456958870.247
13 5 188273244.375
13 6 202815473.212
13 7 1707218675.155
13 8 156448915.424
13 9 2452181769.474
13 10 2262128666.110
13 11 260521035.751
13 12 2730648722.600
13 14 28507684.964
13 15 3217772271.544
13 16 9717951.556
13 17 360598918.676
13 18 211605097.601
13 19 991927141.949
13 20 3395437129.428
13 21 1365731699.231
13 22 405413446.112
14 0 19771932.407
14 1 8928219.168
14 2 1799273.994
14 3 1685645.354
14 4 2412496.323
14 5 2450857.342
14 6 2362037.504
14 7 15616177.706
14 8 1038131.472
14 9 12606777.572
14 10 11274767.140
14 11 2010894.797
14 12 12059091.035
14 13 26034637.880
14 15 9461811.413
14 16 166833.321
14 17 10146449.121
14 18 1956420.395
14 19 7589634.881
14 20 14937886.202
14 21 8352047.289
14 22 1439087.363
15 0 778480811.625
15 1 792076931.073
15 2 120921227.232
15 3 305622144.396
15 4 328600463.636
15 5 264442487.602
15 6 292844924.181
15 7 767324767.818
15 8 206044058.536
15 9 2678655024.173
15 10 2199627627.739
15 11 829073098.873
15 12 773595247.725
15 13 941107606.537
15 14 22565912.587
15 16 6539256.063
15 17 520445808.639
15 18 115151252.657
15 19 800849509.682
15 20 2381787702.236
15 21 1621416417.890
15 22 101564002.258
16 0 10166605.679
16 1 10828448.708
16 2 1198167.489
16 3 1716542.261
16 4 2795168.211
16 5 1016328.619
16 6 2520829.194
16 7 4789351.023
16 8 1141540.604
16 9 15984848.437
16 10 24111946.579
16 11 7893954.723
16 12 29172045.076
16 13 13093260.484
16 14 143442.387
16 15 18153201.997
16 17 10241532.274
16 18 2158888.954
16 19 10902560.926
16 20 24456543.402
16 21 13447090.504
16 22 2104713.785
17 0 302121476.976
17 1 652940265.638
17 2 180554744.180
17 3 68027972.176
17 4 161333908.642
17 5 97726389.442
17 6 51203122.296
17 7 781864424.232
17 8 152221181.249
17 9 1069483933.100
17 10 898930120.027
17 11 113928916.654
17 12 856346169.900
17 13 641904444.028
17 14 10055548.744
17 15 641587973.702
17 16 5907092.229
17 18 76629026.990
17 19 171852973.147
17 20 658574749.709
17 21 432779488.943
17 22 122558531.258
18 0 84739291.091
18 1 171144913.803
18 2 14518599.107
18 3 37548069.428
18 4 11227788.274
18 5 8704110.735
18 6 13441076.038
18 7 193238268.867
18 8 10798763.752
18 9 106194232.096
18 10 64717706.858
18 11 62765378.960
18 12 221964703.405
18 13 186213052.875
18 14 1635854.534
18 15 171117723.930
18 16 491136.526
18 17 85696627.709
18 19 48836829.908
18 20 240776637.522
18 21 89403490.006
18 22 11374529.060
19 0 220293238.881
19 1 318321895.403
19 2 111269225.917
19 3 109575964.819
19 4 149166012.710
19 5 158544778.503
19 6 164721869.633
19 7 448045662.073
19 8 46564957.535
19 9 1084701911.376
19 10 1110710364.431
19 11 125095662.598
19 12 715235588.402
19 13 756828501.139
19 14 2897205.754
19 15 711886939.843
19 16 8430015.983
19 17 273757556.882
19 18 29005223.111
19 20 1288205716.572
19 21 810882624.007
19 22 167332803.912
20 0 1669469581.919
20 1 899764825.783
20 2 308683277.709
20 3 282234603.452
20 4 388739102.383
20 5 313092224.020
20 6 291900830.537
20 7 2686958892.860
20 8 389327855.443
20 9 997676470.894
20 10 2644441373.430
20 11 713035444.538
20 12 3373481891.374
20 13 1913005310.211
20 14 16465465.690
20 15 2278227536.948
20 16 23196840.921
20 17 967902285.734
20 18 198479171.293
20 19 916948664.344
20 21 973664715.713
20 22 280761281.465
21 0 942457002.894
21 1 555387599.214
21 2 219603058.894
21 3 246765010.974
21 4 224976332.671
21 5 240038522.010
21 6 58784406.129
21 7 359811081.383
21 8 114503201.713
21 9 1696772795.369
21 10 1883977821.746
21 11 178026604.879
21 12 588174432.471
21 13 1777505489.896
21 14 14854098.205
21 15 1925594478.006
21 16 15708971.657
21 17 574632713.742
21 18 152985379.458
21 19 199119520.002
21 20 1579195393.777
21 22 102610453.828
22 0 266726420.290
22 1 76587188.188
22 2 28588140.578
22 3 29284953.822
22 4 35406476.119
22 5 47618631.884
22 6 14540051.225
22 7 321345982.547
22 8 20796772.605
22 9 289228998.881
22 10 328864368.261
22 11 102520913.696
22 12 102816352.784
22 13 445600256.364
22 14 2117182.499
22 15 214514567.041
22 16 798089.635
22 17 125244135.799
22 18 32842636.839
22 19 136152680.274
22 20 322702994.552
22 21 260372148.135
