506
0 1 516996690.471
0 2 327792713.375
0 3 276224144.439
0 4 288353670.493
0 5 237850704.002
0 6 265716876.874
0 7 1912711174.510
0 8 200406760.293
0 9 1927910487.659
0 10 1166400392.623
0 11 631780661.131
0 12 2389637824.360
0 13 2028014853.092
0 14 5774710.963
0 15 2450866533.279
0 16 21942352.583
0 17 322662318.410
0 18 118814943.412
0 19 475273988.724
0 20 2031497044.933
0 21 436334810.090
0 22 344092894.516
1 0 404059317.189
1 2 143512259.015
1 3 260869762.010
1 4 150997633.569
1 5 109156529.056
1 6 143557713.256
1 7 815190444.571
1 8 143984165.103
1 9 1105680905.742
1 10 1669091673.896
1 11 509964746.679
1 12 677498161.566
1 13 1739894435.749
1 14 3282848.922
1 15 822087824.475
1 16 3091448.201
1 17 293173915.038
1 18 115243642.569
1 19 140683772.510
1 20 1919141121.333
1 21 959749129.508
1 22 133383035.992
2 0 115462760.840
2 1 219140145.919
2 3 32093416.084
2 4 57627819.979
2 5 41441253.492
2 6 31311044.732
2 7 297256249.205
2 8 63129053.730
2 9 332836986.171
2 10 172809304.785
2 11 93157888.446
2 12 93115245.208
2 13 236348183.624
2 14 2642263.922
2 15 291708137.170
2 16 3289291.618
2 17 78188596.781
2 18 13803118.428
2 19 66423822.679
2 20 422868507.866
2 21 127510012.195
2 22 23493420.279
3 0 101662555.482
3 1 268353994.894
3 2 31627975.802
3 4 49874911.406
3 5 19044435.562
3 6 58693346.088
3 7 166454035.196
3 8 51967901.943
3 9 314512356.613
3 10 186642690.371
3 11 64542638.310
3 12 255504547.947
3 13 153449222.460
3 14 3718410.631
3 15 230237907.142
3 16 2826051.883
3 17 61604777.424
3 18 18269156.169
3 19 182316453.901
3 20 259854695.960
3 21 187112036.598
3 22 36241035.413
4 0 162532983.281
4 1 263213168.030
4 2 42604317.651
4 3 15270984.908
4 5 41187170.322
4 6 12834445.063
4 7 358217685.178
4 8 32534243.608
4 9 241962795.442
4 10 299153067.237
4 11 48803961.960
4 12 157329394.671
4 13 259601789.374
4 14 1356804.760
4 15 238273228.067
4 16 2406733.788
4 17 139195419.072
4 18 16040128.458
4 19 74253520.890
4 20 145686330.152
4 21 256529758.076
4 22 36280455.690
5 0 149237957.611
5 1 236652018.211
5 2 44367942.488
5 3 21596949.600
5 4 15236892.126
5 6 43981843.832
5 7 184966669.185
5 8 36479374.682
5 9 233161597.332
5 10 198100054.864
5 11 37695158.677
5 12 225701679.871
5 13 426000882.232
5 14 3344916.233
5 15 211892883.763
5 16 3176692.142
5 17 128161445.128
5 18 27323310.528
5 19 93049348.053
5 20 110313880.596
5 21 109241853.160
5 22 25764001.455
6 0 63432277.878
6 1 90512434.946
6 2 57195163.822
6 3 29970213.745
6 4 37128135.519
6 5 16629181.862
6 7 102171406.213
6 8 23276956.720
6 9 118991913.131
6 10 198907855.827
6 11 107922513.197
6 12 476228190.543
6 13 243290688.483
6 14 661992.185
6 15 411870739.674
6 16 3022487.189
6 17 110614023.042
6 18 7306754.716
6 19 106885419.593
6 20 364398488.640
6 21 191975459.357
6 22 58535691.399
7 0 1820892236.214
7 1 1043680074.086
7 2 109133140.127
7 3 224719754.851
7 4 96613896.180
7 5 125878849.341
7 6 323358362.068
7 8 129710572.823
7 9 474520785.638
7 10 2598254966.093
7 11 302702772.419
7 12 2204915417.625
7 13 2191893437.612
7 14 21544657.309
7 15 1125828040.381
7 16 15133890.125
7 17 262172991.479
7 18 193993209.667
7 19 802657329.296
7 20 2148982978.054
7 21 503041394.210
7 22 224264841.006
8 0 302705679.038
8 1 122348403.863
8 2 21368114.555
8 3 59236720.948
8 4 24574689.103
8 5 16418998.049
8 6 13943417.745
8 7 293513419.725
8 9 190963499.684
8 10 310370515.552
8 11 51196338.917
8 12 189050315.530
8 13 364111718.319
8 14 2096154.567
8 15 248127193.985
8 16 2865712.951
8 17 171663718.471
8 18 12529052.861
8 19 121122733.677
8 20 163531498.080
8 21 122134010.337
8 22 31553153.036
9 0 1901940022.139
9 1 325828422.184
9 2 252148703.853
9 3 232426530.991
9 4 369320952.813
9 5 154006627.715
9 6 360534473.883
9 7 1953116442.457
9 8 233730470.116
9 10 1644356307.624
9 11 455751497.553
9 12 2098021079.208
9 13 1823039119.900
9 14 17647805.581
9 15 1100455314.657
9 16 15298435.726
9 17 642523364.441
9 18 235683016.368
9 19 1018283420.766
9 20 2128872651.824
9 21 733629641.163
9 22 355940655.527
10 0 2423161782.594
10 1 1581420385.612
10 2 280046353.342
10 3 195938278.189
10 4 332904992.033
10 5 269769046.050
10 6 433362392.474
10 7 2401139468.479
10 8 306343290.850
10 9 1063009790.626
10 11 250384630.406
10 12 706740004.470
10 13 808955574.862
10 14 7508245.809
10 15 1799859404.213
10 16 25858269.651
10 17 311233505.479
10 18 184312084.627
10 19 1153248892.751
10 20 2191628574.337
10 21 832397356.028
10 22 253540502.934
11 0 246275932.537
11 1 206062464.530
11 2 144810118.921
11 3 151300725.184
11 4 146671401.056
11 5 86027605.326
11 6 103314682.185
11 7 404649077.457
11 8 37238447.800
11 9 679756994.189
11 10 503690404.804
11 12 1194677433.248
11 13 855125304.140
11 14 5431009.434
11 15 305137053.783
11 16 7846178.301
11 17 245589317.608
11 18 47170346.213
11 19 297115200.458
11 20 888033902.715
11 21 253832502.845
11 22 50556825.633
12 0 2309118341.855
12 1 1841546797.626
12 2 143030020.578
12 3 235265425.187
12 4 150189584.588
12 5 194692573.596
12 6 504114223.524
12 7 2208455656.119
12 8 495285746.774
12 9 2461753545.154
12 10 1996156566.115
12 11 769894857.975
12 13 3401933993.521
12 14 15122757.616
12 15 1399511650.289
12 16 7828698.060
12 17 758200931.641
12 18 169890108.561
12 19 683484643.809
12 20 1085783952.804
12 21 536616202.345
12 22 190721801.155
13 0 937146304.945
13 1 759338068.061
13 2 297164003.690
13 3 113043508.540
13 4 380639331.282
13 5 200138771.605
13 6 291030467.107
13 7 944678881.128
13 8 408692201.862
13 9 1879976851.398
13 10 1080173343.292
13 11 757994831.782
13 12 2736324985.280
13 14 17953231.314
13 15 2873321077.740
13 16 24976396.098
13 17 767175501.148
13 18 204312831.594
13 19 342027263.777
13 20 1287335899.476
13 21 1561311463.241
13 22 347542230.402
14 0 18301862.371
14 1 9244504.523
14 2 2729944.638
14 3 2740459.107
14 4 3225946.578
14 5 2235597.078
14 6 1493533.257
14 7 11673675.306
14 8 3279721.245
14 9 5107494.918
14 10 10781858.167
14 11 3668615.991
14 12 19391035.447
14 13 7457735.202
14 15 5283002.782
14 16 96887.223
14 17 8223671.710
14 18 1839453.271
14 19 3881212.588
14 20 8700682.019
14 21 8928407.481
14 22 1475463.109
15 0 1473713454.572
15 1 930649104.617
15 2 138805661.277
15 3 164826385.284
15 4 143678298.075
15 5 106735428.221
15 6 287866582.846
15 7 1277248414.608
15 8 404231431.260
15 9 1517953926.992
15 10 2481128323.880
15 11 919976396.072
15 12 1096223183.564
15 13 1038207579.306
15 14 23537283.727
15 16 24413334.016
15 17 1011922337.278
15 18 113876946.336
15 19 567792686.208
15 20 1776023769.803
15 21 1241136754.301
15 22 155247418.151
16 0 4240274.129
16 1 12584066.033
16 2 3225786.055
16 3 1168126.008
16 4 2658625.453
16 5 2898365.899
16 6 1080008.235
16 7 13336818.951
16 8 838947.414
16 9 16663255.762
16 10 16699392.278
16 11 1748513.723
16 12 12700492.234
16 13 20275820.457
16 14 236352.593
16 15 25320862.473
16 17 8354280.714
16 18 2218290.010
16 19 3261203.346
16 20 19029438.855
16 21 14343733.822
16 22 2199208.834
17 0 284340974.211
17 1 483252719.936
17 2 63830744.142
17 3 176993968.948
17 4 68022870.870
17 5 36830076.553
17 6 143001519.017
17 7 1004192728.128
17 8 151219393.118
17 9 822919125.768
17 10 1110473372.558
17 11 301348785.527
17 12 978340317.235
17 13 1125408011.395
17 14 7353984.549
17 15 737926880.353
17 16 8811259.381
17 18 112007420.374
17 19 219695442.537
17 20 877072021.754
17 21 555400586.965
17 22 35154146.409
18 0 78352879.341
18 1 112523157.635
18 2 14017465.609
18 3 34358929.144
18 4 12135793.270
18 5 6775666.796
18 6 33668383.722
18 7 186169156.384
18 8 20109689.731
18 9 193606393.834
18 10 53117812.702
18 11 19478490.684
18 12 215808371.979
18 13 88451822.452
18 14 1771223.483
18 15 68013964.483
18 16 2072760.903
18 17 68052594.709
18 19 50816696.931
18 20 175324598.211
18 21 29226241.729
18 22 19496001.869
19 0 193249550.720
19 1 196109335.997
19 2 84703102.281
19 3 153042298.700
19 4 99826262.945
19 5 122626107.133
19 6 75189359.213
19 7 585894128.031
19 8 108035696.972
19 9 396698313.390
19 10 270412349.632
19 11 432397484.811
19 12 1151634034.922
19 13 1200463552.316
19 14 6799923.211
19 15 1219741231.540
19 16 4876911.778
19 17 365276887.836
19 18 31867964.100
19 20 1208014708.048
19 21 463951489.125
19 22 66541618.829
20 0 2212166420.557
20 1 563445035.202
20 2 244411965.184
20 3 202198024.168
20 4 240707260.030
20 5 365301190.822
20 6 438005594.989
20 7 827619491.024
20 8 85199216.985
20 9 2225671368.263
20 10 1025514586.452
20 11 608697020.335
20 12 2943307758.674
20 13 1706345542.699
20 14 8201415.262
20 15 3123284522.823
20 16 20773071.697
20 17 383744678.361
20 18 76070620.709
20 19 1099320311.323
20 21 842728886.904
20 22 271337342.459
21 0 879796460.666
21 1 1152319536.918
21 2 100585022.763
21 3 203067461.372
21 4 82290213.342
21 5 154285211.617
21 6 142887768.151
21 7 1277658556.048
21 8 150682529.082
21 9 1667655545.060
21 10 1324570989.500
21 11 314438050.838
21 12 739898142.604
21 13 1883897381.160
21 14 10299593.823
21 15 956494713.224
21 16 5837549.905
21 17 384936191.220
21 18 40313780.830
21 19 624260184.930
21 20 2059868839.152
21 22 86340498.858
22 0 232949657.982
22 1 100634027.418
22 2 56423380.315
22 3 10896248.897
22 4 10524229.402
22 5 18508420.524
22 6 25242160.659
22 7 328730482.439
22 8 11963434.781
22 9 399851700.224
22 10 233378528.424
22 11 120897918.153
22 12 351023260.798
22 13 458059688.101
22 14 2065783.493
22 15 282341630.097
22 16 2340216.143
22 17 34804755.323
22 18 24310927.861
22 19 45298988.114
22 20 437488846.245
22 21 107624219.633
