506
0 1 1605067159.043
0 2 235534695.146
0 3 115221342.540
0 4 181475923.695
0 5 87935917.215
0 6 150551673.091
0 7 2102870810.321
0 8 271042972.135
0 9 933668789.026
0 10 1889016272.526
0 11 840338156.990
0 12 2833644010.009
0 13 1786406778.316
0 14 20107022.096
0 15 1622606119.294
0 16 10536700.621
0 17 775869243.989
0 18 95738483.816
0 19 566242999.316
0 20 2338516892.231
0 21 1197625667.565
0 22 170408955.781
1 0 1321609302.618
1 2 231891142.683
1 3 196706895.857
1 4 194603248.493
1 5 213466847.553
1 6 120645879.210
1 7 731359394.272
1 8 197731100.282
1 9 1154875816.752
1 10 1458477836.922
1 11 260500288.909
1 12 1718932702.713
1 13 1633045870.226
1 14 16472035.418
1 15 1555962059.548
1 16 3849601.827
1 17 809209075.518
1 18 30857843.560
1 19 642819551.936
1 20 1529652845.513
1 21 526286577.206
1 22 160327966.595
2 0 223280617.678
2 1 50774632.515
2 3 32040003.292
2 4 28640556.356
2 5 62064903.547
2 6 34701731.333
2 7 353175556.057
2 8 25872771.505
2 9 300774763.959
2 10 443218509.522
2 11 41067289.618
2 12 156662274.676
2 13 144618330.904
2 14 3424868.038
2 15 131901351.578
2 16 1171614.963
2 17 55182318.852
2 18 23596226.456
2 19 95930707.522
2 20 187067682.951
2 21 114486460.498
2 22 35750821.698
3 0 348943522.473
3 1 164542815.962
3 2 58186486.893
3 4 32613129.540
3 5 60536713.734
3 6 10209432.927
3 7 80290994.753
3 8 61381809.068
3 9 68132646.241
3 10 148211295.753
3 11 49551300.273
3 12 85910436.745
3 13 397803828.759
3 14 866915.734
3 15 172075748.307
3 16 2699528.934
3 17 106131822.425
3 18 38158263.368
3 19 155941219.017
3 20 289950877.628
3 21 242549166.537
3 22 61129893.508
4 0 148120358.777
4 1 255331420.958
4 2 53455211.059
4 3 11959671.488
4 5 36225813.348
4 6 31315506.677
4 7 241746301.786
4 8 11181489.381
4 9 245283405.531
4 10 336535043.568
4 11 60966004.531
4 12 522146738.620
4 13 414956783.225
4 14 2236121.187
4 15 336780035.737
4 16 3821414.243
4 17 34081551.368
4 18 21541665.759
4 19 45727714.940
4 20 429698939.694
4 21 48671224.471
4 22 20372440.892
5 0 77949351.075
5 1 247837141.408
5 2 29640158.969
5 3 23308103.291
5 4 15723554.001
5 6 19383893.698
5 7 330338669.845
5 8 27169867.252
5 9 205084968.592
5 10 423978266.208
5 11 109462807.210
5 12 370379983.401
5 13 150457738.283
5 14 1432655.685
5 15 304209821.685
5 16 1758017.719
5 17 83066546.201
5 18 14339940.836
5 19 57873559.488
5 20 368415297.812
5 21 241421032.744
5 22 17265085.704
6 0 317833375.253
6 1 157886217.729
6 2 61512196.580
6 3 53089565.918
6 4 35686400.004
6 5 58436147.949
6 7 265775256.369
6 8 28177195.046
6 9 305992616.210
6 10 382997948.264
6 11 151198747.514
6 12 346587576.776
6 13 321446451.918
6 14 2834465.106
6 15 240175377.660
6 16 923165.663
6 17 140778998.652
6 18 24154543.942
6 19 82517367.013
6 20 274900626.170
6 21 268380396.238
6 22 37436582.637
7 0 2210433490.953
7 1 580408317.257
7 2 321594449.343
7 3 312731018.475
7 4 103503786.330
7 5 364155050.627
7 6 158695215.770
7 8 252406287.098
7 9 420376737.843
7 10 1094386002.718
7 11 537074562.783
7 12 3100141424.189
7 13 2367788187.993
7 14 7977164.679
7 15 1439409648.665
7 16 7556659.239
7 17 643637632.547
7 18 84201774.920
7 19 637183229.619
7 20 1116260428.091
7 21 1424825194.574
7 22 261585333.007
8 0 224327227.557
8 1 195415793.136
8 2 18845808.691
8 3 29200284.515
8 4 16601125.323
8 5 16367215.575
8 6 53279010.168
8 7 265434569.644
8 9 245929574.403
8 10 402670050.265
8 11 100688475.924
8 12 386112891.786
8 13 405609248.944
8 14 1023629.353
8 15 237345388.012
8 16 622862.418
8 17 118359826.850
8 18 28222076.975
8 19 38043858.537
8 20 435998769.597
8 21 213562242.877
8 22 11867294.814
9 0 2192692956.138
9 1 624035168.830
9 2 362229542.885
9 3 183214038.477
9 4 269978731.201
9 5 310987725.497
9 6 124822475.040
9 7 969026609.773
9 8 178847882.547
9 10 1291907881.942
9 11 436797735.988
9 12 1591431690.353
9 13 1295198405.375
9 14 24557826.290
9 15 2009912230.786
9 16 7055733.359
9 17 909128961.470
9 18 135161971.445
9 19 700291203.747
9 20 938705574.724
9 21 623324499.573
9 22 299046350.808
10 0 825247962.211
10 1 1308809647.870
10 2 330504202.926
10 3 316244886.643
10 4 414108735.702
10 5 174598020.315
10 6 401716045.740
10 7 470955558.331
10 8 234739849.577
10 9 2473767260.716
10 11 379549939.184
10 12 3462559782.766
10 13 791323254.441
10 14 24212375.222
10 15 554846729.655
10 16 6136889.320
10 17 1110075519.166
10 18 189940883.880
10 19 460618295.601
10 20 2948162191.944
10 21 1858452431.445
10 22 195433146.737
11 0 893805358.390
11 1 668002613.335
11 2 128893211.695
11 3 143720552.751
11 4 137567872.314
11 5 92638856.757
11 6 42955302.136
11 7 505319017.488
11 8 113681924.722
11 9 839355896.700
11 10 224226122.835
11 12 483159851.084
11 13 1080126463.086
11 14 5056573.218
11 15 430927469.928
11 16 7895906.313
11 17 234579877.926
11 18 41967452.219
11 19 204746075.600
11 20 735310542.843
11 21 559033911.484
11 22 130032689.934
12 0 3050726419.665
12 1 1188754893.330
12 2 162319106.728
12 3 314834336.634
12 4 133707360.200
12 5 200170247.272
12 6 505462237.388
12 7 2039901045.676
12 8 407358491.626
12 9 3010200029.784
12 10 1989040838.145
12 11 860466615.113
12 13 3090591238.200
12 14 30909314.361
12 15 669808327.526
12 16 23656945.689
12 17 782469047.472
12 18 303246687.341
12 19 1503887304.867
12 20 939319206.674
12 21 610175320.013
12 22 335233454.051
13 0 2362990466.732
13 1 1112808259.486
13 2 410701592.549
13 3 165027396.295
13 4 238910391.793
13 5 162960866.872
13 6 110736505.253
13 7 1169926169.614
13 8 420463653.188
13 9 909806645.005
13 10 1908356144.196
13 11 1095314410.832
13 12 983034331.698
13 14 8257528.950
13 15 2625673581.721
13 16 23235731.855
13 17 280009582.532
13 18 262686262.000
13 19 1158365195.394
13 20 1836766112.231
13 21 359174660.804
13 22 390227725.275
14 0 10698587.358
14 1 5842385.934
14 2 3824722.359
14 3 3043201.811
14 4 1178224.380
14 5 3470916.362
14 6 3517139.644
14 7 4376380.963
14 8 1524352.849
14 9 11932394.579
14 10 12901488.399
14 11 4838900.052
14 12 9892060.591
14 13 13918344.930
14 15 23416847.875
14 16 136845.240
14 17 7937193.080
14 18 2417978.348
14 19 9071390.976
14 20 16198192.060
14 21 7746765.681
14 22 3700821.201
15 0 1977517799.086
15 1 1888870358.543
15 2 322199711.793
15 3 392800622.443
15 4 90638672.025
15 5 328843161.023
15 6 82723457.224
15 7 2528670690.698
15 8 399346555.382
15 9 524908176.750
15 10 3053721446.949
15 11 1067584987.702
15 12 987931151.070
15 13 2258715257.010
15 14 25553449.830
15 16 18570825.316
15 17 966960154.636
15 18 99236070.143
15 19 500404828.786
15 20 2846391542.798
15 21 553619113.940
15 22 151929350.982
16 0 4975843.859
16 1 9127523.216
16 2 2244152.657
16 3 2427539.921
16 4 1315166.666
16 5 2650073.493
16 6 3835331.372
16 7 4889197.968
16 8 1588561.130
16 9 14031199.858
16 10 17108084.915
16 11 3526014.093
16 12 7464734.257
16 13 28661426.615
16 14 146437.631
16 15 5867846.768
16 17 6352458.713
16 18 2432171.379
16 19 9314508.144
16 20 24307732.711
16 21 9463853.831
16 22 3108836.991
17 0 1022647871.086
17 1 662199112.640
17 2 31989286.826
17 3 74033753.263
17 4 155615899.201
17 5 117470924.603
17 6 112085925.104
17 7 752662584.166
17 8 140677325.237
17 9 1038796075.143
17 10 1255139953.202
17 11 82133475.510
17 12 1067714835.557
17 13 873085051.596
17 14 3210810.424
17 15 720708484.708
17 16 8267609.167
17 18 68339758.195
17 19 448963151.222
17 20 1278527178.608
17 21 751723859.842
17 22 68674707.118
18 0 178969765.747
18 1 40131403.121
18 2 15483735.395
18 3 19605369.402
18 4 18425766.969
18 5 22993579.473
18 6 21498775.936
18 7 96594921.303
18 8 36327092.557
18 9 149787205.535
18 10 178542365.461
18 11 28533450.364
18 12 103236960.359
18 13 162709515.552
18 14 2132918.009
18 15 105357755.720
18 16 1592669.323
18 17 107635774.535
18 19 62319477.862
18 20 184885107.880
18 21 46938540.568
18 22 10868942.735
19 0 966383519.694
19 1 170560769.959
19 2 83765656.806
19 3 129483317.593
19 4 172679953.915
19 5 169726153.846
19 6 182778651.767
19 7 597364006.091
19 8 122465837.991
19 9 1103852224.424
19 10 979574805.310
19 11 313899137.873
19 12 435281206.889
19 13 370233831.461
19 14 3052682.135
19 15 1096147231.485
19 16 1914972.106
19 17 226057931.811
19 18 24218134.107
19 20 245426519.951
19 21 391931152.378
19 22 38358638.575
20 0 925320426.335
20 1 1426130927.365
20 2 196725314.117
20 3 233143400.687
20 4 114658805.388
20 5 178222537.279
20 6 350450871.395
20 7 1793844073.481
20 8 319062758.652
20 9 2170497731.983
20 10 980378276.736
20 11 835873086.733
20 12 1028901831.072
20 13 1628619981.275
20 14 27307710.510
20 15 2937402689.864
20 16 6456608.410
20 17 417890540.175
20 18 133602796.649
20 19 1242658263.914
20 21 1606479334.755
20 22 297832377.898
21 0 1206442719.983
21 1 840715251.797
21 2 127513743.921
21 3 167514349.963
21 4 265559723.669
21 5 85207914.560
21 6 168189324.455
21 7 964992664.274
21 8 101194684.377
21 9 1237899925.682
21 10 1120698052.289
21 11 111913924.890
21 12 632295692.865
21 13 1845412815.583
21 14 3184842.522
21 15 1856995097.424
21 16 9049298.568
21 17 389455731.398
21 18 98013010.060
21 19 720422110.283
21 20 1439437960.872
21 22 196265790.245
22 0 157350909.040
22 1 65172408.229
22 2 12173019.770
22 3 30689635.927
22 4 49772619.114
22 5 26818648.126
22 6 53969409.383
22 7 307639690.284
22 8 54368583.065
22 9 190547366.147
22 10 135875284.168
22 11 45679566.485
22 12 405210872.494
22 13 452047943.502
22 14 984953.104
22 15 284660300.401
22 16 2365480.369
22 17 50097157.218
22 18 25380854.580
22 19 135193014.224
22 20 385663189.045
22 21 247361508.244
