506
0 1 1203999645.385
0 2 293618074.738
0 3 306228409.865
0 4 218983264.569
0 5 301476117.975
0 6 233272605.215
0 7 875039812.859
0 8 341999279.295
0 9 828164940.851
0 10 2404462671.147
0 11 644172354.406
0 12 1010093475.422
0 13 1605065805.064
0 14 20974074.881
0 15 779534917.810
0 16 20386470.588
0 17 246070549.873
0 18 190882794.395
0 19 1053538446.375
0 20 686667828.033
0 21 1284711607.293
0 22 114305207.226
1 0 970203375.794
1 2 67386139.969
1 3 63423346.126
1 4 106320227.195
1 5 264981828.699
1 6 193674062.514
1 7 1545232600.178
1 8 170584063.286
1 9 653252513.316
1 10 1056764895.492
1 11 445309813.475
1 12 2291156841.959
1 13 2022416943.565
1 14 10327503.120
1 15 1546002864.185
1 16 10820155.544
1 17 674128717.646
1 18 138837623.169
1 19 758818271.395
1 20 1383614454.510
1 21 746987914.988
1 22 73216766.239
2 0 224498177.453
2 1 258120003.537
2 3 28805626.484
2 4 17294776.046
2 5 38111831.682
2 6 51505270.181
2 7 217516846.895
2 8 45508442.160
2 9 377635549.366
2 10 201520836.668
2 11 126299162.327
2 12 365197028.023
2 13 349373779.908
2 14 1528654.285
2 15 353759073.637
2 16 1597198.646
2 17 164251385.743
2 18 25754080.923
2 19 80799884.590
2 20 408117540.942
2 21 86197170.356
2 22 57095651.363
3 0 65551534.184
3 1 179071064.899
3 2 61718169.053
3 4 15156866.163
3 5 34128653.803
3 6 55557750.365
3 7 240331208.800
3 8 29880066.479
3 9 75853863.394
3 10 251262943.525
3 11 44084353.381
3 12 165494942.131
3 13 367932302.095
3 14 3528110.990
3 15 361925386.207
3 16 743844.740
3 17 121506997.557
3 18 23585652.168
3 19 136822900.351
3 20 176886236.844
3 21 195638724.178
3 22 47815384.207
4 0 112437388.698
4 1 98014449.082
4 2 21517556.384
4 3 58809516.676
4 5 47780220.841
4 6 20837128.536
4 7 239593636.725
4 8 23279691.716
4 9 228886478.198
4 10 265139857.276
4 11 70757467.095
4 12 250969421.875
4 13 120961129.678
4 14 1641735.280
4 15 92326727.160
4 16 1667387.653
4 17 169063272.009
4 18 30830089.031
4 19 33295283.847
4 20 310080105.797
4 21 51306411.155
4 22 49239612.797
5 0 167084963.159
5 1 148673238.230
5 2 27404933.681
5 3 15665603.757
5 4 44545424.357
5 6 53034445.638
5 7 267111231.804
5 8 57687911.398
5 9 104353957.627
5 10 214833873.761
5 11 37449361.138
5 12 412135297.121
5 13 269854879.355
5 14 1720995.711
5 15 410957990.135
5 16 3652800.586
5 17 132950402.437
5 18 21675009.309
5 19 99248087.518
5 20 401028788.871
5 21 189372646.271
5 22 54708743.919
6 0 69618011.302
6 1 174580151.133
6 2 42433432.224
6 3 48295873.665
6 4 18078878.899
6 5 35669360.380
6 7 134859288.292
6 8 10483285.363
6 9 207544378.420
6 10 102162784.220
6 11 122197698.624
6 12 90875472.448
6 13 171705913.000
6 14 3151192.437
6 15 177517470.142
6 16 1203635.872
6 17 155012470.156
6 18 7414588.275
6 19 82287197.566
6 20 227679512.553
6 21 62776827.849
6 22 60801592.148
7 0 718723117.493
7 1 580647750.770
7 2 336363638.465
7 3 312229317.401
7 4 237679595.438
7 5 74059249.792
7 6 88955801.120
7 8 355649860.866
7 9 840027468.060
7 10 1932832800.238
7 11 356267124.943
7 12 1227786941.736
7 13 1216993891.202
7 14 18066563.758
7 15 2472460934.953
7 16 19687951.324
7 17 210920300.791
7 18 127844845.754
7 19 620119150.877
7 20 495980218.908
7 21 395260995.185
7 22 360562704.457
8 0 332027928.407
8 1 95121960.506
8 2 62176401.114
8 3 34555966.810
8 4 34621034.988
8 5 26790364.025
8 6 33622812.998
8 7 314240386.443
8 9 174493895.916
8 10 103279634.516
8 11 67443111.234
8 12 460496505.930
8 13 318468461.695
8 14 2235506.507
8 15 171402582.747
8 16 2893334.474
8 17 112178756.020
8 18 10899891.327
8 19 59499580.656
8 20 220884595.497
8 21 99640854.234
8 22 24565568.268
9 0 1564895595.020
9 1 1333863030.666
9 2 79702448.967
9 3 101687055.055
9 4 395163189.163
9 5 106194705.822
9 6 202049526.723
9 7 395453332.613
9 8 233231537.054
9 10 1271617167.793
9 11 518072871.891
9 12 2820087290.780
9 13 740326673.025
9 14 6471529.658
9 15 1722431179.216
9 16 21971366.995
9 17 720359445.332
9 18 117014743.256
9 19 803758496.763
9 20 2724061458.425
9 21 1671372851.830
9 22 335047953.696
10 0 2011815895.673
10 1 1836618596.450
10 2 363868098.901
10 3 106025679.760
10 4 413730837.001
10 5 420181191.584
10 6 177292308.096
10 7 839477863.467
10 8 74861397.226
10 9 500533734.806
10 11 995672645.220
10 12 2384583910.298
10 13 2510509096.317
10 14 19327071.279
10 15 1348675713.772
10 16 15280391.628
10 17 956472757.905
10 18 194003497.121
10 19 642972392.509
10 20 752937952.564
10 21 1238203849.971
10 22 372188614.129
11 0 273801467.804
11 1 241038456.452
11 2 64794284.031
11 3 90480646.657
11 4 87043945.015
11 5 79428089.367
11 6 121277030.843
11 7 191027051.765
11 8 92701442.647
11 9 419951576.367
11 10 381504611.690
11 12 343286688.290
11 13 543138975.418
11 14 9535054.773
11 15 1025175094.105
11 16 3632766.132
11 17 195260573.737
11 18 96081286.267
11 19 227470206.008
11 20 1084232674.135
11 21 440608348.031
11 22 63951302.712
12 0 1963829451.804
12 1 942361980.313
12 2 215460773.679
12 3 138523942.365
12 4 414047336.500
12 5 115430087.569
12 6 142110767.355
12 7 2600068869.171
12 8 329251398.025
12 9 1359528308.574
12 10 2891669484.651
12 11 447319654.901
12 13 3554412943.265
12 14 26284424.393
12 15 2129153959.619
12 16 19469949.999
12 17 393555919.872
12 18 203893046.749
12 19 407073512.414
12 20 1520656116.590
12 21 1984792820.905
12 22 523229599.135
13 0 2437227448.639
13 1 1682480435.831
13 2 80171892.424
13 3 94284945.469
13 4 186873563.089
13 5 202501247.193
13 6 405074587.059
13 7 2388307408.147
13 8 294134904.402
13 9 1240003664.889
13 10 950975079.955
13 11 284849899.724
13 12 3421682447.559
13 14 12929061.039
13 15 2629842489.253
13 16 18481497.113
13 17 1099717987.625
13 18 273955007.291
13 19 844410424.509
13 20 1732569994.632
13 21 1106205671.605
13 22 419066905.962
14 0 19308061.445
14 1 13612150.029
14 2 2224703.609
14 3 2645183.824
14 4 3801769.286
14 5 806980.146
14 6 3793094.355
14 7 15009122.208
14 8 1453467.229
14 9 24944117.710
14 10 10127609.991
14 11 3041213.446
14 12 20961146.334
14 13 17171086.599
14 15 15222907.297
14 16 131290.350
14 17 9101607.438
14 18 1550854.492
14 19 2499290.154
14 20 6289776.701
14 21 17144057.805
14 22 3412273.725
15 0 1671571882.261
15 1 1819396973.130
15 2 228609390.733
15 3 155388799.047
15 4 277028916.333
15 5 343039138.594
15 6 331488624.625
15 7 837411309.601
15 8 98379291.082
15 9 2108147825.091
15 10 846462220.616
15 11 761774804.302
15 12 3407395100.917
15 13 1211907386.887
15 14 7876309.569
15 16 15561700.923
15 17 1196032676.515
15 18 253480401.061
15 19 720957183.535
15 20 3139366927.461
15 21 741278274.230
15 22 281517580.001
16 0 22553062.882
16 1 4537388.079
16 2 2773187.801
16 3 2725462.278
16 4 3267039.294
16 5 1917335.612
16 6 3586377.819
16 7 6060998.543
16 8 2615826.822
16 9 24865932.077
16 10 4549039.305
16 11 8636459.941
16 12 32022154.474
16 13 22937237.323
16 14 220851.022
16 15 5838369.630
16 17 9211850.216
16 18 1771692.110
16 19 10960645.990
16 20 8530953.223
16 21 4387898.590
16 22 2048023.781
17 0 1091826687.756
17 1 419678091.178
17 2 181958231.231
17 3 94019292.928
17 4 98276450.903
17 5 112157347.590
17 6 154484879.979
17 7 611137675.344
17 8 52854113.861
17 9 800531417.773
17 10 265946515.596
17 11 82543981.634
17 12 741651546.147
17 13 1238459055.667
17 14 2787850.687
17 15 297460712.451
17 16 8524731.560
17 18 94127665.269
17 19 93609739.757
17 20 956155147.582
17 21 655736317.638
17 22 81722523.062
18 0 201671024.255
18 1 80343337.116
18 2 17455817.426
18 3 17442108.752
18 4 35089453.266
18 5 32161888.503
18 6 35628818.826
18 7 232500480.811
18 8 19371544.242
18 9 147122203.262
18 10 196077020.866
18 11 65515394.078
18 12 176980402.197
18 13 140837412.412
18 14 708551.673
18 15 206133048.069
18 16 677218.741
18 17 44437332.571
18 19 76503726.703
18 20 92048959.429
18 21 164312395.859
18 22 27369755.229
19 0 659579951.599
19 1 671659629.352
19 2 114699874.921
19 3 67534336.726
19 4 64724628.139
19 5 83706783.556
19 6 59350154.393
19 7 564190713.274
19 8 97533095.508
19 9 1103945088.608
19 10 1241710218.435
19 11 284084750.243
19 12 936490146.376
19 13 1269022197.154
19 14 9048817.752
19 15 945236030.976
19 16 11097722.919
19 17 474302209.415
19 18 99827911.113
19 20 1161167519.192
19 21 760303064.396
19 22 70857366.227
20 0 2007333236.935
20 1 693232663.573
20 2 210370066.722
20 3 250933265.946
20 4 330831144.283
20 5 351930469.564
20 6 455440342.134
20 7 1351853560.070
20 8 440643236.693
20 9 891126958.465
20 10 3215797497.345
20 11 519555649.747
20 12 3679502555.751
20 13 1357089551.387
20 14 19436493.551
20 15 1767162898.215
20 16 7988417.678
20 17 1224978496.685
20 18 196319575.526
20 19 279928009.375
20 21 1294707438.668
20 22 252961209.556
21 0 1237318361.588
21 1 356424105.682
21 2 122455044.699
21 3 209545593.138
21 4 236926285.790
21 5 85128721.415
21 6 253466588.385
21 7 1450908319.226
21 8 217580596.444
21 9 1640387444.062
21 10 1770313933.269
21 11 657275772.484
21 12 1071519231.249
21 13 525960848.381
21 14 14964135.632
21 15 1017516421.140
21 16 8300450.293
21 17 152092783.032
21 18 48212039.148
21 19 526250001.582
21 20 642130352.489
21 22 216613662.315
22 0 282229964.330
22 1 98482726.654
22 2 46019368.246
22 3 30713990.729
22 4 16221983.667
22 5 15528016.186
22 6 11797798.297
22 7 250406565.409
22 8 48265340.164
22 9 326719582.103
22 10 388693027.118
22 11 148012376.916
22 12 189765486.194
22 13 84728175.936
22 14 3060087.307
22 15 86482723.986
22 16 3750995.270
22 17 155536850.627
22 18 35442514.940
22 19 167199000.492
22 20 129258513.282
22 21 94514820.270
