506
0 1 1525689802.063
0 2 69093221.253
0 3 82040796.654
0 4 220338526.532
0 5 118053704.802
0 6 230637886.109
0 7 1750653761.691
0 8 68591102.039
0 9 568855573.937
0 10 743879219.399
0 11 812933864.191
0 12 603933815.481
0 13 1277137261.244
0 14 9505015.631
0 15 1126043066.230
0 16 21456757.887
0 17 463383637.714
0 18 140730210.717
0 19 607239289.213
0 20 1012444415.029
0 21 1453028837.701
0 22 66701410.437
1 0 1667822564.297
1 2 186372585.139
1 3 173922967.904
1 4 78152539.401
1 5 71847685.199
1 6 77563457.266
1 7 1288305124.637
1 8 161773192.846
1 9 415684679.137
1 10 464205878.073
1 11 468655123.242
1 12 1569675316.921
1 13 1064811972.856
1 14 7698255.195
1 15 951834216.966
1 16 14127875.525
1 17 383944031.040
1 18 130536112.170
1 19 454359300.329
1 20 974446236.454
1 21 442319552.416
1 22 223855596.530
2 0 150346161.864
2 1 176812294.698
2 3 53165259.203
2 4 44664084.438
2 5 48199201.812
2 6 20690958.009
2 7 250527459.383
2 8 50923467.007
2 9 184255101.018
2 10 447975513.671
2 11 124458016.088
2 12 134067894.859
2 13 425526797.251
2 14 2864125.546
2 15 324469167.652
2 16 3073426.796
2 17 86861806.747
2 18 30794796.930
2 19 106990194.343
2 20 228034451.577
2 21 91035647.960
2 22 49015024.056
3 0 118010337.125
3 1 205079070.467
3 2 54338875.110
3 4 15513066.851
3 5 54757427.745
3 6 18015866.093
3 7 128179256.412
3 8 17129886.568
3 9 376711543.334
3 10 422920078.124
3 11 143963076.298
3 12 522690462.095
3 13 363229009.756
3 14 3332275.654
3 15 89883000.318
3 16 925133.034
3 17 56048489.774
3 18 8223580.298
3 19 124626510.386
3 20 140366336.535
3 21 181257665.199
3 22 17796615.448
4 0 273649702.541
4 1 213065867.910
4 2 18127203.976
4 3 44782609.101
4 5 32914899.707
4 6 28838961.741
4 7 189981653.304
4 8 45071650.723
4 9 236000757.010
4 10 141006226.019
4 11 74837051.498
4 12 161707928.117
4 13 207423147.967
4 14 641305.994
4 15 412286431.819
4 16 2770948.968
4 17 142246121.724
4 18 21530455.780
4 19 173262862.813
4 20 75338837.293
4 21 193816098.648
4 22 46254317.451
5 0 327764455.177
5 1 83428765.875
5 2 17012863.570
5 3 15914770.987
5 4 41795387.070
5 6 32367174.339
5 7 146171548.434
5 8 54091808.973
5 9 399239139.203
5 10 261735016.759
5 11 92600004.944
5 12 260175599.419
5 13 425363168.655
5 14 2604983.032
5 15 225311728.580
5 16 2853332.626
5 17 107037699.398
5 18 10440834.082
5 19 41227172.990
5 20 220593451.221
5 21 219675116.619
5 22 42551986.069
6 0 103246308.169
6 1 141693554.714
6 2 32964845.299
6 3 49885656.004
6 4 59549157.971
6 5 36438666.189
6 7 207051230.084
6 8 17603328.226
6 9 363523719.611
6 10 236258377.562
6 11 34131956.763
6 12 437108293.722
6 13 424410521.994
6 14 668964.470
6 15 239943107.442
6 16 1916010.655
6 17 163935712.010
6 18 12869788.599
6 19 125741595.459
6 20 391799371.109
6 21 129017180.929
6 22 34261004.251
7 0 1257411163.930
7 1 415972813.150
7 2 268887082.921
7 3 150734638.619
7 4 206400536.802
7 5 82839306.122
7 6 213668385.654
7 8 131312381.115
7 9 2143807874.297
7 10 2136766462.587
7 11 707213738.754
7 12 647775423.428
7 13 2161595904.789
7 14 12507975.901
7 15 2565676744.251
7 16 9819623.889
7 17 841510396.627
7 18 164276071.640
7 19 280339089.207
7 20 2195260652.608
7 21 436765873.660
7 22 340868795.976
8 0 256902738.392
8 1 246494857.102
8 2 37645049.250
8 3 30712899.073
8 4 38548630.497
8 5 54917001.979
8 6 14359667.842
8 7 327885175.802
8 9 146428992.513
8 10 291631888.579
8 11 60530612.253
8 12 363017585.655
8 13 283616508.428
8 14 3605303.607
8 15 396498177.246
8 16 828372.778
8 17 132248241.951
8 18 32459729.396
8 19 94657936.857
8 20 322472673.094
8 21 158882328.420
8 22 44076710.769
9 0 2343102674.712
9 1 467115971.690
9 2 121883180.920
9 3 318072220.630
9 4 87313811.558
9 5 65491630.234
9 6 255183651.669
9 7 672564096.567
9 8 387418036.941
9 10 1371053929.175
9 11 997338649.791
9 12 1259189841.507
9 13 1520712664.406
9 14 4612823.072
9 15 1259334248.063
9 16 9108632.759
9 17 486710548.060
9 18 239715221.318
9 19 430996161.118
9 20 794020336.210
9 21 446000553.169
9 22 90842748.064
10 0 505344823.620
10 1 1167418921.831
10 2 295807225.411
10 3 91441059.179
10 4 261253464.124
10 5 116524371.919
10 6 156233755.004
10 7 1990065360.311
10 8 160542263.146
10 9 2545962255.258
10 11 818942004.902
10 12 852697187.631
10 13 1827840561.950
10 14 24299334.875
10 15 2524651958.291
10 16 19475553.373
10 17 1051180281.939
10 18 133866790.013
10 19 1191544626.513
10 20 1833148258.539
10 21 1279639051.654
10 22 191573492.129
11 0 663695882.391
11 1 436822793.596
11 2 116259237.330
11 3 83015833.154
11 4 31241011.507
11 5 97227155.215
11 6 111564752.355
11 7 734963689.581
11 8 150777283.318
11 9 621390571.504
11 10 759253777.865
11 12 275168071.079
11 13 196476861.489
11 14 4907879.388
11 15 397301910.846
11 16 2507340.302
11 17 273636575.408
11 18 19464662.908
11 19 281072903.216
11 20 769297768.246
11 21 370051464.031
11 22 56213836.212
12 0 2106564399.537
12 1 1098528721.134
12 2 324121286.796
12 3 135189193.561
12 4 503301470.968
12 5 88906682.068
12 6 130638663.911
12 7 788638606.990
12 8 402981552.890
12 9 3115536619.755
12 10 2792558166.181
12 11 1156123437.132
12 13 1946475416.380
12 14 21614549.622
12 15 1464403626.133
12 16 31692229.221
12 17 1250075683.978
12 18 209422848.938
12 19 1014808834.443
12 20 667787267.761
12 21 1901686450.542
12 22 380395236.974
13 0 822811902.779
13 1 1264815438.040
13 2 242593092.888
13 3 271156995.720
13 4 460821506.433
13 5 337924471.619
13 6 258218371.318
13 7 1148926343.430
13 8 398466300.102
13 9 2190330140.469
13 10 2846560766.121
13 11 1103692962.419
13 12 2193800471.149
13 14 20816741.267
13 15 1617296544.841
13 16 16183459.919
13 17 1329971670.335
13 18 125096797.897
13 19 887959698.206
13 20 864494227.429
13 21 1462422287.540
13 22 328434800.034
14 0 9731469.149
14 1 5398160.727
14 2 3623869.758
14 3 3173157.015
14 4 2681537.432
14 5 1750602.242
14 6 3290966.673
14 7 19764266.136
14 8 1723737.089
14 9 4299110.618
14 10 4536973.631
14 11 5561893.047
14 12 15736846.571
14 13 22008854.705
14 15 8488328.105
14 16 64570.000
14 17 2797423.918
14 18 1801576.286
14 19 8015019.058
14 20 20543051.384
14 21 2796579.187
14 22 2280083.921
15 0 2448423044.584
15 1 400138343.004
15 2 360936788.111
15 3 262065399.096
15 4 344402428.296
15 5 262016332.943
15 6 425545411.391
15 7 2097559932.579
15 8 132667587.454
15 9 1820067978.405
15 10 2432856149.924
15 11 313109223.937
15 12 2655799980.113
15 13 1046293759.382
15 14 14474111.183
15 16 15754939.288
15 17 656722401.910
15 18 55253366.186
15 19 650752332.555
15 20 2247115689.678
15 21 1391094626.159
15 22 407708843.870
16 0 5252929.598
16 1 10626285.346
16 2 1056455.239
16 3 2633952.767
16 4 2778107.464
16 5 2860740.969
16 6 3734187.118
16 7 7983799.716
16 8 1104082.392
16 9 22470644.324
16 10 20531206.953
16 11 7967248.198
16 12 21507257.309
16 13 28778236.081
16 14 138146.019
16 15 21350656.022
16 17 3240139.504
16 18 2342588.888
16 19 7661332.406
16 20 20679881.336
16 21 4937490.984
16 22 923136.891
17 0 282271425.459
17 1 389596307.569
17 2 36804971.109
17 3 30394960.755
17 4 165954992.171
17 5 128882899.134
17 6 114207642.543
17 7 432013110.443
17 8 46836283.385
17 9 1154202761.110
17 10 845678260.810
17 11 388797437.580
17 12 1270368230.023
17 13 691161938.879
17 14 5549232.473
17 15 876173133.385
17 16 10310215.113
17 18 23135471.424
17 19 285410655.685
17 20 508335219.331
17 21 230459879.011
17 22 92992377.063
18 0 154526794.290
18 1 145257524.307
18 2 37959238.983
18 3 23263278.840
18 4 37784651.185
18 5 25708502.978
18 6 24004600.764
18 7 142965434.276
18 8 14793187.543
18 9 201448543.069
18 10 200518907.538
18 11 70100416.754
18 12 264977290.569
18 13 267605013.458
18 14 1433589.226
18 15 196411714.483
18 16 1358549.512
18 17 79285909.848
18 19 106490000.488
18 20 253086045.307
18 21 42236444.153
18 22 33923829.211
19 0 1074422723.259
19 1 253375434.801
19 2 87919687.347
19 3 154992275.238
19 4 69241086.692
19 5 138922665.758
19 6 152993582.398
19 7 525187676.208
19 8 177456165.504
19 9 295218131.909
19 10 354650751.560
19 11 188537115.655
19 12 602703669.122
19 13 694061831.800
19 14 7299671.092
19 15 302574177.019
19 16 5506409.558
19 17 236133146.575
19 18 38478080.113
19 20 1331202301.685
19 21 451495481.538
19 22 149999867.379
20 0 2040745853.873
20 1 1211769720.746
20 2 152674239.503
20 3 287089491.506
20 4 133216143.846
20 5 355871614.989
20 6 237715405.330
20 7 1114211743.764
20 8 329906453.893
20 9 2885637595.437
20 10 1627294080.383
20 11 1002756724.820
20 12 2252818367.549
20 13 927817785.585
20 14 22694315.560
20 15 1959920696.974
20 16 11542483.175
20 17 371455503.719
20 18 80248642.932
20 19 727074897.670
20 21 804770473.740
20 22 226819077.676
21 0 1566298023.162
21 1 210033359.576
21 2 263854128.890
21 3 130290803.747
21 4 89119794.621
21 5 58386932.856
21 6 223580485.686
21 7 323990625.003
21 8 226201731.804
21 9 1765061066.387
21 10 401972070.966
21 11 328307711.491
21 12 2252374692.339
21 13 621309256.607
21 14 8256203.043
21 15 671935696.450
21 16 16647429.554
21 17 156355758.812
21 18 128206427.997
21 19 359663957.681
21 20 756557342.196
21 22 151683981.733
22 0 243451939.929
22 1 130811985.092
22 2 16106507.900
22 3 38842762.811
22 4 19586845.056
22 5 20497389.202
22 6 34687521.145
22 7 95489585.013
22 8 52507550.273
22 9 189763009.071
22 10 156804434.093
22 11 118495279.489
22 12 94459913.368
22 13 339653252.177
22 14 1781752.855
22 15 429618179.350
22 16 3747386.576
22 17 85194432.994
22 18 38216578.735
22 19 155775390.311
22 20 194435757.455
22 21 196615588.543
