506
0 1 1093358628.047
0 2 172996242.531
0 3 283821242.095
0 4 300677896.217
0 5 180071630.266
0 6 115676408.827
0 7 1846846610.571
0 8 126479127.021
0 9 679133305.641
0 10 1053137510.792
0 11 311220550.211
0 12 767189072.036
0 13 485039719.169
0 14 21806227.880
0 15 540102161.751
0 16 14809740.066
0 17 891139061.915
0 18 103341381.712
0 19 769582009.172
0 20 2279641949.283
0 21 1059706062.273
0 22 68497796.502
1 0 1578712308.460
1 2 268477201.733
1 3 154046270.935
1 4 108185971.821
1 5 260122614.070
1 6 138687404.749
1 7 658877819.822
1 8 168823969.723
1 9 1117691670.596
1 10 624560591.035
1 11 590128298.977
1 12 445699537.193
1 13 341441718.638
1 14 7312919.564
1 15 884758372.636
1 16 12746304.168
1 17 758418505.509
1 18 130594362.382
1 19 737152588.090
1 20 838492218.824
1 21 569766138.987
1 22 47357826.643
2 0 68222896.352
2 1 203372745.094
2 3 55207473.657
2 4 38154628.717
2 5 30561963.613
2 6 18801764.635
2 7 355366859.886
2 8 63309731.618
2 9 324369640.313
2 10 80216688.724
2 11 149164538.163
2 12 298349006.883
2 13 340382318.822
2 14 3183984.027
2 15 378876709.127
2 16 1859478.477
2 17 100087329.714
2 18 15816990.233
2 19 145626949.863
2 20 423196079.309
2 21 282341998.791
2 22 61610900.096
3 0 299561822.864
3 1 124247665.462
3 2 45057088.975
3 4 35061799.555
3 5 40853532.083
3 6 48120482.589
3 7 320689510.087
3 8 48987429.948
3 9 194775142.527
3 10 346811655.286
3 11 43327747.976
3 12 265866634.994
3 13 212384081.351
3 14 2863624.862
3 15 201753834.536
3 16 2211317.251
3 17 59436881.342
3 18 33399239.084
3 19 171415458.478
3 20 338116059.417
3 21 99788200.533
3 22 43543172.226
4 0 264747186.132
4 1 60766316.735
4 2 36529766.781
4 3 53816499.927
4 5 28880810.023
4 6 28778811.400
4 7 308405982.590
4 8 46433716.671
4 9 170865606.059
4 10 111227543.794
4 11 100526389.695
4 12 316441893.802
4 13 353194226.501
4 14 2849917.403
4 15 292109778.021
4 16 781440.979
4 17 129738682.628
4 18 16995547.972
4 19 119231081.388
4 20 162976372.753
4 21 174198914.870
4 22 21081542.120
5 0 287072113.446
5 1 135918889.556
5 2 12569426.479
5 3 17031824.656
5 4 22402758.998
5 6 12590148.019
5 7 222393402.339
5 8 28541573.428
5 9 327345262.286
5 10 350351245.085
5 11 107686533.386
5 12 295825868.604
5 13 301010110.038
5 14 3167409.153
5 15 69735719.160
5 16 1479734.623
5 17 180304485.384
5 18 8732652.959
5 19 84632320.182
5 20 156169539.295
5 21 156482404.129
5 22 60696317.366
6 0 327020705.296
6 1 138408081.619
6 2 38828294.460
6 3 58515958.579
6 4 44177477.685
6 5 36366580.792
6 7 94255468.565
6 8 47964395.204
6 9 305904033.778
6 10 184321621.008
6 11 47565833.514
6 12 283376185.157
6 13 373404419.344
6 14 1613565.035
6 15 197187703.682
6 16 2943907.771
6 17 71424888.545
6 18 16707804.177
6 19 142897579.764
6 20 88768475.159
6 21 158264550.094
6 22 38225224.250
7 0 1007666859.328
7 1 1288136142.394
7 2 335554498.696
7 3 265377388.286
7 4 78824395.914
7 5 146725894.664
7 6 204126394.981
7 8 278610006.768
7 9 1119896480.190
7 10 2467213641.123
7 11 900019353.171
7 12 2321156636.651
7 13 659506224.791
7 14 9641484.879
7 15 751020416.201
7 16 18758487.815
7 17 217233159.907
7 18 125745842.159
7 19 305683865.118
7 20 2119353718.475
7 21 1049777139.438
7 22 83705150.095
8 0 344332913.392
8 1 278549516.891
8 2 49413989.707
8 3 36807111.470
8 4 37617734.579
8 5 28739443.201
8 6 23005147.701
8 7 134744942.772
8 9 233005918.838
8 10 99030817.488
8 11 71479382.261
8 12 266223434.400
8 13 446333939.475
8 14 1987268.547
8 15 328902782.746
8 16 3152538.773
8 17 153279344.865
8 18 37249957.433
8 19 181196574.598
8 20 310728560.808
8 21 155767429.283
8 22 25391659.499
9 0 2120618949.796
9 1 326031601.034
9 2 378692308.557
9 3 138417119.052
9 4 91762496.224
9 5 170150066.927
9 6 285273198.571
9 7 2047714921.116
9 8 123049805.911
9 10 2455687017.367
9 11 962399652.900
9 12 1521138228.779
9 13 1791247253.304
9 14 17697944.937
9 15 974171862.767
9 16 23551692.366
9 17 697565633.741
9 18 112325417.198
9 19 1118237238.482
9 20 1572561537.021
9 21 781234283.057
9 22 70856025.423
10 0 1969945077.886
10 1 1720827056.842
10 2 94991483.775
10 3 286201787.940
10 4 206070318.606
10 5 170988150.427
10 6 141016223.013
10 7 1255291689.800
10 8 354398821.325
10 9 2355867713.727
10 11 1033622169.626
10 12 1998805061.989
10 13 1400026949.210
10 14 23055200.041
10 15 2363292986.874
10 16 21941183.456
10 17 636887566.867
10 18 69264230.089
10 19 784683155.684
10 20 1545783854.002
10 21 1509353356.510
10 22 419547983.608
11 0 178709909.945
11 1 239349061.201
11 2 87330740.880
11 3 86488272.883
11 4 107460459.103
11 5 126181316.180
11 6 91991720.466
11 7 159998627.643
11 8 65370326.376
11 9 191522016.822
11 10 1053321613.993
11 12 821880681.625
11 13 352957733.351
11 14 3801476.854
11 15 199374846.640
11 16 6112119.987
11 17 419047724.279
11 18 75107749.655
11 19 385640277.591
11 20 960500815.099
11 21 662104090.405
11 22 46415052.524
12 0 1602125623.688
12 1 1121740843.699
12 2 178678345.583
12 3 230967051.351
12 4 213158690.204
12 5 481639666.361
12 6 425982192.038
12 7 2345144147.658
12 8 243762969.874
12 9 757718817.973
12 10 3042660267.811
12 11 1151379336.214
12 13 2817228468.734
12 14 8167640.047
12 15 908412052.471
12 16 20312136.455
12 17 375615683.484
12 18 74984375.350
12 19 526914488.777
12 20 2782409104.188
12 21 778526374.558
12 22 122145629.399
13 0 2143125701.301
13 1 1546357851.240
13 2 242319980.048
13 3 458516378.707
13 4 310749683.697
13 5 171245099.581
13 6 96918156.193
13 7 507254895.539
13 8 256747265.061
13 9 1354414005.068
13 10 2626947734.901
13 11 767397051.368
13 12 1058293879.156
13 14 8903474.748
13 15 1339261400.800
13 16 19050926.079
13 17 1232063844.121
13 18 243589158.975
13 19 226298556.104
13 20 2638875371.002
13 21 1928901885.882
13 22 421186527.948
14 0 16324563.493
14 1 15001164.293
14 2 1350695.694
14 3 1965711.285
14 4 2936912.077
14 5 3063405.753
14 6 2619880.349
14 7 12061299.166
14 8 3440786.309
14 9 22384582.900
14 10 12267029.526
14 11 4348101.370
14 12 5298177.792
14 13 26796050.942
14 15 8884738.072
14 16 102669.493
14 17 2252095.923
14 18 2424273.025
14 19 6038728.269
14 20 17433148.294
14 21 7710064.167
14 22 1755999.060
15 0 1571328414.348
15 1 1721430333.781
15 2 357565632.632
15 3 386664359.522
15 4 156179456.029
15 5 92012916.815
15 6 142601851.259
15 7 1564038992.311
15 8 236249247.377
15 9 2527774231.181
15 10 701225499.813
15 11 585777416.203
15 12 3356755590.747
15 13 1209241986.936
15 14 8882396.466
15 16 18786268.349
15 17 1017011597.795
15 18 225069119.723
15 19 1139391987.362
15 20 1653862683.766
15 21 683294349.596
15 22 378155038.229
16 0 5745560.047
16 1 3271381.370
16 2 3493051.851
16 3 3254866.617
16 4 2430604.891
16 5 1627762.022
16 6 647057.982
16 7 10308461.322
16 8 698865.194
16 9 14394084.448
16 10 7740106.198
16 11 2777878.195
16 12 23199408.549
16 13 5260605.002
16 14 167909.822
16 15 19550254.006
16 17 3931123.997
16 18 1317787.708
16 19 8471880.104
16 20 15200261.728
16 21 14691024.682
16 22 3311577.643
17 0 752980285.772
17 1 216402122.154
17 2 126777299.949
17 3 86490214.832
17 4 139474441.782
17 5 37524405.318
17 6 129249305.013
17 7 642272753.157
17 8 41159874.215
17 9 527482388.516
17 10 753470806.510
17 11 362395261.384
17 12 787465828.894
17 13 1248704486.465
17 14 7413353.985
17 15 355176286.067
17 16 11228950.129
17 18 62759525.988
17 19 486987797.671
17 20 984281648.180
17 21 723904587.776
17 22 38179117.237
18 0 177328942.661
18 1 82027478.310
18 2 24958513.724
18 3 36731250.003
18 4 22890302.683
18 5 20387361.268
18 6 36217336.576
18 7 173266614.117
18 8 30171130.433
18 9 229942500.327
18 10 243584655.973
18 11 66736343.969
18 12 83443696.033
18 13 228093351.455
18 14 464552.680
18 15 206321292.333
18 16 2015930.119
18 17 108299236.021
18 19 79276715.975
18 20 88410606.623
18 21 47175720.026
18 22 32859686.087
19 0 1065266582.959
19 1 694951434.420
19 2 93411787.768
19 3 171325261.532
19 4 73815276.459
19 5 138729249.194
19 6 89885659.654
19 7 920188598.044
19 8 126712871.420
19 9 739486144.165
19 10 931764211.451
19 11 246087213.906
19 12 368720560.936
19 13 891565638.870
19 14 9828173.869
19 15 831697450.419
19 16 4456027.493
19 17 473826916.273
19 18 56431626.601
19 20 491324252.649
19 21 625638963.976
19 22 84101246.798
20 0 1795329116.134
20 1 498093932.261
20 2 161088396.126
20 3 216534542.134
20 4 425115921.124
20 5 421496768.761
20 6 405083848.095
20 7 511684630.124
20 8 394381993.837
20 9 2023745662.394
20 10 1749318434.842
20 11 205479973.477
20 12 2623069428.554
20 13 1742633225.077
20 14 12842609.876
20 15 2524918938.399
20 16 18809599.595
20 17 1158649580.768
20 18 69974408.381
20 19 635221198.989
20 21 432373445.805
20 22 296078848.841
21 0 1560426979.828
21 1 815083729.431
21 2 60926966.110
21 3 93014947.265
21 4 275086865.795
21 5 57836655.555
21 6 271296553.902
21 7 726647380.772
21 8 187771939.960
21 9 535544756.564
21 10 937980761.080
21 11 120850353.205
21 12 642035833.258
21 13 1888976337.027
21 14 3535395.805
21 15 1476968140.434
21 16 14125058.913
21 17 685406967.929
21 18 102169335.879
21 19 506993914.655
21 20 1518459330.201
21 22 122029529.848
22 0 345161366.970
22 1 233476883.894
22 2 11033093.157
22 3 41856646.905
22 4 17873168.412
22 5 11237015.051
22 6 46575364.354
22 7 309828126.721
22 8 51416005.951
22 9 64289214.750
22 10 337753839.921
22 11 89638507.510
22 12 341255452.864
22 13 245308118.994
22 14 1218889.017
22 15 72159844.951
22 16 819132.343
22 17 182417255.149
22 18 37561226.216
22 19 107149859.528
22 20 439461728.548
22 21 154030413.170
