506
0 1 356446786.989
0 2 327552714.306
0 3 358614746.436
0 4 82626827.779
0 5 300177396.844
0 6 364693875.603
0 7 1034881275.929
0 8 184148173.602
0 9 1209460144.546
0 10 1621456782.345
0 11 866318544.385
0 12 2006148632.216
0 13 1250349322.221
0 14 15876626.756
0 15 1100139472.789
0 16 20782006.401
0 17 349703116.666
0 18 171519915.373
0 19 513750303.571
0 20 2500593105.536
0 21 1522130941.532
0 22 133233281.168
1 0 1078516824.306
1 2 94141497.736
1 3 87009024.133
1 4 131383480.327
1 5 129213138.148
1 6 156267149.436
1 7 1171841688.511
1 8 257176501.697
1 9 443772186.083
1 10 1431095151.992
1 11 588064570.153
1 12 604077511.445
1 13 1331035331.742
1 14 8157929.521
1 15 1012282050.570
1 16 9690100.736
1 17 297260315.960
1 18 98754076.252
1 19 591132358.614
1 20 964121305.410
1 21 214731449.130
1 22 153688932.727
2 0 212476804.823
2 1 101721815.195
2 3 46997840.268
2 4 18619761.420
2 5 12463412.470
2 6 26041803.315
2 7 254319307.547
2 8 33778762.290
2 9 262998740.793
2 10 315871424.267
2 11 81905096.809
2 12 534236403.926
2 13 385829206.174
2 14 2102054.932
2 15 294861239.723
2 16 3469997.046
2 17 156185645.852
2 18 36964471.355
2 19 129026081.730
2 20 264981399.798
2 21 155889616.440
2 22 54866605.947
3 0 317213713.830
3 1 115193698.505
3 2 60691174.474
3 4 34651136.856
3 5 33652909.960
3 6 54296033.364
3 7 254357311.415
3 8 50073281.309
3 9 240541402.243
3 10 184253004.386
3 11 121578894.666
3 12 284045854.237
3 13 290720029.952
3 14 1657765.112
3 15 295336654.455
3 16 3030485.835
3 17 162755316.111
3 18 30448947.284
3 19 171599876.518
3 20 384394373.063
3 21 53811807.349
3 22 49983022.786
4 0 72665866.657
4 1 94096719.660
4 2 33916186.450
4 3 10695392.760
4 5 44990883.730
4 6 13658237.327
4 7 294389741.305
4 8 53040849.867
4 9 83041553.709
4 10 212561812.437
4 11 107796949.069
4 12 287385026.389
4 13 408152576.527
4 14 2604819.583
4 15 243086355.818
4 16 3612280.202
4 17 169734988.736
4 18 16405212.246
4 19 34420498.459
4 20 422303957.908
4 21 274448874.421
4 22 25263935.477
5 0 233778588.355
5 1 62003510.021
5 2 31922283.565
5 3 25120005.441
5 4 17559842.245
5 6 39764607.509
5 7 236810253.390
5 8 39943416.122
5 9 348805068.199
5 10 328494270.521
5 11 100989041.306
5 12 447998087.041
5 13 438428419.352
5 14 2065639.141
5 15 137938953.598
5 16 1416768.683
5 17 50307643.820
5 18 27699987.302
5 19 103705383.718
5 20 120441371.160
5 21 259729146.701
5 22 31447539.264
6 0 162607449.661
6 1 102268386.497
6 2 26550086.439
6 3 17154515.430
6 4 51997290.048
6 5 59113346.292
6 7 171138052.592
6 8 23734377.027
6 9 396666593.818
6 10 162253053.101
6 11 63311775.207
6 12 167976179.770
6 13 439117227.039
6 14 2484238.804
6 15 240789235.719
6 16 1075355.757
6 17 174593517.060
6 18 16351955.805
6 19 107606196.632
6 20 201376352.018
6 21 212885285.948
6 22 27725417.187
7 0 635218670.794
7 1 1143070105.012
7 2 105391439.765
7 3 254672698.841
7 4 75838584.837
7 5 72237605.250
7 6 367638393.554
7 8 132550724.197
7 9 757943640.597
7 10 661227399.669
7 11 268877355.286
7 12 1403660802.180
7 13 1553822863.288
7 14 3985122.412
7 15 1874568515.549
7 16 18358462.964
7 17 991729811.212
7 18 229283978.751
7 19 561296650.528
7 20 1042048586.309
7 21 1005755956.028
7 22 206480186.067
8 0 128007901.651
8 1 153601401.845
8 2 32542653.183
8 3 31558275.646
8 4 15543668.777
8 5 19765870.780
8 6 16009814.523
8 7 327812906.581
8 9 129014256.778
8 10 210642530.537
8 11 133516485.219
8 12 516612136.115
8 13 124109775.443
8 14 2309045.374
8 15 412937172.137
8 16 2647739.905
8 17 170231602.187
8 18 10507489.673
8 19 149912274.472
8 20 184627794.321
8 21 188815707.145
8 22 16866044.378
9 0 1563715585.856
9 1 1181290406.429
9 2 260892840.277
9 3 377366972.653
9 4 68918355.253
9 5 279947767.804
9 6 190452675.435
9 7 1283662382.472
9 8 66378907.302
9 10 1477406371.880
9 11 702203788.526
9 12 2311408504.019
9 13 2053410439.147
9 14 5926981.714
9 15 471043823.205
9 16 14531865.776
9 17 348920997.460
9 18 76142932.914
9 19 876886141.538
9 20 854880122.595
9 21 1598668244.425
9 22 182888383.121
10 0 1397836159.142
10 1 1634648523.649
10 2 72725842.592
10 3 169261382.092
10 4 381276022.488
10 5 215725414.557
10 6 303485069.792
10 7 673043023.155
10 8 135855198.869
10 9 1559178286.262
10 11 881356663.584
10 12 1033700944.710
10 13 2345473414.087
10 14 7119538.214
10 15 1886579520.574
10 16 17230836.336
10 17 968414517.036
10 18 108742030.958
10 19 427148441.304
10 20 1780014322.028
10 21 584263174.300
10 22 119017865.745
11 0 352642740.824
11 1 670075216.159
11 2 125151584.552
11 3 44183739.968
11 4 151172933.880
11 5 63628914.503
11 6 39095053.962
11 7 736899653.712
11 8 75742301.523
11 9 618927411.949
11 10 816884054.065
11 12 246792320.973
11 13 1076530929.073
11 14 2018278.391
11 15 200670779.310
11 16 3220504.542
11 17 82454161.151
11 18 77844681.366
11 19 195411401.842
11 20 561350942.773
11 21 560029300.243
11 22 41595885.959
12 0 2666405638.278
12 1 2250414911.066
12 2 504939619.426
12 3 111435594.245
12 4 521137754.350
12 5 342893525.750
12 6 266282118.735
12 7 2322911215.920
12 8 339047224.715
12 9 2057195741.472
12 10 2834821857.990
12 11 1034680526.295
12 13 1443891035.164
12 14 19398240.543
12 15 1249524387.206
12 16 7907608.058
12 17 1508588081.150
12 18 184061783.939
12 19 1211048178.330
12 20 1237757489.946
12 21 699141564.136
12 22 485415868.713
13 0 2298006934.010
13 1 1197389469.521
13 2 86906020.165
13 3 267276568.008
13 4 336589590.393
13 5 332575605.285
13 6 112292626.039
13 7 2714694008.984
13 8 184586044.566
13 9 2447126919.343
13 10 1027545522.610
13 11 797613289.121
13 12 717686162.822
13 14 12982065.630
13 15 900807059.652
13 16 9658605.611
13 17 442430875.592
13 18 203811090.863
13 19 445885638.309
13 20 633728816.509
13 21 1397330584.313
13 22 307912819.129
14 0 4247782.711
14 1 13159096.001
14 2 2474213.704
14 3 982454.483
14 4 1002650.828
14 5 878140.236
14 6 1047150.120
14 7 19160854.921
14 8 3414045.652
14 9 23992980.484
14 10 21716889.979
14 11 3611334.175
14 12 13808175.320
14 13 23453957.084
14 15 25559315.766
14 16 199853.159
14 17 8920236.601
14 18 647806.948
14 19 9269023.664
14 20 10076211.156
14 21 11196354.038
14 22 2547410.821
15 0 2495881669.848
15 1 570506495.349
15 2 131918323.167
15 3 140854794.453
15 4 318295382.534
15 5 204372964.253
15 6 403199970.656
15 7 1883728558.256
15 8 224303526.964
15 9 2516725327.798
15 10 1458277503.865
15 11 688809656.910
15 12 1220361173.415
15 13 1512751031.757
15 14 26327976.608
15 16 24962671.987
15 17 348663271.393
15 18 139928356.540
15 19 879718117.632
15 20 1248180516.271
15 21 853861840.987
15 22 99544755.457
16 0 17072659.100
16 1 11178423.053
16 2 3235584.658
16 3 2326603.415
16 4 2020517.274
16 5 3479366.244
16 6 717684.027
16 7 8928501.527
16 8 2346890.717
16 9 20959660.489
16 10 5109523.421
16 11 5302714.733
16 12 30169845.747
16 13 22319148.085
16 14 227853.635
16 15 4510812.345
16 17 2506928.636
16 18 522944.825
16 19 7143718.477
16 20 16849715.849
16 21 12733084.721
16 22 2576540.843
17 0 982516464.328
17 1 550393802.323
17 2 57808627.095
17 3 171502514.926
17 4 161568932.953
17 5 134872726.582
17 6 165074294.207
17 7 861621710.934
17 8 37311390.440
17 9 641507367.557
17 10 931560537.505
17 11 183233937.662
17 12 390865476.415
17 13 1097634057.485
17 14 1889056.243
17 15 1102231482.674
17 16 4825526.818
17 18 80953440.764
17 19 97074018.674
17 20 988084963.059
17 21 135989590.925
17 22 46848924.112
18 0 182567656.415
18 1 54777675.745
18 2 13614389.635
18 3 6832894.106
18 4 33844876.568
18 5 37494074.110
18 6 24289850.183
18 7 87156560.826
18 8 35518441.510
18 9 88312533.122
18 10 269920036.291
18 11 89339865.651
18 12 225484544.160
18 13 192062983.816
18 14 794460.080
18 15 259247025.041
18 16 1959817.703
18 17 33616460.019
18 19 115055014.428
18 20 250866181.869
18 21 55062895.166
18 22 11599728.714
19 0 580999243.145
19 1 721663369.844
19 2 67208954.050
19 3 177807800.909
19 4 38445470.060
19 5 114623424.333
19 6 121101412.609
19 7 1078576207.940
19 8 133086286.049
19 9 888372738.443
19 10 615804800.676
19 11 393885487.645
19 12 889188533.454
19 13 1163516522.057
19 14 2031041.025
19 15 765681348.214
19 16 10441117.200
19 17 200461391.791
19 18 73787758.139
19 20 1283723827.133
19 21 779163541.564
19 22 73520184.264
20 0 2608760605.817
20 1 1850756116.394
20 2 94450876.949
20 3 347267286.560
20 4 447728886.023
20 5 236703162.530
20 6 373535254.854
20 7 1548245131.499
20 8 380242511.011
20 9 2452284857.706
20 10 980465761.250
20 11 1051806926.426
20 12 3211026112.458
20 13 1254085292.168
20 14 27112786.274
20 15 719294967.491
20 16 27586209.665
20 17 296741629.392
20 18 174597984.147
20 19 628020898.234
20 21 1011264924.154
20 22 437788372.926
21 0 1132618309.494
21 1 546525813.356
21 2 147164897.278
21 3 232415345.568
21 4 220735920.460
21 5 198253287.758
21 6 276539407.310
21 7 762378260.923
21 8 202044592.643
21 9 523533284.754
21 10 1897270341.753
21 11 170910517.518
21 12 858126582.242
21 13 2004816244.897
21 14 13860594.890
21 15 590465008.691
21 16 13035115.390
21 17 329232338.930
21 18 173725026.265
21 19 188755611.355
21 20 1901830505.334
21 22 143437739.725
22 0 313636803.424
22 1 218141582.536
22 2 22871499.258
22 3 60947844.299
22 4 51287183.035
22 5 24615618.364
22 6 60285430.888
22 7 302814355.566
22 8 13328425.663
22 9 72778878.117
22 10 365325947.010
22 11 32461350.139
22 12 522345273.097
22 13 100159506.813
22 14 750239.485
22 15 159789240.427
22 16 3085600.789
22 17 165166773.040
22 18 38013354.321
22 19 53624893.718
22 20 85362425.468
22 21 45334186.804
