506
0 1 1422877664.394
0 2 148966590.303
0 3 161116959.539
0 4 95750213.550
0 5 138226591.856
0 6 327542725.879
0 7 858206947.368
0 8 312300215.396
0 9 1430998867.606
0 10 1384458725.007
0 11 426811317.670
0 12 2336561904.107
0 13 2728200479.774
0 14 5699300.946
0 15 1987023555.136
0 16 8642881.480
0 17 854827365.693
0 18 103193036.050
0 19 217998206.871
0 20 1853204835.867
0 21 1434531110.938
0 22 125127885.365
1 0 964080297.162
1 2 88432766.420
1 3 50453097.619
1 4 204549904.729
1 5 110622183.737
1 6 271748295.113
1 7 1287440891.681
1 8 123298229.705
1 9 1396788429.161
1 10 617525173.478
1 11 460232265.460
1 12 2032221775.314
1 13 1889080260.775
1 14 10691121.747
1 15 1099304485.948
1 16 12252230.089
1 17 284131081.014
1 18 126957236.987
1 19 717898864.225
1 20 1681543428.903
1 21 222253406.894
1 22 257125291.737
2 0 289321424.791
2 1 60491406.835
2 3 60602985.252
2 4 24455220.630
2 5 62080645.198
2 6 60723663.452
2 7 237185349.967
2 8 51282374.185
2 9 373088002.999
2 10 446597672.058
2 11 92374286.017
2 12 498100911.925
2 13 364149496.783
2 14 3350197.218
2 15 257659639.153
2 16 762069.968
2 17 48274375.378
2 18 33996136.353
2 19 69818850.010
2 20 331171819.277
2 21 159635615.443
2 22 33087956.814
3 0 88086020.959
3 1 112908182.664
3 2 50710698.309
3 4 18589172.233
3 5 52395623.638
3 6 59297957.843
3 7 251064479.881
3 8 13647056.927
3 9 274864638.222
3 10 172599943.678
3 11 123203665.210
3 12 120451499.534
3 13 460794050.991
3 14 3084609.254
3 15 183070642.330
3 16 2447518.078
3 17 52432308.437
3 18 16829828.960
3 19 121679835.970
3 20 380019445.177
3 21 238587389.894
3 22 27498427.243
4 0 330686812.158
4 1 270269352.153
4 2 18640850.630
4 3 50708570.984
4 5 53345324.075
4 6 43140284.795
4 7 128969581.952
4 8 18038538.244
4 9 70156308.763
4 10 282640187.220
4 11 129668745.572
4 12 521841418.659
4 13 395171304.797
4 14 1540129.177
4 15 287129021.229
4 16 3224957.371
4 17 151889514.474
4 18 16611478.352
4 19 77027982.488
4 20 279555313.185
4 21 231837461.226
4 22 26083999.263
5 0 115554683.500
5 1 46055938.466
5 2 25144991.266
5 3 50326307.399
5 4 45387378.402
5 6 56891814.769
5 7 362823158.166
5 8 29430857.409
5 9 113172142.216
5 10 128742053.455
5 11 147661419.995
5 12 364779019.746
5 13 272210480.886
5 14 3445237.942
5 15 287653313.182
5 16 1307836.376
5 17 102480463.902
5 18 31562834.507
5 19 31203715.506
5 20 315738243.442
5 21 82425448.487
5 22 50008340.087
6 0 252456692.430
6 1 177741822.009
6 2 44850918.277
6 3 34035351.534
6 4 42199521.073
6 5 36148749.016
6 7 354619125.140
6 8 20787343.522
6 9 351308415.709
6 10 213647768.922
6 11 146448480.880
6 12 130592748.073
6 13 250510341.189
6 14 3725358.173
6 15 191809737.936
6 16 693724.939
6 17 163902576.594
6 18 13233151.212
6 19 179106157.201
6 20 393155650.085
6 21 144023195.147
6 22 43756809.075
7 0 1955467920.755
7 1 455404591.239
7 2 362437107.660
7 3 182117411.170
7 4 95309302.113
7 5 277761159.075
7 6 112452458.127
7 8 247570363.295
7 9 434041015.400
7 10 1110482559.254
7 11 380795536.325
7 12 2632482029.745
7 13 1528510576.320
7 14 13425904.600
7 15 1054830159.355
7 16 21398113.695
7 17 838626804.465
7 18 104835500.606
7 19 652685860.651
7 20 2681780201.115
7 21 567272149.277
7 22 238856604.574
8 0 320735578.245
8 1 227505742.576
8 2 40224179.930
8 3 16672688.657
8 4 12208222.737
8 5 20294182.654
8 6 12097020.886
8 7 341621717.068
8 9 320826769.903
8 10 327209553.223
8 11 142700315.416
8 12 315497835.412
8 13 176519034.519
8 14 3810957.280
8 15 406536826.549
8 16 1937459.615
8 17 31647624.606
8 18 19598318.751
8 19 154810990.100
8 20 138662538.492
8 21 149498895.343
8 22 20765768.915
9 0 851593911.623
9 1 721638832.564
9 2 260513421.705
9 3 81781391.922
9 4 354685537.344
9 5 363277810.660
9 6 82409374.897
9 7 1553343271.872
9 8 321371730.226
9 10 2270894462.536
9 11 795912804.375
9 12 1714716393.232
9 13 2432252523.157
9 14 9091810.210
9 15 1214758060.490
9 16 8600683.839
9 17 353394075.166
9 18 247376905.238
9 19 501787750.892
9 20 1187608520.106
9 21 1135055502.808
9 22 314571389.091
10 0 2055546819.183
10 1 1117605248.471
10 2 140789641.556
10 3 131374258.084
10 4 314465117.160
10 5 373172306.890
10 6 171023133.325
10 7 862683780.006
10 8 412952343.771
10 9 698635581.254
10 11 478485079.766
10 12 629183799.911
10 13 1192838250.118
10 14 12589885.521
10 15 2630607389.411
10 16 21154803.148
10 17 410647927.932
10 18 167739141.789
10 19 780941051.013
10 20 1354590719.499
10 21 1353446709.637
10 22 167587100.124
11 0 363358705.651
11 1 637416310.029
11 2 142345203.576
11 3 137591140.712
11 4 116537318.293
11 5 31862361.137
11 6 36151174.190
11 7 251078438.329
11 8 144524126.764
11 9 247470426.476
11 10 262241382.049
11 12 1300854378.748
11 13 936779782.308
11 14 8937291.863
11 15 276590622.742
11 16 2194102.989
11 17 242914582.000
11 18 75041776.380
11 19 194901709.941
11 20 722316421.869
11 21 402316691.747
11 22 99066477.739
12 0 1970138540.559
12 1 895001571.563
12 2 367640224.362
12 3 147963305.097
12 4 386244517.051
12 5 428477006.779
12 6 154605170.433
12 7 2083384640.519
12 8 479910298.520
12 9 2885022775.292
12 10 3130179653.509
12 11 799111078.494
12 13 2584338052.358
12 14 10969661.637
12 15 3097157215.994
12 16 9135995.576
12 17 1524996230.999
12 18 265427664.595
12 19 1286798288.132
12 20 2244653409.370
12 21 2359882368.547
12 22 176345215.590
13 0 539892257.870
13 1 1033466927.902
13 2 261529302.697
13 3 334384772.314
13 4 250390448.021
13 5 219111706.071
13 6 109507591.643
13 7 2357246805.918
13 8 237926933.090
13 9 1048298246.841
13 10 1876555754.759
13 11 733602241.580
13 12 941089246.944
13 14 23076575.144
13 15 2589281823.326
13 16 17315292.225
13 17 746390665.226
13 18 91438783.552
13 19 1253508329.741
13 20 1754963121.051
13 21 345311726.277
13 22 136986065.404
14 0 17261444.895
14 1 7517521.942
14 2 2460340.482
14 3 1081764.896
14 4 3053447.195
14 5 671214.288
14 6 3184313.448
14 7 3876698.684
14 8 3654905.096
14 9 8795560.150
14 10 20006279.637
14 11 9210031.809
14 12 27973756.913
14 13 23931301.147
14 15 9673497.500
14 16 54697.355
14 17 2144442.748
14 18 2397092.547
14 19 4920604.498
14 20 5319781.115
14 21 17117155.180
14 22 3643855.747
15 0 2101467944.864
15 1 765724018.455
15 2 222805297.169
15 3 105347017.570
15 4 330644145.208
15 5 92343342.300
15 6 202463411.788
15 7 2036001682.104
15 8 403368996.093
15 9 1323108270.485
15 10 2019653977.351
15 11 261774421.424
15 12 3177469389.515
15 13 2149084750.037
15 14 19138560.921
15 16 14316033.089
15 17 354098441.544
15 18 246216833.281
15 19 614198422.373
15 20 1346896892.239
15 21 614001728.332
15 22 163027087.698
16 0 5158081.809
16 1 10382182.027
16 2 1793320.192
16 3 1585117.013
16 4 2177790.270
16 5 3527713.771
16 6 1844499.425
16 7 19596376.049
16 8 2577835.200
16 9 24826674.016
16 10 21429260.707
16 11 7520271.776
16 12 23600299.317
16 13 12340661.852
16 14 61514.647
16 15 24872941.027
16 17 4785372.690
16 18 1980535.164
16 19 6802169.314
16 20 14768001.824
16 21 16895930.494
16 22 1061875.203
17 0 825665425.055
17 1 394250611.643
17 2 94322025.209
17 3 105374611.025
17 4 156077691.138
17 5 79174212.575
17 6 183581575.188
17 7 720150453.250
17 8 93069687.201
17 9 1178666837.420
17 10 686711640.610
17 11 216302462.180
17 12 1418842537.838
17 13 1289148146.306
17 14 10935799.718
17 15 326393911.866
17 16 8452943.491
17 18 116523919.340
17 19 166290694.431
17 20 819477383.800
17 21 287633174.019
17 22 53664374.211
18 0 103183758.030
18 1 65763605.433
18 2 27016505.187
18 3 32619414.805
18 4 22523215.591
18 5 33499905.493
18 6 24506582.085
18 7 164754391.541
18 8 36386821.682
18 9 66757512.040
18 10 72357316.423
18 11 42254726.566
18 12 61468257.538
18 13 47536454.822
18 14 1164394.122
18 15 92186238.976
18 16 2183575.541
18 17 103413716.619
18 19 42267039.243
18 20 233451741.868
18 21 56146946.199
18 22 28814744.376
19 0 913647445.403
19 1 301163475.725
19 2 105486392.805
19 3 145636528.326
19 4 144669947.788
19 5 124061666.357
19 6 160653834.230
19 7 855115869.216
19 8 153053079.864
19 9 710118993.786
19 10 715331213.865
19 11 126994072.156
19 12 533238172.023
19 13 1175125075.310
19 14 10581291.171
19 15 571134861.242
19 16 10513971.643
19 17 201063497.383
19 18 50665822.692
19 20 258598258.373
19 21 807615368.901
19 22 34763078.522
20 0 1725026163.736
20 1 2025528305.539
20 2 440808726.055
20 3 370271361.842
20 4 139806142.266
20 5 356024595.082
20 6 231415220.329
20 7 1388643949.528
20 8 394038223.725
20 9 2447590428.468
20 10 1537403906.789
20 11 263146371.848
20 12 3534397075.949
20 13 827898977.822
20 14 23191944.116
20 15 2534062330.881
20 16 27005485.352
20 17 1269939812.799
20 18 156124927.605
20 19 1302781467.359
20 21 942042349.992
20 22 380305878.344
21 0 549672024.453
21 1 1161214947.597
21 2 247782678.317
21 3 131214565.531
21 4 254455901.611
21 5 223334836.675
21 6 94606475.311
21 7 1231273456.663
21 8 138218398.512
21 9 1088265570.697
21 10 372314418.561
21 11 265154278.367
21 12 2233843899.754
21 13 831566688.478
21 14 12676165.044
21 15 1734893392.767
21 16 3061356.916
21 17 431061869.337
21 18 143264240.891
21 19 412313250.887
21 20 1562434387.546
21 22 197849297.642
22 0 206770942.391
22 1 60852511.574
22 2 36111938.307
22 3 39796787.566
22 4 46007058.692
22 5 60665331.903
22 6 36776978.731
22 7 337737316.950
22 8 54250482.988
22 9 262045367.393
22 10 107863043.719
22 11 147225731.342
22 12 112569686.879
22 13 445754408.840
22 14 3440084.471
22 15 267194924.467
22 16 1155808.539
22 17 49014716.774
22 18 8185814.836
22 19 122281146.803
22 20 370108162.790
22 21 220227619.750
