506
0 1 1417812038.552
0 2 181267268.820
0 3 307472608.960
0 4 104437088.372
0 5 327230637.236
0 6 178814538.013
0 7 2061406845.566
0 8 108700683.414
0 9 1952437443.142
0 10 1540767263.621
0 11 543827464.174
0 12 723504307.207
0 13 2002298129.099
0 14 4300473.381
0 15 639635469.720
0 16 21976329.656
0 17 696382800.939
0 18 129264381.739
0 19 666447612.902
0 20 1289223573.719
0 21 387435863.946
0 22 81138100.527
1 0 1288288051.247
1 2 210254828.173
1 3 198526690.514
1 4 274007318.117
1 5 66702883.906
1 6 173246728.399
1 7 489703601.538
1 8 91247317.646
1 9 815141204.294
1 10 1435536824.756
1 11 694923346.323
1 12 2337654683.228
1 13 1903229645.359
1 14 14869659.017
1 15 833471273.438
1 16 8942568.698
1 17 736150479.661
1 18 175602653.219
1 19 140587322.118
1 20 909550319.577
1 21 675077016.234
1 22 158621749.115
2 0 154599586.393
2 1 249197730.246
2 3 33743020.258
2 4 22976585.769
2 5 30641931.593
2 6 51562053.367
2 7 293963123.668
2 8 47836498.734
2 9 112379858.524
2 10 397204089.365
2 11 138536154.592
2 12 198184766.860
2 13 187910014.213
2 14 3758463.906
2 15 193300967.831
2 16 2767608.106
2 17 153437817.892
2 18 38949375.454
2 19 147405835.428
2 20 295266716.009
2 21 87595833.166
2 22 15803875.041
3 0 270755822.364
3 1 51653583.706
3 2 46040569.114
3 4 38658252.552
3 5 55732615.314
3 6 58378058.724
3 7 96826338.809
3 8 24915807.010
3 9 247162825.333
3 10 357725556.118
3 11 62917221.481
3 12 258230342.533
3 13 362153031.958
3 14 3059343.908
3 15 115227478.410
3 16 1353033.340
3 17 72137719.005
3 18 22790023.587
3 19 103468085.300
3 20 132232354.622
3 21 120338435.324
3 22 49168589.132
4 0 330118357.708
4 1 273637689.150
4 2 21391649.235
4 3 33773363.424
4 5 55771108.551
4 6 31125828.165
4 7 232190563.609
4 8 53735765.241
4 9 187875031.499
4 10 99134515.635
4 11 78979950.283
4 12 433338637.943
4 13 162003409.840
4 14 3573211.261
4 15 308668604.184
4 16 621044.286
4 17 103707500.727
4 18 20761699.905
4 19 78723506.283
4 20 235638929.044
4 21 115875418.836
4 22 23460276.625
5 0 256374489.096
5 1 249929316.826
5 2 58658938.150
5 3 19395003.661
5 4 31988678.501
5 6 30804336.849
5 7 127511525.887
5 8 50779928.819
5 9 120750665.749
5 10 93265553.237
5 11 66343093.913
5 12 438367318.367
5 13 99638224.365
5 14 3059993.361
5 15 203731701.515
5 16 2485545.620
5 17 113104660.519
5 18 36179456.602
5 19 49061230.170
5 20 139986423.286
5 21 172135772.125
5 22 61227628.817
6 0 176746141.666
6 1 88018611.505
6 2 25781388.009
6 3 29118549.478
6 4 29061877.426
6 5 55577705.824
6 7 217789811.887
6 8 57484209.622
6 9 173073545.248
6 10 184015046.367
6 11 150142971.258
6 12 441722957.073
6 13 84019947.145
6 14 3743176.372
6 15 185587055.178
6 16 2365828.073
6 17 44888263.959
6 18 32498003.309
6 19 174996877.571
6 20 77704237.548
6 21 209624950.598
6 22 19533475.546
7 0 1382381626.335
7 1 479121549.751
7 2 82476864.868
7 3 278364957.029
7 4 120681646.207
7 5 147655575.997
7 6 83140966.316
7 8 159932166.010
7 9 2021674649.526
7 10 1798936096.818
7 11 152161399.600
7 12 1437312963.084
7 13 1684137483.986
7 14 10426315.753
7 15 2141336209.804
7 16 4189442.964
7 17 195905436.417
7 18 47499059.198
7 19 1053606016.135
7 20 2727089720.095
7 21 893269865.960
7 22 82953086.154
8 0 143054110.626
8 1 64120760.272
8 2 22132001.605
8 3 42185562.242
8 4 32009770.169
8 5 27322496.413
8 6 52642281.979
8 7 167855869.358
8 9 331631698.082
8 10 355072500.889
8 11 132755111.742
8 12 120031429.387
8 13 234106496.652
8 14 2492782.615
8 15 428915499.896
8 16 3303631.650
8 17 94142603.364
8 18 11327103.080
8 19 146868971.680
8 20 75444236.923
8 21 137700349.620
8 22 60859612.678
9 0 1802008011.577
9 1 372163364.290
9 2 124839310.268
9 3 288142056.784
9 4 150493801.364
9 5 221574416.671
9 6 139380489.628
9 7 1459636173.018
9 8 142492640.499
9 10 2209734621.535
9 11 338097630.681
9 12 3396948151.710
9 13 2781750240.227
9 14 11924762.881
9 15 2586459727.928
9 16 13633703.583
9 17 324956517.860
9 18 201526552.970
9 19 194378934.265
9 20 2372769398.136
9 21 1569130433.126
9 22 335460260.292
10 0 2351956843.431
10 1 604458038.861
10 2 416462163.334
10 3 221674575.011
10 4 214208773.119
10 5 90269232.851
10 6 317820589.898
10 7 1747124653.049
10 8 114408101.072
10 9 1791203564.784
10 11 770386250.100
10 12 2422316533.554
10 13 2774867432.037
10 14 19816641.059
10 15 2278393533.091
10 16 25083986.476
10 17 1061247341.076
10 18 271130037.892
10 19 1203672161.955
10 20 2160653710.977
10 21 1108755051.766
10 22 412993915.006
11 0 714363272.377
11 1 662881811.510
11 2 80028561.842
11 3 136583707.049
11 4 96560191.974
11 5 141110175.476
11 6 121838801.819
11 7 334463502.447
11 8 95127923.880
11 9 555027944.099
11 10 535356687.474
11 12 637943586.299
11 13 1152563068.503
11 14 5298555.211
11 15 1053458728.095
11 16 7207883.407
11 17 256787757.661
11 18 22298390.431
11 19 369163594.521
11 20 357944587.407
11 21 630279592.177
11 22 54275048.290
12 0 2718599337.416
12 1 1940987811.496
12 2 226880557.467
12 3 140963264.516
12 4 400943435.850
12 5 99814487.975
12 6 249147415.408
12 7 750693799.983
12 8 473234028.072
12 9 1424001781.371
12 10 2974404021.601
12 11 601253800.198
12 13 1935613582.887
12 14 24846924.608
12 15 1812935887.208
12 16 8034433.980
12 17 300329988.429
12 18 68337545.761
12 19 638050886.867
12 20 2310777254.410
12 21 1646285230.156
12 22 193913177.930
13 0 960258951.420
13 1 1136608735.172
13 2 376325019.692
13 3 204520471.878
13 4 278276766.209
13 5 342416698.362
13 6 247327913.797
13 7 773987702.013
13 8 192419983.429
13 9 1138230492.761
13 10 2117974900.119
13 11 944519474.022
13 12 2845040427.361
13 14 5691249.328
13 15 1321132452.380
13 16 28480202.488
13 17 1302346875.574
13 18 61522776.930
13 19 407141777.997
13 20 1137343847.104
13 21 1515943954.330
13 22 196795262.917
14 0 13095814.501
14 1 9171242.196
14 2 1934392.585
14 3 3215906.593
14 4 1095939.307
14 5 1798286.077
14 6 3561166.199
14 7 20377865.583
14 8 3009161.066
14 9 12995310.579
14 10 12448651.914
14 11 4614453.165
14 12 13934942.782
14 13 22703509.613
14 15 11479348.117
14 16 224428.584
14 17 10865090.047
14 18 1375056.711
14 19 7972685.915
14 20 16700465.338
14 21 8652365.586
14 22 634685.079
15 0 441015741.448
15 1 1707266988.559
15 2 176309943.860
15 3 138576909.846
15 4 179207458.173
15 5 84639448.062
15 6 118134389.012
15 7 828321278.254
15 8 156812201.373
15 9 2739576186.894
15 10 2559505361.460
15 11 755876508.984
15 12 1948502174.910
15 13 1417567298.304
15 14 14763344.024
15 16 19391005.172
15 17 388992717.662
15 18 184609007.852
15 19 913194539.175
15 20 1746684177.737
15 21 1536974152.406
15 22 230619485.881
16 0 9572071.388
16 1 9690854.671
16 2 760470.898
16 3 3162198.336
16 4 1977543.227
16 5 2262735.218
16 6 3103577.404
16 7 18521230.000
16 8 2056866.892
16 9 4515160.047
16 10 11215940.693
16 11 2007923.238
16 12 7032045.513
16 13 8569101.195
16 14 106092.015
16 15 12077152.878
16 17 10976637.092
16 18 660017.415
16 19 3874226.596
16 20 24419673.164
16 21 16508284.056
16 22 2104288.171
17 0 992123070.644
17 1 418128326.814
17 2 140233273.809
17 3 159204364.495
17 4 72884012.256
17 5 178676827.979
17 6 101457704.864
17 7 449272589.070
17 8 69781674.289
17 9 1124219084.045
17 10 762815216.803
17 11 433715678.583
17 12 381752504.568
17 13 1130081799.307
17 14 11237616.405
17 15 1055154271.470
17 16 10264259.972
17 18 75601499.620
17 19 223648721.305
17 20 1119772147.153
17 21 459674510.257
17 22 111575882.814
18 0 89979781.432
18 1 69250490.373
18 2 16920033.059
18 3 27332086.157
18 4 14916117.616
18 5 22752795.496
18 6 26793040.270
18 7 144839742.244
18 8 12141996.916
18 9 206521431.969
18 10 215385640.059
18 11 76455685.300
18 12 62729451.735
18 13 108061336.545
18 14 1930999.750
18 15 178616570.691
18 16 1429327.326
18 17 57440371.464
18 19 90927772.713
18 20 246766733.157
18 21 82353261.956
18 22 7999334.424
19 0 622400758.981
19 1 399009787.440
19 2 53956308.259
19 3 91591505.571
19 4 89993693.224
19 5 94201405.691
19 6 116822868.255
19 7 446219154.577
19 8 94635338.460
19 9 244677700.900
19 10 428825924.894
19 11 300686125.790
19 12 1492920007.681
19 13 633462362.479
19 14 7354319.288
19 15 694118416.924
19 16 5614717.369
19 17 507178159.808
19 18 29501797.204
19 20 1165898189.154
19 21 446209708.032
19 22 89195148.361
20 0 837249976.150
20 1 1227613999.602
20 2 172133471.905
20 3 338786494.034
20 4 166568699.185
20 5 220799263.524
20 6 124595569.720
20 7 2611883173.725
20 8 219485674.637
20 9 1846932596.992
20 10 3052572610.492
20 11 1011770747.143
20 12 3572584803.498
20 13 3302596910.123
20 14 4809894.191
20 15 1942345374.850
20 16 16217279.883
20 17 515838115.449
20 18 90100102.260
20 19 242108453.546
20 21 1749853514.079
20 22 445846183.334
21 0 878896345.540
21 1 1118756471.205
21 2 162000690.143
21 3 243056083.984
21 4 195397203.606
21 5 137196940.581
21 6 165849492.449
21 7 681126527.665
21 8 192401384.711
21 9 869465564.284
21 10 1558434107.758
21 11 551410108.373
21 12 560643517.231
21 13 1107361352.064
21 14 11376024.121
21 15 530268781.205
21 16 10944500.812
21 17 678834950.716
21 18 33500077.384
21 19 737904800.372
21 20 1049053422.284
21 22 274373083.855
22 0 245527984.403
22 1 247130162.712
22 2 51090977.078
22 3 34558458.050
22 4 43589302.006
22 5 21628831.421
22 6 42793350.865
22 7 90412931.659
22 8 14215899.934
22 9 379968714.602
22 10 116134900.094
22 11 57941481.388
22 12 261463262.374
22 13 454488999.375
22 14 2925602.318
22 15 180330515.188
22 16 2751218.007
22 17 44038470.930
22 18 16720262.895
22 19 123645098.425
22 20 292459412.453
22 21 231172855.591
