506
0 1 1201905665.165
0 2 96531275.567
0 3 232384758.366
0 4 222060720.978
0 5 335413169.356
0 6 280493733.485
0 7 2203118664.964
0 8 303448840.927
0 9 633783486.949
0 10 2538679541.237
0 11 657316621.067
0 12 2402600180.285
0 13 1355221321.455
0 14 18169631.567
0 15 2387436622.142
0 16 5299654.340
0 17 952641850.076
0 18 55237283.965
0 19 985598892.927
0 20 1580557794.692
0 21 530765415.682
0 22 316196863.754
1 0 628981960.382
1 2 203886126.294
1 3 76105096.700
1 4 249303433.499
1 5 130680359.499
1 6 213446765.320
1 7 323050761.427
1 8 76162694.363
1 9 1233301083.235
1 10 539098471.360
1 11 535719759.239
1 12 1776401486.164
1 13 893420383.346
1 14 10276083.622
1 15 1370976862.085
1 16 13205214.194
1 17 299410002.037
1 18 62163603.924
1 19 834021863.366
1 20 1140911215.476
1 21 216374906.930
1 22 239857738.731
2 0 358074703.013
2 1 265441772.800
2 3 57976111.206
2 4 52546630.432
2 5 34081887.570
2 6 41323572.920
2 7 214006429.758
2 8 22657109.831
2 9 66627939.260
2 10 186697401.074
2 11 91781090.623
2 12 190683813.289
2 13 266961813.638
2 14 1127779.566
2 15 341449579.610
2 16 3358935.318
2 17 135417709.579
2 18 19661319.701
2 19 127206832.263
2 20 150736752.635
2 21 75958494.778
2 22 40976597.036
3 0 246646482.114
3 1 90946464.916
3 2 50718054.140
3 4 45796387.028
3 5 43114351.115
3 6 49255720.039
3 7 114553307.066
3 8 35472759.840
3 9 240738458.847
3 10 295102277.956
3 11 139119065.311
3 12 322671260.297
3 13 211513558.503
3 14 1714196.270
3 15 407682318.442
3 16 3582284.424
3 17 71431138.638
3 18 18901268.758
3 19 158727380.252
3 20 178784544.346
3 21 266892788.928
3 22 37716032.925
4 0 179543206.294
4 1 248128809.372
4 2 63417476.589
4 3 26531626.026
4 5 56634011.892
4 6 32763670.277
4 7 287976294.478
4 8 37130239.690
4 9 113136228.727
4 10 389628181.228
4 11 67465217.146
4 12 433684963.185
4 13 85142792.491
4 14 2925088.024
4 15 316605833.910
4 16 1104358.235
4 17 49186424.136
4 18 23098618.421
4 19 48107788.612
4 20 142750760.812
4 21 159453913.461
4 22 49763377.896
5 0 124925595.335
5 1 88466280.011
5 2 11466784.732
5 3 15679805.683
5 4 21535469.192
5 6 42572404.808
5 7 307655224.736
5 8 15771606.392
5 9 224060728.883
5 10 248976417.115
5 11 74873607.752
5 12 288851782.211
5 13 424809954.624
5 14 2585893.035
5 15 108499918.499
5 16 987342.303
5 17 132988204.981
5 18 22707143.573
5 19 144319145.087
5 20 172065629.393
5 21 129164490.422
5 22 31179149.535
6 0 246006621.952
6 1 113810567.843
6 2 44696577.313
6 3 33974322.035
6 4 43223206.243
6 5 48670117.368
6 7 138096676.665
6 8 32342083.497
6 9 132964545.033
6 10 72204148.778
6 11 45774935.785
6 12 127470092.559
6 13 254185499.642
6 14 2230287.291
6 15 314986800.645
6 16 2535949.006
6 17 123084262.065
6 18 14816555.674
6 19 170134117.265
6 20 429076657.160
6 21 227140021.234
6 22 56841336.143
7 0 1005928972.907
7 1 1025899612.101
7 2 243749012.271
7 3 155117030.341
7 4 220280325.171
7 5 295649284.535
7 6 125328176.829
7 8 359073617.958
7 9 2159270874.222
7 10 831711488.674
7 11 468212298.730
7 12 1858703410.061
7 13 1132681064.379
7 14 10701143.006
7 15 1653434781.848
7 16 14497719.615
7 17 1099182897.969
7 18 225619043.850
7 19 1094148392.348
7 20 2538288981.099
7 21 867268762.868
7 22 358273885.640
8 0 159293151.601
8 1 173753284.532
8 2 10439530.206
8 3 37437980.439
8 4 30360541.669
8 5 34829847.651
8 6 24783459.257
8 7 283955816.712
8 9 388405485.347
8 10 128119003.155
8 11 42507035.948
8 12 404163237.377
8 13 447058647.604
8 14 2181661.170
8 15 400366301.358
8 16 2415083.232
8 17 117143752.659
8 18 22517904.457
8 19 127286361.634
8 20 405779760.421
8 21 150030508.603
8 22 45789022.369
9 0 1502558502.327
9 1 544548480.803
9 2 277851496.225
9 3 227155870.871
9 4 151029472.862
9 5 296987058.008
9 6 129133899.489
9 7 2362268321.304
9 8 376707073.770
9 10 670598187.874
9 11 670704863.657
9 12 668195424.117
9 13 970682988.578
9 14 8240571.653
9 15 682517533.579
9 16 6861666.194
9 17 657752235.252
9 18 132282121.501
9 19 1102750894.215
9 20 1228878767.640
9 21 1202211517.773
9 22 361438880.950
10 0 1053998562.843
10 1 1460274304.449
10 2 369960138.746
10 3 256110206.303
10 4 289576744.975
10 5 346345537.423
10 6 80818197.541
10 7 2104514771.042
10 8 149968999.599
10 9 2577942258.799
10 11 788784914.406
10 12 1762274535.322
10 13 2819096101.215
10 14 22836837.337
10 15 3070228369.911
10 16 23343243.031
10 17 339164043.825
10 18 213944756.704
10 19 686790127.932
10 20 2718112210.921
10 21 544165112.386
10 22 344896661.027
11 0 640418299.635
11 1 604202803.212
11 2 108546380.623
11 3 110721465.540
11 4 144119170.420
11 5 74194975.708
11 6 28438628.589
11 7 409126930.897
11 8 55459874.600
11 9 193067739.213
11 10 455465116.936
11 12 907539563.948
11 13 1102582216.734
11 14 8677831.157
11 15 430581170.176
11 16 2536234.375
11 17 135250609.800
11 18 41332029.017
11 19 215030027.502
11 20 202459737.886
11 21 133870262.403
11 22 112848013.922
12 0 1625267635.731
12 1 2165253017.819
12 2 182567115.521
12 3 493085346.585
12 4 496289599.724
12 5 507143189.177
12 6 420212335.853
12 7 2795926306.481
12 8 448186380.909
12 9 883457577.801
12 10 762999029.940
12 11 1157449568.713
12 13 2179653742.206
12 14 32288646.492
12 15 2923654028.116
12 16 29765414.836
12 17 1338916247.476
12 18 255497705.652
12 19 546666713.609
12 20 1120797253.316
12 21 2215338266.095
12 22 124738465.494
13 0 740647836.681
13 1 493992883.747
13 2 140765185.291
13 3 210639175.670
13 4 267225697.547
13 5 443381059.049
13 6 306356790.893
13 7 1702648091.702
13 8 229028320.942
13 9 2900178873.684
13 10 986489390.400
13 11 938973927.197
13 12 1563084435.041
13 14 15667618.227
13 15 2742907835.128
13 16 26182826.985
13 17 493729566.656
13 18 124979540.525
13 19 1226978635.741
13 20 3125965283.056
13 21 763036528.645
13 22 135158050.658
14 0 6776301.103
14 1 9797681.162
14 2 2779378.360
14 3 1344659.525
14 4 3163188.778
14 5 1361541.539
14 6 1918946.789
14 7 18835247.138
14 8 1873332.292
14 9 16072411.646
14 10 5526272.121
14 11 9488965.584
14 12 23434619.777
14 13 23025071.784
14 15 6523911.579
14 16 49406.708
14 17 6533116.243
14 18 1084990.151
14 19 3419667.909
14 20 13902124.748
14 21 2848644.080
14 22 1073935.608
15 0 2459811727.120
15 1 679646652.325
15 2 337310837.537
15 3 279579849.233
15 4 392041152.780
15 5 274512561.720
15 6 368461558.850
15 7 2229833239.535
15 8 265800833.329
15 9 2248948183.061
15 10 793460499.708
15 11 606692480.852
15 12 3016185085.225
15 13 2078475680.056
15 14 5885471.425
15 16 10116482.836
15 17 322934761.920
15 18 159156826.937
15 19 592824045.088
15 20 2558814196.672
15 21 632209096.322
15 22 321766453.045
16 0 21368814.713
16 1 14827212.547
16 2 2821771.996
16 3 2129176.493
16 4 1018651.171
16 5 1446379.731
16 6 1231524.494
16 7 14601256.041
16 8 989686.765
16 9 24142129.638
16 10 7345752.540
16 11 4419519.166
16 12 15199251.539
16 13 11473504.448
16 14 206432.993
16 15 18710074.935
16 17 4927971.487
16 18 2031988.876
16 19 3596969.477
16 20 26026427.620
16 21 8378684.543
16 22 3791955.350
17 0 871979447.824
17 1 650558597.422
17 2 119579989.379
17 3 148087008.320
17 4 83075095.796
17 5 171131737.712
17 6 132825918.151
17 7 224091932.563
17 8 125000519.628
17 9 1195792399.930
17 10 1056545053.390
17 11 177474717.016
17 12 817909032.749
17 13 882139326.128
17 14 4863285.060
17 15 218344456.652
17 16 7176766.056
17 18 44538711.057
17 19 404526608.058
17 20 699758728.733
17 21 375125322.332
17 22 49414740.461
18 0 55614436.220
18 1 116083334.154
18 2 25557224.270
18 3 31510480.239
18 4 13011027.069
18 5 37990608.837
18 6 14582976.657
18 7 225989163.620
18 8 29958833.038
18 9 170344903.611
18 10 198627895.596
18 11 31415066.046
18 12 277311083.778
18 13 59982865.109
18 14 852886.454
18 15 178924249.503
18 16 2017875.523
18 17 94294986.862
18 19 103378681.962
18 20 197639273.883
18 21 71110820.801
18 22 29578487.528
19 0 256729306.007
19 1 325394732.358
19 2 160303800.959
19 3 131013708.072
19 4 30822497.042
19 5 134138070.126
19 6 34230816.596
19 7 839827861.004
19 8 173438277.654
19 9 560941995.781
19 10 722394815.908
19 11 440035311.558
19 12 1549551447.589
19 13 303045767.912
19 14 9922302.299
19 15 526336029.879
19 16 6477731.470
19 17 246868769.671
19 18 77092706.957
19 20 1300718819.471
19 21 528462477.891
19 22 56569188.846
20 0 985673066.291
20 1 542918452.971
20 2 315746851.615
20 3 402350098.803
20 4 239733006.234
20 5 171125811.365
20 6 194749847.425
20 7 1115533569.650
20 8 428092915.827
20 9 2218205926.282
20 10 665648554.563
20 11 483572270.437
20 12 1494117922.829
20 13 1547938784.756
20 14 22104730.513
20 15 2802965723.474
20 16 16018704.819
20 17 1049965722.768
20 18 124874226.425
20 19 976387441.490
20 21 885463503.623
20 22 176980436.359
21 0 887223541.795
21 1 798331154.413
21 2 266679181.427
21 3 169344530.264
21 4 156724089.744
21 5 201070454.288
21 6 232175578.038
21 7 998831222.307
21 8 199082309.847
21 9 1667658062.983
21 10 783919493.278
21 11 140065340.101
21 12 975717375.237
21 13 1301213059.119
21 14 11014026.134
21 15 1394367950.707
21 16 6735042.614
21 17 769490491.738
21 18 33528066.658
21 19 194637184.764
21 20 1899049527.351
21 22 90790534.911
22 0 310038091.860
22 1 261090622.748
22 2 11399275.412
22 3 10305818.747
22 4 49168965.409
22 5 38986089.437
22 6 24961925.284
22 7 259419254.951
22 8 17339833.603
22 9 159106829.704
22 10 390286164.561
22 11 146103513.887
22 12 92836848.416
22 13 118134244.783
22 14 1427437.355
22 15 380838754.046
22 16 2969279.270
22 17 166909770.736
22 18 33748352.346
22 19 182129787.253
22 20 190115158.173
22 21 99064225.665
