506
0 1 1010254394.735
0 2 105037385.765
0 3 326029431.279
0 4 286169984.064
0 5 329882883.308
0 6 302210109.416
0 7 771415349.926
0 8 311606981.697
0 9 2025795029.275
0 10 624569014.474
0 11 515525569.722
0 12 578407034.568
0 13 2138479429.894
0 14 13311465.452
0 15 1136662112.654
0 16 15791648.175
0 17 1043432375.396
0 18 72062701.734
0 19 384846208.732
0 20 889639125.616
0 21 1650756064.282
0 22 76345571.630
1 0 390415624.259
1 2 286834335.195
1 3 263089168.795
1 4 217537999.893
1 5 258762091.913
1 6 74390622.150
1 7 279797965.083
1 8 256039849.334
1 9 1191443255.977
1 10 751887680.955
1 11 294504710.372
1 12 2045118603.549
1 13 2070828926.330
1 14 11671510.404
1 15 1919558620.163
1 16 16999285.105
1 17 430131280.337
1 18 50108278.682
1 19 407937247.033
1 20 1912164565.635
1 21 523799731.926
1 22 106906549.201
2 0 352515263.428
2 1 240013662.968
2 3 18296206.077
2 4 49063190.163
2 5 22652896.631
2 6 50844214.058
2 7 327208338.944
2 8 58452706.073
2 9 365958648.599
2 10 439318544.867
2 11 98789459.582
2 12 354763019.061
2 13 116992763.856
2 14 3302442.395
2 15 100980776.784
2 16 2498186.117
2 17 64474862.301
2 18 13971418.931
2 19 150931051.610
2 20 460864410.035
2 21 279979257.304
2 22 48887153.313
3 0 114011535.630
3 1 117972904.096
3 2 11626512.834
3 4 13045937.278
3 5 38770631.689
3 6 25073705.961
3 7 213674023.626
3 8 31105329.751
3 9 267254211.325
3 10 242814199.136
3 11 41343471.731
3 12 287153044.857
3 13 375257034.557
3 14 2309602.068
3 15 287500194.038
3 16 1701778.755
3 17 135927344.128
3 18 34956173.963
3 19 45791632.083
3 20 227960772.125
3 21 183235454.632
3 22 59591917.129
4 0 244500661.392
4 1 164178763.419
4 2 21485080.918
4 3 51573293.279
4 5 53906198.456
4 6 40063877.539
4 7 223031988.985
4 8 13030883.859
4 9 312055092.782
4 10 241207511.738
4 11 140714157.391
4 12 150815139.256
4 13 288407317.574
4 14 3797242.774
4 15 305102440.830
4 16 3370696.995
4 17 101092358.339
4 18 33061322.635
4 19 160471922.339
4 20 420800712.772
4 21 224872713.166
4 22 61369794.620
5 0 334885050.151
5 1 263580164.453
5 2 11673824.575
5 3 23777702.945
5 4 15946257.926
5 6 15602157.270
5 7 186727833.499
5 8 55479379.834
5 9 109120176.410
5 10 158527390.730
5 11 44156364.070
5 12 347219645.383
5 13 97327665.055
5 14 1394171.917
5 15 162195161.205
5 16 2463139.255
5 17 129905059.030
5 18 29509990.840
5 19 181560024.256
5 20 360131150.988
5 21 224297626.705
5 22 47702305.340
6 0 166910277.771
6 1 236019055.043
6 2 36404450.356
6 3 53203414.258
6 4 30585868.421
6 5 58676802.175
6 7 174856058.791
6 8 40172798.995
6 9 290422582.764
6 10 429949766.445
6 11 47173402.137
6 12 236980442.005
6 13 400424546.575
6 14 1666889.406
6 15 424039197.893
6 16 2543093.391
6 17 58181917.692
6 18 37058030.817
6 19 153667904.999
6 20 171849271.313
6 21 219697160.804
6 22 12039920.966
7 0 1654684701.697
7 1 1399068778.937
7 2 75755943.212
7 3 160053821.378
7 4 316956483.908
7 5 345043200.502
7 6 214927167.411
7 8 253668590.395
7 9 1171542556.158
7 10 1191812737.584
7 11 150472172.919
7 12 2046362706.340
7 13 1802152112.099
7 14 20161070.811
7 15 1690356765.859
7 16 6625436.057
7 17 374217523.359
7 18 97646700.703
7 19 1020110784.363
7 20 1885671545.533
7 21 1584147839.597
7 22 315219431.390
8 0 289421478.316
8 1 104304417.870
8 2 36646588.891
8 3 43179079.686
8 4 54075714.885
8 5 26908700.366
8 6 37818976.587
8 7 185556210.879
8 9 281004268.548
8 10 432589485.859
8 11 91555988.442
8 12 300534930.766
8 13 451089994.778
8 14 718252.652
8 15 230195587.555
8 16 1884461.829
8 17 85905961.520
8 18 15534474.002
8 19 152119740.694
8 20 454672833.597
8 21 120859028.306
8 22 38530874.809
9 0 1884210760.098
9 1 1307294363.849
9 2 400861677.059
9 3 135371548.136
9 4 321615451.059
9 5 162367275.381
9 6 97290754.296
9 7 2160873813.321
9 8 113077631.760
9 10 679353824.458
9 11 798269724.002
9 12 1337623798.205
9 13 1811256215.750
9 14 21931041.604
9 15 1911813445.169
9 16 21560742.116
9 17 925454610.826
9 18 72167312.848
9 19 744537340.155
9 20 1780487872.196
9 21 1350392493.464
9 22 145201260.452
10 0 895833077.626
10 1 1774971583.742
10 2 128218930.445
10 3 98583451.640
10 4 164829550.802
10 5 333415379.564
10 6 197398424.732
10 7 2467690407.474
10 8 397656947.541
10 9 2384730388.231
10 11 520518002.879
10 12 1859304588.118
10 13 2503269178.348
10 14 16551990.945
10 15 1788702493.539
10 16 8950893.017
10 17 754824102.835
10 18 127950119.518
10 19 910971364.178
10 20 3063592636.389
10 21 1042766278.390
10 22 339474515.060
11 0 739256135.604
11 1 255736960.772
11 2 73047579.398
11 3 48269108.460
11 4 138876186.553
11 5 80877059.342
11 6 92306902.017
11 7 568107665.612
11 8 103295153.853
11 9 772642411.901
11 10 996576766.376
11 12 488115570.233
11 13 949922777.480
11 14 9401464.861
11 15 983205949.482
11 16 5875463.877
11 17 158362487.717
11 18 43164673.922
11 19 403000864.407
11 20 1107510806.702
11 21 256053756.507
11 22 93295662.852
12 0 3030378342.450
12 1 1810030046.650
12 2 304708884.006
12 3 424460847.298
12 4 416468153.024
12 5 115217214.808
12 6 209132278.664
12 7 2336136365.863
12 8 209567061.394
12 9 1321969323.141
12 10 1818836578.317
12 11 624795588.759
12 13 1801368702.669
12 14 16669650.718
12 15 3509455697.270
12 16 32138712.238
12 17 1123536082.274
12 18 330016641.452
12 19 539354426.356
12 20 3743030542.135
12 21 1149150777.134
12 22 93174393.658
13 0 929297098.667
13 1 1907237917.556
13 2 103200741.867
13 3 163854341.480
13 4 300235952.423
13 5 310865030.873
13 6 370034902.917
13 7 842856117.084
13 8 285823781.912
13 9 2137443395.386
13 10 1972184580.097
13 11 945203929.134
13 12 1280719017.925
13 14 13712479.243
13 15 2137685566.712
13 16 16006575.282
13 17 957721045.603
13 18 150664172.911
13 19 1370610788.617
13 20 892134191.564
13 21 1017886045.663
13 22 410068558.207
14 0 16946888.548
14 1 8910790.511
14 2 3140110.481
14 3 1583432.461
14 4 1530689.814
14 5 3491901.680
14 6 2092825.439
14 7 8539117.193
14 8 3756945.689
14 9 19158433.239
14 10 26757382.350
14 11 4076705.214
14 12 28619550.327
14 13 13217845.595
14 15 5522850.996
14 16 173589.403
14 17 10660594.689
14 18 1429881.062
14 19 8820485.295
14 20 13374867.013
14 21 5823379.987
14 22 3041164.542
15 0 2214773795.695
15 1 1938090356.745
15 2 283611043.549
15 3 216910753.423
15 4 381491845.823
15 5 326677984.487
15 6 206770935.956
15 7 699285221.450
15 8 263053184.356
15 9 674943353.133
15 10 1981641664.835
15 11 1027042224.688
15 12 3397659289.595
15 13 1943738123.030
15 14 7218395.781
15 16 14451473.917
15 17 320355866.231
15 18 50448112.500
15 19 273183294.185
15 20 2498373387.749
15 21 556482198.619
15 22 402562334.772
16 0 11751385.757
16 1 8431707.813
16 2 3852886.331
16 3 1656982.735
16 4 2365996.230
16 5 2506425.824
16 6 3219620.371
16 7 10556734.103
16 8 1780372.325
16 9 15870416.650
16 10 13939155.623
16 11 2999477.212
16 12 28276334.372
16 13 22147585.832
16 14 122039.778
16 15 4906713.000
16 17 8140871.681
16 18 942552.334
16 19 10774983.634
16 20 14867266.091
16 21 7434197.287
16 22 2909928.097
17 0 364168053.516
17 1 242751444.376
17 2 112495508.076
17 3 86479091.377
17 4 108210244.392
17 5 133600155.718
17 6 106995379.453
17 7 851241934.288
17 8 114855404.595
17 9 570862073.573
17 10 1075064870.612
17 11 305079790.642
17 12 1556184942.688
17 13 809290259.825
17 14 2217778.601
17 15 664882601.511
17 16 10183509.058
17 18 114146768.391
17 19 411146372.796
17 20 951291800.931
17 21 695661457.658
17 22 35414933.989
18 0 80796554.533
18 1 117460777.110
18 2 14331782.701
18 3 37193834.274
18 4 37419406.226
18 5 21788715.395
18 6 8271942.605
18 7 151502116.985
18 8 10288839.433
18 9 244128574.258
18 10 159598539.922
18 11 86713929.440
18 12 135110650.153
18 13 123898947.351
18 14 1678194.726
18 15 67674749.217
18 16 2217703.511
18 17 34882504.821
18 19 107839624.139
18 20 136826967.747
18 21 98129372.004
18 22 11478437.668
19 0 418307655.640
19 1 697507873.649
19 2 158756340.729
19 3 152538018.319
19 4 35316504.822
19 5 51517141.430
19 6 135741091.618
19 7 686880057.940
19 8 47366026.443
19 9 242441724.143
19 10 1302557889.075
19 11 158969679.657
19 12 347352054.121
19 13 1279203807.252
19 14 4093162.943
19 15 1256833817.490
19 16 3772868.152
19 17 201244485.236
19 18 59468958.618
19 20 807423179.468
19 21 763955644.993
19 22 93711335.149
20 0 2303582764.701
20 1 1433629458.114
20 2 244956872.593
20 3 320201483.380
20 4 181368279.074
20 5 361584800.873
20 6 370016475.696
20 7 2265686494.835
20 8 301029618.238
20 9 2570052230.405
20 10 2505160926.677
20 11 1087740837.114
20 12 1599865144.588
20 13 1017501610.888
20 14 7746230.460
20 15 2212264531.949
20 16 8803485.421
20 17 1256652952.381
20 18 137186718.647
20 19 380062126.089
20 21 1163866688.329
20 22 90624994.621
21 0 826143152.741
21 1 1246593403.878
21 2 54890756.229
21 3 128436714.365
21 4 88407658.960
21 5 256508558.920
21 6 247567473.634
21 7 1504139468.192
21 8 68117764.600
21 9 663416074.027
21 10 1905490947.936
21 11 203895737.009
21 12 828863801.353
21 13 789905406.872
21 14 8976056.674
21 15 729589530.156
21 16 7935372.009
21 17 482997449.914
21 18 161821955.068
21 19 391684020.236
21 20 1986825398.630
21 22 247393090.423
22 0 65990286.456
22 1 163271459.628
22 2 36540108.185
22 3 10445774.642
22 4 50251498.955
22 5 52706652.791
22 6 37789023.404
22 7 269279638.824
22 8 30662317.703
22 9 137033956.772
22 10 396043668.804
22 11 116621630.069
22 12 216682890.410
22 13 134148835.962
22 14 3371310.718
22 15 224379064.516
22 16 3790358.882
22 17 152825977.610
22 18 36001944.665
22 19 32037336.693
22 20 144660144.711
22 21 170281501.829
