506
0 1 945511433.814
0 2 185734011.979
0 3 316140592.656
0 4 213059555.447
0 5 61640934.003
0 6 111469274.702
0 7 2105273222.826
0 8 281186569.390
0 9 2215806135.700
0 10 1247817731.700
0 11 775058443.531
0 12 2510111412.389
0 13 1007631955.862
0 14 10464687.164
0 15 1277300388.111
0 16 4373945.470
0 17 649676888.628
0 18 134243605.805
0 19 606955462.418
0 20 1860114670.005
0 21 1446598782.616
0 22 294303057.710
1 0 1068812635.411
1 2 133125809.716
1 3 217610657.123
1 4 226260344.501
1 5 217152503.340
1 6 160032011.723
1 7 1177645608.746
1 8 201042999.239
1 9 550641192.826
1 10 633877071.944
1 11 622086922.432
1 12 845351925.819
1 13 1965301130.576
1 14 15367901.934
1 15 385201393.656
1 16 17164728.573
1 17 580681976.021
1 18 146232239.646
1 19 718889765.548
1 20 666564579.865
1 21 849481186.963
1 22 118303240.820
2 0 296268585.418
2 1 63064160.598
2 3 23778199.694
2 4 60912840.674
2 5 31948676.883
2 6 54714833.849
2 7 190742070.626
2 8 19292357.967
2 9 144415407.047
2 10 376524583.344
2 11 65594243.417
2 12 446291869.092
2 13 439045144.028
2 14 2391037.187
2 15 219588899.086
2 16 1393274.010
2 17 179062736.353
2 18 17701234.078
2 19 55905122.883
2 20 389518733.274
2 21 271410860.324
2 22 14465800.067
3 0 357447765.334
3 1 153807571.294
3 2 33141617.005
3 4 46667520.239
3 5 46423860.608
3 6 12770568.350
3 7 200359586.714
3 8 46837588.270
3 9 368467698.755
3 10 310172986.535
3 11 151234115.018
3 12 260109184.730
3 13 451598783.027
3 14 3449811.160
3 15 406025461.230
3 16 1547556.065
3 17 165493743.908
3 18 36040147.142
3 19 152272468.930
3 20 456319394.667
3 21 208884497.490
3 22 24956544.781
4 0 135303958.780
4 1 150272758.356
4 2 20193414.188
4 3 10584939.395
4 5 25581918.320
4 6 40990197.688
4 7 283468399.065
4 8 47131970.319
4 9 208786952.431
4 10 157307602.161
4 11 35594622.465
4 12 327332839.170
4 13 439431300.985
4 14 2800487.315
4 15 424272788.650
4 16 1572890.127
4 17 60538858.733
4 18 25661157.089
4 19 77492423.180
4 20 426376817.490
4 21 186726984.797
4 22 35060562.307
5 0 225857596.206
5 1 103172758.592
5 2 35844416.601
5 3 57407766.629
5 4 40355767.626
5 6 12043269.472
5 7 315668134.580
5 8 45493114.012
5 9 350224970.652
5 10 135098062.674
5 11 65775263.739
5 12 202528603.300
5 13 78817074.189
5 14 3553770.242
5 15 360990314.561
5 16 1230690.769
5 17 41100911.123
5 18 18829403.165
5 19 150396493.930
5 20 260756281.917
5 21 162579662.110
5 22 14777236.072
6 0 124405442.248
6 1 205967711.735
6 2 42753631.814
6 3 23647987.669
6 4 22757327.766
6 5 59916454.213
6 7 244899661.590
6 8 22002878.912
6 9 268961105.612
6 10 174217637.643
6 11 55206448.644
6 12 501521952.323
6 13 96709075.460
6 14 2271101.143
6 15 100801288.384
6 16 1614012.863
6 17 122180696.380
6 18 6866706.404
6 19 122291081.636
6 20 443133106.181
6 21 83263765.973
6 22 45178795.046
7 0 1859477435.896
7 1 564938686.407
7 2 307249005.618
7 3 277392882.938
7 4 303967652.193
7 5 229380717.482
7 6 196619282.651
7 8 126275260.300
7 9 958109235.376
7 10 968058116.483
7 11 766694610.622
7 12 2744246376.885
7 13 2421114926.956
7 14 8292446.522
7 15 1743262549.545
7 16 20872414.324
7 17 560470385.300
7 18 79715207.226
7 19 241254381.628
7 20 1682457671.901
7 21 1569600586.582
7 22 167156473.548
8 0 225093203.922
8 1 269352950.987
8 2 45060974.747
8 3 54376769.285
8 4 61469902.596
8 5 45970019.293
8 6 51197267.711
8 7 254979310.444
8 9 263306006.876
8 10 371071900.929
8 11 55123289.118
8 12 86150054.991
8 13 373848562.262
8 14 1529064.731
8 15 213241675.759
8 16 1832432.395
8 17 132425453.605
8 18 11490516.069
8 19 172034913.261
8 20 85700277.655
8 21 76883768.866
8 22 43346724.939
9 0 1092887981.498
9 1 1104895408.981
9 2 177567351.311
9 3 247589878.530
9 4 218504558.297
9 5 303980976.582
9 6 103821555.430
9 7 593919434.050
9 8 177509417.244
9 10 2051808153.630
9 11 393726006.480
9 12 1325919432.652
9 13 2233458455.802
9 14 14041334.838
9 15 1890028763.562
9 16 12461792.699
9 17 300906118.111
9 18 205429866.793
9 19 1156314577.458
9 20 1263943125.352
9 21 864250384.273
9 22 87405425.133
10 0 682500394.822
10 1 893571346.775
10 2 181360477.835
10 3 292270793.771
10 4 123853232.784
10 5 382767229.712
10 6 394329293.856
10 7 1068159591.133
10 8 246842585.344
10 9 1617975169.093
10 11 923445705.045
10 12 1473085275.753
10 13 1702037595.375
10 14 7941921.495
10 15 2018368322.712
10 16 17291726.695
10 17 919368249.539
10 18 120610689.747
10 19 717765035.579
10 20 2466141131.380
10 21 1833256822.570
10 22 76709533.938
11 0 732529179.542
11 1 285517419.622
11 2 128444439.078
11 3 67599395.797
11 4 77766327.049
11 5 29698085.576
11 6 137699649.951
11 7 542097427.588
11 8 31840329.874
11 9 477664734.055
11 10 461045593.850
11 12 1160267756.752
11 13 603714203.803
11 14 4112191.731
11 15 614254147.090
11 16 3790288.377
11 17 241464772.718
11 18 72059682.362
11 19 422471740.065
11 20 186529158.482
11 21 144816709.345
11 22 149278188.250
12 0 2720610528.032
12 1 1616200463.191
12 2 378058225.710
12 3 461925724.651
12 4 506858642.945
12 5 255889204.538
12 6 230248207.840
12 7 1038067947.319
12 8 107797019.017
12 9 1422246062.098
12 10 3153138830.493
12 11 685021478.506
12 13 2387273985.099
12 14 17900900.799
12 15 3350072664.124
12 16 23832992.342
12 17 1504463868.002
12 18 304419136.124
12 19 1280295819.274
12 20 3483113972.310
12 21 1005060632.670
12 22 282089390.722
13 0 2213890084.109
13 1 713007340.990
13 2 461980285.801
13 3 341494833.897
13 4 327040703.165
13 5 272085226.830
13 6 197930916.850
13 7 2100607653.791
13 8 211974179.183
13 9 1305188064.312
13 10 2565123217.949
13 11 1009084077.557
13 12 784167630.750
13 14 10314774.919
13 15 2203901199.128
13 16 15961995.735
13 17 1305385949.622
13 18 257404591.460
13 19 641268668.082
13 20 3118045757.507
13 21 1034851830.595
13 22 250713060.427
14 0 7033565.370
14 1 5940202.474
14 2 2842582.074
14 3 932745.856
14 4 1944691.188
14 5 1422449.110
14 6 2186997.491
14 7 5318717.242
14 8 2920360.261
14 9 13784266.742
14 10 20056930.503
14 11 3100309.504
14 12 19683398.029
14 13 21712686.417
14 15 13401623.497
14 16 105698.553
14 17 3565495.899
14 18 2132652.285
14 19 9829865.586
14 20 27005797.586
14 21 8059501.990
14 22 2097567.145
15 0 2360750355.816
15 1 1357387883.231
15 2 165011872.422
15 3 337144449.072
15 4 209039601.277
15 5 263029341.213
15 6 96599542.378
15 7 1540437481.500
15 8 268204976.787
15 9 2291954558.800
15 10 2680209886.389
15 11 686653424.901
15 12 3447854963.180
15 13 2398651993.393
15 14 4698185.173
15 16 9699184.012
15 17 1131234025.314
15 18 49251768.465
15 19 750949592.183
15 20 2158187684.948
15 21 530740796.211
15 22 419959036.309
16 0 4773724.388
16 1 11152208.491
16 2 2720595.563
16 3 1076121.747
16 4 2473500.668
16 5 3079780.709
16 6 3548436.955
16 7 17977152.270
16 8 3126880.799
16 9 19882225.625
16 10 5348413.056
16 11 8355145.757
16 12 30901586.880
16 13 6245286.066
16 14 45839.587
16 15 8672321.788
16 17 3672548.894
16 18 1872146.334
16 19 8360332.975
16 20 17262491.573
16 21 5247568.445
16 22 3200297.400
17 0 618189611.986
17 1 166576758.621
17 2 189323609.398
17 3 35629288.054
17 4 55057039.249
17 5 178577668.779
17 6 115066150.517
17 7 1085723681.339
17 8 110361059.397
17 9 267743534.269
17 10 993985687.186
17 11 155324095.747
17 12 1049185307.948
17 13 1124962025.183
17 14 5190283.232
17 15 567993101.535
17 16 5297734.347
17 18 27770087.923
17 19 234111422.074
17 20 946544697.168
17 21 689357346.610
17 22 140274621.697
18 0 231125733.774
18 1 79149835.317
18 2 27889597.881
18 3 31668255.625
18 4 38065827.975
18 5 33693567.905
18 6 21817167.542
18 7 175462912.839
18 8 15556440.008
18 9 119778555.214
18 10 86964978.089
18 11 69494576.121
18 12 109621122.883
18 13 286387865.946
18 14 566829.805
18 15 171532473.891
18 16 1107746.527
18 17 106992035.308
18 19 97844810.665
18 20 241740645.984
18 21 83959481.530
18 22 22184161.481
19 0 201088176.359
19 1 285948449.048
19 2 100211049.310
19 3 86149831.719
19 4 33694766.941
19 5 31419276.136
19 6 143582708.572
19 7 926613816.258
19 8 182327410.575
19 9 941682475.889
19 10 707872290.341
19 11 348474448.405
19 12 593269193.756
19 13 1116050287.907
19 14 8956285.360
19 15 381046477.375
19 16 2713353.304
19 17 143001907.402
19 18 83375184.826
19 20 1235330761.493
19 21 373397816.538
19 22 101562056.606
20 0 1496630343.238
20 1 2068641404.491
20 2 213483206.924
20 3 128487253.799
20 4 327434818.536
20 5 257406602.546
20 6 92801826.055
20 7 1569499389.586
20 8 350549039.698
20 9 1482517648.547
20 10 2640209448.684
20 11 192465800.089
20 12 1718915952.256
20 13 2336569964.238
20 14 4924500.691
20 15 1653763314.493
20 16 12251851.418
20 17 221708122.640
20 18 101307779.403
20 19 532288032.415
20 21 994530041.454
20 22 295553197.165
21 0 973399643.392
21 1 618258613.337
21 2 81521781.321
21 3 75912128.415
21 4 169232356.230
21 5 106885837.632
21 6 133540936.044
21 7 967754497.890
21 8 86148500.434
21 9 1228578190.700
21 10 1577730922.470
21 11 404358769.860
21 12 1292665695.654
21 13 1703259931.582
21 14 11875034.934
21 15 464807075.132
21 16 11110582.788
21 17 164670459.968
21 18 83905163.057
21 19 394077083.103
21 20 1879101659.206
21 22 187513871.903
22 0 230679647.936
22 1 238513786.996
22 2 55744718.481
22 3 36072745.584
22 4 21409404.575
22 5 32905719.077
22 6 36988278.820
22 7 306753375.604
22 8 29830441.505
22 9 191854841.674
22 10 259015995.551
22 11 35341590.089
22 12 93242728.597
22 13 460752894.220
22 14 3824596.962
22 15 133527552.574
22 16 3226357.907
22 17 55408133.600
22 18 12012431.610
22 19 53416077.448
22 20 287863639.156
22 21 69473957.112
