132
0 1 585655188.303
0 2 359083059.093
0 3 501146897.800
0 4 558612960.097
0 5 241567651.285
0 6 815332831.432
0 7 472344030.490
0 8 562297825.565
0 9 517488461.254
0 10 484946532.915
0 11 479528566.511
1 0 344404747.058
1 2 432882427.838
1 3 854052767.178
1 4 2629025434.752
1 5 1202796368.420
1 6 2044010912.049
1 7 875639427.856
1 8 1314634862.514
1 9 2591382428.192
1 10 773151154.222
1 11 1541055366.273
2 0 170104517.144
2 1 1532179686.002
2 3 490705585.030
2 4 1112940435.256
2 5 507161319.252
2 6 266853893.755
2 7 837714232.064
2 8 534628925.703
2 9 947827363.268
2 10 385560527.433
2 11 918030690.188
3 0 870127559.342
3 1 2493290712.698
3 2 268719328.498
3 4 1409915331.486
3 5 1795257001.964
3 6 2633033963.738
3 7 629409413.660
3 8 1324656219.316
3 9 1605371052.712
3 10 548758569.989
3 11 1089658919.540
4 0 177771320.984
4 1 2759558131.472
4 2 236272221.976
4 3 2652464161.967
4 5 1040575786.563
4 6 1712845754.959
4 7 990819108.610
4 8 439947311.420
4 9 2103056512.886
4 10 1441942535.968
4 11 1425079495.688
5 0 396797833.388
5 1 1777045805.748
5 2 255256529.971
5 3 601324680.158
5 4 1894236373.169
5 6 1047274129.941
5 7 263969128.188
5 8 467279056.589
5 9 1416051498.080
5 10 841987564.263
5 11 1305970411.665
6 0 109820293.267
6 1 328741237.931
6 2 1525519920.773
6 3 2477038965.559
6 4 1267186575.165
6 5 1724161263.605
6 7 1587702766.497
6 8 1466611577.907
6 9 2407149460.021
6 10 768260438.795
6 11 1396796371.113
7 0 78927434.786
7 1 1046624775.634
7 2 856855021.511
7 3 647067340.095
7 4 1406465388.523
7 5 542739902.619
7 6 275951882.911
7 8 718111838.268
7 9 1185229364.689
7 10 850207339.431
7 11 696850878.757
8 0 501740634.301
8 1 666196739.828
8 2 216948225.762
8 3 962651551.979
8 4 782053254.977
8 5 350757046.404
8 6 647668109.680
8 7 854053494.708
8 9 1693410472.318
8 10 232629831.554
8 11 591391880.436
9 0 185155929.803
9 1 1334023283.082
9 2 773382200.013
9 3 1233322967.537
9 4 1488121714.369
9 5 496386960.880
9 6 1736863158.032
9 7 1550748867.324
9 8 604869854.617
9 10 901776601.783
9 11 804841181.911
10 0 441415528.958
10 1 1099606247.100
10 2 913487600.379
10 3 718788572.009
10 4 1266862463.517
10 5 583000045.338
10 6 914267836.994
10 7 472401034.460
10 8 322057125.942
10 9 678093300.328
10 11 524280238.478
11 0 563620861.058
11 1 1214896943.999
11 2 1080612875.036
11 3 303580872.391
11 4 1142421454.431
11 5 963657312.342
11 6 659092780.749
11 7 143196779.576
11 8 485045564.071
11 9 1568044416.340
11 10 962286513.226
