132
0 1 643965261.386
0 2 403240245.338
0 3 592205790.229
0 4 571840094.006
0 5 342691487.894
0 6 634198969.055
0 7 429716178.470
0 8 255288050.333
0 9 784605563.803
0 10 228665499.853
0 11 248923173.822
1 0 940052623.030
1 2 329304571.555
1 3 1650052322.032
1 4 1654832540.531
1 5 509246328.523
1 6 1064986516.136
1 7 1768224945.695
1 8 750588200.605
1 9 1148287417.598
1 10 341305329.305
1 11 1630412308.718
2 0 384093674.621
2 1 1514843321.485
2 3 1136033580.298
2 4 346550198.626
2 5 1200496827.333
2 6 1472229869.465
2 7 477632944.174
2 8 142904350.518
2 9 1403936152.450
2 10 704086204.156
2 11 730960389.886
3 0 541451818.939
3 1 751142605.744
3 2 329162313.041
3 4 957347238.654
3 5 927839185.499
3 6 2641351887.156
3 7 980689837.454
3 8 598128519.228
3 9 980084472.888
3 10 852309784.917
3 11 1541023891.692
4 0 692609365.340
4 1 941686475.309
4 2 1057179473.041
4 3 428118836.173
4 5 590132298.563
4 6 346090766.887
4 7 910110644.885
4 8 633087172.305
4 9 1105770847.502
4 10 643188083.047
4 11 402215646.035
5 0 506615082.535
5 1 1507428352.073
5 2 1250361623.725
5 3 1642155562.942
5 4 294673599.279
5 6 1748297233.175
5 7 535503080.288
5 8 370246277.290
5 9 320219852.395
5 10 981532449.419
5 11 480649710.118
6 0 350443080.088
6 1 329163945.111
6 2 319529602.856
6 3 1225890571.293
6 4 828108661.415
6 5 462810968.593
6 7 1718610184.262
6 8 699275336.074
6 9 2298058233.899
6 10 491504022.513
6 11 210978218.675
7 0 201519127.227
7 1 1540408508.150
7 2 256395587.361
7 3 1376573053.590
7 4 1698406318.934
7 5 217442719.643
7 6 1664977361.994
7 8 257321551.046
7 9 843022020.939
7 10 1047872017.338
7 11 221690738.293
8 0 311463198.842
8 1 1332712380.247
8 2 151320542.889
8 3 1007774678.093
8 4 1259863395.247
8 5 578520482.217
8 6 1711705161.249
8 7 1076931077.385
8 9 733417441.239
8 10 763519281.895
8 11 932502628.557
9 0 478469619.003
9 1 2292969682.926
9 2 599536897.722
9 3 2030376869.721
9 4 1143726483.323
9 5 221765852.335
9 6 1644900077.640
9 7 749150480.676
9 8 1324355828.681
9 10 484951372.166
9 11 318873699.132
10 0 568582778.279
10 1 1074704344.451
10 2 291874856.420
10 3 1450910826.835
10 4 648252513.796
10 5 1120942502.984
10 6 439522830.731
10 7 567316474.122
10 8 612071568.411
10 9 1229788163.995
10 11 674854508.548
11 0 214169422.547
11 1 668547504.086
11 2 435605026.583
11 3 294802564.828
11 4 1492208504.336
11 5 959412826.400
11 6 435339880.253
11 7 1011581349.421
11 8 1056889541.099
11 9 1486714611.739
11 10 1025631010.966
