132
0 1 540124252.304
0 2 263915054.975
0 3 505577542.103
0 4 811152249.455
0 5 446148521.982
0 6 165367694.060
0 7 483340200.049
0 8 365850847.048
0 9 306835015.296
0 10 556738354.795
0 11 342988337.934
1 0 465322435.380
1 2 1738665417.981
1 3 717797250.443
1 4 1638928207.725
1 5 1767865600.449
1 6 2354344209.303
1 7 367354826.926
1 8 610729059.158
1 9 1082763001.059
1 10 516151861.186
1 11 726589254.122
2 0 68080863.043
2 1 971225064.530
2 3 964151386.468
2 4 1133267974.276
2 5 1045872519.679
2 6 1421127283.614
2 7 270514063.027
2 8 231947002.240
2 9 771181162.937
2 10 781063201.847
2 11 883846619.470
3 0 395490198.877
3 1 2621469933.371
3 2 918454588.174
3 4 1068775876.701
3 5 1130230383.079
3 6 860553852.084
3 7 716513957.641
3 8 664221170.459
3 9 2390316908.838
3 10 1752241094.311
3 11 531233966.881
4 0 610733398.386
4 1 454510943.050
4 2 1455907180.049
4 3 1405573538.992
4 5 1917427734.843
4 6 1055509568.206
4 7 345510627.564
4 8 823409778.597
4 9 371317467.592
4 10 1236735632.953
4 11 447762727.673
5 0 178673848.145
5 1 1111553549.153
5 2 549987275.586
5 3 1192302214.937
5 4 460858129.373
5 6 1455713987.282
5 7 355387657.618
5 8 1206396477.953
5 9 1592697518.748
5 10 527070399.649
5 11 1275558619.551
6 0 436742890.938
6 1 2652699780.791
6 2 1556826515.246
6 3 1460037206.506
6 4 1176350484.616
6 5 504048057.972
6 7 1726769397.876
6 8 1669020936.181
6 9 1088065779.008
6 10 1037177519.476
6 11 255854847.659
7 0 96211814.626
7 1 949214417.117
7 2 659302327.159
7 3 479454291.226
7 4 990697435.151
7 5 573661935.885
7 6 1549974202.255
7 8 998698295.145
7 9 1195817999.254
7 10 843094344.859
7 11 850353359.587
8 0 318323965.499
8 1 1408731600.518
8 2 929214968.040
8 3 1043879142.294
8 4 716254826.247
8 5 974247216.586
8 6 875520150.875
8 7 511938320.572
8 9 1393580523.949
8 10 814623187.461
8 11 613240721.429
9 0 650087365.058
9 1 2656375805.671
9 2 733097105.821
9 3 2146003524.380
9 4 344805302.013
9 5 273122458.452
9 6 1322089729.757
9 7 906684761.464
9 8 856865369.804
9 10 569234275.821
9 11 1010837571.599
10 0 98760454.824
10 1 556659801.252
10 2 995959622.898
10 3 1407775554.782
10 4 1334737557.941
10 5 807090135.716
10 6 1683673603.925
10 7 629263824.305
10 8 908726699.257
10 9 1273660316.302
10 11 915613140.974
11 0 252881511.409
11 1 246753711.646
11 2 1069914603.471
11 3 1168176215.211
11 4 360856084.111
11 5 946338406.004
11 6 1402860737.024
11 7 957806296.613
11 8 599004692.007
11 9 1733159163.047
11 10 1062973101.017
