132
0 1 405947916.547
0 2 67427840.732
0 3 633810436.890
0 4 313168496.970
0 5 235581908.368
0 6 766465203.855
0 7 189296589.804
0 8 84689154.408
0 9 517449406.433
0 10 98825403.527
0 11 289867819.222
1 0 314593899.878
1 2 1161156636.923
1 3 2730053305.925
1 4 579611198.003
1 5 1452984127.491
1 6 362574758.590
1 7 606960652.984
1 8 771632903.064
1 9 327873461.374
1 10 1717876857.389
1 11 941041784.528
2 0 164732066.383
2 1 350971230.515
2 3 1171608321.698
2 4 272146348.533
2 5 157509602.096
2 6 1450505236.940
2 7 751496397.118
2 8 667765380.813
2 9 548498627.487
2 10 1006870505.166
2 11 710834620.815
3 0 184586557.124
3 1 359642474.684
3 2 275308956.451
3 4 2393767862.038
3 5 1742414871.130
3 6 1594527627.835
3 7 968972961.029
3 8 1365787499.254
3 9 1614496523.177
3 10 1072809993.770
3 11 1244545742.146
4 0 709969607.547
4 1 1419693407.109
4 2 1628299096.974
4 3 323790889.109
4 5 902058378.845
4 6 1848777167.390
4 7 1261602590.299
4 8 203757041.608
4 9 1223328016.490
4 10 1617668496.331
4 11 1088911216.518
5 0 171791000.756
5 1 510325447.895
5 2 270711629.379
5 3 1921829874.123
5 4 396757575.406
5 6 453187131.390
5 7 347604423.218
5 8 844058855.524
5 9 427570891.824
5 10 869176809.928
5 11 708055403.031
6 0 882276242.109
6 1 1628208551.919
6 2 517151663.640
6 3 2517212118.662
6 4 1577199181.785
6 5 878536773.181
6 7 1666972811.014
6 8 659703953.571
6 9 1371862104.463
6 10 547769177.049
6 11 817446058.093
7 0 93093741.249
7 1 1023366403.214
7 2 162508662.206
7 3 685455863.930
7 4 1545890766.759
7 5 250711243.150
7 6 1709467578.629
7 8 443824175.393
7 9 362447923.643
7 10 301105228.561
7 11 655484739.008
8 0 515722641.456
8 1 741939446.126
8 2 423783173.339
8 3 1368800366.228
8 4 394000353.732
8 5 923995379.958
8 6 434295675.221
8 7 611626828.662
8 9 1459311994.941
8 10 843259922.342
8 11 1037172256.471
9 0 703380857.703
9 1 1872314236.301
9 2 573908998.528
9 3 348754908.499
9 4 387316504.494
9 5 777375730.468
9 6 589056641.530
9 7 1620773685.688
9 8 220690075.946
9 10 469940556.679
9 11 385377386.881
10 0 513485832.892
10 1 1784584475.775
10 2 175226727.118
10 3 1225237087.627
10 4 1086884697.169
10 5 229759368.482
10 6 609029127.255
10 7 278107896.089
10 8 914417575.062
10 9 751151618.846
10 11 267883579.579
11 0 269670824.632
11 1 1118209569.647
11 2 1041521563.509
11 3 263748418.915
11 4 681173395.950
11 5 1075825608.453
11 6 542830247.248
11 7 194254128.702
11 8 906700407.288
11 9 265106689.122
11 10 274107554.011
