132
0 1 389752042.134
0 2 267389337.556
0 3 678633926.050
0 4 755729984.426
0 5 299750902.597
0 6 748445252.522
0 7 337496934.778
0 8 113020813.683
0 9 286319640.484
0 10 309794735.058
0 11 118755202.185
1 0 210085261.819
1 2 1431405293.430
1 3 344316767.412
1 4 1272796656.865
1 5 969419437.506
1 6 998264409.737
1 7 1383209516.422
1 8 1176098597.676
1 9 571602835.095
1 10 1286519029.994
1 11 1403908021.417
2 0 299353123.725
2 1 1311255367.139
2 3 881798293.938
2 4 454749257.553
2 5 1174377214.077
2 6 561259863.549
2 7 1023667400.079
2 8 994606090.315
2 9 245022543.325
2 10 864929478.095
2 11 1141666422.945
3 0 881439868.489
3 1 1347382658.398
3 2 1551834829.776
3 4 1807386766.275
3 5 1386317799.189
3 6 565869155.959
3 7 1767858498.761
3 8 292028006.633
3 9 1828482208.098
3 10 1438924782.188
3 11 1031211182.433
4 0 99052305.808
4 1 2366029384.814
4 2 204215290.140
4 3 1105915726.175
4 5 881922264.395
4 6 2368529785.569
4 7 360341758.164
4 8 1251508985.210
4 9 1409622193.071
4 10 1114221548.913
4 11 559499656.509
5 0 165998572.989
5 1 1145808935.816
5 2 1236645533.462
5 3 992536027.841
5 4 1477792253.779
5 6 1888153933.879
5 7 197555637.675
5 8 254853849.131
5 9 422936521.168
5 10 546192188.325
5 11 246768190.264
6 0 636721827.905
6 1 2607246003.582
6 2 1193189289.751
6 3 2560718085.797
6 4 938247686.078
6 5 262660081.570
6 7 486792473.427
6 8 629655108.514
6 9 2232015677.205
6 10 1179056514.918
6 11 417521800.821
7 0 481155441.719
7 1 1196195988.215
7 2 610819720.019
7 3 210564541.784
7 4 1099326337.249
7 5 1178407692.338
7 6 1537794352.693
7 8 471991888.174
7 9 681766575.062
7 10 381163708.693
7 11 347161851.395
8 0 474412774.578
8 1 378446431.086
8 2 379530771.042
8 3 867952852.020
8 4 350187374.825
8 5 533436226.524
8 6 923854362.256
8 7 941962024.547
8 9 1351936574.869
8 10 605646176.847
8 11 1049459588.726
9 0 129331578.244
9 1 2759993737.978
9 2 676187088.273
9 3 2064244325.114
9 4 1116516164.873
9 5 1724422635.720
9 6 2384529420.801
9 7 1445444354.813
9 8 1659380269.683
9 10 1595422672.252
9 11 1157688602.900
10 0 232346169.932
10 1 1624027047.717
10 2 547624662.428
10 3 1594527464.641
10 4 1665790681.629
10 5 955532039.501
10 6 400366864.406
10 7 132279440.668
10 8 1011731454.204
10 9 1052562106.045
10 11 837740045.963
11 0 522686916.566
11 1 1304240565.781
11 2 812863827.953
11 3 1407041692.747
11 4 814769185.946
11 5 757823906.924
11 6 1632894932.921
11 7 267695126.613
11 8 643032188.385
11 9 1588325803.155
11 10 1161653387.501
