132
0 1 547639910.431
0 2 202273155.073
0 3 656736838.452
0 4 737305195.275
0 5 473071523.295
0 6 191256280.503
0 7 160775877.330
0 8 130645504.628
0 9 136665761.418
0 10 107855533.393
0 11 315133479.178
1 0 558152460.324
1 2 429553856.650
1 3 436431838.626
1 4 2498544326.521
1 5 1026277705.917
1 6 2213367074.316
1 7 1609679464.746
1 8 1037421105.469
1 9 1992074032.983
1 10 891035220.516
1 11 1409610836.976
2 0 566610616.531
2 1 1053822375.941
2 3 649910076.318
2 4 547812850.656
2 5 1184785263.445
2 6 1620756183.491
2 7 241611262.605
2 8 173630928.281
2 9 1325893430.512
2 10 899264216.805
2 11 533008872.837
3 0 798799298.643
3 1 2736080278.547
3 2 269428642.034
3 4 1042098378.353
3 5 1798058376.627
3 6 598597577.333
3 7 1294706826.687
3 8 298415969.439
3 9 1779716952.537
3 10 1325685612.934
3 11 1280664452.802
4 0 425836754.675
4 1 734249023.989
4 2 1118415573.770
4 3 566978423.387
4 5 418270755.460
4 6 1655111310.045
4 7 283011024.805
4 8 589418672.430
4 9 2476001710.537
4 10 537168930.139
4 11 1606847870.640
5 0 214191167.413
5 1 1979652499.726
5 2 775829443.891
5 3 971951160.479
5 4 573396495.801
5 6 398280526.341
5 7 747552351.753
5 8 1175891678.980
5 9 1017153557.179
5 10 492471497.988
5 11 177162404.112
6 0 584531401.892
6 1 963710624.691
6 2 1273836207.746
6 3 1286027018.640
6 4 2132097491.784
6 5 1048295129.687
6 7 1554687811.262
6 8 495091046.718
6 9 2441966345.713
6 10 1347381704.949
6 11 796079483.147
7 0 528764635.399
7 1 650403055.330
7 2 382306464.508
7 3 825306882.873
7 4 1217040338.991
7 5 462175817.032
7 6 970655117.639
7 8 1028226235.416
7 9 1443169712.828
7 10 460864760.384
7 11 290559512.850
8 0 588971989.922
8 1 431123256.789
8 2 824887821.657
8 3 1527867516.222
8 4 1520282768.590
8 5 1040881391.766
8 6 1366940147.519
8 7 900245933.066
8 9 200272076.394
8 10 976449094.367
8 11 154158819.535
9 0 245049887.611
9 1 2744049849.758
9 2 861519228.342
9 3 610843037.847
9 4 1523918305.754
9 5 844915040.836
9 6 2427384871.504
9 7 1483146031.651
9 8 1354280741.500
9 10 1390975831.291
9 11 306006490.517
10 0 165027515.885
10 1 1513987085.223
10 2 580614304.837
10 3 414813252.501
10 4 1506738648.522
10 5 449361349.713
10 6 1047483279.591
10 7 463621976.582
10 8 889298632.166
10 9 949324152.569
10 11 1098608029.545
11 0 317136791.516
11 1 767108923.949
11 2 786274859.013
11 3 864082365.859
11 4 1550306305.428
11 5 1033909709.209
11 6 1199054964.104
11 7 478076295.116
11 8 860999731.058
11 9 305399952.876
11 10 411178347.511
