132
0 1 215865345.308
0 2 472334319.401
0 3 247223643.859
0 4 254567300.525
0 5 351247103.306
0 6 684240023.397
0 7 192103848.242
0 8 457988373.766
0 9 250917756.585
0 10 143974650.900
0 11 443177262.981
1 0 734365003.373
1 2 1733990345.605
1 3 1270587841.320
1 4 844951294.846
1 5 614282490.783
1 6 432624228.188
1 7 1053714222.939
1 8 1026317864.437
1 9 2567827604.084
1 10 1684579068.081
1 11 1782760317.837
2 0 351084855.823
2 1 1908472857.706
2 3 731490235.992
2 4 969768163.933
2 5 1259025795.388
2 6 740817280.593
2 7 1002844848.920
2 8 992598023.312
2 9 1438665286.984
2 10 489915493.031
2 11 1130631731.297
3 0 415728191.032
3 1 1186970511.497
3 2 1721623003.582
3 4 2002509093.552
3 5 1911578441.587
3 6 1619520385.163
3 7 783821634.684
3 8 461934793.656
3 9 596246348.915
3 10 605877971.567
3 11 563014456.324
4 0 159310630.707
4 1 2729002933.018
4 2 933971071.573
4 3 521953037.494
4 5 1658999362.520
4 6 1759991346.309
4 7 1298120085.963
4 8 1156125437.977
4 9 2151207477.409
4 10 482625556.094
4 11 271434092.141
5 0 548030000.163
5 1 494669342.502
5 2 449963554.795
5 3 1074056085.570
5 4 306750488.441
5 6 1831825674.590
5 7 532016053.854
5 8 600595257.686
5 9 736546855.909
5 10 1244561735.676
5 11 1114954459.936
6 0 671626006.377
6 1 2009752371.414
6 2 306488582.319
6 3 1135750579.070
6 4 2394069718.217
6 5 1981455999.263
6 7 1197934816.293
6 8 235168469.577
6 9 1506884862.656
6 10 532528820.968
6 11 1163571022.457
7 0 453879532.161
7 1 1758228010.025
7 2 218859572.671
7 3 209064139.252
7 4 740628735.263
7 5 803940015.666
7 6 417122675.230
7 8 191007538.685
7 9 1535649556.631
7 10 934972922.119
7 11 670135840.577
8 0 450030933.205
8 1 1810116915.000
8 2 412882368.058
8 3 517561911.863
8 4 1171314368.263
8 5 227166895.246
8 6 1287950961.971
8 7 980744604.291
8 9 638974550.035
8 10 266066027.784
8 11 421015034.490
9 0 282124532.333
9 1 1490787725.506
9 2 1226016766.295
9 3 580486109.625
9 4 2548846733.363
9 5 264095241.640
9 6 1083027027.959
9 7 1434323069.333
9 8 585857257.699
9 10 253331218.062
9 11 931568783.694
10 0 132787003.294
10 1 479475562.906
10 2 1156266348.570
10 3 1341405653.253
10 4 1603746575.431
10 5 1165549509.044
10 6 829919057.627
10 7 626348171.596
10 8 555915084.044
10 9 665586088.054
10 11 838426501.674
11 0 104258926.595
11 1 1174240403.223
11 2 156015501.231
11 3 742508236.081
11 4 279550500.438
11 5 517082861.145
11 6 1502969560.061
11 7 1159286909.947
11 8 315155018.868
11 9 1210306136.667
11 10 585712579.689
