132
0 1 956108916.422
0 2 553433088.083
0 3 289470193.382
0 4 399099646.611
0 5 322535786.456
0 6 297949472.950
0 7 469152656.526
0 8 385642703.960
0 9 294134651.454
0 10 135941913.126
0 11 420856561.977
1 0 168800115.620
1 2 1513107403.489
1 3 1524053848.103
1 4 1088811765.472
1 5 1306947584.357
1 6 921060365.864
1 7 401908258.478
1 8 730773438.416
1 9 2726691700.679
1 10 624167083.960
1 11 1440506318.658
2 0 272203092.536
2 1 661804886.424
2 3 1107470965.820
2 4 374272699.822
2 5 850922938.238
2 6 1671430587.174
2 7 886101484.875
2 8 758165132.362
2 9 1692057744.240
2 10 658033192.698
2 11 262043703.550
3 0 537455656.562
3 1 839551975.227
3 2 1119966984.031
3 4 1231734059.275
3 5 1753684395.919
3 6 2022335676.019
3 7 1155323404.374
3 8 779858633.077
3 9 746478076.720
3 10 699821056.296
3 11 396724424.458
4 0 290247976.093
4 1 1745058949.990
4 2 1214219600.329
4 3 1310180175.821
4 5 1442740097.263
4 6 1490136533.765
4 7 1709300396.307
4 8 345727533.967
4 9 2169149682.042
4 10 757643096.335
4 11 1073915750.494
5 0 243051244.385
5 1 1567415028.677
5 2 872700568.366
5 3 1856843209.485
5 4 707868926.468
5 6 1835426456.170
5 7 735909463.466
5 8 960672051.308
5 9 1557210068.555
5 10 995124635.682
5 11 616506624.710
6 0 586714285.449
6 1 1254394424.830
6 2 476181091.912
6 3 1546458973.764
6 4 2489970954.229
6 5 1205905985.155
6 7 713878684.868
6 8 1496110887.941
6 9 1683300491.878
6 10 1707211963.954
6 11 809585792.664
7 0 365142953.681
7 1 1064085879.809
7 2 724608415.860
7 3 952042221.954
7 4 1172214548.124
7 5 1014304497.772
7 6 485320131.719
7 8 426107391.476
7 9 1431091528.079
7 10 468377642.783
7 11 326823835.390
8 0 301030398.980
8 1 607626662.876
8 2 435970749.555
8 3 1626435291.303
8 4 352822519.007
8 5 1181186191.513
8 6 937515636.395
8 7 859522594.627
8 9 1293840039.224
8 10 738269373.967
8 11 677453118.691
9 0 365050107.515
9 1 522344790.283
9 2 1715871881.841
9 3 2006567391.443
9 4 965140347.167
9 5 1123893426.230
9 6 855497538.331
9 7 704491218.491
9 8 682938010.461
9 10 360989652.717
9 11 748643113.149
10 0 99743220.072
10 1 518496076.480
10 2 449473883.809
10 3 1118358971.022
10 4 534858929.134
10 5 148716653.052
10 6 533527729.462
10 7 750686426.136
10 8 1013508778.920
10 9 322749721.911
10 11 393496003.624
11 0 569352893.470
11 1 1126613392.601
11 2 414289756.810
11 3 260875416.874
11 4 672780216.294
11 5 224829758.725
11 6 811700765.767
11 7 215516918.030
11 8 897416267.035
11 9 1144695532.862
11 10 936010295.741
