132
0 1 358202176.147
0 2 178712289.373
0 3 708183753.602
0 4 407709001.728
0 5 657516629.783
0 6 556208282.634
0 7 153810117.647
0 8 523388857.526
0 9 394778552.806
0 10 388927910.705
0 11 193764963.456
1 0 328820374.024
1 2 682479626.995
1 3 2064280939.593
1 4 2354219963.204
1 5 383333516.107
1 6 1292567137.790
1 7 1025208695.156
1 8 439886958.538
1 9 1249346971.786
1 10 1761524208.910
1 11 428880043.055
2 0 537831589.241
2 1 1675636854.445
2 3 1290793487.236
2 4 836218133.648
2 5 1284982045.345
2 6 315033655.939
2 7 701247694.685
2 8 228999431.065
2 9 1438165298.876
2 10 739112399.043
2 11 861196148.187
3 0 614208343.690
3 1 1867278010.159
3 2 1487605938.343
3 4 1828753244.875
3 5 1963864849.556
3 6 2403053556.027
3 7 1145681121.455
3 8 483871828.152
3 9 1524684407.648
3 10 776699591.762
3 11 1363025509.174
4 0 848376606.807
4 1 1197954476.450
4 2 1148036221.350
4 3 989889176.907
4 5 429897625.531
4 6 611715415.307
4 7 1334709594.738
4 8 1387993324.709
4 9 414738730.705
4 10 442609731.503
4 11 641368197.181
5 0 364179804.040
5 1 1819957295.781
5 2 778029447.115
5 3 733936215.253
5 4 1829613167.689
5 6 723469490.325
5 7 522892834.676
5 8 573879709.568
5 9 1034852076.460
5 10 1082616257.115
5 11 1292243920.332
6 0 349827306.196
6 1 1172846127.412
6 2 799546429.306
6 3 2312381398.204
6 4 1812852809.681
6 5 1749956781.509
6 7 1147331135.754
6 8 1176571974.947
6 9 2567371727.007
6 10 681020419.397
6 11 837829196.319
7 0 143594357.524
7 1 1693017768.993
7 2 916250907.885
7 3 948471076.104
7 4 1331181089.868
7 5 171682492.023
7 6 750245026.490
7 8 513737119.470
7 9 896900806.431
7 10 388354723.420
7 11 178839396.870
8 0 528137559.163
8 1 1666513784.938
8 2 873488130.008
8 3 500215217.208
8 4 224213346.875
8 5 1216202541.309
8 6 1242019447.936
8 7 799076960.397
8 9 794086493.697
8 10 1111164814.634
8 11 1074779580.826
9 0 602718624.468
9 1 1603017446.492
9 2 643582043.401
9 3 2480329938.298
9 4 2197628767.860
9 5 638830231.072
9 6 1698230651.673
9 7 607537023.823
9 8 1398386450.409
9 10 1595685890.625
9 11 830523983.678
10 0 467475238.640
10 1 1404241898.829
10 2 1044903046.645
10 3 563114246.058
10 4 1705642135.521
10 5 693528053.042
10 6 701930736.056
10 7 771820190.914
10 8 1097434888.994
10 9 1391262523.470
10 11 252671538.394
11 0 198130118.749
11 1 890696020.682
11 2 1109427184.688
11 3 1227441162.677
11 4 1683297174.202
11 5 653472285.000
11 6 747700259.119
11 7 966633199.278
11 8 245527458.314
11 9 347928985.211
11 10 644244261.794
