132
0 1 868102057.625
0 2 245914724.286
0 3 205963579.881
0 4 461287235.595
0 5 427246834.279
0 6 717735008.082
0 7 485078440.079
0 8 169464646.413
0 9 696236634.332
0 10 162435574.897
0 11 238241428.195
1 0 750071469.295
1 2 1179035515.644
1 3 636226010.243
1 4 2530431613.952
1 5 1599312497.170
1 6 1411098964.769
1 7 839384080.810
1 8 825968863.169
1 9 1758765791.609
1 10 768569167.924
1 11 337550124.892
2 0 423246584.934
2 1 428608479.806
2 3 1399903693.311
2 4 838195844.141
2 5 518825534.686
2 6 591386795.600
2 7 319291777.566
2 8 460677259.150
2 9 859344012.119
2 10 215250991.940
2 11 946560901.248
3 0 739165672.530
3 1 1437061231.106
3 2 242025892.426
3 4 1768662974.216
3 5 1895738261.058
3 6 1922090136.688
3 7 1607192788.037
3 8 542342108.656
3 9 507073285.988
3 10 872560386.137
3 11 1655924083.123
4 0 383159489.716
4 1 2164325681.719
4 2 941897478.117
4 3 1593547578.912
4 5 1645693917.285
4 6 1116003230.808
4 7 953420041.023
4 8 1269465807.886
4 9 383106650.457
4 10 1413059857.854
4 11 459143384.990
5 0 156063277.450
5 1 599468868.189
5 2 1294820295.714
5 3 820392871.660
5 4 277542577.018
5 6 471993824.925
5 7 719087402.582
5 8 1285379251.652
5 9 503244933.544
5 10 393905996.867
5 11 207648509.894
6 0 378855753.617
6 1 1631817489.334
6 2 1063039763.752
6 3 559929811.294
6 4 1259736595.150
6 5 818733377.071
6 7 1159493127.950
6 8 898837014.365
6 9 2426552212.911
6 10 1184793861.090
6 11 1568645083.833
7 0 383828860.196
7 1 631024402.169
7 2 435145987.904
7 3 1431866304.556
7 4 269142414.046
7 5 760197105.316
7 6 712559067.600
7 8 620891390.030
7 9 468375285.299
7 10 341249195.725
7 11 696997683.790
8 0 144691364.696
8 1 1166823500.266
8 2 162281569.519
8 3 1602955860.595
8 4 769927954.880
8 5 1085152507.080
8 6 1004149940.804
8 7 1126585850.966
8 9 1707504609.837
8 10 174386047.811
8 11 685265471.664
9 0 440715015.925
9 1 2397133615.047
9 2 1188387787.159
9 3 1977738646.439
9 4 1560073327.029
9 5 1513715213.284
9 6 1002464158.796
9 7 429008893.570
9 8 1039858612.080
9 10 928872919.470
9 11 1018940355.312
10 0 451563894.346
10 1 1349659741.021
10 2 1127250967.965
10 3 1398562265.306
10 4 319168545.898
10 5 1092699972.286
10 6 703736267.089
10 7 671101075.874
10 8 804899936.862
10 9 444787619.150
10 11 135992752.833
11 0 256462707.168
11 1 1067311995.433
11 2 1000285525.565
11 3 1395304074.971
11 4 534787893.511
11 5 988018488.359
11 6 263987610.916
11 7 1025461950.624
11 8 224729946.684
11 9 1507574070.214
11 10 219311357.188
