132
0 1 525790349.774
0 2 583322329.323
0 3 343609872.089
0 4 404131713.332
0 5 492819896.579
0 6 435569756.707
0 7 464554714.116
0 8 485896831.450
0 9 826789594.739
0 10 413437688.673
0 11 333665378.050
1 0 443157192.607
1 2 1376192473.524
1 3 2433192927.887
1 4 2589735713.182
1 5 906697332.168
1 6 1603656904.166
1 7 1729061643.294
1 8 1035971316.480
1 9 2618451651.411
1 10 1708855242.081
1 11 326044616.868
2 0 144679044.820
2 1 969175845.790
2 3 1213357925.807
2 4 474183568.115
2 5 1028979956.209
2 6 1725145537.059
2 7 183748157.416
2 8 315170195.849
2 9 930961777.590
2 10 815682161.932
2 11 545357864.090
3 0 725197914.651
3 1 2668164725.124
3 2 490978451.990
3 4 1209009954.420
3 5 379415021.910
3 6 610297131.908
3 7 314265994.139
3 8 1198094828.950
3 9 1817684469.550
3 10 795288263.090
3 11 253985155.258
4 0 555989745.456
4 1 1145667301.491
4 2 838081996.949
4 3 2023295778.931
4 5 1078360470.691
4 6 2358086954.263
4 7 1072496026.429
4 8 234238587.327
4 9 2469526961.809
4 10 748620322.438
4 11 932213591.396
5 0 181624833.209
5 1 1427002165.972
5 2 533216060.250
5 3 1754700349.149
5 4 634646623.505
5 6 440717826.366
5 7 564883028.642
5 8 1115864041.395
5 9 995055583.229
5 10 466685346.214
5 11 250476721.199
6 0 628966064.826
6 1 2048777700.073
6 2 1759588988.252
6 3 1539502472.404
6 4 329459331.294
6 5 1090584975.376
6 7 917036046.271
6 8 230925329.434
6 9 470936373.322
6 10 678942486.769
6 11 724168605.392
7 0 276651065.328
7 1 971818788.207
7 2 381707274.893
7 3 664235690.525
7 4 353826690.523
7 5 302833733.546
7 6 950174673.453
7 8 481675803.592
7 9 1571036261.681
7 10 467661573.354
7 11 872852757.628
8 0 84422135.199
8 1 1768614582.166
8 2 672083421.591
8 3 1715925837.857
8 4 276021543.005
8 5 276652183.978
8 6 487277366.299
8 7 229586046.729
8 9 409498904.393
8 10 298048004.815
8 11 1097375384.854
9 0 98425895.219
9 1 1740911542.545
9 2 635200182.349
9 3 2594219538.207
9 4 569049242.886
9 5 1428783089.346
9 6 1675953477.433
9 7 823480252.611
9 8 788465735.985
9 10 1021897863.365
9 11 913611115.276
10 0 148247855.719
10 1 1767906569.805
10 2 1083743040.335
10 3 1071324413.067
10 4 916156328.873
10 5 282543988.588
10 6 495067798.797
10 7 678635970.500
10 8 359064839.976
10 9 1683764535.767
10 11 217819237.943
11 0 158659321.568
11 1 941531754.661
11 2 270976770.470
11 3 387622908.808
11 4 1537253230.909
11 5 493879601.835
11 6 1394730084.514
11 7 655787034.803
11 8 179012433.325
11 9 1028547080.835
11 10 556407106.936
