132
0 1 411436890.322
0 2 421278353.445
0 3 356339538.342
0 4 384057906.226
0 5 323884476.357
0 6 478460902.127
0 7 278504576.017
0 8 524140794.782
0 9 861594179.422
0 10 539001477.209
0 11 496881964.533
1 0 375472935.239
1 2 973730060.307
1 3 2228190313.342
1 4 879957068.253
1 5 772142155.458
1 6 657128167.154
1 7 986341785.273
1 8 493432634.544
1 9 1441936938.147
1 10 1789193626.879
1 11 1039829293.709
2 0 122609654.030
2 1 1027555136.114
2 3 1571858083.576
2 4 939571688.833
2 5 606343811.847
2 6 627934833.088
2 7 1138770137.668
2 8 426594346.403
2 9 347571692.624
2 10 350157955.346
2 11 389100853.709
3 0 713900435.771
3 1 440545713.963
3 2 492994821.503
3 4 501823920.081
3 5 1441543744.722
3 6 1151678947.682
3 7 1676384383.794
3 8 429893845.707
3 9 2600548482.020
3 10 1467001107.344
3 11 198483928.089
4 0 453394810.192
4 1 1080550949.664
4 2 1763597270.277
4 3 1964198285.282
4 5 388193335.187
4 6 1421996352.018
4 7 1335352756.718
4 8 1623216096.802
4 9 409700306.829
4 10 1649241090.186
4 11 1152929571.164
5 0 198556118.674
5 1 1860237407.846
5 2 312623680.479
5 3 1382855584.281
5 4 1793337869.216
5 6 1476650445.929
5 7 280589402.333
5 8 537709247.946
5 9 232129015.309
5 10 450950594.103
5 11 1036759157.391
6 0 687954322.205
6 1 2139101206.478
6 2 854108616.838
6 3 981303851.012
6 4 1894475828.824
6 5 1145568704.759
6 7 1421390501.669
6 8 1198091112.209
6 9 1057695448.453
6 10 853238530.441
6 11 1543247531.543
7 0 166169078.952
7 1 1341463733.328
7 2 584979965.867
7 3 1437405236.244
7 4 206050208.568
7 5 1299469008.670
7 6 847129630.733
7 8 972169409.828
7 9 1417157250.608
7 10 269925237.873
7 11 184459498.173
8 0 418679434.346
8 1 951154269.758
8 2 997482210.482
8 3 1305591989.753
8 4 490501486.182
8 5 1069190566.178
8 6 800680031.785
8 7 660374495.026
8 9 1733104364.208
8 10 1059256619.073
8 11 866192358.079
9 0 777091997.008
9 1 542934797.442
9 2 788954707.343
9 3 2398739876.718
9 4 2619719200.013
9 5 512435057.506
9 6 2574542879.522
9 7 593053470.330
9 8 411020196.050
9 10 936314293.349
9 11 733362599.816
10 0 157242276.677
10 1 1810718497.280
10 2 322383327.442
10 3 1199098728.637
10 4 944290545.378
10 5 276888115.218
10 6 867063022.689
10 7 1082394673.765
10 8 479883186.063
10 9 846850698.487
10 11 688851138.438
11 0 242985019.598
11 1 1062043817.959
11 2 1098736291.732
11 3 1175054340.314
11 4 1047243013.785
11 5 231000593.702
11 6 577886462.379
11 7 467974281.629
11 8 219415703.863
11 9 1378112699.772
11 10 797519345.313
