132
0 1 845061339.299
0 2 317624255.506
0 3 170737326.653
0 4 555489230.114
0 5 560326665.268
0 6 576556234.271
0 7 401278507.003
0 8 121552148.351
0 9 822988779.977
0 10 274056738.263
0 11 373635311.252
1 0 452636836.348
1 2 534995946.837
1 3 855242109.163
1 4 2679217120.011
1 5 1002022316.390
1 6 2411244585.809
1 7 1042308414.380
1 8 853164595.852
1 9 347644623.387
1 10 1551957268.982
1 11 611789768.875
2 0 125999873.814
2 1 1621565834.861
2 3 1509649774.421
2 4 542148951.038
2 5 453554386.406
2 6 1167725594.332
2 7 1003412036.471
2 8 957629597.754
2 9 1555382461.860
2 10 563643015.506
2 11 676367986.757
3 0 525304138.556
3 1 2853228134.696
3 2 977087374.259
3 4 1804059676.748
3 5 1697948006.931
3 6 2243306302.507
3 7 865600008.221
3 8 827961812.409
3 9 1682948719.151
3 10 1072046276.611
3 11 667622904.594
4 0 193091830.713
4 1 2201644477.349
4 2 1148513154.930
4 3 2631004553.109
4 5 695682609.418
4 6 1190346291.017
4 7 634632709.965
4 8 818028136.462
4 9 1006477639.697
4 10 912433162.408
4 11 1497234347.007
5 0 316047827.577
5 1 2011659809.018
5 2 519872224.899
5 3 802318503.721
5 4 1413598409.790
5 6 1646738725.530
5 7 371542078.291
5 8 728143942.708
5 9 802508821.688
5 10 805100896.421
5 11 466823439.293
6 0 347824433.453
6 1 595283881.680
6 2 666012817.225
6 3 406252770.844
6 4 2528408585.162
6 5 1784033614.934
6 7 322715918.620
6 8 1547431640.599
6 9 1085801995.353
6 10 1168388629.283
6 11 1276050934.925
7 0 569514823.000
7 1 1342914424.276
7 2 1006011202.426
7 3 1182153497.289
7 4 1318730836.404
7 5 1187497763.445
7 6 928465056.745
7 8 153670773.378
7 9 1458262631.329
7 10 194059019.833
7 11 573408416.680
8 0 390587962.925
8 1 426903918.723
8 2 580455414.354
8 3 465790136.083
8 4 1120029212.149
8 5 225002061.559
8 6 1411976740.591
8 7 190761952.291
8 9 1465664906.308
8 10 195933469.362
8 11 338157369.931
9 0 211387326.130
9 1 1181278471.552
9 2 921351317.529
9 3 905556100.840
9 4 677947080.229
9 5 957067401.676
9 6 301665206.049
9 7 332473962.440
9 8 804819763.796
9 10 318189543.261
9 11 539600219.303
10 0 284402996.514
10 1 1793879866.863
10 2 131337548.302
10 3 1510357879.307
10 4 409177835.229
10 5 674328078.752
10 6 748291195.177
10 7 186207742.685
10 8 268555278.362
10 9 543465070.551
10 11 133035373.578
11 0 443005221.141
11 1 1409216302.202
11 2 358374780.980
11 3 1733743439.658
11 4 573327544.210
11 5 389105606.249
11 6 303383587.156
11 7 925454260.963
11 8 675429571.770
11 9 345120591.876
11 10 347153779.706
