132
0 1 791635687.803
0 2 159340582.365
0 3 261681541.715
0 4 134693038.651
0 5 388207055.682
0 6 138999779.411
0 7 153276200.566
0 8 403340164.761
0 9 406148375.356
0 10 281929544.048
0 11 325595256.984
1 0 610195072.824
1 2 1057410435.122
1 3 2563204199.232
1 4 2371326872.371
1 5 1601370242.709
1 6 1163828745.178
1 7 979660425.974
1 8 982766732.753
1 9 1894777785.367
1 10 682190724.020
1 11 632826250.635
2 0 314097549.091
2 1 1867168370.147
2 3 1023476634.785
2 4 1260637378.236
2 5 457358209.741
2 6 694214677.998
2 7 1105743734.124
2 8 996516827.299
2 9 847206337.001
2 10 410706394.178
2 11 546253124.713
3 0 194858409.045
3 1 1556592870.172
3 2 928107432.040
3 4 1537932838.444
3 5 1603625708.703
3 6 1423105387.730
3 7 799896953.041
3 8 484093319.521
3 9 1015460085.342
3 10 1123555803.166
3 11 1378891110.137
4 0 462809221.067
4 1 2518971570.618
4 2 951787825.501
4 3 449451154.653
4 5 1528121972.086
4 6 2276187193.015
4 7 446614717.517
4 8 735790979.590
4 9 822665406.836
4 10 1042216535.045
4 11 559217460.124
5 0 493546355.631
5 1 530387172.414
5 2 296153292.502
5 3 1262583877.524
5 4 242076792.168
5 6 1711119555.064
5 7 308386347.632
5 8 330532078.338
5 9 1154065810.852
5 10 739152414.590
5 11 338565542.303
6 0 153423692.780
6 1 558594202.826
6 2 1275835197.048
6 3 1767374533.244
6 4 2095480675.799
6 5 1078854306.908
6 7 638092247.239
6 8 1056778292.873
6 9 2621679189.677
6 10 359415152.206
6 11 1203094185.704
7 0 284088597.691
7 1 1116846164.961
7 2 917723493.756
7 3 211892441.592
7 4 722385242.590
7 5 1082335959.406
7 6 1457464427.301
7 8 378719587.179
7 9 329801907.511
7 10 767499133.654
7 11 1017287122.138
8 0 368388416.619
8 1 1262061680.779
8 2 979926321.855
8 3 210670516.405
8 4 1207346513.709
8 5 857333258.497
8 6 1317047248.365
8 7 736758333.650
8 9 347870933.617
8 10 756018056.356
8 11 520090665.573
9 0 563353924.896
9 1 1141310073.625
9 2 508307481.146
9 3 2226314887.979
9 4 923959287.092
9 5 1813463150.861
9 6 2111927728.801
9 7 1104400882.120
9 8 1181585591.745
9 10 1273443170.930
9 11 1364804731.605
10 0 102486361.173
10 1 1200937950.255
10 2 983210190.369
10 3 1356961173.556
10 4 1208695125.923
10 5 1080458609.861
10 6 1344237300.800
10 7 752134905.347
10 8 719344672.221
10 9 1302091635.294
10 11 808629560.517
11 0 212447322.742
11 1 431707574.970
11 2 979994264.747
11 3 471207756.391
11 4 940592040.233
11 5 203330031.280
11 6 204412945.819
11 7 349769707.394
11 8 303350671.361
11 9 388580374.978
11 10 840560265.853
