132
0 1 765229838.132
0 2 312652031.999
0 3 639271305.742
0 4 795520042.960
0 5 119063256.673
0 6 456251972.141
0 7 115026277.976
0 8 136413735.316
0 9 404368394.684
0 10 457641728.060
0 11 338476151.609
1 0 650963962.861
1 2 255975679.090
1 3 2278815845.546
1 4 2246673023.272
1 5 1935422710.966
1 6 1031390658.410
1 7 1888928715.311
1 8 945970201.530
1 9 731749895.926
1 10 1150678566.201
1 11 707390637.221
2 0 200655542.218
2 1 1355112801.956
2 3 1743220492.693
2 4 367660565.650
2 5 1047259222.651
2 6 417416304.367
2 7 569410103.842
2 8 375659495.211
2 9 488673204.114
2 10 667534428.650
2 11 913761996.489
3 0 305373064.283
3 1 446213563.332
3 2 603590442.568
3 4 752671676.876
3 5 1279104565.633
3 6 530467889.513
3 7 1762724123.783
3 8 1587473186.555
3 9 1112780293.482
3 10 887787992.125
3 11 1672344292.837
4 0 690749643.464
4 1 629758546.764
4 2 691126717.290
4 3 418473991.401
4 5 267607365.341
4 6 1824107781.807
4 7 854604928.166
4 8 1658785176.622
4 9 1630647602.482
4 10 1763138351.208
4 11 1429858748.931
5 0 264650570.728
5 1 1210877501.031
5 2 1190662164.038
5 3 1096376450.299
5 4 1736014263.409
5 6 953677895.058
5 7 1003811011.464
5 8 506885837.899
5 9 1934415150.637
5 10 565814856.799
5 11 194751354.432
6 0 841514350.872
6 1 414652348.869
6 2 414629060.679
6 3 2619432614.849
6 4 1051410319.800
6 5 1426868143.523
6 7 778442078.259
6 8 1128256606.006
6 9 544622513.076
6 10 1534124977.171
6 11 1323961349.325
7 0 494451304.133
7 1 524383309.880
7 2 513610020.885
7 3 1088894535.351
7 4 671697184.367
7 5 597648044.563
7 6 1401746453.891
7 8 936862946.342
7 9 642794085.678
7 10 986664708.636
7 11 913909587.649
8 0 383103545.378
8 1 436783465.519
8 2 274288705.639
8 3 256016215.627
8 4 417508501.248
8 5 1152661877.353
8 6 326989950.103
8 7 442486232.330
8 9 1426249413.091
8 10 287638098.013
8 11 945939102.968
9 0 802951124.754
9 1 763036259.701
9 2 1568244193.732
9 3 2447827329.893
9 4 2381939919.925
9 5 973165007.615
9 6 1080623941.255
9 7 653041205.042
9 8 218768921.380
9 10 559417127.125
9 11 688852285.497
10 0 555054870.492
10 1 389549854.378
10 2 318127657.932
10 3 1124904871.813
10 4 1586178885.732
10 5 498099469.880
10 6 1531173225.935
10 7 550182122.867
10 8 277108078.953
10 9 440640464.232
10 11 696421841.251
11 0 280113554.005
11 1 479390191.226
11 2 208947531.875
11 3 916801596.854
11 4 660540001.731
11 5 593552177.407
11 6 415498569.042
11 7 473412585.581
11 8 962851863.129
11 9 447633044.397
11 10 570610315.231
