132
0 1 148805801.589
0 2 431680152.697
0 3 278521598.908
0 4 461775748.420
0 5 539308613.888
0 6 161260923.932
0 7 398597861.277
0 8 407717868.210
0 9 207894835.511
0 10 447982705.359
0 11 472066114.777
1 0 294159699.264
1 2 324572848.356
1 3 917547024.789
1 4 619877354.986
1 5 374767616.507
1 6 2729847193.110
1 7 941967051.776
1 8 964219699.383
1 9 345192560.539
1 10 929379136.013
1 11 1104112775.929
2 0 195348250.536
2 1 1636292130.554
2 3 335952232.840
2 4 1380292028.675
2 5 676231288.845
2 6 402170753.592
2 7 946987601.333
2 8 1107672235.803
2 9 217076988.302
2 10 842265704.010
2 11 993493471.644
3 0 885554076.502
3 1 1408396860.354
3 2 231338754.371
3 4 889097513.422
3 5 688915438.264
3 6 1480845993.906
3 7 1298191403.094
3 8 778234115.245
3 9 548220759.162
3 10 644525565.495
3 11 287609307.649
4 0 785896590.435
4 1 1508065545.338
4 2 1531800632.973
4 3 2339986282.911
4 5 1271598266.962
4 6 856125637.161
4 7 1317477523.139
4 8 1676132637.861
4 9 1556902145.740
4 10 1271054275.945
4 11 605494617.280
5 0 618139633.527
5 1 1543518016.103
5 2 743598848.922
5 3 1431095000.079
5 4 333725412.661
5 6 1031857103.362
5 7 1299383485.897
5 8 446987499.133
5 9 1258861661.007
5 10 398665811.970
5 11 1015172207.509
6 0 149837900.786
6 1 1376675575.128
6 2 1685035129.474
6 3 1700290427.300
6 4 1442288787.913
6 5 1250883351.923
6 7 1216429896.974
6 8 741392546.648
6 9 2649065959.764
6 10 1605063104.345
6 11 729764098.474
7 0 200804605.036
7 1 1183292615.007
7 2 263823991.147
7 3 1352419676.773
7 4 585117865.380
7 5 295438928.499
7 6 1430003496.128
7 8 841356771.719
7 9 1681500689.788
7 10 634019038.643
7 11 814784184.614
8 0 89561564.424
8 1 338950532.247
8 2 501918156.113
8 3 1635235032.953
8 4 1187618677.151
8 5 1050911240.963
8 6 1464034570.326
8 7 513393262.432
8 9 223813494.541
8 10 369364518.529
8 11 934945000.815
9 0 318518947.932
9 1 2855694687.302
9 2 266253723.214
9 3 1362389197.875
9 4 1325358295.715
9 5 258439355.381
9 6 2392020292.948
9 7 536672424.883
9 8 279835320.475
9 10 1019716531.965
9 11 475019747.471
10 0 170044596.950
10 1 1446187294.623
10 2 450777037.294
10 3 1268335011.540
10 4 1137138372.896
10 5 1217920802.685
10 6 927835049.414
10 7 573162849.869
10 8 951547130.244
10 9 1648518424.722
10 11 849982375.449
11 0 362247200.559
11 1 1323105921.843
11 2 759672637.823
11 3 1287398637.640
11 4 1695794388.006
11 5 1044919971.950
11 6 1515439276.963
11 7 1084363611.200
11 8 722106786.211
11 9 385818629.694
11 10 152973673.995
