132
0 1 731403764.645
0 2 463778392.293
0 3 703999645.051
0 4 802530558.057
0 5 588867806.306
0 6 333916671.704
0 7 571034546.435
0 8 369945702.345
0 9 806286255.062
0 10 82617877.876
0 11 390505449.625
1 0 280573841.076
1 2 878201182.652
1 3 2066520640.725
1 4 1665799132.423
1 5 1681917380.218
1 6 1780335147.357
1 7 1400705366.930
1 8 295713384.561
1 9 1451288082.911
1 10 1066529709.279
1 11 1253815821.434
2 0 250266187.286
2 1 695572450.055
2 3 317629398.643
2 4 1095402441.896
2 5 1319067356.686
2 6 877639930.073
2 7 881749137.001
2 8 756184764.239
2 9 942910065.925
2 10 555071661.715
2 11 176147750.378
3 0 434293202.048
3 1 437200954.068
3 2 1233592918.649
3 4 1580375370.613
3 5 1128616235.705
3 6 540212880.493
3 7 1048733523.214
3 8 1727356861.494
3 9 1693972106.150
3 10 667817677.807
3 11 416144244.953
4 0 272441185.628
4 1 1034365139.242
4 2 756647236.046
4 3 645980438.079
4 5 837821637.682
4 6 297674204.596
4 7 1738531935.775
4 8 1374603212.044
4 9 505109897.637
4 10 1634753998.423
4 11 747189980.425
5 0 259649173.324
5 1 2084729429.870
5 2 1092953012.007
5 3 969166214.639
5 4 1820149495.576
5 6 928203786.298
5 7 1017276986.601
5 8 866694512.124
5 9 801863373.864
5 10 1013451593.604
5 11 702344228.824
6 0 650697752.199
6 1 2022160441.410
6 2 1559384846.467
6 3 968531967.376
6 4 2264177594.276
6 5 1694952690.205
6 7 628557487.507
6 8 1473604042.786
6 9 994003969.537
6 10 1437242740.048
6 11 428913599.285
7 0 87137952.603
7 1 1588724359.534
7 2 176725535.252
7 3 1684678258.666
7 4 1113288316.284
7 5 700797401.306
7 6 341034151.396
7 8 1085870908.176
7 9 1292502993.760
7 10 758136014.833
7 11 521794472.690
8 0 159382149.795
8 1 649431368.525
8 2 911406059.977
8 3 529206955.287
8 4 702324919.935
8 5 1154809078.064
8 6 1300569589.748
8 7 231575684.462
8 9 715729271.040
8 10 427246048.863
8 11 582844093.509
9 0 677786470.865
9 1 1944352174.800
9 2 821406561.890
9 3 2646288413.891
9 4 424208067.729
9 5 828914657.448
9 6 2037773222.834
9 7 479342107.753
9 8 612331724.490
9 10 733429755.254
9 11 1193702295.572
10 0 70231817.770
10 1 1441236069.950
10 2 568306316.493
10 3 1000096079.497
10 4 1539255154.508
10 5 592031040.241
10 6 907895715.909
10 7 806829923.847
10 8 671998255.778
10 9 1554746833.055
10 11 782661272.400
11 0 219358845.504
11 1 294873392.336
11 2 514492292.815
11 3 505762038.449
11 4 219098345.714
11 5 351130222.920
11 6 402786118.164
11 7 1155306017.404
11 8 974739757.417
11 9 1152928087.061
11 10 892109033.618
