132
0 1 763452805.169
0 2 381042057.025
0 3 836450720.353
0 4 140128540.626
0 5 295476397.713
0 6 532725948.517
0 7 575654776.226
0 8 540234626.587
0 9 454953310.121
0 10 166904318.389
0 11 406773530.629
1 0 206170025.064
1 2 1608634054.259
1 3 828701343.342
1 4 1398487506.526
1 5 639297884.598
1 6 2742948942.340
1 7 1717825179.469
1 8 1548135526.713
1 9 2625603895.570
1 10 1238037753.641
1 11 272420133.045
2 0 589458747.657
2 1 1797234341.524
2 3 674344105.891
2 4 1275864101.078
2 5 430065545.228
2 6 682961972.002
2 7 565661978.152
2 8 138248528.535
2 9 1607893757.256
2 10 856659695.485
2 11 1023999410.309
3 0 344559564.646
3 1 1514048081.787
3 2 1333674862.389
3 4 562521321.982
3 5 1095134291.890
3 6 810958352.104
3 7 1347648131.851
3 8 280931739.315
3 9 1631748453.208
3 10 918868754.757
3 11 1579086178.026
4 0 375640837.084
4 1 635369134.684
4 2 414243538.642
4 3 1221850164.878
4 5 1573111917.431
4 6 1366932101.879
4 7 262913006.731
4 8 1755373944.165
4 9 842587444.931
4 10 1171780057.896
4 11 764435008.744
5 0 456357418.499
5 1 1565690848.262
5 2 226490657.040
5 3 1804785925.597
5 4 536294165.425
5 6 1598837515.403
5 7 384174434.880
5 8 334874312.283
5 9 692381942.346
5 10 1321968068.679
5 11 556658894.503
6 0 313723095.106
6 1 2280842479.691
6 2 1697759615.387
6 3 1894625269.196
6 4 1705826889.417
6 5 1864295145.250
6 7 1652743924.412
6 8 1465560729.406
6 9 1066914459.061
6 10 890046035.914
6 11 1086933544.727
7 0 401645511.659
7 1 1042507562.995
7 2 946761382.411
7 3 1020300354.255
7 4 942721354.557
7 5 431338038.940
7 6 575650599.992
7 8 670293848.225
7 9 462235578.234
7 10 799457464.756
7 11 744521043.874
8 0 342393728.058
8 1 1152002666.895
8 2 598145416.838
8 3 539140737.446
8 4 200708354.372
8 5 1178909401.749
8 6 1258976588.087
8 7 205990065.905
8 9 228784275.093
8 10 223273336.653
8 11 580246628.236
9 0 216637791.613
9 1 723722872.278
9 2 1159560215.899
9 3 2015837303.241
9 4 1074464409.092
9 5 1523421353.287
9 6 1075507422.857
9 7 1264026738.751
9 8 788359780.415
9 10 744689884.663
9 11 433827809.888
10 0 110213877.149
10 1 682352529.666
10 2 301289631.199
10 3 1207314028.894
10 4 626673719.483
10 5 455679255.093
10 6 743292078.301
10 7 1179971234.453
10 8 774944800.704
10 9 432849483.852
10 11 738181074.790
11 0 184035378.697
11 1 430644882.287
11 2 300565364.428
11 3 398411417.776
11 4 1409326315.351
11 5 999741996.183
11 6 400064887.323
11 7 423144658.734
11 8 292505623.439
11 9 404568070.948
11 10 245151334.218
