132
0 1 546233225.078
0 2 173708728.232
0 3 286674621.415
0 4 611438306.509
0 5 303538774.365
0 6 749815721.473
0 7 554305463.523
0 8 573691466.728
0 9 716708665.979
0 10 211994785.707
0 11 224869229.038
1 0 325551685.509
1 2 1644281803.398
1 3 407706800.248
1 4 372109587.480
1 5 809062716.064
1 6 1470229912.903
1 7 746994785.366
1 8 1363264184.429
1 9 933064428.737
1 10 858859028.941
1 11 652592166.550
2 0 222015698.279
2 1 1174874434.951
2 3 326287499.920
2 4 1726567205.009
2 5 815576393.191
2 6 1196227245.034
2 7 520650250.758
2 8 628590171.730
2 9 631109448.606
2 10 1020362424.437
2 11 1006529354.163
3 0 133111259.128
3 1 1129933056.838
3 2 1074906531.060
3 4 2324606993.171
3 5 476309937.750
3 6 2583529348.162
3 7 1278605798.317
3 8 572444588.331
3 9 1934855206.252
3 10 1636562028.023
3 11 915512691.921
4 0 713419771.526
4 1 504534505.529
4 2 830539862.035
4 3 1530309880.142
4 5 673088952.241
4 6 1871589257.445
4 7 1604068183.346
4 8 357632203.467
4 9 1056616156.918
4 10 1598210898.119
4 11 636492537.327
5 0 590336116.535
5 1 402809108.226
5 2 611460249.723
5 3 556392415.006
5 4 844159548.204
5 6 1770996528.391
5 7 513016831.982
5 8 687295889.204
5 9 1615716455.360
5 10 576948287.567
5 11 378939824.088
6 0 774742632.404
6 1 659282287.555
6 2 866280701.669
6 3 1620376484.350
6 4 996249426.055
6 5 1533887595.722
6 7 1254388399.137
6 8 1738314493.611
6 9 2279772363.096
6 10 864806219.249
6 11 732429270.249
7 0 275098294.648
7 1 1759387398.159
7 2 651217158.736
7 3 1133942437.186
7 4 1620959239.851
7 5 927108000.401
7 6 1698541841.050
7 8 1159417159.033
7 9 353520241.753
7 10 849283119.263
7 11 754606733.019
8 0 420591893.783
8 1 1755736407.841
8 2 177213551.976
8 3 556034495.079
8 4 748657371.488
8 5 276232598.984
8 6 1753836925.491
8 7 347378426.219
8 9 1026575642.727
8 10 1100790762.841
8 11 1066433287.694
9 0 493419622.628
9 1 2537347258.435
9 2 344142985.608
9 3 1149162148.737
9 4 2471850320.010
9 5 1587185321.423
9 6 1991174338.605
9 7 929795217.272
9 8 1015370414.287
9 10 812753261.520
9 11 1597785910.477
10 0 521003805.437
10 1 1622975781.874
10 2 343949009.887
10 3 598478736.287
10 4 381720226.381
10 5 1079535553.053
10 6 697208277.468
10 7 941277151.425
10 8 720851687.698
10 9 1014621984.770
10 11 578741610.787
11 0 166792021.083
11 1 1784083172.612
11 2 251821916.202
11 3 684303649.494
11 4 256547855.139
11 5 677446280.921
11 6 1374900072.841
11 7 388676713.141
11 8 963040940.201
11 9 1174377071.707
11 10 147758595.443
