132
0 1 592980537.888
0 2 98108976.398
0 3 748454659.151
0 4 238206086.452
0 5 265282075.126
0 6 687747269.621
0 7 519551589.597
0 8 344442287.527
0 9 181137066.018
0 10 165490737.797
0 11 459147695.144
1 0 511607039.384
1 2 878997527.027
1 3 324834042.963
1 4 1779266479.764
1 5 1825912725.068
1 6 821134246.242
1 7 585788135.235
1 8 1185269543.318
1 9 2530087867.981
1 10 304814508.491
1 11 567091327.382
2 0 495193263.049
2 1 724193456.172
2 3 1268101588.818
2 4 1018587049.443
2 5 301353656.698
2 6 368805412.689
2 7 329755300.700
2 8 441466642.453
2 9 1075299486.164
2 10 403489030.915
2 11 939761931.736
3 0 602788811.459
3 1 663818745.938
3 2 1109427965.988
3 4 2096780451.262
3 5 563097377.788
3 6 604687781.569
3 7 529400195.728
3 8 979636439.930
3 9 665144487.061
3 10 297140064.141
3 11 748498201.944
4 0 537741080.852
4 1 2794404529.223
4 2 928886641.837
4 3 1473799790.629
4 5 823669438.599
4 6 2592774948.483
4 7 957912881.985
4 8 336176001.658
4 9 2223426669.111
4 10 951716571.457
4 11 353797199.350
5 0 582989867.979
5 1 1706772526.946
5 2 325477042.373
5 3 1435557924.901
5 4 1609354198.650
5 6 1609812334.574
5 7 661393234.408
5 8 168279460.968
5 9 1666941194.466
5 10 1322208327.442
5 11 753629489.626
6 0 868801821.778
6 1 2701514270.030
6 2 864605529.286
6 3 2564102164.257
6 4 1315622499.851
6 5 929191200.610
6 7 410555315.906
6 8 809934642.819
6 9 2420426160.020
6 10 487602759.653
6 11 860719690.478
7 0 267863107.757
7 1 1245115860.213
7 2 828386889.013
7 3 400597260.072
7 4 1642738205.170
7 5 1300543984.405
7 6 877301024.704
7 8 771239716.882
7 9 368090870.983
7 10 671905371.405
7 11 234582895.552
8 0 564364021.279
8 1 1352033966.076
8 2 456562191.724
8 3 613332442.050
8 4 311034002.996
8 5 642808037.796
8 6 330737479.754
8 7 1045665875.009
8 9 1522558186.299
8 10 510903137.999
8 11 215584229.760
9 0 797608552.141
9 1 1549227472.925
9 2 678459552.585
9 3 1469065072.595
9 4 2295246475.921
9 5 1660828789.573
9 6 1570538650.198
9 7 1149274200.698
9 8 609887911.946
9 10 1131912262.452
9 11 1480977218.917
10 0 440960577.844
10 1 1162302255.801
10 2 138788561.899
10 3 640100332.345
10 4 1515227077.268
10 5 1102467541.145
10 6 349340159.631
10 7 1135116358.370
10 8 732154979.133
10 9 1266468969.550
10 11 556988557.511
11 0 450636562.904
11 1 471695914.549
11 2 1005039980.972
11 3 1741736346.475
11 4 1574685808.021
11 5 1108249207.629
11 6 1401167411.312
11 7 395759400.141
11 8 710329810.773
11 9 876053899.305
11 10 638349724.781
