132
0 1 282259224.077
0 2 295087447.194
0 3 121230289.606
0 4 316001133.564
0 5 356741618.949
0 6 126951826.895
0 7 487597375.271
0 8 232647939.587
0 9 801912708.646
0 10 246133125.964
0 11 504703209.602
1 0 432268484.546
1 2 296292632.286
1 3 1002601001.675
1 4 803066056.951
1 5 1626949599.989
1 6 772550108.804
1 7 1508569369.330
1 8 218364491.047
1 9 2291577229.065
1 10 1749810571.609
1 11 851190940.541
2 0 431421431.805
2 1 1696175885.033
2 3 928189216.174
2 4 507183893.213
2 5 681628929.463
2 6 1369981730.924
2 7 1102159802.084
2 8 352762911.894
2 9 1404546154.806
2 10 603546590.943
2 11 478365112.452
3 0 475681581.104
3 1 878669614.880
3 2 1234427054.143
3 4 1001743361.877
3 5 1178386978.656
3 6 531152483.970
3 7 893565518.285
3 8 1518451104.393
3 9 1859306666.367
3 10 1374514130.579
3 11 697230293.147
4 0 650883054.745
4 1 343462709.099
4 2 1613132345.344
4 3 2056417990.549
4 5 1775157661.310
4 6 1639782914.793
4 7 1119489255.420
4 8 955565597.115
4 9 1464033222.991
4 10 1710777196.991
4 11 316573334.956
5 0 550798541.827
5 1 1641277509.418
5 2 572870395.714
5 3 548129445.886
5 4 1817190763.107
5 6 1078852997.917
5 7 744472546.471
5 8 1289406507.713
5 9 278761579.869
5 10 165419862.535
5 11 571224449.849
6 0 536637444.163
6 1 895411547.569
6 2 1690481483.296
6 3 1833614412.165
6 4 514976366.020
6 5 625709205.633
6 7 805045708.934
6 8 1327345835.517
6 9 2656211023.286
6 10 1182439815.205
6 11 1475398099.321
7 0 263012918.431
7 1 1221130464.793
7 2 1162113924.335
7 3 1327427343.520
7 4 307814744.700
7 5 386523035.445
7 6 691465986.714
7 8 1010797096.908
7 9 361851638.327
7 10 464952545.322
7 11 666540889.828
8 0 244937158.646
8 1 257295810.160
8 2 968948452.830
8 3 996767247.529
8 4 311355205.880
8 5 855410748.072
8 6 413017037.320
8 7 494512718.519
8 9 1325560395.921
8 10 334596425.131
8 11 685197371.666
9 0 835175146.189
9 1 659542100.106
9 2 1732804542.278
9 3 1652684887.668
9 4 1982692000.904
9 5 331941493.761
9 6 2218513326.151
9 7 1564025321.498
9 8 1640370635.650
9 10 1301979791.858
9 11 1552102472.565
10 0 201984138.143
10 1 631965661.551
10 2 712412130.003
10 3 763580186.651
10 4 950534786.657
10 5 336755389.851
10 6 1361085673.900
10 7 1072904133.666
10 8 984034548.394
10 9 410328145.349
10 11 545394932.870
11 0 219453467.104
11 1 1495523959.132
11 2 803826655.759
11 3 1645920691.215
11 4 1459480784.661
11 5 384009176.043
11 6 1512564249.366
11 7 1099841671.917
11 8 254006649.073
11 9 1483255455.286
11 10 475285022.982
