132
0 1 594015858.196
0 2 410576057.879
0 3 346569718.654
0 4 262649607.015
0 5 609202501.643
0 6 570435164.804
0 7 344947305.912
0 8 577083925.225
0 9 142186663.718
0 10 195675958.906
0 11 442571329.298
1 0 193092744.077
1 2 439470159.261
1 3 1359159429.006
1 4 1030363471.130
1 5 1802572584.322
1 6 1979831017.075
1 7 659964478.730
1 8 1240089103.926
1 9 1233966081.962
1 10 214051214.614
1 11 1220300645.923
2 0 498766600.808
2 1 1908001207.821
2 3 1665342534.621
2 4 758835107.235
2 5 590171307.852
2 6 1216120639.953
2 7 388154560.382
2 8 230339024.154
2 9 502902435.712
2 10 398152537.715
2 11 1180102269.884
3 0 449577137.799
3 1 2276491558.599
3 2 578818018.525
3 4 1763153758.942
3 5 441928304.142
3 6 1451346478.928
3 7 293870707.754
3 8 339534765.124
3 9 2587082889.507
3 10 1726661785.733
3 11 1681189000.637
4 0 663597624.720
4 1 1765961414.193
4 2 424285526.385
4 3 2011148066.296
4 5 273236514.549
4 6 2407276702.406
4 7 220144151.690
4 8 695643956.272
4 9 2068795008.970
4 10 929478793.930
4 11 1209284656.780
5 0 542123669.984
5 1 1445784179.577
5 2 947354686.135
5 3 1334047725.236
5 4 848109879.739
5 6 1115700951.675
5 7 1294818415.459
5 8 1119781612.607
5 9 838415518.590
5 10 1312351944.867
5 11 566496765.295
6 0 349789009.103
6 1 1479813144.344
6 2 1443296250.196
6 3 1103131125.119
6 4 2133866332.566
6 5 1662451522.705
6 7 1439497184.636
6 8 1145674670.046
6 9 1794206050.261
6 10 929898051.256
6 11 902233983.368
7 0 238663410.687
7 1 688055287.401
7 2 857974154.600
7 3 766652701.148
7 4 356763400.820
7 5 1281107467.131
7 6 398710979.723
7 8 450396333.807
7 9 938673661.754
7 10 1121564503.401
7 11 479620548.501
8 0 481217402.687
8 1 1231067957.931
8 2 397187482.819
8 3 1153551297.212
8 4 551824887.319
8 5 665889485.529
8 6 315024538.540
8 7 799094878.487
8 9 1462094627.666
8 10 886123136.356
8 11 230792049.434
9 0 836510830.370
9 1 674855866.055
9 2 1698756745.564
9 3 2264113605.754
9 4 2503873736.683
9 5 273067429.170
9 6 1904601299.194
9 7 895269816.396
9 8 206610373.422
9 10 800788040.734
9 11 574962140.643
10 0 512519647.614
10 1 501547377.769
10 2 883441468.291
10 3 1643195820.076
10 4 263765899.986
10 5 368612822.282
10 6 1236086126.798
10 7 609730080.501
10 8 1012142974.048
10 9 1642853930.609
10 11 530479004.313
11 0 85257249.533
11 1 1494571320.837
11 2 291657244.440
11 3 1685939941.490
11 4 1019622321.690
11 5 1194972043.110
11 6 594022855.710
11 7 1006848227.487
11 8 914261055.120
11 9 975605428.436
11 10 343047803.982
