132
0 1 715381425.699
0 2 197314470.615
0 3 558337553.970
0 4 735078082.908
0 5 530369161.365
0 6 352247043.779
0 7 434535593.122
0 8 581045743.386
0 9 135040688.266
0 10 451569157.468
0 11 244040041.507
1 0 464745341.825
1 2 552833001.473
1 3 2152055644.170
1 4 704785270.959
1 5 1831481236.484
1 6 961281782.264
1 7 727777242.738
1 8 1712318366.679
1 9 2438196639.934
1 10 627839183.586
1 11 1158518085.086
2 0 137073952.593
2 1 1466179969.881
2 3 777991552.007
2 4 1556811445.614
2 5 922084324.367
2 6 631784090.473
2 7 273378604.954
2 8 411689748.034
2 9 450686496.129
2 10 257401659.516
2 11 805129201.462
3 0 296771246.803
3 1 1206341312.717
3 2 269380221.536
3 4 1522921340.316
3 5 327888918.463
3 6 1649566151.108
3 7 1239947525.214
3 8 1028200826.223
3 9 1970887342.218
3 10 1305824381.622
3 11 870360679.703
4 0 439494074.486
4 1 672375497.123
4 2 1257441740.265
4 3 350260498.225
4 5 1479359883.151
4 6 825920551.113
4 7 488875958.614
4 8 468511981.313
4 9 1848753462.926
4 10 991127391.076
4 11 1180636275.302
5 0 114558540.820
5 1 353995702.797
5 2 378549599.944
5 3 405539067.692
5 4 1558213696.105
5 6 490308360.954
5 7 1178837764.322
5 8 228461174.690
5 9 1506583164.876
5 10 561353204.040
5 11 1190149641.166
6 0 791159490.839
6 1 1930840789.893
6 2 1184331348.001
6 3 2322525354.958
6 4 1637531713.694
6 5 1859024912.846
6 7 197983376.878
6 8 917858821.568
6 9 2081835012.949
6 10 347064263.215
6 11 226765857.889
7 0 544182832.973
7 1 1796026209.949
7 2 1104674004.585
7 3 725169027.852
7 4 1250726503.354
7 5 298089455.267
7 6 897746459.945
7 8 287964384.864
7 9 966641103.959
7 10 1111490696.099
7 11 1122018317.594
8 0 370449338.522
8 1 1623919279.633
8 2 1142963807.816
8 3 1103800738.828
8 4 501774587.237
8 5 308135565.345
8 6 1433492124.207
8 7 415076843.714
8 9 789310306.640
8 10 736795427.272
8 11 207262801.726
9 0 207316917.271
9 1 1034817985.274
9 2 898069554.938
9 3 963024750.846
9 4 2063996219.738
9 5 1677587982.323
9 6 2021106161.424
9 7 1597156231.534
9 8 1493089314.450
9 10 1162199809.621
9 11 745714812.155
10 0 133033974.937
10 1 1859111340.247
10 2 1153714323.472
10 3 1301856841.666
10 4 1391969327.045
10 5 216708949.387
10 6 446834489.312
10 7 455179325.751
10 8 367332183.790
10 9 669189032.156
10 11 872236986.261
11 0 514512827.710
11 1 820733814.394
11 2 484640581.533
11 3 1666992872.844
11 4 1566980530.614
11 5 815462626.025
11 6 1118968766.369
11 7 987453232.342
11 8 477599464.080
11 9 802375908.583
11 10 599039665.421
