132
0 1 597291726.563
0 2 141629180.139
0 3 369692588.282
0 4 846149007.408
0 5 580612943.832
0 6 605737907.579
0 7 543826736.576
0 8 487535524.171
0 9 760366450.086
0 10 246583156.370
0 11 420619460.768
1 0 866985373.484
1 2 902858611.434
1 3 356800392.304
1 4 1531084365.287
1 5 1586762832.451
1 6 329019827.806
1 7 737337688.459
1 8 1444469516.628
1 9 1004126463.653
1 10 751791101.139
1 11 1359639491.945
2 0 204881304.014
2 1 1504745998.468
2 3 713348326.257
2 4 287609382.629
2 5 323875145.596
2 6 1335836141.902
2 7 875676774.958
2 8 189522504.512
2 9 743908778.205
2 10 593023956.110
2 11 1087820705.515
3 0 409108068.294
3 1 1564127505.717
3 2 1224210866.215
3 4 2089286235.753
3 5 854002908.463
3 6 1135064555.110
3 7 1495051912.972
3 8 841138174.900
3 9 1075801128.096
3 10 429453307.240
3 11 1346676163.880
4 0 516587606.802
4 1 2403374210.775
4 2 1235755152.180
4 3 1798232597.953
4 5 1417653488.761
4 6 756589552.328
4 7 1741905425.596
4 8 1251812337.329
4 9 897961743.776
4 10 746135146.229
4 11 396616551.030
5 0 189646566.453
5 1 2149027869.725
5 2 246990896.570
5 3 449830943.816
5 4 1046149668.521
5 6 1542061500.164
5 7 1186562860.053
5 8 1044223881.722
5 9 853043953.331
5 10 204988878.997
5 11 1278116535.541
6 0 305596032.765
6 1 2016552167.462
6 2 596557775.520
6 3 2628027114.831
6 4 2130317601.084
6 5 930353433.799
6 7 1738231020.525
6 8 943734593.802
6 9 485299633.334
6 10 1204543881.008
6 11 687377566.381
7 0 69766218.474
7 1 1160325437.966
7 2 1165249762.771
7 3 1710532331.953
7 4 951611362.329
7 5 172657533.836
7 6 962839641.677
7 8 341228364.875
7 9 1244716724.671
7 10 348233143.577
7 11 193214732.215
8 0 94317818.004
8 1 659779849.383
8 2 205223760.365
8 3 772248454.288
8 4 1612303768.189
8 5 208551629.388
8 6 891953511.508
8 7 706368858.121
8 9 1310814511.355
8 10 613200364.346
8 11 210867088.986
9 0 481156890.986
9 1 1015692637.053
9 2 449017522.272
9 3 1075969996.863
9 4 2421573523.558
9 5 578890643.010
9 6 1075586500.318
9 7 839857001.969
9 8 1041240925.913
9 10 514554080.470
9 11 691164640.885
10 0 141589343.317
10 1 561557439.180
10 2 768193489.205
10 3 1589247478.098
10 4 596734929.562
10 5 774956614.696
10 6 523698935.023
10 7 665893331.570
10 8 375270715.436
10 9 1100412652.182
10 11 611944089.114
11 0 79200354.540
11 1 1474761771.536
11 2 546368293.599
11 3 1612659609.014
11 4 1109433244.738
11 5 643932524.196
11 6 1579063992.085
11 7 802348907.423
11 8 226568744.951
11 9 389585027.755
11 10 1040125424.270
