132
0 1 138780268.073
0 2 185138715.218
0 3 783614017.433
0 4 354245023.327
0 5 431396055.478
0 6 100272571.625
0 7 261062152.634
0 8 150790798.870
0 9 641520871.759
0 10 80125101.917
0 11 197804169.867
1 0 381777090.256
1 2 1627760659.693
1 3 2854113443.819
1 4 2561321903.067
1 5 1316960333.737
1 6 1753892300.257
1 7 1884861530.140
1 8 1228053306.512
1 9 1585430121.483
1 10 795835680.922
1 11 535493160.891
2 0 334835275.201
2 1 1415850419.276
2 3 1101057259.484
2 4 229467041.736
2 5 1258281083.170
2 6 1423554374.618
2 7 249210287.916
2 8 977439955.668
2 9 1024084492.892
2 10 848048878.300
2 11 756323574.827
3 0 269429195.896
3 1 746329744.116
3 2 1202019105.235
3 4 1855833569.604
3 5 1810485915.285
3 6 1805784702.361
3 7 1634755090.138
3 8 992880792.556
3 9 2574666976.054
3 10 936830913.712
3 11 780066902.744
4 0 501675846.171
4 1 2262156157.720
4 2 358567386.857
4 3 988743665.548
4 5 500837420.036
4 6 1033061191.068
4 7 490434202.233
4 8 323527461.494
4 9 2278223505.898
4 10 1240698670.379
4 11 712244564.214
5 0 445892561.815
5 1 629875178.253
5 2 847902495.950
5 3 729393502.660
5 4 1674777627.836
5 6 1433850011.620
5 7 1070999605.768
5 8 154983867.548
5 9 410458116.836
5 10 597287687.884
5 11 824279970.003
6 0 538799884.699
6 1 2763708198.800
6 2 769116095.373
6 3 1975071577.520
6 4 2038226912.566
6 5 1261876356.451
6 7 1203419192.737
6 8 237708094.957
6 9 1188478978.197
6 10 1015487337.588
6 11 1007795405.969
7 0 364593305.816
7 1 706121617.754
7 2 146115614.255
7 3 1206829486.668
7 4 1106153052.214
7 5 232045981.371
7 6 1693306999.440
7 8 1165909245.270
7 9 525019115.009
7 10 468782004.638
7 11 446061336.960
8 0 320596284.746
8 1 1704820686.050
8 2 913345308.098
8 3 656107702.819
8 4 1237769347.148
8 5 995804765.054
8 6 678988492.318
8 7 235481713.169
8 9 982749344.129
8 10 320261273.330
8 11 461946163.377
9 0 660927233.938
9 1 616059871.365
9 2 959174962.222
9 3 376819688.538
9 4 885427806.019
9 5 1511458212.951
9 6 403436955.879
9 7 266816158.505
9 8 637513687.531
9 10 1489171411.607
9 11 295548600.164
10 0 225982670.223
10 1 551801822.793
10 2 1162392065.262
10 3 946504503.742
10 4 680231351.942
10 5 566136178.465
10 6 382439568.086
10 7 498735109.771
10 8 823631737.132
10 9 1556674795.701
10 11 1074504969.049
11 0 436445614.079
11 1 1496157209.639
11 2 940943855.918
11 3 684335033.201
11 4 249956370.673
11 5 1151728557.810
11 6 1678093106.789
11 7 613751641.992
11 8 221668103.820
11 9 1570461740.599
11 10 734325721.229
