132
0 1 607943145.122
0 2 413677369.271
0 3 220786332.050
0 4 148343174.995
0 5 366744430.798
0 6 123137414.672
0 7 325191162.925
0 8 125077500.253
0 9 547818856.533
0 10 316912623.447
0 11 370035602.307
1 0 300800546.030
1 2 277432387.253
1 3 1636773997.325
1 4 1373063138.117
1 5 1835828888.696
1 6 2701467021.907
1 7 1271656728.672
1 8 378326384.296
1 9 1547307085.834
1 10 669282729.641
1 11 420351007.744
2 0 576279990.380
2 1 829258826.512
2 3 1394922057.941
2 4 1748040351.538
2 5 1067275756.926
2 6 657528202.147
2 7 702670701.206
2 8 585129387.052
2 9 1264900029.855
2 10 944002126.691
2 11 527805193.350
3 0 625481402.667
3 1 374172028.805
3 2 560677455.875
3 4 1048771098.708
3 5 753417739.790
3 6 1024159904.700
3 7 1276245599.671
3 8 279063965.314
3 9 1417140119.513
3 10 741822326.297
3 11 1658556098.181
4 0 606668857.671
4 1 1447492972.116
4 2 1684420735.279
4 3 1674532480.053
4 5 338376677.779
4 6 619682339.674
4 7 1177475905.465
4 8 988691309.878
4 9 1062020616.161
4 10 1147605139.011
4 11 722006472.413
5 0 277085613.575
5 1 432596807.943
5 2 161141014.792
5 3 284291291.653
5 4 511050295.812
5 6 1533384350.683
5 7 1278928002.438
5 8 1043606145.643
5 9 275539726.704
5 10 1130878099.194
5 11 491735134.935
6 0 666876520.099
6 1 2374463416.756
6 2 989141260.899
6 3 2371560666.781
6 4 670394439.666
6 5 1253609053.607
6 7 789406087.208
6 8 645146273.394
6 9 1938621647.952
6 10 416502861.221
6 11 397897540.138
7 0 490143523.290
7 1 1474511936.150
7 2 228146316.402
7 3 416082898.475
7 4 1422912761.259
7 5 596486023.567
7 6 1690357157.446
7 8 206149908.389
7 9 402859909.787
7 10 564482168.971
7 11 198171631.392
8 0 188550966.931
8 1 1146844963.452
8 2 757657486.463
8 3 1060077002.115
8 4 830230007.023
8 5 879530586.549
8 6 284763063.368
8 7 426191395.423
8 9 921405466.457
8 10 1154446752.068
8 11 410996939.399
9 0 106077640.644
9 1 2778011182.957
9 2 1439152980.834
9 3 1113049701.438
9 4 2225048290.817
9 5 260658394.777
9 6 2209329335.038
9 7 513232359.169
9 8 530447658.746
9 10 1711534695.205
9 11 1618819861.004
10 0 259687967.529
10 1 858043888.204
10 2 428553614.127
10 3 693426402.266
10 4 1540363193.575
10 5 1094084098.385
10 6 1207512336.720
10 7 286005715.473
10 8 235432106.589
10 9 465138186.065
10 11 146308764.150
11 0 111073628.134
11 1 1910905887.309
11 2 691782257.502
11 3 1016908699.402
11 4 1525229509.890
11 5 726760606.640
11 6 1480971128.778
11 7 185631261.415
11 8 550653659.659
11 9 1737148743.813
11 10 890151755.131
