132
0 1 154074819.989
0 2 508080379.648
0 3 857746555.752
0 4 488951086.431
0 5 361139623.089
0 6 500811488.025
0 7 403406817.696
0 8 270600576.370
0 9 359068987.285
0 10 529696140.417
0 11 435070692.222
1 0 366030688.745
1 2 677964848.195
1 3 582804042.378
1 4 1082457906.067
1 5 1334032849.217
1 6 1006254535.528
1 7 326749562.463
1 8 1710675000.516
1 9 1588603762.582
1 10 1743685660.310
1 11 1303806996.492
2 0 589569033.019
2 1 1018445660.023
2 3 675254461.023
2 4 1169378234.627
2 5 719372258.778
2 6 957068150.959
2 7 157207095.480
2 8 655929300.336
2 9 616942861.455
2 10 394423782.647
2 11 1037027588.759
3 0 530557839.976
3 1 488090134.734
3 2 568186932.434
3 4 2147027879.263
3 5 920030824.585
3 6 1565729466.378
3 7 684008414.544
3 8 415965050.332
3 9 2089722727.542
3 10 806264320.207
3 11 771888392.185
4 0 494829615.568
4 1 1252683913.769
4 2 1233253711.960
4 3 420351814.637
4 5 1609337183.478
4 6 1720733699.393
4 7 1343671543.801
4 8 857923128.408
4 9 2427476382.988
4 10 393190843.475
4 11 1349922939.222
5 0 396387950.594
5 1 1236257371.881
5 2 587413038.773
5 3 902099779.809
5 4 1220948304.509
5 6 666447121.809
5 7 151059483.958
5 8 1083822775.708
5 9 591666592.763
5 10 247029430.743
5 11 699140583.169
6 0 311262995.292
6 1 2827565374.015
6 2 380131016.101
6 3 727109843.999
6 4 1356227933.448
6 5 442967485.333
6 7 825028515.114
6 8 299746691.748
6 9 319347342.902
6 10 1576092420.211
6 11 1047151206.874
7 0 72959530.108
7 1 1492351755.791
7 2 411876341.178
7 3 215787784.282
7 4 362313798.120
7 5 792779926.671
7 6 1329224267.179
7 8 1119834215.710
7 9 1764742684.945
7 10 420826365.118
7 11 654968433.251
8 0 392291697.094
8 1 350440129.278
8 2 831485439.471
8 3 772684008.773
8 4 801066100.727
8 5 894350783.006
8 6 1218583433.575
8 7 279019568.464
8 9 1154350623.167
8 10 463199045.773
8 11 772146658.955
9 0 846954018.579
9 1 520220251.696
9 2 655478954.353
9 3 454777978.141
9 4 2522075058.529
9 5 1546830895.396
9 6 1381400141.243
9 7 824405228.856
9 8 1138903243.449
9 10 1022889440.522
9 11 469041439.668
10 0 205233721.898
10 1 459615430.480
10 2 1147827478.195
10 3 279513699.979
10 4 1188930214.905
10 5 973543285.535
10 6 873870476.131
10 7 263160582.584
10 8 822051437.553
10 9 453239331.619
10 11 524579510.027
11 0 178580332.535
11 1 1295297468.122
11 2 1055224686.099
11 3 1098310561.859
11 4 1255952329.636
11 5 706268520.485
11 6 1592325457.546
11 7 611607104.543
11 8 316175399.461
11 9 1633113392.897
11 10 1174937903.385
