132
0 1 437567145.264
0 2 275254295.250
0 3 370419077.064
0 4 336579838.118
0 5 328382187.603
0 6 389762818.249
0 7 137311709.519
0 8 147438489.315
0 9 273598298.541
0 10 225704664.638
0 11 232562189.056
1 0 296072906.222
1 2 857902807.129
1 3 707093680.420
1 4 1343500198.078
1 5 999585580.914
1 6 1109478714.978
1 7 835823025.454
1 8 505280494.847
1 9 993447497.070
1 10 642603746.110
1 11 774150892.884
2 0 245380030.177
2 1 862122304.183
2 3 463160857.678
2 4 712976937.464
2 5 384954747.763
2 6 656892324.822
2 7 432625645.730
2 8 442920634.627
2 9 701505399.728
2 10 469549898.191
2 11 516979799.179
3 0 440438374.630
3 1 682123504.217
3 2 410119968.460
3 4 934350727.786
3 5 663289378.768
3 6 1017719086.326
3 7 511435498.940
3 8 562811786.103
3 9 967702668.416
3 10 412544299.096
3 11 834825241.164
4 0 283213330.819
4 1 1134251366.302
4 2 733983200.546
4 3 1085820085.833
4 5 934808809.095
4 6 829222748.944
4 7 764396621.051
4 8 656705224.337
4 9 1199707427.655
4 10 731342017.078
4 11 708411019.019
5 0 314621604.631
5 1 514298223.347
5 2 313443561.889
5 3 728583425.243
5 4 615182359.957
5 6 689981990.434
5 7 663387895.889
5 8 554579332.612
5 9 871315634.726
5 10 497674273.659
5 11 486959508.674
6 0 435123194.086
6 1 1176952066.821
6 2 526458483.544
6 3 1271539767.247
6 4 1328470536.846
6 5 582887728.714
6 7 630428834.390
6 8 835840996.955
6 9 614521781.618
6 10 407065148.589
6 11 529542800.620
7 0 153327674.082
7 1 587886563.954
7 2 455176668.690
7 3 829171431.724
7 4 399043124.676
7 5 583481828.745
7 6 825526854.686
7 8 449892535.040
7 9 650447046.671
7 10 301544346.188
7 11 304998693.054
8 0 277373412.984
8 1 790565684.808
8 2 571346431.820
8 3 851580484.205
8 4 460806258.771
8 5 443969420.168
8 6 776685261.673
8 7 363384116.653
8 9 518643738.098
8 10 307372061.053
8 11 542840730.155
9 0 425727390.496
9 1 1294725602.140
9 2 635275526.807
9 3 1002865215.927
9 4 1183816635.277
9 5 910179139.081
9 6 1061418897.656
9 7 648596915.326
9 8 827990705.076
9 10 418997292.944
9 11 563591713.385
10 0 289118393.508
10 1 438147482.433
10 2 516136196.534
10 3 596624896.606
10 4 454865306.763
10 5 600640073.448
10 6 777518263.116
10 7 424369787.323
10 8 581168810.094
10 9 666942670.528
10 11 530868942.359
11 0 257948886.102
11 1 529221983.433
11 2 349662882.264
11 3 522560373.225
11 4 432369029.175
11 5 399401014.541
11 6 803219573.823
11 7 481249454.437
11 8 543491976.575
11 9 438259281.042
11 10 352171373.720
