132
0 1 12874.327
0 2 89181.836
0 3 231106.639
0 4 29652.373
0 5 125409.433
0 6 159005.200
0 7 111908.080
0 8 1917.576
0 9 163528.233
0 10 72660.431
0 11 129142.293
1 0 117545.180
1 2 540336.770
1 3 13656.151
1 4 6741.995
1 5 357836.947
1 6 806375.572
1 7 195439.833
1 8 454782.955
1 9 319105.618
1 10 476215.976
1 11 504794.544
2 0 149777.308
2 1 314903.874
2 3 102100.473
2 4 116399.286
2 5 419976.856
2 6 124309.688
2 7 76792.765
2 8 124792.302
2 9 136407.779
2 10 121401.744
2 11 227158.199
3 0 153484.709
3 1 134352.663
3 2 46024.426
3 4 395033.011
3 5 584817.767
3 6 324996.947
3 7 234875.725
3 8 180026.316
3 9 234946.594
3 10 546109.381
3 11 333722.062
4 0 241062.824
4 1 151859.159
4 2 364160.521
4 3 408992.382
4 5 466224.199
4 6 7664.259
4 7 66815.691
4 8 151098.661
4 9 248509.368
4 10 318045.419
4 11 433871.875
5 0 174475.827
5 1 22010.173
5 2 278423.434
5 3 656995.142
5 4 546620.096
5 6 286101.799
5 7 149996.867
5 8 391523.652
5 9 517067.256
5 10 234567.577
5 11 421217.966
6 0 31932.067
6 1 677028.177
6 2 478688.394
6 3 832049.882
6 4 373273.831
6 5 400638.671
6 7 515230.515
6 8 532141.365
6 9 300459.061
6 10 262626.140
6 11 282469.223
7 0 51152.511
7 1 524684.784
7 2 65658.835
7 3 572642.712
7 4 499480.873
7 5 226510.449
7 6 241251.698
7 8 141184.207
7 9 281370.989
7 10 357729.508
7 11 333390.353
8 0 16663.462
8 1 459922.412
8 2 301580.422
8 3 529671.582
8 4 272914.195
8 5 109466.849
8 6 84049.256
8 7 381702.052
8 9 436813.095
8 10 42469.196
8 11 130226.400
9 0 267589.594
9 1 629534.140
9 2 246011.968
9 3 168421.006
9 4 400121.604
9 5 213701.000
9 6 862174.160
9 7 52102.007
9 8 464419.776
9 10 547054.175
9 11 407888.508
10 0 149969.324
10 1 181288.035
10 2 268553.234
10 3 198003.032
10 4 579568.180
10 5 198748.271
10 6 461796.381
10 7 386436.621
10 8 266282.918
10 9 76519.058
10 11 4448.868
11 0 125903.522
11 1 416924.545
11 2 184148.833
11 3 420210.333
11 4 416890.493
11 5 191318.657
11 6 268261.013
11 7 75812.967
11 8 50748.329
11 9 556740.223
11 10 333211.918
