132
0 1 277309.118
0 2 135604.001
0 3 169498.181
0 4 170760.446
0 5 197538.930
0 6 192885.822
0 7 132984.818
0 8 85676.485
0 9 290764.247
0 10 106644.178
0 11 31716.202
1 0 28707.401
1 2 400975.258
1 3 145673.270
1 4 678725.225
1 5 184936.392
1 6 458018.001
1 7 405961.094
1 8 598292.294
1 9 924745.005
1 10 486781.042
1 11 39582.027
2 0 7669.911
2 1 500944.571
2 3 126795.951
2 4 136083.870
2 5 211735.186
2 6 220704.759
2 7 188587.211
2 8 214813.396
2 9 418486.657
2 10 143665.494
2 11 371589.761
3 0 239534.532
3 1 918298.473
3 2 109098.417
3 4 444756.297
3 5 388207.829
3 6 491387.062
3 7 74153.674
3 8 158130.767
3 9 112646.048
3 10 328608.969
3 11 460381.259
4 0 40949.242
4 1 477569.505
4 2 495096.737
4 3 881152.657
4 5 470336.351
4 6 68656.665
4 7 147228.210
4 8 253733.165
4 9 216087.965
4 10 119217.118
4 11 482633.993
5 0 187689.555
5 1 619525.687
5 2 183744.669
5 3 158916.122
5 4 419295.122
5 6 386314.151
5 7 121564.679
5 8 58178.451
5 9 625987.128
5 10 5429.112
5 11 274993.163
6 0 262055.081
6 1 233145.308
6 2 424328.968
6 3 215813.376
6 4 106280.916
6 5 254820.856
6 7 126326.238
6 8 268250.137
6 9 113222.287
6 10 235105.289
6 11 451214.078
7 0 144139.869
7 1 320753.395
7 2 184796.164
7 3 396666.606
7 4 19446.004
7 5 371684.022
7 6 42594.939
7 8 347201.346
7 9 219386.493
7 10 132392.016
7 11 263056.823
8 0 187041.493
8 1 241379.388
8 2 165285.864
8 3 470969.016
8 4 70551.149
8 5 35256.446
8 6 118879.282
8 7 381653.677
8 9 434855.535
8 10 29017.124
8 11 292188.606
9 0 217596.436
9 1 656818.546
9 2 500223.857
9 3 783352.872
9 4 372627.084
9 5 26686.503
9 6 202717.435
9 7 45188.654
9 8 156948.432
9 10 127697.761
9 11 29141.541
10 0 135809.495
10 1 154132.587
10 2 234501.758
10 3 577062.881
10 4 116460.458
10 5 151292.142
10 6 26497.966
10 7 281250.217
10 8 163756.331
10 9 502696.639
10 11 303784.955
11 0 34414.246
11 1 218605.944
11 2 143298.412
11 3 127159.245
11 4 266730.179
11 5 178839.553
11 6 210695.424
11 7 304981.465
11 8 257307.845
11 9 238988.192
11 10 187213.041
