132
0 1 272722.557
0 2 62858.630
0 3 168142.171
0 4 37387.917
0 5 6272.972
0 6 75649.722
0 7 129254.174
0 8 118307.896
0 9 182468.977
0 10 192266.370
0 11 171799.981
1 0 255743.010
1 2 75982.948
1 3 697741.334
1 4 869350.396
1 5 481958.295
1 6 868285.893
1 7 514956.254
1 8 549039.739
1 9 227770.641
1 10 133199.155
1 11 539829.009
2 0 6521.282
2 1 525519.862
2 3 337611.349
2 4 412039.365
2 5 304548.487
2 6 84387.720
2 7 51344.546
2 8 2641.973
2 9 144252.554
2 10 388067.805
2 11 259276.923
3 0 104772.595
3 1 496345.014
3 2 146152.574
3 4 879747.758
3 5 417431.980
3 6 293295.683
3 7 501919.285
3 8 397147.388
3 9 188655.196
3 10 393242.050
3 11 271457.038
4 0 130697.135
4 1 248499.677
4 2 344253.098
4 3 604338.708
4 5 274973.966
4 6 224916.050
4 7 60039.317
4 8 230616.410
4 9 404810.702
4 10 119191.532
4 11 585477.648
5 0 178663.014
5 1 179416.879
5 2 426124.481
5 3 345814.925
5 4 471572.121
5 6 658649.090
5 7 139477.747
5 8 346589.028
5 9 450613.710
5 10 66961.651
5 11 155628.101
6 0 243342.314
6 1 507732.663
6 2 393693.001
6 3 446743.120
6 4 314027.010
6 5 199683.615
6 7 343800.553
6 8 270487.930
6 9 199579.215
6 10 242357.047
6 11 150825.250
7 0 109267.133
7 1 629092.456
7 2 65024.426
7 3 245005.896
7 4 11840.454
7 5 112718.972
7 6 432146.861
7 8 382239.596
7 9 153928.331
7 10 326200.252
7 11 392574.186
8 0 138837.296
8 1 407008.122
8 2 252646.884
8 3 455119.622
8 4 158527.608
8 5 404024.510
8 6 469533.085
8 7 355852.941
8 9 346774.020
8 10 223019.140
8 11 268438.977
9 0 165050.261
9 1 866744.945
9 2 304056.658
9 3 768459.302
9 4 227637.818
9 5 606407.205
9 6 214977.731
9 7 332431.343
9 8 447175.976
9 10 136147.738
9 11 217935.495
10 0 143561.424
10 1 399397.437
10 2 251367.799
10 3 517434.981
10 4 476274.608
10 5 291495.396
10 6 426577.343
10 7 144115.905
10 8 68201.956
10 9 38073.740
10 11 128236.347
11 0 101935.325
11 1 335802.540
11 2 359306.121
11 3 140985.556
11 4 491517.267
11 5 90921.954
11 6 330219.036
11 7 212573.622
11 8 334038.086
11 9 32669.663
11 10 391440.329
