132
0 1 272042.157
0 2 136297.465
0 3 137132.292
0 4 169287.703
0 5 195426.379
0 6 294753.067
0 7 61067.152
0 8 187806.387
0 9 172353.399
0 10 35880.950
0 11 185776.853
1 0 290423.666
1 2 246472.566
1 3 16225.996
1 4 857756.152
1 5 697869.785
1 6 473861.420
1 7 197225.918
1 8 55203.386
1 9 55186.868
1 10 254999.196
1 11 319265.576
2 0 65821.659
2 1 91914.256
2 3 533020.390
2 4 119632.666
2 5 224257.267
2 6 260760.749
2 7 247499.420
2 8 310588.013
2 9 407895.434
2 10 357728.734
2 11 45869.638
3 0 6958.822
3 1 797366.895
3 2 300024.790
3 4 831163.718
3 5 428395.507
3 6 514964.879
3 7 167937.542
3 8 122254.494
3 9 170780.972
3 10 205186.111
3 11 349752.815
4 0 196036.427
4 1 13536.892
4 2 313971.791
4 3 316239.083
4 5 97035.665
4 6 773928.855
4 7 274169.254
4 8 15497.001
4 9 559017.725
4 10 234325.831
4 11 36369.687
5 0 152704.731
5 1 398896.476
5 2 248110.603
5 3 250471.596
5 4 412026.400
5 6 389991.046
5 7 413821.836
5 8 300170.552
5 9 627686.942
5 10 276598.383
5 11 36660.067
6 0 101006.114
6 1 494437.746
6 2 74933.352
6 3 655011.585
6 4 218423.217
6 5 74510.095
6 7 65077.441
6 8 367274.798
6 9 575288.719
6 10 379988.668
6 11 321261.736
7 0 129613.563
7 1 10143.941
7 2 263611.341
7 3 38864.499
7 4 118759.228
7 5 153251.435
7 6 405074.745
7 8 31193.093
7 9 530112.486
7 10 387979.770
7 11 353919.485
8 0 22572.438
8 1 384663.190
8 2 391319.624
8 3 322392.570
8 4 427501.959
8 5 402656.111
8 6 97976.672
8 7 190641.057
8 9 450305.629
8 10 219898.610
8 11 340413.660
9 0 222341.480
9 1 175955.638
9 2 161158.537
9 3 636219.502
9 4 756341.044
9 5 252252.754
9 6 547876.721
9 7 336814.355
9 8 321967.183
9 10 139655.751
9 11 372083.971
10 0 106265.067
10 1 618885.988
10 2 79706.582
10 3 285718.128
10 4 334662.518
10 5 178777.208
10 6 381324.195
10 7 165076.422
10 8 296511.401
10 9 84857.655
10 11 42898.513
11 0 6825.277
11 1 391414.028
11 2 128243.273
11 3 13166.808
11 4 201818.463
11 5 220258.794
11 6 228807.664
11 7 31490.875
11 8 123226.099
11 9 167968.077
11 10 157506.319
