132
0 1 216896.612
0 2 66616.490
0 3 27256.737
0 4 17277.259
0 5 68722.878
0 6 184638.950
0 7 101283.701
0 8 56037.889
0 9 169681.902
0 10 188771.456
0 11 182512.653
1 0 69002.380
1 2 60777.037
1 3 53550.668
1 4 826198.247
1 5 265336.685
1 6 801815.160
1 7 279442.406
1 8 97147.588
1 9 155781.863
1 10 393928.929
1 11 487615.094
2 0 124423.672
2 1 557389.143
2 3 99443.141
2 4 263632.456
2 5 129754.225
2 6 88271.786
2 7 175927.527
2 8 56368.049
2 9 248891.291
2 10 229211.197
2 11 213740.069
3 0 210248.556
3 1 276138.186
3 2 419424.535
3 4 428152.959
3 5 369538.259
3 6 580128.754
3 7 222326.614
3 8 310622.171
3 9 200870.610
3 10 156379.401
3 11 475146.686
4 0 274540.659
4 1 268035.820
4 2 541396.398
4 3 301019.197
4 5 624671.769
4 6 790541.219
4 7 140844.142
4 8 326105.617
4 9 325243.467
4 10 286558.429
4 11 581017.530
5 0 106195.946
5 1 271396.354
5 2 78731.337
5 3 496601.033
5 4 82976.413
5 6 662030.798
5 7 321233.852
5 8 274815.420
5 9 634129.505
5 10 244719.537
5 11 311461.912
6 0 132238.808
6 1 157167.341
6 2 147957.102
6 3 468054.575
6 4 612554.283
6 5 1480.843
6 7 84426.838
6 8 408483.404
6 9 299196.014
6 10 555438.268
6 11 500767.842
7 0 65078.095
7 1 240215.538
7 2 326569.646
7 3 265237.593
7 4 206086.216
7 5 122289.898
7 6 377525.621
7 8 137790.158
7 9 323923.022
7 10 195819.326
7 11 76965.606
8 0 121429.548
8 1 325340.321
8 2 75967.624
8 3 507392.267
8 4 180609.150
8 5 113816.039
8 6 255956.246
8 7 286388.583
8 9 24387.834
8 10 390188.269
8 11 373593.871
9 0 247684.169
9 1 926275.900
9 2 429016.574
9 3 635179.335
9 4 414887.152
9 5 364675.766
9 6 837909.335
9 7 127899.948
9 8 152298.588
9 10 245202.358
9 11 129830.027
10 0 49070.118
10 1 577092.726
10 2 387812.966
10 3 408033.187
10 4 357012.213
10 5 196300.820
10 6 73193.012
10 7 148696.083
10 8 348081.312
10 9 309509.886
10 11 360407.396
11 0 126730.703
11 1 372181.029
11 2 315071.769
11 3 437198.985
11 4 124811.588
11 5 282629.223
11 6 211375.417
11 7 79989.758
11 8 27944.400
11 9 451999.187
11 10 260456.203
