132
0 1 253396.542
0 2 137681.058
0 3 20898.515
0 4 47835.958
0 5 135403.721
0 6 228707.118
0 7 145608.367
0 8 61223.682
0 9 46729.313
0 10 116772.323
0 11 46624.560
1 0 11975.833
1 2 205911.664
1 3 437715.304
1 4 954552.775
1 5 481409.407
1 6 858727.701
1 7 190411.480
1 8 202274.614
1 9 681508.460
1 10 512076.626
1 11 303930.786
2 0 41300.998
2 1 260431.609
2 3 489998.209
2 4 554017.178
2 5 226284.315
2 6 27269.808
2 7 208904.021
2 8 104549.860
2 9 252348.821
2 10 37007.764
2 11 370156.954
3 0 280303.207
3 1 211440.054
3 2 228180.174
3 4 114168.657
3 5 609534.592
3 6 499372.611
3 7 182671.878
3 8 479047.775
3 9 110616.618
3 10 409075.044
3 11 83195.837
4 0 255027.170
4 1 649555.781
4 2 5129.109
4 3 569260.271
4 5 525328.835
4 6 217627.480
4 7 145493.887
4 8 133095.005
4 9 754136.405
4 10 588937.308
4 11 288196.081
5 0 44096.079
5 1 331433.330
5 2 167405.132
5 3 370527.461
5 4 114215.766
5 6 457581.672
5 7 270515.524
5 8 217004.602
5 9 304272.845
5 10 382225.407
5 11 69293.004
6 0 239255.586
6 1 732136.905
6 2 130990.077
6 3 524978.898
6 4 843031.073
6 5 406121.135
6 7 268298.893
6 8 470776.742
6 9 436132.835
6 10 329269.859
6 11 126207.428
7 0 137130.173
7 1 262261.127
7 2 228466.448
7 3 167369.205
7 4 208378.622
7 5 59381.870
7 6 59678.731
7 8 119495.685
7 9 46158.953
7 10 264775.763
7 11 126176.606
8 0 190123.220
8 1 204920.510
8 2 115799.320
8 3 273578.708
8 4 81981.661
8 5 23537.124
8 6 101353.028
8 7 78025.585
8 9 33052.268
8 10 339314.848
8 11 391116.316
9 0 293702.688
9 1 648416.436
9 2 139916.934
9 3 516967.295
9 4 419556.302
9 5 440774.231
9 6 242663.754
9 7 91356.916
9 8 82126.974
9 10 580528.304
9 11 510732.589
10 0 136840.934
10 1 51227.913
10 2 342220.492
10 3 258203.050
10 4 707.725
10 5 196099.514
10 6 86759.345
10 7 199616.948
10 8 291726.281
10 9 104076.681
10 11 55109.596
11 0 68144.420
11 1 132563.911
11 2 241452.159
11 3 441877.207
11 4 253624.273
11 5 93545.113
11 6 290807.075
11 7 168201.290
11 8 139039.842
11 9 60543.742
11 10 59686.592
