132
0 1 11204.275
0 2 89253.675
0 3 31607.472
0 4 259531.496
0 5 126393.094
0 6 18263.633
0 7 120524.940
0 8 150908.027
0 9 52712.894
0 10 114710.717
0 11 59396.301
1 0 158641.977
1 2 482759.043
1 3 19703.208
1 4 528799.476
1 5 611668.414
1 6 538416.259
1 7 19157.671
1 8 564101.818
1 9 177931.415
1 10 3697.557
1 11 537612.547
2 0 1792.871
2 1 341274.933
2 3 434546.387
2 4 510128.692
2 5 120933.949
2 6 487748.957
2 7 203253.826
2 8 176468.624
2 9 27322.387
2 10 22668.276
2 11 283060.382
3 0 210464.113
3 1 513835.598
3 2 529305.914
3 4 276159.811
3 5 598646.641
3 6 768436.684
3 7 569630.398
3 8 434918.117
3 9 772823.074
3 10 570974.864
3 11 504702.012
4 0 219556.906
4 1 500844.638
4 2 118849.489
4 3 493883.939
4 5 62974.583
4 6 649405.288
4 7 335683.223
4 8 242359.456
4 9 766112.156
4 10 111637.887
4 11 280543.460
5 0 9203.489
5 1 181043.926
5 2 112942.274
5 3 521651.698
5 4 479679.168
5 6 307149.912
5 7 368435.178
5 8 264039.969
5 9 658993.558
5 10 210576.798
5 11 31622.542
6 0 108582.690
6 1 175480.457
6 2 395431.040
6 3 558831.432
6 4 306806.331
6 5 116881.104
6 7 262024.796
6 8 429234.608
6 9 498439.179
6 10 230141.198
6 11 231398.913
7 0 32077.455
7 1 80969.708
7 2 72697.591
7 3 528829.806
7 4 198091.271
7 5 222526.810
7 6 79482.092
7 8 267496.225
7 9 64742.556
7 10 310531.862
7 11 327820.768
8 0 41410.312
8 1 60162.813
8 2 184928.054
8 3 127164.389
8 4 189614.411
8 5 350311.351
8 6 373793.945
8 7 74260.855
8 9 2820.137
8 10 290537.558
8 11 342172.656
9 0 99460.070
9 1 623103.844
9 2 32039.946
9 3 417342.221
9 4 98294.571
9 5 604906.264
9 6 424678.441
9 7 213258.495
9 8 574438.666
9 10 403844.220
9 11 64033.584
10 0 66084.478
10 1 371027.488
10 2 108926.363
10 3 511226.187
10 4 433984.682
10 5 325006.324
10 6 266472.528
10 7 322520.395
10 8 135076.697
10 9 78046.549
10 11 216448.136
11 0 94552.526
11 1 633076.260
11 2 43231.744
11 3 519552.343
11 4 359157.633
11 5 371375.901
11 6 483679.293
11 7 369997.473
11 8 357422.781
11 9 216419.413
11 10 323912.939
