132
0 1 66346.137
0 2 116908.281
0 3 61936.428
0 4 210757.645
0 5 138047.078
0 6 289292.237
0 7 193826.209
0 8 16458.955
0 9 220930.440
0 10 75865.479
0 11 180978.066
1 0 43065.888
1 2 228279.043
1 3 402444.032
1 4 846984.735
1 5 122041.039
1 6 147096.348
1 7 184398.678
1 8 249372.291
1 9 144432.032
1 10 413661.240
1 11 284663.108
2 0 185690.683
2 1 470530.999
2 3 98179.889
2 4 338008.668
2 5 176936.746
2 6 30343.033
2 7 130575.425
2 8 197652.871
2 9 458335.485
2 10 335021.975
2 11 342170.994
3 0 23577.031
3 1 853432.420
3 2 312817.953
3 4 291023.586
3 5 543779.179
3 6 174685.953
3 7 346019.962
3 8 108876.117
3 9 266829.578
3 10 174491.440
3 11 248172.164
4 0 150635.425
4 1 777133.511
4 2 455062.116
4 3 812206.153
4 5 76358.036
4 6 442886.412
4 7 497299.003
4 8 245446.430
4 9 732706.984
4 10 28055.816
4 11 63900.023
5 0 180100.003
5 1 519918.782
5 2 200203.893
5 3 258833.384
5 4 105422.204
5 6 352000.362
5 7 194581.287
5 8 327355.252
5 9 161099.934
5 10 380127.022
5 11 139844.440
6 0 11829.840
6 1 552258.949
6 2 318053.856
6 3 303794.782
6 4 877979.957
6 5 468914.745
6 7 184663.863
6 8 540093.239
6 9 707392.513
6 10 524734.756
6 11 204888.706
7 0 79369.467
7 1 330817.572
7 2 256249.387
7 3 231303.534
7 4 103153.029
7 5 354009.818
7 6 139251.060
7 8 87799.143
7 9 532558.144
7 10 74199.732
7 11 345829.204
8 0 57254.137
8 1 482693.182
8 2 142856.981
8 3 184800.632
8 4 541438.013
8 5 231242.386
8 6 72818.214
8 7 233002.181
8 9 554726.107
8 10 127117.985
8 11 212024.576
9 0 156647.507
9 1 544396.885
9 2 153712.648
9 3 76713.665
9 4 735047.063
9 5 377349.645
9 6 266597.836
9 7 111115.735
9 8 404307.170
9 10 545081.184
9 11 271227.697
10 0 68195.971
10 1 239615.464
10 2 69890.597
10 3 260375.883
10 4 91846.689
10 5 241778.859
10 6 452902.461
10 7 393267.687
10 8 25608.896
10 9 55565.206
10 11 353906.335
11 0 190303.600
11 1 246010.462
11 2 319999.852
11 3 212575.042
11 4 87123.478
11 5 27182.509
11 6 408348.138
11 7 276557.605
11 8 245161.232
11 9 373199.629
11 10 198824.346
