132
0 1 121850.535
0 2 21862.091
0 3 207309.025
0 4 26380.526
0 5 177858.083
0 6 262003.440
0 7 65272.256
0 8 27675.351
0 9 280010.130
0 10 5323.417
0 11 156789.151
1 0 228361.321
1 2 192976.446
1 3 460679.923
1 4 204406.414
1 5 151817.666
1 6 681934.401
1 7 551167.567
1 8 339238.597
1 9 570173.737
1 10 367838.727
1 11 401385.987
2 0 168160.697
2 1 368931.409
2 3 164537.917
2 4 300293.825
2 5 242522.492
2 6 560991.436
2 7 175225.452
2 8 106974.187
2 9 50074.727
2 10 328586.462
2 11 82788.511
3 0 242239.087
3 1 84401.435
3 2 443827.944
3 4 421186.316
3 5 634944.165
3 6 825532.944
3 7 393456.320
3 8 553472.279
3 9 499714.668
3 10 106058.943
3 11 180759.479
4 0 251092.745
4 1 274504.301
4 2 242365.119
4 3 558783.574
4 5 406691.813
4 6 51129.136
4 7 34179.388
4 8 380013.564
4 9 379060.050
4 10 578614.737
4 11 337815.168
5 0 187364.024
5 1 551074.287
5 2 268955.566
5 3 571922.034
5 4 407307.598
5 6 450302.669
5 7 240603.020
5 8 155794.636
5 9 323381.732
5 10 311955.389
5 11 156288.111
6 0 1431.321
6 1 818692.102
6 2 292817.711
6 3 325809.089
6 4 701425.907
6 5 264270.968
6 7 279307.558
6 8 166019.378
6 9 271119.041
6 10 364898.903
6 11 485118.327
7 0 32014.234
7 1 52658.127
7 2 342460.862
7 3 248803.329
7 4 62610.074
7 5 306733.630
7 6 462246.334
7 8 343276.177
7 9 140795.642
7 10 183622.770
7 11 77527.442
8 0 45103.296
8 1 319289.444
8 2 31428.578
8 3 323742.561
8 4 131694.502
8 5 101321.335
8 6 238746.612
8 7 143035.734
8 9 265013.236
8 10 51910.009
8 11 256809.781
9 0 4810.352
9 1 371817.557
9 2 499690.561
9 3 165369.826
9 4 212112.385
9 5 105598.938
9 6 739241.951
9 7 391811.223
9 8 520465.829
9 10 374394.668
9 11 537399.248
10 0 81048.439
10 1 399455.409
10 2 56949.002
10 3 389086.242
10 4 82357.714
10 5 330546.941
10 6 464625.330
10 7 382396.519
10 8 214511.173
10 9 375755.140
10 11 109926.092
11 0 38233.763
11 1 437781.106
11 2 240897.529
11 3 363449.261
11 4 252923.444
11 5 99207.107
11 6 560369.783
11 7 220513.340
11 8 261322.154
11 9 133591.525
11 10 378067.659
