132
0 1 207127.260
0 2 35129.805
0 3 3976.728
0 4 184136.814
0 5 200264.579
0 6 225440.727
0 7 122457.538
0 8 148677.962
0 9 182858.105
0 10 19493.004
0 11 27776.619
1 0 167368.757
1 2 409470.847
1 3 645215.517
1 4 816552.675
1 5 624720.821
1 6 23491.611
1 7 72953.363
1 8 249269.424
1 9 428079.759
1 10 515829.989
1 11 344388.822
2 0 86265.305
2 1 519521.735
2 3 231327.633
2 4 252926.434
2 5 294228.091
2 6 343695.561
2 7 370925.405
2 8 20657.793
2 9 303098.953
2 10 329753.266
2 11 62913.068
3 0 84826.020
3 1 711694.631
3 2 220738.120
3 4 506705.424
3 5 519809.837
3 6 646658.736
3 7 548410.045
3 8 76793.987
3 9 816062.784
3 10 60402.332
3 11 490806.511
4 0 263663.268
4 1 780931.406
4 2 551732.232
4 3 701101.741
4 5 30566.916
4 6 496478.633
4 7 241040.718
4 8 471216.630
4 9 433285.525
4 10 120672.082
4 11 1560.690
5 0 177987.624
5 1 92216.162
5 2 220882.620
5 3 650202.394
5 4 26474.327
5 6 62209.214
5 7 85784.094
5 8 24694.823
5 9 498567.983
5 10 308151.341
5 11 241934.041
6 0 74971.198
6 1 722037.022
6 2 364359.229
6 3 494853.944
6 4 178802.870
6 5 651178.246
6 7 330905.836
6 8 212031.546
6 9 298124.971
6 10 225708.597
6 11 524855.885
7 0 186412.017
7 1 28456.251
7 2 135175.905
7 3 138811.225
7 4 315291.281
7 5 10908.492
7 6 77512.363
7 8 287994.214
7 9 439778.558
7 10 112247.310
7 11 309586.816
8 0 130420.921
8 1 147607.218
8 2 10942.828
8 3 344328.448
8 4 432367.865
8 5 187700.006
8 6 387970.131
8 7 239530.849
8 9 123123.427
8 10 326619.647
8 11 94041.253
9 0 58220.542
9 1 384958.628
9 2 17605.807
9 3 485953.405
9 4 738086.658
9 5 308149.430
9 6 22037.621
9 7 214860.635
9 8 72172.362
9 10 199774.235
9 11 529921.179
10 0 63397.635
10 1 151579.878
10 2 137963.826
10 3 224715.966
10 4 491721.746
10 5 329297.603
10 6 293082.674
10 7 53273.354
10 8 268756.079
10 9 551574.836
10 11 151778.461
11 0 188034.333
11 1 140450.770
11 2 294735.896
11 3 290115.567
11 4 395291.517
11 5 102670.931
11 6 329360.568
11 7 161180.895
11 8 225186.768
11 9 358454.471
11 10 314066.343
