132
0 1 263922577.740
0 2 209623487.026
0 3 430640968.574
0 4 207158981.866
0 5 179399899.427
0 6 313404415.859
0 7 222885193.785
0 8 289062380.885
0 9 240567461.398
0 10 236896924.881
0 11 244793246.363
1 0 379011093.688
1 2 850637363.664
1 3 819828115.922
1 4 806670331.954
1 5 802681448.609
1 6 1017832983.745
1 7 743112683.719
1 8 675468128.433
1 9 1273161769.361
1 10 819789702.238
1 11 497111432.569
2 0 177522010.814
2 1 849397732.597
2 3 430255030.880
2 4 560496504.165
2 5 541760644.283
2 6 535574212.261
2 7 419597514.033
2 8 534884177.705
2 9 443234543.363
2 10 476010300.854
2 11 376775309.880
3 0 255617285.824
3 1 993000918.518
3 2 622109603.760
3 4 1073879636.470
3 5 550307711.674
3 6 1141662215.765
3 7 490787430.863
3 8 425654253.897
3 9 694345158.293
3 10 738516581.085
3 11 502153877.424
4 0 255805207.033
4 1 810493072.565
4 2 830870257.147
4 3 1053724815.173
4 5 883829017.527
4 6 1181537385.777
4 7 430146566.860
4 8 402915078.740
4 9 705587249.034
4 10 771079224.628
4 11 721783274.496
5 0 207219572.350
5 1 725559840.791
5 2 545640559.867
5 3 810676392.876
5 4 831972779.528
5 6 718515809.417
5 7 398961234.621
5 8 378350643.110
5 9 876391791.639
5 10 509709814.524
5 11 603564874.900
6 0 397048645.222
6 1 863573490.275
6 2 875064371.362
6 3 853562050.399
6 4 1285267299.844
6 5 928409352.724
6 7 790800172.166
6 8 672896270.607
6 9 848278444.241
6 10 398047593.282
6 11 787072860.098
7 0 132778027.704
7 1 833423821.060
7 2 561235903.265
7 3 813938037.672
7 4 583071986.203
7 5 580965043.943
7 6 825472526.444
7 8 513309213.526
7 9 541031075.174
7 10 397507887.900
7 11 380369096.334
8 0 221484383.521
8 1 718475348.501
8 2 320622066.119
8 3 527318634.761
8 4 633145428.726
8 5 530885838.251
8 6 673602536.915
8 7 549577472.851
8 9 399180405.595
8 10 478519292.749
8 11 382012305.895
9 0 204141683.312
9 1 943048372.263
9 2 823320244.186
9 3 933308155.528
9 4 1186034518.879
9 5 698649366.178
9 6 773614928.180
9 7 569655154.285
9 8 404636765.533
9 10 523406591.102
9 11 432253184.867
10 0 183612796.218
10 1 859666253.144
10 2 566615419.131
10 3 468681791.252
10 4 797381334.216
10 5 419791075.289
10 6 516455364.784
10 7 278995429.190
10 8 502596194.998
10 9 793354402.203
10 11 466091766.356
11 0 148903362.538
11 1 448430691.822
11 2 456335897.756
11 3 578668737.738
11 4 424012005.756
11 5 613264271.976
11 6 736749539.647
11 7 382739483.306
11 8 325851554.868
11 9 433452385.683
11 10 268959187.151
