132
0 1 275454.858
0 2 74745.950
0 3 294013.909
0 4 102326.491
0 5 8074.329
0 6 138895.021
0 7 192684.339
0 8 86721.683
0 9 102196.748
0 10 144776.525
0 11 64889.180
1 0 81763.109
1 2 238974.078
1 3 242502.299
1 4 486808.625
1 5 328673.627
1 6 766006.295
1 7 344366.717
1 8 352429.791
1 9 835650.213
1 10 438065.545
1 11 281297.554
2 0 185066.955
2 1 488335.764
2 3 509647.969
2 4 371541.737
2 5 326802.757
2 6 256739.923
2 7 133772.149
2 8 57441.790
2 9 94842.917
2 10 57779.794
2 11 188804.794
3 0 104393.719
3 1 292406.702
3 2 60310.417
3 4 395357.083
3 5 107302.968
3 6 89248.950
3 7 432503.988
3 8 477080.143
3 9 785348.175
3 10 146856.088
3 11 13216.546
4 0 7400.572
4 1 432842.134
4 2 268952.899
4 3 802795.605
4 5 480062.883
4 6 153816.574
4 7 577198.537
4 8 377457.757
4 9 778134.355
4 10 305348.472
4 11 444960.047
5 0 92022.664
5 1 498159.282
5 2 413504.370
5 3 250801.348
5 4 194370.630
5 6 538122.941
5 7 298803.490
5 8 164828.279
5 9 379711.418
5 10 45340.193
5 11 27635.624
6 0 174841.503
6 1 655719.124
6 2 395332.860
6 3 2562.510
6 4 720208.628
6 5 314651.752
6 7 241472.664
6 8 117154.498
6 9 303363.243
6 10 358916.538
6 11 345374.759
7 0 10725.699
7 1 203649.665
7 2 275469.216
7 3 195153.235
7 4 50640.159
7 5 300582.487
7 6 338723.997
7 8 142000.298
7 9 232656.404
7 10 322288.920
7 11 66524.881
8 0 190150.542
8 1 6336.132
8 2 319972.683
8 3 369004.358
8 4 113838.752
8 5 404677.137
8 6 547540.200
8 7 80012.340
8 9 365661.765
8 10 381121.822
8 11 327483.690
9 0 14681.089
9 1 783974.477
9 2 288925.583
9 3 173189.194
9 4 643350.173
9 5 503500.054
9 6 798024.271
9 7 36119.521
9 8 110475.105
9 10 215683.507
9 11 19806.930
10 0 155466.029
10 1 459723.046
10 2 344834.112
10 3 89144.593
10 4 83053.129
10 5 274993.635
10 6 566597.488
10 7 100906.230
10 8 113718.983
10 9 300567.044
10 11 171981.359
11 0 117439.316
11 1 228746.373
11 2 111497.995
11 3 107547.722
11 4 107975.180
11 5 418051.926
11 6 526527.043
11 7 300740.521
11 8 168906.926
11 9 148126.663
11 10 273403.728
