132
0 1 140682.282
0 2 68331.380
0 3 288146.394
0 4 135268.289
0 5 60916.400
0 6 62087.365
0 7 149159.192
0 8 39970.296
0 9 208766.742
0 10 196171.362
0 11 37431.670
1 0 95169.721
1 2 624275.632
1 3 546480.663
1 4 408729.374
1 5 567390.557
1 6 920524.755
1 7 525977.636
1 8 82044.007
1 9 409616.624
1 10 88117.929
1 11 638423.952
2 0 16478.395
2 1 201446.999
2 3 550745.316
2 4 369533.060
2 5 125433.109
2 6 488816.078
2 7 290287.481
2 8 30085.569
2 9 310298.534
2 10 291937.245
2 11 82023.577
3 0 110466.729
3 1 123891.284
3 2 110368.873
3 4 687059.084
3 5 101694.854
3 6 774535.129
3 7 278924.454
3 8 313320.320
3 9 211251.361
3 10 474432.664
3 11 542215.108
4 0 220585.609
4 1 787185.891
4 2 582812.685
4 3 453842.260
4 5 576335.653
4 6 686773.501
4 7 93331.621
4 8 356905.980
4 9 764373.866
4 10 510077.402
4 11 248762.517
5 0 90276.174
5 1 393084.003
5 2 380245.477
5 3 57329.893
5 4 283083.366
5 6 260791.543
5 7 329788.746
5 8 240897.933
5 9 656239.069
5 10 393763.554
5 11 218586.337
6 0 208846.918
6 1 809187.116
6 2 191094.702
6 3 432467.416
6 4 247662.385
6 5 269314.718
6 7 156965.558
6 8 328787.505
6 9 140740.951
6 10 370757.853
6 11 126086.758
7 0 18090.178
7 1 284388.924
7 2 354654.610
7 3 159699.292
7 4 454214.676
7 5 75748.574
7 6 318133.031
7 8 223310.335
7 9 310964.261
7 10 312467.214
7 11 202900.755
8 0 186999.040
8 1 18674.591
8 2 279715.861
8 3 60910.078
8 4 407201.871
8 5 370077.450
8 6 178074.327
8 7 353278.883
8 9 535619.589
8 10 89105.255
8 11 367949.278
9 0 103436.131
9 1 368188.716
9 2 44633.895
9 3 398106.498
9 4 110317.462
9 5 311707.536
9 6 635304.757
9 7 278287.826
9 8 498980.788
9 10 484315.219
9 11 430843.406
10 0 193471.917
10 1 610815.488
10 2 269493.237
10 3 160294.623
10 4 413627.436
10 5 233253.962
10 6 546399.837
10 7 62630.572
10 8 301356.773
10 9 486202.741
10 11 277964.881
11 0 172969.560
11 1 365191.025
11 2 306647.434
11 3 551474.802
11 4 243315.018
11 5 8299.776
11 6 538961.859
11 7 207559.878
11 8 22367.762
11 9 91230.734
11 10 201042.207
