132
0 1 142221.210
0 2 115714.924
0 3 121218.365
0 4 123538.857
0 5 85327.650
0 6 244305.410
0 7 135598.720
0 8 177377.476
0 9 163419.611
0 10 109100.737
0 11 62863.061
1 0 238711.141
1 2 71347.716
1 3 100611.277
1 4 893635.096
1 5 458173.521
1 6 449944.794
1 7 255034.383
1 8 521983.191
1 9 958709.936
1 10 243455.077
1 11 420189.835
2 0 9713.780
2 1 497398.160
2 3 426711.779
2 4 89995.295
2 5 156902.504
2 6 467180.796
2 7 98345.069
2 8 195047.171
2 9 409803.908
2 10 277998.510
2 11 261726.730
3 0 92835.239
3 1 838276.770
3 2 416251.495
3 4 583191.893
3 5 128806.214
3 6 471789.697
3 7 551263.800
3 8 151049.842
3 9 437143.136
3 10 128949.897
3 11 211795.978
4 0 206278.427
4 1 209615.892
4 2 399198.231
4 3 60739.347
4 5 134614.494
4 6 783180.744
4 7 569606.147
4 8 491150.646
4 9 765784.688
4 10 552662.026
4 11 481481.009
5 0 196316.246
5 1 68323.709
5 2 388280.380
5 3 370683.085
5 4 321570.763
5 6 459748.918
5 7 306318.676
5 8 265131.825
5 9 259826.650
5 10 328059.554
5 11 103095.241
6 0 249267.411
6 1 403841.854
6 2 83182.988
6 3 695110.361
6 4 174618.014
6 5 468453.969
6 7 173203.902
6 8 590229.814
6 9 182977.757
6 10 263650.866
6 11 430909.632
7 0 69459.936
7 1 108772.750
7 2 78216.494
7 3 457353.587
7 4 267854.409
7 5 99914.907
7 6 577449.424
7 8 213404.106
7 9 312482.041
7 10 105490.452
7 11 92677.140
8 0 64068.291
8 1 22499.855
8 2 274574.231
8 3 179616.996
8 4 330128.291
8 5 7273.390
8 6 189643.035
8 7 24789.288
8 9 10452.115
8 10 110409.877
8 11 186479.848
9 0 247962.147
9 1 919421.435
9 2 245667.974
9 3 419757.243
9 4 433205.555
9 5 288051.461
9 6 360519.353
9 7 410911.641
9 8 321830.422
9 10 90809.610
9 11 390141.348
10 0 59465.212
10 1 339490.079
10 2 27803.248
10 3 430117.149
10 4 571037.867
10 5 213382.500
10 6 151067.784
10 7 203334.737
10 8 240963.672
10 9 187669.582
10 11 143336.146
11 0 7418.277
11 1 28708.367
11 2 215468.571
11 3 2217.153
11 4 90524.480
11 5 367357.859
11 6 113672.881
11 7 219748.068
11 8 226037.229
11 9 437348.830
11 10 252732.004
