432
7 3 10929
16 9 41558
19 4 8303495
17 20 24709
22 19 6340
20 7 33931
18 19 52420
21 6 1188666
8 5 49370
9 0 1965636
10 7 107711
0 17 117625
14 1 377
12 17 12857
15 4 131782
13 20 731143
3 2 48
4 5 3316
16 0 1476084
19 13 77916
17 13 175590
7 22 9114
20 14 5487
21 15 19894
8 12 15097
22 12 274
10 14 52
8 18 52095
11 15 48
9 19 20238
14 8 40
12 8 47202
1 21 1210953
15 13 172606
2 18 2751
0 14 603
3 11 109
1 15 457681
4 12 2109
2 12 442570
5 1 34696
16 7 18022
19 18 75267
17 6 373160
7 15 1218323
20 21 1020748
18 5 16973
21 8 14114
22 7 9084
10 9 297507
11 4 19074
9 20 858451
12 7 129626
10 19 411223
13 6 7592129
0 5 14598
1 0 2639025
4 11 46843
2 7 54247
4 17 1968
7 4 5237042
5 20 5604997
16 20 386085
21 17 50993
19 1 193371
18 22 3393
8 0 20006748
15 19 434318
11 19 509329
12 20 1327436
16 11 1859
6 18 106055
19 6 1387079
20 1 2959633
18 17 1063
21 4 3506
8 7 84626
9 6 3152126
10 5 466533
11 8 132481
0 19 236725
14 7 195
12 19 27499
1 18 148505
15 6 388729
13 18 424347
0 9 853522
4 7 108214
5 6 84030
16 2 84
6 21 429588
19 15 127081
17 3 48
7 16 11048
20 8 11362449
18 8 170117
21 13 3414277
8 14 1122
9 15 381585
10 12 3573503
8 20 10271916
11 1 217683
9 17 85432
10 22 11177
13 11 83083
3 13 7483
1 13 4905301
4 14 652
5 15 1879
3 19 94376
6 12 5498588
4 20 10470360
19 20 18215555
17 4 63639
7 9 6108
18 3 1420
21 22 3685
11 6 1709346
12 1 9483
10 17 102807
15 20 140199
13 4 24897
0 7 784583
2 5 123
5 8 3856
6 7 2009866
4 19 9470560
7 6 956240
5 18 6825
16 22 5336
19 3 4092
20 4 11346
18 20 17543392
8 2 40
9 3 100
11 21 174375
14 2 594
12 22 312
3 1 9882
16 13 311202
6 16 1368580
19 8 3820066
17 8 6449
7 21 285188
20 3 414
18 15 2688
21 2 19751
8 9 5172
9 4 21722
0 21 299775
12 13 282208
1 16 129010
15 0 531193
13 16 16113
0 11 987163
3 6 6294
4 1 22946
5 4 4402
6 11 280586
19 17 39523
17 1 82824
7 18 261763
18 6 657837
21 11 52770
22 0 27658
9 13 1550804
8 22 80001
11 3 7886
14 12 3522
12 4 16405
10 20 2430320
15 9 2845
13 9 4929
0 2 627429
3 15 276523
1 3 2261
4 8 11673
2 8 1595
5 13 3780179
6 2 5041301
4 22 175
19 22 3067
7 11 3836
20 17 15319
18 1 117854
16 17 52
21 20 596036
12 3 89520
13 2 13208
1 4 55079
6 5 102092
7 0 2097152
5 16 306
16 8 1057
19 5 14209
17 21 195387
22 18 4036
20 6 5018276
21 7 1351316
8 4 42673
9 1 779921
0 16 13518
14 0 802504
12 16 22019
15 5 50364
13 21 670801
16 15 624
6 22 51617
22 21 1036
20 13 2418894
18 13 10135987
21 0 1892399
8 11 97767
8 17 4764
11 12 117026
14 11 1552
12 15 287739
1 22 124787
15 2 429149
13 14 606789
2 21 7401
0 13 4026925
1 8 348913
2 15 626598
5 2 197
16 6 168132
6 9 36658
17 7 29383
7 12 325004
18 4 28513
21 9 215348
22 6 85578
10 8 55888
11 5 31665
9 21 510757
12 6 1696818
10 18 455345
13 7 442377
0 4 30634
2 6 5183030
5 11 26073
6 0 508175
7 5 1470064
5 21 23603
20 19 282958
16 19 1377
21 18 135830
17 18 4322
14 21 1603
15 16 61520
13 0 6167095
11 16 524
2 1 14935
7 2 391
19 7 90954
22 16 28427
20 0 208978
18 16 4903
21 5 135332
8 6 337399
9 7 341276
10 4 17875
11 9 21962
0 18 275432
14 6 142838
12 18 39381
1 19 1129148
15 7 1988150
13 19 62980
0 8 65649
3 5 52
4 6 302388
5 7 133906
16 1 2187
6 20 800042
19 12 69963
17 12 5410
7 17 1165985
20 15 529813
18 11 83598
21 14 843
8 13 62262
22 13 2017
9 8 20476
10 15 109477
8 19 10635398
11 14 40
9 18 8211939
14 9 55
12 9 1665
1 20 3607698
15 12 10852
13 12 433960
2 19 462
0 15 1105968
1 14 5448
4 13 11490
2 13 913
5 0 11492238
6 15 61948
19 21 16326
17 5 492
7 14 492207
20 22 21079
18 2 43782
22 4 3040
11 7 2091
12 0 327233
10 16 78974
15 21 58879
13 5 3772297
0 6 7607057
1 7 324176
5 9 7292
4 18 8961
5 19 16455
16 21 5101
21 16 9831
19 0 40699737
8 1 32503
15 18 32095
11 18 73560
12 21 111383
16 12 3449
6 19 181016
19 9 88
17 9 55475
20 2 54799
21 3 108
22 8 14441
9 5 5211984
10 2 824682
0 20 7340579
14 4 7046
1 17 461399
15 1 12368
13 17 25206
3 7 7917
1 11 1224844
4 0 21476581
19 14 75
17 2 60
7 19 11825325
20 9 244614
18 9 50740
21 12 50128
8 15 19862
9 14 5508
10 13 2083001
8 21 18529
11 0 350073
9 16 2445566
12 11 421319
15 14 51
2 17 52
0 1 2272281
3 12 15118
1 12 459799
4 15 3394
2 11 3413
3 18 52
6 13 2338425
4 21 6619
7 8 11358899
20 16 2085812
18 0 46636208
12 2 117690
13 3 175
1 5 373098
6 4 16815
7 1 1361555
5 17 21363
19 2 387
20 5 616929
18 21 38981
9 2 150506
11 20 481356
13 22 324
3 0 14663
6 17 13807
19 11 542401
7 20 76980
22 20 38925
20 12 1878909
18 12 7509
21 1 500394
9 11 15760
10 0 1650152
8 16 142
11 13 104367
0 22 19217
12 14 1579
15 3 4694
13 15 17391
2 20 12970
0 12 1662738
3 9 56
1 9 346464
4 2 159
2 14 5472
5 3 130
16 5 1648
6 8 126397
19 16 1500
17 0 79717
7 13 299770
20 11 66515
18 7 63346
22 1 79262
9 12 51580
10 11 662440
11 2 697
9 22 540
14 13 196880
12 5 5785
10 21 1524007
15 8 73140
13 8 70168
0 3 2685
1 2 249646
2 9 491
5 12 273
3 20 1640
6 3 649
5 22 110
20 18 8785791
16 18 703
21 19 53871
17 19 182629
14 20 145180
13 1 314870
2 0 1609818
