443
7 3 4219
16 9 64119
19 4 5482256
17 20 153685
22 19 65713
20 7 1148113
18 19 5709134
21 6 45323
8 5 27133
9 0 467188
10 7 372002
0 17 504453
14 1 430
12 17 3072
15 4 5977039
13 20 312384
3 2 132
16 0 147754
19 13 13365
17 13 40151
7 22 11522
18 10 75524
21 15 344206
8 18 28603
11 15 14103
9 19 252682
14 8 104
12 8 1996
1 21 36041
15 13 22363
2 18 1618
3 11 8968
1 15 101701
2 12 26375
5 1 49713
3 17 40
16 7 165732
19 18 3032
17 6 61518
7 15 3701938
20 21 211273
18 5 16267
21 8 39700
22 7 9605
10 9 2044
11 4 24142
9 20 4800203
14 19 123116
12 7 87644
10 19 277239
15 10 163662
13 6 361411
0 5 3578708
1 0 974514
4 11 89
2 7 66239
5 10 12394
3 22 58
6 1 806
7 4 1107
5 20 406160
16 20 2275122
21 17 8874
19 1 69567
18 22 1993
8 0 1999218
15 19 17449618
11 19 56689
12 20 135388
16 11 2880
6 18 59472
19 6 49091
17 10 60539
20 1 1745769
18 17 6512
21 4 2390
8 7 3513548
9 6 96669
10 5 115334
11 8 93958
0 19 2944755
14 7 93970
12 19 10328
1 18 10470
15 6 39047
13 18 26852
0 9 11521
4 7 146781
5 6 24063
16 2 6828
6 21 298829
19 15 45127053
7 16 10471
20 8 13467795
18 8 329999
21 13 97152
22 2 70
9 15 561037
10 12 48
8 20 2598187
11 1 382391
9 17 104478
12 10 46089
10 22 13455
13 11 30820
2 16 3838
3 13 62820
1 13 440851
2 10 128860
5 15 41490
3 19 4432
6 12 14553
4 20 2533889
19 20 3439241
17 4 160
7 9 4919
18 3 5031
21 22 12890
22 5 272
11 6 119953
12 1 8813900
10 17 100626
15 20 163308
13 4 1730
0 7 1862179
1 6 72
2 5 148
5 8 130904
6 7 12552603
4 19 6371467
7 6 118226
16 22 104
19 3 14112
20 4 8461
18 20 49301239
8 2 259
9 3 1823
11 21 44095
14 2 409
12 22 1100
3 1 20345
16 13 8780
6 16 1043618
19 8 19367
17 8 42633
7 21 472976
20 3 544
18 15 925153
21 2 2313
8 9 25740
9 4 4837
10 3 44253
11 10 57218
0 21 134290
12 13 32448
1 16 6465
15 0 8842933
13 16 30517
0 11 2702491
3 6 48090
1 10 84
4 1 39521
16 4 115
6 11 90497
17 1 1411598
7 18 10050
20 10 358841
18 6 96367
21 11 10833
22 0 35106
9 13 447247
8 22 89966
11 3 344
12 4 3121
10 20 2960392
15 9 728390
13 9 14022
0 2 163812
1 3 25198
4 8 62328
2 8 10460
5 13 835860
3 21 2105
6 2 345878
4 22 81
19 22 9816
7 11 4836
20 17 240259
18 1 202043
16 17 92
21 20 1290777
12 3 1675
13 2 181811
1 4 11214
2 3 112
6 5 339962
7 0 22510
5 16 2680
16 8 4243
19 5 4816
17 21 4666
22 18 1500
20 6 754211
21 7 544486
8 4 34072
9 1 3925137
0 16 43699
14 0 89027
12 16 8156
15 5 4475
13 21 143331
16 15 160462
6 22 256471
19 10 42573
22 21 503
20 13 263967
18 13 194058
21 0 133168
8 11 7964
22 15 57623
9 10 60437
10 1 169
11 12 9278
14 11 172
12 15 6092
1 22 16637
15 2 600288
13 14 124
2 21 44257
0 13 1003291
3 8 7478
1 8 5624213
2 15 15788
5 2 1225
16 6 10732
6 9 2170
17 7 4207
7 12 140400
18 4 2743
21 9 86437
22 6 7235
10 8 30076
11 5 3002
9 21 109669
14 18 40
12 6 105029
10 18 36232
15 11 1420
13 7 1400562
0 4 14981
4 10 116835
2 6 5776
5 11 124036
6 0 1119436
7 5 6870
5 21 8470
20 19 293915
16 19 108067
21 18 68135
17 18 4420
14 21 77
15 16 2920600
13 0 8013182
11 16 908
2 1 110186
7 2 7561
16 10 19374
19 7 328212
20 0 7327744
18 16 3675
21 5 182348
8 6 75278
22 10 315705
9 7 590006
10 4 9113
11 9 2119
0 18 78985
14 6 238
12 18 39863
1 19 43583
15 7 3821866
13 19 27575
0 8 225225
4 6 24561
5 7 727908
16 1 32081
6 20 4590759
17 12 262053
7 17 4178
20 15 2496745
18 11 9192
8 13 50858
22 13 3063
9 8 19666
10 15 2106145
8 19 6646130
9 18 58202
14 9 14268
12 9 39074
1 20 695250
13 12 231582
2 19 10406
0 15 200719
3 10 33208
4 13 15010
2 13 8145
5 0 12821312
3 16 2810
6 15 12597433
19 21 24278
17 5 181
20 22 53388
18 2 100527
22 4 120
11 7 63783
12 0 379695
10 16 233762
15 21 81
13 5 2211139
0 6 758169
1 7 216499
2 4 168
5 9 276479
4 18 173
5 19 846764
16 21 11903
21 16 8210
19 0 2034677
8 1 282239
15 18 1333597
11 18 409
12 21 143903
16 12 5540
6 19 1650069
19 9 62420
20 2 110873
21 3 500
22 8 24986
9 5 2191
10 2 92683
0 20 2155140
1 17 58595
15 1 124344
13 17 31064
2 22 94
0 10 238909
3 7 16089
1 11 825105
4 0 1206486
17 2 128
7 19 132570
20 9 399527
18 9 133887
21 12 23763
8 15 32864297
10 13 2476501
8 21 4721
11 0 948527
9 16 18425
14 15 1202
12 11 221662
13 10 308665
0 1 1429609
3 12 47296
1 12 243034
4 15 26460216
2 11 285243
3 18 4420
6 13 11296975
4 21 40
7 8 1869
20 16 1190766
18 0 2597522
14 22 2840
12 2 2972
13 3 2401
1 5 202470
6 4 114832
7 1 136405
5 17 270
19 2 929
20 5 331635
18 21 35974
8 3 9360
9 2 101582
11 20 137883
13 22 15124
3 0 265562
19 11 65360
17 15 870135
7 20 3521138
22 20 103060
20 12 58613
21 1 152458
8 10 14237
9 11 6692
10 0 197173
8 16 1452
11 13 36768
0 22 22274
14 10 484
15 3 321
13 15 5119
2 20 248107
0 12 34177
3 9 1500
1 9 1371
4 2 142
5 3 96
16 5 184
6 8 354294
19 16 171
17 0 52047
7 13 1182615
20 11 1590
18 7 3259217
21 10 40515
22 1 30334
9 12 40299
10 11 22186
11 2 10046
9 22 316
14 13 10430
12 5 470
10 21 759409
15 8 22749875
13 8 112513
0 3 307679
1 2 137445
4 9 13652
2 9 71
5 12 3168
3 20 44429
6 3 44941
7 10 14121
5 22 40
20 18 950271
16 18 52
21 19 135366
17 19 356545
14 20 2291173
13 1 3666779
2 0 5646491
