440
7 3 17781
16 9 68261
19 4 7293771
17 20 183080
22 19 116807
20 7 808554
18 19 5542544
21 6 66440
8 5 19733
9 0 371107
10 7 417316
0 17 683796
14 1 2611
12 17 2285
15 4 9117937
13 20 2461751
3 2 252
4 5 92
16 0 109966
19 13 16411
17 13 13446
7 22 54513
18 10 76742
21 15 287908
8 18 315
11 15 140828
9 19 263416
14 8 576
12 8 30246
1 21 37226
15 13 154054
2 18 1538
3 11 59517
1 15 234889
2 12 73624
5 1 64388
3 17 1500
16 7 206735
19 18 237
17 6 13015
7 15 432146
20 21 165920
18 5 54956
21 8 20889
22 7 13725
10 9 6848
11 4 24475
9 20 5156126
14 19 138510
12 7 37267
10 19 646895
15 10 51030
13 6 335698
0 5 4797641
1 0 1619261
4 11 290
2 7 7249
5 10 4796
3 22 75000
6 1 623
7 4 64590
5 20 499163
16 20 2087384
21 17 22270
19 1 292082
18 22 3775
8 0 2020907
15 19 19645061
11 19 107922
12 20 232405
16 11 1472
6 18 206461
19 6 39701
17 10 705386
20 1 2730238
18 17 25550
21 4 4503
8 7 4287412
9 6 92654
10 5 192686
11 8 179736
0 19 2325938
14 7 140936
12 19 11646
1 18 35256
15 6 41813
13 18 54628
0 9 30585
3 4 389
4 7 142952
5 6 29988
16 2 8384
6 21 262143
19 15 48688710
7 16 21646
20 8 18799390
18 8 221165
21 13 99137
22 2 86
9 15 792625
8 20 3084265
11 1 1094817
9 17 79526
12 10 31011
10 22 1771
13 11 66057
2 16 3002
3 13 15103
1 13 1698276
2 10 8091
5 15 30999
3 19 264494
6 12 5463
4 20 1851939
19 20 3906197
17 4 268
7 9 73444
18 3 451
21 22 32944
22 5 157
11 6 61220
14 17 64
12 1 3880679
10 17 174887
15 20 282973
13 4 8025
0 7 2013068
1 6 692
2 5 11294
5 8 144568
6 7 9733363
4 19 7316161
7 6 40970
5 18 108
19 3 18757
20 4 56146
18 20 54240199
8 2 3040
9 3 23913
11 21 12431
14 2 364
12 22 292
3 1 27892
16 13 16984
6 16 906912
19 8 122617
17 8 110531
7 21 191157
20 3 899
18 15 1556788
21 2 11818
8 9 44169
9 4 5040
10 3 518481
11 10 57224
0 21 204645
12 13 76296
1 16 1465
15 0 11724028
13 16 13308
0 11 655937
3 6 6755
4 1 41567
5 4 1510
16 4 1617
6 11 288628
17 1 473388
7 18 133418
20 10 406541
18 6 54842
21 11 20499
22 0 3619
9 13 400097
8 22 668
11 3 5416
14 12 5968
12 4 124
10 20 4241760
15 9 383044
13 9 32635
0 2 139925
1 3 115482
4 8 109586
2 8 1552
5 13 916707
3 21 10242
6 2 781990
4 22 46
19 22 13023
7 11 2312
20 17 345981
18 1 529466
16 17 42
21 20 2773100
12 3 18686
13 2 16060
1 4 106076
2 3 4500
6 5 211957
7 0 262108
16 8 1366
19 5 865
17 21 7792
22 18 2920
20 6 727411
21 7 367162
8 4 76654
9 1 6855758
0 16 47538
14 0 97131
12 16 93368
15 5 384
13 21 118253
16 15 186446
6 22 104711
19 10 30973
22 21 89
20 13 785089
18 13 858475
21 0 46848
8 11 169979
22 15 63001
9 10 55529
10 1 4380
11 12 23030
14 11 7160
12 15 26980
1 22 17624
15 2 571167
13 14 112
2 21 72339
0 13 648174
3 8 34220
1 8 116643
4 3 53
2 15 3041
5 2 620
16 6 19991
6 9 3639
17 7 7899
7 12 205724
18 4 28933
21 9 101310
22 6 3222
10 8 86089
11 5 40087
9 21 78222
12 6 131480
10 18 39418
13 7 4376504
0 4 38261
4 10 121403
2 6 25379
5 11 20080
6 0 1880303
7 5 57846
5 21 14854
20 19 405696
16 19 130109
21 18 16654
14 21 1599
15 16 3845299
13 0 11051419
11 16 2195
2 1 155262
7 2 51732
16 10 13476
19 7 1167892
20 0 8615608
18 16 8123
21 5 176551
8 6 77771
22 10 2665
9 7 4164107
10 4 14198
11 9 251
0 18 8921
14 6 1760
12 18 42107
1 19 88190
15 7 3594551
13 19 35939
0 8 932228
3 5 86
4 6 8585
5 7 1022103
16 1 26881
6 20 7507929
17 12 3048
7 17 9816
20 15 3751814
18 11 21695
8 13 257244
22 13 3064
9 8 19036
10 15 1923616
8 19 8078297
9 18 65631
14 9 3434
12 9 57431
1 20 9257104
13 12 312757
2 19 29469
0 15 1173578
3 10 3562
4 13 3227
2 13 10879
5 0 13678957
3 16 1486
6 15 6247260
19 21 7052
17 5 4054
20 22 15142
18 2 4794
11 7 15396
12 0 634521
10 16 301942
13 5 2803551
0 6 454278
1 7 69697
5 9 267705
5 19 1312144
16 21 10893
21 16 9847
19 0 2090461
8 1 186444
15 18 2105426
11 18 3688
12 21 772566
16 12 4195
6 19 1617223
19 9 118615
20 2 204313
21 3 682
22 8 21175
9 5 228795
10 2 84321
0 20 5316286
14 4 52
1 17 250809
15 1 197356
13 17 33038
0 10 282975
3 7 18746
1 11 346918
4 0 934720
16 3 104
17 2 1617
7 19 280818
20 9 653831
18 9 86887
21 12 415627
8 15 38386302
22 3 1272
10 13 2196826
8 21 23614
11 0 1822295
9 16 23304
14 15 5877
12 11 7709
13 10 230092
2 17 52
0 1 2349531
3 12 5341
1 12 58138
4 15 31795744
2 11 265655
3 18 3018
6 13 15924156
4 21 8494
7 8 8684
20 16 1490909
18 0 3138653
14 22 1796
12 2 13156
13 3 499
1 5 200027
6 4 140663
7 1 144140
5 17 92845
19 2 3251
20 5 328097
18 21 53112
8 3 643
9 2 88162
11 20 251164
13 22 5497
3 0 191417
19 11 95654
17 15 702159
7 20 2098163
22 20 52242
20 12 568815
21 1 310529
8 10 13910
9 11 10668
10 0 334366
8 16 5638
11 13 98723
0 22 11177
14 10 2762
15 3 872
13 15 7806
2 20 748043
0 12 56476
1 9 801
4 2 116
6 8 654420
19 16 275
17 0 20234
7 13 853060
20 11 57019
18 7 4000901
21 10 18541
22 1 44611
9 12 53064
10 11 4167
11 2 8239
9 22 571
14 13 18343
12 5 108
10 21 413841
15 8 28987054
13 8 136900
0 3 447010
1 2 537584
4 9 30019
2 9 40
5 12 4606
3 20 38988
6 3 60551
7 10 9557
5 22 144
20 18 1448917
16 18 2892
21 19 157397
17 19 155501
14 20 2935718
13 1 1967606
2 0 5654381
