437
7 3 5446
16 9 57822
19 4 9157225
17 20 616478
22 19 128804
20 7 316834
18 19 6413462
21 6 72563
8 5 72968
9 0 472084
10 7 88571
0 17 464520
14 1 1776
12 17 8414
15 4 13130938
13 20 1254239
3 2 384
4 5 3086
16 0 163915
19 13 20396
17 13 19955
7 22 448934
18 10 41936
21 15 836886
8 18 476
11 15 260082
9 19 217896
14 8 80
12 8 1903
1 21 36738
15 13 38303
3 11 7100
1 15 342562
2 12 91136
5 1 52276
3 17 56
16 7 251553
19 18 5561
17 6 38517
7 15 5301710
20 21 266570
18 5 24446
21 8 133165
22 7 60721
10 9 411173
11 4 11851
9 20 2542595
14 19 190716
12 7 150512
10 19 995596
15 10 18475
13 6 629802
0 5 6320095
1 0 2673382
2 7 10154
5 10 252
6 1 980
7 4 57981
5 20 613370
16 20 2219164
21 17 12710
19 1 857836
18 22 2451
8 0 2919271
15 19 20150555
11 19 664988
12 20 349040
6 18 423209
19 6 762265
17 10 164999
20 1 3336688
18 17 46586
21 4 14829
8 7 4239504
9 6 114125
10 5 518900
11 8 218575
0 19 3355381
14 7 97172
12 19 23543
1 18 8864
15 6 44611
13 18 23550
0 9 55623
3 4 1500
4 7 201104
5 6 7796
16 2 1580
6 21 2282671
19 15 56365238
17 3 40
7 16 14729
20 8 18957043
18 8 126208
21 13 212140
22 2 296606
9 15 843922
10 12 38458
8 20 4175536
11 1 496054
9 17 12320
12 10 69627
10 22 36766
13 11 16103
2 16 2117
3 13 21178
1 13 3079277
2 10 16803
5 15 157422
3 19 29169
6 12 26868
4 20 2506079
19 20 5267881
17 4 4044
7 9 1434153
18 3 31792
21 22 11192
22 5 160
11 6 171951
14 17 52
12 1 186237
10 17 199363
15 20 265298
13 4 15030
0 7 2654260
2 5 1610
5 8 3078
6 7 10831366
4 19 8330742
7 6 30387
16 22 92
19 3 5044
20 4 14018
18 20 65904114
8 2 12775
9 3 827
11 21 115918
14 2 445
12 22 52
3 1 57952
16 13 5312
6 16 523793
19 8 91577
17 8 59201
7 21 371301
20 3 15228
18 15 1587433
21 2 46423
8 9 71625
9 4 787
10 3 11477
11 10 89766
0 21 163063
12 13 142238
1 16 8301
15 0 15063328
13 16 20789
0 11 93873
3 6 108113
1 10 40
4 1 54458
5 4 3032
16 4 41
17 1 234730
7 18 40512
20 10 4190875
18 6 74255
22 0 9109
9 13 419493
8 22 17007
11 3 1896
14 12 116
12 4 590
10 20 4014506
15 9 506591
13 9 2730
0 2 744833
3 15 25500
1 3 667
4 8 82553
2 8 67223
5 13 265661
3 21 506836
6 2 634119
19 22 756332
20 17 41952
18 1 472690
16 17 1559
21 20 2142211
12 3 648
13 2 222978
1 4 123985
2 3 52
6 5 688588
7 0 3400631
5 16 4180
16 8 1731
19 5 2867
17 21 9901
22 18 3000
20 6 236019
21 7 275801
8 4 60752
9 1 10252192
0 16 45087
14 0 28513
12 16 6231
15 5 52
13 21 107063
16 15 272106
6 22 155521
19 10 755526
22 21 1643
20 13 2195342
18 13 580454
21 0 100047
22 15 218843
9 10 54250
10 1 82188
11 12 33358
12 15 88594
1 22 148855
15 2 388434
2 21 90450
0 13 509303
1 8 839583
4 3 52
2 15 11990
5 2 56
16 6 30662
6 9 1348
17 7 11503
7 12 3010915
18 4 53259
21 9 116716
22 6 9091
10 8 117933
11 5 17884
9 21 617259
12 6 494885
10 18 4352
13 7 3734972
0 4 282274
4 10 39736
2 6 34842
5 11 52
6 0 2659119
4 16 153
7 5 1819475
5 21 69928
20 19 740396
16 19 305834
21 18 9674
17 18 1581
14 21 128
15 16 3659540
13 0 13221033
11 16 426
2 1 104434
7 2 9001
16 10 28006
19 7 453239
22 16 1700
20 0 9035689
18 16 5404
21 5 60248
8 6 88129
22 10 4629
9 7 611455
10 4 64973
11 9 8955
0 18 5518
14 6 8742
12 18 6704
1 19 409649
15 7 3286691
13 19 205236
0 8 427991
3 5 51116
4 6 12660
5 7 1253764
16 1 32358
6 20 6411522
17 12 16471
7 17 3806
20 15 5154298
8 13 26223
22 13 2001
9 8 35504
10 15 3069891
8 19 8273312
9 18 25988
14 9 144
12 9 3390
1 20 2221023
13 12 144113
2 19 454823
0 15 175139
3 10 194520
4 13 225994
2 13 37813
5 0 14633357
6 15 10553157
19 21 3697
17 5 6547
20 22 9004
18 2 6754
22 4 72
11 7 60274
14 16 40
12 0 1120676
10 16 40882
15 21 4547
13 5 3591459
0 6 881388
1 7 163829
2 4 181
5 9 171959
4 18 1979
5 19 1010420
16 21 25002
21 16 16177
19 0 4406794
17 16 1613
8 1 516519
15 18 1696394
11 18 6167
12 21 456924
16 12 3338
6 19 2288507
19 9 102227
17 9 40
20 2 213930
21 3 7463
22 8 10620
9 5 11305
10 2 137316
0 20 3603218
1 17 328509
15 1 223863
13 17 147245
2 22 245538
0 10 586054
3 7 16444
1 11 9907
4 0 1421379
17 2 52
7 19 155718
20 9 431783
18 9 190071
21 12 57974
8 15 47004617
22 3 136
10 13 4284561
8 21 385
11 0 1111568
9 16 15956
14 15 354
12 11 3620
13 10 555496
2 17 52
0 1 3661019
3 12 17092
1 12 18814
4 15 31510701
2 11 4556
3 18 5728
6 13 7222608
4 21 40
7 8 40537
20 16 1820326
18 0 3735647
14 22 1659
12 2 316414
13 3 3259
1 5 219954
6 4 603980
7 1 60338
5 17 125889
19 2 1705
20 5 9867
18 21 42274
9 2 607749
11 20 933904
13 22 6841
3 0 1369922
17 15 757234
7 20 2139220
22 20 24295
20 12 545636
21 1 211013
8 10 71739
10 0 442334
8 16 2753
11 13 228169
0 22 114865
14 10 192
15 3 1757
13 15 16992
2 20 140793
0 12 446867
3 9 3000
1 9 1917
4 2 241
5 3 673
16 5 81
6 8 1227085
19 16 12160
17 0 19062
7 13 2156386
18 7 4729554
21 10 446803
22 1 14688
9 12 6164658
11 2 28576
9 22 1846
14 13 11705
12 5 3959
10 21 874852
15 8 28479038
13 8 162893
0 3 265883
1 2 1161547
4 9 40274
2 9 104
5 12 86608
3 20 122843
6 3 169258
7 10 32352
5 22 248
20 18 1427540
16 18 4420
21 19 270011
17 19 21195
14 20 3073297
13 1 2766769
2 0 3281200
