432
7 3 6270
16 9 93193
19 4 6264280
17 20 165377
22 19 1480381
20 7 239659
18 19 5389359
21 6 87525
8 5 32419
9 0 503162
10 7 522197
0 17 311995
14 1 1715
12 17 2522
15 4 5668910
13 20 3675110
3 2 56
4 5 2732
16 0 98197
19 13 75935
17 13 10931
7 22 19370
18 10 54467
21 15 480118
8 18 6992
11 15 3904
9 19 252116
14 8 1478
12 8 12161
1 21 50416
15 13 41414
3 11 156
1 15 209860
2 12 130215
5 1 212170
3 17 64
16 7 213998
19 18 6104
17 6 85057
7 15 47853765
20 21 53401
18 5 7473
21 8 89666
22 7 14273
10 9 64328
11 4 24896
9 20 3764208
14 19 129001
12 7 159287
10 19 357061
15 10 52334
13 6 532816
0 5 4189025
1 0 1054671
2 7 5246
5 10 7821
3 22 15062
6 1 3593
7 4 106378
5 20 524401
16 20 2987166
21 17 22739
19 1 149948
18 22 4822
8 0 1804775
15 19 22860208
11 19 13204
12 20 246054
6 18 50548
19 6 163987
17 10 42549
20 1 1134177
18 17 17807
21 4 33368
8 7 3623528
9 6 109589
10 5 125139
11 8 174424
0 19 2414345
14 7 257145
12 19 61536
1 18 7571
15 6 63054
13 18 27755
0 9 23397
3 4 1300
4 7 124374
5 6 15761
16 2 180
6 21 3695249
19 15 54208205
7 16 1148467
20 8 15901289
18 8 51672
21 13 473214
22 2 6317
9 15 2309801
10 12 62
8 20 3384850
11 1 302553
9 17 69089
12 10 22037
10 22 11017
13 11 15161
2 16 693
3 13 134
1 13 334895
2 10 9442
5 15 8924
3 19 5298
6 12 253
4 20 1992840
19 20 4877265
17 4 25324
7 9 79700
18 3 2586
21 22 14259
22 5 116
11 6 93378
14 17 3340
12 1 2543991
10 17 562188
15 20 137322
13 4 1265
0 7 3858872
1 6 1562
5 8 57702
6 7 12471092
4 19 6514472
7 6 54298
5 18 49
19 3 252
20 4 68456
18 20 56876899
8 2 2872
9 3 1389
11 21 8630
14 2 765
12 22 1504
3 1 86200
16 13 12065
6 16 560460
19 8 111309
17 8 22155
7 21 31860305
20 3 7354
18 15 2444482
21 2 28565
8 9 104557
9 4 706
10 3 15754
11 10 33973
0 21 30224
12 13 59200
1 16 2377
15 0 11870880
13 16 63536
0 11 364300
3 6 5796
4 1 4384
5 4 2689
17 1 342123
7 18 200271
20 10 747553
18 6 93301
22 0 11818
9 13 179015
8 22 55525
11 3 196
14 12 164
12 4 9017
10 20 1393683
15 9 511921
13 9 7125
0 2 383810
1 3 930
4 8 59982
2 8 6250
5 13 708030
3 21 14770
6 2 649547
4 22 19671
19 22 33564
20 17 92290
18 1 323332
16 17 48
21 20 33154519
12 3 3378
13 2 64354
1 4 76630
2 3 375
6 5 305268
7 0 30454470
16 8 143
19 5 4106
17 21 55989
22 18 289
20 6 778066
21 7 1272776
8 4 9112
9 1 5133118
0 16 61334
14 0 34129
12 16 8841
15 5 208
13 21 137764
16 15 377213
6 22 192593
19 10 30266
22 21 22877
20 13 819671
18 13 249018
21 0 120979
22 15 35456
9 10 40365
10 1 54298
11 12 23264
14 11 1602
12 15 14647
1 22 21871
15 2 569119
13 14 48
2 21 18123
0 13 318589
3 8 38363
1 8 109159
4 3 40
2 15 1580
5 2 310
16 6 21478
6 9 8438
17 7 14852
7 12 285534
18 4 33160
21 9 70859
22 6 49398
10 8 90357
11 5 2286
9 21 96256
12 6 71418
10 18 8338
13 7 4453410
0 4 12445
4 10 10396
2 6 131764
5 11 1500
6 0 1712724
4 16 120
7 5 1425167
5 21 7498
20 19 744721
16 19 378043
21 18 14043
14 21 579
15 16 2417448
13 0 11829467
11 16 3827
2 1 83835
7 2 10592
16 10 47479
19 7 470401
22 16 184
20 0 9458099
18 16 8327
21 5 43211
8 6 133617
22 10 6120
9 7 1513482
10 4 94207
0 18 19877
14 6 3631
12 18 5169
1 19 600629
15 7 2627773
13 19 217908
0 8 156276
4 6 65508
5 7 1188449
16 1 44024
6 20 3529168
17 12 1182
7 17 4648
20 15 3104382
8 13 29600
22 13 6448
9 8 46395
10 15 3928977
8 19 5132869
9 18 24480
14 9 88
12 9 5368
1 20 5407415
13 12 489124
2 19 160932
0 15 811704
3 10 165976
4 13 7576
2 13 13858
5 0 13397738
6 15 10725947
19 21 3121
17 5 3276
20 22 18281
18 2 42525
22 4 31231
11 7 20708
12 0 1340385
10 16 67984
15 21 10620
13 5 2957373
0 6 852468
1 7 1175835
2 4 40
5 9 226655
4 18 892
5 19 1445089
16 21 23612
21 16 19098
19 0 2297250
17 16 40
8 1 55964
15 18 2418331
11 18 4737
12 21 1014137
16 12 26556
6 19 2201527
19 9 47330
17 9 708
20 2 1662789
21 3 992
22 8 21870
9 5 845
10 2 481849
0 20 4779021
1 17 101173
15 1 161783
13 17 34008
2 22 4542
0 10 623151
3 7 9406
1 11 16099
4 0 522789
17 2 10098
7 19 81685
20 9 783307
18 9 32676
21 12 39711
8 15 37211987
22 3 252
10 13 2843250
8 21 15703
11 0 751409
9 16 13926
14 15 2670
12 11 3404
13 10 269987
2 17 4000
0 1 1970343
3 12 6690
1 12 55324
4 15 27862850
2 11 1552
3 18 8600
6 13 6544773
4 21 23810
7 8 15822
20 16 975857
18 0 2552946
14 22 40
12 2 18010
1 5 148341
6 4 54738
7 1 1968643
5 17 125091
19 2 4725
20 5 1338956
18 21 47184
8 3 2864
9 2 86639
11 20 220730
13 22 4773
3 0 552300
17 15 945346
7 20 4197864
22 20 52785
20 12 1189419
21 1 284604
8 10 141257
10 0 588306
8 16 10808
11 13 100766
0 22 77348
14 10 1376
15 3 8932
13 15 6692
2 20 95335
0 12 1545969
1 9 8318
4 2 47
5 3 84
16 5 136
6 8 516141
19 16 880
17 0 40734
7 13 1561698
18 7 4088336
21 10 45561
22 1 425929
9 12 5441184
11 2 1628
9 22 3296
14 13 19721
12 5 1056
10 21 483989
15 8 23253215
13 8 80349
0 3 118499
1 2 729878
4 9 30686
2 9 52
5 12 18000
3 20 149916
6 3 28016
7 10 91295
5 22 193
20 18 2012651
16 18 564
21 19 419307
17 19 296806
14 20 2026979
13 1 2410445
2 0 4250637
