430
7 3 8808
16 9 89893
19 4 5465924
17 20 667938
22 19 593462
20 7 306636
18 19 5003957
21 6 150080
8 5 1528
9 0 286563
10 7 117371
0 17 197148
14 1 2294
12 17 6265
15 4 4324674
13 20 1176434
3 2 1735
4 5 11901
16 0 216593
19 13 38370
17 13 3466
7 22 11090
18 10 59484
21 15 609671
8 18 3460
11 15 2700
9 19 174222
14 8 92
12 8 5039
1 21 26641
15 13 1626
3 11 1500
1 15 32972
2 12 30029
5 1 36638
3 17 15820
16 7 45283
6 14 249
19 18 3292
17 6 24686
7 15 13882592
20 21 224214
18 5 7790
21 8 25949
22 7 7879
10 9 185161
11 4 35717
9 20 1959686
14 19 131872
12 7 182766
10 19 274490
15 10 5952
13 6 303111
0 5 3066716
1 0 661726
2 7 34251
5 10 40540
6 1 492
7 4 782
5 20 395259
16 20 2788738
21 17 48330
19 1 171277
18 22 452
8 0 867129
15 19 19515257
11 19 15000
12 20 143814
6 18 78994
19 6 157343
17 10 58053
20 1 3511263
18 17 18473
21 4 922
8 7 305913
9 6 80137
10 5 59779
11 8 102555
0 19 2096501
14 7 10450
12 19 18954
1 18 3243
15 6 55747
13 18 318427
0 9 5485
3 4 255
4 7 149410
5 6 13506
16 2 5884
6 21 2433172
19 15 52293578
17 3 364
7 16 12425
20 8 16170951
18 8 88604
21 13 119898
22 2 93
9 15 3066168
8 20 3362106
11 1 274521
9 17 7541
12 10 41970
10 22 7653
13 11 6947
2 16 2538
3 13 4630
1 13 498631
2 10 12333
5 15 19485
3 19 4060
4 20 2341026
19 20 5105983
17 4 160
7 9 25147
18 3 360
21 22 1086
22 5 55
11 6 123970
12 1 2369065
10 17 139554
15 20 184049
13 4 250132
0 7 1425348
1 6 65504
2 5 679
5 8 36533
6 7 2320805
4 19 5292441
7 6 87815
5 18 1500
19 3 3578
20 4 8293
18 20 52280065
8 2 4922
9 3 1184
11 21 5796
14 2 800
12 22 199
3 1 199259
16 13 9056
6 16 1045016
19 8 50045
17 8 4126
7 21 27845381
20 3 3708
18 15 2800817
21 2 28105
8 9 49423
9 4 2474
10 3 23544
11 10 195443
0 21 25642
12 13 47465
1 16 16923
15 0 9286766
13 16 49450
0 11 678204
3 6 105699
4 1 38069
5 4 109494
17 1 119758
7 18 94203
20 10 168412
18 6 64372
22 0 15192
9 13 199869
8 22 1356
11 3 914
14 12 1460
12 4 3448
10 20 2555926
15 9 225537
13 9 15729
0 2 1193431
3 15 69
1 3 1911
4 8 64576
2 8 425
5 13 394426
3 21 10830
6 2 564217
4 22 1672
19 22 8312
20 17 476734
18 1 368622
21 20 48787761
12 3 3402
13 2 54796
1 4 61705
2 3 237
6 5 165600
7 0 23654579
16 8 40
19 5 1817
17 21 4738
22 18 2753
20 6 968697
21 7 528666
8 4 37428
9 1 3285220
0 16 329819
14 0 350310
12 16 5673
15 5 1814
13 21 109404
16 15 247928
6 22 74665
19 10 15075
22 21 76
20 13 181025
18 13 289395
21 0 663474
22 15 363748
9 10 44042
10 1 227
11 12 4010
14 11 1222
12 15 3968325
1 22 1052
15 2 463993
13 14 84
2 21 102835
0 13 671640
3 8 1604
1 8 336346
4 3 5840
2 15 881
5 2 380
16 6 15846
6 9 213
17 7 5304
7 12 400298
18 4 3718
21 9 51587
22 6 27630
10 8 130915
11 5 13659
9 21 54111
14 18 1370
12 6 122316
10 18 41389
13 7 580316
0 4 39647
4 10 97475
2 6 72378
5 11 5737
6 0 1895559
4 16 40
7 5 1553068
5 21 9970
20 19 398995
16 19 86257
21 18 18584
17 18 64
15 16 4255005
13 0 14106236
11 16 175663
2 1 60774
7 2 40965
16 10 14906
19 7 287378
17 11 1500
20 0 8554230
18 16 846
21 5 97643
8 6 154354
22 10 6331
9 7 1459473
10 4 60673
11 9 438
0 18 8669
12 18 10018
1 19 644189
15 7 2723921
13 19 49688
0 8 270101
3 5 52
4 6 26164
5 7 88786
16 1 49710
6 20 4393092
17 12 5095
7 17 3371
20 15 6178701
8 13 28315
22 13 11915
9 8 29820
10 15 4753835
8 19 7146799
9 18 15630
14 9 9365
12 9 46052
1 20 2771017
13 12 1052968
2 19 19928
0 15 182316
3 10 18427
4 13 5515
2 13 16796
5 0 11883514
6 15 6986113
19 21 451
17 5 52
20 22 2197
18 2 7456
22 4 4571
11 7 9348
12 0 1876775
10 16 151582
15 21 49
13 5 2712368
0 6 671651
1 7 109478
2 4 92
5 9 147470
4 18 1667
5 19 1078005
16 21 7988
21 16 8350
19 0 957335
17 16 52
8 1 340725
15 18 1434875
11 18 1038
12 21 235702
16 12 13672
6 19 3545709
19 9 64175
17 9 1288
20 2 1669962
21 3 817
22 8 8982
9 5 100
10 2 488854
0 20 4318071
1 17 351938
15 1 228581
13 17 14512
2 22 48
0 10 743154
3 7 22151
1 11 204049
4 0 306931
17 2 908
7 19 89579
20 9 496713
18 9 125461
21 12 21268
8 15 35497991
22 3 116
10 13 1941263
8 21 9353
11 0 1273377
9 16 14635
14 15 1991
12 11 4383
13 10 332005
2 17 632
0 1 1958411
3 12 108624
1 12 349476
4 15 24531761
2 11 588
3 18 1729
6 13 9215328
4 21 33462
7 8 12514
20 16 1989904
18 0 4221453
12 2 10358
13 3 144
1 5 138836
6 4 145695
7 1 169660
19 2 2040
20 5 243871
18 21 230467
8 3 2876
9 2 166713
11 20 599238
13 22 373
3 0 261926
17 15 1356377
7 20 416316
22 20 59139
20 12 1387951
21 1 133527
8 10 26621
10 0 307882
11 13 16348
0 22 7707
14 10 3036
15 3 2487
13 15 46951
2 20 92029
0 12 1042944
1 9 3677
4 2 246
5 3 104
6 8 696460
19 16 586
17 0 14840
7 13 77802
18 7 255898
21 10 40387
22 1 4367
9 12 4892936
11 2 914
9 22 940
14 13 60050
12 5 6928
10 21 1075694
15 8 23478714
13 8 43355
0 3 104906
1 2 269654
4 9 47415
2 9 306
5 12 14124
3 20 169208
6 3 21661
7 10 50041
5 22 1604
20 18 1345179
16 18 133
21 19 273570
17 19 75081
14 20 2922129
13 1 2818184
2 0 4565197
