428
7 3 22911
16 9 37033
19 4 10713505
17 20 1478154
22 19 62938
20 7 139501
18 19 9336741
21 6 470965
8 5 5869
9 0 479648
10 7 215127
0 17 234403
14 1 3445
12 17 7526
15 4 8968243
13 20 2554870
3 2 2840
4 5 8837
16 0 283402
19 13 8424
17 13 20673
7 22 769749
18 10 93646
21 15 461089
8 18 5822
11 15 5788
9 19 135724
14 8 1240
12 8 617
1 21 50680
15 13 12726
2 18 533
3 11 2996
1 15 113060
2 12 21934
5 1 83483
16 7 24343
19 18 148
17 6 612698
7 15 3991842
20 21 1065127
18 5 13446
21 8 81978
22 7 20430
10 9 1794
11 4 53156
9 20 4585241
14 19 43115
12 7 73957
10 19 226893
15 10 38587
13 6 634761
0 5 6938919
1 0 2011903
2 7 17590
5 10 29582
3 22 45
6 1 3328
7 4 250
5 20 388115
16 20 2228940
21 17 11841
19 1 148357
18 22 2790
8 0 776713
15 19 15985481
11 19 90380
12 20 145365
6 18 36136
19 6 119573
17 10 498311
20 1 5869362
18 17 216219
21 4 12472
8 7 313262
9 6 110666
10 5 24231
11 8 97716
0 19 2860960
14 7 14941
12 19 12171
1 18 9286
15 6 167987
13 18 38391
0 9 31841
4 7 259149
5 6 12047
16 2 6141
6 21 2636689
19 15 63309270
17 3 52
7 16 11641
20 8 18501142
18 8 103759
21 13 287367
22 2 1500
9 15 3333128
10 12 927
8 20 3561363
11 1 390015
9 17 18033
12 10 81029
10 22 27816
13 11 13790
2 16 33001
3 13 27267
1 13 1214312
2 10 33118
5 15 15741
3 19 302658
6 12 1379
4 20 3215627
19 20 6500238
17 4 3853
7 9 904526
18 3 6694
21 22 29824
22 5 40
11 6 93147
12 1 169982
10 17 57444
15 20 159727
13 4 22250
0 7 1786987
5 8 17332
6 7 21862915
4 19 9849406
7 6 54034
5 18 1500
19 3 8028
20 4 19106
18 20 84412450
8 2 9932
9 3 794
11 21 38595
14 2 955
12 22 1552
3 1 29115
16 13 17716
6 16 280978
19 8 263690
17 8 38225
7 21 18734903
20 3 1598
18 15 4744044
21 2 62827
8 9 151383
9 4 6960
10 3 116138
11 10 34165
0 21 229735
12 13 2674529
1 16 40883
15 0 16172063
13 16 24974
0 11 293852
3 6 502177
4 1 57495
5 4 80
16 4 48
17 1 778267
7 18 280879
20 10 1834877
18 6 299038
22 0 10643
9 13 193874
8 22 8171
11 3 90
14 12 276
12 4 1600
10 20 3126304
15 9 376094
13 9 3442
0 2 751893
3 15 1500
1 3 3278
4 8 70828
2 8 19704
5 13 590472
3 21 46220
6 2 814091
4 22 228
19 22 4388
20 17 56025
18 1 492305
16 17 138
21 20 3878585
12 3 8008
13 2 33318
1 4 465177
2 3 851
6 5 322293
7 0 2808048
16 8 3272
19 5 7670
17 21 4458
20 6 1296493
21 7 1714719
8 4 87148
9 1 5013725
10 6 52
0 16 239109
14 0 102827
12 16 1500
15 5 27224
13 21 72216
16 15 302763
6 22 436332
19 10 175970
22 21 53
20 13 1834198
18 13 409554
21 0 255253
22 15 177071
9 10 484291
10 1 5978
11 12 741088
14 11 610
12 15 406954
1 22 13557
15 2 332040
13 14 202
2 21 66078
0 13 649154
1 8 93002
2 15 6247
5 2 1922
16 6 26234
6 9 4687
17 7 6137
7 12 581980
18 4 433056
21 9 55476
22 6 4786
10 8 148546
11 5 18920
9 21 90612
12 6 118072
10 18 5014
13 7 4668839
0 4 365782
4 10 49844
2 6 13269
5 11 3024
6 0 2183234
7 5 1540057
5 21 63377
20 19 790052
16 19 210805
21 18 11791
17 18 1420
14 21 147
15 16 2591114
13 0 11103551
11 16 288
2 1 137318
7 2 9557
16 10 17418
19 7 502092
20 0 13321315
18 16 1580
21 5 186437
8 6 73275
22 10 8211
9 7 4081013
10 4 18183
11 9 242
0 18 33360
14 6 104
12 18 5040
1 19 116999
15 7 2952051
13 19 41706
0 8 201043
3 5 60
4 6 18286
5 7 135138
16 1 18037
6 20 8140384
17 12 208555
7 17 10334
20 15 5911839
8 13 50131
22 13 4535
9 8 46012
10 15 3556315
8 19 9639673
9 18 21431
14 9 1654
12 9 55
1 20 1781121
13 12 873165
2 19 30472
0 15 2770068
3 10 22804
4 13 19939
2 13 176834
5 0 15434458
3 16 164
6 15 10894042
19 21 11961
17 5 3000
20 22 11991
18 2 10550
22 4 212
11 7 22555
14 16 59
12 0 1693470
10 16 308171
15 21 16904
13 5 4045508
0 6 1356484
1 7 563521
2 4 1813
5 9 285870
4 18 2731
5 19 1149800
16 21 21005
21 16 6644
19 0 1784384
8 1 137929
15 18 1698349
11 18 8867
12 21 403220
16 12 3112
6 19 2499547
19 9 189297
20 2 1025464
21 3 1664
22 8 57439
9 5 8193
10 2 512421
0 20 2748574
1 17 31541
15 1 212822
13 17 1053011
2 22 104
0 10 1082349
3 7 17408
1 11 177494
4 0 1113107
17 2 3283
7 19 919013
20 9 132454
18 9 163747
21 12 1448637
8 15 33706705
10 13 2109347
8 21 28533
11 0 1365968
9 16 3985
14 15 229
12 11 27515
13 10 433603
2 17 399
0 1 3017677
3 12 1965
1 12 689476
4 15 35195492
2 11 2075
3 18 3442
6 13 21288308
4 21 14130
7 8 12854
20 16 1253605
18 0 7636508
12 2 66900
13 3 572
1 5 57223
6 4 147968
7 1 146985
5 17 114
19 2 1667
20 5 6216
18 21 546973
9 2 672284
11 20 225645
13 22 2448
3 0 88950
17 15 2962222
7 20 364797
22 20 57581
20 12 754548
21 1 190973
8 10 56099
10 0 376320
8 16 10434
11 13 49001
0 22 61137
14 10 40
15 3 3946
13 15 5426
2 20 285261
0 12 1724789
1 9 17268
4 2 157
16 5 180
6 8 597809
19 16 180
17 0 149695
7 13 2162516
18 7 526461
21 10 18709
22 1 26519
9 12 3212104
11 2 1114
9 22 1122
14 13 33734
12 5 3195
10 21 297606
15 8 22680140
13 8 197509
0 3 566858
1 2 949997
4 9 82296
2 9 52
5 12 7631
3 20 124292
6 3 44295
7 10 51755
5 22 139
20 18 1439772
16 18 1420
21 19 355514
17 19 156691
14 20 1665848
13 1 2286193
2 0 4152539
