430
7 3 4946
16 9 7080
19 4 13159782
17 20 139216
22 19 53000
20 7 69741
18 19 371416
21 6 3444690
8 5 29309
9 0 3200000
10 7 23100
0 17 254635
14 1 438
12 17 91076
15 4 321828
13 20 1216586
3 2 213
4 5 10372
16 0 2264423
19 13 188568
17 13 343074
7 22 235339
21 15 15871
8 12 149953
22 12 8474
8 18 277589
9 19 64682
14 8 48
12 8 193112
1 21 4251644
15 13 54135
2 18 75102
3 11 30731
1 15 631283
4 12 5358
2 12 416439
5 1 41492
3 17 10901
16 7 10293
19 18 253751
17 6 1387700
7 15 1291871
20 21 1134494
18 5 63568
21 8 168807
22 7 14902
10 9 912097
11 4 89712
9 20 2741686
14 19 464
12 7 1620561
10 19 48730
13 6 11188656
0 5 210554
1 0 6461726
4 11 167169
2 7 70238
4 17 3651
7 4 10477726
5 20 7077583
16 20 1297636
21 17 66914
19 1 167565
18 22 41077
8 0 29429198
15 19 323693
11 19 1149376
12 20 1657675
16 11 9486
6 18 147906
19 6 897997
20 1 160625
18 17 423855
21 4 17865
8 7 124150
9 6 6756949
10 5 221678
11 8 387765
0 19 687696
14 7 323
12 19 186935
1 18 1431306
15 6 711885
13 18 444288
0 9 849175
3 4 6000
4 7 38574
5 6 278254
16 2 626
6 21 1603899
19 15 36115
17 3 2186
7 16 7302
20 8 21008326
18 8 272798
21 13 2517798
22 2 10428
9 15 213369
10 12 811389
8 20 14975014
11 1 432174
9 17 65818
10 22 9746
13 11 278301
2 16 162
3 13 724
1 13 12904283
5 15 2941
3 19 49996
6 12 4717034
4 20 14593545
19 20 23633954
17 4 12737
7 9 1008740
18 3 197
21 22 542313
22 5 2288
11 6 2191572
14 17 271
12 1 16111
10 17 805827
15 20 525900
13 4 30715
0 7 1270870
2 5 291
5 8 35034
6 7 1284592
4 19 13120398
7 6 2424965
5 18 13566
19 3 2516
20 4 115819
18 20 27692766
8 2 96773
9 3 294
11 21 258783
14 2 258
12 22 14001
3 1 15108
16 13 379442
6 16 49606
19 8 136100
17 8 397594
7 21 2709534
20 3 648
18 15 70856
21 2 25176
8 9 1769
22 9 168
9 4 9839
0 21 570045
12 13 3738243
1 16 144358
15 0 287613
13 16 716185
0 11 2316161
3 6 28628
4 1 404256
5 4 13930
16 4 59
6 11 602808
19 17 421977
17 1 198105
7 18 325883
18 6 1327441
21 11 170995
22 0 13733
9 13 2566173
8 22 30772
11 3 129445
14 12 2909
12 4 75027
10 20 1198136
15 9 1082
13 9 7116
0 2 547133
3 15 325362
1 3 13784
4 8 174390
2 8 5388
5 13 5016203
3 21 26718
6 2 4096445
4 22 21763
19 22 132022
7 11 622639
20 17 93032
18 1 129316
16 17 5557
21 20 1019775
12 3 3770
13 2 137691
1 4 553737
2 3 186
6 5 107773
7 0 5265289
5 16 2680
19 5 12603
17 21 16169
22 18 88415
20 6 5107150
21 7 727805
8 4 193448
9 1 367818
0 16 105628
14 0 272099
12 16 29999
15 5 90482
13 21 5605937
16 15 283
6 22 54334
22 21 185065
20 13 1803280
18 13 15194081
21 0 3747702
8 11 430994
8 17 339988
11 12 78541
14 11 3255
12 15 103071
1 22 315115
15 2 407150
2 21 139584
0 13 8367081
3 8 360
1 8 3275142
4 3 40
2 15 370037
5 2 47
16 6 132390
6 9 166429
17 7 112438
7 12 5143541
18 4 103620
21 9 1090109
22 6 393469
10 8 26765
11 5 46646
9 21 2082812
14 18 195
12 6 1547155
10 18 481398
13 7 1794614
0 4 853899
2 6 6818086
5 11 248227
6 0 1568710
7 5 1365149
5 21 46064
20 19 237475
16 19 1400
21 18 83544
17 18 169786
14 21 1654
15 16 65900
13 0 10117595
11 16 5548
2 1 71822
7 2 742
19 7 230808
20 0 334125
18 16 2992
21 5 72069
8 6 952431
9 7 1155151
10 4 31263
11 9 59220
0 18 301444
14 6 160900
12 18 275848
1 19 1287390
15 7 1346164
13 19 206243
0 8 257367
3 5 80
4 6 489677
5 7 112429
16 1 7975
6 20 3815374
19 12 146579
17 12 7485
7 17 459085
20 15 1095643
18 11 149919
8 13 446887
22 13 41728
9 8 14025
10 15 53146
8 19 15748052
9 18 16017873
14 9 124
12 9 4029
1 20 5383698
15 12 206379
13 12 1838051
2 19 164701
0 15 589408
4 13 132838
2 13 873791
5 0 13824017
6 15 129624
19 21 275508
17 5 9682
20 22 9906
18 2 237198
22 4 1068
11 7 145080
12 0 484877
10 16 576901
15 21 10530
13 5 9190962
0 6 8627438
1 7 894951
2 4 95
5 9 42823
4 18 28688
5 19 18523
16 21 6901
21 16 12054
19 0 50708307
17 16 306257
8 1 425142
15 18 42325
11 18 171870
12 21 374951
16 12 9197
6 19 268661
19 9 11270
17 9 25856
20 2 50756
21 3 620
22 8 1298
9 5 10585389
10 2 53858
0 20 10405801
1 17 974153
15 1 75565
13 17 462731
2 22 279056
3 7 2553
1 11 3198522
4 0 31529402
17 2 58416
7 19 22258315
20 9 1029091
18 9 248953
21 12 713082
8 15 74030
22 3 175
10 13 4932758
8 21 94775
11 0 1947426
9 16 3136393
14 15 80
12 11 816545
2 17 2754706
0 1 2000489
3 12 1837
1 12 1640442
4 15 51725
2 11 252111
6 13 5600334
4 21 34880
7 8 20266984
20 16 1859226
18 0 61299999
12 2 141204
13 3 567
1 5 899882
6 4 520570
7 1 2742017
5 17 6743
19 2 10576
20 5 183509
18 21 132895
8 3 1478
9 2 542073
11 20 2393201
13 22 123191
3 0 33812
6 17 484049
19 11 993589
7 20 434670
22 20 24729
20 12 1598523
18 12 86153
21 1 407966
9 11 68337
10 0 661531
8 16 4318
11 13 393967
0 22 16650
15 3 5601
13 15 58575
2 20 12092
0 12 95493
3 9 388
1 9 2258375
4 2 3578
5 3 69
16 5 63
6 8 118778
19 16 3358
17 0 1680976
7 13 9994026
20 11 609319
18 7 345828
22 1 55327
9 12 170644
10 11 306054
11 2 88141
9 22 4006
14 13 122640
12 5 45269
10 21 839229
15 8 90842
13 8 93568
0 3 372064
1 2 1341277
2 9 50727
5 12 917
3 20 7430
5 22 324
20 18 18927753
16 18 13192
21 19 279591
17 19 1311777
14 20 105632
13 1 1576263
2 0 2801697
