444
7 3 8955
16 9 21411
19 4 27801063
17 20 516609
22 19 681754
20 7 2023278
18 19 230429
21 6 1668046
8 5 43356
9 0 3483880
10 7 972167
0 17 1425687
14 1 19536
12 17 254938
15 4 1516876
13 20 10602807
3 2 41980
4 5 152030
16 0 2482958
19 13 666283
17 13 1234012
7 22 656141
21 15 95523
8 12 34565
22 12 5075
8 18 212070
9 19 322100
14 8 3470
12 8 240626
1 21 3408396
15 13 333124
2 18 9113
3 11 30817
1 15 1746516
4 12 41029
2 12 1775956
5 1 90106
3 17 7740
16 7 6790
19 18 93196
17 6 974169
7 15 928221
20 21 2516793
18 5 131586
21 8 44190
22 7 352021
10 9 2001253
11 4 210907
9 20 4082240
14 19 9844
12 7 2681595
10 19 406442
13 6 8257054
0 5 610920
1 0 8181225
4 11 91103
2 7 616815
3 22 7648
4 17 272644
7 4 22952542
5 20 6785333
16 20 1668545
21 17 114268
19 1 789454
18 22 275678
8 0 30598591
15 19 1508178
11 19 565706
12 20 1260729
16 11 3151
6 18 365357
19 6 1427058
20 1 1686336
18 17 205605
21 4 59295
8 7 197160
9 6 6441574
10 5 98284
11 8 373183
0 19 1751343
14 7 35952
12 19 239993
1 18 1918464
15 6 952743
13 18 847366
0 9 2915702
3 4 2203
4 7 85952
5 6 149476
16 2 2082
6 21 1649343
19 15 171173
17 3 380
7 16 44436
20 8 30169782
18 8 154572
21 13 2048551
22 2 163182
9 15 401463
10 12 7109453
8 20 15890013
11 1 863712
9 17 424797
10 22 69081
13 11 592409
2 16 259
3 13 2931
1 13 10669436
5 15 14929
3 19 70418
6 12 4397347
4 20 17115156
19 20 25714459
17 4 410935
7 9 2667113
18 3 5215
21 22 24790
22 5 7364
11 6 1246013
14 17 6187
12 1 225187
10 17 197945
15 20 2941003
13 4 449974
0 7 2739590
2 5 19135
5 8 69170
6 7 16363230
4 19 17053713
7 6 3110907
5 18 120366
16 22 3000
19 3 3272
20 4 635847
18 20 25918242
8 2 1348
9 3 16525
11 21 300260
14 2 16400
12 22 86388
3 1 132235
16 13 482484
6 16 377245
19 8 118009
17 8 1407486
7 21 925425
20 3 59497
18 15 53735
21 2 89572
8 9 3292
22 9 697
9 4 725516
0 21 4150878
14 5 38
12 13 3097686
1 16 321513
15 0 672494
13 16 637316
0 11 4243270
3 6 3648
4 1 748203
5 4 33636
16 4 52
6 11 530241
19 17 2227948
17 1 2785496
7 18 110346
18 6 884458
21 11 378615
22 0 156769
9 13 2612890
8 22 226747
11 3 4234
14 12 42407
12 4 17017
10 20 4132921
15 9 20876
13 9 44013
0 2 704990
3 15 492120
1 3 45697
4 8 395133
2 8 7012
5 13 5402092
3 21 101576
6 2 4967185
4 22 31485
19 22 352434
7 11 1663705
20 17 817187
18 1 547869
16 17 1154
21 20 986712
12 3 29443
13 2 638928
1 4 787316
2 3 30800
6 5 220514
7 0 6122623
5 16 5543
16 8 3736
19 5 28512
17 21 130958
22 18 30451
20 6 6054903
21 7 619891
8 4 2685074
9 1 691683
0 16 549911
14 0 370107
12 16 58898
15 5 37161
13 21 3454186
16 15 8061
6 22 216244
22 21 11189
20 13 2338635
18 13 12830180
21 0 2127604
8 11 309547
22 15 40
8 17 256843
11 12 507519
14 11 11717
12 15 613753
1 22 1002099
15 2 375229
2 21 944070
0 13 9398353
3 8 628
1 8 985365
4 3 132
2 15 551076
5 2 49414
16 6 258990
6 9 428371
17 7 163395
7 12 6307334
18 4 60166
21 9 1978211
22 6 178679
10 8 123427
11 5 135832
9 21 1876751
14 18 1344
12 6 2199666
10 18 274205
13 7 2111774
0 4 610425
2 6 5552682
5 11 95590
6 0 2962107
4 16 1500
7 5 1475501
5 21 74764
20 19 1296556
16 19 9467
21 18 74701
17 18 191239
14 21 7397
15 16 55367
13 0 22689116
11 16 3771
2 1 1307646
7 2 119227
19 7 243303
22 16 2882
20 0 2801730
18 16 7258
21 5 182092
8 6 743920
9 7 3264017
10 4 195301
11 9 311172
0 18 859922
14 6 10785
12 18 115293
1 19 3826292
15 7 1875207
13 19 385716
0 8 2112635
3 5 3665
4 6 600977
5 7 155452
16 1 32009
6 20 8500973
19 12 255842
17 12 248181
7 17 62059
20 15 2263922
18 11 289156
8 13 373662
22 13 26768
9 8 46979
10 15 324439
8 19 16970426
9 18 34947590
14 9 1664
12 9 480620
1 20 10155288
15 12 247534
13 12 4487095
2 19 563106
0 15 860370
4 13 42950
2 13 578419
5 0 13890411
3 16 353
6 15 255212
19 21 352531
17 5 161006
20 22 95674
18 2 59350
22 4 169731
11 7 77953
14 16 1402
12 0 1459541
10 16 737286
15 21 428270
13 5 15829548
0 6 8407927
1 7 1405629
2 4 2668
5 9 134827
4 18 55796
5 19 71532
16 21 12634
21 16 25114
19 0 50950550
17 16 11465
8 1 554500
15 18 67918
11 18 270218
12 21 583430
16 12 19123
6 19 489252
19 9 53931
17 9 324349
20 2 813936
21 3 38270
22 8 34743
9 5 18931677
10 2 897813
0 20 15557657
1 17 1747741
15 1 124792
13 17 262313
2 22 6537
3 7 48276
1 11 3089604
4 0 34294146
16 3 421
17 2 32221
7 19 50451920
20 9 2246712
18 9 166474
21 12 732076
8 15 112660
22 3 288
10 13 6394767
8 21 59319
11 0 1262853
9 16 6661384
14 15 1921
12 11 587299
2 17 275141
0 1 6071722
3 12 230501
1 12 4986308
4 15 137205
2 11 397299
3 18 128412
6 13 7614579
4 21 81433
7 8 32136444
20 16 4871225
18 0 57496612
14 22 482
12 2 885115
13 3 4955
1 5 750682
6 4 264504
7 1 578384
5 17 21382
19 2 145614
20 5 149687
18 21 85982
8 3 28
9 2 440916
11 20 1241322
14 3 20089
13 22 48130
3 0 204696
6 17 292287
19 11 188694
7 20 5002933
22 20 127928
20 12 3074759
18 12 163500
21 1 903519
9 11 562945
10 0 4351236
8 16 155
11 13 556347
0 22 969043
15 3 17551
13 15 213947
2 20 1120434
0 12 3474128
3 9 465711
1 9 4701238
4 2 2656
5 3 1692
16 5 80
6 8 228169
19 16 10478
17 0 1305409
7 13 3968351
20 11 1296744
18 7 98887
22 1 123005
9 12 1252692
10 11 644011
11 2 267844
9 22 658898
14 13 238270
12 5 61909
10 21 3308205
15 8 1037192
13 8 150463
0 3 61114
1 2 1708128
2 9 10792
5 12 66169
3 20 230136
6 3 966
5 22 50436
20 18 29220739
16 18 1536
21 19 321585
17 19 235626
14 20 172968
13 1 1263394
2 0 3347379
