462
7 3 10902
16 9 84002
19 4 24315526
17 20 651599
22 19 1033383
20 7 2675509
18 19 616324
21 6 1985404
8 5 163007
9 0 2486739
10 7 1166058
0 17 2063260
14 1 3702
12 17 1346106
15 4 1048929
13 20 4507542
3 2 16480
4 5 60494
16 0 410154
19 13 591094
17 13 314583
7 22 252707
18 10 45029
21 15 114767
8 12 59709
22 12 56183
8 18 391378
9 19 121559
14 8 3200
12 8 184967
1 21 3910041
15 13 143448
2 18 49662
3 11 263019
1 15 1207217
4 12 7779
2 12 1691862
5 1 151048
3 17 33396
16 7 152005
19 18 401892
17 6 907441
7 15 2913401
20 21 3664309
18 5 61679
21 8 177354
22 7 63262
10 9 5462517
11 4 1044801
9 20 2538432
14 19 5565
12 7 2213350
10 19 50511720
15 10 48015
13 6 10956718
0 5 23198570
1 0 8255885
4 11 163516
2 7 778030
5 10 6205
3 22 7643
4 17 1062148
7 4 31482
5 20 4183628
16 20 3571669
21 17 211793
19 1 1229624
18 22 142776
8 0 8584323
15 19 1732156
11 19 1186540
12 20 3169224
16 11 3993
6 18 437662
19 6 1179642
17 10 14014
20 1 987157
18 17 421609
21 4 73095
8 7 251406
9 6 5963880
10 5 984569
11 8 348807
0 19 827338
14 7 38374
12 19 244608
1 18 1952038
15 6 527427
13 18 1438310
0 9 2422169
3 4 18400
4 7 509136
5 6 160927
16 2 6588
6 21 3392180
19 15 149279
17 3 2103
7 16 14718
20 8 27747430
18 8 429274
21 13 2759091
22 2 572761
9 15 215034
10 12 1657117
8 20 42542423
11 1 680553
9 17 36345
12 10 35819
10 22 517960
13 11 216213
2 16 6167
3 13 87581
1 13 10279602
2 10 87980
5 15 5391
3 19 173870
6 12 5761858
4 20 43942430
19 20 60368012
17 4 344510
7 9 1481188
18 3 449
21 22 13344
22 5 17418
11 6 1842509
14 17 1546
12 1 1532186
10 17 407360
15 20 1159944
13 4 288305
0 7 2596410
2 5 55125
5 8 26099
6 7 6232068
4 19 20899467
7 6 578497
5 18 49088
16 22 1016
19 3 1876
20 4 752204
18 20 80997708
8 2 32220
9 3 12037
11 21 619233
14 2 10964
12 22 96277
3 1 309174
16 13 550264
6 16 155919
19 8 413902
17 8 564245
7 21 1005967
20 3 50916
18 15 184132
21 2 173318
8 9 9070
22 9 120
9 4 201541
11 10 201997
0 21 1537611
14 5 1350
12 13 1246267
1 16 843098
15 0 558574
13 16 212544
0 11 2889913
3 6 13260
4 1 269847
5 4 1811
16 4 749
6 11 802488
19 17 3183151
17 1 1507209
7 18 109538
20 10 380913
18 6 735950
21 11 637171
22 0 30599
9 13 7738941
8 22 373916
11 3 19401
14 12 24419
12 4 36259
10 20 5993502
15 9 100173
13 9 146094
0 2 1092394
3 15 13796
1 3 192307
4 8 1255855
2 8 21346
5 13 6736630
3 21 288521
6 2 2097758
4 22 18379
19 22 582042
7 11 1306043
20 17 680792
18 1 321232
16 17 382
21 20 4663778
12 3 110929
13 2 376624
1 4 1337998
2 3 4683
6 5 693211
7 0 3323122
5 16 219
16 8 6304
19 5 73846
17 21 40647
22 18 44574
20 6 5204048
21 7 1917163
8 4 4718926
9 1 476323
0 16 21565
14 0 86633
12 16 69745
15 5 47148
13 21 644400
16 15 1404
6 22 62932
19 10 62616
22 21 41772
20 13 4001894
18 13 16605939
21 0 1400655
8 11 437341
9 10 211464
8 17 513291
11 12 238473
14 11 28886
12 15 1119856
1 22 438167
15 2 395273
2 21 436345
0 13 7612672
3 8 6165
1 8 608852
4 3 28681
2 15 1121661
5 2 4743
16 6 192014
6 9 240542
17 7 48320
7 12 1865182
18 4 145040
21 9 817866
22 6 255816
10 8 35130021
11 5 389134
9 21 1008930
14 18 5650
12 6 3288659
10 18 43848709
13 7 4839015
0 4 1017094
4 10 39193
2 6 2629390
5 11 56295
6 0 2934391
4 16 2380
7 5 1399755
5 21 144340
20 19 444594
16 19 17803
21 18 109084
17 18 492436
14 21 7020
15 16 29714
13 0 18578379
11 16 27647
2 1 431722
7 2 197602
16 10 20820
19 7 2907412
22 16 144
20 0 2627275
18 16 15249
21 5 354665
8 6 629725
22 10 7445
9 7 4092285
10 4 26839250
11 9 240673
0 18 1649118
14 6 29096
12 18 238148
1 19 3419921
15 7 3622174
13 19 349784
0 8 1009758
3 5 186520
4 6 417776
5 7 170529
16 1 106451
6 20 13250045
19 12 344776
17 12 90791
7 17 139717
20 15 1518664
18 11 300590
8 13 500083
22 13 77061
9 8 382022
10 15 783612
8 19 9680971
9 18 421402
14 9 21080
12 9 273108
1 20 11956842
15 12 393862
13 12 1599467
2 19 248030
0 15 975042
4 13 250971
2 13 221117
5 0 19612470
3 16 1400
6 15 266978
19 21 180456
17 5 40307
20 22 149727
18 2 126939
22 4 24893
11 7 122169
14 16 2580
12 0 411713
10 16 7387256
15 21 121367
13 5 19794081
0 6 7020831
1 7 1634946
2 4 18280
5 9 69832
4 18 35543
5 19 81950
16 21 5584
21 16 168950
19 0 12340313
17 16 9462
8 1 328702
15 18 100441
11 18 631220
12 21 1244796
16 12 28771
6 19 530758
19 9 47341
17 9 102302
20 2 779808
21 3 31585
22 8 101688
9 5 60420
10 2 1123737
0 20 7892936
1 17 2334542
15 1 251045
13 17 252464
2 22 16026
0 10 885623
3 7 251118
1 11 2700303
4 0 9845431
16 3 1819
17 2 74609
7 19 922655
20 9 2085896
18 9 156580
21 12 891270
8 15 120119
22 3 168
10 13 3317151
8 21 28939
11 0 1303848
9 16 230682
14 15 1078
12 11 974721
13 10 438126
2 17 566659
0 1 4611930
3 12 174079
1 12 5585413
4 15 216755
2 11 218509
3 18 18499
6 13 5668064
4 21 432267
7 8 30548
20 16 4875653
18 0 14562836
14 22 1378
12 2 1854511
13 3 3101
1 5 641300
6 4 135392
7 1 1115471
5 17 21052
19 2 106302
20 5 189764
18 21 140477
8 3 92
9 2 232605
11 20 1115427
14 3 1635
13 22 779008
3 0 135729
6 17 534706
19 11 462696
7 20 1410877
22 20 57888
20 12 2827502
18 12 105485
21 1 385687
8 10 300003
9 11 1019021
10 0 5507837
8 16 25091
11 13 250546
0 22 43938
14 10 141
15 3 27538
13 15 810204
2 20 688075
0 12 750593
3 9 87442
1 9 2950049
4 2 4906
5 3 6792
16 5 7500
6 8 158564
19 16 3572
17 0 504191
7 13 6267380
20 11 1264037
18 7 67294
21 10 145550
22 1 21453
9 12 491564
10 11 718887
11 2 175636
9 22 12314
14 13 303407
12 5 75099
10 21 3762926
15 8 906232
13 8 261331
0 3 48241
1 2 2087553
4 9 4756
2 9 6441
5 12 28552
3 20 636343
7 10 85506
5 22 2818
20 18 32208992
16 18 261078
21 19 151500
17 19 946813
14 20 1254938
13 1 1898704
2 0 1429656
