452
7 3 4796
16 9 16840
19 4 13364632
17 20 1557360
22 19 47932
20 7 1740347
18 19 117011
21 6 620802
8 5 30681
9 0 192975
10 7 81696
0 17 439697
14 1 7171
12 17 466505
15 4 509485
13 20 1812563
4 5 8919
16 0 41008
19 13 111449
17 13 908505
7 22 1540521
18 10 31194
21 15 13159
8 12 26281
22 12 156196
8 18 79194
9 19 14659
14 8 446
12 8 231693
1 21 2928568
15 13 72038
2 18 201676
3 11 8719
1 15 744280
4 12 27524
2 12 367082
5 1 91499
3 17 40
16 7 40067
19 18 129145
17 6 1117657
7 15 2642244
20 21 1830773
18 5 26122
21 8 67223
22 7 40063
10 9 2654691
11 4 169136
9 20 2725198
14 19 50
12 7 1237936
10 19 28882665
15 10 35098
13 6 4599239
0 5 9591405
1 0 5344780
4 11 49902
2 7 2920
5 10 5617
3 22 3000
4 17 14798
7 4 3052
5 20 1498983
16 20 4043540
21 17 41748
19 1 669755
18 22 3585
8 0 1100471
15 19 932363
11 19 733000
12 20 1468704
16 11 2056
6 18 111326
19 6 936758
17 10 246853
20 1 2635781
18 17 55248
21 4 12429
8 7 388513
9 6 2877271
10 5 388278
11 8 206134
0 19 917694
14 7 10171
12 19 31862
1 18 1366067
15 6 457806
13 18 405963
0 9 135861
3 4 3896
4 7 358680
5 6 131412
16 2 464
6 21 444434
19 15 65477
17 3 108
7 16 20251
20 8 23212745
18 8 237412
21 13 1342033
9 15 1598118
10 12 370542
8 20 42788041
11 1 189970
9 17 40361
12 10 25001
10 22 15414
13 11 489413
2 16 6152
3 13 3378
1 13 6399474
2 10 21230
5 15 5681
3 19 3770
6 12 7438512
4 20 30876769
19 20 50869987
17 4 11779
7 9 5830830
18 3 20249
21 22 182082
22 5 504
11 6 984293
12 1 56086
10 17 51870
15 20 333190
13 4 127898
0 7 1738202
2 5 237
5 8 45212
6 7 299126
4 19 18661534
7 6 646601
5 18 9078
16 22 131
19 3 3268
20 4 158194
18 20 80932249
8 2 8499
9 3 3930
11 21 73310
14 2 348
12 22 14049
3 1 8794
16 13 729839
6 16 76554
19 8 525800
17 8 824557
7 21 296562
20 3 13351
18 15 23806
21 2 13128
8 9 121185
22 9 9793
9 4 10418
11 10 78285
0 21 407018
12 13 822382
1 16 211109
15 0 367586
13 16 11289
0 11 1959292
3 6 52
4 1 44991
5 4 4369
16 4 76
6 11 333948
19 17 252296
17 1 937229
7 18 206818
20 10 1141575
18 6 456060
21 11 557688
22 0 179757
9 13 2408650
8 22 227223
11 3 1322
14 12 2246
12 4 21260
10 20 2053785
15 9 108729
13 9 1152467
0 2 63025
3 15 46561
1 3 128399
4 8 55664
2 8 6740
5 13 5128943
3 21 8928
6 2 645840
4 22 3554
19 22 147012
7 11 2597812
20 17 1995976
18 1 180902
16 17 4489
21 20 3981090
12 3 8331
13 2 43650
1 4 113826
6 5 311393
7 0 1786165
5 16 1500
16 8 4932
19 5 49644
17 21 787782
22 18 13294
20 6 5027544
21 7 93805
8 4 148969
9 1 968974
0 16 85179
14 0 13972
12 16 6845
15 5 4753
13 21 271289
16 15 2102
6 22 18709
19 10 38293
22 21 6224
20 13 1045726
18 13 12913644
21 0 190955
8 11 629984
9 10 474731
8 17 709178
11 12 55054
14 11 40
12 15 38302
1 22 230587
15 2 524881
2 21 407957
0 13 4636214
3 8 1592
1 8 742745
4 3 244429
2 15 3265397
5 2 8573
16 6 126682
6 9 3348956
17 7 66518
7 12 1431461
18 4 49715
21 9 1372523
22 6 82311
10 8 24780115
11 5 42310
9 21 125566
14 18 1313
12 6 4014659
10 18 20571258
13 7 2993411
0 4 102721
4 10 8156
2 6 2291247
5 11 9286
6 0 1290686
7 5 1533853
5 21 76870
20 19 226578
16 19 1317
21 18 58597
17 18 23068
14 21 2696
15 16 253
13 0 12599023
11 16 28800
2 1 54762
7 2 5210
16 10 10717
19 7 858789
20 0 777288
18 16 23210
21 5 186371
8 6 329293
22 10 5023
9 7 1938172
10 4 10054194
11 9 157105
0 18 358975
14 6 5926
12 18 714335
1 19 1725527
15 7 2751202
13 19 207561
0 8 820605
3 5 38
4 6 139980
5 7 137200
16 1 12526
6 20 14803934
19 12 146486
17 12 24363
7 17 20533
20 15 265035
18 11 139296
8 13 154295
22 13 30108
9 8 77907
10 15 3389008
8 19 7347566
9 18 136729
14 9 4315
12 9 467186
1 20 11043511
15 12 175888
13 12 1091475
2 19 30012
0 15 855696
3 10 74
4 13 88149
2 13 88794
5 0 18516091
3 16 1420
6 15 294204
19 21 23762
17 5 219
20 22 26796
18 2 43518
22 4 7766
11 7 81773
12 0 1150299
10 16 3876642
15 21 4085
13 5 7932178
0 6 5067138
1 7 999614
2 4 23529
5 9 77492
4 18 6643
5 19 19096
16 21 4838
21 16 9994
19 0 1037067
17 16 2950
8 1 84782
15 18 14113
11 18 118703
12 21 498090
16 12 8432
6 19 453850
19 9 5369
17 9 10605
20 2 59094
21 3 3535
22 8 81084
9 5 69315
10 2 200108
0 20 4476603
1 17 2209899
15 1 68198
13 17 340526
0 10 312321
3 7 1532
1 11 1048656
4 0 455277
17 2 322675
7 19 87801
20 9 515487
18 9 55182
21 12 196549
8 15 67945
22 3 90
10 13 2924939
8 21 59591
11 0 1145031
9 16 23526
14 15 190
12 11 320258
13 10 354566
2 17 11870
0 1 3350522
3 12 220
1 12 1118804
4 15 56666
2 11 117956
3 18 19645
6 13 2484706
4 21 12760
7 8 24056
20 16 3297403
18 0 681693
14 22 1520
12 2 52427
13 3 104
1 5 383433
6 4 136758
7 1 2105681
5 17 1705
19 2 30708
20 5 563271
18 21 22219
8 3 40
9 2 540076
11 20 565090
14 3 128
13 22 149273
3 0 4733
6 17 83852
19 11 139095
7 20 3725495
22 20 39258
20 12 324495
18 12 48267
21 1 1393722
8 10 22503
9 11 388364
10 0 3769574
8 16 976
11 13 962872
0 22 554705
15 3 13723
13 15 117378
2 20 111121
0 12 1121909
3 9 1598
1 9 659983
4 2 3727
5 3 296
16 5 68
6 8 91102
19 16 4612
17 0 172706
7 13 5217932
20 11 72199
18 7 216585
21 10 169644
22 1 16660
9 12 4490749
10 11 502154
11 2 8668
9 22 292877
14 13 319268
12 5 52497
10 21 2229378
15 8 545089
13 8 128717
0 3 65796
1 2 635094
4 9 9004
2 9 60864
5 12 193948
3 20 39918
7 10 3964
5 22 48
20 18 18166108
16 18 3608
21 19 51912
17 19 407346
14 20 1717002
13 1 674625
2 0 1191895
