464
7 3 16733
16 9 17120
19 4 18539943
17 20 482889
22 19 517693
20 7 107630
18 19 355890
21 6 2094957
8 5 82522
9 0 302545
10 7 258348
0 17 3292201
14 1 289
12 17 251218
15 4 783374
13 20 2127014
3 2 3137
4 5 25173
16 0 311876
19 13 112332
17 13 359520
7 22 18547
18 10 112051
21 15 111989
8 12 63041
22 12 16752
8 18 538164
9 19 100751
14 8 196
12 8 191635
1 21 1374954
15 13 88860
2 18 8640
3 11 121057
1 15 1215606
4 12 3628
2 12 558151
5 1 11734
3 17 9159
16 7 104343
19 18 93974
17 6 2961451
7 15 1953513
20 21 1079253
18 5 47205
21 8 73308
22 7 8070
10 9 2183756
11 4 174482
9 20 5326834
14 19 97
12 7 2564857
10 19 31590041
15 10 52169
13 6 10293874
0 5 16015968
1 0 5922046
4 11 353803
2 7 4909
5 10 36049
3 22 64299
4 17 690640
7 4 24960
5 20 1580989
16 20 3688294
21 17 796544
19 1 692232
18 22 66280
8 0 4047916
15 19 854258
11 19 247794
12 20 1124055
16 11 2023
6 18 172035
19 6 876543
17 10 33901
20 1 1425746
18 17 708844
21 4 120240
8 7 480786
9 6 2694355
10 5 302443
11 8 729671
0 19 575132
14 7 2864
12 19 555289
1 18 754155
15 6 742667
13 18 503933
0 9 475852
3 4 7756
4 7 1800505
5 6 398499
16 2 648
6 21 737647
19 15 169257
17 3 238
7 16 7104
20 8 28300787
18 8 213492
21 13 5890603
22 2 2317
9 15 406318
10 12 1929714
8 20 54953087
11 1 455199
9 17 1213375
12 10 99213
10 22 12046
13 11 409066
2 16 9236
3 13 4039
1 13 9816919
2 10 296588
5 15 15327
3 19 227270
6 12 4939254
4 20 42220375
19 20 63100464
17 4 18957
7 9 4050195
18 3 63038
21 22 18494
22 5 5074
11 6 1960284
14 17 399
12 1 29417
10 17 124419
15 20 555729
13 4 57771
0 7 809767
1 6 80
2 5 957
5 8 128448
6 7 139293
4 19 28889203
7 6 1306098
5 18 24854
16 22 56
19 3 55307
20 4 25276
18 20 79425992
8 2 23616
9 3 250
11 21 768539
14 2 2517
12 22 422659
3 1 36485
16 13 583832
6 16 120693
19 8 1101098
17 8 493794
7 21 665773
20 3 2806
18 15 71372
21 2 21756
8 9 34895
22 9 163225
9 4 46096
10 3 112931
11 10 139070
0 21 364630
12 13 1023591
1 16 268255
15 0 337065
13 16 12988
0 11 2951200
3 6 699693
4 1 527528
5 4 18036
16 4 1152
6 11 427415
19 17 1072760
17 1 325924
7 18 235067
20 10 472262
18 6 871950
21 11 574340
22 0 155469
9 13 3449748
8 22 13542
11 3 78790
14 12 388
12 4 21907
10 20 3433943
15 9 30182
13 9 196489
0 2 525601
3 15 1777
1 3 416597
4 8 1468707
2 8 5142
5 13 6179043
3 21 11287
6 2 530775
4 22 592422
19 22 496908
7 11 1514943
20 17 677668
18 1 559676
16 17 1603
21 20 5316593
12 3 10007
13 2 155625
1 4 631482
2 3 70
6 5 181415
7 0 1571072
5 16 1785
16 8 23152
19 5 33017
17 21 57456
22 18 571948
20 6 7990231
21 7 424501
8 4 166702
9 1 139576
0 16 32381
14 0 131333
12 16 49430
15 5 52342
13 21 542022
16 15 2206
6 22 29440
19 10 204944
22 21 172976
20 13 2706846
18 13 14945177
21 0 990296
8 11 1079779
22 15 546
9 10 106127
8 17 774381
11 12 51270
14 11 640
12 15 141519
1 22 289003
15 2 489937
2 21 127936
0 13 7281782
3 8 5796
1 8 1475845
4 3 1089268
2 15 1161881
5 2 1173
16 6 212200
6 9 597254
17 7 22608
7 12 940271
18 4 66132
21 9 668803
22 6 72281
10 8 31043769
11 5 46576
9 21 1503969
14 18 1551
12 6 6613782
10 18 21155786
15 11 3000
13 7 6303306
0 4 467505
4 10 29307
2 6 2279922
5 11 28751
6 0 1597140
4 16 706
7 5 1538145
5 21 289083
20 19 393479
16 19 3148
21 18 280621
17 18 375854
14 21 1125
15 16 79788
13 0 12441258
11 16 9067
2 1 191031
7 2 7755
16 10 20480
19 7 1355450
22 16 1958
20 0 1982790
18 16 9200
21 5 233277
8 6 1053415
22 10 5763
9 7 1323539
10 4 16735899
11 9 58874
0 18 458352
14 6 14748
12 18 172226
1 19 2754564
15 7 2574432
13 19 245825
0 8 995819
3 5 22776
4 6 360409
5 7 97600
16 1 3167
6 20 4705931
19 12 59472
17 12 33281
7 17 186502
20 15 604464
18 11 2648191
8 13 492118
22 13 33026
9 8 73132
10 15 790692
8 19 11662139
9 18 53612
14 9 312
12 9 4176141
1 20 9944498
15 12 92657
13 12 754320
2 19 4255
0 15 886480
3 10 17396
4 13 25574
2 13 194997
5 0 20200637
3 16 40
6 15 775192
19 21 30750
17 5 70406
20 22 10798
18 2 58392
22 4 17416
11 7 207938
12 0 903783
10 16 4559198
15 21 26538
13 5 10356758
0 6 10253921
1 7 601688
2 4 200
5 9 103539
4 18 23157
5 19 19112
16 21 7248
21 16 10096
19 0 7605321
17 16 488
8 1 341928
15 18 11483
11 18 223800
12 21 350281
16 12 4435
6 19 415130
19 9 288225
17 9 35617
20 2 906296
21 3 859716
22 8 266155
9 5 173211
10 2 109468
0 20 5297052
1 17 1729934
15 1 50962
13 17 229167
2 22 108
0 10 1053623
3 7 4251
1 11 2281899
4 0 8837032
16 3 1534
17 2 55069
7 19 151811
20 9 2413444
18 9 81311
21 12 79872
8 15 180120
22 3 800
10 13 3283549
8 21 16611
11 0 1215113
9 16 34818
14 15 88
12 11 387095
13 10 787779
2 17 1219
0 1 3008772
3 12 31744
1 12 1224673
4 15 151322
2 11 15903
3 18 2380
6 13 3841966
4 21 1207441
7 8 60958
20 16 4134076
18 0 7160098
12 2 373963
13 3 234
1 5 889138
6 4 26946
7 1 1255660
5 17 5827
19 2 15394
20 5 200605
18 21 66497
8 3 172
9 2 288554
11 20 1906617
14 3 128
13 22 13259
3 0 61346
6 17 111438
19 11 597847
7 20 1617728
22 20 58368
20 12 1410215
18 12 39443
21 1 126357
8 10 41821
9 11 157497
10 0 2940676
8 16 446
11 13 567112
0 22 245494
14 10 256
15 3 254
13 15 767455
2 20 628010
0 12 909371
3 9 1472
1 9 456132
4 2 21444
5 3 34725
16 5 18712
6 8 358230
17 0 1492936
7 13 5394067
20 11 305448
18 7 227785
21 10 287335
22 1 48035
9 12 351101
10 11 384000
11 2 48929
9 22 127109
14 13 361466
12 5 124214
10 21 1338903
15 8 522447
13 8 190089
0 3 5136
1 2 1329610
4 9 1466566
2 9 68558
5 12 21377
3 20 110054
6 3 35028
7 10 226565
5 22 46846
20 18 17054069
16 18 1810
21 19 60501
17 19 1615816
14 20 1250861
13 1 3240188
2 0 1773892
