455
7 3 541
16 9 38020
19 4 14020018
17 20 192229
22 19 106263
20 7 1342104
18 19 142807
21 6 1090869
8 5 69094
9 0 1899700
10 7 29066
0 17 1600367
14 1 1723
12 17 85318
15 4 285294
13 20 4020225
3 2 390
4 5 1798
16 0 211019
19 13 50982
17 13 218494
7 22 260027
18 10 61217
21 15 28725
8 12 39892
22 12 2197
8 18 23946
9 19 29788
14 8 1480
12 8 222762
1 21 1085211
15 13 146514
2 18 463
3 11 40
1 15 604790
4 12 6500
2 12 407121
5 1 29232
3 17 524
16 7 86552
19 18 26614
17 6 539414
7 15 2482212
20 21 716330
18 5 111805
21 8 37028
22 7 11509
10 9 1676085
11 4 78626
9 20 3854618
14 19 1268
12 7 1042655
10 19 22217705
15 10 78455
13 6 9301568
0 5 9829910
1 0 4514375
4 11 114549
2 7 2109
5 10 5679
3 22 15124
4 17 23509
7 4 814
5 20 1455345
16 20 2905828
21 17 30275
19 1 387454
18 22 7056
8 0 4314182
15 19 444456
11 19 170522
12 20 691475
16 11 4900
6 18 47254
19 6 1137553
17 10 9466
20 1 702250
18 17 13398
21 4 92924
8 7 271117
9 6 3345230
10 5 701229
11 8 266665
0 19 322671
14 7 7504
12 19 458379
1 18 7752
15 6 495438
13 18 14553
0 9 225262
3 4 104
4 7 250474
5 6 275035
16 2 520
6 21 484427
19 15 80988
17 3 2017
7 16 4647
20 8 16759233
18 8 266674
21 13 3126615
22 2 13074
9 15 197988
10 12 969841
8 20 41507603
11 1 159100
9 17 49606
12 10 225266
10 22 19929
13 11 193842
2 16 37148
3 13 83409
1 13 12865237
2 10 31630
5 15 441
3 19 67772
6 12 5507704
4 20 33461585
19 20 64387797
17 4 19650
7 9 1596651
18 3 134
21 22 436544
22 5 10904
11 6 1762856
14 17 40
12 1 35775
10 17 1032194
15 20 336447
13 4 42281
0 7 1028612
5 8 42391
6 7 94225
4 19 25309938
7 6 1157079
5 18 1740
19 3 2114
20 4 10699
18 20 76395660
8 2 262
9 3 648942
11 21 66592
12 22 5020
3 1 9307
16 13 436443
6 16 83930
19 8 91502
17 8 1443587
7 21 175739
20 3 1800
18 15 30416
21 2 61505
8 9 8132
22 9 7758
9 4 22182
10 3 126975
11 10 113134
0 21 491029
14 5 38
12 13 1020321
1 16 271663
15 0 398271
13 16 12413
0 11 438581
3 6 371388
4 1 97889
5 4 1566
16 4 173
6 11 393827
19 17 287458
17 1 701002
7 18 3756
20 10 494889
18 6 928945
21 11 69704
22 0 45774
9 13 2140167
8 22 40847
11 3 2032
14 12 116
12 4 38915
10 20 3747987
15 9 31469
13 9 112742
0 2 503138
3 15 1780
1 3 50338
4 8 77981
2 8 3603
5 13 5737889
3 21 208
6 2 450064
4 22 46392
19 22 40223
7 11 11283
20 17 595121
18 1 145652
16 17 136
21 20 3374125
12 3 30177
13 2 87597
1 4 213453
2 3 154
6 5 344593
7 0 1756449
5 16 3055
16 8 1620
19 5 9430
17 21 65633
22 18 232
20 6 5108741
21 7 191951
8 4 432223
9 1 64058
0 16 160589
14 0 259061
12 16 12787
15 5 4093
13 21 692923
16 15 156
6 22 26592
19 10 31929
22 21 11810
20 13 1102239
18 13 13690970
21 0 553578
8 11 286173
22 15 46
9 10 21924
8 17 188680
11 12 73206
12 15 52968
1 22 511965
15 2 412125
2 21 79641
0 13 6209402
3 8 21200
1 8 607116
2 15 1775027
5 2 780
16 6 106385
6 9 4270846
17 7 5213
7 12 271780
18 4 252180
21 9 1147670
22 6 75586
10 8 17374264
11 5 53346
9 21 1103429
14 18 100
12 6 1575861
10 18 1666227
13 7 6443382
0 4 250578
4 10 217794
2 6 2059908
5 11 17477
6 0 1390267
4 16 101
7 5 1666507
5 21 62818
20 19 350616
16 19 1840
21 18 8057
17 18 179
14 21 1290
15 16 54080
13 0 9395362
11 16 1211
2 1 44085
7 2 4328
16 10 2421
19 7 661223
22 16 704
20 0 12166974
18 16 6320
21 5 195494
8 6 865681
22 10 18481
9 7 1555705
10 4 10895710
11 9 11447
0 18 3521
14 6 2290
12 18 11481
1 19 1446500
15 7 1789433
13 19 73311
0 8 527280
3 5 92
4 6 350001
5 7 75215
16 1 8377
6 20 9786739
19 12 30207
17 12 17872
7 17 7747
20 15 2173196
18 11 229099
8 13 445335
22 13 12072
9 8 41017
10 15 43017
8 19 6849487
9 18 15380
14 9 514
12 9 3104172
1 20 8929373
15 12 68196
13 12 212869
2 19 17578
0 15 1027973
3 10 174136
4 13 89230
2 13 364391
5 0 19623225
6 15 69242
19 21 25545
17 5 4017
20 22 7961
18 2 29815
22 4 28942
11 7 5041
12 0 1017994
10 16 3194774
15 21 128371
13 5 7532173
0 6 7341089
1 7 2217981
2 4 1788
5 9 125392
4 18 3634
5 19 11321
16 21 5110
21 16 7033
19 0 5163403
17 16 1500
8 1 739548
15 18 86
11 18 6015
12 21 297766
16 12 2991
6 19 331381
19 9 41143
17 9 5074
20 2 1111968
21 3 81032
22 8 4535
9 5 145893
10 2 258709
0 20 3335496
14 4 120
1 17 903185
15 1 151231
13 17 63219
2 22 2311
0 10 1418380
3 7 2062
1 11 2597143
4 0 5047337
16 3 165
17 2 985
7 19 79915
20 9 1811713
18 9 20746
21 12 422389
8 15 90901
22 3 320
10 13 2941278
8 21 29077
11 0 1896744
9 16 9659
14 15 40
12 11 333991
13 10 891239
2 17 255
0 1 3135623
3 12 1432834
1 12 1085491
4 15 9766
2 11 18429
6 13 3748571
4 21 945050
7 8 28454
20 16 3073545
18 0 6184787
12 2 57345
13 3 40
1 5 568638
6 4 490265
7 1 1411665
5 17 18574
19 2 70724
20 5 151983
18 21 56255
8 3 1960
9 2 547934
11 20 545049
13 22 289379
3 0 9794
6 17 254617
19 11 489557
7 20 1538425
22 20 33252
20 12 471665
18 12 28263
21 1 47422
8 10 42173
9 11 44335
10 0 18396461
8 16 4440
11 13 818329
0 22 228725
15 3 328
13 15 270757
2 20 89587
0 12 403433
3 9 14941
1 9 432665
4 2 2945
16 5 128
6 8 84782
19 16 3000
17 0 241220
7 13 6829212
20 11 557223
18 7 57990
21 10 82419
22 1 12503
9 12 262194
10 11 256961
11 2 3602
9 22 50957
14 13 240184
12 5 308973
10 21 1047372
15 8 191618
13 8 197530
0 3 5137
1 2 1207085
4 9 1206
2 9 45320
5 12 12273
3 20 19325
6 3 4264
7 10 15607
5 22 132553
20 18 1618854
16 18 1883
21 19 117833
17 19 569718
14 20 971207
13 1 981779
2 0 1530436
