460
7 3 2378
16 9 19868
19 4 16936343
17 20 1647828
22 19 1426232
20 7 371648
18 19 799474
21 6 1623675
8 5 56261
9 0 1434895
10 7 257582
0 17 1533419
14 1 3115
12 17 373095
15 4 616888
13 20 2567789
3 2 1601
4 5 61958
16 0 315347
19 13 1126877
17 13 418964
7 22 29450
18 10 407895
21 15 73170
8 12 65808
22 12 9313
8 18 14805
9 19 56186
14 8 356
12 8 174386
1 21 2760329
15 13 69289
2 18 52
3 11 6400
1 15 670991
4 12 12359
2 12 973996
5 1 14526
3 17 1458
16 7 192500
19 18 18229
17 6 571668
7 15 2915880
20 21 884414
18 5 82737
21 8 49555
22 7 10078
10 9 1922954
11 4 143089
9 20 6291711
14 19 4228
12 7 723097
10 19 36564556
15 10 103669
13 6 7592377
0 5 7314388
1 0 5855658
4 11 421597
2 7 22196
5 10 13337
3 22 4500
4 17 23153
7 4 3774
5 20 1525738
16 20 3504241
21 17 388218
19 1 159762
18 22 5280
8 0 3627792
15 19 1209825
11 19 694807
12 20 837945
16 11 61402
6 18 38906
19 6 963456
17 10 186357
20 1 668440
18 17 49584
21 4 10161
8 7 260536
9 6 4640086
10 5 71445
11 8 545160
0 19 2374694
14 7 26482
12 19 482724
1 18 593302
15 6 468558
13 18 34081
0 9 608851
3 4 2888
4 7 477378
5 6 185874
16 2 5084
6 21 748718
19 15 116305
17 3 60
7 16 7523
20 8 19644776
18 8 90949
21 13 1354118
22 2 1461
9 15 287749
10 12 8126423
8 20 37239340
11 1 767586
9 17 237736
12 10 102902
10 22 140022
13 11 131389
2 16 1958
3 13 7976
1 13 9315868
2 10 11917
5 15 4348
3 19 75416
6 12 5487453
4 20 29418025
19 20 60405058
17 4 109748
7 9 2711969
18 3 693
21 22 5767
22 5 1121
11 6 1691455
14 17 2580
12 1 17636
10 17 217263
15 20 868236
13 4 67285
0 7 1033566
1 6 40
2 5 104
5 8 42994
6 7 162852
4 19 21246953
7 6 701895
5 18 283
16 22 2550
19 3 1692
20 4 7754
18 20 71253978
8 2 30504
9 3 1315668
11 21 79372
14 2 7799
12 22 156214
3 1 14848
16 13 845111
6 16 153136
19 8 74623
17 8 2072602
7 21 350173
20 3 16531
18 15 107478
21 2 19098
8 9 9861
22 9 9121
9 4 11842
10 3 61067
11 10 172221
0 21 748100
14 5 2680
12 13 424523
1 16 262358
15 0 375527
13 16 41726
0 11 1308417
3 6 238310
4 1 4480
5 4 2289
16 4 4256
6 11 588706
19 17 324190
17 1 409326
7 18 14802
20 10 204884
18 6 1620231
21 11 62165
22 0 56428
9 13 803262
8 22 1970
11 3 2092
14 12 14429
12 4 59148
10 20 3931837
15 9 37727
13 9 105933
0 2 638168
3 15 8568
1 3 51010
4 8 898103
2 8 171031
5 13 4917357
3 21 17988
6 2 640711
4 22 9546
19 22 53418
7 11 125419
20 17 141419
18 1 47605
16 17 1556
21 20 2935851
12 3 3963
13 2 372303
1 4 207105
2 3 92
6 5 392023
7 0 1485086
5 16 89
16 8 2556
19 5 13631
17 21 14614
22 18 1500
20 6 6313601
21 7 1555331
8 4 150717
9 1 49758
0 16 64510
14 0 239186
12 16 34453
15 5 14442
13 21 575700
16 15 186
6 22 74647
19 10 158165
22 21 143000
20 13 610212
18 13 11149985
21 0 633133
8 11 389202
9 10 78254
8 17 207632
11 12 240543
14 11 5872
12 15 217319
1 22 139675
15 2 670861
2 21 124801
0 13 5411151
3 8 18048
1 8 666752
2 15 1711297
5 2 3334
16 6 172977
6 9 21468925
17 7 147165
7 12 2969539
18 4 111334
21 9 458519
22 6 298345
10 8 24342297
11 5 30670
9 21 290317
14 18 1390
12 6 1519214
10 18 3529310
13 7 4729539
0 4 238538
4 10 4963
2 6 1981381
5 11 11030
6 0 1202044
7 5 1277121
5 21 19672
20 19 278287
16 19 26550
21 18 13671
17 18 5058
14 21 6710
15 16 60
13 0 18122730
11 16 1795
2 1 64675
7 2 178794
16 10 7037
19 7 1949879
22 16 137
20 0 18770325
18 16 4990
21 5 88165
8 6 476822
22 10 37827
9 7 462751
10 4 14130474
11 9 39728
0 18 10655
14 6 61231
12 18 9797
1 19 1946226
15 7 2553359
13 19 164897
0 8 272079
3 5 68376
4 6 377402
5 7 81253
16 1 6866
6 20 9822546
19 12 112422
17 12 475070
7 17 205202
20 15 1780325
18 11 158166
8 13 91177
22 13 3612
9 8 57946
10 15 213108
8 19 6576755
9 18 10202
14 9 6608
12 9 1464292
1 20 21819217
15 12 29073
13 12 1434640
2 19 48180
0 15 874208
3 10 69783
4 13 40069
2 13 155878
5 0 17945445
6 15 125195
19 21 55561
17 5 78595
20 22 8368
18 2 22189
22 4 2309
11 7 13838
12 0 695412
10 16 4671585
15 21 124329
13 5 6085401
0 6 5913935
1 7 1108894
2 4 1572
5 9 195411
4 18 100
5 19 193514
16 21 13871
21 16 24281
19 0 5904176
17 16 197
8 1 622019
15 18 284
11 18 3270
12 21 174329
16 12 18590
6 19 827288
19 9 69767
17 9 38470
20 2 763607
21 3 3232
22 8 2740
9 5 81189
10 2 528871
0 20 4273605
14 4 51
1 17 2575584
15 1 35731
13 17 104768
2 22 4552
0 10 1121741
3 7 2208
1 11 1566790
4 0 3669575
17 2 2693
7 19 271143
20 9 1741822
18 9 35476
21 12 157509
8 15 73119
22 3 528
10 13 2597182
8 21 23891
11 0 1845819
9 16 14697
14 15 6096
12 11 286548
13 10 1310613
2 17 9269
0 1 2767410
3 12 70135
1 12 1860194
4 15 46267
2 11 12242
6 13 2086968
4 21 6461
7 8 47434
20 16 1992288
18 0 6184025
12 2 120438
13 3 224
1 5 105919
6 4 370254
7 1 199579
5 17 9360
19 2 4754
20 5 778106
18 21 299729
8 3 380
9 2 124095
11 20 324855
14 3 38
13 22 22525
3 0 554626
6 17 558464
19 11 514161
7 20 1046478
22 20 90932
20 12 1625418
18 12 70231
21 1 61128
8 10 24956
9 11 71984
10 0 28339657
8 16 92
11 13 222880
0 22 251440
14 10 3348
15 3 2595
13 15 309263
2 20 240511
0 12 1660632
3 9 48788
1 9 803916
4 2 386
5 3 1702
16 5 1440
6 8 109757
19 16 1168
17 0 1149157
7 13 3920974
20 11 398430
18 7 77303
21 10 351823
22 1 13022
9 12 277985
10 11 385566
11 2 33837
9 22 8708
14 13 313046
12 5 64599
10 21 1961057
15 8 1231716
13 8 197727
0 3 11863
1 2 1402915
4 9 3296
2 9 92435
5 12 34406
3 20 278330
6 3 7511
7 10 49952
5 22 21000
20 18 2870316
16 18 120
21 19 132095
17 19 522654
14 20 1365525
13 1 969833
2 0 1308718
