466
7 3 4829
16 9 14225
19 4 10627961
17 20 486067
22 19 38711
20 7 1322095
18 19 122751
21 6 1369701
8 5 35312
9 0 2911805
10 7 25653
0 17 331778
14 1 3270
12 17 59945
15 4 237458
13 20 7527205
3 2 326
4 5 10327
16 0 366503
19 13 84120
17 13 255716
7 22 13443
20 14 4867
18 10 129887
21 15 21384
8 12 27629
22 12 8123
10 14 1426347
8 18 75388
11 15 2550
9 19 21776
14 8 234
12 8 85522
1 21 1023599
15 13 134643
2 18 1628
0 14 38
3 11 10720
1 15 656644
4 12 1721
2 12 405470
5 1 45820
3 17 20089
16 7 97791
6 14 63
19 18 7783
17 6 146181
7 15 1912477
20 21 904819
18 5 31238
21 8 53214
22 7 4871
10 9 1454246
11 4 145793
9 20 3587215
14 19 194
12 7 180788
10 19 23915959
15 10 15645
13 6 3003878
0 5 11338321
1 0 3464745
4 11 311654
2 7 3724
5 10 14332
3 22 38
4 17 33291
7 4 4144
5 20 1490410
16 20 1742255
21 17 28846
19 1 513062
18 22 11533
8 0 2417966
15 19 1150453
11 19 292929
12 20 1205724
16 11 3391
6 18 11771
19 6 210024
17 10 340968
20 1 429929
18 17 19960
21 4 10289
8 7 667745
9 6 3836127
10 5 479848
11 8 2218849
0 19 1250716
14 7 4509
12 19 79550
1 18 27944
15 6 169106
13 18 19072
0 9 200331
4 7 1116115
5 6 103466
16 2 3517
6 21 499076
19 15 65166
17 3 257671
7 16 5951
20 8 16791121
18 8 127179
21 13 702895
8 14 1280
22 2 104812
9 15 93219
10 12 972739
8 20 37677746
11 1 353868
9 17 5779
12 10 25228
10 22 53863
13 11 87340
2 16 5806
3 13 4312
1 13 4801071
4 14 1532
2 10 26093
5 15 4228
3 19 3000
6 12 316875
4 20 28237128
19 20 50303428
17 4 25912
7 9 4290
18 3 541
21 22 11912
22 5 5608
11 6 546312
14 17 17458
12 1 48993
10 17 62306
15 20 259670
13 4 62847
0 7 953713
2 5 3820
5 8 63544
6 7 10357798
4 19 19898845
7 6 691094
5 18 250
16 22 52
19 3 3851
20 4 37925
18 20 76138308
8 2 35350
9 3 479
11 21 103309
14 2 1420
12 22 8564
3 1 72480
16 13 313694
6 16 35126
19 8 394525
17 8 67495
7 21 235434
20 3 3751
18 15 5467
21 2 63493
8 9 1592
22 9 191
9 4 871
10 3 26897
11 10 225494
0 21 97351
14 5 116
12 13 639126
1 16 692220
15 0 483874
13 16 944912
0 11 1671265
3 6 456907
4 1 389178
5 4 37019
6 11 279099
19 17 74309
17 1 68675
7 18 4138
20 10 259520
18 6 188593
21 11 176254
22 0 364583
9 13 264487
8 22 6171
11 3 720
14 12 3186
12 4 48808
10 20 3594605
15 9 100
13 9 1929
0 2 551618
3 15 2086340
1 3 34224
4 8 94044
2 8 10623
5 13 6116947
3 21 216662
6 2 341285
4 22 98818
19 22 5851
7 11 7446
20 17 949161
18 1 179631
16 17 120
21 20 3171970
12 3 18665
13 2 10693
1 4 190949
2 3 38
6 5 106754
7 0 3196725
19 5 118998
17 21 3065
22 18 1552
20 6 1316080
21 7 140550
8 4 103627
9 1 32906
0 16 27821
14 0 121549
12 16 19490
15 5 102259
13 21 292729
6 22 11299
19 10 42812
17 14 530
22 21 1844
20 13 1328783
18 13 13924533
21 0 1203415
8 11 196768
9 10 151986
8 17 249477
11 12 73357
14 11 1537
12 15 315870
1 22 136187
15 2 599581
13 14 842870
2 21 58181
0 13 5809067
3 8 2972
1 8 463165
2 15 1204599
5 2 3750
16 6 29667
6 9 200587
17 7 3814
7 12 151100
18 4 56515
21 9 82090
22 6 40793
10 8 17936455
11 5 57113
9 21 1301661
12 6 332798
10 18 1513047
15 11 1500
13 7 2722102
0 4 67938
4 10 7224
2 6 1800063
5 11 42581
6 0 714102
7 5 1414635
5 21 40885
20 19 1678256
16 19 3319
21 18 4588
14 21 320
15 16 102
13 0 12655911
11 16 9937
2 1 29375
7 2 3927
16 10 25234
19 7 1315848
20 0 16019651
18 16 1403
21 5 47308
8 6 140468
22 10 77396
9 7 550915
10 4 10845873
11 9 604
0 18 7772
14 6 331
12 18 3268
1 19 705290
15 7 1721887
13 19 46373
0 8 138997
3 5 48000
4 6 40782
5 7 231585
16 1 4610
6 20 2914781
19 12 15748
17 12 27727
7 17 5484
20 15 535151
18 11 349199
21 14 263
8 13 107392
22 13 21064
9 8 15867
10 15 54758
8 19 8361473
11 14 1604
9 18 42290
12 9 43280
1 20 9576132
15 12 286530
13 12 600991
2 19 376921
0 15 845102
3 10 3584
1 14 10097
4 13 369978
2 13 28800
5 0 20854073
6 15 93513
19 21 34222
17 5 16118
7 14 75
20 22 1363
18 2 86653
22 4 5649
11 7 24221
14 16 80
12 0 974766
10 16 3047659
15 21 4011
13 5 9528169
0 6 4580381
1 7 210267
2 4 176
5 9 85311
4 18 605
5 19 116732
16 21 5293
21 16 3362
19 0 4648139
8 1 85105
15 18 725
11 18 16865
12 21 196852
16 12 14040
6 19 366609
19 9 60
20 2 23488
18 14 38
21 3 23824
22 8 5058
9 5 37383
10 2 202340
0 20 6727443
14 4 166
1 17 813440
15 1 128055
13 17 97110
2 22 2225
0 10 989564
3 7 3465
1 11 901425
4 0 3024753
19 14 93
17 2 8300
7 19 104667
20 9 140133
18 9 10988
21 12 262322
8 15 97578
22 3 174
9 14 206
10 13 2241518
8 21 14792
11 0 1906527
9 16 16541
14 15 196
12 11 235437
13 10 821962
2 17 429415
0 1 1708154
3 12 12951
1 12 711566
4 15 92228
2 11 2147
3 18 1460
6 13 3758236
4 21 6627
7 8 755824
20 16 1435060
18 0 5255182
12 2 31346
1 5 208550
6 4 165814
7 1 13555
5 17 1588
19 2 12023
20 5 248495
18 21 48694
8 3 6104
9 2 494654
11 20 574362
13 22 17106
3 0 100356
6 17 92238
19 11 594715
7 20 1246823
22 20 24488
20 12 1418934
18 12 35623
21 1 168553
8 10 24301
9 11 82498
10 0 16470169
8 16 125
11 13 102084
0 22 15482
12 14 5383
15 3 41866
13 15 39154
2 20 56694
0 12 1557568
3 9 142
1 9 27108
4 2 926
2 14 268
5 3 1927
16 5 104
6 8 414203
19 16 152
17 0 1492086
7 13 259179
20 11 256760
18 7 176439
21 10 149331
22 1 12150
9 12 50045
10 11 225810
11 2 18864
9 22 2016
14 13 313788
12 5 23628
10 21 1538752
15 8 116907
13 8 31840
0 3 820
1 2 827316
4 9 3508
2 9 179
5 12 13992
3 20 204058
6 3 17827
7 10 26598
5 22 156
20 18 1280477
16 18 1472
21 19 166657
17 19 251588
14 20 1034420
13 1 2304418
2 0 2087193
