446
7 3 638
16 9 27146
19 4 5783944
17 20 217536
22 19 27033
20 7 158765
18 19 57416
21 6 808822
8 5 218
9 0 2004465
10 7 204173
0 17 362379
14 1 324
12 17 15321
15 4 746078
13 20 2680718
3 2 1169760
16 0 246969
19 13 91013
17 13 211582
7 22 14897
20 14 7350
18 10 22708
21 15 25412
8 12 5216
22 12 18162
10 14 1410878
8 18 172
9 19 47874
14 8 92
12 8 102623
1 21 681322
15 13 60661
2 18 38
0 14 1452
3 11 6988
1 15 453364
4 12 11634
2 12 817775
5 1 179
3 17 140
16 7 72184
6 14 1452
19 18 3694
17 6 582787
7 15 3156984
20 21 248586
18 5 1340
21 8 98089
22 7 6722
10 9 723566
11 4 162380
9 20 1966629
14 19 10459
12 7 361066
10 19 12614651
15 10 10079
13 6 2564242
0 5 141460
1 0 4269507
4 11 176939
2 7 45895
5 10 22841
4 17 43451
7 4 652
5 20 160820
16 20 3085369
21 17 135068
19 1 75279
18 22 82946
8 0 926915
15 19 824147
11 19 311168
12 20 695137
6 18 8355
19 6 182426
17 10 383225
20 1 549157
18 17 31913
21 4 211471
8 7 613497
9 6 3958688
10 5 526
11 8 342631
0 19 137765
14 7 17484
12 19 48028
1 18 41353
15 6 107382
13 18 7954
0 9 1166
3 4 892
4 7 505820
5 6 1316
16 2 200
6 21 61528
19 15 145622
17 3 52
7 16 7581
20 8 8557748
18 8 36082
21 13 691411
8 14 95
22 2 1809
9 15 471778
10 12 1146051
8 20 37207067
11 1 862297
9 17 59286
12 10 31359
10 22 15844
13 11 63565
2 16 3128
3 13 17382
1 13 5271200
2 10 214234
5 15 55
3 19 3042
6 12 8782567
4 20 28990538
19 20 54341937
17 4 14991
7 9 293
18 3 1118
21 22 9764
11 6 539858
12 1 31106
10 17 41597
15 20 241063
13 4 50727
0 7 1196478
5 8 2720
6 7 3425042
4 19 16621006
7 6 158618
19 3 9198
20 4 11882
18 20 67279583
8 2 871
9 3 723
11 21 45965
14 2 625
12 22 156412
3 1 7680
16 13 333586
6 16 77753
19 8 75664
17 8 19592
7 21 528464
20 3 152
18 15 17362
21 2 28368
9 4 20721
10 3 155664
11 10 88393
0 21 93571
12 13 303174
1 16 84306
15 0 467324
13 16 32145
0 11 236898
3 6 312720
4 1 50054
16 4 120
6 11 199277
19 17 95802
17 1 366666
7 18 6815
20 10 117230
18 6 143121
21 11 73809
22 0 55522
9 13 398596
8 22 32098
11 3 17809
14 12 3534
12 4 27527
10 20 4812850
15 9 1272
13 9 1783
0 2 1003854
3 15 36347
1 3 38211
4 8 82635
2 8 3200
5 13 933476
3 21 11812
6 2 420463
4 22 287
19 22 9125
7 11 8952
20 17 164015
18 1 343813
21 20 4660048
12 3 3212
13 2 27002
1 4 278917
2 3 16804
6 5 444
7 0 3574434
16 8 5360
19 5 95
17 21 78706
22 18 758
20 6 2976159
21 7 116339
8 4 35630
9 1 20126
0 16 30534
14 0 34626
12 16 18975
13 21 622550
16 15 159
6 22 62470
19 10 56357
17 14 48
22 21 3245
20 13 1627478
18 13 11304694
21 0 644219
8 11 144207
9 10 39880
8 17 7083
11 12 105667
14 11 132
12 15 54961
1 22 239815
15 2 279802
13 14 886329
2 21 22485
0 13 3888591
3 8 8128
1 8 328184
4 3 1876
2 15 1822827
16 6 77519
6 9 45017
17 7 205088
7 12 6523779
18 4 30229
21 9 421053
22 6 67663
10 8 13046399
11 5 2880
9 21 2035919
12 6 1672592
10 18 1248861
15 11 9000
13 7 539208
0 4 19459
4 10 51895
2 6 1837169
5 11 5774
6 0 726293
4 16 478
7 5 57
5 21 146
20 19 187905
16 19 1524
21 18 6075
17 18 1420
14 21 207
15 16 252
13 0 8209515
11 16 3792
2 1 18690
7 2 7927
16 10 7148
19 7 1579388
22 16 52
20 0 9796193
18 16 4585
21 5 127
8 6 185544
22 10 4191
9 7 542998
10 4 5280234
11 9 200
0 18 8884
12 18 11054
1 19 589386
15 7 1749300
13 19 217075
0 8 95400
4 6 108978
5 7 92
16 1 980
6 20 2461493
19 12 20228
17 12 27845
7 17 633727
20 15 205132
18 11 180632
21 14 4394
8 13 94732
22 13 5750
9 8 20547
10 15 53559
8 19 6485536
11 14 2512
9 18 10432
12 9 5201
1 20 5069006
15 12 206137
13 12 260854
2 19 1239665
0 15 1522483
3 10 13127
1 14 12995
4 13 20413
2 13 42864
5 0 3265704
6 15 106231
19 21 31854
17 5 96
7 14 4717
20 22 5020
18 2 7100
22 4 6075
11 7 20266
12 0 1178925
10 16 1964266
15 21 196450
13 5 149017
0 6 1714310
1 7 460015
2 4 164
5 9 3619
4 18 40
16 21 8681
21 16 8340
19 0 1445216
17 16 170
8 1 209252
15 18 56608
11 18 3433
12 21 57489
16 12 220728
6 19 417925
19 9 160
20 2 1751257
18 14 38
21 3 104
22 8 8047
9 5 80
10 2 383526
0 20 6525944
1 17 503175
15 1 375323
13 17 23285
2 22 18749
0 10 640447
3 7 3749
1 11 869682
4 0 923633
17 2 1366157
7 19 126203
20 9 65091
18 9 285
21 12 211565
8 15 50179
9 14 47
10 13 1872120
8 21 66434
11 0 1386514
9 16 15807
12 11 200310
15 14 186
13 10 353885
2 17 24414
0 1 43107729
3 12 9646
1 12 1309866
4 15 57727
2 11 11519
3 18 2990
6 13 2274575
4 21 9075
7 8 19719
20 16 966910
18 0 2410761
12 2 105384
13 3 104
1 5 1001
6 4 86805
7 1 685078
19 2 103959
18 21 124675
8 3 2220
9 2 550907
11 20 908725
13 22 359
3 0 386179
6 17 45249
19 11 1007732
7 20 5743373
22 20 12514
20 12 1338157
18 12 36135
21 1 51210
8 10 19043
9 11 31401
10 0 11570496
11 13 803056
0 22 24428
12 14 5748
15 3 4739
13 15 25938
2 20 1909886
0 12 96612
1 9 10146
4 2 218
5 3 76
16 5 149
6 8 108071
19 16 112
17 0 669985
7 13 6259124
20 11 89187
18 7 309312
21 10 169957
22 1 18431
9 12 35889
10 11 424763
11 2 16134
9 22 4457
14 13 236657
12 5 480
10 21 1030730
15 8 425450
13 8 45240
0 3 2456
1 2 737190
4 9 2864
2 9 186
5 12 221
3 20 565507
6 3 6408
7 10 31462
20 18 1113934
16 18 2163
21 19 854581
17 19 80703
14 20 1152071
13 1 548855
2 0 2799613
