477
7 3 6308
16 9 18317
19 4 17198101
17 20 822927
22 19 52949
20 7 1562190
18 19 4697251
21 6 908424
8 5 18718
9 0 2848239
10 7 459394
0 17 5430970
14 1 5744
12 17 342975
15 4 553470
13 20 4004398
3 2 1169750
4 5 157
16 0 491191
19 13 265346
17 13 260069
7 22 34362
20 14 191059
18 10 134863
21 15 190667
8 12 18264
22 12 22249
10 14 4942786
8 18 652
9 19 187653
14 8 40
12 8 108241
1 21 3466461
15 13 64365
2 18 2160
0 14 12804
3 11 153833
1 15 1253924
4 12 63890
2 12 1378323
5 1 125389
3 17 21546
16 7 20319
6 14 22072
19 18 52007
17 6 175931
7 15 2821544
20 21 723388
18 5 13544
21 8 74473
22 7 7276
10 9 2032687
11 4 107870
9 20 6088402
14 19 79849
12 7 11155327
10 19 27170031
15 10 39819
13 6 2618228
0 5 8826131
1 0 4800039
4 11 88565
2 7 81461
5 10 16338
3 22 7684
4 17 115231
7 4 14077
5 20 1571834
16 20 3606201
21 17 26969
19 1 571218
18 22 218792
8 0 2767609
15 19 3427607
11 19 189542
12 20 1968265
16 11 7547
6 18 37792
19 6 167352
17 10 195293
20 1 708099
18 17 77660
21 4 105355
8 7 1678470
9 6 4429848
10 5 634349
11 8 500811
0 19 1884072
14 7 46158
12 19 85966
1 18 44431
15 6 146200
13 18 128766
0 9 26167
3 4 14421
4 7 224582
5 6 36030
16 2 4404
6 21 397899
19 15 267184
17 3 40
7 16 9123
20 8 13723955
18 8 330971
21 13 1199598
8 14 1310
22 2 452996
9 15 371136
10 12 3262313
8 20 44913552
11 1 434556
9 17 30172
12 10 173312
10 22 77818
13 11 804122
2 16 3331
3 13 58476
1 13 8826792
4 14 478
2 10 12308
5 15 1759
3 19 153940
6 12 15715337
4 20 47514068
19 20 69412916
17 4 763174
7 9 514853
18 3 1897
21 22 8012
22 5 556
11 6 597017
14 17 5252
12 1 85662
10 17 1007394
15 20 783585
13 4 89550
0 7 1224713
2 5 3249
5 8 76238
6 7 1536251
4 19 20115505
7 6 528442
5 18 1458
16 22 1560
19 3 54772
20 4 31594
18 20 77317639
8 2 325
9 3 10651
11 21 308187
14 2 7020
12 22 203041
3 1 18947
16 13 125363
6 16 272079
19 8 1399364
17 8 344720
7 21 974919
20 3 144179
18 15 116763
21 2 78925
8 9 23872
9 4 107448
10 3 789828
11 10 93400
0 21 471747
14 5 1354
12 13 1823665
1 16 191665
15 0 454005
13 16 144024
0 11 877953
3 6 294772
4 1 675913
5 4 147
16 4 537
6 11 247722
19 17 375426
17 1 150675
7 18 52355
20 10 161380
18 6 166063
21 11 153377
22 0 176852
9 13 653936
8 22 118055
11 3 26638
14 12 14988
12 4 105997
10 20 11490565
15 9 1530
13 9 38176
0 2 667268
3 15 208870
1 3 746667
4 8 467154
2 8 3620
5 13 2274976
3 21 241324
6 2 721426
4 22 261187
19 22 31973
7 11 31989
20 17 278203
18 1 473823
21 20 6398597
12 3 9131
13 2 196471
1 4 453508
2 3 16720
6 5 161012
7 0 3389265
5 16 288
16 8 304
19 5 9759
17 21 72654
22 18 2917
20 6 1465307
21 7 163360
8 4 2236134
9 1 133704
0 16 7242
14 0 71211
12 16 6536
15 5 596
13 21 430032
16 15 1400
6 22 67965
19 10 73060
17 14 84
22 21 8278
20 13 1670346
18 13 8119979
21 0 923418
8 11 358637
9 10 152333
8 17 75599
11 12 204560
14 11 14463
12 15 136589
1 22 1133459
15 2 715132
13 14 2927905
2 21 447156
0 13 4581109
3 8 7566
1 8 710864
4 3 2266
2 15 1714071
5 2 23735
16 6 44914
6 9 543450
17 7 35256
7 12 2516258
18 4 76825
21 9 562586
22 6 80993
10 8 22357769
11 5 36289
9 21 318797
12 6 1769816
10 18 2780077
15 11 48
13 7 2924162
0 4 1352155
4 10 81494
2 6 1997676
5 11 14953
6 0 1492531
4 16 750
7 5 2129186
5 21 76289
20 19 425070
16 19 141839
21 18 24558
17 18 13368
14 21 3551
15 16 338
13 0 10917095
11 16 1570
2 1 197459
7 2 178490
16 10 42086
19 7 838375
20 0 17122780
18 16 9700
21 5 262459
8 6 167337
22 10 11245
9 7 1430823
10 4 15303747
11 9 4736
0 18 10553
14 6 448
12 18 4430
1 19 964329
15 7 2712187
13 19 530516
0 8 163749
3 5 3300
4 6 183043
5 7 59743
16 1 4821
6 20 26263197
19 12 124657
17 12 167038
7 17 32837
20 15 2381018
18 11 601219
21 14 2992
8 13 196350
22 13 89402
9 8 44269
10 15 271989
8 19 13088149
11 14 20531
9 18 30542
14 9 168
12 9 72981
1 20 14784666
15 12 473207
13 12 1049692
2 19 565984
0 15 1238788
3 10 12484
1 14 4143
4 13 15691
2 13 172010
5 0 12653159
6 15 417957
19 21 964919
17 5 313423
7 14 246
20 22 328936
18 2 100161
22 4 12378
11 7 89602
14 16 1323
12 0 2788700
10 16 3907071
15 21 118270
13 5 5036172
0 6 1386629
1 7 958189
2 4 136
5 9 49448
4 18 213
5 19 628946
16 21 15120
21 16 22209
19 0 7480626
17 16 2423
8 1 1063719
15 18 18556
11 18 454
12 21 924620
16 12 21370
6 19 466985
19 9 34341
17 9 342
20 2 201827
18 14 3798
21 3 29406
22 8 28889
9 5 180408
10 2 610645
0 20 8555784
1 17 2691840
15 1 164476
13 17 141009
2 22 152482
0 10 501425
3 7 8448
1 11 2777930
4 0 2442954
19 14 368
17 2 13225
7 19 316675
20 9 319738
18 9 10688
21 12 2339993
8 15 71627
22 3 240
9 14 3159
10 13 3947720
8 21 45383
11 0 2211961
9 16 21119
14 15 3488
12 11 385751
15 14 6251
13 10 602051
2 17 162163
0 1 37744999
3 12 76524
1 12 4625816
4 15 71816
2 11 85384
5 14 1400
3 18 764
6 13 5374087
4 21 43450
7 8 44064
20 16 1516616
18 0 10370921
12 2 414351
13 3 449
1 5 522655
6 4 118058
7 1 250857
5 17 62585
19 2 21536
20 5 270712
18 21 141505
8 3 331
9 2 290831
11 20 1431630
13 22 128275
3 0 475126
6 17 500727
19 11 341175
7 20 4852962
22 20 201293
20 12 1841848
18 12 146139
21 1 170691
8 10 50805
9 11 757333
10 0 23523208
8 16 7261
11 13 141909
0 22 325701
14 10 201
12 14 8680
15 3 13093
13 15 54226
2 20 1257698
0 12 1075834
3 9 11143
1 9 322194
4 2 1596
2 14 14956
5 3 1858
16 5 5909
6 8 179621
19 16 370
17 0 1822556
7 13 1315037
20 11 1047650
18 7 310248
21 10 113262
22 1 304117
9 12 307329
10 11 1222541
11 2 80295
9 22 51746
14 13 516677
12 5 264377
10 21 1873137
15 8 1526128
13 8 40417
0 3 147095
1 2 1965108
4 9 5270
2 9 40666
5 12 45019
3 20 1882357
6 3 154417
7 10 22724
5 22 196
20 18 2160295
16 18 4376
21 19 991218
17 19 858227
14 20 2211225
13 1 2290351
2 0 2530275
