471
7 3 1834
16 9 11721
19 4 10696019
17 20 301686
22 19 105466
20 7 228148
18 19 3657790
21 6 452347
8 5 17049
9 0 1929604
10 7 192326
0 17 717568
14 1 402
12 17 13146
15 4 7724420
13 20 1656571
3 2 3462
4 5 85132
16 0 284819
19 13 235013
17 13 394941
7 22 17379
20 14 4736
18 10 257615
21 15 22599
8 12 52111
22 12 18333
10 14 1675487
8 18 88
9 19 107467
14 8 1660
12 8 107764
1 21 41041
15 13 18970
2 18 780
0 14 3194
3 11 16100
1 15 651588
4 12 14873
2 12 363264
5 1 21971
3 17 1437
16 7 13414
6 14 8348
19 18 5299
17 6 162592
7 15 2811460
20 21 508958
18 5 15155
21 8 23692
22 7 9618
10 9 1278423
11 4 266770
9 20 4764763
14 19 42822
12 7 764038
10 19 16923876
15 10 29692
13 6 1968331
0 5 6661871
1 0 1772884
4 11 70657
2 7 11571
5 10 15282
3 22 3000
6 1 136409
4 17 619029
7 4 6960
5 20 4469271
16 20 3522541
21 17 11514
19 1 703698
18 22 77288
8 0 1530862
15 19 16492635
11 19 181988
12 20 1237293
16 11 4617
6 18 238215
19 6 225198
17 10 25813
20 1 254208
18 17 11599
21 4 11783
8 7 309348
9 6 5119398
10 5 1156587
11 8 137347
0 19 2349034
14 7 4887
12 19 235654
1 18 14032
15 6 104135
13 18 7982
0 9 7905
4 7 463270
5 6 18539
16 2 745
6 21 1042167
19 15 12679417
17 3 4500
7 16 60772
20 8 12012749
18 8 111088
21 13 753249
22 2 3520
9 15 189183
10 12 822890
8 20 41889148
11 1 615627
9 17 14785
12 10 16506
10 22 19230
13 11 187198
2 16 568
3 13 4024
1 13 2337981
2 10 155234
5 15 10445
3 19 12372
6 12 6137529
4 20 31577597
19 20 49556250
17 4 11317
7 9 8232
18 3 11412
21 22 24871
22 5 868
11 6 504954
14 17 40
12 1 116011
10 17 179135
15 20 1331848
13 4 17359
0 7 1171248
2 5 130
5 8 25673
6 7 2579681
4 19 19892513
7 6 497922
5 18 98
16 22 92
19 3 1556
20 4 15943
18 20 73845711
8 2 5918
9 3 638
11 21 89338
14 2 1526
12 22 32672
3 1 4808
16 13 295152
6 16 2559702
19 8 44149
17 8 56612
7 21 494423
20 3 93745
18 15 5681812
21 2 50946
22 9 40
9 4 4286
10 3 19568
11 10 114477
0 21 169619
14 5 40
12 13 661589
1 16 10805
15 0 12072633
13 16 34394
0 11 1303576
3 6 196602
4 1 596376
5 4 1811
6 11 750082
19 17 61621
17 1 238421
7 18 11883
20 10 2787669
18 6 73033
21 11 136528
22 0 107465
9 13 404762
8 22 18651
11 3 87930
14 12 494
12 4 86171
10 20 5558354
15 9 438377
13 9 4540
0 2 667731
3 15 30168
1 3 2231
4 8 86657
2 8 46580
5 13 2703675
3 21 109045
6 2 654358
4 22 1327
19 22 21009
7 11 54479
20 17 72833
18 1 73578
16 17 250
21 20 2701874
12 3 29016
13 2 32297
1 4 40836
2 3 3770
6 5 144518
7 0 4038979
5 16 2364
16 8 73
19 5 4046
17 21 31435
22 18 2972
20 6 1463153
21 7 1962702
8 4 542523
9 1 194262
0 16 38572
14 0 28509
12 16 9201
15 5 15303
13 21 144460
16 15 267083
6 22 200511
19 10 48986
17 14 111
22 21 22545
20 13 1234499
18 13 8067073
21 0 675776
8 11 130210
22 15 40
9 10 54262
8 17 26362
11 12 178632
14 11 9335
12 15 40908
1 22 107410
15 2 451575
13 14 1349563
2 21 73224
0 13 3441530
1 8 1737189
2 15 1763118
5 2 711
16 6 112267
6 9 65838
17 7 19529
7 12 254296
18 4 118715
21 9 372343
22 6 30732
10 8 15907634
11 5 467421
9 21 604818
14 18 38
12 6 323131
10 18 839655
13 7 376731
0 4 149507
4 10 5177
2 6 1640886
5 11 9876
6 0 5126987
4 16 1124
7 5 1523692
5 21 39464
20 19 294998
16 19 145928
21 18 7231
17 18 1472
14 21 154
15 16 4337
13 0 7516877
11 16 17282
2 1 40689
7 2 7090
16 10 10334
19 7 541792
22 16 538
20 0 10753812
18 16 10180
21 5 537998
8 6 75957
22 10 2040
9 7 736901
10 4 8097794
11 9 635
0 18 8055
14 6 516
12 18 6497
1 19 283074
15 7 2376102
13 19 122929
0 8 350340
3 5 137488
4 6 76574
5 7 112529
16 1 7030
6 20 7285669
19 12 508383
17 12 100016
7 17 11792
20 15 219478
18 11 191179
21 14 87
8 13 230641
22 13 2229
9 8 378988
10 15 135124
8 19 10173487
11 14 1972
9 18 16404
14 9 89
12 9 61918
1 20 1439970
15 12 253763
13 12 340570
2 19 96686
0 15 987913
3 10 3348
1 14 682
4 13 4885
2 13 39107
5 0 12240831
3 16 1420
6 15 915051
19 21 147464
17 5 8529
7 14 38
20 22 31894
18 2 34127
22 4 2313
11 7 62593
12 0 1270599
10 16 3499153
15 21 484513
13 5 3334952
0 6 1598714
1 7 118005
2 4 209
5 9 33473
4 18 206970
5 19 699341
16 21 9446
21 16 4800
19 0 2569710
17 16 1955
8 1 218845
15 18 1462080
11 18 10087
12 21 314575
16 12 6081
6 19 675149
19 9 2380
20 2 260927
18 14 96
21 3 2364
22 8 1940
9 5 388130
10 2 50320
0 20 6761800
14 4 322
1 17 726271
15 1 201060
13 17 14816
2 22 2388
0 10 345213
3 7 9913
1 11 142035
4 0 1591110
19 14 117
17 2 8566
7 19 150313
20 9 119227
18 9 429
21 12 82803
8 15 12684730
22 3 104
9 14 322
10 13 1160767
8 21 3071
11 0 923266
9 16 13681
14 15 938
12 11 135001
15 14 5802
13 10 470275
2 17 3168
0 1 25739356
3 12 25480
1 12 71007
4 15 8667860
2 11 1265
6 13 7971582
4 21 3506
7 8 78857
20 16 1813195
18 0 3563109
14 22 38
12 2 38418
1 5 27158
6 4 161386
7 1 62784
5 17 7103
19 2 12668
20 5 25834
18 21 33854
9 2 88846
11 20 952870
13 22 12816
3 0 409345
6 17 877451
19 11 680926
7 20 4118064
22 20 504132
20 12 170681
18 12 63239
21 1 57562
8 10 28403
9 11 8956
10 0 12200172
8 16 40
11 13 107367
0 22 171356
14 10 95
12 14 20380
15 3 656
13 15 62096
2 20 324191
0 12 187116
3 9 337
1 9 1954
4 2 146
2 14 420
5 3 3005
16 5 1929
6 8 182164
19 16 24862
17 0 1089838
7 13 213333
20 11 1128786
18 7 450770
21 10 81703
22 1 5625
9 12 86992
10 11 622404
11 2 10249
9 22 4060
14 13 404090
12 5 56855
10 21 1111470
15 8 13606401
13 8 300977
0 3 3645
1 2 466437
4 9 1508
2 9 2481
5 12 9172
3 20 2611172
6 3 671860
7 10 15016
5 22 864
20 18 1018031
21 19 183896
17 19 251994
14 20 1979393
13 1 564607
2 0 1748736
