483
7 3 20052
16 9 6741
19 4 17024988
17 20 3218404
22 19 330277
20 7 1680427
18 19 4949138
21 6 511225
8 5 47961
9 0 1468782
10 7 257323
0 17 993213
14 1 3556
12 17 484246
15 4 15771676
13 20 3376911
3 2 20082
4 5 15694
16 0 767054
19 13 430285
17 13 277373
7 22 39920
20 14 18946
18 10 384299
21 15 215986
8 12 55052
22 12 31549
10 14 3458750
8 18 7627
9 19 156245
14 8 103
12 8 110145
1 21 1955469
15 13 807320
2 18 11596
0 14 3773
3 11 11033
1 15 944646
4 12 57235
2 12 904845
5 1 79676
3 17 9356
16 7 36315
6 14 40
19 18 24212
17 6 81677
7 15 2493515
20 21 1787254
18 5 112573
21 8 93272
22 7 27018
10 9 1957004
11 4 438966
9 20 4645376
14 19 82120
12 7 3297359
10 19 24960752
15 10 36743
13 6 3395570
0 5 17045469
1 0 7168231
4 11 166317
2 7 78362
5 10 42185
3 22 4538
4 17 272448
7 4 10091
5 20 5677305
16 20 4514030
21 17 29905
19 1 304790
18 22 32817
8 0 2357397
15 19 29836306
11 19 229171
12 20 1555942
16 11 476
6 18 45745
19 6 305380
17 10 20940
20 1 2193362
18 17 59785
21 4 362020
8 7 373287
9 6 7040460
10 5 424855
11 8 680922
0 19 2732717
14 7 45111
12 19 156529
1 18 101623
15 6 117423
13 18 57344
0 9 185696
3 4 428
4 7 314589
5 6 128258
16 2 12567
6 21 1587688
19 15 12901206
17 3 1106
7 16 53086
20 8 15638953
18 8 748748
21 13 1182470
8 14 564
22 2 1581
9 15 218410
10 12 2765216
8 20 41270495
11 1 175173
9 17 119884
12 10 212035
10 22 21320
13 11 162935
2 16 13675
3 13 29001
1 13 10115166
4 14 372
2 10 153273
5 15 22289
3 19 29992
6 12 4863267
4 20 33043897
19 20 53807462
17 4 664224
7 9 165817
18 3 113978
21 22 49005
22 5 4057
11 6 574526
14 17 746
12 1 202682
10 17 121933
15 20 3270894
13 4 187575
0 7 1504229
2 5 183615
5 8 41985
6 7 1613182
4 19 22247724
7 6 505985
5 18 29621
16 22 52
19 3 15932
20 4 89185
18 20 86060566
8 2 163431
9 3 15555
11 21 317489
14 2 24405
12 22 17427
3 1 109749
16 13 198739
6 16 390268
19 8 359978
17 8 1039779
7 21 514850
20 3 36938
18 15 7210686
21 2 80119
8 9 807
9 4 29028
10 3 356190
11 10 211889
0 21 1701531
14 5 352
12 13 965066
1 16 534785
15 0 22414457
13 16 69816
0 11 1601165
3 6 65623
4 1 117111
5 4 6996
16 4 358
6 11 428164
19 17 471578
17 1 672331
7 18 83924
20 10 605391
18 6 182777
21 11 343298
22 0 932185
9 13 493222
8 22 4812
11 3 8048
14 12 53303
12 4 44573
10 20 9049816
15 9 538601
13 9 61107
0 2 466749
3 15 7399
1 3 566513
4 8 619958
2 8 22512
5 13 3866702
3 21 95471
6 2 753969
4 22 13451
19 22 48833
7 11 60735
20 17 608544
18 1 762210
16 17 153
21 20 5069824
12 3 37065
13 2 632971
1 4 449471
2 3 1828
6 5 169179
7 0 3027421
5 16 1564
16 8 250
19 5 45643
17 21 564249
22 18 1526
20 6 3175982
21 7 791298
8 4 685767
9 1 93781
0 16 107108
14 0 278505
12 16 59197
15 5 20838
13 21 1745357
16 15 439645
6 22 67930
19 10 126997
17 14 80
22 21 15649
20 13 5783035
18 13 8280356
21 0 1783395
8 11 498695
22 15 1500
9 10 203783
8 17 1419544
11 12 404537
14 11 1750
12 15 245168
1 22 599145
15 2 397307
13 14 2629224
2 21 119407
0 13 3500442
3 8 40
1 8 1148830
4 3 2324
2 15 1504538
5 2 21237
16 6 82268
6 9 321735
17 7 61309
7 12 47078768
18 4 230445
21 9 629192
22 6 18204
10 8 21217957
11 5 62539
9 21 307781
12 6 704855
10 18 1913066
15 11 4864
13 7 1085723
0 4 531803
4 10 16868
2 6 1919254
5 11 17388
6 0 2313774
4 16 17180
7 5 1921649
5 21 471424
20 19 1225721
16 19 151251
21 18 8365
17 18 30317
14 21 624
15 16 27573
13 0 13651365
11 16 21968
2 1 197840
7 2 141634
16 10 27953
19 7 2365606
17 11 6144
22 16 52
20 0 20305172
18 16 14410
21 5 484805
8 6 165865
22 10 78309
9 7 2994076
10 4 15048350
11 9 36690
0 18 321469
14 6 9605
12 18 116118
1 19 2096572
15 7 2091386
13 19 154596
0 8 517057
3 5 4988
4 6 181191
5 7 222991
16 1 40122
6 20 18417646
19 12 361212
17 12 58782
7 17 39484
20 15 1763197
18 11 380488
21 14 6522
8 13 255348
22 13 8728
9 8 101949
10 15 308006
8 19 10585087
11 14 1604
9 18 45510
14 9 5223
12 9 156587
1 20 20507587
15 12 354729
13 12 1910704
2 19 2435666
0 15 1490723
3 10 165835
1 14 56704
4 13 267811
2 13 78277
5 0 18725945
6 15 454751
19 21 168697
17 5 5403
7 14 9188
20 22 48671
18 2 73978
22 4 113223
11 7 89173
12 0 1580960
10 16 5851553
15 21 1029778
13 5 10659186
0 6 2769192
1 7 1683828
2 4 3680
5 9 82137
4 18 384
5 19 1083013
16 21 18662
21 16 32516
19 0 3761751
17 16 1765
8 1 289232
15 18 3640694
11 18 45143
12 21 497053
16 12 22741
6 19 431727
19 9 127430
17 9 2604
20 2 376392
18 14 1706
21 3 36795
22 8 65886
9 5 339490
10 2 317136
0 20 13031237
14 4 34163
1 17 1660906
15 1 72641
13 17 119429
2 22 159
0 10 825018
3 7 35723
1 11 2003411
4 0 2852853
16 3 4260
19 14 1712
17 2 484389
7 19 326564
20 9 284147
18 9 10356
21 12 524527
8 15 12588157
22 3 92
9 14 1801
10 13 3963187
8 21 72298
11 0 2114889
9 16 31011
14 15 4645
12 11 413984
15 14 394
13 10 422004
2 17 20394
0 1 3551258
3 12 942821
1 12 3929721
4 15 8886973
2 11 5904
5 14 40
3 18 40
6 13 5449725
4 21 12409
7 8 49107
20 16 2715500
18 0 4041375
14 22 385
12 2 1381519
13 3 967
1 5 1399831
6 4 1539391
7 1 975005
5 17 13773
19 2 89844
20 5 550295
18 21 1042516
8 3 92
9 2 237287
11 20 1365988
14 3 430
13 22 4039
3 0 1447136
6 17 300318
19 11 149316
7 20 8168263
22 20 1065212
20 12 2319445
18 12 90692
21 1 164797
8 10 70971
9 11 151407
10 0 24789108
8 16 4649
11 13 547984
0 22 366051
14 10 690
12 14 29304
15 3 6244
13 15 130520
2 20 1337959
0 12 1712950
1 9 425091
4 2 77375
2 14 5651
5 3 1988
16 5 4696
6 8 171376
19 16 7731
17 0 1457144
7 13 1209093
20 11 1098555
18 7 423344
21 10 217401
22 1 90329
9 12 456543
10 11 257316
11 2 31503
9 22 38501
14 13 560065
12 5 159336
10 21 2452401
15 8 22071967
13 8 211582
0 3 35270
3 14 9124
1 2 1500605
4 9 4897
2 9 11280
5 12 29369
3 20 4234581
6 3 178674
7 10 89665
5 22 345
20 18 1828127
21 19 189614
17 19 1023258
14 20 2536272
13 1 2715237
2 0 3855806
