479
7 3 22294
16 9 51809
19 4 20440673
17 20 2962584
22 19 23006
20 7 1197332
18 19 5667018
21 6 395565
8 5 29439
9 0 1653615
10 7 737624
0 17 802219
14 1 13120
12 17 57525
15 4 31166463
13 20 5395315
3 2 10931
4 5 34863
16 0 725474
19 13 346419
17 13 74095
7 22 61038
20 14 18557
18 10 155216
21 15 381244
8 12 50893
22 12 30842
10 14 6410
8 18 8114
9 19 358558
14 8 2282
12 8 281306
1 21 1829242
15 13 141422
2 18 6062
0 14 892
3 11 40829
1 15 1116919
4 12 38936
2 12 1573526
5 1 63033
3 17 154
16 7 106059
6 14 117363
19 18 96393
17 6 289641
7 15 2059796
20 21 1286095
18 5 151741
21 8 67339
22 7 42853
10 9 237547
11 4 50931
9 20 4325706
14 19 57080
12 7 1018751
10 19 466873
15 10 29867
13 6 2483436
0 5 25185489
1 0 6770185
4 11 268134
2 7 50794
5 10 36846
3 22 6052
7 4 61825
5 20 4577507
16 20 5675016
21 17 908517
19 1 159710
18 22 11325
8 0 1943243
15 19 39176375
11 19 239047
12 20 1828937
16 11 3406
6 18 11449
19 6 396113
17 10 581934
20 1 1542103
18 17 16221
21 4 32748
8 7 450841
9 6 3853129
10 5 819576
11 8 258548
0 19 2086777
14 7 32283
12 19 191283
1 18 44599
15 6 129885
13 18 81205
0 9 290353
3 4 52
4 7 854417
5 6 78001
16 2 10974
6 21 436363
19 15 15057798
17 3 1500
7 16 25855
20 8 24008890
18 8 233763
21 13 1535919
8 14 1636
22 2 1911
9 15 630936
10 12 2615833
8 20 31958708
11 1 546023
9 17 4613515
12 10 199669
10 22 151500
13 11 106396
2 16 8858
3 13 122403
1 13 7859164
4 14 184
2 10 105944
5 15 2123092
3 19 15671
6 12 10678450
4 20 42304613
19 20 49370875
17 4 384478
7 9 813192
18 3 93426
21 22 15643
22 5 24804
11 6 545586
12 1 674137
10 17 329307
15 20 5273471
13 4 364011
0 7 2250464
2 5 256608
5 8 19839
6 7 3078482
4 19 28334210
7 6 568120
5 18 55734
19 3 258866
20 4 159432
18 20 84480282
8 2 8738
9 3 29532
11 21 299386
14 2 10252
12 22 6533
3 1 88292
16 13 289724
6 16 470462
19 8 125674
17 8 35022
7 21 55918751
20 3 27005
18 15 11242874
21 2 75037
8 9 17802
22 9 48
9 4 47403
10 3 276584
11 10 38971
0 21 285357
14 5 5740
12 13 3491096
1 16 851724
15 0 35339742
13 16 43008
0 11 2998771
3 6 202042
4 1 321005
5 4 5364
16 4 1420
6 11 319124
17 1 2661126
7 18 40714
20 10 767381
18 6 465648
21 11 133461
22 0 838107
9 13 873944
8 22 39514
11 3 3950
14 12 36848
12 4 237878
10 20 7667167
15 9 1639483
13 9 80032
0 2 707916
3 15 19345
1 3 408536
4 8 421273
2 8 11039
5 13 1347676
3 21 86782
6 2 755739
4 22 1704
19 22 84686
7 11 715620
20 17 1086781
18 1 402932
16 17 1964
21 20 3873962
12 3 56403
13 2 144477
1 4 341988
2 3 6408
6 5 238481
7 0 4173245
5 16 1627
16 8 40
19 5 81977
17 21 99824
22 18 240
20 6 3516834
21 7 985210
8 4 2184467
9 1 124473
0 16 108286
14 0 137064
12 16 47981
15 5 8713
13 21 1088293
16 15 601043
6 22 79466
19 10 322505
22 21 9868
20 13 1472246
18 13 10159112
21 0 1492393
8 11 363040
9 10 196407
11 12 693121
14 11 4939
12 15 158467
1 22 722516
15 2 476639
13 14 5343596
2 21 504515
0 13 4390675
3 8 166
1 8 929902
4 3 250
2 15 1383747
5 2 12792
16 6 178014
6 9 63843
17 7 91681
7 12 3512649
18 4 1121697
21 9 735438
22 6 9812
10 8 56966
11 5 88865
9 21 287060
14 18 1342
12 6 3502713
10 18 20716
15 11 6846
13 7 1514756
0 4 1386412
4 10 74185
2 6 1900561
5 11 33337
6 0 2214504
4 16 80
7 5 1952923
5 21 204542
20 19 604704
16 19 353485
21 18 29012
17 18 3429
14 21 4270
15 16 9158062
13 0 12450107
11 16 32719
2 1 475344
7 2 79482
16 10 23288
19 7 1098158
22 16 48
20 0 27001453
18 16 9015
21 5 744122
8 6 96280
22 10 2033
9 7 1630685
10 4 1144297
11 9 13691
0 18 216702
14 6 2827
12 18 58627
1 19 1497267
15 7 2320389
13 19 319046
0 8 205090
3 5 101703
4 6 163488
5 7 145055
16 1 19964
6 20 3994408
19 12 158174
17 12 295512
7 17 2099681
20 15 2003651
18 11 143934
21 14 670
8 13 185373
22 13 22795
9 8 165621
10 15 232768
8 19 9534397
11 14 894
9 18 12392
14 9 1330
12 9 371525
1 20 17311937
15 12 384107
13 12 1324434
2 19 19355
0 15 3282519
3 10 19964
1 14 51225
4 13 70495
2 13 1608737
5 0 15112802
6 15 263230
19 21 60373
17 5 7208
7 14 3694
20 22 86608
18 2 19001
22 4 23960
11 7 58915
14 16 1330
12 0 1462639
10 16 129929
15 21 531647
13 5 13349875
0 6 2151779
1 7 1223345
2 4 6714
5 9 50733
4 18 22277
5 19 1019797
16 21 27460
21 16 29400
19 0 4015218
17 16 12080
8 1 114950
15 18 5190191
11 18 29342
12 21 404242
16 12 31448
6 19 1042965
19 9 145414
17 9 2339
20 2 365823
18 14 7122
21 3 17292
22 8 20800
9 5 98702
10 2 428088
0 20 14413588
14 4 2776
1 17 679469
15 1 245091
13 17 1196622
2 22 1604
0 10 324521
3 7 8584
1 11 1412522
4 0 2183049
16 3 52
19 14 99
17 2 1800
7 19 571053
20 9 958243
18 9 22997
21 12 638549
8 15 11771425
22 3 580
9 14 1525
10 13 3306928
8 21 7661
11 0 1794420
9 16 15564
14 15 246172
12 11 198595
15 14 3157
13 10 306548
2 17 21166
0 1 2834682
3 12 79523
1 12 3631740
4 15 14059819
2 11 35788
5 14 236
3 18 172
6 13 5483984
4 21 52579
7 8 139114
20 16 4738635
18 0 4264054
14 22 93
12 2 687024
13 3 11120
1 5 549612
6 4 131425
7 1 561916
5 17 1592
19 2 48308
20 5 171347
18 21 106608
8 3 1615
9 2 372636
11 20 1803352
14 3 2632
13 22 6107
3 0 520473
16 14 80
19 11 63746
7 20 43269297
22 20 56252
20 12 2714174
18 12 124689
21 1 494834
8 10 21122
9 11 152777
10 0 1380959
8 16 3120
11 13 273169
0 22 45785
14 10 734
12 14 31168
15 3 2580
13 15 484661
2 20 2095122
0 12 1398336
3 9 8836
1 9 1087415
4 2 1679
2 14 10632
5 3 3156
16 5 104
6 8 135373
19 16 1752
17 0 337942
7 13 2484230
20 11 690047
18 7 377430
21 10 380478
22 1 37989
9 12 946238
10 11 815558
11 2 24721
9 22 6338
14 13 307430
12 5 231954
10 21 1995590
15 8 36551593
13 8 140783
0 3 1986696
1 2 5382302
4 9 27883
2 9 76638
5 12 41752
3 20 2810241
6 3 109954
7 10 321451
5 22 3055
20 18 3273334
16 18 1420
21 19 149001
17 19 340417
14 20 2598534
13 1 1024816
2 0 3203677
