466
7 3 5638
16 9 28810
19 4 15971813
17 20 1645899
22 19 86406
20 7 1257419
18 19 549858
21 6 1297911
8 5 13905
9 0 1608926
10 7 97343
0 17 1440765
14 1 308
12 17 55584
15 4 20864987
13 20 4278637
3 2 203
4 5 13633
16 0 607268
19 13 123312
17 13 449443
7 22 59824
20 14 18279
18 10 984625
21 15 236851
8 12 16286
22 12 42195
10 14 2874
8 18 18980
9 19 49266
14 8 264
12 8 632997
1 21 1238781
15 13 57497
2 18 1480
0 14 3208
3 11 3706
1 15 826095
4 12 18053
2 12 360142
5 1 9829
3 17 6114
16 7 245091
6 14 171162
19 18 12713
17 6 165728
7 15 1212135
20 21 1132312
18 5 26625
21 8 115877
22 7 107247
10 9 162182
11 4 64871
9 20 2525816
14 19 322
12 7 1575788
10 19 296106
15 10 31030
13 6 3561043
0 5 12463122
1 0 7155464
4 11 413277
2 7 14724
5 10 30831
7 4 30860
5 20 4013772
16 20 4181242
21 17 6005
19 1 366639
18 22 525
8 0 2890350
15 19 22064044
11 19 449786
12 20 1005339
16 11 3340
6 18 366920
19 6 278772
17 10 210154
20 1 1300757
18 17 6301
21 4 6352
8 7 3158371
9 6 3849731
10 5 140740
11 8 181603
0 19 1402587
14 7 53404
12 19 57558
1 18 55477
15 6 160927
13 18 9399
0 9 8326
3 4 7672
4 7 1867286
5 6 45509
16 2 9171
6 21 2138323
19 15 11561361
17 3 1333
7 16 9717
20 8 21719109
18 8 178871
21 13 2809463
8 14 5336
22 2 6780
9 15 291024
10 12 529575
8 20 29604951
11 1 143697
9 17 171091
12 10 377528
10 22 42214
13 11 220951
2 16 386241
3 13 76734
1 13 7638294
4 14 399
2 10 212461
5 15 1205363
3 19 1096
6 12 8441821
4 20 42969441
19 20 47760381
17 4 19124
7 9 208685
18 3 4756
21 22 1597
22 5 15604
11 6 557773
12 1 39552
10 17 480890
15 20 1926697
13 4 81458
0 7 1976894
2 5 7500
5 8 38026
6 7 2868766
4 19 26788116
7 6 871855
5 18 238
19 3 36110
20 4 104803
18 20 73302770
8 2 5110
9 3 188
11 21 121092
14 2 250
12 22 58327
3 1 75223
16 13 241166
6 16 3160328
19 8 971534
17 8 931566
7 21 72531301
20 3 19029
18 15 6964087
21 2 27094
8 9 9574
9 4 11677
10 3 721960
11 10 250932
0 21 484773
12 13 419390
1 16 330915
15 0 20984705
13 16 43881
0 11 1610738
3 6 195727
4 1 84692
5 4 6512
6 11 253467
17 1 685420
7 18 730678
20 10 541777
18 6 438834
21 11 372973
22 0 43854
9 13 518688
8 22 13055
11 3 67048
14 12 1800
12 4 48043
10 20 2552407
15 9 1020123
13 9 7328
0 2 147784
3 15 2523
1 3 206786
4 8 2579494
2 8 383002
5 13 1112882
3 21 6139
6 2 506507
4 22 1728787
19 22 52626
7 11 426887
20 17 715098
18 1 435974
16 17 60
21 20 3130161
12 3 10786
13 2 439357
1 4 417402
6 5 179413
7 0 3200983
5 16 40
16 8 602
19 5 3707
17 21 67661
22 18 136
20 6 7442348
21 7 1262481
8 4 171959
9 1 72352
0 16 97801
14 0 148307
12 16 49851
15 5 15836
13 21 806733
16 15 416286
6 22 35563
19 10 76051
17 14 9000
22 21 108550
20 13 1443973
18 13 7934080
21 0 1222077
8 11 672148
22 15 350
9 10 87788
11 12 86694
14 11 1440
12 15 83386
1 22 1479153
15 2 248633
13 14 4608779
2 21 42083
0 13 2143513
3 8 40
1 8 2252626
4 3 841604
2 15 614142
5 2 132
16 6 133464
6 9 68346
17 7 27040
7 12 8145333
18 4 27951
21 9 120851
22 6 23285
10 8 188775
11 5 96387
9 21 325038
14 18 94
12 6 957358
10 18 5899
13 7 691177
0 4 233193
4 10 119766
2 6 2521821
5 11 34031
6 0 2414806
4 16 123
7 5 1547156
5 21 96861
20 19 694051
16 19 31071
21 18 10235
15 16 6763139
13 0 10175643
11 16 128458
2 1 776677
7 2 72339
16 10 18912
19 7 968234
20 0 20213189
18 16 14732
21 5 137820
8 6 235080
22 10 33945
9 7 537648
10 4 106836
11 9 447816
0 18 196865
14 6 4055
12 18 22690
1 19 745166
15 7 1008312
13 19 121673
0 8 381250
3 5 10304
4 6 118674
5 7 1130606
16 1 16187
6 20 3916984
19 12 13989
17 12 15475
7 17 1065381
20 15 700192
18 11 160909
21 14 1035
8 13 73516
22 13 188644
9 8 466566
10 15 118001
8 19 7507012
11 14 8600
9 18 8835
14 9 48
12 9 98078
1 20 10203186
15 12 4719
13 12 642776
2 19 30828
0 15 2384235
3 10 4361
1 14 13418
4 13 82403
2 13 1945997
5 0 13601818
3 16 99
6 15 259746
19 21 16608
17 5 1800
7 14 3410
20 22 3831
18 2 11192
22 4 21616
11 7 32961
12 0 2360960
10 16 81102
15 21 52651
13 5 6873818
0 6 3523780
1 7 750938
2 4 1898
5 9 41238
4 18 1756
5 19 18872
16 21 9719
21 16 17136
19 0 4907692
17 16 73
8 1 340791
15 18 2463796
11 18 2491
12 21 251737
16 12 18219
6 19 1407536
19 9 3416
17 9 1276
20 2 71114
18 14 1315
21 3 22757
22 8 34211
9 5 47288
10 2 161181
0 20 11996705
1 17 1691147
15 1 96572
13 17 131475
2 22 1628
0 10 892601
3 7 6877
1 11 922986
4 0 6563821
16 3 123
17 2 9071
7 19 398529
20 9 499002
18 9 25094
21 12 213696
8 15 12987981
22 3 1420
9 14 121
10 13 2371386
8 21 62512
11 0 1272119
9 16 15848
14 15 440211
12 11 255797
15 14 40
13 10 678798
2 17 384593
0 1 2283847
3 12 6003
1 12 1016117
4 15 13506437
2 11 850
6 13 5730747
4 21 1107
7 8 43610
20 16 3214656
18 0 6629277
12 2 606714
13 3 176
1 5 362614
6 4 66348
7 1 60806
5 17 1569
19 2 222755
20 5 71453
18 21 45250
8 3 52
9 2 158275
11 20 409844
14 3 76
13 22 13087
3 0 865177
19 11 330792
7 20 83944623
22 20 15478
20 12 2885275
18 12 43697
21 1 524327
8 10 48789
22 14 38
9 11 68342
10 0 1618625
8 16 3689
11 13 97991
0 22 361599
14 10 2283
12 14 22526
15 3 2074
13 15 203183
2 20 165467
0 12 772785
1 9 309579
4 2 532
2 14 16968
5 3 272
16 5 72
6 8 135881
19 16 4491
17 0 692473
7 13 3119855
20 11 98982
18 7 5606877
21 10 521577
22 1 58947
9 12 160356
10 11 449814
11 2 2692
9 22 1917
14 13 261097
12 5 200803
10 21 879168
15 8 31015727
13 8 48801
0 3 619512
1 2 1234498
4 9 156
2 9 156
5 12 8800
3 20 2615201
6 3 43037
7 10 397307
5 22 984
20 18 1867859
16 18 1528
21 19 214017
17 19 586133
14 20 1737801
13 1 1222417
2 0 2348302
