458
7 3 2649
16 9 42283
19 4 10070307
17 20 2460671
22 19 56366
20 7 432737
18 19 546140
21 6 470663
8 5 32456
9 0 1532211
10 7 63060
0 17 448815
14 1 424
12 17 103198
15 4 14351596
13 20 13111990
3 2 13597
4 5 1790
16 0 285385
19 13 21394
17 13 241638
7 22 7981
20 14 5502
18 10 238698
21 15 64381
8 12 4653
22 12 7962
10 14 6372
9 19 31198
14 8 1580
12 8 80735
1 21 741164
15 13 80638
2 18 52
0 14 564
3 11 1703
1 15 3704105
4 12 7144
2 12 385747
5 1 29531
3 17 56
16 7 378056
6 14 10114
19 18 15400
17 6 370258
7 15 1383080
20 21 313328
18 5 40348
21 8 50107
22 7 7956
10 9 112846
11 4 14456
9 20 5260421
14 19 7852
12 7 357573
10 19 139295
15 10 159327
13 6 3366939
0 5 9107900
1 0 4421338
4 11 17193
2 7 25923
5 10 35696
3 22 1500
7 4 3124
5 20 3967785
16 20 3107629
21 17 865
19 1 67517
18 22 139802
8 0 1301064
15 19 22680907
11 19 335807
12 20 1146516
16 11 6029
6 18 24549
19 6 116485
17 10 54503
20 1 168472
18 17 44615
21 4 28514
8 7 2986465
9 6 2299230
10 5 493945
11 8 127628
0 19 908931
14 7 182222
12 19 22328
1 18 28204
15 6 356975
13 18 11437
0 9 79276
4 7 523357
5 6 10677
16 2 4274
6 21 107838
19 15 14954122
17 3 753
7 16 13549
20 8 17934850
18 8 68164
21 13 656009
8 14 1595
22 2 60
9 15 230855
10 12 345187
8 20 22335504
11 1 526445
9 17 349160
12 10 886605
10 22 24985
13 11 44688
2 16 3268
3 13 121140
1 13 3162707
2 10 104611
5 15 246780
3 19 102326
6 12 13873899
4 20 26326815
19 20 37548737
17 4 14082
7 9 7588
18 3 48
21 22 498
22 5 109
11 6 565862
12 1 16904
10 17 30588
15 20 2409681
13 4 6236
0 7 2884706
2 5 81
5 8 40337
6 7 9668929
4 19 12881361
7 6 147899
5 18 11489
19 3 1224
20 4 223543
18 20 74180271
8 2 259
9 3 6334
11 21 94187
14 2 287
12 22 138154
3 1 10100
16 13 217628
6 16 254128
19 8 256903
17 8 33231
7 21 47977282
20 3 3772
18 15 2402276
21 2 21710
8 9 24008
22 9 53
9 4 240713
10 3 1338493
11 10 365923
0 21 468408
12 13 593319
1 16 642127
15 0 15725897
13 16 14718
0 11 947264
3 6 97111
4 1 19604
5 4 46497
6 11 160605
17 1 87340
7 18 680846
20 10 2778865
18 6 205731
21 11 59111
22 0 21798
9 13 823839
8 22 340
11 3 20730
14 12 1286
12 4 424555
10 20 4762204
15 9 1264884
13 9 24675
0 2 398608
3 15 12366
1 3 84904
4 8 139000
2 8 3145
5 13 2098070
3 21 2637
6 2 431901
4 22 226
19 22 117223
7 11 13236
20 17 584763
18 1 181386
16 17 294
21 20 2760747
12 3 905
13 2 34516
1 4 87703
2 3 146
6 5 123253
7 0 2318428
16 8 14754
19 5 6530
17 21 1621
22 18 208
20 6 2478188
21 7 1243015
8 4 621456
9 1 94167
0 16 216728
14 0 119513
12 16 16497
15 5 428
13 21 154171
16 15 144976
6 22 35088
19 10 145899
20 13 1806846
18 13 7343185
21 0 1741416
8 11 63678
22 15 14591
9 10 611860
11 12 43912
14 11 3105
12 15 83468
1 22 634070
15 2 529677
13 14 3522213
2 21 77970
0 13 2156001
3 8 12000
1 8 773865
2 15 894274
5 2 53
16 6 64617
6 9 198984
17 7 29870
7 12 607073
18 4 54215
21 9 146744
22 6 4784
10 8 85769
11 5 32065
9 21 208857
12 6 1243647
10 18 1679
13 7 1157220
0 4 74829
4 10 76112
2 6 2000736
5 11 66565
6 0 1196589
7 5 1492421
5 21 12918
20 19 806115
16 19 32023
21 18 8187
17 18 605
14 21 196
15 16 7087801
13 0 5435022
11 16 16908
2 1 438472
7 2 5507
16 10 119964
19 7 1276949
20 0 15669788
18 16 6418
21 5 100465
8 6 86207
22 10 12248
9 7 649682
10 4 30690
11 9 7886
0 18 103573
14 6 244
12 18 27363
1 19 516687
15 7 1967962
13 19 31774
0 8 530940
3 5 1520
4 6 109071
5 7 1076169
16 1 20685
6 20 3551983
19 12 42411
17 12 5009
7 17 477914
20 15 114527
18 11 87231
21 14 1639
8 13 64633
22 13 393
9 8 14564
10 15 245357
8 19 5073945
11 14 1557
9 18 13783
14 9 3132
12 9 45994
1 20 8076430
15 12 106736
13 12 252712
2 19 155
0 15 1597855
3 10 121663
1 14 29481
4 13 15835
2 13 106771
5 0 11599341
3 16 17980
6 15 180818
19 21 120
17 5 647
7 14 59
20 22 1685
18 2 17940
22 4 350
11 7 130264
14 16 1614
12 0 370617
10 16 102822
13 5 6551197
0 6 1456704
1 7 714803
2 4 1049739
5 9 70896
4 18 47
5 19 83899
16 21 24463
21 16 13211
19 0 2728838
17 16 1500
8 1 480790
15 18 2075451
11 18 1216
12 21 754369
16 12 12336
6 19 55664
19 9 99334
17 9 535
20 2 41440
18 14 114
21 3 220
22 8 9000
9 5 26050
10 2 39286
0 20 10123708
1 17 618646
15 1 33120
13 17 451475
2 22 40
0 10 3084150
3 7 2255
1 11 571197
4 0 1674370
16 3 52
17 2 112
7 19 1028141
20 9 814829
18 9 50472
21 12 123204
8 15 14120454
9 14 254
10 13 1645879
11 0 1893136
9 16 62694
14 15 9663
12 11 134190
13 10 1626997
0 1 3616326
3 12 2037
1 12 1544388
4 15 13018676
2 11 21450
3 18 166
6 13 3005447
4 21 48
7 8 43228
20 16 1776366
18 0 3813263
14 22 2984
12 2 49001
13 3 3136
1 5 187346
6 4 26042
7 1 61329
5 17 2324
19 2 1784
20 5 398053
18 21 37742
8 3 600
9 2 139366
11 20 783807
13 22 438
3 0 108055
19 11 841135
7 20 6459392
22 20 41226
20 12 432181
18 12 34817
21 1 213291
8 10 345566
22 14 636
9 11 15505
10 0 1194568
8 16 7952
11 13 153137
0 22 363608
14 10 52381
12 14 6766
15 3 2435
13 15 4904
2 20 95127
0 12 544701
1 9 91880
4 2 22520
2 14 1031
5 3 40
16 5 166
6 8 64588
19 16 5758
17 0 1220894
7 13 2872872
20 11 663185
18 7 4983490
21 10 463741
22 1 133574
9 12 138915
10 11 99114
11 2 3419
9 22 118
14 13 132398
12 5 38224
10 21 576361
15 8 28387580
13 8 37584
0 3 335315
1 2 497054
4 9 20384
2 9 5260
5 12 171
3 20 2694580
6 3 446264
7 10 230700
20 18 1403280
16 18 1472
21 19 87423
17 19 77096
14 20 1884641
13 1 283642
2 0 1825372
