459
7 3 1449
16 9 100498
19 4 11924979
17 20 187712
22 19 80345
20 7 521085
18 19 392824
21 6 286532
8 5 4746
9 0 912389
10 7 59668
0 17 2164683
14 1 467
12 17 26697
15 4 15191603
13 20 3740663
3 2 1552
4 5 95
16 0 332607
19 13 357378
17 13 393801
7 22 11336
20 14 6378
18 10 662138
21 15 47135
8 12 39700
22 12 218
10 14 188
8 18 1640
9 19 96092
12 8 113906
1 21 405752
15 13 19396
2 18 1841
0 14 15133
3 11 48
1 15 429798
4 12 5851
2 12 300603
5 1 5824
3 17 136376
16 7 662573
6 14 160
19 18 4190
17 6 475244
7 15 1292909
20 21 2762125
18 5 40088
21 8 50244
22 7 5147
10 9 9212
11 4 16820
9 20 1826471
14 19 8875
12 7 586106
10 19 305120
15 10 170047
13 6 1942432
0 5 6121272
1 0 5059100
4 11 60030
2 7 38779
5 10 28922
3 22 38
7 4 1787
5 20 3743446
16 20 4255604
21 17 5516
19 1 382678
18 22 238
8 0 1507240
15 19 8316144
11 19 230553
12 20 3101575
16 11 2503
6 18 994
19 6 453371
17 10 114655
20 1 1060009
18 17 19807
21 4 35265
8 7 2809486
9 6 323047
10 5 213825
11 8 149857
0 19 436990
14 7 203204
12 19 59186
1 18 41100
15 6 120502
13 18 7628
0 9 30900
4 7 427544
5 6 2719
16 2 5058
6 21 82524
19 15 17519587
17 3 3510
7 16 13900
20 8 17238801
18 8 86091
21 13 483641
8 14 149
22 2 5321
9 15 530861
10 12 800750
8 20 21606566
11 1 438929
9 17 1051
12 10 775650
10 22 28130
13 11 78862
2 16 2658
3 13 165244
1 13 4915095
2 10 143180
5 15 87750
3 19 9991
6 12 11159289
4 20 28989036
19 20 35122137
17 4 12308
7 9 7245
18 3 43
21 22 12745
22 5 38
11 6 378612
14 17 196
12 1 33633
10 17 104538
15 20 2028679
13 4 61216
0 7 2827770
2 5 364
5 8 17935
6 7 4467656
4 19 15489571
7 6 122272
5 18 78
19 3 560
20 4 30867
18 20 72731890
8 2 1500
9 3 3188
11 21 24410
14 2 421
12 22 3727
3 1 37251
16 13 208278
6 16 238047
19 8 283648
17 8 23883
7 21 76223587
20 3 6414
18 15 2990930
21 2 17721
8 9 39985
22 9 93
9 4 665
10 3 807622
11 10 309191
0 21 58988
14 5 133
12 13 1594909
1 16 322087
15 0 12997917
13 16 39858
0 11 772714
3 6 8330
4 1 342688
5 4 276
6 11 112733
17 1 618677
7 18 149884
20 10 2292796
18 6 304897
21 11 41842
22 0 37659
9 13 248830
8 22 5261
11 3 40
14 12 4003
12 4 14374
10 20 1822274
15 9 685856
13 9 3432
0 2 252703
3 15 346561
1 3 658964
4 8 110172
2 8 104
5 13 2241201
3 21 184
6 2 452497
4 22 178
19 22 4334
7 11 498832
20 17 313951
18 1 110176
16 17 295
21 20 2783782
12 3 986
13 2 68844
1 4 966986
2 3 64
6 5 14693
7 0 4534260
16 8 80
19 5 8525
17 21 1160
22 18 72
20 6 1878640
21 7 1777941
8 4 2269427
9 1 34191
0 16 160456
14 0 126486
12 16 57844
15 5 2058
13 21 178432
16 15 154397
6 22 447732
19 10 342034
17 14 38
20 13 984076
18 13 6174305
21 0 371300
8 11 145829
22 15 40
9 10 409385
11 12 155434
14 11 115
12 15 106347
1 22 204760
15 2 419965
13 14 4397364
2 21 10494
0 13 1806231
3 8 7216
1 8 311674
4 3 273
2 15 821227
5 2 12340
16 6 46059
6 9 127203
17 7 140114
7 12 295490
18 4 20987
21 9 61651
22 6 8182
10 8 60899
11 5 34844
9 21 119941
14 18 1182
12 6 3145522
10 18 3986
13 7 1782735
0 4 16645
4 10 214636
2 6 1804202
5 11 4970
6 0 1090103
7 5 2138337
5 21 18342
20 19 320022
16 19 53393
21 18 10155
17 18 104
14 21 3444
15 16 10365197
13 0 6165740
11 16 10198
2 1 19607
7 2 17390
16 10 288379
19 7 998779
20 0 12151229
18 16 4958
21 5 45206
8 6 51846
22 10 8468
9 7 573063
10 4 153213
11 9 505
0 18 2881
14 6 615
12 18 3593
1 19 129914
15 7 1649875
13 19 298675
0 8 157254
3 5 7078
4 6 57116
5 7 1092658
16 1 9455
6 20 2955121
19 12 20053
17 12 6609
7 17 510066
20 15 1042699
18 11 296941
21 14 2965
8 13 37389
22 13 30526
9 8 18649
10 15 259154
8 19 4812920
11 14 173
9 18 10810
14 9 1310
12 9 6073
1 20 8377125
15 12 6925
13 12 341479
2 19 41991
0 15 998234
3 10 66075
1 14 7616
4 13 23580
2 13 60949
5 0 9865508
3 16 1420
6 15 683840
17 5 108
7 14 876
20 22 22017
18 2 19842
22 4 224
11 7 15974
12 0 882047
10 16 257194
15 21 118
13 5 3720166
0 6 990734
1 7 482494
5 9 33233
4 18 36
5 19 141819
16 21 14752
21 16 34407
19 0 2125740
8 1 135054
15 18 1734388
11 18 3292
12 21 1057112
16 12 23409
6 19 197947
19 9 90722
20 2 27897
18 14 705
21 3 1827
22 8 3865
9 5 1922
10 2 20794
0 20 8439614
1 17 784460
15 1 106704
13 17 44618
2 22 56
0 10 3122556
3 7 4669
1 11 1046209
4 0 1935404
19 14 1478
17 2 1500
7 19 121393
20 9 577681
18 9 56873
21 12 89242
8 15 12816948
9 14 3047
10 13 2213150
11 0 358334
9 16 19173
14 15 25135
12 11 68797
15 14 4289
13 10 915394
2 17 52
0 1 2814903
3 12 29526
1 12 847852
4 15 13115512
2 11 10431
3 18 1420
6 13 3485600
7 8 70754
20 16 3444257
18 0 4775170
12 2 36009
13 3 784
1 5 91804
6 4 66579
7 1 88577
5 17 52
19 2 5024
20 5 147642
18 21 53344
9 2 88972
11 20 328091
14 3 38
13 22 7140
3 0 235862
19 11 227501
7 20 22657341
22 20 10490
20 12 864706
18 12 31883
21 1 176333
8 10 79789
9 11 7882
10 0 1441298
8 16 1595
11 13 32759
0 22 665919
14 10 50494
12 14 39884
15 3 6399
13 15 32602
2 20 234234
0 12 561577
3 9 40
1 9 11249
4 2 249
2 14 1960
5 3 315
16 5 165
6 8 116863
19 16 5144
17 0 1249189
7 13 731009
20 11 888156
18 7 4473775
21 10 437847
22 1 8405
9 12 54691
10 11 102889
11 2 1229
9 22 706
14 13 170382
12 5 36460
10 21 229393
15 8 24810049
13 8 51784
0 3 268207
1 2 964164
4 9 30373
2 9 52
5 12 3758
3 20 2851362
6 3 29895
7 10 200804
20 18 1260103
16 18 56
21 19 62042
17 19 13322
14 20 1888997
13 1 302050
2 0 2026896
