454
7 3 2441
16 9 48677
19 4 10857600
17 20 241327
22 19 34348
20 7 667929
18 19 515440
21 6 390301
8 5 12884
9 0 836111
10 7 257250
0 17 175062
14 1 1789
12 17 31784
15 4 14561538
13 20 1711455
4 5 120
16 0 243665
19 13 57099
17 13 179480
7 22 8990
20 14 19862
18 10 344362
21 15 40015
8 12 7881
22 12 3971
10 14 592
8 18 1764
9 19 37369
12 8 149604
1 21 471392
15 13 207291
2 18 66
0 14 6054
3 11 5676
1 15 486479
4 12 647
2 12 333543
5 1 13088
3 17 96688
16 7 590010
19 18 14635
17 6 395974
7 15 1084612
20 21 1171032
18 5 16743
21 8 52990
22 7 3607
10 9 11356
11 4 17562
9 20 2050883
14 19 12093
12 7 208879
10 19 597030
15 10 150610
13 6 4228459
0 5 5601806
1 0 3587400
4 11 108562
2 7 25552
5 10 63470
3 22 1500
7 4 1612
5 20 3396809
16 20 3110503
21 17 30377
19 1 243382
18 22 14445
8 0 2269992
15 19 26122764
11 19 486136
12 20 441079
16 11 47
6 18 3571
19 6 445534
17 10 398358
20 1 900784
18 17 47177
21 4 7949
8 7 3146246
9 6 3912950
10 5 17063
11 8 173565
0 19 909409
14 7 265509
12 19 50040
1 18 7515
15 6 53184
13 18 56188
0 9 12572
3 4 3528
4 7 493472
5 6 4998
16 2 2764
6 21 157629
19 15 19687217
17 3 2106
7 16 18092
20 8 17662512
18 8 168409
21 13 579964
9 15 324439
10 12 2086123
8 20 25011717
11 1 406521
9 17 1817
12 10 771354
10 22 95867
13 11 290159
2 16 4064
3 13 84948
1 13 3912418
2 10 348512
5 15 104390
3 19 516
6 12 15158614
4 20 29418807
19 20 43928236
17 4 5480
7 9 3364
18 3 720
21 22 40328
11 6 382912
12 1 17953
10 17 91052
15 20 1452715
13 4 25297
0 7 2227367
2 5 2840
5 8 1735
6 7 1766828
4 19 15704533
7 6 92175
5 18 1420
16 22 104
19 3 518
20 4 8810
18 20 69714111
8 2 201080
9 3 474
11 21 17625
14 2 348
12 22 18323
3 1 153
16 13 370952
6 16 1528872
19 8 79793
17 8 160133
7 21 78519001
20 3 4152
18 15 1811160
21 2 33816
8 9 55614
9 4 955
10 3 930220
11 10 479050
0 21 103347
14 5 59
12 13 4612569
1 16 159566
15 0 11768582
13 16 38576
0 11 892516
3 6 44820
4 1 31016
5 4 461
16 4 48
6 11 134271
17 1 35167
7 18 6521
20 10 1537124
18 6 271524
21 11 260663
22 0 214687
9 13 292387
8 22 8323
14 12 1128
12 4 10749
10 20 2504615
15 9 786895
13 9 6568
0 2 397645
3 15 115179
1 3 14394
4 8 127575
2 8 4337
5 13 2587253
3 21 3000
6 2 457165
4 22 4459
19 22 1139098
7 11 9445
20 17 15675
18 1 173944
16 17 3420
21 20 2211281
12 3 906
13 2 220717
1 4 179731
2 3 96
6 5 4361
7 0 67686683
5 16 89
16 8 4331
19 5 4998
17 21 3410
22 18 1500
20 6 2997471
21 7 1518963
8 4 25388
9 1 76033
0 16 36973
14 0 139188
12 16 23857
15 5 6187
13 21 58471
16 15 73037
6 22 55312
19 10 347875
20 13 344968
18 13 6203405
21 0 362983
8 11 184448
9 10 588048
11 12 16852
14 11 87
12 15 101677
1 22 35714
15 2 496539
13 14 3420107
2 21 7925
0 13 4114711
3 8 47
1 8 321808
4 3 259693
2 15 613154
5 2 663
16 6 63648
6 9 10694
17 7 11874
7 12 526241
18 4 33638
21 9 65290
22 6 23332
10 8 32814
11 5 19424
9 21 42756
14 18 1377
12 6 4259819
10 18 2165
13 7 713345
0 4 166987
4 10 137482
2 6 1955520
5 11 2485
6 0 787196
7 5 1312402
5 21 14663
20 19 652755
16 19 51346
21 18 9333
17 18 128
14 21 322
15 16 6391388
13 0 6040183
11 16 10768
2 1 353868
7 2 5069
16 10 130586
19 7 1053012
22 16 1552
20 0 11702153
18 16 1944
21 5 51672
8 6 80152
22 10 18744
9 7 534145
10 4 65036
11 9 3666
0 18 9367
14 6 120
12 18 9290
1 19 676778
15 7 1677536
13 19 75954
0 8 465765
3 5 2247
4 6 80964
5 7 870852
16 1 4498
6 20 1552814
19 12 19154
17 12 15736
7 17 9729
20 15 986475
18 11 242160
21 14 1809
8 13 29358
22 13 108456
9 8 68800
10 15 384151
8 19 5548211
11 14 156
9 18 14992
14 9 5351
12 9 49909
1 20 7252739
15 12 221952
13 12 302234
2 19 7479
0 15 530216
3 10 158707
1 14 7217
4 13 26531
2 13 71602
5 0 10421583
6 15 118908
7 14 4102
20 22 61786
18 2 15406
22 4 18205
11 7 55454
12 0 238787
10 16 62174
13 5 4012879
0 6 623102
1 7 300123
2 4 47
5 9 84670
4 18 41
5 19 103728
16 21 15795
21 16 15586
19 0 4536558
17 16 16227
8 1 147010
15 18 1507108
11 18 8556
12 21 480087
16 12 8924
6 19 203592
19 9 123369
20 2 142003
18 14 200
21 3 92
22 8 2743
9 5 368
10 2 36511
0 20 7024501
1 17 469881
15 1 108516
13 17 203534
2 22 40
0 10 3217422
3 7 154009
1 11 1209318
4 0 1701440
19 14 75
17 2 213
7 19 64180
20 9 444029
18 9 65608
21 12 218882
8 15 12400238
22 3 78
9 14 1629
10 13 2331207
8 21 3860
11 0 1150012
9 16 35705
14 15 12621
12 11 116201
15 14 92
13 10 2480766
2 17 4656
0 1 2060096
3 12 13953
1 12 1639392
4 15 13130970
2 11 13271
3 18 1185
6 13 3527093
7 8 32176
20 16 1944156
18 0 4098973
12 2 38323
13 3 52
1 5 183604
6 4 36572
7 1 79908
5 17 60
19 2 256
20 5 980894
18 21 42241
8 3 47
9 2 102920
11 20 412617
13 22 11353
3 0 125063
19 11 91003
7 20 24582762
22 20 15296
20 12 333065
18 12 28874
21 1 60895
8 10 93184
9 11 28596
10 0 1855923
8 16 790
11 13 390528
0 22 120519
14 10 64864
12 14 5507
15 3 184
13 15 120316
2 20 125540
0 12 356494
3 9 52
1 9 7748
4 2 393
2 14 11813
5 3 1756
16 5 828
6 8 305659
17 0 925829
7 13 356546
20 11 424294
18 7 4537656
21 10 382397
22 1 50395
9 12 120022
10 11 287678
11 2 61587
9 22 197
14 13 478222
12 5 78425
10 21 452004
15 8 26326707
13 8 77556
0 3 300505
1 2 1149982
4 9 17583
5 12 200774
3 20 1934868
6 3 43629
7 10 207434
5 22 78
20 18 1209864
16 18 52
21 19 46339
17 19 70888
14 20 1798989
13 1 815861
2 0 166378
