467
7 3 2511
16 9 115950
19 4 18878148
17 20 1794082
22 19 51876
20 7 2341699
18 19 1011329
21 6 949003
8 5 71680
9 0 1180754
10 7 357959
0 17 464138
14 1 18823
12 17 42926
15 4 31371419
13 20 4623108
3 2 145751
4 5 15381
16 0 464980
19 13 660224
17 13 493996
7 22 137110
20 14 98776
18 10 678916
21 15 165322
8 12 6982
22 12 123508
10 14 34683
8 18 8689
9 19 245977
14 8 1434
12 8 40491
1 21 1866719
15 13 205200
2 18 3225
0 14 660
3 11 17651
1 15 1175054
4 12 732
2 12 1218835
5 1 23916
3 17 7527
16 7 627399
6 14 82568
19 18 9734
17 6 204215
7 15 1072595
20 21 722999
18 5 76539
21 8 74889
22 7 94619
10 9 624102
11 4 46763
9 20 4320727
14 19 6272
12 7 1019411
10 19 700089
15 10 148163
13 6 2615774
0 5 16795052
1 0 5284052
2 7 584911
5 10 48886
3 22 9000
6 1 134
7 4 77361
5 20 6593543
16 20 4815760
21 17 63811
19 1 324844
18 22 24808
8 0 1498614
15 19 27575342
11 19 94631
12 20 2270745
6 18 17008
19 6 760218
17 10 273857
20 1 1828054
18 17 117767
21 4 30488
8 7 3538722
9 6 3291264
10 5 360685
11 8 369604
0 19 879222
14 7 326199
12 19 113230
1 18 108726
15 6 103357
13 18 37192
0 9 66480
4 7 821477
5 6 11089
16 2 18694
6 21 733807
19 15 10330582
17 3 2187
7 16 82822
20 8 20396346
18 8 124232
21 13 1425732
8 14 397
22 2 1975
9 15 348445
10 12 1857107
8 20 24355643
11 1 801492
9 17 47959
12 10 447765
10 22 129607
13 11 258200
2 16 680277
3 13 119037
1 13 7465087
2 10 167658
5 15 282432
3 19 36248
6 12 7451903
4 20 37637775
19 20 26234968
17 4 50153
7 9 382948
18 3 3647
21 22 887427
22 5 6516
11 6 601329
14 17 1290
12 1 118752
10 17 184714
15 20 3503527
13 4 158557
0 7 2010425
2 5 1717
5 8 16196
6 7 5606035
4 19 18411102
7 6 424545
5 18 52
16 22 1611
19 3 512
20 4 198623
18 20 79913219
8 2 7798
9 3 645692
11 21 53101
14 2 3756
12 22 7118
3 1 24056
16 13 222648
6 16 553626
19 8 58436
17 8 223202
7 21 19947525
20 3 17066
18 15 3694326
21 2 339742
8 9 113009
22 9 6135
9 4 28686
10 3 661482
11 10 355637
0 21 456660
14 5 2857
12 13 6935685
1 16 458413
15 0 33540439
13 16 43871
0 11 1229751
3 6 47496
4 1 52514
5 4 330
16 4 3088
17 1 382544
7 18 11885
20 10 1569826
18 6 382447
22 0 52216
9 13 1145793
8 22 2310
11 3 12315
14 12 26398
12 4 30638
10 20 5770527
15 9 1780977
13 9 43646
0 2 300903
3 15 87456
1 3 226805
4 8 331369
2 8 19174
5 13 2581686
3 21 36934
6 2 291110
4 22 1638585
19 22 151157
20 17 336998
18 1 403813
16 17 642
21 20 8118732
12 3 9147
13 2 412921
1 4 631466
2 3 48102
6 5 189869
7 0 33826454
5 16 236
16 8 6050
19 5 34830
17 21 175610
22 18 98
20 6 2292700
21 7 784411
8 4 559602
9 1 318578
0 16 180668
14 0 210729
12 16 24749
15 5 6416
13 21 333499
16 15 132699
6 22 110605
19 10 237949
17 14 87
20 13 2405330
18 13 8345163
21 0 926150
22 15 40
9 10 636073
11 12 379716
14 11 3496
12 15 147212
1 22 328660
15 2 430593
13 14 8231933
2 21 26023
0 13 3888450
3 8 10604
1 8 687080
4 3 48
2 15 537057
5 2 1773
16 6 98367
6 9 238203
17 7 23851
7 12 2443787
18 4 481793
21 9 1116476
22 6 90000
10 8 162945
11 5 38170
9 21 455578
14 18 2904
12 6 544916
10 18 98025
13 7 3619295
0 4 861000
4 10 162279
2 6 2013033
5 11 24973
6 0 1867529
4 16 10500
7 5 1734216
5 21 59604
20 19 2376623
16 19 50638
21 18 516814
17 18 52
14 21 17704
15 16 9361621
13 0 11735642
11 16 4753
2 1 296944
7 2 424537
16 10 125326
19 7 599495
22 16 1500
20 0 24521859
18 16 37801
21 5 268128
8 6 62816
22 10 56674
9 7 884693
10 4 126952
11 9 4818
0 18 13122
14 6 1711
12 18 46974
1 19 488468
15 7 1781012
13 19 283534
0 8 587043
3 5 5566
4 6 84405
5 7 969997
16 1 60578
6 20 4595372
19 12 30351
17 12 206900
7 17 543294
20 15 957002
21 14 6418
8 13 192427
22 13 6079
9 8 116323
10 15 436768
8 19 5484569
11 14 20624
9 18 32662
14 9 18456
12 9 138771
1 20 14895687
15 12 222222
13 12 1937498
2 19 58905
0 15 952342
3 10 91593
1 14 553927
4 13 173098
2 13 161154
5 0 9088808
3 16 5076
6 15 270762
19 21 40
17 5 6546
7 14 4234
20 22 76446
18 2 14294
22 4 44756
11 7 202236
12 0 982199
10 16 453469
15 21 97
13 5 10636293
0 6 1001075
1 7 2398859
2 4 128
5 9 423103
4 18 6329
5 19 188208
16 21 62409
21 16 26469
19 0 1587147
17 16 192
8 1 220083
15 18 5416118
11 18 10215
12 21 2515453
16 12 19266
6 19 903273
19 9 75604
17 9 6527
20 2 332324
18 14 22068
21 3 1939
22 8 80315
9 5 368003
10 2 114694
0 20 14449561
1 17 2385976
15 1 115860
13 17 185685
2 22 3104
0 10 3677427
3 7 55611
1 11 1389671
4 0 2092670
19 14 209
17 2 411
7 19 1435235
20 9 1121032
18 9 187859
21 12 1142171
8 15 13995306
22 3 104
9 14 13874
10 13 3483625
11 0 668361
9 16 27325
14 15 43332
12 11 163357
15 14 2888
13 10 1596139
2 17 12985
0 1 3158953
3 12 207572
1 12 5143936
4 15 17707608
2 11 7750
5 14 52
3 18 265
6 13 8925473
4 21 156
7 8 38095
20 16 4009718
18 0 5340347
14 22 44
12 2 196862
13 3 1604
1 5 461807
6 4 126082
7 1 703179
5 17 4470
19 2 10728
20 5 56177
18 21 113128
8 3 332
9 2 166740
11 20 1531279
14 3 125
13 22 28015
3 0 360223
17 15 576
7 20 18337734
22 20 570126
20 12 1526796
18 12 217829
21 1 176317
8 10 102061
22 14 168
10 0 3519533
8 16 280
11 13 362319
0 22 67484
14 10 59478
12 14 20042
15 3 14100
13 15 109360
2 20 830318
0 12 896057
3 9 1612
1 9 638387
4 2 146
2 14 27427
5 3 4761
16 5 92
6 8 212867
19 16 6056
17 0 444123
7 13 7100355
18 7 7358512
21 10 665571
22 1 46115
9 12 1911397
11 2 30389
9 22 80542
14 13 376966
12 5 272403
10 21 2541678
15 8 33902378
13 8 204894
0 3 1390285
1 2 1925838
4 9 43461
2 9 424
5 12 1840
3 20 4382570
6 3 154295
7 10 218685
5 22 302
20 18 2444556
16 18 104
21 19 279042
17 19 62016
14 20 3071328
13 1 3072042
2 0 542448
