451
7 3 4391
16 9 35373
19 4 11714766
17 20 122436
22 19 134503
20 7 102894
18 19 681770
21 6 1091339
8 5 15544
9 0 545954
10 7 231906
0 17 398053
14 1 3336
12 17 61773
15 4 15058857
13 20 4552194
3 2 1458
4 5 2974
16 0 340082
19 13 162542
17 13 417196
7 22 17945
20 14 3584
18 10 844901
21 15 196286
8 12 15429
22 12 4500
10 14 1854
8 18 7205
9 19 122395
12 8 28059
1 21 478910
15 13 17720
2 18 40
0 14 6000
1 15 321185
4 12 1605
2 12 86753
5 1 26100
3 17 374
16 7 377218
6 14 253
19 18 534
17 6 724568
7 15 1072519
20 21 343088
18 5 15953
21 8 39936
22 7 6770
10 9 797927
11 4 193976
9 20 6616092
14 19 4812
12 7 382451
10 19 228004
15 10 202560
13 6 2948327
0 5 8763543
1 0 3938633
2 7 28692
5 10 52775
3 22 38
7 4 174384
5 20 6707062
16 20 2922650
21 17 28066
19 1 184860
18 22 14130
8 0 2141207
15 19 19294945
11 19 105506
12 20 641029
6 18 10927
19 6 374024
17 10 348667
20 1 413619
18 17 53270
21 4 22909
8 7 3090043
9 6 349769
10 5 460983
11 8 223672
0 19 744408
14 7 213464
12 19 48990
1 18 52258
15 6 270122
13 18 5700
0 9 4246
4 7 543718
5 6 11268
16 2 1896
6 21 187637
19 15 20374485
17 3 4556
7 16 505774
20 8 16706902
18 8 203985
21 13 1078518
8 14 149
22 2 591190
9 15 137207
10 12 1472423
8 20 23297839
11 1 218862
9 17 842
12 10 1159818
10 22 3045
13 11 76305
2 16 3156
3 13 46302
1 13 4202533
2 10 419426
5 15 277231
3 19 307537
6 12 7919583
4 20 37180333
19 20 37534941
17 4 48498
7 9 8539
18 3 3445
21 22 3458
22 5 71088
11 6 712440
14 17 2911
12 1 82780
10 17 74380
15 20 1583972
13 4 37425
0 7 2511228
1 6 98
2 5 89709
5 8 28997
6 7 8428364
4 19 16375568
7 6 128594
5 18 3103
16 22 40
19 3 6804
20 4 22609
18 20 70388274
8 2 128
9 3 196
11 21 37821
14 2 753
12 22 155
3 1 610
16 13 146909
6 16 144112
19 8 93186
17 8 104885
7 21 66747392
20 3 1401
18 15 3137315
21 2 44356
8 9 20799
9 4 98
10 3 108466
11 10 679032
0 21 181728
14 5 183
12 13 1681482
1 16 202583
15 0 17031264
13 16 18120
0 11 365886
3 6 36148
4 1 50372
5 4 356
16 4 2364
17 1 144559
7 18 99940
20 10 2060431
18 6 383404
22 0 23213
9 13 366377
8 22 30849
11 3 52
14 12 372
12 4 3044
10 20 2429578
15 9 843254
13 9 1779
0 2 15813
3 15 35012
1 3 41150
4 8 122732
2 8 4500
5 13 2159180
3 21 1810
6 2 372899
4 22 2311
19 22 63951
20 17 285049
18 1 188811
16 17 40
21 20 3546055
12 3 316
13 2 137177
1 4 230137
2 3 76
6 5 24370
7 0 114358628
5 16 3349
16 8 261
19 5 143333
17 21 57955
22 18 1756
20 6 3549520
21 7 1428589
8 4 44970
9 1 91206
0 16 95024
14 0 118295
12 16 12852
15 5 47339
13 21 142480
16 15 104986
6 22 53594
19 10 366838
17 14 269
20 13 1617682
18 13 7040079
21 0 607869
22 15 1692
9 10 551490
11 12 24519
12 15 3211
1 22 83921
15 2 220983
13 14 2536758
2 21 124551
0 13 3357418
3 8 3172
1 8 313706
2 15 574831
5 2 4516
16 6 77625
6 9 4816
17 7 10813
7 12 461497
18 4 123182
21 9 73223
22 6 11479
10 8 123166
11 5 39522
9 21 142080
12 6 1613147
10 18 3714
13 7 449371
0 4 405479
4 10 160039
2 6 1784503
5 11 38396
6 0 926634
4 16 2880
7 5 1391820
5 21 70970
20 19 885262
16 19 34114
21 18 12805
17 18 2783
14 21 1486
15 16 4395417
13 0 7122627
11 16 5066
2 1 86258
7 2 15793
16 10 180888
19 7 645538
22 16 60
20 0 15256457
18 16 6686
21 5 258819
8 6 109476
22 10 53887
9 7 519144
10 4 74531
11 9 3839
0 18 46780
14 6 1640
12 18 7086
1 19 324763
15 7 978070
13 19 92051
0 8 124884
3 5 14914
4 6 773379
5 7 1206461
16 1 1316
6 20 1962844
19 12 8980
17 12 1684
7 17 15333
20 15 387720
21 14 89
8 13 83009
22 13 246
9 8 83933
10 15 207719
8 19 5221598
11 14 60
9 18 23240
12 9 303825
1 20 7274462
15 12 860
13 12 223941
2 19 25668
0 15 1091478
3 10 143612
1 14 51195
4 13 11415
2 13 2464468
5 0 8432343
6 15 364147
17 5 1140
7 14 1108
20 22 620188
18 2 16247
22 4 410
11 7 15662
12 0 574463
10 16 689638
15 21 1224
13 5 5885925
0 6 1480012
1 7 588504
5 9 49835
4 18 562
5 19 151686
16 21 27468
21 16 20097
19 0 2658315
17 16 76
8 1 88996
15 18 2407784
11 18 2766
12 21 493332
16 12 9064
6 19 537478
19 9 41598
20 2 74456
18 14 212
21 3 318
22 8 15071
9 5 18261
10 2 34050
0 20 9889803
1 17 696736
15 1 29121
13 17 14605
2 22 187019
0 10 4491605
3 7 501
1 11 696127
4 0 2669131
19 14 221
17 2 112
7 19 163277
20 9 354667
18 9 31976
21 12 320226
8 15 14239036
9 14 200
10 13 3449897
8 21 262
11 0 336598
9 16 13973
14 15 9834
12 11 48526
15 14 140
13 10 2671422
2 17 330
0 1 2681188
3 12 18430
1 12 1109517
4 15 16977328
2 11 52381
6 13 5688427
4 21 27324
7 8 16410
20 16 1483647
18 0 5027981
12 2 71815
13 3 156
1 5 210509
6 4 101147
7 1 35057
5 17 1354
19 2 708
20 5 109542
18 21 57675
8 3 12484
9 2 527994
11 20 268613
13 22 3344
3 0 129452
7 20 1477593
22 20 247287
20 12 135957
18 12 23020
21 1 74963
8 10 166117
10 0 2275293
8 16 173
11 13 469743
0 22 14787
14 10 120698
12 14 686
15 3 2709
13 15 16825
2 20 110063
0 12 370774
3 9 52
1 9 22896
4 2 93
2 14 20386
5 3 194
16 5 20753
6 8 114898
19 16 168
17 0 491721
7 13 264746
18 7 4246461
21 10 689309
22 1 2608
9 12 488234
11 2 87381
9 22 1476
14 13 119249
12 5 96546
10 21 536520
15 8 21778729
13 8 21624
0 3 189689
3 14 38
1 2 895969
4 9 20177
2 9 129
5 12 1821
3 20 3008404
6 3 22555
7 10 221636
5 22 1424
20 18 1430414
16 18 59
21 19 129162
17 19 130022
14 20 1516623
13 1 654525
2 0 219802
