459
7 3 4535
16 9 15794
19 4 276158
17 20 1069666
22 19 24200
20 7 75519
18 19 75629
21 6 2175028
8 5 25312
9 0 2463611
10 7 150002
0 17 1065579
12 17 58343
15 4 484018
13 20 1392766
3 2 1553
4 5 248
16 0 2534651
19 13 16227716
17 13 821349
7 22 27286
20 14 3072
21 15 14938
8 12 35187
22 12 93213
10 14 3500
8 18 151378
11 15 126
9 19 69748
14 8 1919
12 8 183804
1 21 1411159
15 13 22977
2 18 71567
0 14 1872
3 11 96256
1 15 527446
4 12 1782
2 12 451959
5 1 7965
3 17 4529
16 7 11005
6 14 169
19 18 87644
17 6 1246541
7 15 1798038
20 21 924178
18 5 94704
21 8 88094
22 7 11916
10 9 1339457
11 4 87177
9 20 942997
14 19 2926
12 7 103944
10 19 775655
13 6 10951743
0 5 15530
1 0 4590458
4 11 129997
2 7 6618
3 22 17740
4 17 290325
7 4 14096311
5 20 2667524
16 20 508479
21 17 105649
19 1 371949
18 22 28500
8 0 32992234
15 19 1449804
11 19 176672
12 20 656275
16 11 695
6 18 1078746
19 6 1617051
20 1 1044925
18 17 61434
21 4 3904
8 7 1949
9 6 5965407
10 5 975163
11 8 262330
0 19 4481900
12 19 563185
1 18 2569961
15 6 452559
13 18 729986
0 9 1231245
3 4 104
4 7 9082
5 6 245563
16 2 1836
6 21 357185
19 15 64833
17 3 140
7 16 38470
20 8 22870234
18 8 59718
21 13 1198033
8 14 3490
22 2 40
9 15 242460
10 12 109133
8 20 7724231
11 1 202247
9 17 57494
10 22 115760
13 11 464178
2 16 1500
3 13 13738
1 13 5624962
4 14 1562
5 15 2594
3 19 13260
6 12 7181246
4 20 7962775
19 20 14024735
17 4 105725
7 9 9446418
18 3 12569
21 22 13297
22 5 1526
11 6 2470338
14 17 905
12 1 8925
10 17 359213
15 20 244518
13 4 100494
0 7 1060538
1 6 40
2 5 41
5 8 62026
6 7 188821
4 19 314260
7 6 740815
5 18 205323
16 22 992
19 3 495
20 4 14769155
18 20 9434446
8 2 7574
9 3 2472
11 21 131363
14 2 200
12 22 46955
3 1 39867
16 13 797324
6 16 494894
19 8 194879
17 8 98630
7 21 326433
20 3 12891
18 15 13028
21 2 29511
8 9 309333
22 9 52472
9 4 569277
0 21 1346539
12 13 849424
1 16 329377
15 0 348958
13 16 18444
0 11 1070698
3 6 4595
4 1 226629
5 4 5729
16 4 132
6 11 787045
19 17 59412
17 1 173491
7 18 201644
18 6 1342834
21 11 174588
22 0 125877
9 13 486466
8 22 41572
11 3 4732
14 12 52
12 4 39637
10 20 973301
15 9 606772
13 9 181581
0 2 568874
3 15 225
1 3 2233
4 8 230050
2 8 75059
5 13 2874676
3 21 47927
6 2 1862700
4 22 42774
19 22 151227
7 11 312961
20 17 127076
18 1 166329
16 17 5680
21 20 350880
12 3 15084
13 2 73070
1 4 424705
6 5 199018
7 0 2284777
5 16 248
16 8 288
19 5 233795
17 21 144714
22 18 9218
20 6 13131727
21 7 276791
8 4 179921
9 1 76965
10 6 40
0 16 193020
14 0 830175
12 16 36585
15 5 1847
13 21 410717
16 15 1505
6 22 831507
22 21 27317
20 13 473922
18 13 15435743
21 0 2172493
8 11 424769
8 17 655758
11 12 123811
12 15 68504
1 22 400585
15 2 525165
13 14 553933
2 21 25110
0 13 8527695
3 8 12428
1 8 1142977
4 3 9000
2 15 1125942
5 2 1563
16 6 451265
6 9 6928263
17 7 10709
7 12 92389
18 4 22647
21 9 93943
22 6 384517
10 8 410881
11 5 41129
9 21 812603
14 18 2791
12 6 4876123
10 18 583901
13 7 572044
0 4 149687
2 6 2052799
5 11 34908
6 0 1359850
4 16 4661
7 5 1415331
5 21 28228
20 19 28283233
16 19 2415
21 18 169317
17 18 159869
14 21 5325
15 16 41664
13 0 14264020
11 16 18958
2 1 24557
7 2 3322
19 7 1111374
17 11 42000
22 16 97
20 0 486851
18 16 8187
21 5 16682
8 6 771722
9 7 1319173
10 4 218883
11 9 108321
0 18 542036
14 6 5007
12 18 172671
1 19 1484484
15 7 2296264
13 19 136571
0 8 278734
4 6 494939
5 7 127926
16 1 2178
6 20 1850797
19 12 44321
17 12 404292
7 17 144686
20 15 377124
18 11 163988
21 14 319
8 13 13118547
22 13 26567
9 8 43423
10 15 156054
8 19 356996
11 14 299
9 18 20023593
14 9 1421
12 9 319530
1 20 6484664
15 12 164439
13 12 282409
2 19 1766
0 15 689909
1 14 2437
4 13 12409649
2 13 54300
5 0 12051701
6 15 175203
19 21 111560
17 5 212
7 14 513210
20 22 36765
18 2 3692
22 4 4001
11 7 111240
14 16 1453
12 0 411583
10 16 308105
15 21 22816
13 5 5134229
0 6 9800855
1 7 247300
2 4 231677
5 9 26215
4 18 397112
5 19 38244
16 21 7034
21 16 33563
19 0 57300136
17 16 1655
8 1 80151
15 18 19799
11 18 315081
12 21 370544
16 12 6388
6 19 614202
19 9 214583
17 9 1083901
20 2 1258669
18 14 1239
21 3 818
22 8 130343
9 5 5834453
10 2 222794
0 20 7806653
14 4 212
1 17 2943996
15 1 14022
13 17 71277
2 22 1476
3 7 6824
1 11 2670829
4 0 35088130
19 14 846
17 2 3452
7 19 32653216
20 9 2032715
18 9 97066
21 12 76524
8 15 70612
22 3 488
9 14 248
10 13 2734413
8 21 53384
11 0 772035
9 16 5371863
12 11 508195
15 14 159
2 17 124623
0 1 1932750
3 12 5078
1 12 1272061
4 15 33535
2 11 334388
3 18 11094
6 13 5355624
4 21 15724
7 8 23872836
20 16 4862961
18 0 42602513
14 22 5160
12 2 16838
13 3 203
1 5 365219
6 4 166417
7 1 37465
5 17 5104
19 2 389
20 5 5356
18 21 127147
8 3 1674
9 2 217272
11 20 223472
14 3 56
13 22 18098
3 0 24201
16 14 40
6 17 202182
19 11 282803
7 20 454016
22 20 41670
20 12 1926768
18 12 17274
21 1 39287
22 14 300
9 11 102537
10 0 967143
8 16 132
11 13 104752
0 22 585972
12 14 235
15 3 127
13 15 218748
2 20 54080
0 12 124795
3 9 32840
1 9 3116497
4 2 16516
2 14 6000
5 3 69
16 5 52
6 8 456032
19 16 6197
17 0 431259
7 13 236544
20 11 461538
18 7 57382
22 1 16472
9 12 273318
10 11 651526
11 2 13505
9 22 7480
14 13 198159
12 5 63261
10 21 2783869
15 8 939250
13 8 123670
0 3 236231
1 2 925893
4 9 18122
2 9 35945
5 12 41479
3 20 12353
6 3 52
5 22 1535
20 18 13100096
16 18 4512
21 19 76042
17 19 374221
14 20 139090
13 1 280445
2 0 1670287
