459
7 3 5533
16 9 205935
19 4 12538065
17 20 1222664
22 19 326797
20 7 1350231
18 19 334990
21 6 165307
8 5 85243
9 0 1306265
10 7 478226
0 17 262702
14 1 10800
12 17 4878
15 4 14338774
13 20 5070504
3 2 212
4 5 13714
16 0 506285
19 13 353979
17 13 233913
7 22 128714
20 14 68171
18 10 562082
21 15 212477
10 14 1752
8 18 9916
9 19 299874
14 8 4052
12 8 4374
1 21 126595
15 13 185030
2 18 1538
0 14 3418266
3 11 9583
4 12 1500
2 12 435238
5 1 133666
3 17 26028
16 7 66366
6 14 33373
19 18 9261
17 6 238874
7 15 1607941
20 21 1030323
18 5 28649
21 8 49332
22 7 40972
10 9 226274
11 4 238275
9 20 3195876
14 19 10350
12 7 1827510
10 19 338043
15 10 37440
13 6 1025735
0 5 25163049
1 0 3140154
2 7 34247
5 10 6704
3 22 16638
6 1 1132
7 4 24073
5 20 1404160
16 20 4059953
21 17 207987
19 1 275905
18 22 12589
8 0 901139
15 19 32613759
11 19 306679
12 20 577894
6 18 103037
19 6 66030
17 10 52447
20 1 2130005
18 17 53133
21 4 29772
8 7 469526
9 6 153933
10 5 160937
11 8 861298
0 19 382401
14 7 49871
12 19 31299
1 18 5308
15 6 97490
13 18 75404
0 9 152793
3 4 10607
4 7 489781
5 6 18360
16 2 19283
6 21 7581761
19 15 41851113
17 3 2296
7 16 244832
20 8 16774258
18 8 151004
21 13 1213726
8 14 43578
22 2 13316
9 15 719415
10 12 33101
8 20 3276505
11 1 645907
9 17 92560
12 10 122471
10 22 8428
13 11 222144
2 16 590984
3 13 4984
1 13 2558539
2 10 142383
5 15 54267
3 19 199310
6 12 275908
4 20 5471481
19 20 6748467
17 4 14205
7 9 107930
18 3 22878
21 22 25018
22 5 2809
11 6 198408
14 17 544
12 1 2510251
10 17 609683
15 20 499499
13 4 53089
0 7 246061
1 6 2616
2 5 15946
5 8 61152
6 7 8947638
4 19 10103260
7 6 392302
16 22 182
19 3 124842
20 4 259990
18 20 73697966
8 2 2366
9 3 11206
11 21 84089
14 2 6257
12 22 265
3 1 47872
16 13 157474
6 16 847147
19 8 45586
17 8 51503
7 21 1838660
20 3 214881
18 15 771041
21 2 51315
9 4 21215
10 3 1050435
11 10 417690
0 21 668348
12 13 1140554
1 16 11032
15 0 25607964
13 16 42899
0 11 443751
3 6 101953
4 1 188687
5 4 649
16 4 48
17 1 149747
7 18 13793
20 10 485940
18 6 191877
22 0 192410
9 13 628672
8 22 3240
11 3 2920
14 12 62526
12 4 231
10 20 6079697
15 9 805948
13 9 157927
0 2 1171967
3 15 2029
1 3 29023
4 8 99174
2 8 2498
5 13 2058527
3 21 88695
6 2 830117
4 22 16948
19 22 165859
20 17 546924
18 1 503005
21 20 3901707
12 3 15861
13 2 340189
1 4 64691
2 3 9749
6 5 856868
7 0 1570607
5 16 2850
16 8 652
19 5 17901
17 21 26057
22 18 3990
20 6 1166672
21 7 277133
8 4 60881
9 1 5260859
0 16 43206
14 0 44397
12 16 14109
15 5 30271
13 21 804870
16 15 36040
6 22 357104
19 10 50301
17 14 2752
22 21 4668
20 13 2693599
18 13 6763639
21 0 1587521
22 15 199848
9 10 120488
10 1 37689
11 12 48324
14 11 4126
12 15 9482
1 22 28528
15 2 411436
13 14 2395563
2 21 51674
0 13 6636097
3 8 14703
1 8 86351
2 15 48
5 2 58545
16 6 51895
6 9 67933
17 7 24805
7 12 5566342
18 4 33216
21 9 654093
22 6 14997
10 8 68025
11 5 161236
9 21 236365
12 6 191441
10 18 26772
13 7 3503799
0 4 140953
4 10 35934
2 6 121650
5 11 97497
6 0 1834935
4 16 3128
7 5 1555366
5 21 55239
20 19 1872180
16 19 11944
21 18 20202
17 18 167
14 21 15434
15 16 7340816
13 0 13380249
11 16 14565
2 1 145783
7 2 587330
16 10 27909
19 7 875760
17 11 9000
20 0 19023290
18 16 6105
21 5 429376
8 6 19243
22 10 3960
9 7 1106749
10 4 270384
11 9 462253
0 18 49072
14 6 2244
12 18 8106
1 19 512001
15 7 901116
13 19 270964
0 8 91803
3 5 303
4 6 51568
5 7 145113
16 1 321789
6 20 11636130
19 12 878
17 12 34330
7 17 414785
20 15 2785852
21 14 1927
8 13 222883
22 13 11132
9 8 26193
10 15 4885531
8 19 5193027
11 14 4100
9 18 30060
14 9 12190
12 9 145707
1 20 2220806
13 12 3126680
2 19 4152
0 15 254645
3 10 190940
1 14 7980
4 13 39255
2 13 304802
5 0 23118110
3 16 1420
6 15 9592623
19 21 364
17 5 69769
7 14 2815
20 22 306573
18 2 61924
22 4 2269
11 7 30960
12 0 2844830
10 16 385445
15 21 3647
13 5 14587791
0 6 1348527
1 7 810782
2 4 2074
5 9 604762
4 18 77
5 19 7630
16 21 21839
21 16 35066
19 0 1264490
17 16 132
8 1 260767
15 18 3377966
11 18 25654
12 21 1116961
16 12 17571
6 19 4825264
17 9 23469
20 2 2413930
18 14 2057
21 3 2388
22 8 6347
9 5 201367
10 2 449883
0 20 6976616
1 17 255590
15 1 214325
13 17 74150
2 22 1474651
0 10 635174
3 7 16076
1 11 171118
4 0 1040590
19 14 1182
17 2 11887
7 19 576890
20 9 1342030
18 9 14743
21 12 1760654
8 15 26244323
22 3 220
9 14 3434
10 13 2554264
8 21 11099
11 0 1613431
9 16 13225
14 15 2918
12 11 1063361
15 14 617
13 10 307692
2 17 30800
0 1 4061859
3 12 84221
1 12 451529
4 15 32049122
2 11 3307
5 14 154
3 18 2515
6 13 13627448
4 21 2679
7 8 23726
20 16 3241328
18 0 3119149
12 2 75582
13 3 15648
1 5 68767
6 4 251667
7 1 2298788
5 17 26949
19 2 318863
20 5 810762
18 21 139372
8 3 10891
9 2 248231
11 20 891195
14 3 2632
13 22 91881
3 0 571291
17 15 2039690
7 20 13107852
22 20 153669
20 12 1718399
18 12 100091
21 1 914392
8 10 45382
22 14 5080
10 0 201562
8 16 2380
11 13 277686
0 22 289139
14 10 80
12 14 51666
15 3 7400
13 15 10583
2 20 1155952
0 12 1488663
3 9 92
1 9 102581
4 2 577
2 14 29292
5 3 1000
16 5 4364
6 8 446577
19 16 100
17 0 388006
7 13 7734900
18 7 399456
21 10 37919
22 1 88733
9 12 6358996
11 2 37939
9 22 21139
14 13 210444
12 5 351816
10 21 1310047
15 8 25823980
13 8 97889
0 3 2269270
3 14 3547
1 2 1480511
2 9 12241
5 12 91349
3 20 397825
6 3 427307
7 10 260722
5 22 2763
20 18 2491080
16 18 1552
21 19 168100
17 19 281286
14 20 2549220
13 1 2939996
2 0 1488420
