460
7 3 6687
16 9 104785
19 4 4803906
17 20 273982
22 19 44536
20 7 885886
18 19 670714
21 6 35810
8 5 11650
9 0 255749
10 7 204986
0 17 479816
14 1 754
12 17 90570
15 4 8389124
13 20 2862759
3 2 1600
4 5 40
16 0 21229
19 13 103661
17 13 993305
7 22 772837
20 14 13049
18 10 71967
21 15 525900
8 12 5785
22 12 6765
10 14 88
8 18 184
11 15 1372161
9 19 39497
14 8 110
12 8 103062
1 21 18032
15 13 8748
2 18 1859
0 14 1059048
3 11 2327
1 15 74903
4 12 40
2 12 371863
5 1 47893
3 17 146260
16 7 28585
6 14 18531
19 18 16359
17 6 45863
7 15 95918502
20 21 344805
18 5 106081
21 8 77404
22 7 49891
10 9 1423
11 4 3506
9 20 4409875
14 19 484
12 7 623751
10 19 285014
15 10 67073
13 6 1477978
0 5 7872429
1 0 962313
4 11 191
2 7 10623
5 10 4926
3 22 76
6 1 571
7 4 282
5 20 680789
16 20 2690904
21 17 5676
19 1 305526
18 22 28625
8 0 454545
15 19 16660223
11 19 90857
12 20 560074
16 11 176
6 18 42734
19 6 52661
17 10 74453
20 1 7643964
18 17 9944
21 4 25462
8 7 418075
9 6 142227
10 5 80946
11 8 157576
0 19 867268
14 7 7547
12 19 77489
1 18 43746
15 6 39339
13 18 314512
0 9 45215
4 7 205735
5 6 34357
16 2 649
6 21 821288
19 15 56545882
17 3 1704
7 16 8841
20 8 11845457
18 8 77587
21 13 883765
22 2 567016
9 15 1278045
8 20 3774577
11 1 586411
9 17 35140
12 10 51202
10 22 18841
13 11 84569
2 16 9359
3 13 14039
1 13 326949
2 10 29868
5 15 53830
3 19 116
6 12 18329
4 20 3011303
19 20 7101162
17 4 4157
7 9 6296
18 3 2280
21 22 83816
22 5 4486
11 6 210363
12 1 311317
10 17 98177
15 20 100001
13 4 10887
0 7 3053096
1 6 40
2 5 7500
5 8 20510
6 7 5740647
4 19 6101611
7 6 120254
16 22 52
19 3 3832
20 4 6185
18 20 69868653
8 2 173
9 3 1291
11 21 97182
14 2 52
12 22 160999
3 1 22707
16 13 127754
6 16 338263
19 8 84306
17 8 173320
7 21 352704
20 3 786
18 15 1287916
21 2 20222
9 4 7073
10 3 52165
11 10 101831
0 21 37490
12 13 489681
1 16 3365
15 0 14015129
13 16 15553
0 11 400216
3 6 57868
1 10 212
4 1 12376
5 4 80
6 11 538151
17 1 1302508
7 18 8389
20 10 4245726
18 6 154167
21 11 404
22 0 11101
9 13 666524
8 22 125462
11 3 1680
14 12 252
12 4 375
10 20 3093309
15 9 721975
13 9 26992
0 2 776157
1 3 4569
4 8 14497
2 8 6111
5 13 1223588
3 21 145768
6 2 1873029
4 22 291
19 22 9931
20 17 2567317
18 1 293542
21 20 47191733
12 3 6665
13 2 90523
1 4 2930
2 3 38
6 5 364909
7 0 46084357
5 16 48
16 8 3911
19 5 37127
17 21 14010
22 18 1552
20 6 1020051
21 7 758613
8 4 6815
9 1 5973028
0 16 37860
14 0 21628
12 16 18417
15 5 35052
13 21 277724
16 15 133105
6 22 1049682
19 10 45264
17 14 40
22 21 2793
20 13 3420102
18 13 7337013
21 0 142956
8 11 144
22 15 47107
9 10 41890
10 1 75798
11 12 38629
12 15 431381
1 22 39287
15 2 305020
13 14 976550
2 21 9908
0 13 2720067
3 8 40
1 8 172477
4 3 48
2 15 70824
5 2 156
16 6 16379
6 9 12910
17 7 3528
7 12 85935
18 4 13821
21 9 526622
22 6 44313
10 8 56651
11 5 67856
9 21 948436
12 6 100172
10 18 18943
13 7 1220375
0 4 24930
4 10 6277
2 6 42994
5 11 34415
6 0 2585396
7 5 1688994
5 21 25643
20 19 748449
16 19 15194
21 18 20223
17 18 1532
14 21 2965
15 16 3240091
13 0 7570099
11 16 6877
2 1 242338
7 2 7916
16 10 2120
19 7 685366
17 11 40500
22 16 1500
20 0 9905549
18 16 6252
21 5 159925
8 6 19302
22 10 11856
9 7 1321315
10 4 6290
11 9 124
0 18 12249
14 6 2933
12 18 383497
1 19 262533
15 7 1323580
13 19 244023
0 8 117659
3 5 609094
4 6 32375
5 7 188526
16 1 36994
6 20 5669480
19 12 12785
17 12 41028
7 17 11414
20 15 4660182
18 11 15329
21 14 3205
8 13 18419
22 13 328116
9 8 28048
10 15 1971026
8 19 4145867
11 14 156
9 18 46501
14 9 10968
12 9 33247
1 20 1055889
15 12 4975
13 12 887994
2 19 63324
0 15 1096205
3 10 2059
1 14 1706
4 13 5256
2 13 5248
5 0 14471851
3 16 2980
6 15 11786582
19 21 19908
17 5 235
7 14 132
20 22 120506
18 2 101300
22 4 168
11 7 16756
12 0 1124339
10 16 419075
15 21 18668
13 5 4380644
0 6 864118
1 7 67785
2 4 2801
5 9 198640
4 18 648
5 19 36962
16 21 12100
21 16 14941
19 0 2169872
8 1 2164778
15 18 2077164
11 18 28524
12 21 245342
16 12 9499
6 19 2366300
17 9 436
20 2 34581
18 14 1570
21 3 967
22 8 19589
9 5 96805
10 2 240624
0 20 5569699
1 17 200283
15 1 2259159
13 17 85879
2 22 11532
0 10 138417
3 7 13911
1 11 476784
4 0 810851
16 3 329
19 14 96
17 2 40
7 19 995977
20 9 310924
18 9 83251
21 12 347692
8 15 31371944
9 14 1393
10 13 2019784
8 21 40443
11 0 1172343
9 16 13503
14 15 794
12 11 818914
15 14 62
13 10 408855
0 1 1757015
3 12 137624
1 12 128238
4 15 24179386
2 11 327697
3 18 1486
6 13 18450376
4 21 47
7 8 20876
20 16 1119075
18 0 1762355
14 22 1420
12 2 41021
13 3 104
1 5 7236
6 4 140161
7 1 187062
5 17 8840
19 2 2808
20 5 65394
18 21 63685
9 2 635227
11 20 640013
13 22 29409
3 0 669593
17 15 1460988
7 20 30947043
22 20 783276
20 12 2663565
18 12 41188
21 1 619137
8 10 5227
22 14 40
9 11 3040
10 0 379895
8 16 329
11 13 837935
0 22 44923
14 10 1649
12 14 10814
15 3 792
13 15 38506
2 20 99925
0 12 506684
1 9 8316
4 2 48
5 3 9225
16 5 202
6 8 440562
19 16 40
17 0 83715
7 13 1290607
20 11 612
18 7 577302
21 10 31494
22 1 30392
9 12 56371
10 11 4400
11 2 19353
9 22 5120
14 13 85595
12 5 33573
10 21 931879
15 8 20486594
13 8 40638
0 3 328593
1 2 1418311
5 12 3384
3 20 186048
6 3 39853
7 10 13664
5 22 1948
20 18 1525976
16 18 112
21 19 64658
17 19 48708
14 20 1603371
13 1 2481539
2 0 2512599
