463
7 3 6333
16 9 75166
19 4 6802781
17 20 208707
22 19 921985
20 7 2294493
18 19 532723
21 6 197533
8 5 389
9 0 155104
10 7 458706
0 17 600033
14 1 1447
12 17 30976
15 4 7745479
13 20 2877315
4 5 48
16 0 64933
19 13 38175
17 13 112243
7 22 657396
20 14 101290
18 10 45001
21 15 262570
8 12 491
22 12 560
10 14 40
8 18 8784
11 15 8899
9 19 61520
12 8 40635
1 21 46758
15 13 349305
2 18 102
0 14 1885005
3 11 2437
1 15 71095
2 12 418156
5 1 31610
3 17 158
16 7 147169
6 14 2064
19 18 1636
17 6 67173
7 15 98865382
20 21 290068
18 5 11325
21 8 24586
22 7 37109
10 9 13632
11 4 236674
9 20 4734399
14 19 15945
12 7 277828
10 19 84780
15 10 4928
13 6 755279
0 5 6639223
1 0 4375994
2 7 10611
5 10 1674
3 22 1538
6 1 649
7 4 3608
5 20 340245
16 20 2317367
21 17 6140
19 1 321752
18 22 805
8 0 1798340
15 19 20618790
11 19 253190
12 20 622734
16 11 52
6 18 37924
19 6 102539
17 10 20066
20 1 1092667
18 17 11870
21 4 21509
8 7 2950443
9 6 168239
10 5 77914
11 8 93946
0 19 126492
14 7 115105
12 19 8193
1 18 12227
15 6 45286
13 18 75442
0 9 62599
3 4 3064
4 7 69811
5 6 58412
16 2 5440
6 21 574296
19 15 50373729
17 3 76
7 16 26437
20 8 12525228
18 8 75185
21 13 394708
8 14 2883
9 15 1975825
10 12 29954
8 20 2410070
11 1 538662
9 17 1883
12 10 30463
10 22 4763
13 11 59126
2 16 563
3 13 40930
1 13 956129
2 10 8232
5 15 193953
3 19 107884
6 12 16849
4 20 1792194
19 20 4770264
17 4 1772
7 9 7197
18 3 654
21 22 729
22 5 684
11 6 123760
14 17 56
12 1 1744697
10 17 809500
15 20 402343
13 4 16078
0 7 5050665
1 6 3717
2 5 2156
5 8 342
6 7 1768425
4 19 5883278
7 6 260231
5 18 182
16 22 126
19 3 2398
20 4 13129
18 20 58442341
8 2 304
9 3 2000
11 21 33310
14 2 59
12 22 38376
3 1 70523
16 13 111007
6 16 295148
19 8 176971
17 8 62473
7 21 41791099
20 3 2430
18 15 1101865
21 2 11801
9 4 7725
10 3 381145
11 10 40275
0 21 152713
12 13 1736964
1 16 21223
15 0 12154922
13 16 22091
0 11 1202041
3 6 285055
1 10 220
4 1 24875
5 4 84
6 11 28892
17 1 768273
7 18 9518
20 10 58787
18 6 130202
21 11 4825
22 0 8868
9 13 406869
8 22 2011
11 3 1365
14 12 210
12 4 2120
10 20 2080191
15 9 803390
13 9 34801
0 2 327574
3 15 60
1 3 1413
4 8 23562
2 8 1653
5 13 1237339
3 21 4552
6 2 1750594
4 22 1340
19 22 18834
7 11 46882
20 17 509385
18 1 1203849
16 17 93
21 20 2805077
12 3 6811
13 2 54451
1 4 14975
2 3 38
6 5 272400
7 0 41637812
5 16 60
16 8 2207
19 5 19503
17 21 768
22 18 204
20 6 1023264
21 7 1376408
8 4 14275
9 1 7248109
0 16 40420
14 0 25075
12 16 8888
15 5 538
13 21 1245283
16 15 418804
6 22 23920
19 10 46534
17 14 249
20 13 1785811
18 13 6296223
21 0 103563
8 11 887
22 15 56514
9 10 21948
10 1 189376
11 12 122186
14 11 352
12 15 488922
1 22 17649
15 2 388084
13 14 1291300
2 21 4910
0 13 2220100
3 8 1240
1 8 86351
4 3 160
2 15 80516
5 2 33040
16 6 165200
6 9 14839
17 7 6536
7 12 1014519
18 4 1073
21 9 369765
22 6 3493
10 8 42516
11 5 11327
9 21 110740
12 6 256241
10 18 5654
13 7 242009
0 4 68130
4 10 2460
2 6 84319
5 11 1681
6 0 2223705
7 5 1345992
5 21 17210
20 19 670979
16 19 14663
21 18 19658
17 18 40
14 21 5278
15 16 3540369
13 0 7651963
11 16 20763
2 1 884036
7 2 13656
16 10 19703
19 7 2825693
17 11 4612
20 0 8978213
18 16 10277
21 5 109632
8 6 73135
22 10 165
9 7 1138279
10 4 21541
11 9 1392
0 18 10240
14 6 1940
12 18 178633
1 19 198579
15 7 778598
13 19 105815
0 8 140573
4 6 38181
5 7 1224578
16 1 145506
6 20 5266832
19 12 87007
17 12 10249
7 17 4329
20 15 3983232
18 11 5680
21 14 4665
8 13 50671
22 13 15254
9 8 21221
10 15 3527016
8 19 4630474
11 14 190
9 18 88795
14 9 2128
12 9 82112
1 20 1627161
15 12 3945
13 12 3135517
2 19 4423
0 15 534511
3 10 15324
1 14 5437
4 13 49315
2 13 34113
5 0 10120242
3 16 3353
6 15 11947476
19 21 5798
17 5 127
7 14 3969
20 22 50619
18 2 27419
22 4 517
11 7 13647
12 0 712071
10 16 41438
13 5 4549317
0 6 690857
1 7 43109
2 4 3464
5 9 131280
4 18 232
5 19 22362
16 21 6783
21 16 10963
19 0 3172145
17 16 40
8 1 146713
15 18 2389079
11 18 5205
12 21 76609
16 12 8067
6 19 2136733
17 9 73
20 2 258164
18 14 13516
21 3 432
22 8 15471
9 5 257212
10 2 47235
0 20 5330499
1 17 19174
15 1 132889
13 17 642764
2 22 38
0 10 261937
3 7 13889
1 11 178365
4 0 969833
16 3 170
19 14 56
17 2 4260
7 19 529930
20 9 609880
18 9 70398
21 12 881663
8 15 28007950
9 14 257
10 13 1121675
8 21 996
11 0 1229403
9 16 15274
14 15 18153
12 11 139032
15 14 230
13 10 295189
2 17 80
0 1 2506996
3 12 10110
1 12 113956
4 15 20398982
2 11 13643
3 18 3394
6 13 8076436
7 8 61423
20 16 1489165
18 0 4040892
12 2 21591
13 3 1023
1 5 11985
6 4 36590
7 1 126165
5 17 140
19 2 92
20 5 41010
18 21 44525
8 3 80
9 2 151879
11 20 685642
13 22 2908
3 0 139826
19 11 728
17 15 698926
7 20 289638
22 20 30113
20 12 2069721
18 12 41270
21 1 454573
8 10 8366
9 11 1523
10 0 498913
8 16 4677
11 13 761255
0 22 769608
14 10 146
12 14 112
15 3 248
13 15 21497
2 20 151895
0 12 170122
1 9 5221
4 2 52
2 14 303
5 3 172
16 5 126
6 8 276349
19 16 1632
17 0 291900
7 13 252093
20 11 7268
18 7 4367747
21 10 29466
22 1 63432
9 12 4393351
10 11 1432
11 2 4802
9 22 315
14 13 96904
12 5 4369
10 21 1338006
15 8 23429351
13 8 232859
0 3 271715
1 2 230318
2 9 728
5 12 17253
3 20 91967
6 3 56805
7 10 164364
5 22 6992
20 18 1215383
16 18 1540
21 19 176034
17 19 133407
14 20 1960068
13 1 6180756
2 0 2927300
