457
7 3 5560
16 9 109046
19 4 3717618
17 20 33435
22 19 18988
20 7 453452
18 19 476538
21 6 31060
8 5 94182
9 0 756899
10 7 475366
0 17 269628
14 1 2083
12 17 132428
15 4 4271067
13 20 1186217
3 2 38
4 5 92
16 0 59320
19 13 13386
17 13 84035
7 22 24376
20 14 1036
18 10 141642
21 15 332903
8 12 1191
22 12 4598
8 18 40
11 15 114936
9 19 471412
14 8 1378
12 8 59386
1 21 154481
15 13 10183
2 18 56
0 14 1101047
3 11 1309
1 15 19546
4 12 203
2 12 417887
5 1 45906
16 7 41285
6 14 16905
19 18 3193
17 6 32543
7 15 1458912
20 21 380640
18 5 8357
21 8 56064
22 7 33823
10 9 170061
11 4 1135
9 20 2172010
14 19 8225
12 7 300462
10 19 391313
15 10 38360
13 6 753912
0 5 5009973
1 0 950126
2 7 11002
5 10 1052
6 1 452
7 4 1671
5 20 432984
16 20 2374717
21 17 4926
19 1 536219
18 22 5720
8 0 816815
15 19 17999748
11 19 514364
12 20 606237
6 18 24545
19 6 81380
17 10 113565
20 1 2410612
18 17 14814
21 4 179450
8 7 503631
9 6 40900
10 5 15333
11 8 66821
0 19 1495185
14 7 17788
12 19 23097
1 18 6292
15 6 3436
13 18 66179
0 9 43386
4 7 106038
5 6 55339
16 2 9164
6 21 235749
19 15 49035435
17 3 128
7 16 19896
20 8 10267304
18 8 423726
21 13 674799
22 2 1835
9 15 1309731
10 12 1236375
8 20 2184325
11 1 478996
9 17 9524
12 10 34239
10 22 4900
13 11 42925
2 16 2429
3 13 202
1 13 762720
4 14 2680
2 10 3638
5 15 25954
3 19 1340
6 12 13848
4 20 1666452
19 20 4642049
17 4 40
7 9 6407
18 3 503
21 22 2879
22 5 204
11 6 49994
14 17 1411
12 1 5173846
10 17 705098
15 20 114899
13 4 1568
0 7 1909248
1 6 2900
2 5 56
5 8 10238
6 7 6411269
4 19 4482224
7 6 20362
5 18 84
16 22 3532
19 3 3988
20 4 6710
18 20 50026343
8 2 4480
9 3 839
11 21 24568
14 2 220
12 22 32706
3 1 101433
16 13 390004
6 16 287724
19 8 603400
17 8 351451
7 21 54775552
20 3 1872
18 15 809964
21 2 58872
9 4 426
10 3 15888
11 10 27447
0 21 244003
12 13 420386
1 16 11988
15 0 11409687
13 16 31256
0 11 1342814
3 6 12808
4 1 130864
5 4 2480
16 4 1260
6 11 39245
17 1 976653
7 18 5201
20 10 91239
18 6 46805
21 11 3304
22 0 25621
9 13 324407
8 22 3354
11 3 176
14 12 1642
12 4 3239
10 20 4679182
15 9 218399
13 9 6854
0 2 531341
1 3 2557
4 8 93052
2 8 52
5 13 1308052
3 21 7718
6 2 1646398
4 22 3096
19 22 2935
7 11 227
20 17 62851
18 1 264081
16 17 232
21 20 2557466
12 3 586
13 2 35623
1 4 2307
2 3 104
6 5 212763
7 0 3536611
5 16 104
19 5 2032
17 21 716
22 18 3060
20 6 614360
21 7 597941
8 4 9902
9 1 5385433
0 16 23826
14 0 8651
12 16 18894
15 5 2264
13 21 140688
16 15 184053
6 22 16951
19 10 97999
17 14 114
22 21 2379
20 13 206544
18 13 4351664
21 0 98014
8 11 708
22 15 22814
9 10 32733
10 1 144554
11 12 26915
14 11 52
12 15 65157
1 22 7470
15 2 276315
13 14 1292120
2 21 8515
0 13 2229943
1 8 91874
2 15 13912
5 2 40
16 6 6932
6 9 976
17 7 23969
7 12 2522202
18 4 6443
21 9 89871
22 6 5007
10 8 5271
11 5 12722
9 21 132032
14 18 77
12 6 138934
10 18 7772
13 7 683238
0 4 4634
4 10 3329
2 6 16178
5 11 27384
6 0 2373210
4 16 80
7 5 1477410
5 21 19753
20 19 413749
16 19 33746
21 18 140908
17 18 60
14 21 41
15 16 4685701
13 0 9162315
11 16 1678
2 1 68362
7 2 9039
16 10 10015
19 7 399871
17 11 8344
22 16 52
20 0 7263757
18 16 12070
21 5 69614
8 6 14660
22 10 3216
9 7 295943
10 4 19006
11 9 1340
0 18 7374
14 6 80
12 18 18538
1 19 906198
15 7 1037274
13 19 16662
0 8 99526
3 5 3010
4 6 556
5 7 88083
16 1 30137
6 20 24841601
19 12 2202
17 12 14851
7 17 9641
20 15 6437098
18 11 1688
21 14 246
8 13 14380
22 13 39210
9 8 58553
10 15 3960001
8 19 3998551
11 14 540
9 18 24338
14 9 9247
12 9 463
1 20 496227
15 12 5291
13 12 397062
2 19 23896
0 15 1004269
3 10 298
1 14 231
4 13 967
2 13 57701
5 0 12289996
6 15 12702138
19 21 326
7 14 389
20 22 22201
18 2 38526
22 4 80
11 7 37911
12 0 478686
10 16 120823
15 21 9140
13 5 2754492
0 6 730224
1 7 453254
5 9 237366
5 19 55809
16 21 21433
21 16 10632
19 0 1328007
17 16 5700
8 1 190911
15 18 1738416
11 18 7375
12 21 290017
16 12 19905
6 19 1888866
19 9 70
20 2 1381416
18 14 56
21 3 1564
22 8 7557
9 5 19442
10 2 622956
0 20 3688635
14 4 80
1 17 735197
15 1 202871
13 17 10797
0 10 211729
3 7 19758
1 11 387647
4 0 776081
16 3 116
19 14 1458
17 2 69
7 19 1048859
20 9 318824
18 9 87140
21 12 196038
8 15 25683377
22 3 38
10 13 1464425
8 21 1245
11 0 1271923
9 16 23284
14 15 2781
12 11 64914
15 14 40
13 10 283769
2 17 650
0 1 2365624
3 12 13800
1 12 84005
4 15 18573849
2 11 507
3 18 5633
6 13 9874720
4 21 5080
7 8 25855
20 16 1756216
18 0 2670895
14 22 1836
12 2 91074
1 5 2739
6 4 63521
7 1 160831
5 17 773
19 2 218691
20 5 589946
18 21 82842
9 2 173757
11 20 274530
13 22 9632
3 0 58321
19 11 1777
17 15 403804
7 20 203236
22 20 142878
20 12 895622
18 12 44888
21 1 272065
8 10 12805
22 14 9004
9 11 225214
10 0 621674
11 13 60709
0 22 8938
14 10 3870
12 14 10981
15 3 5317
13 15 6019
2 20 1284902
0 12 947425
1 9 435
4 2 53
2 14 4004
5 3 84
16 5 176
6 8 139396
17 0 76823
7 13 121014
20 11 1600
18 7 286374
21 10 63219
22 1 3323
9 12 4721310
10 11 372734
11 2 530
9 22 246
14 13 79717
12 5 10683
10 21 1006008
15 8 17925030
13 8 29560
0 3 105441
1 2 255163
5 12 9309
3 20 15550
6 3 38454
7 10 19372
5 22 52
20 18 1274652
21 19 117878
17 19 662436
14 20 1837919
13 1 1831662
2 0 2949039
