441
7 3 10007
16 9 68515
19 4 7327046
17 20 247724
22 19 262039
20 7 805592
18 19 4493665
21 6 81635
8 5 29902
9 0 5139752
10 7 50714
0 17 260098
14 1 982
12 17 6352
15 4 6837899
13 20 1083886
3 2 66
16 0 126890
19 13 92587
17 13 25277
7 22 12631
18 10 71583
21 15 777479
8 18 820
11 15 274705
9 19 254874
14 8 152
12 8 42416
1 21 36511
15 13 48984
2 18 3222
3 11 16065
1 15 91640
2 12 49437
5 1 31099
3 17 56
16 7 244325
19 18 6757
17 6 22728
7 15 2635799
20 21 514784
18 5 12568
21 8 15024
22 7 5912
10 9 4382
11 4 7310
9 20 5836560
14 19 72528
12 7 164842
10 19 121144
15 10 6701
13 6 220675
0 5 4696016
1 0 3438853
4 11 22485
2 7 1829767
5 10 5896
6 1 2051
7 4 11236
5 20 282208
16 20 3002690
21 17 10511
19 1 170672
18 22 6454
8 0 1907779
15 19 20337969
11 19 236314
12 20 439490
6 18 9800
19 6 129136
17 10 5044
20 1 3500374
18 17 1631
21 4 53063
8 7 3650154
9 6 75038
10 5 226634
11 8 335096
0 19 2244119
14 7 86910
12 19 37870
1 18 30118
15 6 153682
13 18 288733
0 9 40900
3 4 3000
4 7 734004
5 6 7388
16 2 1321
6 21 2507583
19 15 46408633
17 3 1276
7 16 2259
20 8 17645506
18 8 242095
21 13 982789
22 2 2428
9 15 750362
8 20 3554362
11 1 315097
9 17 888
12 10 36402
10 22 16246
13 11 113626
2 16 1026
3 13 31348
1 13 564793
2 10 10002
5 15 27495
3 19 5156
6 12 2850
4 20 1396286
19 20 5344718
17 4 293
7 9 2256
18 3 555
21 22 1170
22 5 267
11 6 150506
12 1 214178
10 17 568532
15 20 362787
13 4 247187
0 7 3006770
1 6 208
2 5 3152
5 8 10350
6 7 1222843
4 19 6732504
7 6 55100
5 18 3064
16 22 2960
19 3 336
20 4 9604
18 20 53821267
8 2 4368
9 3 780
11 21 154213
14 2 1385
12 22 402
3 1 70050
16 13 23982
6 16 236303
19 8 67764
17 8 112287
7 21 1202948
20 3 57498
18 15 1211052
21 2 13287
8 9 77822
9 4 152
10 3 15456
11 10 46192
0 21 229884
14 5 130
12 13 834405
1 16 6447
15 0 10770491
13 16 94601
0 11 257053
3 6 3567
1 10 84
4 1 156983
5 4 76
6 11 196164
17 1 246409
7 18 14621
20 10 363019
18 6 90984
21 11 62343
22 0 5516
9 13 428173
8 22 783
11 3 1297
12 4 39968
10 20 1345771
15 9 554516
13 9 6600
0 2 742683
1 3 97540
4 8 22535
2 8 10704
5 13 338774
3 21 14766
6 2 461370
19 22 325129
7 11 57748
20 17 428381
18 1 252783
16 17 1945
21 20 3495465
12 3 785
13 2 460404
1 4 139166
2 3 442
6 5 311896
7 0 3804344
5 16 172
16 8 651
19 5 1655
17 21 7798
22 18 4340
20 6 954918
21 7 1680078
8 4 32929
9 1 131305
0 16 101906
14 0 35776
12 16 4598
15 5 722
13 21 131196
16 15 283811
6 22 419255
19 10 51222
22 21 1460
20 13 1577157
18 13 429278
21 0 401930
8 11 99727
22 15 106874
9 10 21274
10 1 1578
11 12 18013
14 11 120
12 15 30949
1 22 369192
15 2 446643
13 14 192
2 21 15457
0 13 604924
3 8 576
1 8 1958839
4 3 40
2 15 251041
5 2 53
16 6 10066
6 9 3276
17 7 3340
7 12 41266
18 4 8613
21 9 290425
22 6 5486
10 8 89985
11 5 25908
9 21 164504
14 18 46
12 6 165503
10 18 16358
13 7 1272639
0 4 13827
4 10 1055
2 6 27263
5 11 7196
6 0 2200425
7 5 1848952
5 21 40132
20 19 456847
16 19 555207
21 18 236725
17 18 1500
14 21 1671
15 16 4759439
13 0 9631602
11 16 41992
2 1 101760
7 2 455103
16 10 6661
19 7 826187
22 16 1064
20 0 7142480
18 16 40910
21 5 14735
8 6 18634
22 10 10246
9 7 3088266
10 4 4859
11 9 142
0 18 4897
14 6 171
12 18 106898
1 19 64602
15 7 1412877
13 19 37826
0 8 306947
3 5 1661
4 6 3756
5 7 1299962
16 1 56018
6 20 5527418
17 12 38681
7 17 4495
20 15 3096920
18 11 15852
8 13 230241
22 13 8928
9 8 8934
10 15 3978462
8 19 7835703
9 18 114714
14 9 118
12 9 11095
1 20 1619163
13 12 584267
2 19 700
0 15 1111632
3 10 5014
4 13 32060
2 13 26719
5 0 10476810
3 16 4472
6 15 9932041
19 21 5734
17 5 6403
20 22 13214
18 2 2838
11 7 9588
12 0 637696
10 16 67732
15 21 1485
13 5 2785223
0 6 472842
1 7 4518299
2 4 52
5 9 75963
4 18 1420
5 19 1106806
16 21 22875
21 16 12820
19 0 2068028
17 16 19717
8 1 187312
15 18 1620707
11 18 66816
12 21 86292
16 12 2776
6 19 3164156
19 9 154533
17 9 149
20 2 56425
21 3 1258
22 8 15778
9 5 443717
10 2 99670
0 20 3354852
1 17 562691
15 1 82579
13 17 26404
2 22 52
0 10 176435
3 7 14540
1 11 403985
4 0 1185935
17 2 12681
7 19 43119
20 9 581070
18 9 94695
21 12 42050
8 15 36277800
10 13 2133294
8 21 8466
11 0 411099
9 16 20894
14 15 1775
12 11 17905
13 10 332688
2 17 1564
0 1 3067759
3 12 15169
1 12 32406
4 15 28208187
2 11 6974
3 18 7566
6 13 18059762
4 21 153
7 8 25056
20 16 1877274
18 0 3233547
12 2 103723
13 3 972
1 5 42484
6 4 159624
7 1 1140666
5 17 107762
19 2 9369
20 5 15008
18 21 44777
9 2 134739
11 20 280485
13 22 6758
3 0 197710
19 11 13000
17 15 876670
7 20 526583
22 20 92672
20 12 174338
21 1 143795
8 10 5223
9 11 687
10 0 1090663
8 16 6000
11 13 51479
0 22 14506
15 3 7126
13 15 20295
2 20 234639
0 12 947145
1 9 4032
4 2 232
5 3 162
6 8 513442
19 16 1612
17 0 13549
7 13 1348814
20 11 3148
18 7 4552479
21 10 17163
22 1 60142
9 12 51038
10 11 17879
11 2 105019
9 22 12546
14 13 38817
12 5 1873
10 21 134784
15 8 28924547
13 8 158805
0 3 485909
1 2 597390
4 9 8695
5 12 3323
3 20 70965
6 3 127462
7 10 14183
5 22 198
20 18 1274602
16 18 81
21 19 330029
17 19 5267
14 20 2489793
13 1 2978782
2 0 2824967
