442
7 3 304382
16 9 103869
19 4 7630203
17 20 83080
22 19 170628
20 7 212295
18 19 5395574
21 6 38280
8 5 34776
9 0 2420419
10 7 105900
0 17 614937
14 1 899
12 17 3457
15 4 7060741
13 20 4291989
3 2 1551
4 5 224
16 0 149661
19 13 18667
17 13 37826
7 22 53364
18 10 62710
21 15 703249
8 18 2350
11 15 164568
9 19 248044
14 8 80
12 8 382
1 21 35071
15 13 48448
2 18 56
3 11 28090
1 15 36062
2 12 61149
5 1 12796
3 17 1420
16 7 630674
19 18 7381
17 6 77001
7 15 1823924
20 21 118725
18 5 4264
21 8 19480
22 7 5785
10 9 39691
11 4 12365
9 20 5979306
14 19 102721
12 7 60327
10 19 159394
15 10 3098
13 6 173123
0 5 6764196
1 0 2466100
4 11 29875
2 7 2285725
5 10 4312
3 22 3049
6 1 4200
7 4 12266
5 20 290361
16 20 3553419
21 17 1660
19 1 191009
18 22 1718
8 0 2297752
15 19 20786654
11 19 96439
12 20 453827
16 11 1560
6 18 19968
19 6 443952
17 10 5221
20 1 3799726
18 17 89839
21 4 14557
8 7 3811988
9 6 51751
10 5 880937
11 8 986412
0 19 2732929
14 7 113324
12 19 7217
1 18 9723
15 6 72399
13 18 205602
0 9 28803
3 4 1500
4 7 253163
5 6 3233
16 2 13760
6 21 2355870
19 15 47965849
17 3 4358
7 16 8048
20 8 17417251
18 8 1056439
21 13 104817
22 2 518833
9 15 556043
8 20 3433316
11 1 459419
9 17 1807
12 10 22016
10 22 74289
13 11 428639
2 16 1442
3 13 41597
1 13 2255649
2 10 11986
5 15 15898
3 19 9099
6 12 1026
4 20 2198731
19 20 4854732
17 4 52
7 9 3664
18 3 1913
21 22 25518
22 5 56
11 6 230910
12 1 1196593
10 17 54757
15 20 154110
13 4 104483
0 7 3014662
1 6 126
2 5 517
5 8 3481
6 7 10190022
4 19 6257004
7 6 41557
19 3 388
20 4 220664
18 20 54430348
8 2 11509
9 3 3188
11 21 21547
14 2 1553
12 22 1500
3 1 29349
16 13 17380
6 16 302900
19 8 892431
17 8 54649
7 21 153506
20 3 10983
18 15 1314241
21 2 11532
8 9 73074
9 4 407
10 3 50197
11 10 22973
0 21 150067
14 5 101
12 13 160075
1 16 16377
15 0 10568962
13 16 20095
0 11 409244
3 6 48041
1 10 1478
4 1 122850
5 4 478
6 11 138316
17 1 338350
7 18 16959
20 10 411406
18 6 36165
21 11 13355
22 0 24192
9 13 439792
8 22 3882
11 3 1364
14 12 144
12 4 244
10 20 3235709
15 9 499778
13 9 8616
0 2 482792
3 15 40
1 3 3765
4 8 36176
2 8 80
5 13 316662
3 21 15608
6 2 536793
19 22 26940
7 11 3378
20 17 456295
18 1 328217
16 17 1472
21 20 3307662
12 3 1875
13 2 259057
1 4 32641
2 3 164
6 5 55936
7 0 3603758
5 16 100
16 8 104
19 5 413
17 21 5964
22 18 1552
20 6 422454
21 7 1168219
8 4 33242
9 1 718987
0 16 274730
14 0 46429
12 16 2564
15 5 40
13 21 176253
16 15 308020
6 22 506967
19 10 17133
20 13 1745129
18 13 790332
21 0 91470
8 11 14960
22 15 76107
9 10 31715
10 1 89048
11 12 11898
14 11 219
12 15 26296
1 22 1760603
15 2 337736
13 14 208
2 21 16251
0 13 1076525
1 8 190394
2 15 242989
5 2 553
16 6 8794
6 9 500
17 7 1497
7 12 323019
18 4 17102
21 9 160764
22 6 34372
10 8 88337
11 5 69473
9 21 414664
12 6 158348
10 18 28822
13 7 2943629
0 4 27728
4 10 2296
2 6 33906
5 11 3354
6 0 2777265
7 5 1347211
5 21 23177
20 19 318379
16 19 266826
21 18 22797
14 21 1588
15 16 5538890
13 0 8617889
11 16 10911
2 1 104159
7 2 543979
16 10 13689
19 7 618632
17 11 3000
22 16 1552
20 0 7340267
18 16 50092
21 5 59132
8 6 85625
22 10 8208
9 7 1624527
10 4 3447
11 9 835
0 18 12151
14 6 78
12 18 48493
1 19 270135
15 7 811865
13 19 42050
0 8 486179
3 5 1766
4 6 4326
5 7 1500719
16 1 314791
6 20 6868998
17 12 204
7 17 4196
20 15 3764618
18 11 31149
8 13 43423
22 13 725
9 8 6652
10 15 2821714
8 19 6675995
9 18 42624
14 9 40
12 9 55666
1 20 27885075
13 12 359586
2 19 14565
0 15 202484
3 10 11203
4 13 11886
2 13 7701
5 0 10767741
3 16 52
6 15 12028725
19 21 7301
17 5 809
20 22 78881
18 2 8096
11 7 83755
12 0 565438
10 16 88211
13 5 2842618
0 6 807843
1 7 3915689
2 4 52
5 9 126117
5 19 968133
16 21 14591
21 16 12350
19 0 2295628
8 1 147639
15 18 1636170
11 18 47003
12 21 74232
16 12 13627
6 19 2754316
19 9 120840
20 2 46592
21 3 932
22 8 177496
9 5 9533
10 2 115538
0 20 3778436
1 17 205167
15 1 210229
13 17 197513
2 22 13500
0 10 643180
3 7 26255
1 11 323811
4 0 884211
16 3 112
17 2 13199
7 19 76254
20 9 630003
18 9 18425
21 12 36370
8 15 36500167
22 3 80
10 13 1724478
8 21 7434
11 0 546468
9 16 18407
14 15 784
12 11 11953
13 10 144152
2 17 400
0 1 3030216
3 12 6148
1 12 74048
4 15 30994610
2 11 723
3 18 2840
6 13 21345204
4 21 263
7 8 36093
20 16 1614429
18 0 2811200
14 22 38
12 2 11435
13 3 2044
1 5 40823
6 4 109153
7 1 1660224
5 17 16199
19 2 9303
20 5 14104
18 21 26203
9 2 105264
11 20 183393
13 22 18773
3 0 77476
19 11 5373
17 15 491417
7 20 118249
22 20 84582
20 12 1064741
21 1 151172
8 10 7120
9 11 476
10 0 1045059
8 16 4549
11 13 81352
0 22 764323
14 10 237
15 3 288
13 15 16486
2 20 86161
0 12 878655
1 9 4383
4 2 285
5 3 258
16 5 564
6 8 478013
19 16 6863
17 0 96477
7 13 1894319
20 11 956
18 7 4374107
21 10 29171
22 1 52373
9 12 52900
10 11 26393
11 2 4767
9 22 5558
14 13 12886
12 5 1924
10 21 532822
15 8 28873473
13 8 138028
0 3 313814
1 2 588971
4 9 19966
2 9 66
5 12 3072
3 20 210466
6 3 525074
7 10 9390
5 22 38
20 18 1365389
16 18 2997
21 19 226093
17 19 130891
14 20 2233096
13 1 2195179
2 0 4173939
