380
0 1 19805322.941
0 2 191611930.233
0 3 98586514.379
0 4 92147208.161
0 5 236740281.279
0 6 144809276.666
0 7 267661773.620
0 8 47777236.056
0 9 60634373.626
0 10 190549721.200
0 11 190060085.497
0 12 1008027700.836
0 13 32637797.481
0 14 285614473.741
0 15 860985529.796
0 16 276519773.772
0 17 100420574.565
0 18 111742205.138
0 19 95691645.280
1 0 70340091.005
1 2 34402363.367
1 3 32458850.559
1 4 19800698.737
1 5 11920462.412
1 6 16387769.429
1 7 32787383.614
1 8 41981022.346
1 9 5719783.929
1 10 6838091.273
1 11 39349091.109
1 12 263437025.565
1 13 8104277.067
1 14 42645178.893
1 15 15978078.103
1 16 57729250.098
1 17 28724080.829
1 18 32410083.914
1 19 45951727.918
2 0 140078901.002
2 1 14800020.951
2 3 19519308.154
2 4 21268979.486
2 5 85285761.821
2 6 9049471.609
2 7 23837238.174
2 8 123441762.629
2 9 6162648.157
2 10 57756418.921
2 11 80575512.266
2 12 357812965.211
2 13 40124069.057
2 14 76899197.924
2 15 332151829.532
2 16 195791190.002
2 17 83411658.255
2 18 76939152.833
2 19 59950948.485
3 0 244321424.616
3 1 27549753.414
3 2 118050420.959
3 4 41626084.207
3 5 110922003.653
3 6 61921099.734
3 7 83541555.593
3 8 99042650.831
3 9 21228035.745
3 10 112643587.996
3 11 24312880.288
3 12 502851926.554
3 13 36417846.162
3 14 12918157.129
3 15 326715338.893
3 16 32097865.277
3 17 17967042.761
3 18 15638857.140
3 19 230216454.308
4 0 114631605.472
4 1 19228671.895
4 2 29131984.584
4 3 55320866.316
4 5 39865757.823
4 6 27225702.905
4 7 18082766.557
4 8 30745835.707
4 9 5930229.739
4 10 24426888.635
4 11 25988682.822
4 12 189001732.924
4 13 13295883.639
4 14 25238877.064
4 15 82591086.944
4 16 66077850.787
4 17 35387321.042
4 18 11063604.092
4 19 84155853.118
5 0 30154574.080
5 1 36845349.092
5 2 54640051.701
5 3 49039558.108
5 4 7636021.908
5 6 62550639.566
5 7 35520639.243
5 8 88816263.583
5 9 19585491.671
5 10 31455606.625
5 11 30248269.337
5 12 69367803.233
5 13 20453495.421
5 14 13876803.066
5 15 333719110.883
5 16 123178380.993
5 17 66741646.266
5 18 8211653.331
5 19 75126443.054
6 0 118712245.035
6 1 11384342.975
6 2 14188364.034
6 3 52430729.904
6 4 30674189.560
6 5 49508980.371
6 7 50398767.959
6 8 103374693.561
6 9 14374673.735
6 10 46837322.649
6 11 51534207.238
6 12 196207217.306
6 13 39535413.113
6 14 12414353.321
6 15 310631520.271
6 16 36397963.149
6 17 16428497.412
6 18 74957050.135
6 19 142881998.917
7 0 235164191.214
7 1 20216820.146
7 2 80139354.609
7 3 88564758.611
7 4 34699610.236
7 5 36121019.126
7 6 37005379.443
7 8 102326694.187
7 9 32959829.146
7 10 54045511.882
7 11 68195111.393
7 12 543814756.277
7 13 9628259.792
7 14 45960027.689
7 15 230358753.127
7 16 126457880.896
7 17 81820787.536
7 18 25871504.973
7 19 138707110.644
8 0 260182106.474
8 1 36974324.158
8 2 46905040.636
8 3 54968754.320
8 4 38651570.120
8 5 112554897.380
8 6 32263702.568
8 7 56965308.220
8 9 48561054.527
8 10 16678891.916
8 11 108655690.953
8 12 128648145.762
8 13 14904695.872
8 14 89987016.723
8 15 131982424.318
8 16 210638283.658
8 17 95187204.673
8 18 71250621.697
8 19 292118368.006
9 0 50409189.790
9 1 11633893.736
9 2 21786883.001
9 3 57504487.957
9 4 9131552.725
9 5 7506635.054
9 6 39652619.133
9 7 6811664.814
9 8 15843906.514
9 10 3725735.384
9 11 36820049.763
9 12 93004582.270
9 13 7107500.120
9 14 25854461.039
9 15 141681053.541
9 16 74597073.248
9 17 30466982.165
9 18 27900720.084
9 19 98556048.631
10 0 62979150.166
10 1 22398877.642
10 2 63660460.210
10 3 93257456.625
10 4 38372137.345
10 5 62341358.840
10 6 16735337.324
10 7 51083661.358
10 8 73163346.428
10 9 20817113.060
10 11 45254860.701
10 12 333411041.446
10 13 17325702.762
10 14 36431073.998
10 15 355041523.246
10 16 100771367.213
10 17 69590925.674
10 18 60533690.968
10 19 131261027.579
11 0 82626369.406
11 1 40942693.005
11 2 19563984.460
11 3 28055387.463
11 4 12297347.306
11 5 55236022.499
11 6 13359029.824
11 7 59076809.322
11 8 85482045.840
11 9 7481814.999
11 10 75780698.499
11 12 55856406.698
11 13 24779327.074
11 14 40236912.840
11 15 107847331.448
11 16 142220730.564
11 17 21253052.247
11 18 13774615.286
11 19 212724543.698
12 0 1088239530.426
12 1 297609999.217
12 2 254846875.361
12 3 393479201.626
12 4 96725206.117
12 5 567818245.990
12 6 520164980.747
12 7 491198673.378
12 8 79797795.688
12 9 158848962.288
12 10 74280598.173
12 11 597801723.341
12 13 88612124.836
12 14 503590728.303
12 15 2460147822.622
12 16 1111913795.315
12 17 341804004.396
12 18 87998476.771
12 19 867317916.600
13 0 111143151.864
13 1 8263725.614
13 2 24265293.382
13 3 52216585.199
13 4 18811264.535
13 5 22230307.929
13 6 42797787.617
13 7 20331529.980
13 8 18647509.799
13 9 15103488.947
13 10 11757836.297
13 11 25344840.464
13 12 288438578.905
13 14 4494617.694
13 15 41903277.157
13 16 76226285.731
13 17 15295693.349
13 18 37731553.048
13 19 25240282.978
14 0 257706492.697
14 1 39056072.673
14 2 15580587.330
14 3 89938766.930
14 4 19954210.848
14 5 73229940.274
14 6 11646727.432
14 7 18262259.680
14 8 31817922.749
14 9 8891836.391
14 10 35334297.233
14 11 12135388.475
14 12 130434441.478
14 13 24741058.452
14 15 177195810.887
14 16 92593753.085
14 17 30074198.021
14 18 68102269.666
14 19 62849840.134
15 0 1092305909.545
15 1 137053629.684
15 2 334923556.075
15 3 538409664.833
15 4 121071413.815
15 5 272675453.059
15 6 90797093.008
15 7 315699528.882
15 8 136860963.380
15 9 27625886.111
15 10 273968006.454
15 11 200036536.179
15 12 281951085.993
15 13 140638254.682
15 14 47393584.921
15 16 600003137.844
15 17 353789396.400
15 18 101935189.554
15 19 748338439.322
16 0 704697432.635
16 1 36830676.827
16 2 29695319.449
16 3 97393329.301
16 4 68007424.262
16 5 141388727.649
16 6 155265126.061
16 7 170654713.009
16 8 265890056.519
16 9 96163463.700
16 10 200321518.667
16 11 163536993.517
16 12 196492552.495
16 13 36607424.127
16 14 176920996.976
16 15 762234903.158
16 17 172350049.555
16 18 37561927.574
16 19 262710999.570
17 0 232473721.166
17 1 17178091.054
17 2 25165523.247
17 3 51582114.964
17 4 39836350.485
17 5 20610060.537
17 6 56744749.195
17 7 36680262.232
17 8 20468889.823
17 9 26685181.268
17 10 37190487.017
17 11 64292541.213
17 12 480619097.946
17 13 5630406.959
17 14 75040901.055
17 15 61091607.568
17 16 149175061.904
17 18 38050118.195
17 19 204234132.040
18 0 48746270.924
18 1 22402242.116
18 2 76742061.973
18 3 31056187.078
18 4 20535448.592
18 5 76929208.922
18 6 64294615.561
18 7 23306750.266
18 8 16111863.219
18 9 25997343.565
18 10 70658551.342
18 11 14963334.856
18 12 484936366.860
18 13 11223497.606
18 14 8199852.297
18 15 243330818.667
18 16 71078976.715
18 17 36018791.966
18 19 151492668.312
19 0 241914678.438
19 1 52785311.113
19 2 160921250.683
19 3 248081653.149
19 4 55102178.090
19 5 187905544.961
19 6 91141059.738
19 7 145573399.365
19 8 282967028.975
19 9 51178533.887
19 10 208781936.784
19 11 186198896.283
19 12 137505980.055
19 13 73891848.555
19 14 105257838.560
19 15 454000774.662
19 16 374309732.537
19 17 73203441.694
19 18 131316348.713
