380
0 1 29511522.295
0 2 288497541.794
0 3 109361598.597
0 4 25059723.632
0 5 194028476.709
0 6 285417904.503
0 7 42105499.013
0 8 365760934.241
0 9 137612870.148
0 10 117048689.413
0 11 262173317.315
0 12 1168631305.820
0 13 87818596.340
0 14 101701951.473
0 15 239647332.940
0 16 307555489.803
0 17 266171965.290
0 18 239729873.974
0 19 81354008.376
1 0 46068996.510
1 2 10508269.303
1 3 42960235.063
1 4 9179853.503
1 5 6582883.531
1 6 28465788.042
1 7 41108736.439
1 8 30542977.935
1 9 6197273.966
1 10 21834288.459
1 11 3945107.627
1 12 46919507.811
1 13 9707662.298
1 14 33752481.972
1 15 50592220.469
1 16 25424404.159
1 17 30598613.672
1 18 22454478.578
1 19 20571604.981
2 0 228162360.070
2 1 11429480.851
2 3 47133827.957
2 4 6884186.933
2 5 74194007.038
2 6 20970183.004
2 7 69135729.140
2 8 127999773.505
2 9 20773532.812
2 10 63682963.522
2 11 15281632.077
2 12 56348604.802
2 13 33718644.449
2 14 77248936.297
2 15 358300509.367
2 16 145040849.115
2 17 58594217.034
2 18 45851422.003
2 19 43912978.407
3 0 157711148.363
3 1 19493612.582
3 2 103110667.204
3 4 46653157.262
3 5 25607011.795
3 6 126702485.920
3 7 126416039.076
3 8 52350780.463
3 9 28951708.969
3 10 92237787.497
3 11 29149808.930
3 12 664937160.853
3 13 61387541.830
3 14 56558151.934
3 15 369826740.308
3 16 212677656.127
3 17 22997957.294
3 18 109397598.805
3 19 36875064.083
4 0 85838990.105
4 1 21504363.350
4 2 29797785.002
4 3 16874433.265
4 5 33063090.410
4 6 14714298.531
4 7 9109895.142
4 8 32833863.666
4 9 15527726.771
4 10 40080162.936
4 11 36244842.983
4 12 138496010.681
4 13 10373036.875
4 14 20394922.755
4 15 54169132.986
4 16 101366339.001
4 17 17128083.040
4 18 28032622.254
4 19 79018574.980
5 0 264090636.206
5 1 10508020.453
5 2 66265930.318
5 3 72067038.993
5 4 12311459.938
5 6 43274429.080
5 7 70375395.238
5 8 32492592.304
5 9 7059838.716
5 10 36386592.349
5 11 22779298.456
5 12 223838753.883
5 13 24645328.550
5 14 30330631.126
5 15 287307722.462
5 16 122929422.757
5 17 45384587.575
5 18 85238646.811
5 19 212043604.236
6 0 110349586.850
6 1 15843458.177
6 2 18311307.849
6 3 80118454.884
6 4 11498105.199
6 5 41932606.759
6 7 79451354.077
6 8 78104189.849
6 9 29352887.359
6 10 66815494.752
6 11 83844864.473
6 12 455020074.720
6 13 38910367.814
6 14 22994711.871
6 15 66704147.156
6 16 24467067.191
6 17 45190397.345
6 18 24023864.436
6 19 31781449.232
7 0 240067620.057
7 1 15150790.858
7 2 28841566.947
7 3 68588788.900
7 4 33745278.457
7 5 67153740.168
7 6 71758357.395
7 8 60186300.038
7 9 25743696.358
7 10 8042025.943
7 11 69077882.578
7 12 87218374.696
7 13 22461241.653
7 14 11376134.215
7 15 323043203.202
7 16 152535618.995
7 17 25688394.024
7 18 39689352.305
7 19 202716363.321
8 0 331498889.451
8 1 32155971.520
8 2 89436823.329
8 3 37942497.658
8 4 11117732.087
8 5 35887939.289
8 6 69815811.026
8 7 73194652.541
8 9 39481853.840
8 10 111964160.099
8 11 44217758.766
8 12 487274996.897
8 13 58897264.052
8 14 18186395.684
8 15 554944474.097
8 16 260017760.943
8 17 73951319.074
8 18 65712132.987
8 19 295501986.214
9 0 34633266.862
9 1 20234053.692
9 2 9932406.464
9 3 57721142.818
9 4 5631740.435
9 5 8024053.918
9 6 42857267.231
9 7 18328985.526
9 8 23956135.760
9 10 39212935.723
9 11 37372504.641
9 12 262958226.144
9 13 17122500.810
9 14 26656142.078
9 15 109635430.368
9 16 69164057.476
9 17 29604302.715
9 18 8378007.421
9 19 19449861.920
10 0 252234412.519
10 1 25278650.083
10 2 65944913.346
10 3 73392086.477
10 4 13603300.436
10 5 11611526.891
10 6 13096907.622
10 7 70769108.285
10 8 48348529.891
10 9 42728151.412
10 11 71425380.312
10 12 146937717.082
10 13 27751627.905
10 14 77042495.356
10 15 347180634.430
10 16 23486513.247
10 17 28302224.728
10 18 21410315.476
10 19 124675900.544
11 0 215824254.750
11 1 12215905.218
11 2 62807700.020
11 3 83733158.408
11 4 4176399.632
11 5 7394752.144
11 6 7379785.207
11 7 72914823.527
11 8 27886990.400
11 9 34012676.756
11 10 50576232.819
11 12 323712821.331
11 13 27312649.329
11 14 10421610.168
11 15 161990752.164
11 16 86305508.553
11 17 13083971.193
11 18 37669263.283
11 19 27067212.514
12 0 654376822.194
12 1 33951877.096
12 2 484616294.888
12 3 445364529.570
12 4 258707373.356
12 5 400462293.100
12 6 97040348.029
12 7 336411943.524
12 8 828135928.576
12 9 62340533.383
12 10 266740578.692
12 11 556604288.389
12 13 188913040.743
12 14 150308180.036
12 15 1933168400.054
12 16 1168781733.583
12 17 269382744.326
12 18 139491389.889
12 19 1083821291.646
13 0 48736815.818
13 1 3539895.056
13 2 23043413.313
13 3 31679617.580
13 4 19748672.211
13 5 34451174.586
13 6 37846380.319
13 7 14831364.907
13 8 48000768.947
13 9 3742965.118
13 10 6111529.715
13 11 16367999.837
13 12 93974528.955
13 14 14865444.880
13 15 82038309.172
13 16 75160822.859
13 17 17715322.760
13 18 19245300.033
13 19 100442533.479
14 0 188950623.234
14 1 32031651.861
14 2 78743289.486
14 3 97389026.808
14 4 6358540.630
14 5 17225753.260
14 6 61740233.641
14 7 53421470.441
14 8 125770162.456
14 9 27068823.594
14 10 79335847.170
14 11 57702976.619
14 12 244225340.577
14 13 12977548.270
14 15 347463890.717
14 16 135418052.168
14 17 80865725.839
14 18 38241526.418
14 19 152906390.159
15 0 211476191.783
15 1 80147989.798
15 2 254192457.384
15 3 68675166.738
15 4 149162396.129
15 5 336874650.767
15 6 202617467.218
15 7 347930622.119
15 8 477318071.304
15 9 115189182.546
15 10 347355099.739
15 11 347112073.209
15 12 258336163.737
15 13 61592091.980
15 14 202706118.251
15 16 374084724.023
15 17 132299284.043
15 18 137237490.132
15 19 708034443.813
16 0 532369485.619
16 1 68926215.595
16 2 93922327.525
16 3 150491023.531
16 4 85756471.830
16 5 164631652.881
16 6 103526001.094
16 7 58296158.929
16 8 41839461.703
16 9 94615666.044
16 10 132292266.890
16 11 150247662.172
16 12 718485077.784
16 13 52677842.106
16 14 128529480.102
16 15 725012748.869
16 17 108814941.712
16 18 97293200.960
16 19 238857857.981
17 0 224870361.013
17 1 22523035.158
17 2 66478011.157
17 3 35041600.266
17 4 3749593.303
17 5 76945701.774
17 6 65377365.421
17 7 13187299.043
17 8 64682190.405
17 9 27525456.790
17 10 26076643.611
17 11 14465306.923
17 12 557661641.860
17 13 27570591.978
17 14 52568749.555
17 15 360427603.121
17 16 53092681.140
17 18 69844121.346
17 19 67714118.866
18 0 186052142.182
18 1 20773924.597
18 2 12860612.861
18 3 86777869.161
18 4 34960541.910
18 5 85259633.678
18 6 78561865.250
18 7 9222779.596
18 8 95568453.194
18 9 42068957.305
18 10 40291366.114
18 11 26307948.203
18 12 52338071.364
18 13 19577076.885
18 14 73824928.015
18 15 87856141.594
18 16 58971086.046
18 17 66573642.319
18 19 67009095.015
19 0 65186520.210
19 1 59865230.935
19 2 118046908.204
19 3 209128371.488
19 4 107162969.008
19 5 210417739.027
19 6 203767762.759
19 7 97935099.352
19 8 235963542.331
19 9 52133356.571
19 10 147877517.126
19 11 63961793.657
19 12 1118910237.376
19 13 53011172.334
19 14 172753554.103
19 15 609073283.681
19 16 237389036.779
19 17 61008450.364
19 18 50847067.324
