380
0 1 102717934.084
0 2 79108428.254
0 3 337360363.172
0 4 48288169.960
0 5 63135665.841
0 6 114507431.756
0 7 276844309.634
0 8 173518284.084
0 9 114271236.562
0 10 192497617.170
0 11 54953427.320
0 12 1545983786.254
0 13 130903166.201
0 14 177223021.271
0 15 603160311.468
0 16 464232103.750
0 17 138333907.413
0 18 126806205.525
0 19 310252084.849
1 0 104569314.893
1 2 22966564.086
1 3 35592449.328
1 4 15979041.617
1 5 15913315.707
1 6 32625861.098
1 7 8053055.371
1 8 58256899.983
1 9 18235193.041
1 10 5970793.239
1 11 33714227.833
1 12 274669542.449
1 13 8955645.487
1 14 6321920.413
1 15 98950783.436
1 16 45482903.049
1 17 15567931.824
1 18 17764873.272
1 19 63104736.509
2 0 300831597.086
2 1 10820211.916
2 3 68969583.831
2 4 10255715.132
2 5 41324836.598
2 6 41049403.975
2 7 25011960.924
2 8 93029357.326
2 9 12637942.684
2 10 43311347.660
2 11 62729959.625
2 12 280335180.872
2 13 8076946.095
2 14 47579739.513
2 15 107751387.844
2 16 69217926.430
2 17 18842910.099
2 18 56796037.228
2 19 103207845.711
3 0 404579392.854
3 1 59122842.524
3 2 35907786.824
3 4 30052267.139
3 5 105613841.673
3 6 119444123.639
3 7 68148709.869
3 8 157611416.288
3 9 56025262.745
3 10 20942349.067
3 11 61619035.232
3 12 571185181.284
3 13 37571592.592
3 14 18597015.061
3 15 351980792.764
3 16 130805931.271
3 17 52103706.207
3 18 100852352.282
3 19 247412372.784
4 0 69773134.889
4 1 11596884.684
4 2 17744682.763
4 3 16086871.356
4 5 32977231.777
4 6 31261478.973
4 7 7379153.482
4 8 26520904.562
4 9 14893811.100
4 10 16625337.129
4 11 35182009.521
4 12 162071524.293
4 13 15642732.946
4 14 7575639.166
4 15 64834006.902
4 16 103111271.377
4 17 29621789.504
4 18 5367981.211
4 19 84284693.245
5 0 242321599.485
5 1 13286776.285
5 2 8680330.726
5 3 71517774.448
5 4 21019689.529
5 6 14570786.633
5 7 62431719.842
5 8 35681572.666
5 9 37306682.049
5 10 79157957.513
5 11 8866520.880
5 12 431795522.163
5 13 38023142.224
5 14 68366157.194
5 15 189249794.429
5 16 43734491.410
5 17 55388900.374
5 18 79008154.883
5 19 31039763.671
6 0 279495041.271
6 1 22578860.684
6 2 66726182.995
6 3 62345263.466
6 4 24250785.427
6 5 69209650.915
6 7 17018898.401
6 8 27517096.160
6 9 27436325.620
6 10 72913751.951
6 11 16752620.371
6 12 199632247.661
6 13 17481556.569
6 14 29022012.121
6 15 211858125.421
6 16 84967949.144
6 17 60580999.028
6 18 56467684.879
6 19 184852259.657
7 0 131055879.081
7 1 12778974.408
7 2 33306303.898
7 3 85283911.619
7 4 33105171.980
7 5 85656715.298
7 6 77760510.934
7 8 105362655.132
7 9 5690633.096
7 10 44217577.432
7 11 22500510.815
7 12 490577125.158
7 13 23364676.059
7 14 14775113.046
7 15 381494900.560
7 16 132521170.378
7 17 60271378.866
7 18 34555938.132
7 19 214711528.909
8 0 174694254.707
8 1 31658377.099
8 2 70734539.284
8 3 160549685.735
8 4 12830709.403
8 5 44979643.659
8 6 73357534.584
8 7 12504892.563
8 9 28960658.910
8 10 85475076.051
8 11 32427135.515
8 12 890789495.581
8 13 21747605.047
8 14 101628526.691
8 15 96677095.856
8 16 29711657.838
8 17 40197796.866
8 18 52114312.076
8 19 260916187.230
9 0 14393439.976
9 1 20125124.073
9 2 35121485.068
9 3 63006365.341
9 4 16565641.121
9 5 19244286.519
9 6 20311334.126
9 7 10323665.124
9 8 44996059.344
9 10 20955954.060
9 11 6895605.660
9 12 124324683.630
9 13 5624149.989
9 14 40629449.758
9 15 44979373.596
9 16 88253301.405
9 17 15471888.678
9 18 10657773.580
9 19 62371709.450
10 0 278311770.811
10 1 16159952.318
10 2 61564073.264
10 3 59701359.389
10 4 15926643.948
10 5 27971405.538
10 6 19113277.682
10 7 47490500.207
10 8 65628364.192
10 9 28230659.646
10 11 59963205.014
10 12 185662313.615
10 13 16687344.061
10 14 72820533.273
10 15 35681015.694
10 16 197101854.437
10 17 13650596.662
10 18 64142063.135
10 19 64021325.764
11 0 238817886.218
11 1 28161195.584
11 2 9661780.553
11 3 93277019.508
11 4 35933928.779
11 5 54287395.496
11 6 60561304.792
11 7 33408799.657
11 8 101620896.939
11 9 17772591.032
11 10 61169216.210
11 12 363280378.148
11 13 30428809.472
11 14 74241650.689
11 15 342740729.557
11 16 79186919.807
11 17 23049778.497
11 18 33164242.116
11 19 40024630.791
12 0 825654459.630
12 1 41429161.514
12 2 115569852.453
12 3 109423599.440
12 4 277381457.095
12 5 368276699.081
12 6 268569474.715
12 7 293446270.196
12 8 229583719.249
12 9 63294798.878
12 10 447253148.180
12 11 107455523.528
12 13 189402555.815
12 14 127062491.894
12 15 658726528.628
12 16 657215533.901
12 17 468704154.317
12 18 210103763.577
12 19 315869110.882
13 0 43739799.397
13 1 7626720.930
13 2 14750842.634
13 3 32515140.568
13 4 7916933.299
13 5 18841279.910
13 6 10320431.633
13 7 23172290.022
13 8 14572467.484
13 9 10757399.258
13 10 31315625.640
13 11 40394061.036
13 12 206111704.092
13 14 26080569.506
13 15 64569776.872
13 16 102228858.600
13 17 7369139.457
13 18 43050242.856
13 19 65296578.980
14 0 121499421.333
14 1 15019856.499
14 2 42986435.852
14 3 54112388.033
14 4 24234388.598
14 5 31608691.600
14 6 32665583.770
14 7 30121586.010
14 8 69019339.913
14 9 5578740.726
14 10 28327570.248
14 11 73172274.612
14 12 78993017.243
14 13 13686020.617
14 15 63751968.406
14 16 66767258.536
14 17 22353846.121
14 18 26136964.330
14 19 44994921.332
15 0 256862578.022
15 1 19120505.705
15 2 122942682.486
15 3 445047369.436
15 4 134163014.052
15 5 49351720.618
15 6 60270664.477
15 7 370465995.465
15 8 174589732.787
15 9 69055576.096
15 10 319601450.060
15 11 37820676.521
15 12 285746355.901
15 13 39540945.505
15 14 349597273.950
15 16 222541331.308
15 17 369451454.037
15 18 170547630.109
15 19 733557640.167
16 0 568766846.715
16 1 55078731.041
16 2 95198620.065
16 3 64840094.655
16 4 40479086.082
16 5 26524143.840
16 6 208059168.402
16 7 36599730.647
16 8 116986856.519
16 9 71943660.787
16 10 147282184.547
16 11 90411858.237
16 12 975115274.000
16 13 44647963.714
16 14 200262193.491
16 15 746477487.629
16 17 193047464.447
16 18 209227739.395
16 19 200169973.572
17 0 211260217.313
17 1 39130790.963
17 2 68082993.781
17 3 41210770.241
17 4 21894225.203
17 5 39669758.541
17 6 64494070.708
17 7 83425825.065
17 8 29152869.912
17 9 37241718.976
17 10 43134140.028
17 11 69865755.423
17 12 201399144.837
17 13 26696464.545
17 14 65472555.250
17 15 175061775.432
17 16 181725137.088
17 18 35975674.015
17 19 63580789.082
18 0 90233593.129
18 1 13264688.276
18 2 59808871.796
18 3 35950071.605
18 4 8314517.871
18 5 44159874.576
18 6 69225194.494
18 7 30204868.266
18 8 31111739.664
18 9 26258459.679
18 10 60679284.080
18 11 17098202.110
18 12 356789146.138
18 13 8277656.994
18 14 53295087.696
18 15 311727773.649
18 16 202830274.379
18 17 66864664.705
18 19 142774003.354
19 0 181428774.141
19 1 14403840.475
19 2 31236271.697
19 3 71352281.194
19 4 60765886.770
19 5 171437510.616
19 6 58689436.563
19 7 56900336.573
19 8 284725684.768
19 9 104090832.629
19 10 195267101.879
19 11 120372641.519
19 12 1017998047.519
19 13 101197584.268
19 14 31301390.628
19 15 799257003.362
19 16 533694972.129
19 17 189421134.115
19 18 135383658.899
