380
0 1 41824562.716
0 2 175015964.245
0 3 369008684.587
0 4 16410851.200
0 5 201967261.723
0 6 45639865.480
0 7 177672723.966
0 8 280526326.085
0 9 45279162.412
0 10 300909855.802
0 11 210925408.878
0 12 1454964313.516
0 13 24695694.711
0 14 287504889.980
0 15 124531059.370
0 16 380767292.980
0 17 116650262.928
0 18 49273616.361
0 19 414050542.449
1 0 137462238.725
1 2 8644451.603
1 3 60997155.972
1 4 16933091.581
1 5 6440038.006
1 6 38670637.740
1 7 23601167.363
1 8 52833048.970
1 9 13605910.632
1 10 28304875.085
1 11 9641466.219
1 12 229817608.199
1 13 18334338.852
1 14 24991055.707
1 15 112294932.280
1 16 10980484.178
1 17 7739222.195
1 18 33195012.232
1 19 27197084.104
2 0 207355342.283
2 1 20913257.811
2 3 59340124.147
2 4 38005083.135
2 5 9833268.681
2 6 64190156.929
2 7 19531956.885
2 8 116260889.017
2 9 26673514.984
2 10 35582848.725
2 11 48561253.591
2 12 441688667.802
2 13 9048721.833
2 14 60747218.414
2 15 199690856.988
2 16 96550012.884
2 17 47638849.226
2 18 64790967.118
2 19 104072452.344
3 0 392938702.127
3 1 30776961.587
3 2 91129031.415
3 4 7450868.047
3 5 125418870.329
3 6 93291352.161
3 7 50127270.247
3 8 172797421.051
3 9 39815394.115
3 10 27336712.990
3 11 101239745.477
3 12 98460326.536
3 13 19907465.033
3 14 68226210.670
3 15 543765048.576
3 16 208185922.935
3 17 102713619.150
3 18 125628341.568
3 19 126640379.040
4 0 93565642.392
4 1 17504507.845
4 2 37447839.649
4 3 44963484.687
4 5 31720836.292
4 6 23004882.359
4 7 27825220.696
4 8 27756654.782
4 9 8979645.729
4 10 36607102.214
4 11 4338149.821
4 12 243997002.568
4 13 11478630.412
4 14 16269422.735
4 15 136792022.556
4 16 87219203.316
4 17 30117874.450
4 18 13804177.729
4 19 20071841.153
5 0 214815126.270
5 1 36577301.855
5 2 85070641.546
5 3 101364259.101
5 4 31013341.890
5 6 31839316.261
5 7 58910877.298
5 8 50759372.805
5 9 30979797.317
5 10 64251937.272
5 11 56341942.694
5 12 452845771.275
5 13 32949802.501
5 14 22843816.969
5 15 234009943.679
5 16 35590678.419
5 17 42360587.784
5 18 55808080.817
5 19 126030638.718
6 0 33933094.869
6 1 41568745.089
6 2 69602733.273
6 3 45251014.863
6 4 9189569.785
6 5 47923839.156
6 7 24242083.606
6 8 85560576.499
6 9 42400313.202
6 10 81289222.619
6 11 47724950.458
6 12 206614697.046
6 13 14444270.366
6 14 85016126.319
6 15 385020653.712
6 16 151279301.870
6 17 39941812.104
6 18 48996324.272
6 19 188486593.104
7 0 280492040.954
7 1 19464610.164
7 2 33588009.369
7 3 54691061.166
7 4 30475355.367
7 5 80316088.155
7 6 47346969.806
7 8 128289980.062
7 9 27154407.981
7 10 15401710.650
7 11 68566330.566
7 12 313510204.748
7 13 42523926.922
7 14 74937260.579
7 15 178546017.815
7 16 92652225.667
7 17 83799841.173
7 18 29087049.275
7 19 191640796.658
8 0 274499940.730
8 1 15339438.103
8 2 77327859.061
8 3 107424209.250
8 4 60903464.281
8 5 129149174.122
8 6 22726590.587
8 7 103438126.471
8 9 9342162.100
8 10 118543256.485
8 11 79974845.448
8 12 246997005.677
8 13 6162370.791
8 14 116152919.959
8 15 532587909.543
8 16 230707348.734
8 17 57521207.995
8 18 45097961.611
8 19 244919904.843
9 0 115334249.388
9 1 14574275.140
9 2 18834688.426
9 3 43203872.748
9 4 4978126.337
9 5 41039136.700
9 6 12772896.451
9 7 35110484.654
9 8 59445055.945
9 10 34252636.915
9 11 29478182.675
9 12 41729968.700
9 13 2470608.304
9 14 26401009.114
9 15 51970591.360
9 16 36939575.175
9 17 32525070.233
9 18 14567327.336
9 19 19408685.880
10 0 73428268.605
10 1 38497981.027
10 2 69096016.851
10 3 75767205.199
10 4 21368928.604
10 5 17235784.977
10 6 12334054.220
10 7 80025921.554
10 8 121250198.921
10 9 34813537.815
10 11 14691688.924
10 12 499264158.626
10 13 19221242.844
10 14 8459326.835
10 15 217970838.410
10 16 200740843.203
10 17 65846372.285
10 18 41891332.593
10 19 137674200.267
11 0 151196952.503
11 1 33751385.659
11 2 30605276.063
11 3 116121323.870
11 4 4249828.692
11 5 62903760.520
11 6 17023957.969
11 7 9779800.797
11 8 66293069.370
11 9 18102724.800
11 10 48890382.637
11 12 237243726.057
11 13 10728952.918
11 14 82362047.156
11 15 258296849.901
11 16 193262069.520
11 17 77298208.274
11 18 70513537.526
11 19 133270827.193
12 0 1778360978.004
12 1 146105483.403
12 2 449846087.281
12 3 350497780.139
12 4 222924387.389
12 5 190133847.548
12 6 192908709.371
12 7 66664747.463
12 8 200579912.550
12 9 39728827.903
12 10 162911424.145
12 11 258846849.348
12 13 194657918.099
12 14 314765849.646
12 15 994389392.932
12 16 840223929.046
12 17 444311832.937
12 18 211314034.432
12 19 1289116176.633
13 0 29355570.353
13 1 19721681.290
13 2 10465472.755
13 3 29472497.888
13 4 15354781.770
13 5 33562337.104
13 6 3705662.178
13 7 42216200.143
13 8 42651214.078
13 9 19449726.010
13 10 22216931.235
13 11 27644413.669
13 12 173455362.979
13 14 17129344.963
13 15 185801952.438
13 16 63158881.784
13 17 34122025.562
13 18 6020961.731
13 19 21159678.917
14 0 134709359.467
14 1 31674658.565
14 2 8651873.366
14 3 68610604.154
14 4 21439287.262
14 5 78152388.976
14 6 23089511.289
14 7 79481580.611
14 8 89799294.453
14 9 24029165.502
14 10 45871899.438
14 11 44507398.551
14 12 580206252.532
14 13 12859599.054
14 15 78035418.769
14 16 176611009.554
14 17 57149316.809
14 18 22137689.034
14 19 151505680.238
15 0 504720550.674
15 1 47207790.553
15 2 115535997.621
15 3 536149628.353
15 4 66008036.980
15 5 289133588.700
15 6 227030171.419
15 7 109603637.122
15 8 259659486.819
15 9 189196807.960
15 10 214763446.807
15 11 190131902.982
15 12 1468242578.525
15 13 139845820.239
15 14 306067193.299
15 16 101107838.635
15 17 328370838.554
15 18 217154251.777
15 19 221807081.612
16 0 297678517.747
16 1 27933145.282
16 2 161724146.751
16 3 201498670.306
16 4 41344502.591
16 5 21175036.827
16 6 156458957.479
16 7 158732349.788
16 8 159195215.421
16 9 71615210.514
16 10 127984661.288
16 11 49050294.509
16 12 1385281347.634
16 13 53545552.227
16 14 184688355.869
16 15 114294381.407
16 17 208264779.889
16 18 64380187.633
16 19 165148033.403
17 0 134877552.265
17 1 42317222.686
17 2 12482217.528
17 3 94582621.522
17 4 22149915.427
17 5 80910448.409
17 6 21275144.518
17 7 57450024.968
17 8 47456951.095
17 9 42918042.125
17 10 43909440.008
17 11 83730157.957
17 12 400125151.394
17 13 10858195.730
17 14 81541352.405
17 15 285334268.787
17 16 145968048.438
17 18 81204711.718
17 19 178671917.718
18 0 47620691.346
18 1 22409864.540
18 2 56734983.949
18 3 70948914.478
18 4 25773426.518
18 5 8467439.629
18 6 25076155.866
18 7 74377204.499
18 8 69891316.933
18 9 30344308.026
18 10 50390602.620
18 11 28556786.496
18 12 256743552.520
18 13 20732827.029
18 14 18496984.453
18 15 119518347.066
18 16 144626603.459
18 17 11725956.665
18 19 104892297.285
19 0 494781112.260
19 1 49655104.044
19 2 96598435.976
19 3 280567171.551
19 4 83614690.846
19 5 199258260.236
19 6 187005455.155
19 7 121386119.399
19 8 128221269.527
19 9 32759504.819
19 10 206750995.935
19 11 124028521.808
19 12 806616978.541
19 13 31132875.180
19 14 19197306.760
19 15 600645197.951
19 16 239190498.233
19 17 198866533.957
19 18 115570296.616
