380
0 1 55734095.188
0 2 279906761.126
0 3 305651763.710
0 4 142754756.401
0 5 77825806.513
0 6 159417538.243
0 7 125797733.113
0 8 273660022.354
0 9 57986590.381
0 10 252798107.036
0 11 111529814.824
0 12 177891028.530
0 13 93761248.100
0 14 261927552.483
0 15 1043396272.480
0 16 642576940.452
0 17 120891244.182
0 18 94591891.621
0 19 555560020.814
1 0 121313256.319
1 2 41996346.594
1 3 55750310.707
1 4 15372251.612
1 5 43008214.314
1 6 27706648.040
1 7 34589483.107
1 8 13337309.725
1 9 14317399.483
1 10 11629923.565
1 11 20472745.593
1 12 232363604.452
1 13 2588048.736
1 14 6556470.711
1 15 136319623.993
1 16 70352773.672
1 17 14714705.311
1 18 32786950.103
1 19 25787184.307
2 0 107779035.882
2 1 6501313.999
2 3 49935227.771
2 4 3562505.399
2 5 12778811.047
2 6 9755336.762
2 7 11474961.063
2 8 19895248.515
2 9 9552842.569
2 10 75319765.403
2 11 79158205.225
2 12 51649199.120
2 13 14010800.276
2 14 38534719.445
2 15 274551516.881
2 16 40930291.541
2 17 51064924.940
2 18 74445378.617
2 19 173368496.694
3 0 191871425.712
3 1 55732792.447
3 2 94162286.432
3 4 32932958.796
3 5 40314893.266
3 6 40314749.113
3 7 83751657.775
3 8 160083978.867
3 9 47967642.113
3 10 27324687.736
3 11 121784516.128
3 12 880753357.102
3 13 9551438.355
3 14 48121085.228
3 15 254646783.307
3 16 247196386.331
3 17 125826688.863
3 18 87382350.574
3 19 117367662.100
4 0 149080572.477
4 1 3519140.457
4 2 40296978.638
4 3 49467111.242
4 5 33897498.570
4 6 11339697.464
4 7 33782415.481
4 8 33438312.665
4 9 20820617.920
4 10 17292768.437
4 11 4977642.028
4 12 95846905.231
4 13 1839478.680
4 14 14631391.215
4 15 57926256.027
4 16 106960753.663
4 17 26912719.564
4 18 36636261.135
4 19 42771197.592
5 0 266118237.805
5 1 38444502.257
5 2 45898812.643
5 3 12267010.509
5 4 4371609.785
5 6 19302066.889
5 7 21335721.342
5 8 48000917.591
5 9 4111689.574
5 10 52807124.462
5 11 72222846.001
5 12 490411644.859
5 13 22929276.265
5 14 20546655.104
5 15 69060096.114
5 16 41067857.652
5 17 33134721.251
5 18 24980588.724
5 19 94442899.203
6 0 124121498.359
6 1 32274810.653
6 2 40959026.067
6 3 120678338.224
6 4 7335016.426
6 5 39024570.906
6 7 75028549.065
6 8 67294292.210
6 9 14186230.372
6 10 31332580.912
6 11 77591311.422
6 12 362021424.071
6 13 10503526.386
6 14 55859450.371
6 15 282795653.098
6 16 53040575.236
6 17 51654567.640
6 18 28230112.925
6 19 190983595.740
7 0 162969297.563
7 1 19621603.604
7 2 63704978.574
7 3 34602144.464
7 4 35512047.119
7 5 65244302.017
7 6 76948055.984
7 8 125126321.022
7 9 25508593.339
7 10 59862215.539
7 11 68308678.949
7 12 269013137.082
7 13 26460823.739
7 14 70928306.493
7 15 236534409.389
7 16 194828043.558
7 17 68342100.581
7 18 64853172.083
7 19 33296449.844
8 0 225214361.439
8 1 53184635.836
8 2 12202575.671
8 3 129399636.697
8 4 50645324.964
8 5 112532334.754
8 6 70608691.196
8 7 61745958.936
8 9 39084812.889
8 10 29916608.476
8 11 21686801.915
8 12 712732703.307
8 13 57853307.639
8 14 59966875.814
8 15 338386108.559
8 16 306679953.946
8 17 101837190.968
8 18 35135617.003
8 19 281631614.579
9 0 60714586.268
9 1 7183680.540
9 2 28359594.745
9 3 6929266.672
9 4 19921570.020
9 5 22383156.246
9 6 38246675.257
9 7 21990653.925
9 8 32999767.027
9 10 38131043.001
9 11 17958877.110
9 12 143856336.063
9 13 17752780.617
9 14 38727029.836
9 15 89586393.506
9 16 87908004.014
9 17 42692543.808
9 18 4147125.772
9 19 58825990.495
10 0 207664338.959
10 1 14721413.455
10 2 63140456.232
10 3 39040558.413
10 4 13619221.230
10 5 20546328.535
10 6 39050397.230
10 7 7676256.606
10 8 105409224.545
10 9 22180368.747
10 11 12902571.973
10 12 432640282.670
10 13 22558889.156
10 14 10805539.857
10 15 297398315.935
10 16 183462559.852
10 17 34724460.129
10 18 24934275.735
10 19 46185197.458
11 0 90482866.481
11 1 22342978.823
11 2 54152864.762
11 3 49081565.024
11 4 12610741.635
11 5 69014573.259
11 6 21651147.751
11 7 51904579.868
11 8 81240404.433
11 9 37033046.528
11 10 65621179.553
11 12 301196706.679
11 13 20893213.341
11 14 73503329.652
11 15 307195916.526
11 16 130087057.391
11 17 65334311.074
11 18 60254143.177
11 19 36965635.788
12 0 608737106.027
12 1 291650515.925
12 2 545364119.729
12 3 115871602.105
12 4 247059118.698
12 5 235637792.040
12 6 81629362.155
12 7 307552065.918
12 8 87638044.572
12 9 264437362.173
12 10 215065237.340
12 11 141986627.178
12 13 91255704.290
12 14 464018838.493
12 15 1136139861.264
12 16 299448598.848
12 17 166837530.942
12 18 152009108.335
12 19 813380080.413
13 0 38546381.161
13 1 10100901.315
13 2 4489863.884
13 3 43703178.770
13 4 7571526.418
13 5 20471900.190
13 6 11719079.922
13 7 41894437.337
13 8 8530312.386
13 9 17939422.726
13 10 21700035.056
13 11 30926166.444
13 12 290872596.397
13 14 17367631.818
13 15 41210522.278
13 16 85205511.674
13 17 21885026.084
13 18 34988523.624
13 19 85955448.661
14 0 263640567.865
14 1 7266104.015
14 2 8051102.031
14 3 74455724.349
14 4 20649295.081
14 5 42721499.477
14 6 41729757.364
14 7 45313275.732
14 8 82332894.794
14 9 6728059.060
14 10 19450491.879
14 11 69843298.571
14 12 294416327.066
14 13 40114855.305
14 15 103647255.865
14 16 54009137.775
14 17 80442925.786
14 18 12854525.645
14 19 119771024.436
15 0 719788812.650
15 1 19883604.563
15 2 325617970.102
15 3 313197788.293
15 4 84324886.016
15 5 291851866.301
15 6 289800273.169
15 7 81419581.774
15 8 61238844.212
15 9 177994176.046
15 10 57292842.054
15 11 342301843.271
15 12 1241827385.981
15 13 52177228.461
15 14 112971718.101
15 16 381616997.683
15 17 266601156.539
15 18 164054208.337
15 19 502807413.090
16 0 72230680.378
16 1 59650748.975
16 2 126698048.534
16 3 162053454.369
16 4 55196606.954
16 5 124346636.067
16 6 191570848.519
16 7 21497769.289
16 8 310681508.462
16 9 23073808.566
16 10 27718743.543
16 11 160446345.159
16 12 536257249.804
16 13 103966953.266
16 14 153508601.616
16 15 727830751.163
16 17 190133724.461
16 18 129859320.729
16 19 480759100.871
17 0 257957238.205
17 1 29512136.330
17 2 17427497.282
17 3 80794631.134
17 4 30360157.657
17 5 19727069.672
17 6 71196720.797
17 7 67817676.496
17 8 47182354.707
17 9 21028222.392
17 10 35225789.598
17 11 70659298.279
17 12 323984585.539
17 13 37541749.527
17 14 38934802.553
17 15 86002286.612
17 16 72885682.138
17 18 75040738.957
17 19 30261070.772
18 0 37830739.700
18 1 13892754.169
18 2 31425215.880
18 3 88744796.640
18 4 20167238.754
18 5 16020517.682
18 6 39546535.638
18 7 49834195.885
18 8 127286811.700
18 9 4347097.778
18 10 68643832.213
18 11 78768474.025
18 12 298935397.119
18 13 18123733.592
18 14 31683988.059
18 15 247472214.876
18 16 151133321.986
18 17 54294485.907
18 19 135646605.797
19 0 660948090.379
19 1 32255971.946
19 2 77387773.262
19 3 175850213.875
19 4 85042911.789
19 5 139921836.924
19 6 140599587.820
19 7 57499438.178
19 8 271578947.279
19 9 66029997.214
19 10 120240335.638
19 11 38824457.821
19 12 1154993994.005
19 13 45555697.959
19 14 167053421.481
19 15 134483498.644
19 16 222723086.642
19 17 200913444.177
19 18 43181433.948
