380
0 1 116019569.200
0 2 301009195.022
0 3 146400189.537
0 4 116611045.534
0 5 244444112.836
0 6 239232516.964
0 7 75800517.238
0 8 281079963.038
0 9 135698818.016
0 10 132295885.839
0 11 140052407.500
0 12 1956968233.313
0 13 132558797.832
0 14 295745944.622
0 15 1161918742.869
0 16 654312609.364
0 17 230704978.651
0 18 251325336.263
0 19 357662193.990
1 0 37216498.367
1 2 31441452.029
1 3 63359426.999
1 4 4909209.288
1 5 29001659.080
1 6 20357887.588
1 7 36730844.938
1 8 7348000.196
1 9 10140274.998
1 10 40697530.297
1 11 6392540.804
1 12 69147366.541
1 13 18046597.728
1 14 40931864.668
1 15 77841846.437
1 16 93003611.776
1 17 26800412.498
1 18 24005274.460
1 19 34792801.139
2 0 245210420.820
2 1 32006002.473
2 3 104067905.473
2 4 22639022.473
2 5 80275934.068
2 6 71979363.992
2 7 27930823.187
2 8 128778160.292
2 9 7747659.462
2 10 47480073.227
2 11 83954769.689
2 12 196539194.599
2 13 11261252.274
2 14 40109960.223
2 15 178018863.788
2 16 88640117.689
2 17 11726057.607
2 18 13387464.512
2 19 59969216.825
3 0 138728699.977
3 1 29548407.623
3 2 24610860.755
3 4 17890904.436
3 5 75375331.095
3 6 39252009.890
3 7 20920486.842
3 8 188694157.848
3 9 24759020.724
3 10 81451143.250
3 11 86916029.637
3 12 259718549.738
3 13 26651614.225
3 14 77384731.802
3 15 368909915.560
3 16 246379794.370
3 17 45531843.522
3 18 54388304.750
3 19 157718317.986
4 0 56091821.872
4 1 7300402.572
4 2 42884356.562
4 3 21392092.761
4 5 25964700.835
4 6 18455788.401
4 7 19014158.781
4 8 48612586.590
4 9 20638402.297
4 10 24653978.317
4 11 32307902.955
4 12 137776143.574
4 13 8179302.037
4 14 35467115.323
4 15 158132987.143
4 16 28568716.085
4 17 3531476.726
4 18 21527756.054
4 19 19885203.624
5 0 268142610.915
5 1 40888696.160
5 2 12399375.267
5 3 106903095.649
5 4 28808700.063
5 6 46583163.179
5 7 69837306.389
5 8 31469680.052
5 9 21884194.855
5 10 57781662.173
5 11 81121347.679
5 12 96674350.432
5 13 39977877.029
5 14 80585605.803
5 15 383392060.568
5 16 47387999.117
5 17 32481554.403
5 18 59614057.465
5 19 202956244.377
6 0 169409808.130
6 1 11117881.644
6 2 81277494.243
6 3 20901890.161
6 4 17639627.414
6 5 66608065.663
6 7 74166804.896
6 8 106096494.276
6 9 12970466.409
6 10 85696568.169
6 11 58399940.558
6 12 219101331.342
6 13 41848810.189
6 14 78718487.018
6 15 176167962.789
6 16 206353965.248
6 17 38547534.086
6 18 66946844.470
6 19 38357095.152
7 0 285969220.783
7 1 5363185.524
7 2 40343125.231
7 3 84169544.063
7 4 33280036.671
7 5 44631635.665
7 6 46592070.612
7 8 62238058.574
7 9 22591934.441
7 10 41981360.471
7 11 24474722.881
7 12 520197618.608
7 13 33579630.162
7 14 19004683.477
7 15 317323040.510
7 16 206350635.809
7 17 73455471.356
7 18 13311085.085
7 19 195275234.298
8 0 290385965.554
8 1 20270008.105
8 2 91606568.997
8 3 69058015.694
8 4 47454405.876
8 5 57109946.286
8 6 50003167.241
8 7 50086195.908
8 9 12287852.882
8 10 13922309.557
8 11 72411350.088
8 12 211590586.919
8 13 41558106.938
8 14 50568593.158
8 15 361132701.776
8 16 240071630.758
8 17 29999113.594
8 18 20599944.137
8 19 93697643.837
9 0 55271415.606
9 1 11842078.427
9 2 12536790.516
9 3 12450701.024
9 4 8598276.002
9 5 28127749.349
9 6 12240683.857
9 7 8131589.546
9 8 60411337.566
9 10 21710206.261
9 11 32959944.719
9 12 277262048.240
9 13 3872538.342
9 14 36024476.841
9 15 36801979.141
9 16 61307356.136
9 17 37044477.408
9 18 41440582.540
9 19 71842017.560
10 0 79546080.434
10 1 17424686.931
10 2 63851263.138
10 3 96799218.005
10 4 17808608.723
10 5 44661321.568
10 6 19300468.397
10 7 55748859.044
10 8 72506982.729
10 9 12033655.735
10 11 65220538.165
10 12 425360545.469
10 13 18371264.925
10 14 75193259.708
10 15 73575853.124
10 16 188486772.012
10 17 18329500.394
10 18 30004388.469
10 19 64525009.465
11 0 240671996.643
11 1 27139003.216
11 2 60978540.785
11 3 83625959.445
11 4 20426725.258
11 5 79732399.292
11 6 35409878.107
11 7 11885055.609
11 8 94166221.989
11 9 30145345.195
11 10 12202258.772
11 12 312286261.453
11 13 26506172.412
11 14 30835376.614
11 15 32741196.807
11 16 56186005.116
11 17 43455721.205
11 18 30722294.874
11 19 123724763.882
12 0 447564943.344
12 1 140681810.117
12 2 215836134.473
12 3 434361171.764
12 4 294314495.082
12 5 117343205.453
12 6 301502990.646
12 7 493722043.582
12 8 565734873.314
12 9 158454637.213
12 10 375976991.042
12 11 264327291.952
12 13 239584507.881
12 14 75841249.022
12 15 1263033128.089
12 16 738258947.930
12 17 340638855.701
12 18 256072659.284
12 19 544304024.832
13 0 123202716.437
13 1 18349429.320
13 2 38959778.495
13 3 34592408.455
13 4 9354347.927
13 5 19757837.643
13 6 8990898.790
13 7 26013943.235
13 8 23804048.191
13 9 3504865.224
13 10 27088256.693
13 11 36223804.374
13 12 235920980.355
13 14 29734647.662
13 15 106648075.718
13 16 75393866.221
13 17 13209057.880
13 18 26417597.804
13 19 17261540.955
14 0 150582648.376
14 1 24198380.345
14 2 78148200.842
14 3 98079991.820
14 4 25875890.507
14 5 31017426.666
14 6 15486182.788
14 7 18165247.212
14 8 89261945.133
14 9 34934598.006
14 10 53758165.880
14 11 63616451.080
14 12 279184310.213
14 13 23055168.453
14 15 112250983.044
14 16 54679573.036
14 17 20397008.712
14 18 79700054.639
14 19 51064406.355
15 0 861906373.113
15 1 95776006.412
15 2 360275352.197
15 3 215414896.476
15 4 65928675.993
15 5 54181629.905
15 6 302417176.490
15 7 128493631.833
15 8 546919093.449
15 9 160571748.799
15 10 65141950.926
15 11 123977651.910
15 12 637916859.081
15 13 192275489.686
15 14 73446933.365
15 16 838689586.873
15 17 335231850.804
15 18 160675387.762
15 19 841553901.476
16 0 105212790.557
16 1 63198721.081
16 2 180497120.450
16 3 286147353.259
16 4 87624033.007
16 5 76227204.868
16 6 170625708.955
16 7 182135335.827
16 8 36112781.271
16 9 23432194.806
16 10 51682676.389
16 11 192833708.436
16 12 1123434763.511
16 13 87918144.683
16 14 201002751.734
16 15 86628070.609
16 17 123425450.737
16 18 197446645.722
16 19 404580396.597
17 0 28830271.041
17 1 38614359.602
17 2 28288167.606
17 3 124316110.045
17 4 30650729.483
17 5 48862522.832
17 6 24675250.885
17 7 85447641.614
17 8 88095934.494
17 9 25062436.852
17 10 29448411.766
17 11 82865877.084
17 12 264893892.472
17 13 18770409.581
17 14 18090262.252
17 15 80724781.019
17 16 210610433.523
17 18 7648687.685
17 19 175063062.525
18 0 251183614.119
18 1 29167084.205
18 2 9970401.987
18 3 30588587.592
18 4 3657958.449
18 5 37306449.365
18 6 10123453.653
18 7 42885489.839
18 8 111805444.343
18 9 13298670.334
18 10 52300871.551
18 11 80519292.920
18 12 182989956.814
18 13 32039308.598
18 14 16833489.072
18 15 66269985.160
18 16 94674910.619
18 17 85148379.451
18 19 61982627.414
19 0 563741378.773
19 1 44594544.282
19 2 51000188.130
19 3 139598256.098
19 4 24427507.269
19 5 70685393.682
19 6 157134471.755
19 7 176708368.526
19 8 280178412.125
19 9 24198880.165
19 10 38328108.492
19 11 111062551.242
19 12 1279843379.217
19 13 99038923.814
19 14 202603472.360
19 15 499871690.169
19 16 536091020.744
19 17 203616598.291
19 18 155733355.703
