380
0 1 105650197.692
0 2 264986202.785
0 3 118134185.682
0 4 82838983.684
0 5 39684028.892
0 6 294197527.032
0 7 231616674.060
0 8 58279285.083
0 9 99335895.097
0 10 160286041.672
0 11 132568622.137
0 12 1130699444.284
0 13 118703371.510
0 14 153350187.315
0 15 672823027.428
0 16 86475005.531
0 17 57895803.039
0 18 259618178.503
0 19 322685573.329
1 0 96011525.463
1 2 38690687.645
1 3 16023866.879
1 4 12243447.408
1 5 8386003.366
1 6 28164373.385
1 7 42192486.802
1 8 5518352.729
1 9 7321973.071
1 10 20350675.756
1 11 36770543.099
1 12 200177873.979
1 13 7021829.372
1 14 31619565.563
1 15 39026197.567
1 16 101692386.042
1 17 23799585.955
1 18 4455846.027
1 19 13545554.733
2 0 285054445.002
2 1 12325637.603
2 3 36329932.099
2 4 14473063.882
2 5 49370472.255
2 6 37896493.518
2 7 62747080.314
2 8 105718585.672
2 9 32038388.970
2 10 25662511.307
2 11 53601628.405
2 12 56532847.085
2 13 16084435.353
2 14 20188369.713
2 15 375988200.063
2 16 128331693.460
2 17 53987240.474
2 18 16303315.860
2 19 44050053.238
3 0 400152392.728
3 1 48699834.033
3 2 13634863.431
3 4 22742422.060
3 5 49039778.988
3 6 50891208.993
3 7 74276036.782
3 8 156215500.885
3 9 63729090.258
3 10 25408561.409
3 11 99593709.725
3 12 789833503.623
3 13 57183291.863
3 14 36429555.343
3 15 294908377.381
3 16 115046776.856
3 17 70002071.850
3 18 58729163.767
3 19 74949599.345
4 0 33898324.552
4 1 1987567.164
4 2 26680580.361
4 3 46684219.750
4 5 16578790.656
4 6 35706828.862
4 7 5251581.727
4 8 38026225.370
4 9 10506646.613
4 10 27313729.136
4 11 27882942.241
4 12 110972126.999
4 13 11781898.472
4 14 27471761.006
4 15 80082991.602
4 16 65012686.001
4 17 11655039.526
4 18 5911301.421
4 19 53106446.634
5 0 225570431.640
5 1 23878970.743
5 2 77596067.466
5 3 93345445.174
5 4 22259864.201
5 6 39019970.625
5 7 77781223.437
5 8 103415886.055
5 9 26147937.357
5 10 81403483.611
5 11 42774765.831
5 12 201735679.764
5 13 24346020.578
5 14 29161191.550
5 15 48616332.219
5 16 49938755.732
5 17 47013008.438
5 18 82517765.645
5 19 40708527.397
6 0 126603596.623
6 1 17340906.302
6 2 21097804.802
6 3 49217921.450
6 4 29783294.670
6 5 39932148.130
6 7 37858127.745
6 8 64413369.415
6 9 30803912.912
6 10 48857826.919
6 11 77520730.449
6 12 445609149.196
6 13 7008139.851
6 14 69679758.523
6 15 282126108.527
6 16 146164668.628
6 17 57409969.473
6 18 16038332.958
6 19 42434505.892
7 0 218571639.107
7 1 33975753.462
7 2 39308881.888
7 3 22638489.680
7 4 31965692.870
7 5 50561952.706
7 6 69893888.861
7 8 11044529.817
7 9 36981853.599
7 10 17176753.576
7 11 54078094.060
7 12 310059283.582
7 13 39943242.777
7 14 21408508.593
7 15 220157109.107
7 16 50749825.986
7 17 25375824.857
7 18 50674579.720
7 19 121641460.407
8 0 38105485.566
8 1 60497659.012
8 2 120053182.554
8 3 164670217.365
8 4 21567316.816
8 5 15558689.288
8 6 53661799.266
8 7 119301279.656
8 9 24347599.917
8 10 81432195.781
8 11 78869127.203
8 12 514578687.300
8 13 55997791.637
8 14 95901674.236
8 15 281641741.396
8 16 253773907.511
8 17 68886212.885
8 18 41265690.070
8 19 87946431.649
9 0 89840986.091
9 1 4078001.331
9 2 8990382.163
9 3 47420858.054
9 4 4377915.694
9 5 42790255.020
9 6 9007059.889
9 7 9270898.493
9 8 52471524.775
9 10 14499409.035
9 11 11655366.826
9 12 30763880.407
9 13 2307282.524
9 14 34582341.170
9 15 22560720.135
9 16 52419479.277
9 17 34863819.588
9 18 38929422.755
9 19 40433213.657
10 0 235618767.373
10 1 41857578.045
10 2 45715615.646
10 3 62151607.945
10 4 23382300.163
10 5 32017596.870
10 6 13192127.113
10 7 27052255.200
10 8 70128294.773
10 9 12155146.285
10 11 24384340.066
10 12 279509110.968
10 13 21644227.158
10 14 17663946.803
10 15 60897258.081
10 16 88969101.189
10 17 69909211.543
10 18 44296783.508
10 19 146383503.270
11 0 95433568.066
11 1 21685951.646
11 2 34804830.396
11 3 90728013.957
11 4 34177112.461
11 5 85073660.070
11 6 11360933.521
11 7 14653570.002
11 8 104497052.942
11 9 32796197.641
11 10 71474526.902
11 12 587981871.454
11 13 25062382.369
11 14 72307390.890
11 15 166235217.749
11 16 187855617.113
11 17 79089786.004
11 18 39812295.642
11 19 61126991.701
12 0 327027270.236
12 1 191290124.729
12 2 78798284.436
12 3 714181047.774
12 4 225074631.915
12 5 567445632.242
12 6 356030776.203
12 7 101388425.829
12 8 80316087.787
12 9 89385688.282
12 10 472705499.002
12 11 52568017.987
12 13 189048841.081
12 14 514452076.874
12 15 2031090843.063
12 16 1264508406.543
12 17 519025892.071
12 18 126070274.786
12 19 1248732967.066
13 0 55081567.115
13 1 15130461.680
13 2 37747340.088
13 3 28892638.499
13 4 6319109.447
13 5 30068355.258
13 6 26930308.368
13 7 28713857.413
13 8 26686155.832
13 9 2052444.314
13 10 18740166.988
13 11 35806399.236
13 12 153223444.805
13 14 25312508.402
13 15 106025209.745
13 16 91875862.585
13 17 31343804.672
13 18 6106258.208
13 19 40845431.075
14 0 67895190.607
14 1 31878429.243
14 2 56621207.262
14 3 12151985.496
14 4 27346421.797
14 5 70945742.489
14 6 61999077.150
14 7 68889919.961
14 8 46455196.958
14 9 23751665.805
14 10 14009622.904
14 11 78202194.474
14 12 332918680.732
14 13 15659110.619
14 15 325685032.806
14 16 186000610.933
14 17 81098206.850
14 18 12802375.529
14 19 73972160.013
15 0 1171177885.749
15 1 19889554.568
15 2 310131457.681
15 3 471298820.757
15 4 49764254.610
15 5 213101967.402
15 6 246826049.741
15 7 297646460.445
15 8 86565950.419
15 9 111604103.401
15 10 380461810.543
15 11 90048654.096
15 12 353669464.581
15 13 102803702.821
15 14 321137924.566
15 16 705808873.918
15 17 95446035.397
15 18 150407134.536
15 19 778684498.966
16 0 157328145.388
16 1 90862144.721
16 2 40299803.446
16 3 317073988.138
16 4 22443115.039
16 5 27528719.410
16 6 121915158.624
16 7 85586971.826
16 8 192671963.439
16 9 32892857.677
16 10 207621252.075
16 11 111818949.098
16 12 1079686059.028
16 13 97110752.174
16 14 159638186.679
16 15 624074312.092
16 17 45172797.476
16 18 128657004.736
16 19 68475579.311
17 0 206947299.171
17 1 33881232.826
17 2 59437429.184
17 3 100151218.139
17 4 25032379.518
17 5 43977287.234
17 6 43019887.482
17 7 66105710.051
17 8 97511133.195
17 9 14669397.739
17 10 14434299.249
17 11 28082896.675
17 12 150716473.774
17 13 20357655.751
17 14 9447452.244
17 15 153771350.758
17 16 182276103.980
17 18 74088823.018
17 19 85679936.890
18 0 110432356.604
18 1 34046550.992
18 2 25612352.655
18 3 83101793.558
18 4 26310134.526
18 5 85423379.181
18 6 40718547.321
18 7 72282339.960
18 8 33666086.195
18 9 9348416.203
18 10 80192421.780
18 11 34657463.200
18 12 587279142.313
18 13 42824499.488
18 14 46838844.802
18 15 268541421.282
18 16 108925546.689
18 17 72814973.129
18 19 200058561.409
19 0 640428878.940
19 1 28974603.259
19 2 196793031.537
19 3 287451538.763
19 4 58727321.605
19 5 72300574.297
19 6 38875694.318
19 7 46891720.179
19 8 227283129.682
19 9 103853805.191
19 10 53348212.674
19 11 74354392.098
19 12 282940645.288
19 13 20010787.258
19 14 205123880.596
19 15 716402798.589
19 16 501778837.859
19 17 130011616.179
19 18 30387524.500
