380
0 1 107864906.149
0 2 32562448.104
0 3 38206642.986
0 4 21949079.374
0 5 285712192.630
0 6 63381734.123
0 7 41535939.365
0 8 285203710.764
0 9 129991782.139
0 10 160611909.145
0 11 193697776.759
0 12 1172910719.465
0 13 142419584.794
0 14 48348057.958
0 15 554129709.203
0 16 434713625.468
0 17 40508867.076
0 18 26661743.731
0 19 575666409.657
1 0 130035400.734
1 2 24659078.127
1 3 47680858.225
1 4 3350214.479
1 5 38779804.261
1 6 8189297.640
1 7 30018427.483
1 8 62990184.072
1 9 13540198.084
1 10 38929663.061
1 11 21131868.268
1 12 137169567.055
1 13 6296078.346
1 14 31523966.205
1 15 31951707.699
1 16 76059945.583
1 17 37708015.143
1 18 32663643.384
1 19 97802471.952
2 0 90235995.382
2 1 41298877.339
2 3 63768118.588
2 4 3564641.491
2 5 28435720.119
2 6 76397442.090
2 7 39571920.578
2 8 91065695.624
2 9 35632239.322
2 10 9661590.609
2 11 40018408.862
2 12 472806435.618
2 13 23217845.803
2 14 83565311.694
2 15 355102337.253
2 16 91175773.110
2 17 76211707.373
2 18 79362591.279
2 19 152290843.249
3 0 183248293.901
3 1 7387100.550
3 2 123538644.742
3 4 9548734.764
3 5 57747322.722
3 6 57362709.697
3 7 38028451.525
3 8 155163997.973
3 9 49733858.556
3 10 28581503.722
3 11 107471404.813
3 12 681581478.326
3 13 20004026.315
3 14 63842136.866
3 15 234630148.020
3 16 266204149.755
3 17 31595256.373
3 18 99453458.984
3 19 284000132.408
4 0 130562714.787
4 1 2010334.690
4 2 22947327.576
4 3 32537064.700
4 5 27994351.362
4 6 41964781.424
4 7 42152955.664
4 8 56401130.984
4 9 5418226.691
4 10 31822593.128
4 11 26969979.243
4 12 223228069.762
4 13 2133096.982
4 14 39055342.259
4 15 80298565.801
4 16 25772587.147
4 17 33781326.342
4 18 18914463.312
4 19 30492561.127
5 0 34195403.210
5 1 32459456.125
5 2 68239714.060
5 3 100492402.991
5 4 10907056.623
5 6 15594176.742
5 7 45217628.456
5 8 22312677.392
5 9 35839279.116
5 10 13681499.135
5 11 69009146.990
5 12 286587553.202
5 13 6920174.563
5 14 65428767.729
5 15 151757720.325
5 16 92481449.871
5 17 47491863.441
5 18 65569293.868
5 19 86293377.013
6 0 227733555.768
6 1 34033535.823
6 2 65697332.141
6 3 123660068.718
6 4 8846102.232
6 5 34553742.250
6 7 17727651.662
6 8 60529592.860
6 9 29107424.792
6 10 63507215.058
6 11 15950045.309
6 12 401389441.641
6 13 35839141.533
6 14 42285369.117
6 15 196670714.969
6 16 159421949.570
6 17 27044447.239
6 18 71461134.032
6 19 163025273.793
7 0 43533474.729
7 1 9103108.272
7 2 45305095.297
7 3 69747670.292
7 4 3793155.649
7 5 41623306.617
7 6 60581649.020
7 8 108464920.307
7 9 8896713.362
7 10 76489873.779
7 11 67174451.030
7 12 292508975.058
7 13 5313803.502
7 14 28028561.443
7 15 355261151.712
7 16 192153609.484
7 17 28175034.146
7 18 38947329.281
7 19 191191886.057
8 0 169268153.759
8 1 38871739.405
8 2 25832127.568
8 3 25486731.067
8 4 23258906.588
8 5 112474937.060
8 6 14354369.137
8 7 113799054.818
8 9 53615165.295
8 10 123427816.643
8 11 108894490.104
8 12 877937458.829
8 13 24795617.056
8 14 88079137.388
8 15 505418244.329
8 16 252821801.692
8 17 15189484.178
8 18 21544163.788
8 19 105276875.240
9 0 83300522.250
9 1 6054460.017
9 2 3813307.263
9 3 23918913.868
9 4 13313428.613
9 5 31236019.945
9 6 13844160.694
9 7 9295802.565
9 8 15633869.006
9 10 25953433.500
9 11 13807442.741
9 12 182938287.291
9 13 21059014.850
9 14 26859469.860
9 15 77547645.766
9 16 83160881.846
9 17 6399869.629
9 18 29599337.957
9 19 36499921.885
10 0 280794666.523
10 1 36264135.408
10 2 45851699.054
10 3 99088836.759
10 4 5067210.128
10 5 43472959.928
10 6 64726966.731
10 7 51024668.698
10 8 86467447.781
10 9 15251802.312
10 11 11051493.057
10 12 561467964.197
10 13 40751563.093
10 14 29865437.516
10 15 91045199.260
10 16 66101117.616
10 17 78014155.811
10 18 84498984.922
10 19 207908371.245
11 0 186063153.303
11 1 9684119.759
11 2 30153630.047
11 3 33765885.661
11 4 33840449.971
11 5 84043801.699
11 6 70380394.341
11 7 26954544.448
11 8 98422854.523
11 9 32095158.225
11 10 7906389.865
11 12 542045725.753
11 13 33982721.557
11 14 48490179.218
11 15 318858473.367
11 16 24489208.892
11 17 57889408.578
11 18 79437547.346
11 19 125163304.010
12 0 2028891091.458
12 1 197556262.609
12 2 195461697.601
12 3 164032615.455
12 4 43193289.328
12 5 144556204.656
12 6 228467460.847
12 7 225600299.169
12 8 236444510.473
12 9 295822494.393
12 10 251880066.895
12 11 115221368.612
12 13 54221579.714
12 14 497839042.168
12 15 2000666980.459
12 16 228885421.222
12 17 571583884.991
12 18 342577245.406
12 19 825611574.866
13 0 134126915.999
13 1 18678314.498
13 2 13370651.795
13 3 27422662.493
13 4 2954546.173
13 5 34677452.407
13 6 21632702.563
13 7 32116013.665
13 8 9158681.644
13 9 15662451.611
13 10 17466885.579
13 11 15178834.444
13 12 268914808.448
13 14 31623293.437
13 15 156712815.277
13 16 55633769.670
13 17 32982489.926
13 18 26339532.310
13 19 71679508.168
14 0 299131446.616
14 1 11755918.761
14 2 82294608.065
14 3 14249873.027
14 4 18627048.389
14 5 81124751.428
14 6 21797271.279
14 7 37225618.174
14 8 36700871.552
14 9 41497897.144
14 10 12432470.132
14 11 64131471.820
14 12 585188879.740
14 13 28781660.095
14 15 321394939.647
14 16 75551064.438
14 17 66139402.220
14 18 33329472.727
14 19 123061017.056
15 0 652214749.512
15 1 72212755.105
15 2 169110238.205
15 3 383649401.942
15 4 43103528.759
15 5 47478179.275
15 6 117298923.459
15 7 40682694.907
15 8 102956225.890
15 9 18035805.043
15 10 154540665.819
15 11 39121317.928
15 12 250304017.584
15 13 71291915.275
15 14 231637589.985
15 16 409822235.016
15 17 137589119.179
15 18 309552253.528
15 19 624076789.051
16 0 286794690.770
16 1 88156563.991
16 2 20395982.464
16 3 245908002.685
16 4 16873148.266
16 5 209656918.532
16 6 86049253.991
16 7 21723714.687
16 8 286073419.786
16 9 78634780.706
16 10 166947238.794
16 11 59784940.733
16 12 645715464.844
16 13 47521535.036
16 14 19947436.112
16 15 467812016.624
16 17 145972204.831
16 18 128521773.777
16 19 53287718.916
17 0 210789402.329
17 1 16349790.547
17 2 34297248.951
17 3 36121498.895
17 4 18947818.048
17 5 19553505.171
17 6 63951308.431
17 7 44781567.795
17 8 49041427.588
17 9 34286076.849
17 10 61461837.278
17 11 58611012.274
17 12 329317929.804
17 13 30037619.144
17 14 60990027.891
17 15 209558683.203
17 16 115152545.034
17 18 85697795.722
17 19 90994792.310
18 0 169501743.913
18 1 39150832.508
18 2 15549898.923
18 3 92393919.514
18 4 19357747.156
18 5 34919728.734
18 6 38599990.906
18 7 22868155.247
18 8 15835765.790
18 9 4150933.814
18 10 33423936.723
18 11 64643729.685
18 12 304730253.648
18 13 17910728.000
18 14 43294158.361
18 15 62500602.582
18 16 18562473.336
18 17 68929221.934
18 19 128819076.394
19 0 474791374.493
19 1 76719925.276
19 2 161152180.321
19 3 58452081.748
19 4 24638112.384
19 5 147169176.587
19 6 190962633.376
19 7 67086080.667
19 8 58265910.872
19 9 37956842.324
19 10 171939351.968
19 11 96338146.429
19 12 1306750842.079
19 13 65641436.412
19 14 91403070.733
19 15 264911924.969
19 16 93210341.118
19 17 40131884.481
19 18 140336919.897
