380
0 1 147785712.914
0 2 300637956.028
0 3 122422346.906
0 4 96539054.216
0 5 163026539.990
0 6 278486379.785
0 7 62533894.439
0 8 282989342.898
0 9 80495652.542
0 10 163996923.528
0 11 198597043.747
0 12 1648453550.611
0 13 133510293.651
0 14 154830947.029
0 15 409770468.148
0 16 668030399.406
0 17 81478533.421
0 18 233768209.564
0 19 644022653.670
1 0 45784843.201
1 2 17402076.709
1 3 5302318.415
1 4 8642707.362
1 5 33432342.405
1 6 36509440.890
1 7 25384754.321
1 8 17091719.849
1 9 5756819.440
1 10 36600193.803
1 11 29360131.830
1 12 209389650.499
1 13 6323959.285
1 14 29125276.520
1 15 112239489.428
1 16 38618372.419
1 17 40317282.240
1 18 29395043.102
1 19 106900357.432
2 0 90319721.436
2 1 31305869.512
2 3 98682508.509
2 4 15787937.077
2 5 54372562.198
2 6 31271267.094
2 7 37813122.076
2 8 97903891.857
2 9 27909613.654
2 10 77757787.105
2 11 9917584.718
2 12 325378941.255
2 13 22438763.569
2 14 26777360.066
2 15 274364015.068
2 16 64942842.075
2 17 70743982.499
2 18 53945435.142
2 19 97964288.914
3 0 171686498.363
3 1 33710170.867
3 2 87533357.299
3 4 28384981.977
3 5 67097248.573
3 6 33544956.132
3 7 73567925.277
3 8 34023472.417
3 9 18880399.120
3 10 14854074.289
3 11 93972961.673
3 12 220175615.136
3 13 54499762.706
3 14 126072097.391
3 15 324060789.925
3 16 284226778.662
3 17 101663400.810
3 18 127128986.432
3 19 281796677.929
4 0 62838689.877
4 1 19116233.962
4 2 19510051.538
4 3 53877130.828
4 5 6168039.231
4 6 9008215.171
4 7 32542213.240
4 8 19944674.191
4 9 15384565.669
4 10 32934277.679
4 11 14857858.711
4 12 115562086.063
4 13 4867052.306
4 14 39894525.165
4 15 152145427.230
4 16 60601815.879
4 17 16018230.381
4 18 37043685.537
4 19 78706521.941
5 0 150736359.265
5 1 34969162.215
5 2 52647923.014
5 3 95786939.661
5 4 12270826.918
5 6 74758091.454
5 7 69868437.745
5 8 96396918.142
5 9 18716688.201
5 10 20122968.015
5 11 72134510.676
5 12 146190975.184
5 13 22517235.989
5 14 78340329.839
5 15 201987260.806
5 16 31188434.456
5 17 9373634.863
5 18 71877657.524
5 19 109728718.016
6 0 199035323.468
6 1 32823255.169
6 2 15527264.444
6 3 57310401.764
6 4 31995352.243
6 5 15706142.103
6 7 8716925.956
6 8 31149032.974
6 9 23552512.149
6 10 70720615.954
6 11 50533990.830
6 12 561979608.088
6 13 12969685.426
6 14 8567434.694
6 15 56666703.595
6 16 50522077.865
6 17 77666209.429
6 18 38470532.720
6 19 31394354.315
7 0 194162411.202
7 1 21741360.488
7 2 58524012.157
7 3 28435715.645
7 4 16601697.413
7 5 10729741.864
7 6 33504207.672
7 8 80238425.537
7 9 18504200.756
7 10 59540869.371
7 11 77325809.397
7 12 317291696.400
7 13 42089481.366
7 14 74844246.374
7 15 37101326.837
7 16 194517034.678
7 17 81727141.647
7 18 33202079.057
7 19 149160860.122
8 0 426279147.620
8 1 22309378.236
8 2 86314080.860
8 3 144300953.843
8 4 34333431.147
8 5 95153018.653
8 6 87046659.421
8 7 56041435.921
8 9 54697275.737
8 10 93845816.289
8 11 62441101.433
8 12 271637072.942
8 13 42267009.761
8 14 45973878.084
8 15 465413034.670
8 16 78734676.784
8 17 57915804.827
8 18 38656091.344
8 19 228344127.932
9 0 35697978.678
9 1 15968872.649
9 2 35167089.932
9 3 52404765.371
9 4 19578439.018
9 5 6706665.061
9 6 18244751.774
9 7 38499513.467
9 8 42374786.531
9 10 9388430.990
9 11 20523895.066
9 12 203502765.091
9 13 3027311.784
9 14 4648842.593
9 15 66451096.782
9 16 103591904.645
9 17 6737719.258
9 18 22008829.746
9 19 22019557.917
10 0 79103367.150
10 1 28724778.195
10 2 16123509.596
10 3 26913366.826
10 4 22499038.660
10 5 85551591.605
10 6 59609368.818
10 7 10988566.911
10 8 122897724.505
10 9 10262639.608
10 11 30541891.132
10 12 258115195.594
10 13 13489492.273
10 14 14643582.511
10 15 333128387.081
10 16 178042072.403
10 17 19131540.202
10 18 70357977.158
10 19 51080117.442
11 0 247199592.295
11 1 16137327.807
11 2 20100662.844
11 3 93667822.044
11 4 18287253.690
11 5 33334020.142
11 6 76486929.391
11 7 25781246.410
11 8 117859107.855
11 9 32461427.555
11 10 40709829.757
11 12 121386732.940
11 13 33094600.411
11 14 46822824.245
11 15 383575050.992
11 16 172750193.758
11 17 32743487.461
11 18 9583634.091
11 19 166151712.397
12 0 1723064551.975
12 1 165388367.681
12 2 505529199.281
12 3 729036905.593
12 4 215068881.404
12 5 403156735.798
12 6 481517204.118
12 7 134253802.304
12 8 464466466.066
12 9 244940818.398
12 10 478346936.640
12 11 593450416.887
12 13 136430759.580
12 14 85953688.822
12 15 604080489.000
12 16 618490982.209
12 17 557057714.808
12 18 423865599.078
12 19 1416582989.439
13 0 27644689.881
13 1 4016591.997
13 2 20606430.332
13 3 46293198.901
13 4 14976600.145
13 5 38453916.894
13 6 13105998.848
13 7 14886672.965
13 8 20421458.335
13 9 12985787.418
13 10 33559715.430
13 11 16505311.110
13 12 253604840.192
13 14 19799004.772
13 15 59244009.856
13 16 98680438.033
13 17 26113677.018
13 18 36972787.575
13 19 102173398.531
14 0 218070516.453
14 1 37422951.481
14 2 52098231.477
14 3 97981531.992
14 4 17133070.808
14 5 72201931.932
14 6 35313775.466
14 7 82665026.807
14 8 116720149.623
14 9 10983576.486
14 10 14806589.928
14 11 37891149.993
14 12 89038487.545
14 13 21122191.301
14 15 222791877.068
14 16 178628995.052
14 17 31131676.951
14 18 46105887.802
14 19 156753616.111
15 0 396051088.919
15 1 154958494.017
15 2 211532706.982
15 3 51060920.423
15 4 73151628.120
15 5 345686287.054
15 6 304351910.724
15 7 135685413.310
15 8 369059628.189
15 9 20533730.437
15 10 247126377.624
15 11 185857917.400
15 12 1727973319.988
15 13 103763213.614
15 14 195071406.479
15 16 459798193.276
15 17 93437670.484
15 18 124242649.145
15 19 353422787.434
16 0 295450889.540
16 1 20981817.277
16 2 159514853.701
16 3 53465059.656
16 4 47980464.912
16 5 97070443.364
16 6 66708287.029
16 7 179792754.365
16 8 33242579.637
16 9 63975660.658
16 10 61517157.650
16 11 31724620.913
16 12 596797325.570
16 13 90907499.081
16 14 38371240.506
16 15 404122305.976
16 17 68030318.310
16 18 103471308.840
16 19 229188338.048
17 0 236328179.415
17 1 29742059.196
17 2 14367223.040
17 3 98085476.514
17 4 19539341.282
17 5 36190094.106
17 6 77827530.976
17 7 69696547.394
17 8 91470540.287
17 9 4494833.825
17 10 57499981.915
17 11 65074810.286
17 12 296640923.479
17 13 18691055.745
17 14 52240855.759
17 15 284627983.275
17 16 206485304.589
17 18 84956067.469
17 19 108322539.369
18 0 70105049.586
18 1 35927785.849
18 2 24146077.428
18 3 127884263.966
18 4 8053923.227
18 5 51669398.420
18 6 54715804.840
18 7 65904424.595
18 8 41278735.867
18 9 19765771.771
18 10 56419678.704
18 11 28063033.539
18 12 121731139.596
18 13 16901528.111
18 14 36421329.437
18 15 294469436.656
18 16 185590980.885
18 17 44893402.831
18 19 173822657.899
19 0 463191007.081
19 1 65762147.716
19 2 52283432.147
19 3 270803828.229
19 4 57609495.877
19 5 152936190.025
19 6 84950649.245
19 7 179462076.305
19 8 181795394.251
19 9 52933154.618
19 10 151147095.851
19 11 132763370.283
19 12 210419096.053
19 13 88626665.173
19 14 194316828.046
19 15 464282954.745
19 16 185436361.958
19 17 37406675.692
19 18 28674754.228
