380
0 1 137558818.712
0 2 271769159.132
0 3 52642479.866
0 4 47244257.772
0 5 76613449.906
0 6 137655191.825
0 7 279045988.917
0 8 103949303.279
0 9 130647921.730
0 10 299177721.558
0 11 275739549.628
0 12 2104160788.123
0 13 143687383.322
0 14 200539475.047
0 15 727552101.966
0 16 653855491.938
0 17 33847654.653
0 18 135895050.823
0 19 528440708.161
1 0 65177748.007
1 2 34599284.207
1 3 62734346.875
1 4 17130001.265
1 5 12883964.252
1 6 6093456.579
1 7 9348133.740
1 8 63926762.025
1 9 9595122.787
1 10 22523485.372
1 11 38794705.281
1 12 206679251.527
1 13 8756275.634
1 14 31126195.106
1 15 54028739.168
1 16 35352985.494
1 17 24050410.071
1 18 26142014.866
1 19 58711670.408
2 0 48836372.451
2 1 38958341.030
2 3 68544878.914
2 4 28153626.719
2 5 23923540.916
2 6 36826306.134
2 7 33693281.200
2 8 90506346.346
2 9 14387851.285
2 10 73096166.111
2 11 7668589.001
2 12 152250925.839
2 13 18255841.400
2 14 85796621.820
2 15 155048580.783
2 16 204833581.458
2 17 43656803.440
2 18 36639313.794
2 19 163385818.024
3 0 77526813.733
3 1 40810029.935
3 2 83473092.805
3 4 22508984.123
3 5 31848579.836
3 6 106379931.409
3 7 64473684.437
3 8 165279745.833
3 9 17825424.530
3 10 72740095.438
3 11 90555867.136
3 12 339384329.931
3 13 53099208.828
3 14 20204601.261
3 15 398894322.329
3 16 261515734.374
3 17 37136033.693
3 18 68751504.183
3 19 248149078.824
4 0 68578620.379
4 1 10519106.527
4 2 11399032.001
4 3 54023099.239
4 5 36429580.072
4 6 5802414.209
4 7 5380422.489
4 8 5828886.617
4 9 7191030.177
4 10 5249023.119
4 11 40491539.009
4 12 104051691.600
4 13 17171059.364
4 14 6579979.253
4 15 152496058.073
4 16 22999524.015
4 17 16602037.681
4 18 36073662.683
4 19 58546339.071
5 0 280474202.270
5 1 32462451.898
5 2 17867989.038
5 3 101653789.123
5 4 42762572.179
5 6 33285729.789
5 7 63375596.850
5 8 80577345.853
5 9 21906350.983
5 10 39868757.294
5 11 84992221.978
5 12 98401600.034
5 13 39425488.201
5 14 55328486.865
5 15 337174569.083
5 16 193270388.809
5 17 69017329.061
5 18 26575353.159
5 19 62882206.250
6 0 59517229.431
6 1 36861852.046
6 2 69533152.639
6 3 118979936.349
6 4 32803064.767
6 5 83480246.146
6 7 45511334.633
6 8 79563226.023
6 9 25485950.650
6 10 40741784.960
6 11 78424088.386
6 12 541100585.107
6 13 36198796.824
6 14 57405265.424
6 15 162718953.757
6 16 171100281.032
6 17 81702881.964
6 18 49443860.493
6 19 158647674.653
7 0 86324048.859
7 1 18225874.265
7 2 66895354.780
7 3 48955687.774
7 4 34584188.312
7 5 26915452.993
7 6 47137219.886
7 8 84358978.170
7 9 22620440.217
7 10 23414235.598
7 11 12760935.308
7 12 418959788.382
7 13 7770754.536
7 14 19166057.233
7 15 211195509.396
7 16 46730866.197
7 17 24742437.481
7 18 17865446.637
7 19 84562476.177
8 0 388230685.020
8 1 7603327.173
8 2 23077662.079
8 3 109670303.596
8 4 23956150.749
8 5 121840707.262
8 6 108906614.779
8 7 81693573.440
8 9 49225527.549
8 10 13167616.722
8 11 30309699.227
8 12 691439409.551
8 13 20843508.669
8 14 108134788.532
8 15 302336360.847
8 16 75127519.560
8 17 107750376.012
8 18 19493344.653
8 19 178624161.733
9 0 64110819.247
9 1 1844177.772
9 2 31321314.139
9 3 31397173.701
9 4 3001485.210
9 5 15891260.910
9 6 36555680.614
9 7 28183084.215
9 8 9182437.759
9 10 29674742.975
9 11 5994948.191
9 12 245905304.066
9 13 14948532.027
9 14 10192351.753
9 15 159077828.566
9 16 76714288.454
9 17 30343584.826
9 18 27778294.743
9 19 85927439.951
10 0 69566097.117
10 1 11883266.849
10 2 75828155.117
10 3 110860585.685
10 4 27243479.344
10 5 40000353.130
10 6 42308827.450
10 7 80808557.251
10 8 29996055.566
10 9 11578892.726
10 11 32449176.251
10 12 195828301.068
10 13 19364483.152
10 14 47248654.673
10 15 308364250.613
10 16 202378394.459
10 17 67400135.233
10 18 72778026.420
10 19 65165840.193
11 0 104148627.418
11 1 18407983.055
11 2 74754490.926
11 3 31503911.330
11 4 19916748.605
11 5 8314432.016
11 6 16061603.617
11 7 60077887.615
11 8 57752954.126
11 9 5682487.406
11 10 49706364.225
11 12 99822283.308
11 13 10376326.880
11 14 75656304.032
11 15 60407957.127
11 16 163990950.967
11 17 71358104.887
11 18 15417072.184
11 19 78337846.243
12 0 857930189.177
12 1 34646203.140
12 2 500618346.470
12 3 504138630.762
12 4 129638016.914
12 5 76177828.948
12 6 591088787.407
12 7 435312789.273
12 8 346808352.445
12 9 300567204.657
12 10 424149167.693
12 11 474695563.826
12 13 134584825.308
12 14 184122032.250
12 15 1816030564.806
12 16 1123881626.178
12 17 412136344.620
12 18 518060367.955
12 19 690620813.499
13 0 39778113.738
13 1 17869275.253
13 2 25287553.058
13 3 27615968.994
13 4 20025398.120
13 5 9630272.138
13 6 40825097.084
13 7 3616049.081
13 8 40189898.368
13 9 17082895.378
13 10 5886873.530
13 11 7597332.438
13 12 53781994.550
13 14 39673465.946
13 15 172039061.814
13 16 43173902.799
13 17 38639390.417
13 18 42598447.342
13 19 99445897.397
14 0 48093044.934
14 1 8570521.978
14 2 51047302.529
14 3 46426268.412
14 4 21546665.469
14 5 80584464.046
14 6 65207492.527
14 7 23158729.841
14 8 20756111.178
14 9 39405842.149
14 10 15328984.508
14 11 27837135.530
14 12 116222480.607
14 13 19183181.233
14 15 142685205.232
14 16 164174063.729
14 17 60298067.277
14 18 19010530.089
14 19 110072341.019
15 0 436829428.858
15 1 42951303.670
15 2 88487070.848
15 3 320801735.863
15 4 43262070.269
15 5 354864117.640
15 6 271346206.955
15 7 63435578.043
15 8 315932188.790
15 9 90734545.116
15 10 261282199.349
15 11 71566525.000
15 12 2010112871.974
15 13 78752267.264
15 14 117113286.348
15 16 889012677.985
15 17 327402516.302
15 18 168524050.609
15 19 189728188.491
16 0 685774003.178
16 1 48816962.025
16 2 211729706.644
16 3 103444506.650
16 4 22064961.319
16 5 141654548.549
16 6 67181830.222
16 7 204527727.222
16 8 231013663.147
16 9 24179720.727
16 10 160684185.021
16 11 170727652.102
16 12 338574743.805
16 13 14123933.930
16 14 92207103.127
16 15 659195560.224
16 17 189862397.607
16 18 180883589.774
16 19 284067290.330
17 0 208955316.553
17 1 28931118.842
17 2 17105759.632
17 3 98225340.567
17 4 16098445.499
17 5 67959861.487
17 6 58644806.819
17 7 66530253.330
17 8 108890308.731
17 9 5916450.985
17 10 10519126.795
17 11 17446165.121
17 12 435110930.748
17 13 5250965.460
17 14 50565124.157
17 15 384699249.338
17 16 175039875.705
17 18 41247583.148
17 19 133968737.030
18 0 42930990.173
18 1 13040626.219
18 2 41931082.085
18 3 117879727.471
18 4 26110105.192
18 5 44690013.873
18 6 84408564.587
18 7 65866858.146
18 8 117254393.867
18 9 37540508.646
18 10 61829931.517
18 11 35744828.292
18 12 101937694.844
18 13 42237665.471
18 14 37210377.627
18 15 305803849.782
18 16 47227277.144
18 17 16257511.859
18 19 70448427.621
19 0 93230372.027
19 1 9407319.164
19 2 77820851.626
19 3 60043919.958
19 4 90493737.657
19 5 113857083.087
19 6 156959088.708
19 7 24659280.049
19 8 136318951.296
19 9 105250378.888
19 10 35449342.357
19 11 150427349.635
19 12 247826518.159
19 13 19123270.429
19 14 20916307.003
19 15 272409258.178
19 16 243188446.624
19 17 61663701.062
19 18 95981806.099
