380
0 1 30386855.821
0 2 278228165.541
0 3 288066919.157
0 4 113517371.323
0 5 117633146.952
0 6 238760429.192
0 7 200235205.516
0 8 139470933.489
0 9 113562887.877
0 10 84636731.743
0 11 210396999.706
0 12 959266005.575
0 13 56452591.769
0 14 159525539.936
0 15 1116415323.299
0 16 685410738.414
0 17 181840723.331
0 18 95928780.369
0 19 194333304.998
1 0 56006352.669
1 2 24853635.985
1 3 28618474.217
1 4 11739805.441
1 5 18861381.807
1 6 33157766.348
1 7 42324237.091
1 8 7968037.332
1 9 9649605.990
1 10 7419034.857
1 11 16957500.711
1 12 129487893.126
1 13 1909108.267
1 14 25672506.341
1 15 48847024.788
1 16 97097350.015
1 17 31771521.578
1 18 36678426.983
1 19 67638875.080
2 0 135284793.258
2 1 32155532.219
2 3 80153318.081
2 4 36211353.543
2 5 16185639.120
2 6 70396118.634
2 7 26088662.098
2 8 89545294.142
2 9 37249395.120
2 10 44141480.484
2 11 66575038.567
2 12 85134759.094
2 13 25955260.354
2 14 34583492.370
2 15 284275587.478
2 16 88239055.264
2 17 53786787.035
2 18 73808011.057
2 19 85232830.195
3 0 344703532.143
3 1 52078617.887
3 2 115676777.478
3 4 6655511.700
3 5 57452751.373
3 6 120899251.640
3 7 109596634.778
3 8 29574028.169
3 9 59766852.056
3 10 33839154.420
3 11 40068266.773
3 12 334732019.355
3 13 18715851.428
3 14 78150811.126
3 15 506264318.172
3 16 146060250.167
3 17 125599086.541
3 18 107071744.270
3 19 230172189.295
4 0 37850752.167
4 1 13164404.534
4 2 10947520.041
4 3 64333688.372
4 5 23799385.236
4 6 11970693.169
4 7 31736442.724
4 8 43952458.319
4 9 16080301.716
4 10 32370439.371
4 11 29811474.217
4 12 274298261.803
4 13 15664189.778
4 14 20459732.370
4 15 52641693.356
4 16 51014672.786
4 17 37967793.931
4 18 40931752.321
4 19 56117190.955
5 0 30175843.307
5 1 27558231.335
5 2 74825224.120
5 3 26481933.272
5 4 29542391.985
5 6 21048439.779
5 7 26116230.356
5 8 50263713.859
5 9 8290107.579
5 10 25298380.172
5 11 29588278.099
5 12 550744161.602
5 13 30678012.508
5 14 42753649.167
5 15 356363105.948
5 16 147666491.261
5 17 19137738.924
5 18 63230113.498
5 19 214183473.767
6 0 261338723.933
6 1 20651266.147
6 2 39670706.382
6 3 114100202.332
6 4 8465755.757
6 5 27875027.917
6 7 82584753.190
6 8 23348236.283
6 9 40458085.841
6 10 46498467.060
6 11 77143537.517
6 12 381791449.996
6 13 21822198.893
6 14 11229489.677
6 15 46557328.748
6 16 202579723.859
6 17 7758680.365
6 18 65207525.270
6 19 113996643.817
7 0 246396347.095
7 1 33393111.427
7 2 71119204.431
7 3 21017036.175
7 4 35842010.691
7 5 57130038.720
7 6 36076420.371
7 8 111797454.095
7 9 31198015.639
7 10 19374886.926
7 11 16234839.023
7 12 549352922.963
7 13 42195234.806
7 14 59175550.989
7 15 312213098.244
7 16 87195541.109
7 17 50418622.555
7 18 57609787.591
7 19 114687024.150
8 0 120138765.282
8 1 28462087.350
8 2 106931448.287
8 3 148033284.071
8 4 55343061.653
8 5 98230676.116
8 6 82952749.306
8 7 64214258.909
8 9 40082486.894
8 10 74300544.086
8 11 111992035.587
8 12 832158552.792
8 13 9051413.027
8 14 16874221.558
8 15 372346603.973
8 16 211882280.873
8 17 111503411.448
8 18 26636887.455
8 19 36303728.870
9 0 137986187.088
9 1 8626423.933
9 2 40535135.059
9 3 20569630.438
9 4 8203808.169
9 5 34107648.568
9 6 26611013.079
9 7 3843428.148
9 8 27489696.908
9 10 38656627.482
9 11 38915037.471
9 12 161462678.338
9 13 14001250.650
9 14 37333163.835
9 15 65606545.174
9 16 30282748.756
9 17 33148910.633
9 18 40001633.432
9 19 20534942.009
10 0 185214408.630
10 1 39567230.345
10 2 26487851.427
10 3 38643512.906
10 4 37678287.627
10 5 83562274.744
10 6 28128072.212
10 7 11195351.335
10 8 94519560.621
10 9 36446287.559
10 11 76398016.576
10 12 506107760.344
10 13 6669839.285
10 14 32634080.877
10 15 282916755.638
10 16 71902950.216
10 17 37465625.673
10 18 85001768.795
10 19 149807441.540
11 0 246587150.395
11 1 33547252.296
11 2 12785515.481
11 3 42387003.570
11 4 25930356.136
11 5 71989304.465
11 6 70314617.102
11 7 63285477.545
11 8 88900860.969
11 9 10067612.004
11 10 54969010.455
11 12 139812405.967
11 13 23608785.191
11 14 82971454.623
11 15 210026103.013
11 16 49090098.281
11 17 41992678.423
11 18 17834463.104
11 19 107622430.818
12 0 291857886.609
12 1 260175735.764
12 2 235209776.103
12 3 140315425.477
12 4 98028963.299
12 5 280602853.817
12 6 144074647.334
12 7 109146307.343
12 8 385450276.556
12 9 104389854.245
12 10 289384593.218
12 11 499107428.479
12 13 236410575.935
12 14 168584991.182
12 15 1576491208.665
12 16 596468011.218
12 17 494212960.973
12 18 205769480.258
12 19 865272740.793
13 0 138401772.730
13 1 18977754.386
13 2 26538706.987
13 3 24208849.128
13 4 20775267.573
13 5 29720856.549
13 6 10773063.158
13 7 28985164.319
13 8 21453925.033
13 9 13420632.545
13 10 11772599.792
13 11 35219250.824
13 12 213257035.703
13 14 38477990.543
13 15 145779785.943
13 16 35334954.955
13 17 18308091.111
13 18 34093472.801
13 19 15535794.293
14 0 122079422.130
14 1 36038642.707
14 2 31627380.632
14 3 120046136.576
14 4 30995413.643
14 5 39531251.075
14 6 47922341.103
14 7 57679100.343
14 8 84550657.695
14 9 9920215.425
14 10 10704103.308
14 11 74500522.027
14 12 437157148.892
14 13 36401123.060
14 15 385645593.154
14 16 73953614.666
14 17 9535409.414
14 18 56973051.166
14 19 135345628.443
15 0 479438435.050
15 1 100838230.838
15 2 168672685.576
15 3 290077915.087
15 4 173039325.060
15 5 307040547.566
15 6 258590807.671
15 7 326971642.769
15 8 495063264.990
15 9 23525733.741
15 10 327442729.199
15 11 137447666.298
15 12 595271973.616
15 13 92223239.785
15 14 376966552.646
15 16 811988213.501
15 17 38602067.283
15 18 258027730.523
15 19 176003416.412
16 0 118649881.085
16 1 13847742.340
16 2 193009019.330
16 3 111930151.484
16 4 103038614.222
16 5 208622570.007
16 6 153058906.482
16 7 84000449.649
16 8 219105628.969
16 9 21846013.012
16 10 43320514.863
16 11 176659571.266
16 12 404788151.421
16 13 11867407.738
16 14 175413264.681
16 15 204100664.717
16 17 23477199.258
16 18 180885861.787
16 19 464091731.837
17 0 233897856.689
17 1 27982102.299
17 2 65952550.912
17 3 56777352.769
17 4 33728045.985
17 5 76469337.400
17 6 31355154.883
17 7 7525156.544
17 8 79474702.742
17 9 40353404.016
17 10 40243639.627
17 11 77916649.688
17 12 179369139.775
17 13 32834177.250
17 14 61240457.631
17 15 205805141.398
17 16 127577254.377
17 18 75483121.471
17 19 169562074.765
18 0 177998461.304
18 1 17950631.429
18 2 14109882.179
18 3 124805447.000
18 4 30252335.816
18 5 82578136.940
18 6 84215227.404
18 7 49595405.018
18 8 71963661.481
18 9 20599801.882
18 10 50665755.971
18 11 22248626.042
18 12 338098836.625
18 13 17437591.269
18 14 62194006.932
18 15 232661438.330
18 16 196724444.755
18 17 71062136.308
18 19 149339203.891
19 0 201450933.146
19 1 67231542.371
19 2 36031984.895
19 3 52453345.190
19 4 101490236.396
19 5 200720682.607
19 6 169795279.472
19 7 178502804.210
19 8 34241970.268
19 9 51298046.560
19 10 74358713.922
19 11 48859877.300
19 12 830682166.982
19 13 103988735.891
19 14 121908437.031
19 15 119195649.472
19 16 127406794.841
19 17 131080593.140
19 18 136752378.608
