380
0 1 84151990.495
0 2 299671266.856
0 3 391381461.662
0 4 24208343.354
0 5 181445222.093
0 6 241449805.591
0 7 230929472.823
0 8 417447008.169
0 9 88458855.005
0 10 173362708.508
0 11 269934321.561
0 12 834452193.786
0 13 38971475.176
0 14 288439349.980
0 15 1127181843.637
0 16 494013755.370
0 17 283322646.815
0 18 65738373.099
0 19 247167059.559
1 0 147364228.048
1 2 6416861.088
1 3 46002872.429
1 4 14314161.069
1 5 15505401.920
1 6 42679609.418
1 7 30987757.224
1 8 47884246.519
1 9 5291028.904
1 10 4490452.395
1 11 17963783.784
1 12 184861607.113
1 13 6871429.177
1 14 37199911.988
1 15 64763972.261
1 16 33449587.827
1 17 8801044.890
1 18 21590076.226
1 19 102971389.969
2 0 86881527.712
2 1 42116428.699
2 3 22296395.548
2 4 5835255.694
2 5 32485575.686
2 6 55378079.625
2 7 17400019.432
2 8 55465096.633
2 9 19286948.508
2 10 29201908.220
2 11 33771736.834
2 12 126125663.890
2 13 19304049.884
2 14 66860141.679
2 15 37283813.505
2 16 146731997.333
2 17 31165567.988
2 18 54556989.457
2 19 67966252.450
3 0 326168578.275
3 1 52004744.051
3 2 34085724.056
3 4 42781672.581
3 5 77163707.821
3 6 62573953.344
3 7 77913488.271
3 8 26566554.019
3 9 64310076.044
3 10 118456749.458
3 11 64566085.925
3 12 595052540.199
3 13 11448913.408
3 14 22513569.155
3 15 389839726.939
3 16 50002975.344
3 17 14641965.806
3 18 119125339.662
3 19 297014990.832
4 0 55643848.413
4 1 17734510.653
4 2 39576856.635
4 3 18267264.331
4 5 21366729.840
4 6 25030806.254
4 7 32585420.630
4 8 28779054.841
4 9 12498099.609
4 10 7728741.579
4 11 29192037.584
4 12 47032110.795
4 13 13624167.788
4 14 13238450.448
4 15 185207857.093
4 16 64710900.575
4 17 36978842.776
4 18 28493724.320
4 19 20590632.192
5 0 80535130.389
5 1 33648071.801
5 2 63633691.050
5 3 120388956.544
5 4 6006746.219
5 6 16835555.271
5 7 67227923.345
5 8 98521130.163
5 9 32411935.180
5 10 33975747.314
5 11 77403125.485
5 12 221276202.816
5 13 8175502.595
5 14 58640600.663
5 15 272166124.032
5 16 177286067.005
5 17 52497701.059
5 18 28302434.196
5 19 196711919.378
6 0 120984380.898
6 1 25451242.687
6 2 58155962.572
6 3 114344890.987
6 4 8521563.776
6 5 38536729.306
6 7 58850770.431
6 8 85750145.006
6 9 27717968.546
6 10 9708553.630
6 11 52968801.879
6 12 571473718.556
6 13 16240617.201
6 14 74630870.224
6 15 151918312.309
6 16 47974423.310
6 17 8059825.401
6 18 41155914.125
6 19 138190150.256
7 0 205204025.809
7 1 7759350.981
7 2 19423742.344
7 3 115371886.649
7 4 23576085.618
7 5 37108675.786
7 6 56587808.321
7 8 63295964.001
7 9 5309146.659
7 10 33102280.336
7 11 44867510.782
7 12 216454411.334
7 13 20395086.341
7 14 77049522.737
7 15 150521042.089
7 16 169036614.480
7 17 45378821.854
7 18 7691368.366
7 19 65531344.688
8 0 337520553.050
8 1 64184421.875
8 2 17601231.911
8 3 35178172.299
8 4 39516247.630
8 5 46888393.830
8 6 13932273.841
8 7 75588007.500
8 9 51408471.260
8 10 82832808.057
8 11 126184982.471
8 12 266700187.981
8 13 32475274.380
8 14 77310326.949
8 15 425649239.456
8 16 132640777.152
8 17 100389003.640
8 18 57061861.474
8 19 125738807.036
9 0 67545666.363
9 1 14351850.323
9 2 35524532.979
9 3 20340567.163
9 4 3413376.804
9 5 11081841.361
9 6 33923213.012
9 7 14999543.900
9 8 47334945.708
9 10 19741015.607
9 11 39979788.572
9 12 165511719.344
9 13 18412298.217
9 14 22602182.978
9 15 107724391.689
9 16 10117162.691
9 17 32968115.164
9 18 24557433.472
9 19 42390322.867
10 0 143570639.726
10 1 37184682.842
10 2 47345301.531
10 3 68587699.369
10 4 24959910.167
10 5 20558529.917
10 6 60871814.393
10 7 15843340.777
10 8 107200856.042
10 9 20276171.902
10 11 20402506.529
10 12 302097339.648
10 13 9126641.922
10 14 69323777.147
10 15 152185140.794
10 16 106421529.298
10 17 9913832.118
10 18 35527318.202
10 19 171571310.224
11 0 251569586.437
11 1 23117235.593
11 2 77556750.277
11 3 26189453.981
11 4 36031408.415
11 5 42561698.397
11 6 63526356.722
11 7 80450468.304
11 8 13164926.749
11 9 28080615.432
11 10 33539393.369
11 12 476376353.140
11 13 19948682.059
11 14 32119141.925
11 15 319755716.959
11 16 197667255.514
11 17 7704133.853
11 18 20038347.632
11 19 107868229.030
12 0 2052443161.109
12 1 169216204.480
12 2 439294883.744
12 3 682128823.665
12 4 111601075.420
12 5 365453667.071
12 6 488546201.921
12 7 602520094.896
12 8 655314239.777
12 9 36931913.842
12 10 414819475.859
12 11 64671676.816
12 13 136151956.429
12 14 314701699.502
12 15 821366473.876
12 16 387565429.240
12 17 174143377.416
12 18 551194180.854
12 19 192974877.985
13 0 127496767.263
13 1 17174539.490
13 2 32689060.796
13 3 46226644.526
13 4 10037915.360
13 5 24858599.899
13 6 24030147.411
13 7 32674646.546
13 8 26635830.875
13 9 20978933.066
13 10 14990741.771
13 11 15560966.579
13 12 239019942.713
13 14 36157228.273
13 15 125751108.999
13 16 40601012.153
13 17 4324016.475
13 18 31640494.078
13 19 32911552.156
14 0 279966464.233
14 1 31106622.355
14 2 53006018.889
14 3 13062070.439
14 4 16709419.634
14 5 85144937.540
14 6 39659276.708
14 7 46529453.947
14 8 100947703.009
14 9 13519500.168
14 10 30283123.816
14 11 27468591.248
14 12 62496217.635
14 13 38914282.172
14 15 293235318.493
14 16 212870415.511
14 17 73597780.892
14 18 53009292.671
14 19 118419686.944
15 0 615561691.939
15 1 96383712.698
15 2 92873746.396
15 3 465291010.074
15 4 162214581.892
15 5 287905317.364
15 6 59225311.593
15 7 379678664.287
15 8 139881888.553
15 9 67874755.982
15 10 384296195.415
15 11 182001948.164
15 12 2248305329.592
15 13 82902885.333
15 14 386547462.656
15 16 242579087.977
15 17 129694845.186
15 18 357671778.688
15 19 887661240.049
16 0 300391415.246
16 1 21729680.117
16 2 94200932.901
16 3 167153599.470
16 4 28990189.458
16 5 189035538.331
16 6 89125531.772
16 7 99043125.970
16 8 295949943.845
16 9 50347605.191
16 10 206608249.562
16 11 110848843.937
16 12 542019781.749
16 13 106535988.785
16 14 126955948.939
16 15 334116145.441
16 17 157469390.997
16 18 32747505.085
16 19 409220393.821
17 0 159857350.666
17 1 25825506.795
17 2 12694546.130
17 3 62408708.204
17 4 20252788.073
17 5 20953687.656
17 6 47719060.267
17 7 27205013.244
17 8 107493207.577
17 9 40676203.856
17 10 40843001.802
17 11 13446165.923
17 12 491174315.557
17 13 28752859.877
17 14 38792220.681
17 15 386625444.315
17 16 138502200.193
17 18 70652257.162
17 19 88349579.888
18 0 152726451.035
18 1 36690123.059
18 2 52837867.514
18 3 68310099.903
18 4 19295100.488
18 5 37502585.387
18 6 65260834.561
18 7 70237786.764
18 8 85384686.492
18 9 12489659.405
18 10 76044647.198
18 11 19177330.433
18 12 122851090.659
18 13 12691669.915
18 14 11159115.382
18 15 94412302.360
18 16 116508101.871
18 17 35395534.043
18 19 82367103.282
19 0 723634954.070
19 1 40162941.444
19 2 59523413.530
19 3 193005566.412
19 4 14346377.263
19 5 163761801.294
19 6 206158104.801
19 7 119946345.020
19 8 285220502.201
19 9 65817679.476
19 10 45058859.660
19 11 146325928.287
19 12 1013790134.052
19 13 72417499.013
19 14 143007153.643
19 15 376633964.829
19 16 209474486.189
19 17 105277891.622
19 18 118889488.365
