380
0 1 143757483.122
0 2 230589657.160
0 3 293968299.997
0 4 134893636.688
0 5 86577535.280
0 6 244956625.772
0 7 44793681.807
0 8 168907183.675
0 9 128722755.050
0 10 191092715.619
0 11 84744300.659
0 12 979324001.466
0 13 97967464.582
0 14 300709516.204
0 15 875256090.219
0 16 220179996.538
0 17 267778742.322
0 18 225084378.729
0 19 220871908.571
1 0 90807716.519
1 2 19508886.460
1 3 5651101.092
1 4 10396430.906
1 5 6930376.892
1 6 28105889.773
1 7 29569584.782
1 8 55624282.434
1 9 17185871.798
1 10 32402788.319
1 11 28084000.746
1 12 58488419.639
1 13 18704439.166
1 14 21251616.895
1 15 23274133.407
1 16 55290319.614
1 17 25638644.113
1 18 18324629.358
1 19 44485396.399
2 0 156121624.444
2 1 15128998.107
2 3 79772020.126
2 4 36181595.910
2 5 38798573.207
2 6 33262251.887
2 7 42987316.141
2 8 18264613.804
2 9 23150990.499
2 10 9095201.017
2 11 46726229.433
2 12 370025997.115
2 13 40245113.573
2 14 72470963.461
2 15 36365454.990
2 16 108905293.649
2 17 23686734.881
2 18 28481191.070
2 19 186691974.014
3 0 102225137.006
3 1 56043380.563
3 2 66252731.948
3 4 52810454.445
3 5 40371921.100
3 6 67077682.793
3 7 18541660.502
3 8 130314189.721
3 9 37884630.519
3 10 121163024.667
3 11 56046401.883
3 12 782791261.978
3 13 59673813.293
3 14 122125488.865
3 15 49038782.168
3 16 73689879.960
3 17 55394738.197
3 18 67401562.877
3 19 139649950.360
4 0 24400478.362
4 1 17113583.806
4 2 28236382.879
4 3 61833595.554
4 5 22908739.207
4 6 39952848.100
4 7 32292198.119
4 8 10857854.138
4 9 10483182.626
4 10 9769529.838
4 11 20983948.268
4 12 61134028.841
4 13 7523787.292
4 14 10960400.027
4 15 110950744.117
4 16 21497751.124
4 17 9782387.165
4 18 26639996.266
4 19 23820099.683
5 0 280593918.144
5 1 32835032.411
5 2 78153717.020
5 3 88365546.511
5 4 34625294.652
5 6 47991511.995
5 7 34977910.209
5 8 91803253.072
5 9 7992415.207
5 10 62599286.652
5 11 76257768.186
5 12 453643925.070
5 13 26960565.788
5 14 22840744.381
5 15 318112595.381
5 16 44334660.262
5 17 21939777.212
5 18 47325904.841
5 19 194610151.823
6 0 146156677.106
6 1 22453770.162
6 2 77644304.694
6 3 97269019.505
6 4 4590755.256
6 5 57717767.427
6 7 79683785.266
6 8 23086639.613
6 9 5317585.495
6 10 57610217.412
6 11 65882106.781
6 12 145602489.087
6 13 39027503.265
6 14 76266837.171
6 15 47454969.533
6 16 148953359.704
6 17 71665877.959
6 18 84901139.590
6 19 84535898.394
7 0 136707668.225
7 1 26443463.393
7 2 80072243.222
7 3 55575820.330
7 4 14128767.905
7 5 84780076.428
7 6 75653010.448
7 8 72026087.595
7 9 3879653.962
7 10 81989043.088
7 11 81073881.100
7 12 203815561.244
7 13 28769955.556
7 14 16682371.679
7 15 236954278.315
7 16 118893284.906
7 17 69683978.522
7 18 67390878.526
7 19 137880615.857
8 0 184687338.598
8 1 38914681.222
8 2 13729946.507
8 3 147866685.410
8 4 46350311.364
8 5 38179639.943
8 6 46681796.608
8 7 82364991.349
8 9 53630487.434
8 10 127461838.019
8 11 19625850.108
8 12 511669624.937
8 13 9319385.635
8 14 23996770.493
8 15 495786421.721
8 16 318801972.082
8 17 25835354.285
8 18 52829172.064
8 19 289060234.130
9 0 97772102.863
9 1 15002433.228
9 2 14423274.551
9 3 20025134.498
9 4 18482646.112
9 5 40235790.424
9 6 22592398.893
9 7 20933077.170
9 8 7941578.047
9 10 36916940.240
9 11 6951090.525
9 12 30038695.424
9 13 17747986.353
9 14 40721054.458
9 15 168868248.740
9 16 87758151.011
9 17 28134352.811
9 18 33938311.702
9 19 98746249.715
10 0 45839185.631
10 1 37580933.150
10 2 15466059.765
10 3 110504208.094
10 4 5448280.796
10 5 71527332.720
10 6 39889614.017
10 7 82191460.323
10 8 34950976.562
10 9 40243686.065
10 11 8148372.886
10 12 139810494.290
10 13 40414227.530
10 14 60236482.479
10 15 124978616.387
10 16 203126071.716
10 17 29817219.378
10 18 79028558.348
10 19 54073646.803
11 0 227551790.123
11 1 31565195.855
11 2 56567223.911
11 3 35554376.552
11 4 32719262.795
11 5 23858409.762
11 6 34539572.608
11 7 55774698.973
11 8 118230752.528
11 9 41978671.380
11 10 30268169.958
11 12 89051687.610
11 13 26669089.391
11 14 47471721.798
11 15 284258595.052
11 16 72978048.628
11 17 50644504.673
11 18 38297258.543
11 19 51874377.670
12 0 1267544507.318
12 1 123156247.417
12 2 379121643.612
12 3 245479783.145
12 4 40135886.754
12 5 161594023.339
12 6 192954794.981
12 7 301021575.409
12 8 374948284.122
12 9 131742318.794
12 10 113266879.340
12 11 547868424.049
12 13 105217532.409
12 14 61765583.819
12 15 2046543577.126
12 16 1239883227.401
12 17 243724195.060
12 18 110822981.298
12 19 150293227.828
13 0 30594292.224
13 1 13869597.705
13 2 15361190.192
13 3 38931343.463
13 4 12798470.956
13 5 25993747.995
13 6 14780980.761
13 7 11298075.603
13 8 55685126.327
13 9 17862366.810
13 10 29043542.047
13 11 25641141.318
13 12 245461847.138
13 14 28882549.112
13 15 158763900.930
13 16 19165089.033
13 17 13017777.183
13 18 4720034.701
13 19 87132330.669
14 0 240260907.939
14 1 16331471.719
14 2 62909685.396
14 3 50905544.955
14 4 9384665.384
14 5 57808270.036
14 6 43797536.128
14 7 58164874.104
14 8 115947146.847
14 9 21175571.417
14 10 84108153.217
14 11 39257558.402
14 12 67656579.987
14 13 14289725.400
14 15 73034114.868
14 16 74518177.666
14 17 48716298.824
14 18 69349474.451
14 19 163599010.770
15 0 149678410.883
15 1 173138962.216
15 2 103947322.655
15 3 234284559.632
15 4 78860666.934
15 5 150079644.900
15 6 289007386.476
15 7 107145686.379
15 8 410056626.266
15 9 59734872.445
15 10 375394708.326
15 11 93663200.299
15 12 2179541969.215
15 13 23786371.639
15 14 365437932.964
15 16 227041332.122
15 17 122578460.688
15 18 197030121.730
15 19 572219953.097
16 0 73065598.957
16 1 41767742.099
16 2 106492708.820
16 3 206238457.333
16 4 72448769.835
16 5 71619226.648
16 6 46404422.951
16 7 108492046.182
16 8 99162418.419
16 9 60288170.352
16 10 153926482.296
16 11 51907854.385
16 12 522255428.602
16 13 95363041.760
16 14 157126194.221
16 15 339765148.614
16 17 82797164.774
16 18 69345646.622
16 19 441266562.819
17 0 265373345.890
17 1 4124629.396
17 2 44524540.014
17 3 19377439.516
17 4 7639321.382
17 5 8061051.484
17 6 69360625.927
17 7 35717659.618
17 8 67611895.120
17 9 20763185.103
17 10 78370162.232
17 11 53344967.611
17 12 258195652.466
17 13 41895529.977
17 14 33015649.930
17 15 305981398.198
17 16 60522993.050
17 18 34259633.906
17 19 39499001.923
18 0 127727326.804
18 1 20360293.533
18 2 24470599.651
18 3 94455746.261
18 4 10910397.299
18 5 74203605.215
18 6 13889441.019
18 7 82380872.840
18 8 56868689.080
18 9 39523096.514
18 10 77006820.930
18 11 52167889.694
18 12 330305941.966
18 13 9496736.571
18 14 80545109.618
18 15 334709437.073
18 16 188543613.521
18 17 72451208.392
18 19 109053046.934
19 0 370946336.956
19 1 44806138.005
19 2 30975589.581
19 3 27620797.572
19 4 44242846.906
19 5 40853522.186
19 6 59828565.081
19 7 68456677.061
19 8 104557851.440
19 9 11567289.151
19 10 24757793.460
19 11 49075186.862
19 12 1405976324.694
19 13 35385774.779
19 14 32224221.707
19 15 471533957.875
19 16 80400389.225
19 17 111089263.175
19 18 64515036.590
