380
0 1 37124485.327
0 2 108421943.432
0 3 414302311.562
0 4 109179339.761
0 5 212317632.813
0 6 55044641.780
0 7 134167716.325
0 8 112422791.878
0 9 14133252.778
0 10 240592422.048
0 11 130685770.938
0 12 1286955404.472
0 13 108718620.317
0 14 81527394.597
0 15 1223289142.874
0 16 372032475.184
0 17 148108088.412
0 18 161116947.080
0 19 347440279.448
1 0 127135011.791
1 2 7233258.547
1 3 54209332.271
1 4 18525116.262
1 5 36684579.079
1 6 7351194.358
1 7 37325741.258
1 8 29719752.616
1 9 8202510.129
1 10 31438290.441
1 11 9529341.636
1 12 167203530.769
1 13 5869407.949
1 14 28111010.394
1 15 113235383.543
1 16 59571023.020
1 17 26569715.399
1 18 12615252.748
1 19 19121135.912
2 0 89553789.219
2 1 39095711.174
2 3 112521565.269
2 4 24451329.659
2 5 63745857.637
2 6 25225045.106
2 7 69084668.135
2 8 41759964.323
2 9 14922091.888
2 10 61700254.481
2 11 30174071.902
2 12 592575434.982
2 13 9385561.465
2 14 61155872.557
2 15 56217519.272
2 16 196535467.449
2 17 27187927.039
2 18 49341174.228
2 19 137995691.638
3 0 304102541.783
3 1 52285110.927
3 2 38976616.986
3 4 51160723.501
3 5 84242677.100
3 6 81915638.876
3 7 66127676.101
3 8 111385361.510
3 9 31950851.120
3 10 15153449.072
3 11 103459919.546
3 12 481706169.148
3 13 39919140.607
3 14 77169556.987
3 15 433139797.757
3 16 188985243.718
3 17 120869666.544
3 18 126710738.045
3 19 277027060.961
4 0 65074371.639
4 1 19084937.506
4 2 14816725.763
4 3 9100015.587
4 5 14341972.678
4 6 38938910.572
4 7 18936514.169
4 8 44612216.880
4 9 7570570.438
4 10 15323087.341
4 11 37688641.721
4 12 29146806.634
4 13 20836183.766
4 14 9758972.899
4 15 162767122.068
4 16 44300345.309
4 17 26387060.930
4 18 18249308.157
4 19 33188104.117
5 0 204083868.254
5 1 17774542.511
5 2 61113562.209
5 3 99312753.988
5 4 40865662.994
5 6 72205257.998
5 7 40421792.189
5 8 36836439.376
5 9 27553978.898
5 10 51527896.432
5 11 26204023.170
5 12 98280986.421
5 13 33810006.561
5 14 47657636.811
5 15 381399058.146
5 16 175725288.581
5 17 7994592.370
5 18 71956117.707
5 19 31247153.542
6 0 46690471.896
6 1 26606058.350
6 2 38708391.833
6 3 26413956.280
6 4 24649369.034
6 5 72787885.878
6 7 52312126.936
6 8 22895136.876
6 9 29177758.313
6 10 19514031.990
6 11 9441017.644
6 12 210698680.816
6 13 10201528.610
6 14 39037535.367
6 15 169482675.409
6 16 212985707.268
6 17 24893139.925
6 18 17359111.118
6 19 121812496.356
7 0 206205411.250
7 1 40594120.382
7 2 38039463.079
7 3 61394122.202
7 4 25756617.527
7 5 40929060.073
7 6 83523865.920
7 8 99948780.804
7 9 25748571.240
7 10 44221846.520
7 11 15357011.030
7 12 89392166.502
7 13 37991526.047
7 14 34778359.917
7 15 63282613.780
7 16 103271370.634
7 17 51347793.491
7 18 44656237.607
7 19 22754287.603
8 0 192185168.438
8 1 6871911.797
8 2 80851347.951
8 3 25397239.296
8 4 24516731.983
8 5 11930776.546
8 6 103456474.038
8 7 82089491.280
8 9 26628533.545
8 10 51565367.860
8 11 84509405.697
8 12 707938270.713
8 13 21104699.129
8 14 120556154.900
8 15 559607639.688
8 16 119875182.593
8 17 101728359.798
8 18 104729190.144
8 19 109251527.313
9 0 142577040.096
9 1 12246761.808
9 2 40152984.575
9 3 25992803.144
9 4 6284617.317
9 5 18721943.283
9 6 20054983.448
9 7 21118275.721
9 8 9337540.088
9 10 27183649.574
9 11 22826352.283
9 12 206524503.454
9 13 2471029.996
9 14 37545229.065
9 15 140654506.035
9 16 46046091.989
9 17 21714086.413
9 18 11319017.050
9 19 16474751.881
10 0 126454558.884
10 1 23452781.383
10 2 40681511.584
10 3 90443240.145
10 4 26913599.632
10 5 72367160.075
10 6 42275366.280
10 7 77590429.808
10 8 51171229.932
10 9 22758842.124
10 11 17636209.539
10 12 577368452.306
10 13 32535754.554
10 14 17831742.782
10 15 94342790.859
10 16 127730463.206
10 17 15565879.162
10 18 39020379.444
10 19 122675489.360
11 0 119784597.613
11 1 19112819.652
11 2 23101920.179
11 3 52659375.325
11 4 15040914.855
11 5 43258447.334
11 6 54049888.281
11 7 30940192.702
11 8 56028824.241
11 9 11510653.171
11 10 10121947.605
11 12 323680435.979
11 13 18280659.835
11 14 27811247.714
11 15 41476838.803
11 16 33260476.403
11 17 74676321.250
11 18 40548265.123
11 19 186824219.177
12 0 1146726627.067
12 1 37977367.621
12 2 269655462.692
12 3 540868265.252
12 4 182529859.683
12 5 372995952.693
12 6 523534870.213
12 7 64056371.260
12 8 683657393.537
12 9 265809348.204
12 10 366252420.106
12 11 216370495.245
12 13 142507376.991
12 14 152758498.760
12 15 437077747.415
12 16 224104834.823
12 17 488951580.226
12 18 475995891.596
12 19 1187931903.582
13 0 150292392.950
13 1 14612310.852
13 2 23901277.812
13 3 26086282.133
13 4 19057592.488
13 5 26352175.316
13 6 35355421.103
13 7 30522197.696
13 8 24605003.821
13 9 15690804.645
13 10 4223875.510
13 11 26167251.038
13 12 93610311.798
13 14 6238889.037
13 15 131921675.394
13 16 86319006.352
13 17 37388070.397
13 18 8531811.884
13 19 36736470.218
14 0 28675234.138
14 1 16697092.578
14 2 42103696.943
14 3 76485968.900
14 4 22950791.735
14 5 27405259.068
14 6 65617707.423
14 7 10682783.185
14 8 55446150.097
14 9 41961895.087
14 10 20613882.627
14 11 57484799.663
14 12 538935911.201
14 13 8382022.014
14 15 98725788.861
14 16 67442942.450
14 17 63495345.325
14 18 42763243.689
14 19 87428235.348
15 0 1014750837.989
15 1 60182444.190
15 2 207607597.033
15 3 219831483.776
15 4 104417232.521
15 5 34739132.063
15 6 281850862.172
15 7 339241322.304
15 8 523953205.035
15 9 135336664.606
15 10 55859737.229
15 11 110362970.430
15 12 1451763072.330
15 13 111904866.349
15 14 72807000.751
15 16 170585085.967
15 17 368630894.854
15 18 58273458.606
15 19 118406451.540
16 0 122470522.778
16 1 25759275.597
16 2 61922645.425
16 3 209011466.513
16 4 60081408.349
16 5 168059841.380
16 6 166029160.627
16 7 127112454.516
16 8 291122790.090
16 9 17922384.382
16 10 23290092.877
16 11 91517720.887
16 12 428095955.672
16 13 35238070.733
16 14 20518039.846
16 15 437439772.768
16 17 23989266.755
16 18 26826445.749
16 19 484159531.583
17 0 114380300.718
17 1 42613097.421
17 2 14141694.311
17 3 46516484.407
17 4 19586628.878
17 5 30442865.009
17 6 44844731.367
17 7 51845025.891
17 8 119041884.502
17 9 18754218.925
17 10 48322211.361
17 11 61418426.725
17 12 358206706.471
17 13 37235938.054
17 14 34218073.490
17 15 336531293.386
17 16 44017216.705
17 18 38772222.108
17 19 58280093.631
18 0 168811765.258
18 1 31452158.150
18 2 44862619.242
18 3 51635998.916
18 4 12221352.432
18 5 76596033.246
18 6 43826480.220
18 7 60573986.912
18 8 121480608.600
18 9 12046316.142
18 10 76725772.677
18 11 32157121.145
18 12 57021287.639
18 13 5736400.984
18 14 37158438.232
18 15 96398944.462
18 16 187025246.451
18 17 50958866.906
18 19 153291680.676
19 0 286799900.761
19 1 28983038.882
19 2 166797424.011
19 3 288402447.373
19 4 59824426.353
19 5 186166772.834
19 6 119018608.660
19 7 91344633.881
19 8 281237049.686
19 9 54576704.468
19 10 60392689.370
19 11 111558201.380
19 12 947754813.053
19 13 30651500.385
19 14 22356067.133
19 15 921153335.114
19 16 283554202.468
19 17 51749451.334
19 18 124852904.994
