380
0 1 51312988.740
0 2 98949553.501
0 3 89137479.448
0 4 70464139.791
0 5 259068607.323
0 6 235227900.158
0 7 240032057.720
0 8 158974056.768
0 9 136725897.936
0 10 52308949.317
0 11 59636528.429
0 12 1420113128.771
0 13 76385899.756
0 14 120005896.341
0 15 640799039.337
0 16 226196906.204
0 17 191963431.706
0 18 90654929.069
0 19 146957486.445
1 0 91327902.918
1 2 33310372.524
1 3 31061666.355
1 4 15484202.879
1 5 33855639.376
1 6 13962712.515
1 7 6454558.105
1 8 16083991.614
1 9 9839618.038
1 10 32682146.493
1 11 13351692.862
1 12 189096849.438
1 13 7839980.177
1 14 35492725.622
1 15 37289635.442
1 16 40312415.366
1 17 27012979.792
1 18 21178495.754
1 19 91401496.441
2 0 224045103.459
2 1 7931953.299
2 3 28829799.297
2 4 33172372.912
2 5 34305169.487
2 6 19158509.905
2 7 63358645.932
2 8 48785835.717
2 9 8942627.442
2 10 21286212.188
2 11 67166200.825
2 12 574774392.933
2 13 27112602.862
2 14 73651158.192
2 15 300710539.926
2 16 43323888.818
2 17 82552728.396
2 18 46361289.985
2 19 79977750.651
3 0 97456104.379
3 1 22788712.408
3 2 89711343.278
3 4 35963953.958
3 5 86186554.370
3 6 75158462.509
3 7 105252088.657
3 8 93697970.365
3 9 43479982.602
3 10 46190579.224
3 11 11586255.600
3 12 126922060.342
3 13 24489922.176
3 14 35354431.287
3 15 127393379.724
3 16 209327130.179
3 17 33490761.757
3 18 69653125.114
3 19 257303679.658
4 0 14918612.243
4 1 8958299.917
4 2 17638998.206
4 3 44943757.421
4 5 7856485.462
4 6 37175734.753
4 7 28258681.826
4 8 6589564.754
4 9 9387711.007
4 10 29599895.445
4 11 23817214.229
4 12 278749121.372
4 13 2540130.596
4 14 26084836.817
4 15 100295705.096
4 16 86880857.772
4 17 14835810.476
4 18 30415454.330
4 19 65838416.669
5 0 135211907.552
5 1 31354306.152
5 2 20366756.778
5 3 38400848.748
5 4 16955252.028
5 6 51885899.621
5 7 83672076.013
5 8 49856188.082
5 9 18500988.021
5 10 39980363.350
5 11 61311037.907
5 12 512398186.655
5 13 25117619.968
5 14 11566171.053
5 15 340943200.728
5 16 186440432.556
5 17 62499803.297
5 18 31936809.894
5 19 24115808.554
6 0 53279988.435
6 1 19560978.449
6 2 66127680.930
6 3 35626617.179
6 4 27948236.701
6 5 82033158.306
6 7 30990826.342
6 8 17420667.717
6 9 22803037.073
6 10 69194215.893
6 11 71461449.298
6 12 428616641.948
6 13 32752590.277
6 14 9423003.936
6 15 102193869.115
6 16 59168145.476
6 17 38067805.376
6 18 39710279.392
6 19 62931336.682
7 0 49584098.773
7 1 4920494.177
7 2 18347296.067
7 3 48039929.882
7 4 11001320.253
7 5 45606128.016
7 6 63626456.891
7 8 49347740.085
7 9 24830077.510
7 10 21605734.959
7 11 40718683.908
7 12 347902653.741
7 13 16747278.542
7 14 28168135.693
7 15 381932887.278
7 16 121197016.947
7 17 7220134.078
7 18 75375534.087
7 19 172413159.990
8 0 242587394.027
8 1 19463730.203
8 2 104923266.475
8 3 187712940.674
8 4 38506316.872
8 5 122826148.112
8 6 113271033.317
8 7 52147910.699
8 9 21348220.008
8 10 69044608.480
8 11 83246370.683
8 12 208845605.855
8 13 55319601.988
8 14 75362763.453
8 15 548040296.852
8 16 63352059.172
8 17 105900841.720
8 18 34952712.439
8 19 312028260.593
9 0 42273022.246
9 1 21378245.622
9 2 41033882.318
9 3 48252503.827
9 4 2933795.989
9 5 42322073.587
9 6 34238400.146
9 7 39483258.636
9 8 42259043.310
9 10 38549134.163
9 11 14981113.578
9 12 231131517.038
9 13 8762055.201
9 14 14809269.310
9 15 136181535.607
9 16 61910467.624
9 17 24581485.749
9 18 26435248.962
9 19 51224011.608
10 0 113854386.507
10 1 29670328.641
10 2 26135510.334
10 3 22033595.374
10 4 41560697.545
10 5 54819737.514
10 6 24277706.977
10 7 8670029.252
10 8 122754601.432
10 9 7773017.886
10 11 16173663.497
10 12 542471829.261
10 13 33038197.799
10 14 79655177.579
10 15 380135002.861
10 16 84993417.101
10 17 15276499.056
10 18 12387824.458
10 19 193216731.702
11 0 188865058.645
11 1 41423445.670
11 2 83365310.100
11 3 109355389.537
11 4 4719563.471
11 5 7330970.521
11 6 76659837.031
11 7 23679355.947
11 8 47818856.105
11 9 34321173.851
11 10 79212508.730
11 12 96584441.270
11 13 40360322.048
11 14 52356595.014
11 15 48079156.748
11 16 104930294.587
11 17 47003813.453
11 18 47915831.573
11 19 190201224.300
12 0 1623817043.643
12 1 120293320.981
12 2 535796280.460
12 3 616365409.393
12 4 252671411.032
12 5 160972469.787
12 6 144704003.621
12 7 115370741.462
12 8 415495934.498
12 9 180619728.822
12 10 101328241.670
12 11 548850546.017
12 13 42659914.209
12 14 207375572.373
12 15 1621107514.235
12 16 1309040709.263
12 17 146935585.779
12 18 345189388.394
12 19 909930440.554
13 0 95489058.376
13 1 20298913.285
13 2 4870057.029
13 3 22238829.180
13 4 2629596.596
13 5 38964572.369
13 6 22799253.496
13 7 22287571.496
13 8 56876397.537
13 9 11367029.432
13 10 42603902.280
13 11 21991694.680
13 12 194277147.996
13 14 14045035.668
13 15 56932945.868
13 16 16992403.076
13 17 17133423.215
13 18 26107510.507
13 19 58203002.279
14 0 158635904.916
14 1 42551656.535
14 2 9203973.853
14 3 19853264.459
14 4 12168929.285
14 5 26357037.616
14 6 79042168.558
14 7 52113623.107
14 8 68037298.284
14 9 3830736.869
14 10 46995587.317
14 11 52746879.492
14 12 280327105.496
14 13 9706950.029
14 15 208989268.436
14 16 54540385.240
14 17 70189074.117
14 18 71472540.854
14 19 21198864.636
15 0 871337413.331
15 1 182222626.576
15 2 381769450.907
15 3 534066092.267
15 4 23483122.598
15 5 225503973.879
15 6 226075966.838
15 7 52406020.969
15 8 132414634.067
15 9 58113087.052
15 10 128423842.702
15 11 202439448.311
15 12 1742301474.675
15 13 18385985.707
15 14 209511366.380
15 16 324734771.771
15 17 58572157.200
15 18 343719003.708
15 19 242235684.420
16 0 309853963.733
16 1 81896823.984
16 2 143439731.812
16 3 280300665.388
16 4 74138237.170
16 5 19846129.941
16 6 104214766.969
16 7 203807552.154
16 8 32114364.453
16 9 47275609.057
16 10 204180998.800
16 11 126537244.309
16 12 1230841639.614
16 13 66001156.825
16 14 168769928.580
16 15 889569297.507
16 17 205880946.458
16 18 72958607.312
16 19 467751938.008
17 0 282085148.329
17 1 13301116.687
17 2 32216526.871
17 3 22030392.140
17 4 18200744.276
17 5 44040257.412
17 6 11180313.086
17 7 7451866.102
17 8 84244834.542
17 9 29283981.537
17 10 84754068.812
17 11 70788875.579
17 12 169166599.291
17 13 36094371.994
17 14 69400725.125
17 15 180043189.233
17 16 119365352.215
17 18 18248566.818
17 19 177669540.813
18 0 88924523.901
18 1 37263655.505
18 2 41966077.258
18 3 39787832.371
18 4 41547025.610
18 5 35409305.753
18 6 31516401.594
18 7 45371101.343
18 8 16971167.879
18 9 42424049.108
18 10 37469982.425
18 11 82868004.769
18 12 534827919.616
18 13 28503635.346
18 14 21642895.157
18 15 189283975.138
18 16 50078110.667
18 17 49961673.264
18 19 103716365.540
19 0 72006211.719
19 1 46973782.800
19 2 62207709.031
19 3 187859325.862
19 4 65647159.283
19 5 124138421.130
19 6 157289089.408
19 7 133698764.274
19 8 52097796.638
19 9 55808048.210
19 10 24904061.223
19 11 172417576.239
19 12 234092846.610
19 13 13831488.524
19 14 161519951.814
19 15 571173218.947
19 16 105380731.116
19 17 172705574.011
19 18 29999066.973
