380
0 1 107098536.005
0 2 293787578.828
0 3 119642938.321
0 4 131688407.489
0 5 254560968.005
0 6 192855164.824
0 7 216967262.411
0 8 202928098.133
0 9 56329024.118
0 10 183216575.599
0 11 250530131.193
0 12 1975628079.839
0 13 79131528.949
0 14 245394419.791
0 15 1248945368.908
0 16 600040189.233
0 17 216032925.685
0 18 214563224.195
0 19 419496054.015
1 0 110751923.048
1 2 39119227.502
1 3 47435312.533
1 4 5565065.146
1 5 41742166.760
1 6 3840157.248
1 7 39556905.516
1 8 20784385.558
1 9 9234157.827
1 10 42272577.877
1 11 16175716.455
1 12 62608947.828
1 13 13875202.127
1 14 4148077.406
1 15 58837220.198
1 16 32356066.211
1 17 29475842.103
1 18 38713052.074
1 19 79443652.353
2 0 286378139.680
2 1 8013579.956
2 3 92600612.193
2 4 41839541.227
2 5 26605409.297
2 6 54316334.617
2 7 44186201.418
2 8 89988538.689
2 9 28594985.653
2 10 45942370.525
2 11 29430161.747
2 12 195451683.811
2 13 8533963.350
2 14 62378047.086
2 15 294923383.551
2 16 132515139.970
2 17 19091388.081
2 18 17744126.641
2 19 170990099.253
3 0 40338950.014
3 1 61121986.214
3 2 71926647.353
3 4 22389310.011
3 5 106020830.479
3 6 18373921.133
3 7 57096151.032
3 8 146686136.620
3 9 14348296.172
3 10 98926381.115
3 11 46977377.657
3 12 350246328.338
3 13 17705813.503
3 14 16959470.164
3 15 481298682.407
3 16 84138698.235
3 17 17409755.058
3 18 86578442.505
3 19 131381170.445
4 0 87174743.682
4 1 19537490.884
4 2 12845505.884
4 3 10276241.339
4 5 41184072.146
4 6 19346131.419
4 7 9431890.887
4 8 54334426.282
4 9 12747630.898
4 10 20961184.180
4 11 19167938.807
4 12 231115079.099
4 13 18156578.984
4 14 18862824.686
4 15 120838448.719
4 16 50618952.015
4 17 27345073.613
4 18 31386022.608
4 19 66895926.470
5 0 249771061.271
5 1 20868825.397
5 2 31868981.497
5 3 123469361.270
5 4 11289559.087
5 6 11488054.935
5 7 51381937.856
5 8 112619985.970
5 9 18551756.469
5 10 36642655.665
5 11 85215247.483
5 12 132295445.868
5 13 4398523.161
5 14 26408173.305
5 15 370743799.324
5 16 142045105.995
5 17 65364219.672
5 18 54621564.544
5 19 51340651.886
6 0 161125190.890
6 1 24087722.871
6 2 56508334.464
6 3 29521167.759
6 4 29487697.919
6 5 42292327.709
6 7 77383508.738
6 8 17346614.945
6 9 24740399.147
6 10 69503876.334
6 11 81718730.922
6 12 319591624.480
6 13 20674501.100
6 14 36414478.208
6 15 317561102.388
6 16 110793918.249
6 17 80893598.941
6 18 52289624.659
6 19 131219100.893
7 0 190226694.608
7 1 24558274.824
7 2 56528198.131
7 3 25579300.714
7 4 13550624.863
7 5 73622969.390
7 6 13682367.722
7 8 24717281.166
7 9 28249843.602
7 10 28332179.331
7 11 10110976.613
7 12 146152187.341
7 13 39522774.566
7 14 64360567.218
7 15 287075791.766
7 16 94377293.203
7 17 8659242.809
7 18 68434124.028
7 19 137606663.181
8 0 423830492.853
8 1 41113549.401
8 2 65633116.638
8 3 123414718.072
8 4 50667749.798
8 5 34810858.177
8 6 89660385.508
8 7 33564233.079
8 9 24527903.950
8 10 89993260.050
8 11 42869733.264
8 12 776430738.598
8 13 58134258.379
8 14 101186606.787
8 15 334278580.061
8 16 156886876.834
8 17 111427091.150
8 18 22446495.977
8 19 129420169.221
9 0 99069344.856
9 1 20526515.760
9 2 36354129.374
9 3 7978015.539
9 4 9008275.423
9 5 24724522.868
9 6 40403475.058
9 7 5795061.406
9 8 31138028.633
9 10 42884197.931
9 11 12418613.362
9 12 270613388.937
9 13 12903989.638
9 14 35935388.182
9 15 118630583.869
9 16 84814104.903
9 17 10802056.811
9 18 3885959.281
9 19 10281869.815
10 0 166174099.341
10 1 38918340.466
10 2 83728867.651
10 3 18995320.000
10 4 24704046.469
10 5 63608083.490
10 6 79985938.114
10 7 57943232.516
10 8 67599873.155
10 9 11519446.866
10 11 19088196.458
10 12 319271203.694
10 13 16265051.221
10 14 50721209.819
10 15 88597386.779
10 16 126819956.822
10 17 35185623.922
10 18 12332101.286
10 19 64958289.736
11 0 40564052.592
11 1 30807815.805
11 2 38522499.640
11 3 45403881.841
11 4 42919710.993
11 5 46820973.218
11 6 35267633.499
11 7 76729415.054
11 8 95538797.687
11 9 35919340.159
11 10 63308292.894
11 12 317602099.072
11 13 16980382.039
11 14 85012300.733
11 15 238570278.405
11 16 172406466.358
11 17 45078709.261
11 18 16163081.289
11 19 86038427.822
12 0 1190290880.951
12 1 197548569.855
12 2 594960920.697
12 3 865566111.836
12 4 35970328.205
12 5 317880828.631
12 6 74599691.611
12 7 521902775.793
12 8 705663658.877
12 9 140612279.109
12 10 554335270.485
12 11 455632728.252
12 13 210228242.363
12 14 548232319.696
12 15 1475596244.994
12 16 1488158375.979
12 17 572625415.213
12 18 556662111.867
12 19 1398072145.147
13 0 63950678.889
13 1 21161319.061
13 2 15552570.130
13 3 5552188.918
13 4 19266425.578
13 5 23951036.001
13 6 41612482.791
13 7 13826422.968
13 8 11594266.690
13 9 17648067.505
13 10 25184734.875
13 11 21953793.024
13 12 63285547.742
13 14 11234758.823
13 15 142680533.738
13 16 29855442.554
13 17 3793331.233
13 18 5380737.021
13 19 12214150.142
14 0 217531020.989
14 1 15727551.748
14 2 35272979.254
14 3 127191411.777
14 4 6799281.865
14 5 26403089.982
14 6 16005342.276
14 7 43979510.840
14 8 74711069.880
14 9 7844596.599
14 10 42362582.151
14 11 23967019.990
14 12 570683662.116
14 13 34459842.429
14 15 78319930.854
14 16 35123859.206
14 17 40695862.463
14 18 75147701.878
14 19 170051796.370
15 0 592093954.565
15 1 39070367.673
15 2 178097637.779
15 3 248794097.374
15 4 115532268.421
15 5 365101273.165
15 6 129636109.954
15 7 151257578.501
15 8 278054783.148
15 9 175101023.443
15 10 190130576.049
15 11 56099028.166
15 12 846308703.804
15 13 80349402.680
15 14 84187831.749
15 16 626046284.469
15 17 354543765.879
15 18 265526305.906
15 19 658515444.789
16 0 305834839.399
16 1 22457261.076
16 2 111357468.312
16 3 295762985.808
16 4 50257693.509
16 5 72755814.614
16 6 60427961.119
16 7 80270354.860
16 8 260481269.965
16 9 81072855.760
16 10 202136564.599
16 11 37518068.964
16 12 1454271746.803
16 13 28598511.005
16 14 91482357.950
16 15 304036454.162
16 17 112982635.281
16 18 26816976.571
16 19 132129264.531
17 0 194083009.943
17 1 27656433.833
17 2 76330348.582
17 3 80334248.936
17 4 10609019.207
17 5 64720344.928
17 6 56686698.877
17 7 7694931.824
17 8 22815058.663
17 9 15324332.087
17 10 54409322.915
17 11 53791051.172
17 12 319435101.069
17 13 39382081.408
17 14 36135192.049
17 15 176442822.583
17 16 47954417.659
17 18 16468320.937
17 19 214468910.963
18 0 47392142.152
18 1 8209657.358
18 2 82584040.387
18 3 18848885.004
18 4 41780724.147
18 5 79377730.534
18 6 13275829.653
18 7 49228018.461
18 8 20003468.305
18 9 8973568.123
18 10 80767806.707
18 11 43774642.002
18 12 482565597.406
18 13 35494715.166
18 14 14713373.179
18 15 43582643.878
18 16 110719969.885
18 17 28140815.075
18 19 31391735.370
19 0 342872356.572
19 1 42520432.680
19 2 42303023.933
19 3 151443948.254
19 4 42092981.910
19 5 179045755.102
19 6 184322878.404
19 7 120825485.038
19 8 263303904.317
19 9 29728051.809
19 10 120142601.433
19 11 210082590.329
19 12 902318922.140
19 13 106173251.461
19 14 200258331.750
19 15 299790404.333
19 16 339188123.065
19 17 143892183.903
19 18 21875213.509
