380
0 1 39812320.758
0 2 58536001.055
0 3 315109037.295
0 4 138788851.033
0 5 169877031.844
0 6 122415624.482
0 7 195488002.831
0 8 181692085.501
0 9 85407770.983
0 10 265641858.860
0 11 216842265.247
0 12 1277316400.655
0 13 45165533.653
0 14 108854254.286
0 15 930885800.196
0 16 630741858.398
0 17 202145666.619
0 18 140924328.168
0 19 481805831.700
1 0 106043456.785
1 2 8594954.231
1 3 40507260.782
1 4 3201806.700
1 5 38997562.304
1 6 32853350.089
1 7 23852697.743
1 8 19286461.084
1 9 18246657.704
1 10 36523938.204
1 11 35033540.617
1 12 276813975.684
1 13 18756061.727
1 14 33975434.772
1 15 80597489.248
1 16 100096654.016
1 17 4384066.683
1 18 20550679.513
1 19 40665247.534
2 0 132064815.611
2 1 37571098.364
2 3 35631057.496
2 4 9730758.927
2 5 34125423.392
2 6 54664978.188
2 7 72298061.975
2 8 120499199.905
2 9 29954909.128
2 10 14252215.451
2 11 39519222.738
2 12 254472917.789
2 13 7084247.382
2 14 55801700.180
2 15 329349803.785
2 16 31906134.185
2 17 19455014.592
2 18 69677688.683
2 19 188380331.238
3 0 94521363.310
3 1 57619420.727
3 2 44249072.344
3 4 43390343.080
3 5 25614438.055
3 6 125010809.248
3 7 101796348.341
3 8 135250877.706
3 9 36930855.428
3 10 97372175.362
3 11 17332802.380
3 12 127160634.759
3 13 20342625.148
3 14 125695491.845
3 15 72675464.768
3 16 129664738.786
3 17 81223412.141
3 18 17610185.728
3 19 28997724.413
4 0 58243542.452
4 1 4976951.555
4 2 22153780.713
4 3 30146199.809
4 5 42128398.485
4 6 10626229.464
4 7 14241434.273
4 8 8406873.533
4 9 3096219.437
4 10 19558432.462
4 11 36357859.665
4 12 25818398.044
4 13 3270906.908
4 14 30749916.775
4 15 145123730.534
4 16 10258999.759
4 17 36657715.414
4 18 9158461.215
4 19 92281388.127
5 0 166811627.126
5 1 34180678.603
5 2 25934796.350
5 3 31988508.383
5 4 41671956.343
5 6 73294438.831
5 7 45825902.456
5 8 57139293.620
5 9 8123676.085
5 10 69796976.639
5 11 47895412.669
5 12 183816949.213
5 13 33809858.204
5 14 32083590.687
5 15 93138368.182
5 16 213688106.805
5 17 22556583.757
5 18 63469289.336
5 19 63425053.046
6 0 78786813.456
6 1 24005569.281
6 2 72479203.170
6 3 15589004.614
6 4 18114105.429
6 5 69657674.830
6 7 24977963.308
6 8 13024969.865
6 9 18044677.097
6 10 46598905.261
6 11 78664887.344
6 12 383232979.323
6 13 19842644.483
6 14 18114961.700
6 15 231663764.573
6 16 137251729.422
6 17 72483101.264
6 18 58601520.717
6 19 102354152.866
7 0 223678300.049
7 1 18758060.734
7 2 85578008.410
7 3 64079054.853
7 4 24961282.696
7 5 71516880.211
7 6 17269401.692
7 8 92902490.489
7 9 8943270.614
7 10 14165537.186
7 11 64306140.407
7 12 551465799.015
7 13 20481334.723
7 14 57750008.990
7 15 241271702.660
7 16 152776038.320
7 17 73257759.757
7 18 62729003.474
7 19 84057978.629
8 0 134223042.502
8 1 10762470.137
8 2 96545563.740
8 3 26156295.417
8 4 33955176.229
8 5 88009605.553
8 6 30343963.598
8 7 53268136.563
8 9 59033676.277
8 10 15432765.753
8 11 120130877.161
8 12 323428153.287
8 13 16909386.213
8 14 24421039.661
8 15 165589448.031
8 16 178356906.187
8 17 17561461.020
8 18 124751758.811
8 19 227648853.386
9 0 44478925.813
9 1 9538931.666
9 2 17247902.922
9 3 8403678.674
9 4 7195868.254
9 5 28033814.397
9 6 11766225.936
9 7 37669296.425
9 8 55613974.956
9 10 16598891.768
9 11 23031449.274
9 12 134569094.365
9 13 20426435.341
9 14 25967827.760
9 15 111418058.637
9 16 64925805.477
9 17 29548184.102
9 18 28833078.328
9 19 40743216.029
10 0 270803623.078
10 1 33747983.855
10 2 46864565.106
10 3 83757835.030
10 4 16117083.318
10 5 67697926.796
10 6 78512506.777
10 7 8448262.290
10 8 31784439.778
10 9 28958164.256
10 11 13004140.037
10 12 363875362.462
10 13 37314127.832
10 14 29493545.691
10 15 376112305.699
10 16 38059222.866
10 17 60564461.299
10 18 79586629.048
10 19 168048871.928
11 0 93701944.518
11 1 28319105.776
11 2 51290507.579
11 3 105151834.511
11 4 8488384.493
11 5 44867018.445
11 6 65883301.703
11 7 36098759.231
11 8 68435510.559
11 9 32149318.434
11 10 12955038.365
11 12 144570327.094
11 13 16111519.313
11 14 44489470.589
11 15 211626695.068
11 16 45328747.679
11 17 15731215.454
11 18 73995993.643
11 19 142750284.912
12 0 1315035072.723
12 1 143729556.495
12 2 109044196.134
12 3 341342861.694
12 4 199910840.784
12 5 270582045.947
12 6 297915640.186
12 7 432676173.572
12 8 890089356.000
12 9 218233036.525
12 10 517794817.185
12 11 525888710.166
12 13 141040165.382
12 14 167018084.146
12 15 863295589.193
12 16 355478830.919
12 17 327830430.975
12 18 78045274.497
12 19 925602766.386
13 0 31953809.130
13 1 5307491.036
13 2 39707160.580
13 3 62456742.138
13 4 16174746.551
13 5 37579002.827
13 6 31408799.250
13 7 22319463.688
13 8 19300020.233
13 9 2059681.672
13 10 16464821.732
13 11 23313725.620
13 12 88533312.028
13 14 41941206.646
13 15 38501996.715
13 16 59686662.330
13 17 34028697.788
13 18 32292770.154
13 19 63691794.742
14 0 129373682.043
14 1 26645912.355
14 2 67933533.423
14 3 126930666.557
14 4 36013360.194
14 5 84355029.951
14 6 11200931.809
14 7 34965089.383
14 8 55174443.481
14 9 20807725.091
14 10 39381653.546
14 11 82323479.028
14 12 242055945.785
14 13 14007313.151
14 15 354605672.909
14 16 83892021.152
14 17 34206662.761
14 18 26479927.939
14 19 199542534.681
15 0 281395760.392
15 1 172792093.665
15 2 355191295.332
15 3 481386047.709
15 4 131229015.519
15 5 386574762.010
15 6 249240790.566
15 7 225119992.010
15 8 415921093.525
15 9 189534722.416
15 10 350117753.765
15 11 56623811.800
15 12 1273631383.463
15 13 171601553.804
15 14 262886003.535
15 16 89110763.112
15 17 42774986.811
15 18 176836185.116
15 19 355234450.043
16 0 740284622.333
16 1 96456323.905
16 2 117736853.349
16 3 43838151.167
16 4 58664972.724
16 5 57016666.610
16 6 210952368.788
16 7 74992406.821
16 8 256364292.547
16 9 48551553.414
16 10 72581325.177
16 11 135484132.539
16 12 803922506.374
16 13 73135854.977
16 14 189189187.830
16 15 822273888.741
16 17 21657291.480
16 18 144580174.428
16 19 200056715.135
17 0 46635151.017
17 1 18760033.460
17 2 49335574.785
17 3 65387370.021
17 4 30957849.561
17 5 52301363.679
17 6 53558196.579
17 7 22334926.480
17 8 12160845.852
17 9 16293624.517
17 10 70579748.932
17 11 43970422.920
17 12 417260718.936
17 13 32746010.712
17 14 31313434.670
17 15 221101907.499
17 16 152758108.191
17 18 46538279.510
17 19 183862197.432
18 0 201608452.020
18 1 6161284.829
18 2 81208721.343
18 3 52160722.188
18 4 33182788.620
18 5 83924459.909
18 6 18928238.707
18 7 19707809.437
18 8 15797879.558
18 9 14128706.709
18 10 82576911.698
18 11 79708045.102
18 12 218960070.069
18 13 41079627.295
18 14 55288397.347
18 15 166834916.786
18 16 26829436.979
18 17 61019369.746
18 19 19533153.074
19 0 590934117.551
19 1 32706887.608
19 2 170491154.690
19 3 250021870.983
19 4 96438272.310
19 5 98280321.951
19 6 140297430.663
19 7 135943929.603
19 8 55798398.862
19 9 30858538.209
19 10 139714522.182
19 11 126466116.151
19 12 314411171.933
19 13 59467274.363
19 14 148966607.793
19 15 324660322.356
19 16 378005546.070
19 17 79245365.818
19 18 78504202.757
