380
0 1 39781739.918
0 2 59041364.303
0 3 87665256.271
0 4 52386028.816
0 5 185256172.411
0 6 289560340.352
0 7 37126393.362
0 8 420057248.480
0 9 125299165.780
0 10 189117576.998
0 11 194135171.315
0 12 272735915.581
0 13 68006631.472
0 14 215129514.146
0 15 747522156.523
0 16 699489916.458
0 17 99816494.248
0 18 107453824.099
0 19 138341309.239
1 0 93235391.801
1 2 36990090.838
1 3 29470315.325
1 4 2774098.570
1 5 7391968.461
1 6 15271190.524
1 7 18145406.917
1 8 35208863.902
1 9 9673726.752
1 10 19895328.737
1 11 6329721.482
1 12 230378128.506
1 13 4344387.061
1 14 16763892.088
1 15 15913912.418
1 16 95891072.539
1 17 20534138.778
1 18 31930684.101
1 19 49879857.892
2 0 293232539.540
2 1 36694354.309
2 3 81536458.183
2 4 4356904.825
2 5 22992831.445
2 6 75997048.802
2 7 36764967.205
2 8 83811977.439
2 9 6487027.785
2 10 28625948.379
2 11 38991407.385
2 12 514708052.097
2 13 26412853.062
2 14 36564197.376
2 15 338218593.093
2 16 141904842.495
2 17 22770037.831
2 18 45163440.233
2 19 197631618.467
3 0 57706525.919
3 1 38482873.390
3 2 70001140.069
3 4 27156049.370
3 5 12107659.535
3 6 109606399.283
3 7 13743129.730
3 8 174947278.637
3 9 16100251.535
3 10 108194530.746
3 11 10757024.023
3 12 820090655.391
3 13 46572470.308
3 14 57537520.824
3 15 396788206.158
3 16 65254195.440
3 17 84657635.552
3 18 103327333.378
3 19 312773265.400
4 0 134087847.459
4 1 14457876.113
4 2 18452844.905
4 3 26580833.973
4 5 7312024.835
4 6 5591236.388
4 7 9146651.280
4 8 60188026.734
4 9 11430976.266
4 10 31876447.637
4 11 13547494.182
4 12 39245165.679
4 13 11505258.553
4 14 9969957.240
4 15 63742815.962
4 16 52337177.707
4 17 31262667.203
4 18 12173299.843
4 19 83215417.106
5 0 94664016.699
5 1 18018581.771
5 2 68707547.264
5 3 27283396.802
5 4 38658092.304
5 6 81887081.019
5 7 79819226.030
5 8 86364850.942
5 9 34867453.814
5 10 52008646.223
5 11 77573971.878
5 12 489220389.590
5 13 26708844.162
5 14 78281271.067
5 15 137765724.433
5 16 194819952.815
5 17 61377047.442
5 18 42129471.228
5 19 23185844.050
6 0 267942165.894
6 1 16121477.587
6 2 58023635.645
6 3 91888164.982
6 4 29685213.104
6 5 44863511.794
6 7 83536833.527
6 8 112820934.260
6 9 11974992.459
6 10 59572908.081
6 11 24927430.179
6 12 188283010.688
6 13 20046268.409
6 14 43952149.448
6 15 168972845.155
6 16 149930778.218
6 17 29807659.124
6 18 79069390.941
6 19 178812359.438
7 0 29172131.523
7 1 9147276.279
7 2 58835266.241
7 3 16331351.888
7 4 9155193.281
7 5 19205598.243
7 6 55624773.013
7 8 108413279.601
7 9 24274615.695
7 10 67529819.389
7 11 76969128.609
7 12 307453090.088
7 13 32130048.352
7 14 45492167.567
7 15 277814846.653
7 16 191036796.058
7 17 64581671.494
7 18 62385617.400
7 19 34551742.435
8 0 87435637.718
8 1 56183266.090
8 2 58071412.154
8 3 42800222.695
8 4 56130386.443
8 5 75713842.360
8 6 42898064.994
8 7 94439618.107
8 9 23980821.903
8 10 16417834.450
8 11 69379895.468
8 12 720104232.946
8 13 43721321.190
8 14 92993321.052
8 15 61065449.123
8 16 136817622.219
8 17 62057157.843
8 18 109681882.004
8 19 61552514.090
9 0 62038100.565
9 1 7460867.056
9 2 25157802.447
9 3 50731542.121
9 4 17398668.058
9 5 36431880.208
9 6 38591750.296
9 7 19227146.474
9 8 31310847.241
9 10 38354383.683
9 11 20719297.771
9 12 113192630.433
9 13 12646917.163
9 14 39505398.171
9 15 72402626.385
9 16 15434795.073
9 17 40057606.829
9 18 12820404.904
9 19 90224874.973
10 0 67349849.643
10 1 35466392.403
10 2 83464843.839
10 3 50056539.458
10 4 13464677.117
10 5 70523031.767
10 6 76277685.383
10 7 61393790.931
10 8 94950005.541
10 9 35209419.975
10 11 85526493.795
10 12 66987840.387
10 13 32395298.834
10 14 28955591.551
10 15 85272461.287
10 16 61566214.180
10 17 43321184.730
10 18 36606799.770
10 19 108630590.595
11 0 104331433.777
11 1 29830530.742
11 2 14959030.918
11 3 20637464.904
11 4 21915279.096
11 5 17712747.886
11 6 20631712.296
11 7 13442186.730
11 8 53556037.578
11 9 38892218.378
11 10 72131196.134
11 12 208740012.740
11 13 21199969.082
11 14 47822344.640
11 15 355502439.305
11 16 128560929.125
11 17 64552107.568
11 18 23879461.423
11 19 129022222.954
12 0 1836021780.310
12 1 157171210.176
12 2 328696676.024
12 3 846608266.576
12 4 292410129.330
12 5 429980731.402
12 6 182617299.148
12 7 73114873.029
12 8 342842236.328
12 9 186132583.593
12 10 477602172.254
12 11 130175511.495
12 13 163290305.828
12 14 561169193.537
12 15 971661412.567
12 16 448640482.809
12 17 123123655.609
12 18 600000199.830
12 19 1224025846.394
13 0 99360584.089
13 1 7881000.935
13 2 40946398.592
13 3 18271627.454
13 4 18931738.326
13 5 9869515.093
13 6 35306213.102
13 7 24113683.983
13 8 34276149.021
13 9 14515222.940
13 10 41267731.308
13 11 13354086.835
13 12 171245795.667
13 14 12916780.469
13 15 143483179.494
13 16 49011268.325
13 17 23461550.418
13 18 35492845.825
13 19 20414639.833
14 0 78804592.888
14 1 34227844.587
14 2 28274206.116
14 3 73949054.281
14 4 32208736.575
14 5 81184800.402
14 6 70029217.589
14 7 30342599.988
14 8 24352496.364
14 9 33758107.021
14 10 11330330.570
14 11 53465560.227
14 12 535527645.690
14 13 33611916.974
14 15 303692936.380
14 16 207948904.208
14 17 43681470.517
14 18 31237597.810
14 19 19089994.130
15 0 1191122554.653
15 1 77939979.073
15 2 57975385.345
15 3 519766620.141
15 4 53818951.052
15 5 90291167.653
15 6 171657176.049
15 7 329459469.690
15 8 277826060.944
15 9 141257380.663
15 10 248449722.698
15 11 122623193.191
15 12 225034193.057
15 13 121849486.529
15 14 325625317.445
15 16 342935106.387
15 17 220168298.899
15 18 174294574.295
15 19 238752894.930
16 0 730228010.100
16 1 36303412.255
16 2 185065524.475
16 3 264878302.443
16 4 70780782.281
16 5 160960834.517
16 6 80291370.967
16 7 47965151.892
16 8 29280463.019
16 9 63958236.031
16 10 200649548.566
16 11 143906658.784
16 12 476872279.696
16 13 46338134.326
16 14 88378492.191
16 15 558976623.570
16 17 98389202.215
16 18 21664388.611
16 19 507414042.206
17 0 110510324.105
17 1 40830957.128
17 2 22664747.925
17 3 102107171.890
17 4 13262995.762
17 5 80012510.742
17 6 58270299.925
17 7 11596249.115
17 8 33393287.695
17 9 42700688.044
17 10 83345396.709
17 11 54257665.506
17 12 240825006.870
17 13 14135722.096
17 14 41065321.135
17 15 378707844.469
17 16 198945700.915
17 18 82743830.004
17 19 88202648.143
18 0 79523501.268
18 1 11615345.754
18 2 62193706.527
18 3 119635855.249
18 4 39764601.036
18 5 29001621.053
18 6 15533317.138
18 7 30098857.969
18 8 43927753.359
18 9 18908252.253
18 10 31964205.704
18 11 68901664.270
18 12 298852984.751
18 13 27354946.981
18 14 83695283.110
18 15 231135053.273
18 16 125893065.838
18 17 83184044.312
18 19 33495628.878
19 0 204364039.689
19 1 43560294.627
19 2 170355742.397
19 3 201132442.687
19 4 34924243.463
19 5 199240407.259
19 6 64186410.590
19 7 150508396.544
19 8 238839990.998
19 9 26371199.492
19 10 156225596.999
19 11 117592002.150
19 12 1010065518.596
19 13 25596333.806
19 14 208149111.187
19 15 402270532.394
19 16 214480835.786
19 17 115616811.057
19 18 62443039.239
