380
0 1 65853065.716
0 2 30142823.211
0 3 196762308.750
0 4 66791805.338
0 5 136408845.329
0 6 287988480.761
0 7 61500104.464
0 8 216504168.424
0 9 56372743.599
0 10 113498350.461
0 11 296042298.400
0 12 525426923.816
0 13 22553351.050
0 14 36761354.487
0 15 495667674.254
0 16 471946299.775
0 17 94714541.921
0 18 257480506.904
0 19 177383877.330
1 0 79550340.842
1 2 40596157.541
1 3 64134497.787
1 4 16905505.679
1 5 31563398.157
1 6 16559757.520
1 7 24786180.363
1 8 54450236.787
1 9 5229377.102
1 10 42316949.470
1 11 37226868.748
1 12 104658285.947
1 13 6665213.752
1 14 14609646.688
1 15 148083468.242
1 16 67494759.780
1 17 15421287.227
1 18 33929708.605
1 19 68932887.184
2 0 258936408.526
2 1 42909640.055
2 3 107638895.523
2 4 13267557.184
2 5 34365817.141
2 6 70456652.077
2 7 48542799.476
2 8 81835798.111
2 9 36234010.196
2 10 67157999.837
2 11 52448567.277
2 12 378287121.144
2 13 37904625.309
2 14 72837267.818
2 15 151404271.096
2 16 51985857.435
2 17 82437693.723
2 18 26395137.067
2 19 23110851.503
3 0 354131207.590
3 1 7052566.325
3 2 32526754.498
3 4 27920608.807
3 5 29988925.095
3 6 37216242.161
3 7 50026053.672
3 8 116743998.280
3 9 34129493.570
3 10 101709394.636
3 11 22755173.966
3 12 748230868.881
3 13 32939068.242
3 14 66047130.288
3 15 216862378.361
3 16 293141428.322
3 17 36958666.913
3 18 128414705.611
3 19 99341008.101
4 0 142100953.223
4 1 9050440.324
4 2 13705954.255
4 3 47298665.205
4 5 31558959.231
4 6 21155484.109
4 7 40980574.999
4 8 33825180.251
4 9 6948724.866
4 10 17509190.065
4 11 23715849.986
4 12 205886539.090
4 13 10608467.690
4 14 10961477.355
4 15 71129287.586
4 16 48844973.429
4 17 6459294.897
4 18 39101865.305
4 19 54692623.335
5 0 76380993.056
5 1 27765961.389
5 2 50810569.903
5 3 15031360.605
5 4 29872748.434
5 6 63957451.239
5 7 12179256.744
5 8 50595954.721
5 9 18020496.511
5 10 32680947.499
5 11 23973078.124
5 12 172196432.828
5 13 11821419.712
5 14 8510620.496
5 15 154582978.381
5 16 143940513.804
5 17 83662173.789
5 18 46273088.960
5 19 179063682.164
6 0 141592914.052
6 1 15646065.204
6 2 54524552.566
6 3 26244943.742
6 4 29435110.696
6 5 54260690.609
6 7 13559128.274
6 8 86685150.561
6 9 34669768.620
6 10 11484904.534
6 11 60432295.167
6 12 396616686.461
6 13 24047646.915
6 14 51649942.430
6 15 212898781.435
6 16 186114181.882
6 17 69583124.575
6 18 20050307.207
6 19 109280673.974
7 0 86177124.499
7 1 16085745.180
7 2 38350559.066
7 3 51595591.076
7 4 8182758.328
7 5 14382566.261
7 6 68899536.469
7 8 49435994.780
7 9 9470274.593
7 10 71247534.026
7 11 26996853.432
7 12 275213478.058
7 13 10316498.174
7 14 53393461.559
7 15 100070784.404
7 16 42278821.104
7 17 64334417.921
7 18 59075054.255
7 19 28537753.054
8 0 443605386.751
8 1 42557200.209
8 2 124687692.322
8 3 182813688.469
8 4 17926801.838
8 5 89504164.136
8 6 26414404.446
8 7 27888243.037
8 9 14908709.858
8 10 126548457.816
8 11 95353451.749
8 12 209853749.826
8 13 28819907.076
8 14 55646855.958
8 15 109844019.357
8 16 134803039.625
8 17 63764647.633
8 18 69723122.655
8 19 285412221.930
9 0 51205408.599
9 1 8813008.229
9 2 30002134.807
9 3 30126585.427
9 4 16828735.217
9 5 16325030.869
9 6 34726005.155
9 7 31069562.129
9 8 8623745.091
9 10 25567898.435
9 11 29010205.128
9 12 281594920.291
9 13 20444947.911
9 14 18352820.458
9 15 179232456.237
9 16 55344749.361
9 17 24535166.747
9 18 42437307.595
9 19 22074431.482
10 0 264603921.113
10 1 35930076.060
10 2 83619486.864
10 3 43584318.589
10 4 28432255.274
10 5 44933361.961
10 6 56199591.688
10 7 19512757.298
10 8 20859684.406
10 9 38782452.087
10 11 72098485.074
10 12 127120609.189
10 13 36110562.390
10 14 75211525.115
10 15 236656583.135
10 16 49275518.489
10 17 7273839.688
10 18 49651645.453
10 19 214314521.717
11 0 282409109.000
11 1 6718226.307
11 2 10651792.844
11 3 24046059.226
11 4 33369614.394
11 5 67898871.636
11 6 11379748.314
11 7 65391445.374
11 8 120370800.057
11 9 17614669.994
11 10 45404607.435
11 12 99602148.262
11 13 26877955.723
11 14 83022727.910
11 15 149282413.715
11 16 32837761.147
11 17 57314695.959
11 18 45639282.445
11 19 57489482.416
12 0 571548197.269
12 1 196812454.410
12 2 84729370.823
12 3 94502050.259
12 4 96121682.786
12 5 160931502.683
12 6 332581640.877
12 7 94342707.853
12 8 109954423.050
12 9 53178837.672
12 10 324444029.092
12 11 500489375.405
12 13 170617202.312
12 14 152298394.872
12 15 331950159.155
12 16 760739236.170
12 17 158690353.932
12 18 467276464.665
12 19 1216163892.606
13 0 99335580.554
13 1 20700066.213
13 2 39441121.766
13 3 55476056.491
13 4 10441646.274
13 5 6742969.944
13 6 17221244.108
13 7 13417786.810
13 8 35924857.272
13 9 13210352.546
13 10 3764672.346
13 11 5126649.186
13 12 251612532.096
13 14 29944397.133
13 15 169552578.643
13 16 22653314.778
13 17 3947051.092
13 18 37000332.607
13 19 83000134.128
14 0 267009427.542
14 1 9588176.205
14 2 23139454.449
14 3 51524213.406
14 4 36783261.111
14 5 45495079.787
14 6 69909761.293
14 7 73996236.537
14 8 100085121.881
14 9 34270380.833
14 10 38003500.739
14 11 81919397.471
14 12 145067398.442
14 13 15002331.060
14 15 331737352.890
14 16 211193690.974
14 17 59381535.310
14 18 8540384.141
14 19 30494355.002
15 0 1330201960.267
15 1 126389073.749
15 2 80477703.151
15 3 520176196.570
15 4 129859493.732
15 5 308759699.202
15 6 180180179.341
15 7 283784224.246
15 8 107532784.596
15 9 187910188.833
15 10 253471881.104
15 11 215164524.051
15 12 2080797591.755
15 13 93663357.625
15 14 244137385.729
15 16 711078372.367
15 17 171071761.045
15 18 64745028.276
15 19 686432450.665
16 0 638579371.572
16 1 33417669.111
16 2 211928465.939
16 3 157636484.708
16 4 56700587.206
16 5 124111424.055
16 6 97615428.615
16 7 196417672.224
16 8 318670452.042
16 9 10675495.098
16 10 20404404.644
16 11 154980172.380
16 12 1397067644.404
16 13 84181808.973
16 14 102402789.857
16 15 664850099.204
16 17 48689848.405
16 18 67497288.310
16 19 207913650.380
17 0 279771048.268
17 1 36717466.052
17 2 39986545.907
17 3 13017717.122
17 4 38550914.983
17 5 11302275.454
17 6 16042246.578
17 7 15457162.445
17 8 38809895.433
17 9 20419768.392
17 10 67515098.539
17 11 65292416.733
17 12 153974306.506
17 13 34358218.163
17 14 51234651.021
17 15 384964347.062
17 16 65312046.135
17 18 24216469.723
17 19 202209230.120
18 0 171604164.737
18 1 36757740.714
18 2 61233582.119
18 3 71922801.070
18 4 41908266.340
18 5 66879810.758
18 6 11133130.396
18 7 29524091.199
18 8 35088160.661
18 9 27377530.236
18 10 63690305.501
18 11 25142029.935
18 12 533696064.605
18 13 33524243.386
18 14 84539118.742
18 15 259224054.151
18 16 174311664.080
18 17 13002959.021
18 19 208914633.965
19 0 355531812.001
19 1 97933722.425
19 2 201116190.188
19 3 321340995.402
19 4 85875545.470
19 5 123713423.640
19 6 148060473.531
19 7 129420001.264
19 8 307114549.201
19 9 80498133.785
19 10 174557366.696
19 11 103060677.571
19 12 1224820064.890
19 13 106014759.997
19 14 110893567.617
19 15 703081739.127
19 16 306265863.378
19 17 125443933.099
19 18 131506888.374
