380
0 1 122582036.748
0 2 103617710.024
0 3 187707173.875
0 4 49623963.518
0 5 103878681.687
0 6 71502997.967
0 7 136077596.114
0 8 288811332.048
0 9 19236115.669
0 10 280182642.826
0 11 165813634.364
0 12 577167824.500
0 13 63065840.286
0 14 98146191.776
0 15 964779221.975
0 16 385977865.363
0 17 222516532.951
0 18 194238585.402
0 19 451247339.960
1 0 52521328.366
1 2 23473910.028
1 3 64010799.714
1 4 15417727.775
1 5 13448956.113
1 6 17238097.716
1 7 10614523.778
1 8 15349118.240
1 9 21279849.080
1 10 39351402.607
1 11 35439873.978
1 12 103573235.510
1 13 16613518.905
1 14 41097031.572
1 15 159987600.783
1 16 98863672.148
1 17 36653509.420
1 18 5925180.561
1 19 107002638.876
2 0 209443527.189
2 1 26327328.108
2 3 98059624.867
2 4 34747659.070
2 5 37955774.491
2 6 79295178.284
2 7 74516531.675
2 8 24614425.326
2 9 21741841.946
2 10 19263815.794
2 11 11778884.776
2 12 256117413.595
2 13 7940350.254
2 14 50429504.011
2 15 159675979.916
2 16 207583158.595
2 17 61056561.936
2 18 52513019.868
2 19 122334400.450
3 0 145570966.891
3 1 45170764.548
3 2 66009505.412
3 4 32101836.315
3 5 103578775.230
3 6 55925647.085
3 7 92293730.293
3 8 99556705.495
3 9 58838409.016
3 10 91561442.703
3 11 124465273.027
3 12 759972590.318
3 13 23743938.429
3 14 66460838.307
3 15 439546782.719
3 16 317932009.485
3 17 60061416.843
3 18 59391888.002
3 19 228762775.828
4 0 78386750.755
4 1 14318056.599
4 2 35245002.317
4 3 26020898.059
4 5 32073584.673
4 6 8163880.587
4 7 30005652.031
4 8 38065004.239
4 9 21227192.498
4 10 28567441.022
4 11 27730941.770
4 12 156868683.168
4 13 15695674.391
4 14 34301530.199
4 15 193324239.922
4 16 16331635.973
4 17 32877110.939
4 18 19772201.689
4 19 32878894.995
5 0 91129469.336
5 1 23524532.148
5 2 9217657.591
5 3 41414659.143
5 4 5503183.532
5 6 77888491.746
5 7 72490941.020
5 8 69182762.995
5 9 41002317.568
5 10 74742877.485
5 11 42783029.377
5 12 395072369.972
5 13 37117873.705
5 14 33579518.097
5 15 56337192.095
5 16 68603432.812
5 17 12171121.383
5 18 65263379.669
5 19 162575459.748
6 0 273834351.936
6 1 4253250.864
6 2 16990058.235
6 3 71886144.739
6 4 38941897.927
6 5 27506253.605
6 7 50313893.603
6 8 18560924.407
6 9 9707303.411
6 10 85364724.521
6 11 70630006.080
6 12 72684926.057
6 13 30723921.416
6 14 18699093.885
6 15 167179536.255
6 16 168152520.167
6 17 24319737.639
6 18 51311540.296
6 19 88794488.507
7 0 206414167.624
7 1 29208798.123
7 2 84437120.670
7 3 24768500.352
7 4 24341997.324
7 5 72822307.758
7 6 69961602.757
7 8 70385487.772
7 9 37026140.874
7 10 53518077.687
7 11 82524254.891
7 12 409073044.696
7 13 41286448.289
7 14 39324019.312
7 15 179437567.238
7 16 67439903.599
7 17 27687903.417
7 18 67884520.592
7 19 72802075.892
8 0 229432793.807
8 1 47445049.657
8 2 76997239.466
8 3 192659156.556
8 4 36679301.081
8 5 34337127.226
8 6 70828011.807
8 7 16381244.730
8 9 27389650.889
8 10 54898684.778
8 11 20041789.533
8 12 665407643.823
8 13 34200942.541
8 14 97580041.092
8 15 319538969.868
8 16 182304265.534
8 17 51850409.167
8 18 111211430.611
8 19 36079703.059
9 0 124889056.115
9 1 8850216.580
9 2 15916633.670
9 3 40450272.496
9 4 21252419.478
9 5 28741003.060
9 6 27498361.432
9 7 22932853.994
9 8 37497888.189
9 10 24235617.929
9 11 27148323.676
9 12 147542549.176
9 13 21263221.250
9 14 23704945.894
9 15 154475132.464
9 16 105473820.557
9 17 4334819.224
9 18 10020124.701
9 19 10199461.789
10 0 139007826.575
10 1 41386118.406
10 2 68122960.060
10 3 109948786.029
10 4 16990038.972
10 5 55815815.065
10 6 12926363.718
10 7 14431798.953
10 8 68418587.220
10 9 41636569.009
10 11 70199658.779
10 12 183222604.195
10 13 19453123.447
10 14 82367082.715
10 15 199444563.795
10 16 50597946.659
10 17 47847283.112
10 18 55445373.254
10 19 211246333.620
11 0 242528194.950
11 1 25002175.068
11 2 56954383.816
11 3 30457185.156
11 4 34119060.299
11 5 67670758.448
11 6 9658007.324
11 7 83850261.072
11 8 25592254.563
11 9 8449622.598
11 10 37280232.307
11 12 220480092.171
11 13 41095184.854
11 14 54404242.023
11 15 101818703.037
11 16 213598277.785
11 17 70120441.333
11 18 26400265.372
11 19 208192945.584
12 0 1184760336.689
12 1 277885548.449
12 2 239067086.798
12 3 314759014.463
12 4 71553548.471
12 5 329070181.368
12 6 174447976.090
12 7 575856431.238
12 8 870225169.629
12 9 157485970.557
12 10 377978146.459
12 11 370711648.453
12 13 244322677.028
12 14 381998233.724
12 15 2487775683.369
12 16 581220697.529
12 17 395548246.567
12 18 472152872.268
12 19 1244827437.522
13 0 128095950.721
13 1 18661468.745
13 2 11424249.516
13 3 47957342.830
13 4 18849945.278
13 5 16560457.626
13 6 32751527.436
13 7 9544307.536
13 8 24707504.280
13 9 18231304.070
13 10 7268086.772
13 11 21778170.489
13 12 297528917.603
13 14 18292794.325
13 15 87246857.022
13 16 100500195.786
13 17 14344606.512
13 18 12178065.100
13 19 68952537.920
14 0 268536051.664
14 1 39317858.173
14 2 68607874.969
14 3 83288919.718
14 4 9920900.517
14 5 48170249.575
14 6 45566120.659
14 7 28943985.667
14 8 92842115.012
14 9 17121990.620
14 10 32554294.218
14 11 79169157.122
14 12 85430213.411
14 13 13144321.745
14 15 181141441.853
14 16 63364504.539
14 17 14890703.781
14 18 51513064.628
14 19 64598527.400
15 0 1234979853.773
15 1 108320234.242
15 2 348579769.940
15 3 501885067.474
15 4 107125905.096
15 5 245847858.123
15 6 239465691.620
15 7 57900698.015
15 8 214913241.432
15 9 106090502.073
15 10 325880646.247
15 11 336779974.052
15 12 1591203251.596
15 13 97502768.216
15 14 157631792.413
15 16 650059285.028
15 17 218064094.015
15 18 350277417.232
15 19 674672303.953
16 0 156053598.528
16 1 104196359.590
16 2 62044502.939
16 3 142603366.262
16 4 96692319.591
16 5 110376168.308
16 6 149127273.089
16 7 126743863.424
16 8 301587639.824
16 9 12401726.201
16 10 103039597.503
16 11 118401910.578
16 12 499090412.393
16 13 73096682.603
16 14 199712025.100
16 15 835561686.136
16 17 35291543.563
16 18 127973060.757
16 19 478557880.018
17 0 76798326.785
17 1 16345727.526
17 2 25621785.983
17 3 72828998.260
17 4 39983057.195
17 5 16321022.581
17 6 21099572.223
17 7 68080665.139
17 8 99678464.009
17 9 18348006.224
17 10 27915587.237
17 11 64263721.319
17 12 380795163.173
17 13 6916348.800
17 14 50200329.708
17 15 326901943.988
17 16 96636769.954
17 18 50182285.381
17 19 100267881.167
18 0 227981793.514
18 1 12020545.215
18 2 56514344.497
18 3 93826323.235
18 4 30811683.062
18 5 37142880.373
18 6 21377989.980
18 7 38565446.845
18 8 45382909.276
18 9 12154501.092
18 10 28660212.098
18 11 75272732.406
18 12 509870839.717
18 13 30271058.259
18 14 7347340.397
18 15 111566455.595
18 16 25304740.100
18 17 59207501.252
18 19 172541060.996
19 0 642190679.444
19 1 102314442.131
19 2 173656765.824
19 3 251608061.583
19 4 101369760.649
19 5 89064810.012
19 6 21220508.084
19 7 120944070.877
19 8 146242331.444
19 9 25001193.510
19 10 92387738.105
19 11 204140796.773
19 12 753526799.749
19 13 43904942.904
19 14 71526599.562
19 15 589563786.684
19 16 107597390.329
19 17 120096584.898
19 18 120088437.580
