380
0 1 113737876.223
0 2 64479044.839
0 3 317963599.589
0 4 127919826.538
0 5 221993695.816
0 6 192181194.951
0 7 35842915.992
0 8 181209317.342
0 9 81531264.866
0 10 230813738.758
0 11 201801054.449
0 12 1327898310.254
0 13 60745579.160
0 14 186986914.918
0 15 379312311.319
0 16 475939558.173
0 17 94245642.417
0 18 221773997.826
0 19 153336876.067
1 0 22207272.680
1 2 32559822.255
1 3 10926717.334
1 4 2615873.505
1 5 29715593.573
1 6 42945249.326
1 7 11056799.252
1 8 11685255.474
1 9 11460340.421
1 10 11762470.873
1 11 37776726.056
1 12 122871800.593
1 13 3097738.971
1 14 20099524.646
1 15 58271922.080
1 16 51464451.949
1 17 26409155.788
1 18 10812721.998
1 19 24978363.551
2 0 190682700.172
2 1 12530214.230
2 3 112746385.592
2 4 15399029.539
2 5 22147822.261
2 6 17389130.498
2 7 7307032.237
2 8 78345673.335
2 9 24208181.720
2 10 25285391.806
2 11 45730308.768
2 12 409029095.420
2 13 11905499.419
2 14 69769775.195
2 15 211820725.022
2 16 64063521.956
2 17 72467036.281
2 18 67262391.245
2 19 87592743.876
3 0 86568460.030
3 1 40866519.023
3 2 127537689.828
3 4 35090466.477
3 5 38544592.659
3 6 70982743.241
3 7 98526203.702
3 8 83638316.515
3 9 22356936.221
3 10 50242025.127
3 11 99511453.361
3 12 858887994.140
3 13 18890365.035
3 14 103230437.111
3 15 379664635.642
3 16 184914671.383
3 17 105937525.593
3 18 90027392.310
3 19 40545852.763
4 0 56825609.189
4 1 13697792.801
4 2 4720353.362
4 3 13085494.232
4 5 39496375.200
4 6 25667826.880
4 7 6922078.175
4 8 35259339.555
4 9 3777450.513
4 10 12794642.968
4 11 36457787.580
4 12 120104812.087
4 13 8276709.228
4 14 6960863.651
4 15 88535564.498
4 16 99105670.366
4 17 36613264.991
4 18 11994612.894
4 19 56448393.579
5 0 74064674.512
5 1 30471869.205
5 2 15640150.347
5 3 23673528.129
5 4 42103790.852
5 6 8238978.027
5 7 42491724.559
5 8 109559812.986
5 9 28253195.403
5 10 56718110.825
5 11 69967423.006
5 12 357148200.155
5 13 12499819.153
5 14 52336381.421
5 15 293349915.456
5 16 77107872.870
5 17 64574213.435
5 18 48277898.638
5 19 33119124.544
6 0 241473974.756
6 1 27126370.629
6 2 47873700.533
6 3 120209461.296
6 4 4905989.506
6 5 48713619.155
6 7 82440717.637
6 8 20793136.005
6 9 16233694.106
6 10 27825746.088
6 11 51886601.812
6 12 338125929.599
6 13 28224093.729
6 14 13404983.211
6 15 93892597.333
6 16 152674618.542
6 17 22365172.479
6 18 41025416.783
6 19 90285681.877
7 0 30852234.034
7 1 11044700.758
7 2 68701741.571
7 3 40767217.470
7 4 5413493.544
7 5 69925713.068
7 6 85172950.799
7 8 44617752.627
7 9 35183701.346
7 10 33932041.969
7 11 45675609.535
7 12 270277296.882
7 13 26165051.924
7 14 18949122.073
7 15 341919630.531
7 16 92234201.435
7 17 56962430.527
7 18 39315633.753
7 19 141101551.163
8 0 40075422.286
8 1 11336106.243
8 2 49145140.926
8 3 61932584.241
8 4 50477754.550
8 5 88924222.213
8 6 35502264.146
8 7 30439334.015
8 9 52372235.503
8 10 115272102.808
8 11 101828578.560
8 12 350326451.490
8 13 21632691.666
8 14 104146820.644
8 15 111372394.256
8 16 195976865.492
8 17 46225488.499
8 18 87598157.832
8 19 72556886.016
9 0 119743601.603
9 1 20895595.937
9 2 40531249.113
9 3 11932608.765
9 4 3089974.178
9 5 5030727.327
9 6 25863627.976
9 7 13476558.824
9 8 44165010.746
9 10 8678786.530
9 11 9030871.151
9 12 114543630.848
9 13 13033148.542
9 14 19260399.691
9 15 107184457.520
9 16 81520154.648
9 17 36922024.088
9 18 36341383.005
9 19 68176115.939
10 0 233278941.488
10 1 12104769.376
10 2 66162746.040
10 3 104083735.629
10 4 16657070.809
10 5 58591522.173
10 6 64307625.685
10 7 14069202.742
10 8 71287363.607
10 9 36104573.295
10 11 41279064.069
10 12 233769487.762
10 13 10912655.018
10 14 71821382.855
10 15 255981387.348
10 16 114291982.514
10 17 31931803.938
10 18 10389597.854
10 19 118115596.604
11 0 275425807.024
11 1 4555214.121
11 2 86097081.636
11 3 48898256.130
11 4 12116833.196
11 5 9732629.148
11 6 28339747.635
11 7 26383273.496
11 8 38420373.494
11 9 23947928.117
11 10 55691202.495
11 12 540859443.964
11 13 30120133.695
11 14 14727275.518
11 15 315096370.791
11 16 69876538.122
11 17 26406902.203
11 18 22698913.092
11 19 208363307.823
12 0 464420716.405
12 1 224944490.771
12 2 235208199.711
12 3 373189419.484
12 4 174462586.148
12 5 460789244.992
12 6 261854460.450
12 7 363336618.425
12 8 891845321.046
12 9 119264893.085
12 10 283819281.679
12 11 310469099.182
12 13 291116292.315
12 14 447983479.024
12 15 1080957284.435
12 16 299665640.820
12 17 558946676.320
12 18 135770622.832
12 19 539553542.067
13 0 78588419.312
13 1 1948156.280
13 2 6815977.238
13 3 13705578.145
13 4 2337360.784
13 5 22774514.155
13 6 15571749.360
13 7 38637901.126
13 8 55151859.886
13 9 7764917.035
13 10 39461816.639
13 11 31138614.617
13 12 65610797.807
13 14 25738857.285
13 15 33450586.458
13 16 104906569.307
13 17 19939792.266
13 18 16273729.311
13 19 8961543.350
14 0 93900597.931
14 1 39751787.003
14 2 21541482.810
14 3 100573285.331
14 4 21223922.278
14 5 83485668.815
14 6 40063104.463
14 7 78178052.546
14 8 19912752.740
14 9 12513089.467
14 10 27775818.944
14 11 7334077.497
14 12 260767732.330
14 13 34516733.363
14 15 270232952.901
14 16 99388375.647
14 17 64725551.643
14 18 22591714.141
14 19 76130245.057
15 0 627316193.406
15 1 24954010.735
15 2 145834721.853
15 3 257057049.379
15 4 192647655.873
15 5 173151529.315
15 6 147197041.666
15 7 331087614.907
15 8 548658895.249
15 9 71345108.129
15 10 344293285.840
15 11 307729437.294
15 12 2345538921.828
15 13 21382213.003
15 14 296834690.997
15 16 961345603.438
15 17 266047590.117
15 18 248372802.381
15 19 260894064.465
16 0 577371371.830
16 1 86385278.500
16 2 163720162.997
16 3 180732506.286
16 4 106713285.953
16 5 186405561.532
16 6 185964505.950
16 7 147995053.876
16 8 168364582.662
16 9 17162733.592
16 10 205238446.587
16 11 81434678.755
16 12 623380644.460
16 13 23967742.767
16 14 30545312.842
16 15 777753170.935
16 17 138810053.680
16 18 163724573.239
16 19 156700619.109
17 0 157265262.826
17 1 4826171.367
17 2 16751857.014
17 3 101957820.173
17 4 31830111.404
17 5 82153952.220
17 6 15299011.899
17 7 38074344.519
17 8 127841693.199
17 9 18390189.454
17 10 78933546.110
17 11 27182092.461
17 12 385281446.301
17 13 25597483.105
17 14 26949222.102
17 15 175073661.691
17 16 86156232.422
17 18 14498796.676
17 19 202787461.797
18 0 259352521.337
18 1 27129535.939
18 2 37819101.154
18 3 41878205.852
18 4 8231845.211
18 5 82692853.785
18 6 58406034.644
18 7 64848488.113
18 8 59461953.267
18 9 33035210.644
18 10 20123789.064
18 11 17515995.613
18 12 174857954.832
18 13 16044351.494
18 14 45734013.248
18 15 144430312.062
18 16 55584869.410
18 17 7260370.311
18 19 129387526.114
19 0 124232831.697
19 1 18126506.855
19 2 132850766.641
19 3 279115588.384
19 4 42627156.538
19 5 77100521.066
19 6 129362047.389
19 7 176236156.768
19 8 172485545.424
19 9 105600633.342
19 10 78662780.753
19 11 137308259.714
19 12 477650831.121
19 13 62187305.981
19 14 52772395.335
19 15 264406108.641
19 16 258414965.014
19 17 120395424.568
19 18 39557407.963
