380
0 1 49806321.839
0 2 210514737.690
0 3 239211336.807
0 4 136167354.862
0 5 163730983.832
0 6 33287752.818
0 7 67242101.307
0 8 303460967.153
0 9 70736774.594
0 10 207878819.666
0 11 55535368.675
0 12 1241751391.186
0 13 26479322.660
0 14 138442253.159
0 15 1012422834.969
0 16 618497034.688
0 17 178172103.850
0 18 111516186.071
0 19 588769655.317
1 0 54737534.029
1 2 36742015.743
1 3 62246894.068
1 4 19441528.907
1 5 33055269.687
1 6 24046395.449
1 7 6116427.816
1 8 33425805.888
1 9 18260086.307
1 10 28038618.274
1 11 18009368.409
1 12 155257147.091
1 13 14418902.144
1 14 17742652.173
1 15 112374603.295
1 16 51517211.264
1 17 38079998.286
1 18 11658195.835
1 19 45772674.754
2 0 222885273.109
2 1 17098863.382
2 3 112274696.653
2 4 12383043.546
2 5 21216709.489
2 6 44619587.782
2 7 58578523.860
2 8 53541536.224
2 9 8403963.212
2 10 55182214.648
2 11 67268069.915
2 12 311138336.564
2 13 25203675.351
2 14 25940612.954
2 15 33491993.305
2 16 156834041.637
2 17 80875074.777
2 18 84195080.558
2 19 76991523.796
3 0 117542814.124
3 1 41288932.721
3 2 123794335.527
3 4 8554149.216
3 5 27117211.979
3 6 53744610.330
3 7 41463737.269
3 8 130252966.410
3 9 7422244.747
3 10 86206289.712
3 11 77732925.377
3 12 181846098.512
3 13 7667957.737
3 14 106199241.280
3 15 110975394.462
3 16 181096217.376
3 17 110163830.385
3 18 69516770.479
3 19 139711220.860
4 0 125043877.035
4 1 18734146.232
4 2 39263718.259
4 3 40206473.972
4 5 30458914.595
4 6 17363128.490
4 7 38870456.053
4 8 11658459.870
4 9 3233929.273
4 10 16575641.783
4 11 31814171.207
4 12 173299487.623
4 13 12810537.715
4 14 18905746.215
4 15 149030671.075
4 16 54039544.188
4 17 32784082.045
4 18 21723794.748
4 19 10966750.588
5 0 92863773.707
5 1 15479089.583
5 2 68804034.744
5 3 95306114.278
5 4 7504544.597
5 6 42231684.019
5 7 79852547.912
5 8 51792725.684
5 9 5384145.200
5 10 40413092.960
5 11 68960089.314
5 12 362609041.868
5 13 5592964.426
5 14 74787103.759
5 15 181683442.629
5 16 194882979.301
5 17 82223675.088
5 18 21506708.537
5 19 22387567.745
6 0 125309802.803
6 1 42075904.898
6 2 81730847.878
6 3 120391363.964
6 4 16240585.313
6 5 11696068.521
6 7 59484166.225
6 8 76704717.523
6 9 37939680.875
6 10 43720734.120
6 11 35539847.654
6 12 342899610.227
6 13 14469359.164
6 14 82051925.525
6 15 83216771.761
6 16 94679725.185
6 17 34984114.124
6 18 70152383.674
6 19 74654151.556
7 0 203184447.120
7 1 27031790.229
7 2 77241053.207
7 3 19237835.455
7 4 8043498.078
7 5 33073918.580
7 6 64784358.604
7 8 57101929.556
7 9 23997073.051
7 10 33517565.876
7 11 38195591.555
7 12 158357554.450
7 13 29835518.445
7 14 36014038.261
7 15 341957000.448
7 16 156277805.032
7 17 72092670.987
7 18 25432734.235
7 19 163121416.533
8 0 134956324.602
8 1 59540434.418
8 2 95328557.816
8 3 16399408.603
8 4 59857249.775
8 5 43208698.579
8 6 21721191.730
8 7 34167928.354
8 9 27092100.485
8 10 32873987.756
8 11 125552491.556
8 12 256198144.704
8 13 7504522.876
8 14 21360131.538
8 15 101787391.780
8 16 259933947.956
8 17 43360308.294
8 18 44924704.575
8 19 59485815.874
9 0 31574677.613
9 1 11036686.849
9 2 22869176.630
9 3 20520509.973
9 4 14168531.039
9 5 34481108.591
9 6 22065602.235
9 7 28973760.906
9 8 44439118.008
9 10 14182449.656
9 11 3908599.556
9 12 81880139.012
9 13 9590168.574
9 14 4021399.966
9 15 58131487.970
9 16 91610164.234
9 17 3903965.098
9 18 21180517.837
9 19 38156265.984
10 0 248213593.329
10 1 29102168.931
10 2 61005082.828
10 3 34530624.694
10 4 11244025.838
10 5 45222954.555
10 6 31552039.663
10 7 34570451.387
10 8 99791973.171
10 9 28149901.055
10 11 74761941.947
10 12 68899145.207
10 13 16325645.029
10 14 26254507.035
10 15 156202982.888
10 16 179059430.180
10 17 13527477.545
10 18 38324483.865
10 19 103201972.923
11 0 86969756.438
11 1 18578213.179
11 2 63550384.286
11 3 59092451.520
11 4 40908701.002
11 5 49317332.470
11 6 81844082.625
11 7 68684251.641
11 8 117909454.162
11 9 9494279.562
11 10 43107747.537
11 12 256612797.382
11 13 25803849.102
11 14 76111282.788
11 15 353461063.571
11 16 138008315.108
11 17 85460658.036
11 18 17685593.064
11 19 181134737.355
12 0 406028264.288
12 1 215589389.607
12 2 270660508.606
12 3 510821890.332
12 4 290562182.675
12 5 427039558.184
12 6 468230806.096
12 7 284341661.378
12 8 844589223.266
12 9 86594583.615
12 10 432270924.141
12 11 87548905.384
12 13 211700119.802
12 14 365807657.148
12 15 1408655080.583
12 16 823799605.139
12 17 397973074.416
12 18 344282892.081
12 19 229611455.016
13 0 88556146.765
13 1 8380034.678
13 2 38835725.009
13 3 60106143.691
13 4 14781400.939
13 5 18376960.753
13 6 11664126.435
13 7 14133957.643
13 8 46845511.923
13 9 4633761.393
13 10 11190371.018
13 11 5025332.856
13 12 114641146.528
13 14 32810115.495
13 15 132900564.960
13 16 29269367.974
13 17 5878931.243
13 18 35395394.654
13 19 70023118.332
14 0 294287513.177
14 1 7677251.853
14 2 29633111.043
14 3 94452221.759
14 4 14441271.682
14 5 65349520.291
14 6 18518097.908
14 7 11619454.184
14 8 67761067.044
14 9 34553959.169
14 10 67127087.851
14 11 80162167.525
14 12 95365334.465
14 13 41020410.496
14 15 114913804.650
14 16 133425033.127
14 17 55804531.592
14 18 25889708.174
14 19 195900104.454
15 0 1032084907.774
15 1 146751485.822
15 2 312049482.728
15 3 90865506.658
15 4 156002661.496
15 5 224454174.284
15 6 94696856.569
15 7 219816601.684
15 8 528614236.859
15 9 51364905.838
15 10 202398295.495
15 11 73838112.627
15 12 2678170637.963
15 13 128752475.876
15 14 62899882.497
15 16 231409353.344
15 17 340388721.931
15 18 104275306.820
15 19 732823586.718
16 0 94123590.614
16 1 100242506.220
16 2 77349226.114
16 3 92958102.795
16 4 36196311.134
16 5 98372060.035
16 6 100566828.657
16 7 205531102.818
16 8 106128826.522
16 9 27024381.282
16 10 73639126.915
16 11 133693025.106
16 12 1287896592.963
16 13 60578115.262
16 14 181178452.719
16 15 616074471.345
16 17 191135525.152
16 18 132518010.312
16 19 425211623.520
17 0 278185085.727
17 1 22578949.183
17 2 40538501.059
17 3 23137184.070
17 4 11384396.000
17 5 33757068.026
17 6 39565247.619
17 7 23535560.340
17 8 51419790.672
17 9 19212474.923
17 10 23885496.081
17 11 10034224.265
17 12 186165669.148
17 13 22579664.719
17 14 57739014.215
17 15 207119970.240
17 16 173984880.108
17 18 26227644.646
17 19 61733118.929
18 0 203077810.548
18 1 33308186.409
18 2 78579759.757
18 3 127094272.637
18 4 7622064.930
18 5 17273267.956
18 6 26744845.832
18 7 79376256.650
18 8 55497092.487
18 9 42113218.260
18 10 27488138.423
18 11 17681018.273
18 12 373877259.866
18 13 40385029.886
18 14 33214057.214
18 15 177967944.614
18 16 159091566.253
18 17 7968756.426
18 19 30436999.807
19 0 346335115.593
19 1 66029585.263
19 2 200468472.280
19 3 133993228.989
19 4 71108734.401
19 5 175545135.771
19 6 62267898.239
19 7 161059585.226
19 8 201161335.484
19 9 32421798.446
19 10 161417234.619
19 11 84130938.735
19 12 852078957.421
19 13 46882888.262
19 14 172752408.990
19 15 942680427.331
19 16 396992965.329
19 17 169920379.755
19 18 21682585.457
