380
0 1 41780433.165
0 2 250105039.892
0 3 310322773.575
0 4 74920537.606
0 5 222867879.792
0 6 109541407.599
0 7 83584003.928
0 8 150603962.933
0 9 81945080.844
0 10 130495972.173
0 11 153868284.922
0 12 312543561.150
0 13 147831196.905
0 14 141652759.102
0 15 576373769.433
0 16 351838341.077
0 17 73168123.850
0 18 154969561.307
0 19 394601293.299
1 0 12750352.264
1 2 8046560.923
1 3 33530401.527
1 4 17460110.503
1 5 40966637.978
1 6 38492049.742
1 7 3795129.505
1 8 28927081.556
1 9 21161999.090
1 10 23644677.816
1 11 40335290.848
1 12 58910751.656
1 13 13867593.209
1 14 39747663.774
1 15 50789957.714
1 16 33810542.719
1 17 10268035.855
1 18 22502776.686
1 19 30387957.321
2 0 95206010.276
2 1 18892043.934
2 3 110353863.186
2 4 15908037.201
2 5 50165549.009
2 6 19551584.133
2 7 62307957.527
2 8 103344311.902
2 9 7084108.871
2 10 72368407.266
2 11 9717529.742
2 12 482443520.568
2 13 6975768.658
2 14 42056270.647
2 15 267820883.092
2 16 112452355.248
2 17 13258154.439
2 18 59462725.777
2 19 79942529.109
3 0 372722996.392
3 1 55571884.859
3 2 78541061.147
3 4 16625930.744
3 5 58554682.813
3 6 49046242.347
3 7 101330796.243
3 8 82208796.619
3 9 26688556.862
3 10 90262348.813
3 11 94191544.139
3 12 615529169.762
3 13 33368911.189
3 14 36319377.069
3 15 76216117.561
3 16 248878775.278
3 17 128199915.481
3 18 36340677.865
3 19 202167186.812
4 0 28776512.837
4 1 9275796.535
4 2 30238670.616
4 3 15257918.085
4 5 40010099.926
4 6 28071616.922
4 7 34410444.372
4 8 55888757.084
4 9 11209628.684
4 10 40048985.984
4 11 19141389.826
4 12 291198967.070
4 13 2474061.820
4 14 12782316.892
4 15 170040529.125
4 16 55511747.431
4 17 38673343.345
4 18 19706083.930
4 19 56940572.581
5 0 208848250.303
5 1 42524135.599
5 2 52924202.730
5 3 19582302.106
5 4 24763802.119
5 6 51190216.199
5 7 36460666.289
5 8 59006188.135
5 9 37991357.724
5 10 44694902.280
5 11 54599140.031
5 12 445292120.329
5 13 21952552.416
5 14 66692329.173
5 15 333842460.442
5 16 97974576.268
5 17 52453527.408
5 18 73100820.693
5 19 102316268.895
6 0 76524377.050
6 1 35597318.749
6 2 62269187.050
6 3 67942787.662
6 4 37126219.939
6 5 30124547.162
6 7 80309560.735
6 8 19023405.270
6 9 16836602.747
6 10 78780513.411
6 11 40127276.111
6 12 580901044.411
6 13 10368144.056
6 14 70058558.468
6 15 180185271.333
6 16 77218608.261
6 17 51320689.265
6 18 78406017.332
6 19 115390132.681
7 0 60831383.896
7 1 20439070.207
7 2 44289765.651
7 3 55176336.250
7 4 12250230.541
7 5 82463021.708
7 6 54801511.244
7 8 89963461.770
7 9 30459708.593
7 10 78573898.160
7 11 75940987.196
7 12 406388153.757
7 13 9167526.819
7 14 61793844.764
7 15 51070902.735
7 16 31661937.998
7 17 68621114.513
7 18 19100124.058
7 19 120131773.865
8 0 290669133.979
8 1 49616456.182
8 2 111158214.975
8 3 183092736.182
8 4 15340738.906
8 5 25817789.906
8 6 39001026.507
8 7 32202851.756
8 9 57973917.733
8 10 73187548.711
8 11 95506977.350
8 12 625317209.110
8 13 22976389.969
8 14 83741786.161
8 15 321189540.708
8 16 270413284.048
8 17 42214910.494
8 18 73704321.587
8 19 250719729.935
9 0 100109102.939
9 1 16111649.477
9 2 30418216.470
9 3 34340421.168
9 4 2236322.362
9 5 37912583.792
9 6 22383819.496
9 7 42518300.670
9 8 26145788.208
9 10 9792078.617
9 11 6899169.884
9 12 218119038.673
9 13 18092573.414
9 14 10750177.708
9 15 84019009.365
9 16 83989029.367
9 17 30016132.701
9 18 25329188.024
9 19 16622997.961
10 0 173013184.777
10 1 16980044.847
10 2 48361592.889
10 3 12930445.964
10 4 21056017.557
10 5 20793000.389
10 6 56649659.535
10 7 67124743.103
10 8 34987139.695
10 9 17653073.228
10 11 77474611.478
10 12 88873843.027
10 13 21762653.022
10 14 52525541.700
10 15 59247283.164
10 16 101095952.415
10 17 79491350.650
10 18 50256376.094
10 19 39562063.071
11 0 43417622.963
11 1 20893442.810
11 2 14089447.540
11 3 93760363.360
11 4 17876210.366
11 5 59504921.735
11 6 16443681.195
11 7 85041518.992
11 8 32448597.448
11 9 41837600.281
11 10 74340341.710
11 12 529674151.169
11 13 21659690.376
11 14 44828863.230
11 15 264689973.261
11 16 45290281.419
11 17 71301782.514
11 18 54725994.067
11 19 86744556.863
12 0 2012346616.108
12 1 284466401.124
12 2 598520434.640
12 3 546118852.919
12 4 30706585.582
12 5 201919758.203
12 6 202773727.557
12 7 387290514.399
12 8 233757775.059
12 9 101324052.061
12 10 547173619.508
12 11 136897089.894
12 13 264778091.536
12 14 254666784.141
12 15 580681262.918
12 16 1481910527.553
12 17 406492948.525
12 18 355083313.774
12 19 196750785.781
13 0 72500863.305
13 1 17956641.475
13 2 33872616.126
13 3 63748048.012
13 4 12310990.834
13 5 30116169.778
13 6 37833611.528
13 7 22824061.272
13 8 31968781.152
13 9 17615632.772
13 10 13452067.657
13 11 35745818.645
13 12 102795393.657
13 14 14322675.237
13 15 65416309.685
13 16 86265576.044
13 17 18420597.830
13 18 36527646.344
13 19 67663820.191
14 0 267634201.378
14 1 16435033.889
14 2 37368807.207
14 3 98149590.284
14 4 20691188.963
14 5 68220590.887
14 6 19289570.949
14 7 8958163.924
14 8 62695053.506
14 9 11163227.995
14 10 64364304.029
14 11 80031870.331
14 12 309520341.983
14 13 31958125.149
14 15 259290498.038
14 16 81086451.184
14 17 20356508.178
14 18 69080252.848
14 19 40853554.037
15 0 530120380.888
15 1 149579514.509
15 2 125574532.174
15 3 184907748.229
15 4 29287922.516
15 5 250326701.144
15 6 94405890.021
15 7 113393128.076
15 8 417648217.404
15 9 61684621.015
15 10 121299864.582
15 11 189698506.629
15 12 1653780892.499
15 13 136766655.659
15 14 311607788.519
15 16 932386986.652
15 17 244164687.680
15 18 73484954.869
15 19 334376638.250
16 0 656650744.104
16 1 32662463.388
16 2 67667256.965
16 3 58962761.742
16 4 28080125.232
16 5 39029783.952
16 6 142425213.924
16 7 46039674.277
16 8 194070145.671
16 9 44272072.322
16 10 161341068.379
16 11 211603641.865
16 12 330200727.893
16 13 93912220.153
16 14 126079844.963
16 15 361582691.174
16 17 92093328.422
16 18 180030349.407
16 19 101845918.654
17 0 243700048.318
17 1 20504961.265
17 2 36735436.564
17 3 96364687.508
17 4 29939691.515
17 5 76552923.590
17 6 12623620.220
17 7 21685975.940
17 8 61473061.061
17 9 28398108.463
17 10 62074945.732
17 11 70706322.638
17 12 321452668.625
17 13 39540858.278
17 14 12950433.272
17 15 304920224.524
17 16 102356279.192
17 18 28839254.178
17 19 125162837.738
18 0 74267627.765
18 1 12400328.085
18 2 40679704.418
18 3 100762641.974
18 4 28256957.359
18 5 61426136.364
18 6 58897127.068
18 7 40028410.153
18 8 46386087.638
18 9 13958771.154
18 10 51861156.228
18 11 57864877.761
18 12 355919183.316
18 13 6510967.439
18 14 56161534.834
18 15 203736910.889
18 16 135083531.344
18 17 59076029.218
18 19 51825412.985
19 0 614758897.479
19 1 92302013.133
19 2 68620362.475
19 3 280602705.756
19 4 80726637.059
19 5 50085968.891
19 6 123475649.759
19 7 120647731.414
19 8 107149600.534
19 9 23935178.463
19 10 84357911.055
19 11 47669382.888
19 12 1022057950.481
19 13 20989411.078
19 14 116810197.693
19 15 828332867.443
19 16 449167206.797
19 17 141685285.625
19 18 145275237.063
