380
0 1 54664469.332
0 2 152763361.185
0 3 115731062.591
0 4 97504110.921
0 5 55793115.225
0 6 224146656.314
0 7 93608240.521
0 8 424394556.709
0 9 144852271.425
0 10 71397483.346
0 11 116620336.461
0 12 369164334.447
0 13 96261872.662
0 14 44754364.928
0 15 827120644.231
0 16 228245229.062
0 17 278349056.744
0 18 120578098.664
0 19 119809971.241
1 0 65679876.873
1 2 6649805.688
1 3 52065065.087
1 4 12275677.503
1 5 10437682.677
1 6 18522560.663
1 7 24327166.267
1 8 12675544.523
1 9 13816907.743
1 10 10899190.632
1 11 22966067.051
1 12 163351315.884
1 13 13655327.427
1 14 20164842.079
1 15 122698321.314
1 16 11669351.795
1 17 21040213.971
1 18 4340134.845
1 19 91874977.342
2 0 298150471.707
2 1 28481600.470
2 3 58412237.031
2 4 21742321.316
2 5 72041966.188
2 6 14058926.330
2 7 58417707.771
2 8 104125909.147
2 9 25567070.291
2 10 15567656.470
2 11 11693501.328
2 12 126945726.559
2 13 30486952.520
2 14 63098578.123
2 15 199857502.672
2 16 18923051.296
2 17 36998963.595
2 18 42657736.900
2 19 88135743.588
3 0 61854005.050
3 1 9698819.036
3 2 125386461.265
3 4 21118787.608
3 5 38826298.480
3 6 88827473.481
3 7 59953691.531
3 8 179280959.197
3 9 58347492.936
3 10 128019800.274
3 11 126519548.375
3 12 513843903.292
3 13 25458591.475
3 14 49065408.612
3 15 443963551.913
3 16 257574229.405
3 17 44131978.710
3 18 24349323.987
3 19 67966651.341
4 0 13248490.829
4 1 10119719.967
4 2 35718544.295
4 3 19666398.274
4 5 26951682.716
4 6 33641716.733
4 7 32404176.086
4 8 51500744.858
4 9 8817149.145
4 10 26586695.813
4 11 24327941.633
4 12 146988822.797
4 13 2927854.075
4 14 34547253.962
4 15 115318365.508
4 16 82604148.954
4 17 21786473.917
4 18 37395324.735
4 19 33918146.086
5 0 276078045.381
5 1 27796026.650
5 2 71182091.444
5 3 94265564.467
5 4 34301292.691
5 6 70424796.921
5 7 39131949.895
5 8 45406595.463
5 9 13089985.082
5 10 76923649.272
5 11 13124808.234
5 12 375621408.624
5 13 14125159.181
5 14 8957245.672
5 15 357425958.247
5 16 102974818.240
5 17 55243174.929
5 18 14834247.392
5 19 38050891.382
6 0 251252056.760
6 1 34729201.269
6 2 45054974.173
6 3 57597033.548
6 4 42407804.287
6 5 73990240.267
6 7 73397606.992
6 8 31551286.558
6 9 19154245.117
6 10 29262717.734
6 11 71405942.553
6 12 546371373.361
6 13 28979698.705
6 14 74268016.321
6 15 187380822.298
6 16 147784465.788
6 17 12147562.914
6 18 76197398.640
6 19 66282035.927
7 0 227328686.021
7 1 31010499.163
7 2 78789515.111
7 3 86410769.590
7 4 39019465.614
7 5 51449092.982
7 6 47084705.699
7 8 122852959.323
7 9 21197994.560
7 10 23618821.961
7 11 36851362.156
7 12 513575861.813
7 13 6525421.223
7 14 83838161.823
7 15 92244504.395
7 16 109312478.964
7 17 11340432.942
7 18 84540651.762
7 19 158337365.031
8 0 55621623.055
8 1 28043505.340
8 2 25758011.027
8 3 100538237.650
8 4 5370784.793
8 5 47287545.564
8 6 51240594.429
8 7 128523883.279
8 9 31586672.038
8 10 18188615.726
8 11 98351551.449
8 12 832066879.333
8 13 50638647.617
8 14 124594765.569
8 15 293283888.913
8 16 293668731.157
8 17 100635910.861
8 18 32398545.751
8 19 152866021.511
9 0 73225204.619
9 1 7346726.602
9 2 26263333.250
9 3 9700124.446
9 4 10950706.131
9 5 34096674.054
9 6 16093748.531
9 7 35039721.863
9 8 8828130.568
9 10 19348374.906
9 11 40669822.052
9 12 82168768.870
9 13 18218401.599
9 14 25205584.980
9 15 46988342.075
9 16 25298320.118
9 17 20200841.557
9 18 32201422.009
9 19 13909596.759
10 0 115798888.453
10 1 4242981.038
10 2 67488421.173
10 3 120232548.561
10 4 31707310.266
10 5 20810842.857
10 6 20214088.496
10 7 67672520.797
10 8 13461492.506
10 9 6427484.147
10 11 56684297.721
10 12 58204100.480
10 13 9550189.374
10 14 20865168.735
10 15 124409070.727
10 16 72601242.872
10 17 61292149.390
10 18 43778352.089
10 19 106840160.947
11 0 189620034.093
11 1 38557373.991
11 2 22758047.363
11 3 40925981.497
11 4 5456326.770
11 5 79234561.301
11 6 38015099.781
11 7 58342941.824
11 8 61410106.856
11 9 20164649.012
11 10 28694863.627
11 12 412050335.592
11 13 38951307.369
11 14 43498255.719
11 15 276978014.780
11 16 204356706.202
11 17 50603376.273
11 18 50282208.689
11 19 65387967.082
12 0 1120499218.457
12 1 52947262.202
12 2 78601583.006
12 3 425586608.109
12 4 228905720.877
12 5 559374645.212
12 6 173638015.414
12 7 215666346.749
12 8 711564470.146
12 9 124986902.349
12 10 177435185.266
12 11 81205273.785
12 13 187291910.041
12 14 207272067.342
12 15 1509498605.094
12 16 1180363992.243
12 17 290890131.392
12 18 319485678.591
12 19 767211614.540
13 0 47063250.057
13 1 2276255.384
13 2 37246558.062
13 3 47843070.659
13 4 12874681.891
13 5 23029873.455
13 6 32812178.917
13 7 13173106.394
13 8 42861772.931
13 9 16492167.056
13 10 28483345.554
13 11 29288585.023
13 12 230077266.505
13 14 30631576.137
13 15 47378673.200
13 16 81784609.655
13 17 14359572.071
13 18 5541323.515
13 19 10507028.666
14 0 220098684.884
14 1 40365297.136
14 2 18226838.411
14 3 71497144.430
14 4 31317333.415
14 5 15111558.359
14 6 45558423.255
14 7 12412703.666
14 8 30352035.869
14 9 15516142.866
14 10 45749759.794
14 11 11803308.427
14 12 508394227.471
14 13 34499047.925
14 15 271217792.541
14 16 194628711.863
14 17 60676250.746
14 18 53491547.439
14 19 99491548.102
15 0 309085076.540
15 1 66571132.946
15 2 304742699.393
15 3 440008364.738
15 4 53378247.351
15 5 47342966.695
15 6 233442151.582
15 7 254535138.244
15 8 371064947.836
15 9 48719472.855
15 10 280007596.171
15 11 148419831.962
15 12 1000355508.305
15 13 61309145.147
15 14 176889235.392
15 16 169207870.569
15 17 177513556.121
15 18 37034827.919
15 19 136117457.115
16 0 712195903.124
16 1 55266629.679
16 2 126235136.503
16 3 201254565.128
16 4 100223413.985
16 5 208008277.281
16 6 105981334.667
16 7 207324438.627
16 8 297064526.164
16 9 57551329.278
16 10 197497716.700
16 11 68890612.464
16 12 1142048129.382
16 13 22036144.987
16 14 110549639.798
16 15 353996468.310
16 17 162317561.704
16 18 139264030.044
16 19 453555732.404
17 0 26600702.540
17 1 25564290.352
17 2 66380459.000
17 3 85426595.061
17 4 6890261.779
17 5 36175821.584
17 6 59550600.756
17 7 31996176.773
17 8 112147026.977
17 9 20614677.218
17 10 74898886.671
17 11 57077262.285
17 12 100583343.155
17 13 22310981.470
17 14 36801729.973
17 15 343769197.177
17 16 129576185.611
17 18 42319235.811
17 19 100924059.361
18 0 282918709.862
18 1 22427566.475
18 2 33195901.379
18 3 33764978.828
18 4 36183051.200
18 5 15327762.158
18 6 46141865.410
18 7 84962766.791
18 8 31458513.092
18 9 23472016.706
18 10 26639744.972
18 11 33582435.054
18 12 93802847.336
18 13 16187624.252
18 14 29166863.239
18 15 162172149.758
18 16 142233234.744
18 17 64728475.627
18 19 94522689.221
19 0 565025118.311
19 1 87114120.181
19 2 89065030.666
19 3 234731994.346
19 4 22439644.580
19 5 81963385.127
19 6 55997225.347
19 7 30300205.965
19 8 69361491.130
19 9 30325698.217
19 10 187303295.067
19 11 92937475.167
19 12 351964981.428
19 13 90828934.945
19 14 78250612.356
19 15 431634570.899
19 16 159415415.803
19 17 158620887.106
19 18 206907937.550
