380
0 1 86050868.608
0 2 221285017.260
0 3 350244036.319
0 4 13994816.242
0 5 261243077.706
0 6 159775080.988
0 7 265429767.601
0 8 126045658.581
0 9 52791547.500
0 10 55792180.060
0 11 283158169.138
0 12 930589606.257
0 13 130957444.127
0 14 291760551.690
0 15 143397006.662
0 16 109898826.804
0 17 221871654.549
0 18 71457002.167
0 19 152136506.151
1 0 14642170.978
1 2 26392543.120
1 3 9070499.056
1 4 5364836.376
1 5 12037116.108
1 6 19963655.006
1 7 10596015.164
1 8 16218918.500
1 9 18522770.738
1 10 7396364.275
1 11 18630077.582
1 12 116420458.232
1 13 11834907.687
1 14 33088625.966
1 15 81972132.898
1 16 87471707.352
1 17 21469178.820
1 18 23405673.708
1 19 92219310.980
2 0 130743887.751
2 1 36390038.915
2 3 20490759.206
2 4 12641743.817
2 5 83685069.062
2 6 79866579.950
2 7 63405947.194
2 8 62425377.324
2 9 30840006.678
2 10 32476155.345
2 11 36422430.414
2 12 316992625.305
2 13 20267990.258
2 14 24641073.874
2 15 161694681.269
2 16 108745502.968
2 17 83421115.201
2 18 49417951.573
2 19 207064840.886
3 0 279050473.048
3 1 7904668.591
3 2 36689817.573
3 4 20396761.060
3 5 56892614.244
3 6 49700769.476
3 7 45297270.305
3 8 141930287.356
3 9 63960378.689
3 10 86684182.563
3 11 47342766.161
3 12 816865535.251
3 13 51358576.930
3 14 94087581.531
3 15 500569463.148
3 16 200483362.737
3 17 90513056.195
3 18 59244258.077
3 19 121089067.279
4 0 125318864.985
4 1 11510601.162
4 2 18129955.159
4 3 19473480.868
4 5 25586575.031
4 6 40127611.431
4 7 38013590.811
4 8 38338454.096
4 9 14754663.423
4 10 11847104.120
4 11 32579972.375
4 12 180567446.634
4 13 20977960.821
4 14 8424503.277
4 15 48245819.328
4 16 38802103.387
4 17 25861867.127
4 18 34545583.671
4 19 62136026.859
5 0 168190550.024
5 1 40130149.987
5 2 81031245.660
5 3 56921215.660
5 4 39248425.949
5 6 30684302.419
5 7 7265897.450
5 8 69732151.454
5 9 8405831.262
5 10 34201114.650
5 11 43984561.497
5 12 495933563.185
5 13 6036790.505
5 14 59572464.866
5 15 298896932.469
5 16 174119451.123
5 17 50488420.175
5 18 29461861.981
5 19 90840430.750
6 0 214630570.970
6 1 9273596.763
6 2 67740289.757
6 3 30694074.474
6 4 4512861.648
6 5 77606637.814
6 7 61497816.588
6 8 123065558.146
6 9 13451014.445
6 10 68967051.624
6 11 65038772.651
6 12 242654354.537
6 13 20186278.017
6 14 58122988.769
6 15 172080189.598
6 16 199824083.741
6 17 76912696.885
6 18 63964589.926
6 19 151653133.764
7 0 154058696.624
7 1 22090964.438
7 2 44637642.857
7 3 69017955.023
7 4 42361265.958
7 5 43017625.739
7 6 8642052.898
7 8 11134383.228
7 9 36977123.653
7 10 41887023.237
7 11 77048768.736
7 12 150357764.138
7 13 42413155.760
7 14 31443666.640
7 15 191677767.528
7 16 63883835.297
7 17 42628448.938
7 18 49461660.409
7 19 196107802.789
8 0 409773139.682
8 1 23392486.665
8 2 110401372.893
8 3 177959116.046
8 4 49372270.876
8 5 59798615.540
8 6 56917107.441
8 7 13032885.084
8 9 20785599.783
8 10 95161333.700
8 11 77784617.871
8 12 136527664.163
8 13 41875257.736
8 14 84979335.412
8 15 86246777.261
8 16 179611915.326
8 17 108281775.856
8 18 107391810.705
8 19 298810459.090
9 0 111752216.132
9 1 18666057.128
9 2 25618241.621
9 3 47046871.754
9 4 9501590.277
9 5 36721692.170
9 6 21832842.508
9 7 26210484.032
9 8 18239832.649
9 10 8957378.073
9 11 39219658.506
9 12 70268180.881
9 13 16843798.601
9 14 7191918.956
9 15 86051736.132
9 16 21884678.089
9 17 9058190.446
9 18 41733444.688
9 19 50812876.838
10 0 86437777.078
10 1 37720632.245
10 2 23907186.328
10 3 111956010.685
10 4 37168788.528
10 5 39794985.163
10 6 59580128.221
10 7 12849323.224
10 8 27099294.158
10 9 23124729.863
10 11 72858101.631
10 12 199432745.860
10 13 27290525.614
10 14 46218682.164
10 15 281549182.724
10 16 98373797.877
10 17 29818463.388
10 18 75430039.235
10 19 40912041.573
11 0 271584803.750
11 1 31461847.384
11 2 86018787.087
11 3 63699910.865
11 4 41640125.579
11 5 82537044.571
11 6 73142387.015
11 7 8508834.719
11 8 30380400.479
11 9 8636226.393
11 10 56326628.488
11 12 543935652.553
11 13 7321567.735
11 14 72096576.832
11 15 223939173.825
11 16 184395381.922
11 17 63229492.383
11 18 34011422.362
11 19 183818772.897
12 0 1765036931.092
12 1 149652506.979
12 2 454384404.797
12 3 112794081.715
12 4 113960642.843
12 5 320980320.705
12 6 327109466.523
12 7 92472925.042
12 8 700411061.372
12 9 54345457.707
12 10 450810788.918
12 11 443468047.792
12 13 160602767.350
12 14 155310240.964
12 15 2586899456.994
12 16 1459340279.182
12 17 383671542.317
12 18 223865440.797
12 19 1487014268.525
13 0 25432264.121
13 1 9159338.625
13 2 28494581.941
13 3 39905669.095
13 4 5104450.048
13 5 7626001.330
13 6 4238400.236
13 7 37801723.762
13 8 10736403.923
13 9 8831563.100
13 10 24729526.403
13 11 40853982.605
13 12 67726551.537
13 14 42710435.707
13 15 116887359.128
13 16 71243037.936
13 17 13194853.809
13 18 41854700.452
13 19 47663460.020
14 0 97531004.677
14 1 10312017.115
14 2 72185127.273
14 3 128339181.647
14 4 4576072.418
14 5 35141504.680
14 6 29724526.981
14 7 21304724.352
14 8 19537309.754
14 9 17605923.613
14 10 54148088.122
14 11 7063971.547
14 12 319509907.759
14 13 16501246.427
14 15 281592735.416
14 16 144022315.162
14 17 46666878.202
14 18 28295361.702
14 19 53444296.975
15 0 166270212.938
15 1 126440855.817
15 2 278239564.257
15 3 156706287.935
15 4 79286909.826
15 5 267060218.709
15 6 320044458.064
15 7 368477297.382
15 8 61256456.929
15 9 59686580.805
15 10 172133581.544
15 11 77902559.562
15 12 308176578.736
15 13 48911546.041
15 14 200166103.175
15 16 208555260.088
15 17 129592026.770
15 18 36064921.284
15 19 358128217.973
16 0 568305668.628
16 1 61601548.133
16 2 185341138.465
16 3 261945922.351
16 4 74350789.111
16 5 146235134.433
16 6 98428256.580
16 7 58565200.034
16 8 64190160.374
16 9 51307888.718
16 10 138612484.907
16 11 171395757.731
16 12 424343341.194
16 13 52985194.474
16 14 86971746.274
16 15 442847275.177
16 17 95917938.909
16 18 72404188.635
16 19 62331944.854
17 0 175787477.866
17 1 10824454.143
17 2 7317871.487
17 3 109180748.246
17 4 22982095.835
17 5 46391111.415
17 6 14353979.434
17 7 24101420.694
17 8 120576800.370
17 9 12438802.881
17 10 16855399.575
17 11 31674721.549
17 12 442889606.067
17 13 35339847.567
17 14 26960725.837
17 15 258696230.903
17 16 164263422.867
17 18 65531284.710
17 19 29114695.985
18 0 214721983.330
18 1 20093143.016
18 2 39614380.554
18 3 102913015.530
18 4 17898952.477
18 5 55139218.940
18 6 81613623.402
18 7 16550540.445
18 8 31064004.509
18 9 33282609.233
18 10 52387074.906
18 11 33624572.949
18 12 286410240.977
18 13 20832699.454
18 14 19496750.656
18 15 319550174.027
18 16 46400127.375
18 17 65524963.780
18 19 172490460.249
19 0 85013135.762
19 1 15665578.012
19 2 102470744.572
19 3 200856481.176
19 4 75528145.973
19 5 154130372.968
19 6 63835129.379
19 7 180804318.744
19 8 206936173.042
19 9 38133665.064
19 10 88971951.657
19 11 23704860.745
19 12 1198627644.511
19 13 50316366.757
19 14 189320143.412
19 15 336423573.241
19 16 331184661.096
19 17 191187568.475
19 18 114589783.479
