380
0 1 22438787.803
0 2 89038137.591
0 3 207284072.798
0 4 51204803.289
0 5 68239240.983
0 6 56065251.536
0 7 98195600.228
0 8 254449406.474
0 9 60003254.432
0 10 110199925.876
0 11 59665819.940
0 12 1121580757.339
0 13 30066181.320
0 14 110107066.833
0 15 524179003.925
0 16 358067288.038
0 17 122870863.641
0 18 139549947.771
0 19 157096739.404
1 0 49105412.544
1 2 13376140.719
1 3 29460113.011
1 4 6413964.647
1 5 23378441.176
1 6 15643878.895
1 7 20133440.644
1 8 22793869.059
1 9 4525651.749
1 10 9775476.895
1 11 16910743.121
1 12 106751285.702
1 13 6555728.728
1 14 21583221.651
1 15 39114966.788
1 16 28837040.975
1 17 10392728.349
1 18 6281541.004
1 19 18283294.333
2 0 142514615.633
2 1 8661147.673
2 3 23038880.643
2 4 13291233.804
2 5 29205538.209
2 6 41952935.263
2 7 18283808.848
2 8 53244537.528
2 9 8062979.984
2 10 19038416.021
2 11 17847537.541
2 12 115210580.819
2 13 12517128.734
2 14 49058716.648
2 15 81092518.409
2 16 76135344.863
2 17 26181089.585
2 18 47715953.469
2 19 54119874.923
3 0 149094432.902
3 1 32656908.684
3 2 37744477.907
3 4 22056081.270
3 5 62248199.146
3 6 45085222.191
3 7 31525612.639
3 8 70852071.943
3 9 16181513.437
3 10 40473476.869
3 11 65465459.216
3 12 181722876.731
3 13 28370824.460
3 14 40309957.609
3 15 214447813.752
3 16 135886043.008
3 17 36540258.317
3 18 71341262.839
3 19 75650862.534
4 0 76379397.051
4 1 7198920.340
4 2 16931090.851
4 3 34827300.736
4 5 16961643.408
4 6 19246085.660
4 7 16086845.006
4 8 19270226.641
4 9 5622950.984
4 10 10963938.347
4 11 9825432.365
4 12 56025959.592
4 13 4197781.423
4 14 16073320.645
4 15 105873179.613
4 16 21073987.256
4 17 8771037.987
4 18 7109555.851
4 19 30535030.259
5 0 86007148.341
5 1 15522458.822
5 2 44159548.217
5 3 65360386.088
5 4 9514915.599
5 6 20519339.645
5 7 15211355.898
5 8 48630688.843
5 9 18811992.475
5 10 26170968.703
5 11 13732206.750
5 12 343544556.117
5 13 23295040.320
5 14 36125938.155
5 15 128714944.912
5 16 116945325.107
5 17 24783107.341
5 18 22967856.111
5 19 36869733.204
6 0 102537266.172
6 1 19075302.131
6 2 24187885.558
6 3 62322639.642
6 4 13040814.307
6 5 34779565.324
6 7 30917576.259
6 8 46929467.244
6 9 18308187.400
6 10 14694144.628
6 11 46759114.651
6 12 101831723.078
6 13 9061315.864
6 14 24676617.598
6 15 213064108.538
6 16 51918175.628
6 17 22821569.368
6 18 35222531.080
6 19 116975181.940
7 0 94936844.692
7 1 18712174.296
7 2 46298226.700
7 3 41248729.203
7 4 6908263.179
7 5 48388001.963
7 6 41181509.950
7 8 71232928.469
7 9 21502205.175
7 10 26386166.070
7 11 20320341.088
7 12 117740674.216
7 13 18314331.372
7 14 37274500.559
7 15 77996424.534
7 16 97133328.547
7 17 31756323.311
7 18 33275705.930
7 19 33577300.355
8 0 226517642.297
8 1 32868578.366
8 2 59415564.933
8 3 28572547.660
8 4 12148634.020
8 5 20557045.452
8 6 73083380.327
8 7 65186908.991
8 9 14884689.637
8 10 52037749.493
8 11 48663598.288
8 12 514587746.356
8 13 30937278.350
8 14 45508767.956
8 15 150439085.632
8 16 144482665.566
8 17 20587303.541
8 18 55134036.554
8 19 120164393.668
9 0 37959137.304
9 1 10649200.897
9 2 20098777.091
9 3 22164251.132
9 4 4236631.771
9 5 23807733.349
9 6 9835698.241
9 7 9459749.466
9 8 28654840.956
9 10 14897296.231
9 11 13862495.304
9 12 108000218.504
9 13 3672268.495
9 14 17231716.523
9 15 105111890.053
9 16 27506655.894
9 17 17275243.543
9 18 21667397.061
9 19 35021142.000
10 0 104194402.080
10 1 13921237.964
10 2 46803822.312
10 3 73330808.449
10 4 20485985.117
10 5 32511272.809
10 6 26985181.712
10 7 27567272.425
10 8 27682370.837
10 9 12353375.571
10 11 44268507.449
10 12 100174442.144
10 13 22188520.877
10 14 15487297.026
10 15 163995541.550
10 16 36046444.657
10 17 42475491.714
10 18 33722718.454
10 19 76363840.558
11 0 120151953.372
11 1 7093233.495
11 2 23368867.059
11 3 56581275.224
11 4 17246344.571
11 5 17056828.118
11 6 25257574.955
11 7 35890284.673
11 8 49018205.471
11 9 18078359.451
11 10 17012649.929
11 12 296051224.710
11 13 23208412.892
11 14 32979591.933
11 15 157299983.359
11 16 46551710.837
11 17 13003409.083
11 18 29228478.066
11 19 55228761.252
12 0 824491849.046
12 1 102481508.713
12 2 335073047.565
12 3 336470166.715
12 4 62218094.097
12 5 105237082.049
12 6 190977345.766
12 7 278323702.571
12 8 483464203.101
12 9 169489965.014
12 10 99508825.172
12 11 299674949.227
12 13 152734667.877
12 14 336459234.177
12 15 701403857.896
12 16 484309427.857
12 17 312718776.271
12 18 183369481.614
12 19 813997646.298
13 0 51884587.951
13 1 10015935.375
13 2 7450289.614
13 3 11042450.647
13 4 3732117.443
13 5 10134374.514
13 6 22830677.606
13 7 14545920.602
13 8 9595160.729
13 9 9097793.566
13 10 8882232.040
13 11 23127183.821
13 12 132123018.749
13 14 7665646.006
13 15 46688271.702
13 16 58028728.452
13 17 12374127.732
13 18 10042471.089
13 19 55558082.680
14 0 63989433.684
14 1 24326830.098
14 2 43056372.846
14 3 60870282.187
14 4 10699650.944
14 5 21999387.413
14 6 17089893.665
14 7 40757260.597
14 8 40882291.418
14 9 23040891.323
14 10 40078908.358
14 11 23194986.089
14 12 88007711.491
14 13 17043366.960
14 15 156333065.314
14 16 74245675.541
14 17 37406831.280
14 18 35092581.849
14 19 92371270.181
15 0 756299923.014
15 1 100942347.278
15 2 176566745.659
15 3 270997904.484
15 4 61420389.348
15 5 122868976.775
15 6 153102035.603
15 7 76686722.897
15 8 228932317.503
15 9 38587912.635
15 10 205786202.889
15 11 166264264.722
15 12 644478781.585
15 13 64908516.114
15 14 217139897.297
15 16 389237440.912
15 17 210630025.977
15 18 86316915.612
15 19 305575726.708
16 0 134707345.413
16 1 50423324.020
16 2 53350889.996
16 3 133802471.064
16 4 31477492.861
16 5 90874607.880
16 6 77160071.062
16 7 82369840.738
16 8 56487769.998
16 9 38221189.282
16 10 36310484.626
16 11 39743102.661
16 12 496787141.219
16 13 51097951.704
16 14 50750649.917
16 15 330441371.694
16 17 73605005.627
16 18 43977650.723
16 19 216123505.277
17 0 91725719.687
17 1 24279688.621
17 2 13488295.233
17 3 47493820.879
17 4 22812386.944
17 5 12393782.576
17 6 43808541.184
17 7 47642420.115
17 8 28775889.293
17 9 17636815.556
17 10 32896837.577
17 11 25958458.882
17 12 178529001.504
17 13 11424226.486
17 14 24631834.674
17 15 58812530.185
17 16 67317054.868
17 18 49043052.435
17 19 57112671.573
18 0 52191953.696
18 1 23873383.258
18 2 26060550.742
18 3 25674235.276
18 4 9955384.564
18 5 15191355.661
18 6 38196200.300
18 7 33832266.137
18 8 35056128.478
18 9 24435169.590
18 10 12417382.655
18 11 28295859.535
18 12 332819118.356
18 13 9152642.892
18 14 14862557.952
18 15 196557197.841
18 16 77753398.150
18 17 25545130.797
18 19 68618365.372
19 0 204788934.765
19 1 33103704.844
19 2 106766365.886
19 3 133991758.715
19 4 56955316.125
19 5 119089199.002
19 6 34367797.513
19 7 59739201.956
19 8 50138685.602
19 9 37709215.765
19 10 46127399.173
19 11 100384286.527
19 12 733306451.186
19 13 47244903.720
19 14 49780553.333
19 15 280607178.464
19 16 237270307.029
19 17 79289551.558
19 18 91893142.704
