380
0 1 57063670.738
0 2 160006699.597
0 3 100293506.730
0 4 80536741.797
0 5 122624326.287
0 6 79281012.331
0 7 150495963.809
0 8 185426204.332
0 9 84825558.827
0 10 132811019.722
0 11 143107781.966
0 12 746322953.616
0 13 29211775.814
0 14 43975569.331
0 15 370325078.838
0 16 143904093.464
0 17 111468870.131
0 18 123135973.085
0 19 167845321.189
1 0 21751904.933
1 2 9583711.421
1 3 23148711.331
1 4 6522511.764
1 5 11928819.629
1 6 7870597.597
1 7 16555829.179
1 8 27090472.746
1 9 3511510.158
1 10 11456043.247
1 11 21376204.035
1 12 112504994.944
1 13 5202885.269
1 14 24007006.722
1 15 82570196.504
1 16 36201123.431
1 17 12865120.121
1 18 23937291.067
1 19 28015088.930
2 0 142897369.329
2 1 17994332.931
2 3 30568570.930
2 4 14859140.522
2 5 26862007.793
2 6 42627971.109
2 7 28975963.501
2 8 35798681.610
2 9 22875041.232
2 10 29217406.469
2 11 22524004.709
2 12 190241196.857
2 13 8759205.667
2 14 13105267.471
2 15 129994452.932
2 16 89182271.254
2 17 36568393.519
2 18 46384137.502
2 19 61247019.905
3 0 140406791.507
3 1 10333012.677
3 2 64846763.255
3 4 14327223.523
3 5 50793757.435
3 6 29846556.537
3 7 71856277.302
3 8 55511200.905
3 9 27350313.091
3 10 29676413.274
3 11 43540877.098
3 12 447469091.482
3 13 21409899.783
3 14 69833794.609
3 15 296594445.650
3 16 92119442.969
3 17 70820413.673
3 18 47729559.787
3 19 53959582.731
4 0 30399435.443
4 1 11153607.188
4 2 21111663.765
4 3 35640880.758
4 5 17964820.850
4 6 21741852.389
4 7 11822765.223
4 8 28443676.461
4 9 10706052.786
4 10 20931602.059
4 11 19042105.109
4 12 139055504.582
4 13 4161617.376
4 14 16533764.708
4 15 102600499.780
4 16 27282250.544
4 17 7834205.222
4 18 14256237.851
4 19 44112771.476
5 0 144355224.163
5 1 11818215.007
5 2 19401721.810
5 3 69275345.309
5 4 20813130.173
5 6 36403588.747
5 7 37901649.938
5 8 28622898.954
5 9 17535350.302
5 10 39058554.571
5 11 41102424.160
5 12 163130476.266
5 13 16143087.426
5 14 39256391.321
5 15 187350418.121
5 16 46242298.348
5 17 48639267.439
5 18 26953426.651
5 19 50127217.556
6 0 107926786.849
6 1 22113630.316
6 2 45206000.703
6 3 56266115.273
6 4 6463702.811
6 5 24120228.942
6 7 28572659.303
6 8 45283161.054
6 9 10033574.723
6 10 26506303.731
6 11 26753390.529
6 12 181275721.375
6 13 19827312.861
6 14 20389447.973
6 15 212475861.165
6 16 79609869.573
6 17 48678889.836
6 18 43632463.771
6 19 66488413.768
7 0 127651795.309
7 1 10036686.134
7 2 31975908.626
7 3 66646470.342
7 4 22246457.117
7 5 42075699.962
7 6 20288454.674
7 8 22494556.930
7 9 20548543.899
7 10 48404426.395
7 11 46010628.904
7 12 240918295.521
7 13 24472691.808
7 14 25991752.197
7 15 134493278.968
7 16 85742644.727
7 17 39223192.634
7 18 20070093.208
7 19 37702561.506
8 0 197297830.369
8 1 18970300.987
8 2 34492740.408
8 3 76219292.890
8 4 35282634.208
8 5 71360247.383
8 6 67145231.405
8 7 36240825.750
8 9 29933081.038
8 10 61992968.686
8 11 27928117.197
8 12 435706724.361
8 13 24831155.846
8 14 45618549.448
8 15 148812517.998
8 16 144954818.695
8 17 36569017.791
8 18 70799501.984
8 19 105989695.330
9 0 22590821.552
9 1 5306258.145
9 2 15116036.424
9 3 33027169.668
9 4 4880212.337
9 5 13591641.274
9 6 13104125.101
9 7 22903820.625
9 8 19718681.960
9 10 14728579.530
9 11 13806399.230
9 12 165305044.219
9 13 8231983.481
9 14 16303889.898
9 15 97242643.545
9 16 51674585.493
9 17 17762495.706
9 18 17722440.045
9 19 55489668.417
10 0 72311347.211
10 1 6732505.571
10 2 36096902.869
10 3 65138555.580
10 4 22711674.782
10 5 38632122.023
10 6 20352282.727
10 7 18548260.471
10 8 37866344.860
10 9 20329227.470
10 11 44868115.915
10 12 249502702.002
10 13 21680675.950
10 14 35134701.848
10 15 198429447.026
10 16 69931055.456
10 17 22330577.488
10 18 21848831.717
10 19 42617965.468
11 0 161498125.872
11 1 13321254.547
11 2 16854088.567
11 3 34420040.259
11 4 6892084.184
11 5 45585624.538
11 6 47337075.788
11 7 27508775.037
11 8 52818707.566
11 9 19245787.356
11 10 13518121.703
11 12 328899058.346
11 13 10007869.689
11 14 20320046.752
11 15 56226490.010
11 16 109459324.975
11 17 22746929.675
11 18 26622123.101
11 19 93487241.177
12 0 1136067839.093
12 1 108759480.821
12 2 302882162.481
12 3 386668132.872
12 4 60736678.191
12 5 336106098.870
12 6 229166018.390
12 7 167988083.201
12 8 463428191.696
12 9 140356075.094
12 10 156407014.043
12 11 187688534.330
12 13 133678627.000
12 14 336190933.432
12 15 565983196.254
12 16 583200160.147
12 17 114608908.750
12 18 227501255.829
12 19 548870203.560
13 0 27664532.867
13 1 9830034.385
13 2 10570291.501
13 3 33722832.784
13 4 9757761.410
13 5 10175148.452
13 6 8791001.009
13 7 18104412.802
13 8 9873522.665
13 9 5775493.190
13 10 21357236.516
13 11 21437202.507
13 12 80489923.784
13 14 23425865.758
13 15 58196554.657
13 16 20327860.231
13 17 8563211.313
13 18 9186839.687
13 19 18350278.066
14 0 96210664.627
14 1 24207332.901
14 2 13845966.941
14 3 35545775.902
14 4 15268251.236
14 5 46068052.477
14 6 43056533.517
14 7 25129940.898
14 8 61902609.775
14 9 23084450.258
14 10 25736906.911
14 11 44524252.766
14 12 105159010.032
14 13 6728892.269
14 15 167061524.546
14 16 106899937.374
14 17 15796604.632
14 18 19399414.596
14 19 118458869.918
15 0 349434921.608
15 1 98967745.693
15 2 87028151.839
15 3 112298795.472
15 4 108773461.851
15 5 109621229.336
15 6 190389352.965
15 7 142798673.440
15 8 213424557.214
15 9 72192176.177
15 10 167196527.675
15 11 64834500.663
15 12 874329296.328
15 13 73789706.593
15 14 218435671.367
15 16 293187280.218
15 17 116713159.523
15 18 72353361.868
15 19 540295478.424
16 0 302586174.794
16 1 52742939.160
16 2 39929943.072
16 3 57296512.256
16 4 42847855.654
16 5 57081409.650
16 6 36090495.288
16 7 109534477.350
16 8 141715068.725
16 9 30066525.382
16 10 93143988.783
16 11 33793958.682
16 12 763670104.019
16 13 37836192.594
16 14 45039582.100
16 15 456140867.997
16 17 39840457.513
16 18 73652342.766
16 19 235207112.259
17 0 115163496.495
17 1 19210116.590
17 2 26926686.706
17 3 33738037.994
17 4 21203674.409
17 5 44340629.264
17 6 30659999.358
17 7 24363928.319
17 8 34497004.395
17 9 21943388.206
17 10 36439191.463
17 11 41385946.327
17 12 86688121.620
17 13 8155462.628
17 14 39825362.554
17 15 128420397.621
17 16 101347668.826
17 18 33877756.922
17 19 96772830.515
18 0 90866870.310
18 1 21681414.857
18 2 13892690.605
18 3 33856481.251
18 4 9059340.885
18 5 40690101.039
18 6 27399275.263
18 7 37061661.623
18 8 29123449.642
18 9 14901636.829
18 10 44983968.250
18 11 48996769.361
18 12 111542480.322
18 13 11836221.638
18 14 15686721.138
18 15 60210604.298
18 16 97072761.927
18 17 36836431.600
18 19 54724879.525
19 0 310908199.400
19 1 57981325.830
19 2 71144025.341
19 3 54478341.203
19 4 54127391.901
19 5 77115899.701
19 6 111462693.027
19 7 74650757.026
19 8 107871053.757
19 9 47654930.223
19 10 62285271.062
19 11 70493118.588
19 12 768882407.235
19 13 18272444.976
19 14 61542117.440
19 15 272792852.670
19 16 129826831.913
19 17 38264997.475
19 18 74869480.771
