380
0 1 61497211.327
0 2 47653300.766
0 3 233153316.000
0 4 42245787.341
0 5 138295931.133
0 6 54948952.475
0 7 100939933.073
0 8 156211109.027
0 9 72340464.168
0 10 125800765.047
0 11 128503017.784
0 12 679063344.549
0 13 69341227.981
0 14 50886951.518
0 15 528769029.316
0 16 272181268.842
0 17 134004490.151
0 18 95343590.171
0 19 291250390.688
1 0 50520627.922
1 2 10010502.400
1 3 13004254.848
1 4 4539926.136
1 5 9868528.160
1 6 22888304.392
1 7 12686115.424
1 8 30130987.313
1 9 8520508.114
1 10 15417097.846
1 11 17366667.229
1 12 62940760.206
1 13 10580586.704
1 14 20856593.123
1 15 74518865.840
1 16 18752615.431
1 17 11411213.417
1 18 22034429.453
1 19 53977465.641
2 0 124888075.883
2 1 11521899.177
2 3 46856560.712
2 4 19754569.575
2 5 43721633.591
2 6 18018673.481
2 7 48772296.171
2 8 53466433.239
2 9 14967860.271
2 10 24822436.567
2 11 39586814.278
2 12 117255762.055
2 13 18065791.053
2 14 38404827.625
2 15 80655077.054
2 16 89471218.220
2 17 40286819.035
2 18 18304124.466
2 19 73062276.966
3 0 128120537.857
3 1 32097535.406
3 2 23015555.007
3 4 33887039.146
3 5 31860421.702
3 6 31775163.898
3 7 48901280.199
3 8 84079402.682
3 9 11676729.320
3 10 70970280.741
3 11 22993795.891
3 12 212260280.910
3 13 13192441.501
3 14 32173360.245
3 15 156196023.972
3 16 133326057.469
3 17 24150644.649
3 18 30417862.524
3 19 101750138.105
4 0 78182149.981
4 1 9806098.241
4 2 16122926.501
4 3 19396204.618
4 5 15733025.572
4 6 12521893.071
4 7 13960661.752
4 8 32340072.765
4 9 10681846.625
4 10 8676406.251
4 11 21382601.970
4 12 74608580.635
4 13 5695107.405
4 14 20690844.633
4 15 75484103.912
4 16 27874363.521
4 17 20859455.446
4 18 7030493.610
4 19 56616301.843
5 0 132198785.902
5 1 20819382.064
5 2 19059387.079
5 3 21694546.417
5 4 19857891.098
5 6 15111624.720
5 7 20994606.186
5 8 25650429.494
5 9 20822653.086
5 10 13751210.922
5 11 48757879.650
5 12 339212737.618
5 13 10342190.077
5 14 27474388.776
5 15 120582031.519
5 16 96383432.536
5 17 33996670.221
5 18 40072572.990
5 19 43576758.618
6 0 72696724.268
6 1 22158206.170
6 2 31485941.689
6 3 62915285.889
6 4 11834184.598
6 5 47243582.676
6 7 40136815.689
6 8 61907260.868
6 9 22134669.074
6 10 15447018.233
6 11 27989293.000
6 12 173374008.698
6 13 7943809.331
6 14 32759024.049
6 15 125729815.263
6 16 76628249.270
6 17 42488242.393
6 18 21781380.522
6 19 117760735.578
7 0 116371557.568
7 1 16824232.280
7 2 25858790.589
7 3 62137556.223
7 4 23651884.630
7 5 31290472.073
7 6 31104415.708
7 8 31386986.427
7 9 16762350.034
7 10 34528495.679
7 11 48837536.122
7 12 318498912.805
7 13 20240271.695
7 14 46632619.726
7 15 73579013.309
7 16 82162447.309
7 17 24143212.526
7 18 21934576.313
7 19 44885948.671
8 0 128145887.790
8 1 24618970.448
8 2 69602299.043
8 3 103556929.751
8 4 27203424.039
8 5 35546062.184
8 6 29290618.639
8 7 60329775.180
8 9 25102970.171
8 10 48718355.255
8 11 51384770.772
8 12 341001144.146
8 13 26483135.346
8 14 48900870.375
8 15 303896507.971
8 16 53463364.920
8 17 64219034.669
8 18 64128276.516
8 19 53554160.180
9 0 42839575.998
9 1 10170049.561
9 2 18858831.286
9 3 18543534.527
9 4 11974226.527
9 5 21482238.541
9 6 6457353.063
9 7 21203111.872
9 8 29436665.020
9 10 8053060.381
9 11 9669960.499
9 12 72914814.409
9 13 6812462.174
9 14 6884223.504
9 15 28704264.298
9 16 24599120.611
9 17 23587252.881
9 18 20665734.942
9 19 52833279.008
10 0 103347181.999
10 1 9833093.818
10 2 14581240.899
10 3 59034122.385
10 4 23849088.826
10 5 48393452.733
10 6 29786151.800
10 7 30585488.753
10 8 43528293.767
10 9 19931695.581
10 11 32060684.351
10 12 243710782.684
10 13 18252430.229
10 14 30593140.823
10 15 114498326.741
10 16 96191978.792
10 17 45040786.078
10 18 34709197.060
10 19 32638400.714
11 0 159991127.305
11 1 16937371.556
11 2 13965581.818
11 3 68156311.900
11 4 21968037.517
11 5 37862328.790
11 6 46209177.154
11 7 25434746.230
11 8 33396404.234
11 9 17997195.311
11 10 23356685.068
11 12 208323092.057
11 13 17059038.553
11 14 15217720.987
11 15 158756174.794
11 16 96403777.356
11 17 48454030.065
11 18 20602849.647
11 19 82825597.479
12 0 636052036.425
12 1 138690390.132
12 2 238033987.377
12 3 270341137.210
12 4 120952039.861
12 5 323609497.512
12 6 336432094.205
12 7 95231600.685
12 8 389650605.703
12 9 127382347.029
12 10 100626740.573
12 11 266759673.519
12 13 143144566.768
12 14 86174915.620
12 15 1331079596.605
12 16 497223901.437
12 17 98697704.135
12 18 230825952.718
12 19 813965998.351
13 0 51036323.533
13 1 6893128.158
13 2 11058675.791
13 3 28720590.918
13 4 10294958.017
13 5 23255766.527
13 6 10696268.857
13 7 8646120.494
13 8 13588656.234
13 9 5177956.440
13 10 20587116.263
13 11 16753445.249
13 12 122679560.310
13 14 12038529.864
13 15 80427774.753
13 16 15445347.617
13 17 13073503.285
13 18 18494037.529
13 19 20756052.870
14 0 134295969.447
14 1 15392153.081
14 2 39513182.227
14 3 52945506.770
14 4 21733077.689
14 5 30270302.710
14 6 37172840.769
14 7 16914511.648
14 8 56096813.422
14 9 11916839.965
14 10 40415689.759
14 11 33240102.620
14 12 306577430.236
14 13 17965405.499
14 15 75916034.692
14 16 39724050.983
14 17 14600071.144
14 18 40503357.793
14 19 91915146.325
15 0 593240737.426
15 1 88730232.386
15 2 102406096.271
15 3 294660131.575
15 4 90168863.143
15 5 121009276.309
15 6 144612562.082
15 7 194792216.664
15 8 142236896.137
15 9 89894555.898
15 10 88835535.562
15 11 137843820.961
15 12 1471398247.774
15 13 47738845.758
15 14 167043758.350
15 16 407765373.293
15 17 76882377.716
15 18 127748184.555
15 19 398281618.631
16 0 241935603.989
16 1 51944817.646
16 2 94065136.000
16 3 63060688.891
16 4 36864313.042
16 5 108325780.846
16 6 82226654.022
16 7 109014382.783
16 8 175278211.449
16 9 57311764.274
16 10 67536197.816
16 11 115323282.900
16 12 793356631.878
16 13 18696450.352
16 14 34560972.010
16 15 218826270.518
16 17 82007595.982
16 18 45721900.930
16 19 191189818.833
17 0 104227086.886
17 1 6938142.861
17 2 30169657.210
17 3 73331739.552
17 4 15501655.257
17 5 29867080.924
17 6 36697410.375
17 7 26880087.651
17 8 58373969.303
17 9 23687088.905
17 10 39281497.573
17 11 29687362.414
17 12 98251030.189
17 13 22222762.983
17 14 21104016.016
17 15 146058408.989
17 16 45835123.632
17 18 47730092.802
17 19 96361224.523
18 0 150723552.544
18 1 20288793.774
18 2 27194911.519
18 3 44566963.163
18 4 17495329.078
18 5 38661053.862
18 6 38437878.460
18 7 19548274.033
18 8 37314811.648
18 9 24390082.374
18 10 37573935.514
18 11 14409184.826
18 12 147539855.520
18 13 6587631.898
18 14 37313159.271
18 15 200834326.966
18 16 63100010.160
18 17 33607390.056
18 19 79596830.397
19 0 190807857.704
19 1 56005342.615
19 2 61044445.178
19 3 127403498.642
19 4 42209713.784
19 5 113564595.812
19 6 37781579.758
19 7 37731633.876
19 8 117846076.177
19 9 44771532.015
19 10 102544060.735
19 11 49341797.169
19 12 431343630.530
19 13 55158934.736
19 14 89386449.525
19 15 522550748.578
19 16 96984846.078
19 17 118250442.899
19 18 85215409.984
