380
0 1 33649701.269
0 2 143246081.851
0 3 255408513.936
0 4 28607588.678
0 5 90016873.883
0 6 79572185.351
0 7 95908750.233
0 8 117930948.639
0 9 52056531.514
0 10 52807104.478
0 11 143523523.261
0 12 428680345.334
0 13 71005726.353
0 14 138557822.917
0 15 307769592.436
0 16 150813911.712
0 17 47382250.378
0 18 57052638.477
0 19 249305152.465
1 0 83140132.938
1 2 15649564.713
1 3 31875499.430
1 4 5923162.497
1 5 20617150.679
1 6 11681268.355
1 7 20699688.090
1 8 20040809.952
1 9 9487401.653
1 10 18159325.271
1 11 17429383.789
1 12 82275968.158
1 13 8337938.445
1 14 18711406.900
1 15 101892374.129
1 16 47040161.597
1 17 12075037.694
1 18 10999651.521
1 19 43238168.769
2 0 149442116.236
2 1 24160278.074
2 3 53059125.774
2 4 22027516.515
2 5 25695425.578
2 6 41713371.202
2 7 28802008.055
2 8 32477031.417
2 9 17876258.494
2 10 14918225.807
2 11 32294324.705
2 12 137657940.748
2 13 6253126.443
2 14 49193391.970
2 15 168167009.819
2 16 68329024.501
2 17 40638387.275
2 18 47155078.973
2 19 119233338.262
3 0 116068050.608
3 1 35188683.086
3 2 64465855.917
3 4 14018840.664
3 5 56923799.039
3 6 71841807.389
3 7 41703439.512
3 8 108093719.582
3 9 23328725.972
3 10 56561679.855
3 11 53512302.206
3 12 423960101.236
3 13 24076211.865
3 14 36796139.856
3 15 303976068.570
3 16 59025332.744
3 17 43595927.019
3 18 27499891.277
3 19 130341477.265
4 0 70623467.776
4 1 3350546.974
4 2 18853163.670
4 3 16298455.154
4 5 14719111.837
4 6 15902916.763
4 7 7096381.444
4 8 21262178.987
4 9 11636676.095
4 10 6311339.549
4 11 23823233.711
4 12 160814353.037
4 13 11211973.547
4 14 17146536.710
4 15 102611783.348
4 16 20641152.574
4 17 13641650.675
4 18 22647190.775
4 19 28235128.611
5 0 46202673.884
5 1 19554271.041
5 2 36982146.612
5 3 53666855.071
5 4 7948114.719
5 6 15569190.091
5 7 32084938.040
5 8 38354393.397
5 9 22749460.663
5 10 44809654.730
5 11 13997115.821
5 12 93053004.950
5 13 21353026.472
5 14 24065082.330
5 15 201883989.608
5 16 72634825.067
5 17 18755117.931
5 18 34667393.610
5 19 60888179.995
6 0 97942156.764
6 1 16667895.660
6 2 20899872.447
6 3 65074698.020
6 4 18599880.054
6 5 45962046.590
6 7 12746404.822
6 8 19211382.860
6 9 16711689.685
6 10 30542708.470
6 11 38534826.294
6 12 185667715.306
6 13 14723510.608
6 14 42585332.729
6 15 59788207.414
6 16 32912437.617
6 17 33827763.357
6 18 42684959.044
6 19 82380692.828
7 0 82679372.952
7 1 8649306.194
7 2 24757807.213
7 3 36753556.709
7 4 9541007.241
7 5 34390616.381
7 6 35874776.732
7 8 30068483.028
7 9 17754065.527
7 10 36764652.077
7 11 30640824.466
7 12 243574022.326
7 13 21609755.626
7 14 47178389.737
7 15 188385598.406
7 16 120967011.516
7 17 24328360.421
7 18 38465636.857
7 19 97670293.086
8 0 233400869.737
8 1 22230405.890
8 2 72017111.527
8 3 101961126.275
8 4 22605377.634
8 5 70499593.279
8 6 40539343.501
8 7 70884970.973
8 9 20580717.252
8 10 58438919.105
8 11 44407400.874
8 12 506598013.828
8 13 10958411.924
8 14 38378062.016
8 15 242621269.177
8 16 116437354.878
8 17 34804366.923
8 18 63586185.643
8 19 72664328.852
9 0 50022500.161
9 1 9294409.074
9 2 20544062.836
9 3 28030933.411
9 4 7112326.258
9 5 19360311.020
9 6 18531600.500
9 7 23363982.885
9 8 12676268.498
9 10 11720009.944
9 11 16859119.114
9 12 108369545.721
9 13 12264575.583
9 14 20944524.150
9 15 88651900.480
9 16 57151927.975
9 17 21900246.907
9 18 13551360.966
9 19 51182307.894
10 0 92945917.196
10 1 21490024.084
10 2 23740634.383
10 3 66774936.623
10 4 7779027.904
10 5 25485645.615
10 6 41173171.101
10 7 14842102.733
10 8 61465324.260
10 9 14068402.098
10 11 29917531.998
10 12 175415314.555
10 13 15472251.237
10 14 27263643.146
10 15 215241861.027
10 16 42741067.385
10 17 31094812.974
10 18 12354516.966
10 19 92675343.288
11 0 116934719.654
11 1 12877568.670
11 2 29802456.006
11 3 48366286.058
11 4 17756396.469
11 5 34893990.494
11 6 37584641.962
11 7 29073922.788
11 8 50936743.260
11 9 8248643.746
11 10 23778574.305
11 12 326458185.316
11 13 11383992.723
11 14 14066078.776
11 15 79665630.065
11 16 74516132.510
11 17 46387838.066
11 18 16992067.138
11 19 116387637.321
12 0 780375305.953
12 1 146503989.139
12 2 112348336.202
12 3 311279051.684
12 4 160369086.738
12 5 259666338.549
12 6 258030018.764
12 7 133140452.625
12 8 476382222.185
12 9 117308289.243
12 10 300917684.989
12 11 220529414.484
12 13 102769278.913
12 14 136606440.404
12 15 880515045.440
12 16 455901620.233
12 17 114391700.877
12 18 344092964.364
12 19 565140446.849
13 0 41226451.340
13 1 4254377.539
13 2 14777168.517
13 3 18157304.214
13 4 4534910.553
13 5 9428743.824
13 6 22666832.915
13 7 17134573.704
13 8 28138630.224
13 9 5023094.776
13 10 22637041.598
13 11 19733156.966
13 12 160591796.472
13 14 8161322.055
13 15 62007745.400
13 16 38701365.913
13 17 9355467.662
13 18 7290748.428
13 19 16528967.413
14 0 71595206.135
14 1 20606179.878
14 2 30055515.170
14 3 58443970.477
14 4 7903061.193
14 5 14435022.238
14 6 31562544.166
14 7 13386625.403
14 8 68359024.274
14 9 10394993.231
14 10 24143027.921
14 11 23732635.558
14 12 139647292.498
14 13 15984614.936
14 15 80738610.944
14 16 88575336.670
14 17 22016798.995
14 18 41326322.096
14 19 69127284.136
15 0 255801311.930
15 1 86763693.344
15 2 91257377.180
15 3 115523273.771
15 4 102611408.554
15 5 166451842.666
15 6 175402377.708
15 7 58448529.841
15 8 131803101.563
15 9 102084485.352
15 10 108605143.940
15 11 193971620.893
15 12 1325974259.783
15 13 46276802.221
15 14 66601448.801
15 16 405091771.256
15 17 104813453.640
15 18 98844255.532
15 19 420308069.407
16 0 223236964.211
16 1 32723966.577
16 2 64606906.838
16 3 81694246.956
16 4 32666385.543
16 5 108491515.240
16 6 84257621.161
16 7 77806260.437
16 8 128033079.706
16 9 51926277.241
16 10 91814765.218
16 11 94881519.657
16 12 522279846.156
16 13 45247931.644
16 14 36738439.977
16 15 426162085.557
16 17 101120625.039
16 18 109261897.506
16 19 218074532.280
17 0 56884967.745
17 1 13065035.811
17 2 15605616.868
17 3 19618863.313
17 4 12348623.096
17 5 22710790.696
17 6 24353229.327
17 7 23762747.042
17 8 32572989.749
17 9 17052841.675
17 10 16718698.210
17 11 42647274.424
17 12 101642749.494
17 13 12440083.613
17 14 24683690.494
17 15 121989152.517
17 16 92529814.647
17 18 31240950.408
17 19 88299981.864
18 0 94646728.965
18 1 19537510.845
18 2 45488915.627
18 3 69293639.516
18 4 6980934.384
18 5 36746867.976
18 6 48282817.571
18 7 47816348.768
18 8 62911417.161
18 9 9297988.926
18 10 31140858.094
18 11 15153288.854
18 12 107112987.055
18 13 9460798.861
18 14 31007304.803
18 15 124766101.551
18 16 93193162.418
18 17 15414520.676
18 19 41450007.052
19 0 270347737.027
19 1 26369823.341
19 2 119844135.752
19 3 98040795.625
19 4 42951632.949
19 5 104387538.967
19 6 41876305.799
19 7 72107601.211
19 8 77405042.144
19 9 16510619.987
19 10 53413401.550
19 11 44487294.052
19 12 334053853.608
19 13 52716261.317
19 14 120188156.966
19 15 241965154.331
19 16 239356052.040
19 17 64824103.822
19 18 48343411.176
