380
0 1 27792900.918
0 2 65497868.439
0 3 182591444.159
0 4 55267908.685
0 5 107248235.595
0 6 88389043.825
0 7 72608476.992
0 8 141907737.453
0 9 67522519.235
0 10 137078578.765
0 11 153229394.873
0 12 642343934.899
0 13 43126617.379
0 14 55664655.212
0 15 414219882.150
0 16 271120370.446
0 17 170228612.130
0 18 162797291.151
0 19 264968750.621
1 0 60605007.158
1 2 22174569.713
1 3 34415057.695
1 4 3425561.662
1 5 12648139.105
1 6 23991186.155
1 7 15695765.741
1 8 30954414.343
1 9 10178566.758
1 10 7441133.887
1 11 7714364.427
1 12 89142120.914
1 13 3620438.248
1 14 19288636.327
1 15 66421749.680
1 16 54018893.022
1 17 22093967.473
1 18 7310480.921
1 19 61001245.767
2 0 60256235.690
2 1 18174396.757
2 3 45284591.519
2 4 24074616.531
2 5 15247894.145
2 6 18684832.244
2 7 39372245.407
2 8 32523817.497
2 9 20456529.215
2 10 16902260.835
2 11 20459966.014
2 12 145634467.623
2 13 11573832.295
2 14 31839804.726
2 15 111368563.659
2 16 44843917.350
2 17 18061242.319
2 18 35873178.244
2 19 74403603.207
3 0 163384268.016
3 1 17287846.926
3 2 69098360.024
3 4 12126768.093
3 5 46783935.547
3 6 54803147.758
3 7 66613714.585
3 8 100566122.783
3 9 16168502.454
3 10 33641177.348
3 11 63084011.988
3 12 476692848.493
3 13 29801608.128
3 14 70625006.511
3 15 150915322.546
3 16 168789612.792
3 17 63743666.381
3 18 45388287.371
3 19 169062092.360
4 0 61006740.223
4 1 5456843.591
4 2 22195811.019
4 3 13703707.240
4 5 8633391.819
4 6 21041398.309
4 7 13218171.158
4 8 9354439.034
4 9 9441818.653
4 10 14782671.350
4 11 12134385.922
4 12 161718143.974
4 13 3142759.891
4 14 22124353.004
4 15 53688037.919
4 16 20437241.869
4 17 17161228.820
4 18 6588163.683
4 19 40415622.881
5 0 126878917.081
5 1 11466579.397
5 2 41394179.578
5 3 40312804.001
5 4 16078643.778
5 6 43962846.961
5 7 33146991.228
5 8 26077224.976
5 9 15428856.786
5 10 35070034.254
5 11 23364394.513
5 12 216177502.913
5 13 16439411.545
5 14 43260265.076
5 15 171849324.135
5 16 112065966.422
5 17 39879404.772
5 18 16067013.109
5 19 56274590.134
6 0 117725777.680
6 1 10509267.546
6 2 20470290.058
6 3 66070039.864
6 4 24142802.697
6 5 22126424.995
6 7 13494646.415
6 8 71157279.196
6 9 14078603.009
6 10 29424977.579
6 11 37909064.372
6 12 322233989.140
6 13 8647697.429
6 14 15390156.156
6 15 70113393.687
6 16 51923883.072
6 17 26890500.827
6 18 22347214.853
6 19 45083066.226
7 0 169045222.617
7 1 7176482.426
7 2 24412160.343
7 3 54745320.811
7 4 23918558.121
7 5 38961225.169
7 6 33610067.951
7 8 57579665.514
7 9 13780723.211
7 10 35178873.989
7 11 16499239.116
7 12 205131020.099
7 13 19611524.161
7 14 24663038.118
7 15 86458270.889
7 16 48773918.730
7 17 42841680.860
7 18 39829008.216
7 19 99850061.714
8 0 239158862.358
8 1 27644618.276
8 2 39706113.938
8 3 91946410.490
8 4 22820383.530
8 5 59165779.033
8 6 60817327.481
8 7 39971259.609
8 9 23009396.819
8 10 61064057.634
8 11 36016824.383
8 12 266680416.726
8 13 21938408.588
8 14 69160129.821
8 15 239993246.695
8 16 84741015.651
8 17 20416826.608
8 18 36462676.879
8 19 172898620.074
9 0 59305587.511
9 1 4913277.769
9 2 6430713.197
9 3 20074548.111
9 4 4048402.027
9 5 11534847.921
9 6 7705779.469
9 7 20974006.169
9 8 20246387.869
9 10 7513445.509
9 11 15656006.748
9 12 129581625.408
9 13 11644995.751
9 14 19213632.661
9 15 52909578.432
9 16 42875706.243
9 17 14888163.176
9 18 16239934.268
9 19 41139466.548
10 0 58734976.444
10 1 7804331.270
10 2 41471862.706
10 3 33874225.651
10 4 17696132.577
10 5 31708154.646
10 6 40870027.517
10 7 48816788.342
10 8 34790590.643
10 9 14160591.797
10 11 35763366.833
10 12 134452760.996
10 13 11835282.118
10 14 45782844.246
10 15 204855660.986
10 16 65143961.748
10 17 32671226.418
10 18 31789508.202
10 19 59949036.835
11 0 143542820.870
11 1 15178742.162
11 2 18722035.264
11 3 25703630.551
11 4 9255706.729
11 5 35273906.477
11 6 47338385.404
11 7 29371312.135
11 8 57734508.518
11 9 7469485.927
11 10 45915147.029
11 12 193112139.916
11 13 19406308.114
11 14 40979388.321
11 15 149430207.458
11 16 75158607.658
11 17 32878853.141
11 18 43386813.628
11 19 110174919.923
12 0 580061519.993
12 1 117994462.033
12 2 139343357.037
12 3 459587873.102
12 4 125340436.869
12 5 307369906.030
12 6 209743344.051
12 7 323512890.168
12 8 321369694.999
12 9 125718487.151
12 10 233060104.843
12 11 169635576.483
12 13 51343434.226
12 14 187436184.200
12 15 600288351.674
12 16 505953161.017
12 17 296138952.571
12 18 326419411.257
12 19 384054417.073
13 0 39855770.422
13 1 3191111.088
13 2 21415580.319
13 3 34185844.123
13 4 6818585.585
13 5 19011114.640
13 6 22305839.964
13 7 23490520.832
13 8 23080242.795
13 9 3943513.668
13 10 24453724.454
13 11 14693478.002
13 12 167648997.497
13 14 14040938.023
13 15 71527183.750
13 16 56769007.268
13 17 21577826.284
13 18 20074852.803
13 19 24577675.344
14 0 96360644.592
14 1 10796869.480
14 2 43566828.073
14 3 67931231.554
14 4 21844832.249
14 5 35555833.177
14 6 17375893.074
14 7 19104946.454
14 8 57479938.154
14 9 17229260.012
14 10 35169387.124
14 11 43722081.654
14 12 159547485.369
14 13 16564797.542
14 15 76151437.743
14 16 71026462.017
14 17 33129252.319
14 18 24799194.581
14 19 89692177.292
15 0 732235743.708
15 1 73206614.352
15 2 214805393.059
15 3 166020697.255
15 4 83586183.612
15 5 166337455.556
15 6 128292347.127
15 7 121911222.874
15 8 300395363.632
15 9 74217355.336
15 10 197097233.087
15 11 97325709.985
15 12 1194693723.430
15 13 94138544.000
15 14 205135812.235
15 16 437544818.631
15 17 59096167.646
15 18 149093316.809
15 19 416325237.737
16 0 161665658.404
16 1 54461433.363
16 2 80306176.535
16 3 66727896.704
16 4 57145510.073
16 5 79421423.244
16 6 85648483.216
16 7 65800660.189
16 8 159015622.638
16 9 34961824.063
16 10 105541053.744
16 11 83604984.131
16 12 395653880.302
16 13 21236489.469
16 14 46115841.860
16 15 413935584.046
16 17 60519515.906
16 18 110024622.647
16 19 136186043.828
17 0 60384062.636
17 1 9512943.114
17 2 14634472.274
17 3 39661159.614
17 4 23889024.312
17 5 16703259.694
17 6 37581270.666
17 7 16738398.138
17 8 63753503.691
17 9 20061442.174
17 10 37690978.960
17 11 24948632.586
17 12 216995414.527
17 13 22464406.967
17 14 48750739.089
17 15 210488361.900
17 16 108691259.768
17 18 46896803.749
17 19 107565502.526
18 0 95290007.353
18 1 21598186.036
18 2 16677988.702
18 3 68742995.189
18 4 14884673.913
18 5 44134621.798
18 6 26324186.408
18 7 14315650.957
18 8 62567285.357
18 9 13914673.191
18 10 15703003.161
18 11 18918247.678
18 12 225868093.900
18 13 6211087.912
18 14 13669381.567
18 15 191918606.093
18 16 33426834.667
18 17 41826456.735
18 19 106938794.239
19 0 127861654.678
19 1 29109626.722
19 2 38609632.225
19 3 176764936.054
19 4 51925358.461
19 5 39864015.115
19 6 50941875.174
19 7 103300121.219
19 8 65449135.865
19 9 49665013.290
19 10 54073613.844
19 11 105116384.450
19 12 855729619.991
19 13 47352960.736
19 14 65524714.098
19 15 285111916.527
19 16 218066503.715
19 17 78921245.843
19 18 39372774.140
