380
0 1 65702268.605
0 2 123930122.571
0 3 104535040.680
0 4 59143286.107
0 5 56758500.647
0 6 166161158.974
0 7 120044834.306
0 8 95233605.115
0 9 26254157.693
0 10 112933595.391
0 11 45722452.397
0 12 988762346.738
0 13 80144291.777
0 14 74121609.476
0 15 573763629.360
0 16 348292753.280
0 17 136752691.012
0 18 165045684.642
0 19 280340330.378
1 0 27907320.358
1 2 10157671.531
1 3 11121155.729
1 4 3837890.471
1 5 7989145.793
1 6 22923277.873
1 7 21471085.751
1 8 12353843.280
1 9 5235113.767
1 10 17547699.716
1 11 7290519.475
1 12 88143524.744
1 13 5595144.735
1 14 8762720.961
1 15 64859017.362
1 16 38477140.761
1 17 16257738.214
1 18 12759451.993
1 19 55974326.817
2 0 51223171.373
2 1 9660925.933
2 3 38673988.170
2 4 13443452.672
2 5 24067723.030
2 6 49057428.228
2 7 13231424.801
2 8 26441604.625
2 9 18424709.864
2 10 40830769.222
2 11 32135472.020
2 12 156241883.091
2 13 12308777.996
2 14 14809127.987
2 15 92934881.802
2 16 88241564.596
2 17 23189955.669
2 18 19237841.130
2 19 103005270.211
3 0 93053867.541
3 1 16636936.206
3 2 53635393.399
3 4 13255661.396
3 5 33425289.740
3 6 64951237.710
3 7 47517558.178
3 8 97905566.065
3 9 21131747.294
3 10 55425261.359
3 11 28118057.777
3 12 410305179.787
3 13 36585624.078
3 14 19026090.963
3 15 155948972.734
3 16 171897652.811
3 17 33272617.170
3 18 22157566.416
3 19 137884341.401
4 0 32539870.741
4 1 3591541.818
4 2 7129800.148
4 3 36569199.116
4 5 13981761.539
4 6 18691336.353
4 7 16848852.600
4 8 10008584.924
4 9 8141259.850
4 10 8113673.366
4 11 15534279.079
4 12 65984707.594
4 13 9685683.750
4 14 8245981.234
4 15 58211004.625
4 16 17891989.456
4 17 21141267.191
4 18 21322578.303
4 19 15790826.327
5 0 151647264.806
5 1 10233389.611
5 2 34127308.453
5 3 23500178.682
5 4 20381537.283
5 6 42555863.276
5 7 13780938.478
5 8 50577673.485
5 9 19497651.480
5 10 12340765.286
5 11 35656170.639
5 12 239922695.635
5 13 16002497.452
5 14 31703289.748
5 15 79386941.584
5 16 58419914.472
5 17 33023748.803
5 18 37805322.658
5 19 108191365.200
6 0 95017151.033
6 1 19493614.101
6 2 41254617.247
6 3 24108752.631
6 4 11753088.070
6 5 45837676.099
6 7 41568456.220
6 8 25320229.818
6 9 9459096.233
6 10 28435997.583
6 11 41053661.982
6 12 336337811.075
6 13 18438562.660
6 14 23578518.103
6 15 128845903.182
6 16 62991582.612
6 17 18491505.920
6 18 42177656.656
6 19 113565358.600
7 0 61144025.349
7 1 19774036.953
7 2 48358775.855
7 3 27124132.348
7 4 10990038.551
7 5 45299500.862
7 6 40195154.984
7 8 31121567.167
7 9 20138327.141
7 10 15051522.400
7 11 39067419.519
7 12 201165202.941
7 13 6783532.971
7 14 32590813.091
7 15 87803537.093
7 16 41118567.484
7 17 24549776.641
7 18 46627662.251
7 19 78878770.618
8 0 157562994.862
8 1 28797984.991
8 2 45054551.622
8 3 85045223.996
8 4 34368952.305
8 5 25113703.528
8 6 39175882.933
8 7 62602483.859
8 9 17353994.971
8 10 59552188.591
8 11 73199930.347
8 12 180065074.712
8 13 19525607.571
8 14 38334047.799
8 15 284570082.087
8 16 60957219.303
8 17 29228719.809
8 18 65638420.962
8 19 81430068.110
9 0 39121154.040
9 1 4998094.101
9 2 20985407.433
9 3 14207930.396
9 4 6944594.941
9 5 12492402.476
9 6 21982760.770
9 7 23743262.662
9 8 29087354.885
9 10 12837853.232
9 11 18023074.614
9 12 53874655.025
9 13 10610994.049
9 14 23928950.066
9 15 36651952.779
9 16 21881506.565
9 17 13213414.285
9 18 8253750.464
9 19 26360062.407
10 0 64878320.837
10 1 17332724.221
10 2 31762173.138
10 3 65501658.732
10 4 9694346.528
10 5 45922572.326
10 6 23017541.878
10 7 13980264.706
10 8 71576854.944
10 9 24096611.822
10 11 33087287.321
10 12 118288829.103
10 13 11324869.534
10 14 17460610.891
10 15 88499760.234
10 16 91657159.298
10 17 15329081.609
10 18 23815386.758
10 19 47284174.246
11 0 161082668.690
11 1 12692064.098
11 2 13440865.124
11 3 24940461.867
11 4 13326208.329
11 5 43902057.202
11 6 37945723.485
11 7 25858597.876
11 8 29650847.683
11 9 10772126.607
11 10 23156668.069
11 12 169467910.624
11 13 21186229.032
11 14 33148079.598
11 15 184856521.322
11 16 122819513.285
11 17 20661182.957
11 18 47479217.860
11 19 46026127.797
12 0 831089591.558
12 1 44098515.000
12 2 117606076.429
12 3 380772845.359
12 4 139786722.164
12 5 313901456.825
12 6 236970170.667
12 7 332657730.081
12 8 252982781.216
12 9 108499567.720
12 10 230286495.493
12 11 156175478.765
12 13 142508915.421
12 14 253835946.261
12 15 395777061.605
12 16 818406510.116
12 17 101402588.425
12 18 128240878.889
12 19 286389300.875
13 0 23687314.037
13 1 6232163.164
13 2 10405643.171
13 3 27356289.789
13 4 3535276.136
13 5 23576359.308
13 6 20170800.064
13 7 21652048.313
13 8 16221150.565
13 9 9937529.658
13 10 21700788.161
13 11 23580310.494
13 12 104749935.071
13 14 23503746.247
13 15 61991108.866
13 16 51366160.722
13 17 8883830.865
13 18 9705016.230
13 19 23606215.764
14 0 53257725.987
14 1 17698844.632
14 2 36745717.166
14 3 50929246.363
14 4 7001017.679
14 5 30702411.723
14 6 25864421.300
14 7 46666015.734
14 8 63611629.474
14 9 17491704.654
14 10 21352968.818
14 11 22644008.422
14 12 302106244.617
14 13 12940627.786
14 15 188799693.839
14 16 112656572.020
14 17 16316334.044
14 18 36193175.248
14 19 47804977.826
15 0 714435789.767
15 1 42418072.974
15 2 180720780.711
15 3 147901919.206
15 4 54159533.375
15 5 207685715.332
15 6 184143425.855
15 7 172497601.910
15 8 202493483.365
15 9 57902429.192
15 10 130097271.898
15 11 113816973.705
15 12 861973249.224
15 13 71896181.251
15 14 203364312.862
15 16 259008218.422
15 17 184927602.775
15 18 123546676.857
15 19 476152854.818
16 0 323921057.530
16 1 54057512.630
16 2 91908848.738
16 3 86675617.386
16 4 49388340.494
16 5 60252825.639
16 6 67411284.574
16 7 101309709.872
16 8 64137296.364
16 9 34358383.817
16 10 77698527.688
16 11 58408319.830
16 12 416985579.145
16 13 59878967.283
16 14 79590651.895
16 15 305086143.362
16 17 42350048.070
16 18 83420886.088
16 19 225879884.424
17 0 138669740.993
17 1 21467073.490
17 2 19808080.403
17 3 28817030.644
17 4 24327717.738
17 5 14545967.582
17 6 45306412.419
17 7 35008281.284
17 8 26678394.379
17 9 11389551.977
17 10 30131174.718
17 11 37144565.829
17 12 125967035.288
17 13 9893130.875
17 14 48062941.774
17 15 87442965.518
17 16 84961531.587
17 18 26527063.651
17 19 96358322.410
18 0 133158385.482
18 1 7881621.476
18 2 16427965.455
18 3 59971206.956
18 4 11211627.190
18 5 21773704.561
18 6 16259548.384
18 7 38722854.776
18 8 44169298.535
18 9 14975242.346
18 10 25227674.213
18 11 25041432.561
18 12 211999918.240
18 13 11423422.725
18 14 33371272.664
18 15 205734976.940
18 16 98757627.429
18 17 34419543.663
18 19 114752844.829
19 0 283952921.094
19 1 46062054.814
19 2 105870153.336
19 3 86280620.429
19 4 24995582.950
19 5 49089663.433
19 6 107830138.523
19 7 59501194.289
19 8 60329203.519
19 9 17643115.163
19 10 84848965.953
19 11 70729633.097
19 12 325732740.702
19 13 21173656.145
19 14 37964687.861
19 15 375744198.922
19 16 231233260.922
19 17 99222114.726
19 18 90506710.837
