380
0 1 72213988.079
0 2 58700874.374
0 3 130730871.943
0 4 49585803.831
0 5 125001331.370
0 6 92547002.739
0 7 92731792.113
0 8 171154306.576
0 9 26944171.815
0 10 157219353.795
0 11 121353339.876
0 12 405885396.940
0 13 65644988.320
0 14 162769238.125
0 15 700218202.707
0 16 140287101.947
0 17 111838792.492
0 18 96047510.815
0 19 211417933.010
1 0 30607513.437
1 2 22624434.727
1 3 36457395.873
1 4 4861792.086
1 5 20997917.967
1 6 11387979.708
1 7 23373628.246
1 8 18018076.107
1 9 7981429.896
1 10 23310110.219
1 11 15770912.481
1 12 69698807.522
1 13 5307696.813
1 14 19326788.303
1 15 106550531.699
1 16 45631838.386
1 17 14134052.023
1 18 17931779.035
1 19 27463461.634
2 0 108731047.432
2 1 14341833.136
2 3 45229750.224
2 4 13338078.625
2 5 30190914.599
2 6 35656324.730
2 7 44047381.467
2 8 21807042.386
2 9 9337496.533
2 10 37275636.822
2 11 47904549.080
2 12 178542787.994
2 13 11139382.539
2 14 36570664.595
2 15 143140626.425
2 16 38459724.427
2 17 27148261.449
2 18 43441990.505
2 19 44753618.443
3 0 164345026.513
3 1 25244005.134
3 2 67098987.613
3 4 32403230.196
3 5 18510814.851
3 6 49697626.641
3 7 59512061.904
3 8 92124568.698
3 9 26560189.637
3 10 34227139.528
3 11 21463128.256
3 12 166178713.404
3 13 30779237.249
3 14 21085844.297
3 15 256096323.724
3 16 149292706.335
3 17 44577296.063
3 18 66433543.907
3 19 86885915.187
4 0 72475748.258
4 1 5691739.972
4 2 23334647.164
4 3 31426046.948
4 5 14411742.629
4 6 9385523.433
4 7 13750559.844
4 8 13490855.985
4 9 11604015.566
4 10 14433610.031
4 11 20316500.822
4 12 149226773.491
4 13 6842349.729
4 14 6490303.529
4 15 76292488.293
4 16 42395688.642
4 17 18533502.802
4 18 7237420.105
4 19 44507143.289
5 0 91799392.840
5 1 11804867.432
5 2 42798461.302
5 3 25210085.231
5 4 18073990.180
5 6 19529556.689
5 7 35193100.651
5 8 34463717.351
5 9 20871822.106
5 10 16868686.361
5 11 30079281.868
5 12 204526606.908
5 13 7035601.124
5 14 37026950.214
5 15 62474189.125
5 16 32359201.961
5 17 28647894.353
5 18 17873853.001
5 19 63647203.028
6 0 164801286.701
6 1 10905396.036
6 2 16701257.556
6 3 25386500.488
6 4 9683593.383
6 5 13044804.157
6 7 44576520.113
6 8 41578391.901
6 9 13796616.926
6 10 37486015.443
6 11 39972605.479
6 12 257457768.666
6 13 7347679.360
6 14 26918854.467
6 15 172430598.354
6 16 53169040.885
6 17 36292055.874
6 18 17084914.482
6 19 89941066.346
7 0 62373498.467
7 1 20725472.419
7 2 34478389.376
7 3 55336854.519
7 4 7152663.866
7 5 28384877.708
7 6 18475543.185
7 8 26390309.784
7 9 6829711.361
7 10 29278349.864
7 11 35636407.268
7 12 283411691.168
7 13 13441762.317
7 14 36607876.874
7 15 175181001.828
7 16 108699149.649
7 17 27223144.526
7 18 31328389.592
7 19 82497240.850
8 0 85124271.971
8 1 16685201.411
8 2 70701608.935
8 3 28119593.506
8 4 11975218.521
8 5 67560639.489
8 6 25772708.180
8 7 65836554.543
8 9 24704449.117
8 10 38958301.377
8 11 73199300.842
8 12 286453422.755
8 13 17438398.533
8 14 25156105.757
8 15 274225667.069
8 16 164627935.567
8 17 18855754.665
8 18 29874822.789
8 19 126006538.223
9 0 41073396.604
9 1 10140223.545
9 2 12720023.402
9 3 28102043.852
9 4 8195031.634
9 5 16000846.462
9 6 13177708.509
9 7 6971578.484
9 8 30327570.415
9 10 22201876.746
9 11 16251298.889
9 12 44482712.975
9 13 8964247.411
9 14 13091468.168
9 15 41723505.135
9 16 20530765.297
9 17 11122595.702
9 18 19691222.066
9 19 55549420.910
10 0 105983647.100
10 1 18303502.439
10 2 25561707.127
10 3 68598751.046
10 4 15873904.701
10 5 33452740.972
10 6 45310573.628
10 7 14375756.959
10 8 40875297.771
10 9 12032096.089
10 11 19114755.109
10 12 305016057.809
10 13 20078527.213
10 14 30947068.713
10 15 126425788.136
10 16 89853963.959
10 17 27633701.577
10 18 30577477.974
10 19 49272127.114
11 0 108390025.981
11 1 23621046.438
11 2 21943446.789
11 3 61596003.313
11 4 22443717.735
11 5 37357263.529
11 6 40680735.798
11 7 42487777.239
11 8 55110018.755
11 9 10710917.206
11 10 18056904.451
11 12 274554996.306
11 13 10512414.607
11 14 18367778.290
11 15 103360966.110
11 16 97828840.981
11 17 32357837.701
11 18 25724473.816
11 19 105648957.083
12 0 905836463.157
12 1 146542562.098
12 2 118414891.880
12 3 477895546.742
12 4 71553544.544
12 5 319059592.834
12 6 333968844.081
12 7 173511181.961
12 8 215566427.628
12 9 163593024.471
12 10 155796247.250
12 11 302263676.752
12 13 131749295.927
12 14 323504414.517
12 15 1239240466.718
12 16 356387106.990
12 17 115411644.608
12 18 146407940.619
12 19 855783282.175
13 0 82462655.290
13 1 8535844.815
13 2 19718652.041
13 3 24598282.725
13 4 5213105.140
13 5 10645264.351
13 6 18901147.048
13 7 11811723.328
13 8 12113547.412
13 9 11377638.540
13 10 7575600.876
13 11 22687790.170
13 12 135960260.866
13 14 9178258.539
13 15 51735114.907
13 16 31957515.650
13 17 15653692.643
13 18 21141062.521
13 19 37239945.075
14 0 103405020.360
14 1 16982030.834
14 2 41024523.356
14 3 22663191.467
14 4 20041838.273
14 5 35896490.091
14 6 48725815.426
14 7 13706616.298
14 8 54563692.555
14 9 12431801.303
14 10 47195984.088
14 11 37501525.038
14 12 221570071.136
14 13 13828003.498
14 15 125831956.636
14 16 72209352.044
14 17 23467041.463
14 18 45069976.122
14 19 98252869.216
15 0 566629830.016
15 1 79721055.738
15 2 102291070.230
15 3 87268123.808
15 4 105309889.079
15 5 95967180.422
15 6 124190705.081
15 7 137070577.351
15 8 277149308.274
15 9 39682918.870
15 10 157100353.555
15 11 92024922.014
15 12 1033941726.618
15 13 60358818.699
15 14 218421663.928
15 16 231483942.250
15 17 166113011.667
15 18 186847531.430
15 19 276924962.266
16 0 327182940.221
16 1 52538165.134
16 2 59798797.041
16 3 51257218.985
16 4 26676932.122
16 5 52530552.990
16 6 33877932.786
16 7 44112574.740
16 8 102820708.451
16 9 42453022.712
16 10 108863713.434
16 11 44390956.116
16 12 632743026.832
16 13 57936100.208
16 14 93764569.107
16 15 204967008.232
16 17 48890430.623
16 18 33849979.400
16 19 304360963.765
17 0 87804653.940
17 1 8065982.942
17 2 47833897.197
17 3 23738643.336
17 4 6310541.020
17 5 26109184.910
17 6 45379873.067
17 7 13055182.057
17 8 19460682.444
17 9 21703505.906
17 10 20833961.606
17 11 20848109.281
17 12 195612422.846
17 13 7120070.340
17 14 44021359.696
17 15 94779283.745
17 16 110886565.179
17 18 45524859.863
17 19 80107934.096
18 0 110942614.504
18 1 12716513.022
18 2 22806420.567
18 3 72812902.523
18 4 11243751.828
18 5 30746598.639
18 6 27986774.324
18 7 44627196.579
18 8 59967867.353
18 9 18656876.996
18 10 49125921.996
18 11 28059662.184
18 12 212278431.984
18 13 8886801.531
18 14 48288863.784
18 15 109559919.812
18 16 117404106.410
18 17 47907421.319
18 19 86461736.453
19 0 417084207.194
19 1 35096832.634
19 2 44101973.820
19 3 152330726.880
19 4 44449427.751
19 5 102143621.061
19 6 101612768.347
19 7 42587827.058
19 8 107322692.388
19 9 35543317.729
19 10 64721823.951
19 11 65281456.572
19 12 360456443.259
19 13 30176548.421
19 14 83159194.981
19 15 183599136.814
19 16 224539844.224
19 17 106666124.101
19 18 31683295.632
