380
0 1 73957925.228
0 2 161909908.807
0 3 185367066.532
0 4 24066765.887
0 5 129357250.100
0 6 92841644.769
0 7 55077217.069
0 8 91051565.967
0 9 52422610.292
0 10 169259727.972
0 11 157097544.785
0 12 390319170.183
0 13 78851409.144
0 14 98914115.993
0 15 466044448.934
0 16 271481642.704
0 17 140309173.385
0 18 162565566.556
0 19 245142767.048
1 0 62611237.759
1 2 16514845.427
1 3 10112625.578
1 4 5396118.784
1 5 11511525.507
1 6 18130267.261
1 7 20502105.625
1 8 26950442.149
1 9 3226278.510
1 10 6374272.841
1 11 13150095.130
1 12 140642661.657
1 13 5126960.732
1 14 14984011.264
1 15 45062826.490
1 16 48384592.485
1 17 17687100.939
1 18 21152766.317
1 19 23580199.180
2 0 59576124.639
2 1 12357522.286
2 3 23532477.145
2 4 10752246.295
2 5 45520464.999
2 6 42289021.078
2 7 42505830.807
2 8 38771807.983
2 9 13769624.842
2 10 12600975.972
2 11 40213412.483
2 12 138744755.214
2 13 13298713.133
2 14 38211784.792
2 15 141185585.281
2 16 97548014.638
2 17 15311924.877
2 18 15919198.091
2 19 70182829.889
3 0 71906954.254
3 1 28785551.828
3 2 29586195.125
3 4 25556841.215
3 5 30258693.160
3 6 69993450.667
3 7 51791137.605
3 8 28442574.702
3 9 11242732.511
3 10 21808300.317
3 11 32567379.505
3 12 172523071.289
3 13 33714740.633
3 14 29597186.164
3 15 189006703.963
3 16 154286375.686
3 17 21389696.316
3 18 27004705.830
3 19 155005941.076
4 0 80991834.593
4 1 5306881.821
4 2 11719821.843
4 3 34228038.272
4 5 19175145.012
4 6 21267716.201
4 7 8847350.694
4 8 20100589.059
4 9 5808258.164
4 10 24225021.549
4 11 12404025.658
4 12 170262817.594
4 13 4773465.123
4 14 18262985.876
4 15 30439690.105
4 16 19568429.387
4 17 11551472.502
4 18 9920839.450
4 19 38856187.718
5 0 146851045.347
5 1 11754801.524
5 2 31369514.596
5 3 72118337.611
5 4 19883943.474
5 6 19034348.112
5 7 16991242.500
5 8 25905705.087
5 9 13689023.483
5 10 46267947.642
5 11 36850033.217
5 12 178705554.916
5 13 17721902.723
5 14 46412932.786
5 15 159336780.032
5 16 52877287.449
5 17 13374224.501
5 18 35279776.401
5 19 104277912.505
6 0 111349911.664
6 1 13081080.802
6 2 32951292.678
6 3 57126973.820
6 4 14974758.868
6 5 15807878.698
6 7 20331489.956
6 8 18991083.112
6 9 22456042.845
6 10 15535561.218
6 11 40456424.817
6 12 129397240.593
6 13 19497960.406
6 14 25457741.860
6 15 78931039.200
6 16 58799444.607
6 17 16122048.773
6 18 40766047.158
6 19 40672530.497
7 0 68937916.870
7 1 20456373.008
7 2 47544904.633
7 3 36004435.078
7 4 10025361.041
7 5 49002206.234
7 6 39334829.813
7 8 45651194.462
7 9 12072523.299
7 10 39708121.184
7 11 39457354.543
7 12 254447194.430
7 13 23024567.992
7 14 48231161.988
7 15 177107594.305
7 16 52129868.248
7 17 29535252.347
7 18 36389501.104
7 19 119182601.715
8 0 117872721.654
8 1 19086418.635
8 2 50635073.148
8 3 39870164.081
8 4 25751199.430
8 5 34182564.862
8 6 50827870.961
8 7 23005878.555
8 9 27486735.897
8 10 43568090.868
8 11 49798616.285
8 12 424853599.364
8 13 21086451.911
8 14 70876768.006
8 15 193156159.938
8 16 132267951.210
8 17 38726285.433
8 18 31586776.606
8 19 122012514.410
9 0 52038342.319
9 1 3271677.178
9 2 19656908.984
9 3 28301034.138
9 4 5422894.246
9 5 20367045.847
9 6 14673604.070
9 7 12138670.656
9 8 11799951.124
9 10 11685068.305
9 11 21600737.457
9 12 64181860.033
9 13 11459401.445
9 14 16885778.742
9 15 60276104.878
9 16 18716970.960
9 17 21091995.474
9 18 16414999.871
9 19 49714891.102
10 0 95151962.194
10 1 7712754.351
10 2 45156415.794
10 3 21268794.759
10 4 6354732.276
10 5 25002699.655
10 6 43571264.240
10 7 26847863.254
10 8 59910252.051
10 9 12841844.091
10 11 12972513.663
10 12 306004334.281
10 13 23067945.799
10 14 45194641.681
10 15 207876156.710
10 16 73471615.914
10 17 32382957.628
10 18 18241530.544
10 19 49378024.172
11 0 110411361.783
11 1 7784160.969
11 2 27316042.046
11 3 37154419.922
11 4 17491185.624
11 5 29031262.745
11 6 22515045.515
11 7 17094529.206
11 8 31970959.841
11 9 12301095.645
11 10 47069128.088
11 12 291944522.880
11 13 20156169.445
11 14 16216480.878
11 15 151922838.301
11 16 90241287.347
11 17 41262415.103
11 18 40263676.748
11 19 52680703.266
12 0 1134707435.781
12 1 135530770.287
12 2 287712923.111
12 3 259515037.506
12 4 133157066.860
12 5 93033064.310
12 6 128311153.248
12 7 280661860.786
12 8 173932140.476
12 9 48609642.174
12 10 202829681.892
12 11 258995894.789
12 13 118656856.941
12 14 156346190.719
12 15 740945985.794
12 16 379190298.912
12 17 273716530.516
12 18 263331850.874
12 19 334037225.581
13 0 59715550.490
13 1 3085972.086
13 2 15409401.363
13 3 34623132.583
13 4 3991849.508
13 5 12062183.150
13 6 16246241.086
13 7 9872052.275
13 8 34311331.346
13 9 6564720.565
13 10 17970186.765
13 11 20404075.017
13 12 144659399.951
13 14 13766038.676
13 15 55847568.025
13 16 24196968.887
13 17 13378309.802
13 18 22967996.541
13 19 40395680.574
14 0 117904553.606
14 1 18484185.332
14 2 14042714.183
14 3 64601158.056
14 4 22448457.316
14 5 28711543.430
14 6 35248771.923
14 7 31424820.981
14 8 72428108.659
14 9 9394289.339
14 10 27756869.599
14 11 13845526.685
14 12 189747110.237
14 13 6258378.934
14 15 137169752.320
14 16 39155366.057
14 17 13192748.226
14 18 40015717.421
14 19 106391566.931
15 0 660247037.887
15 1 40647344.351
15 2 90462683.400
15 3 157090599.002
15 4 90563999.825
15 5 195908622.526
15 6 177487756.133
15 7 116518629.190
15 8 304159726.843
15 9 71946778.002
15 10 177359514.858
15 11 187305572.678
15 12 1373496820.967
15 13 72773052.887
15 14 129108563.064
15 16 399962772.627
15 17 75238004.799
15 18 124912064.022
15 19 141356735.631
16 0 317621242.264
16 1 30883488.364
16 2 60250110.936
16 3 59158176.180
16 4 43490373.251
16 5 77532481.607
16 6 33090062.027
16 7 114370503.311
16 8 153956929.803
16 9 43098178.586
16 10 31923595.656
16 11 120172689.450
16 12 519252368.362
16 13 45408672.730
16 14 42731565.307
16 15 194477304.864
16 17 119895809.096
16 18 106718853.705
16 19 172423116.317
17 0 117694633.551
17 1 6792241.530
17 2 18266043.870
17 3 19876643.703
17 4 12472609.864
17 5 22240616.890
17 6 15793375.811
17 7 45090639.000
17 8 71833943.291
17 9 19694437.660
17 10 42313373.724
17 11 47244109.524
17 12 290194035.652
17 13 6957681.256
17 14 29607611.259
17 15 63068850.314
17 16 33328525.310
17 18 45815502.775
17 19 116782902.728
18 0 91948424.820
18 1 14581126.058
18 2 12886131.466
18 3 37551419.367
18 4 22820412.137
18 5 21033045.901
18 6 44067003.213
18 7 41843333.352
18 8 23253182.645
18 9 6578738.745
18 10 17982110.940
18 11 27136546.019
18 12 312217823.794
18 13 15810245.945
18 14 24644918.598
18 15 191496438.544
18 16 35038070.056
18 17 29054518.527
18 19 48099081.045
19 0 389115461.475
19 1 43965792.539
19 2 74556697.980
19 3 175785911.410
19 4 48778068.840
19 5 114469307.325
19 6 48941818.806
19 7 43183918.007
19 8 178346239.448
19 9 26083348.053
19 10 93682179.738
19 11 74857612.950
19 12 220685644.801
19 13 47302982.661
19 14 107885274.809
19 15 338956115.784
19 16 231738049.236
19 17 49248886.719
19 18 90847397.961
