380
0 1 54942623.342
0 2 142103164.837
0 3 251987540.313
0 4 52429675.897
0 5 64559884.845
0 6 127386282.374
0 7 93916254.941
0 8 247748617.581
0 9 84608711.400
0 10 131406209.339
0 11 89497952.980
0 12 330645222.267
0 13 71239645.676
0 14 137325758.531
0 15 197160853.626
0 16 136819710.981
0 17 159339504.864
0 18 74041640.754
0 19 304933519.013
1 0 50441212.893
1 2 24319088.582
1 3 24817842.176
1 4 5647687.027
1 5 20741687.378
1 6 16763808.495
1 7 10244981.216
1 8 24315558.389
1 9 6879110.098
1 10 7777126.353
1 11 20765296.844
1 12 46664572.629
1 13 5527103.476
1 14 18661758.220
1 15 59537004.911
1 16 34966080.094
1 17 10912976.634
1 18 21162832.471
1 19 48663612.038
2 0 90184640.158
2 1 16058331.565
2 3 41482070.089
2 4 12377909.667
2 5 45196884.929
2 6 14284366.636
2 7 44473458.451
2 8 41697902.123
2 9 11523505.567
2 10 42826314.337
2 11 46081688.889
2 12 211193248.287
2 13 18070933.152
2 14 12504273.274
2 15 189008245.949
2 16 103298724.341
2 17 29905179.287
2 18 34039516.354
2 19 97908620.323
3 0 136451019.823
3 1 31544170.386
3 2 32751986.367
3 4 29770601.210
3 5 19433370.323
3 6 26633334.211
3 7 54647827.875
3 8 83424252.359
3 9 29356029.965
3 10 22744136.308
3 11 63524584.853
3 12 299978988.453
3 13 14752183.514
3 14 30699481.773
3 15 211304446.749
3 16 101958251.153
3 17 34588669.487
3 18 37125246.054
3 19 46503965.492
4 0 37216242.698
4 1 5001486.466
4 2 18651296.443
4 3 25007429.540
4 5 14892250.322
4 6 13144603.232
4 7 21115313.951
4 8 24695303.738
4 9 8200612.386
4 10 11031031.544
4 11 10499698.180
4 12 49263859.710
4 13 8496437.089
4 14 21534968.646
4 15 81026922.831
4 16 48576516.572
4 17 9060296.643
4 18 17747830.352
4 19 55105222.446
5 0 115368770.568
5 1 20488426.354
5 2 41214040.330
5 3 32397095.148
5 4 12328258.905
5 6 34326677.470
5 7 13110667.595
5 8 54240336.414
5 9 9901134.951
5 10 24125861.128
5 11 40526257.268
5 12 138972141.149
5 13 18063652.348
5 14 26914674.625
5 15 176709292.476
5 16 78308800.091
5 17 39163287.780
5 18 23227437.791
5 19 74293356.756
6 0 151915618.338
6 1 20097796.988
6 2 32556529.223
6 3 30225966.377
6 4 9807327.489
6 5 34624016.332
6 7 28865994.541
6 8 23897779.292
6 9 17437729.536
6 10 23252128.070
6 11 26254888.971
6 12 209724979.747
6 13 12319313.854
6 14 46485327.071
6 15 218845606.482
6 16 84211378.558
6 17 26079872.801
6 18 44126454.868
6 19 78744520.908
7 0 118855570.071
7 1 12984702.524
7 2 40390973.492
7 3 33095385.062
7 4 13704645.408
7 5 24507360.517
7 6 16391448.502
7 8 27500903.800
7 9 11739875.210
7 10 41566268.248
7 11 35372496.290
7 12 279336988.798
7 13 22594308.256
7 14 42904961.245
7 15 192541949.414
7 16 115107352.763
7 17 23586235.462
7 18 27232447.359
7 19 87232531.073
8 0 155594149.321
8 1 29197246.389
8 2 22247860.429
8 3 38224570.775
8 4 23700050.096
8 5 69713859.716
8 6 61192007.741
8 7 28981227.759
8 9 13402181.206
8 10 69194880.894
8 11 68572637.316
8 12 205783494.321
8 13 30840679.133
8 14 18556046.147
8 15 329889146.797
8 16 160757754.258
8 17 61749593.500
8 18 19471148.753
8 19 141939295.994
9 0 66641932.223
9 1 3440791.978
9 2 9873470.535
9 3 31710506.554
9 4 11196045.638
9 5 19347932.960
9 6 7962474.705
9 7 14355698.567
9 8 25029183.570
9 10 8557680.919
9 11 16451216.495
9 12 107752747.481
9 13 10975564.986
9 14 8305924.243
9 15 53182896.896
9 16 31989560.900
9 17 17442406.136
9 18 24073866.377
9 19 25797130.046
10 0 152924817.172
10 1 6934118.099
10 2 13509070.842
10 3 20624602.836
10 4 11674736.014
10 5 25178664.789
10 6 44590896.449
10 7 17648765.476
10 8 57983188.963
10 9 9628205.699
10 11 43864525.693
10 12 295348278.773
10 13 14094923.358
10 14 13746185.776
10 15 74319061.983
10 16 56245390.382
10 17 48715865.276
10 18 13024154.101
10 19 76692668.217
11 0 96839231.797
11 1 12324562.032
11 2 26722275.824
11 3 66106612.437
11 4 9940891.477
11 5 48292215.303
11 6 17051975.351
11 7 14505739.973
11 8 58072038.071
11 9 7372644.777
11 10 28227057.994
11 12 238728740.295
11 13 21128265.633
11 14 27564446.216
11 15 165514612.420
11 16 69122541.709
11 17 46274119.509
11 18 37305230.301
11 19 93141492.911
12 0 793617670.176
12 1 146529574.923
12 2 157247884.186
12 3 507312096.093
12 4 63185105.201
12 5 162308978.182
12 6 251095977.712
12 7 305077268.806
12 8 455701746.046
12 9 155453058.857
12 10 343457361.784
12 11 181858387.694
12 13 136204824.212
12 14 271712331.542
12 15 456474875.333
12 16 287004776.622
12 17 255072175.135
12 18 275992309.660
12 19 390791687.489
13 0 60277623.993
13 1 10425426.278
13 2 11403849.518
13 3 21395513.251
13 4 6173355.424
13 5 13781123.137
13 6 24151981.822
13 7 6246230.749
13 8 35479653.295
13 9 9520355.526
13 10 19542870.785
13 11 10332163.533
13 12 78693479.384
13 14 22624706.057
13 15 84102363.612
13 16 39037290.004
13 17 18697816.129
13 18 24174844.440
13 19 40748045.095
14 0 103346920.662
14 1 10572765.748
14 2 18872029.139
14 3 54730994.148
14 4 18715959.605
14 5 36189364.423
14 6 33502778.274
14 7 28764279.851
14 8 73516404.187
14 9 19187902.870
14 10 34748213.221
14 11 17126261.448
14 12 315132898.359
14 13 23466505.069
14 15 147684479.659
14 16 46373468.331
14 17 41754533.851
14 18 47528389.965
14 19 101357470.857
15 0 726071364.636
15 1 35629605.951
15 2 73521205.398
15 3 310063320.111
15 4 36870838.063
15 5 117127309.449
15 6 132057719.855
15 7 176420573.863
15 8 330496239.707
15 9 29410824.058
15 10 219937768.394
15 11 130965849.611
15 12 810533612.059
15 13 58950316.507
15 14 62492925.275
15 16 152552409.197
15 17 212707986.544
15 18 179969385.656
15 19 552655176.594
16 0 363359668.773
16 1 49137456.861
16 2 38006548.648
16 3 180091790.115
16 4 31856381.328
16 5 112879537.121
16 6 85289870.006
16 7 111912414.262
16 8 170895649.824
16 9 54020105.246
16 10 119413036.670
16 11 61335042.169
16 12 838458036.407
16 13 24267765.970
16 14 70269041.120
16 15 408003478.644
16 17 113005877.617
16 18 61314983.407
16 19 126871892.907
17 0 45712038.540
17 1 9536434.776
17 2 27515216.328
17 3 70097718.770
17 4 10727587.757
17 5 23747690.405
17 6 20614409.428
17 7 41980232.151
17 8 33411349.228
17 9 21337038.887
17 10 31783568.493
17 11 44938480.280
17 12 333826008.960
17 13 17946699.472
17 14 41364319.544
17 15 144754929.629
17 16 101668649.161
17 18 17121989.671
17 19 59448041.848
18 0 49373013.881
18 1 19514366.410
18 2 36360766.793
18 3 26037141.941
18 4 24450547.918
18 5 35576876.636
18 6 23097374.239
18 7 24133985.944
18 8 57110585.049
18 9 21716439.615
18 10 24267732.892
18 11 46278983.645
18 12 133781350.399
18 13 23241557.679
18 14 35975034.718
18 15 189538612.145
18 16 113519220.345
18 17 47324432.320
18 19 64460910.311
19 0 372733611.148
19 1 51031636.620
19 2 101764772.409
19 3 62504958.509
19 4 33399574.222
19 5 88979467.213
19 6 55069803.176
19 7 47067586.080
19 8 120596940.237
19 9 47167815.110
19 10 102531114.663
19 11 51378539.680
19 12 607029059.611
19 13 40295261.275
19 14 88887244.880
19 15 441027838.752
19 16 103153871.829
19 17 73637465.162
19 18 87396076.713
