380
0 1 55423722.840
0 2 105151603.281
0 3 171543992.775
0 4 78896831.743
0 5 87045287.825
0 6 143797658.204
0 7 102496542.435
0 8 68280241.396
0 9 27025775.853
0 10 62809656.445
0 11 83404123.592
0 12 891837694.959
0 13 51344241.820
0 14 112793597.783
0 15 364978979.890
0 16 131502589.856
0 17 149761193.216
0 18 80616080.046
0 19 387563646.951
1 0 22978927.750
1 2 8113506.178
1 3 17058102.881
1 4 10240673.597
1 5 10163454.423
1 6 11141277.071
1 7 13559134.424
1 8 23528059.865
1 9 3461721.055
1 10 19092639.374
1 11 9419761.041
1 12 64812134.497
1 13 6038926.344
1 14 11147703.203
1 15 88898074.013
1 16 24284100.388
1 17 8122534.481
1 18 15969965.442
1 19 25242362.018
2 0 168561989.799
2 1 9410928.647
2 3 73610135.382
2 4 8507873.078
2 5 20054840.503
2 6 27894988.019
2 7 46778136.938
2 8 70209153.811
2 9 10939484.873
2 10 40750274.173
2 11 37245108.690
2 12 179806141.875
2 13 23698072.285
2 14 14979198.814
2 15 197943374.386
2 16 73326828.263
2 17 13537844.877
2 18 24968625.208
2 19 107534328.981
3 0 68757711.704
3 1 36550320.710
3 2 37230946.008
3 4 22131278.224
3 5 64293305.988
3 6 73354970.564
3 7 38489110.539
3 8 51210013.038
3 9 35485031.770
3 10 44199753.762
3 11 20600591.741
3 12 310105316.804
3 13 16149749.737
3 14 18868103.387
3 15 278039338.556
3 16 112723629.631
3 17 59044076.312
3 18 41921342.474
3 19 134599371.542
4 0 36564980.841
4 1 11463182.187
4 2 7091889.622
4 3 32958827.703
4 5 13659668.079
4 6 20277387.650
4 7 17521400.104
4 8 23838073.839
4 9 4529192.011
4 10 17184725.160
4 11 12030576.798
4 12 75192289.111
4 13 4195001.744
4 14 16518368.286
4 15 68746350.672
4 16 50630352.020
4 17 15667488.504
4 18 17969901.886
4 19 55916768.360
5 0 100739768.556
5 1 7514751.191
5 2 25978381.786
5 3 30226504.711
5 4 10094064.003
5 6 15319013.888
5 7 37412907.591
5 8 52276534.788
5 9 13036774.803
5 10 48935758.817
5 11 38903776.397
5 12 157936811.144
5 13 14154739.165
5 14 12897457.008
5 15 105001943.752
5 16 78391906.161
5 17 44098960.151
5 18 44366744.382
5 19 44606944.375
6 0 73552970.987
6 1 18143500.159
6 2 42751572.577
6 3 42926608.282
6 4 18198115.980
6 5 27792800.600
6 7 23178128.765
6 8 59876767.100
6 9 24123844.734
6 10 14108909.310
6 11 26144263.654
6 12 240447565.224
6 13 23615530.318
6 14 38903456.030
6 15 156004493.790
6 16 33930956.745
6 17 36173363.071
6 18 45214048.837
6 19 56965090.776
7 0 127699732.415
7 1 22397110.752
7 2 38656381.919
7 3 44430297.149
7 4 6740769.841
7 5 47945007.025
7 6 17677075.182
7 8 36277755.704
7 9 21380286.064
7 10 47572040.960
7 11 41261614.053
7 12 265914995.103
7 13 11331995.670
7 14 39831768.425
7 15 133546051.104
7 16 64213330.240
7 17 33195348.518
7 18 28082103.875
7 19 39500214.939
8 0 172338728.510
8 1 34745458.500
8 2 38023846.744
8 3 89201467.623
8 4 30111530.660
8 5 27200602.794
8 6 71886350.422
8 7 37709312.869
8 9 36128324.552
8 10 59639046.875
8 11 29177019.077
8 12 226999924.007
8 13 15554142.110
8 14 37643254.356
8 15 215255640.696
8 16 180213668.568
8 17 72565975.492
8 18 42024149.429
8 19 158558725.599
9 0 69099609.649
9 1 3460736.890
9 2 13764050.642
9 3 31315621.137
9 4 5827500.953
9 5 24552120.834
9 6 10621074.839
9 7 23282047.026
9 8 14879610.585
9 10 9654452.774
9 11 20254282.602
9 12 165394095.625
9 13 7004693.950
9 14 13174042.861
9 15 70619848.606
9 16 43265816.941
9 17 20017524.375
9 18 9483459.530
9 19 55920617.642
10 0 129373384.662
10 1 22075755.143
10 2 29752927.393
10 3 72489761.027
10 4 19859085.710
10 5 22844644.809
10 6 38314603.267
10 7 28929322.281
10 8 19610382.227
10 9 19437597.943
10 11 40257589.559
10 12 341531429.462
10 13 24078803.485
10 14 32676326.748
10 15 217385414.094
10 16 39112298.855
10 17 34716017.999
10 18 20857328.463
10 19 102369883.068
11 0 82267765.378
11 1 15426485.288
11 2 27124662.129
11 3 47787775.833
11 4 19418827.498
11 5 22762518.011
11 6 39452782.372
11 7 22168487.831
11 8 61913643.987
11 9 24511441.095
11 10 14840749.672
11 12 242046080.306
11 13 10493768.335
11 14 48868974.379
11 15 173922898.269
11 16 119626449.823
11 17 45721320.137
11 18 49095425.293
11 19 61630744.810
12 0 713830658.591
12 1 51521683.310
12 2 267820121.297
12 3 483045956.304
12 4 103188675.132
12 5 329923367.698
12 6 151558037.221
12 7 228431141.556
12 8 326858445.048
12 9 129838337.831
12 10 150989951.755
12 11 100631120.119
12 13 71531170.742
12 14 315020198.377
12 15 1409739780.327
12 16 322993741.525
12 17 116212357.600
12 18 166021563.701
12 19 586958395.611
13 0 55933665.120
13 1 8995996.312
13 2 21967232.239
13 3 10979502.684
13 4 11239174.973
13 5 9111329.864
13 6 10043373.752
13 7 11909676.268
13 8 34531082.702
13 9 4824559.945
13 10 17432852.491
13 11 22396815.717
13 12 94415002.320
13 14 11808637.615
13 15 50625174.369
13 16 53644008.271
13 17 11139728.398
13 18 9093917.007
13 19 22056948.700
14 0 167458706.627
14 1 12039471.120
14 2 44175703.410
14 3 27561201.213
14 4 6629733.174
14 5 34004783.276
14 6 23347255.636
14 7 37328773.326
14 8 68997684.171
14 9 7630519.305
14 10 37888289.933
14 11 27011703.762
14 12 316766333.522
14 13 24113329.665
14 15 167216253.138
14 16 33057803.640
14 17 14066139.587
14 18 31521955.384
14 19 117222899.667
15 0 423532531.770
15 1 39416888.390
15 2 84247318.018
15 3 172471152.323
15 4 106720582.742
15 5 135339045.091
15 6 175173884.504
15 7 115644463.643
15 8 197121665.871
15 9 98166784.228
15 10 98509479.433
15 11 151719871.263
15 12 1271364188.192
15 13 28630218.078
15 14 175829358.742
15 16 397647678.746
15 17 124247836.420
15 18 65540859.270
15 19 235295695.550
16 0 343088944.603
16 1 46991583.317
16 2 121884982.042
16 3 76528399.431
16 4 39413225.306
16 5 65237944.041
16 6 121249435.613
16 7 88552034.941
16 8 148704653.815
16 9 60794540.802
16 10 87276321.757
16 11 96416702.760
16 12 402876827.912
16 13 18698645.822
16 14 92371600.913
16 15 283633543.237
16 17 57495328.365
16 18 122655167.464
16 19 87503762.194
17 0 116248732.837
17 1 10862001.285
17 2 43851367.942
17 3 35889356.907
17 4 12773277.364
17 5 39545949.671
17 6 47676974.432
17 7 17663075.016
17 8 60829584.742
17 9 15869011.980
17 10 43158175.196
17 11 36542288.228
17 12 164858091.276
17 13 19566160.343
17 14 31151661.465
17 15 92947703.728
17 16 70278449.931
17 18 17033733.917
17 19 55789539.514
18 0 103022497.789
18 1 6910904.266
18 2 45509615.485
18 3 22062432.707
18 4 7917258.790
18 5 44518174.875
18 6 16844930.714
18 7 36955884.100
18 8 61502569.077
18 9 21015841.059
18 10 30868560.144
18 11 15074697.605
18 12 100678120.272
18 13 13586601.614
18 14 19796588.908
18 15 217716667.621
18 16 97781822.848
18 17 36672181.183
18 19 103496437.636
19 0 242073970.556
19 1 59615873.128
19 2 111809446.222
19 3 86102142.906
19 4 44446731.896
19 5 41206950.599
19 6 104368193.987
19 7 74784259.714
19 8 74644146.369
19 9 55910228.243
19 10 35272109.732
19 11 105068044.336
19 12 840964653.489
19 13 59001888.449
19 14 89017232.002
19 15 327994607.814
19 16 267154792.865
19 17 78025462.508
19 18 43673045.044
