380
0 1 54083479.591
0 2 81296217.035
0 3 127769478.765
0 4 64218669.229
0 5 102562506.249
0 6 140860113.079
0 7 142494398.243
0 8 142187132.907
0 9 47030920.004
0 10 119475947.504
0 11 135819369.022
0 12 415719254.838
0 13 74543138.254
0 14 165138895.125
0 15 575844806.772
0 16 418432451.136
0 17 105361903.393
0 18 80042686.682
0 19 287325729.820
1 0 29734215.369
1 2 16975236.631
1 3 12258134.896
1 4 5797284.283
1 5 15327623.153
1 6 18885416.106
1 7 18357431.365
1 8 22682565.808
1 9 6959348.745
1 10 9040393.477
1 11 6583679.054
1 12 142858390.372
1 13 8878736.373
1 14 22461849.744
1 15 97480413.191
1 16 32122462.079
1 17 10688293.765
1 18 9024066.431
1 19 48437209.056
2 0 106920740.688
2 1 9146060.468
2 3 23381672.471
2 4 19986068.582
2 5 21350007.493
2 6 39625784.209
2 7 16192113.273
2 8 73412546.129
2 9 20747712.594
2 10 16151623.795
2 11 19171983.154
2 12 330923372.425
2 13 6498319.435
2 14 40339160.761
2 15 101296494.474
2 16 107678857.374
2 17 31615597.924
2 18 25940874.820
2 19 43886338.497
3 0 215201315.237
3 1 23575254.813
3 2 36791631.308
3 4 13368477.581
3 5 31028128.773
3 6 23234471.816
3 7 61846370.452
3 8 55374947.126
3 9 33837365.826
3 10 36202414.692
3 11 52684756.644
3 12 229630274.115
3 13 27355941.984
3 14 67764935.121
3 15 139242302.974
3 16 123382348.215
3 17 55461375.187
3 18 21317745.220
3 19 57612633.558
4 0 32197773.786
4 1 4366680.278
4 2 21823778.979
4 3 11646623.563
4 5 9277459.709
4 6 11435883.685
4 7 14755034.687
4 8 28674561.982
4 9 4712461.859
4 10 18922136.791
4 11 9787495.046
4 12 43613940.390
4 13 7650686.607
4 14 17176663.059
4 15 81704986.848
4 16 22067123.371
4 17 24031291.356
4 18 12352672.830
4 19 21081360.304
5 0 60136254.704
5 1 16145672.636
5 2 12458331.013
5 3 64471253.883
5 4 9778096.599
5 6 47453273.737
5 7 34505460.088
5 8 42359103.985
5 9 14646206.972
5 10 12460825.673
5 11 33090629.056
5 12 310698973.119
5 13 15010053.440
5 14 32518679.751
5 15 57335582.027
5 16 73362748.088
5 17 18180933.577
5 18 21899714.335
5 19 32222473.767
6 0 160306991.615
6 1 12016208.734
6 2 21376760.829
6 3 35155762.626
6 4 16177841.616
6 5 37899615.609
6 7 20610394.308
6 8 46946654.525
6 9 15119888.473
6 10 17294022.605
6 11 47283368.639
6 12 130634544.821
6 13 6228256.782
6 14 36465195.579
6 15 173437771.695
6 16 82300840.406
6 17 22921541.490
6 18 42150330.126
6 19 32955294.639
7 0 49135430.554
7 1 10793339.072
7 2 31373152.398
7 3 35721204.585
7 4 6882569.714
7 5 17213774.413
7 6 33231611.327
7 8 46819040.203
7 9 21691901.876
7 10 20152532.568
7 11 32409358.782
7 12 330462840.352
7 13 21664979.034
7 14 48314957.734
7 15 210319072.815
7 16 106821387.682
7 17 30760144.851
7 18 15793218.612
7 19 111228757.607
8 0 137324602.117
8 1 25505508.282
8 2 65077713.262
8 3 96795149.134
8 4 10905059.638
8 5 33152003.836
8 6 23274265.324
8 7 37599389.562
8 9 12981703.153
8 10 69492805.422
8 11 71185838.719
8 12 190364246.266
8 13 9689530.540
8 14 32509624.070
8 15 313206912.927
8 16 99983364.938
8 17 65691777.902
8 18 45426715.304
8 19 166337859.516
9 0 35742297.292
9 1 8576746.498
9 2 8370375.503
9 3 11523831.201
9 4 9943874.298
9 5 6252966.465
9 6 14517718.428
9 7 14106235.681
9 8 12277192.815
9 10 19093281.687
9 11 18659393.702
9 12 96659196.893
9 13 10307387.407
9 14 15918849.911
9 15 48323196.515
9 16 25323374.658
9 17 20172182.624
9 18 16547967.203
9 19 34570582.386
10 0 65454084.287
10 1 10836495.303
10 2 37632397.109
10 3 26163801.878
10 4 17464439.218
10 5 33968661.435
10 6 43592767.712
10 7 12733994.613
10 8 20744843.984
10 9 22403725.130
10 11 47678824.769
10 12 235146610.725
10 13 15121476.106
10 14 12940535.840
10 15 146143437.504
10 16 32047086.851
10 17 20053226.100
10 18 16660548.972
10 19 99396654.955
11 0 169330039.083
11 1 15741947.614
11 2 19070832.236
11 3 62447191.409
11 4 9786172.405
11 5 35156556.918
11 6 27205626.067
11 7 14399976.455
11 8 51396979.545
11 9 20659520.792
11 10 44173969.278
11 12 154669168.589
11 13 21395247.432
11 14 43337211.558
11 15 126220910.936
11 16 64544725.253
11 17 26132239.641
11 18 22589456.840
11 19 75243308.137
12 0 1175063213.528
12 1 102862676.225
12 2 332912268.978
12 3 136427221.486
12 4 94934730.038
12 5 168468490.865
12 6 165149666.759
12 7 189419846.596
12 8 318202033.816
12 9 54762731.726
12 10 213562035.252
12 11 331922524.508
12 13 103286941.958
12 14 254980383.892
12 15 1427235892.419
12 16 540325222.681
12 17 317501431.877
12 18 151904928.982
12 19 409523018.480
13 0 85671792.498
13 1 9238719.615
13 2 20507866.963
13 3 13175696.818
13 4 12072776.672
13 5 11768773.339
13 6 9545278.161
13 7 12148773.549
13 8 10242825.088
13 9 11873524.137
13 10 16998114.948
13 11 23400757.069
13 12 162007535.649
13 14 7070577.655
13 15 82164701.799
13 16 20216307.897
13 17 21689233.250
13 18 17943182.903
13 19 26679058.478
14 0 106949790.273
14 1 19511990.861
14 2 45155757.827
14 3 57124063.421
14 4 10465534.296
14 5 13719128.954
14 6 17629524.864
14 7 21201352.198
14 8 54166956.850
14 9 13727002.445
14 10 48709407.369
14 11 37224163.213
14 12 258716485.045
14 13 10331650.582
14 15 189784874.662
14 16 111393244.471
14 17 19863031.878
14 18 17543550.704
14 19 32653663.460
15 0 394551309.103
15 1 46255498.839
15 2 173643001.276
15 3 197619329.878
15 4 101616622.288
15 5 96391792.567
15 6 207567037.522
15 7 181988805.651
15 8 172590315.899
15 9 61033585.879
15 10 170830203.699
15 11 105218864.204
15 12 1438593965.234
15 13 51729054.967
15 14 156330102.191
15 16 317457788.841
15 17 96412724.153
15 18 68465549.191
15 19 518815141.372
16 0 290570084.319
16 1 25612152.426
16 2 78852752.404
16 3 60277633.835
16 4 29939301.873
16 5 69342516.669
16 6 107211913.459
16 7 76647399.712
16 8 174199490.892
16 9 23792118.331
16 10 102350803.493
16 11 102115676.521
16 12 678407635.313
16 13 36813118.452
16 14 107442942.561
16 15 167245253.812
16 17 64084018.940
16 18 107409168.027
16 19 218938412.326
17 0 124049028.986
17 1 7689214.888
17 2 24351724.043
17 3 53093667.600
17 4 19347066.159
17 5 20176526.555
17 6 41609470.287
17 7 27061700.789
17 8 31944125.470
17 9 17156569.854
17 10 36856860.415
17 11 12454659.787
17 12 100672578.520
17 13 8636891.503
17 14 29654487.671
17 15 87620911.288
17 16 51580537.413
17 18 14315045.531
17 19 118008292.641
18 0 167551547.415
18 1 24203114.062
18 2 21620756.200
18 3 50451477.871
18 4 13444534.541
18 5 34781261.650
18 6 33046855.187
18 7 46143160.529
18 8 59563496.923
18 9 9509159.959
18 10 43676218.551
18 11 28275638.184
18 12 154215520.925
18 13 23892850.390
18 14 39727087.963
18 15 185056935.271
18 16 44978032.268
18 17 17538212.176
18 19 115352010.215
19 0 128710770.502
19 1 49930495.304
19 2 65409698.219
19 3 51072193.411
19 4 25806411.228
19 5 113214303.312
19 6 84996888.736
19 7 81009651.789
19 8 123729167.087
19 9 31536593.629
19 10 49372559.652
19 11 96862275.115
19 12 657128717.077
19 13 16239016.429
19 14 111864542.095
19 15 155519695.031
19 16 137280796.806
19 17 38319453.104
19 18 52268722.141
