380
0 1 73436400.432
0 2 125271591.077
0 3 167512743.636
0 4 51046733.482
0 5 118238581.483
0 6 151854094.823
0 7 132850207.099
0 8 145234343.210
0 9 61404142.564
0 10 45582544.225
0 11 161400765.707
0 12 1002832038.982
0 13 66257637.408
0 14 170598442.452
0 15 385052589.235
0 16 217025912.792
0 17 113808615.586
0 18 149476827.784
0 19 345730697.947
1 0 33737712.455
1 2 7758736.359
1 3 32895333.545
1 4 10260435.634
1 5 6230062.943
1 6 11985455.744
1 7 18123355.190
1 8 34259976.744
1 9 11883406.663
1 10 15711614.948
1 11 15925476.779
1 12 125188840.669
1 13 7651607.646
1 14 18546015.654
1 15 109582446.812
1 16 53435757.515
1 17 15597236.822
1 18 22061341.714
1 19 17119850.847
2 0 54958271.296
2 1 6760322.871
2 3 47871424.801
2 4 6732912.329
2 5 17262090.695
2 6 39114129.507
2 7 36033801.243
2 8 27437769.443
2 9 20649521.248
2 10 34263654.784
2 11 22564020.781
2 12 156424698.656
2 13 16020349.248
2 14 19403681.572
2 15 213977443.041
2 16 76849958.815
2 17 19383248.403
2 18 19497791.172
2 19 111810483.795
3 0 194940680.196
3 1 14774195.418
3 2 44886373.830
3 4 34519978.550
3 5 54452508.538
3 6 20428614.604
3 7 42963905.646
3 8 64593344.258
3 9 32020447.007
3 10 26955865.758
3 11 32798349.802
3 12 208553588.885
3 13 34488507.722
3 14 42975647.403
3 15 161510347.184
3 16 124257918.058
3 17 64037972.508
3 18 71175006.240
3 19 67446949.647
4 0 36739720.740
4 1 10262936.394
4 2 13833877.611
4 3 18399354.351
4 5 15776203.930
4 6 17388541.599
4 7 10071490.243
4 8 36573986.112
4 9 6928311.246
4 10 14483957.406
4 11 18792958.558
4 12 47428500.452
4 13 6336275.435
4 14 18383581.900
4 15 37195094.075
4 16 23596216.927
4 17 11085313.850
4 18 21208462.885
4 19 15377302.182
5 0 51739604.964
5 1 23360468.094
5 2 47982676.587
5 3 24569772.828
5 4 13574379.237
5 6 13041034.004
5 7 22841668.687
5 8 66193078.913
5 9 19600096.955
5 10 29302332.892
5 11 45555744.326
5 12 199277716.049
5 13 23030429.974
5 14 24715472.583
5 15 55818750.110
5 16 97436926.235
5 17 13707280.256
5 18 28651497.924
5 19 38184297.102
6 0 52169029.222
6 1 18376133.883
6 2 20306144.547
6 3 65677656.511
6 4 12874592.574
6 5 13263315.077
6 7 29678634.212
6 8 36008863.995
6 9 6256221.674
6 10 43851746.242
6 11 24223600.583
6 12 332292452.263
6 13 20021658.031
6 14 22129912.737
6 15 71049552.252
6 16 88126042.191
6 17 35564148.134
6 18 16368970.805
6 19 82400954.120
7 0 63434287.797
7 1 22438747.211
7 2 14034517.860
7 3 55887387.327
7 4 20387896.464
7 5 34644855.724
7 6 44536101.400
7 8 34720886.169
7 9 13278323.352
7 10 29791004.048
7 11 31856042.433
7 12 153365212.348
7 13 18695981.689
7 14 43634302.720
7 15 106362605.579
7 16 60470365.404
7 17 46454759.440
7 18 16057227.146
7 19 96247192.125
8 0 116285672.863
8 1 19068464.932
8 2 40321431.365
8 3 49993402.763
8 4 26370630.756
8 5 28390729.045
8 6 22678392.160
8 7 36666097.883
8 9 15759135.530
8 10 66596601.622
8 11 51748029.983
8 12 424564464.742
8 13 31613220.110
8 14 27514628.871
8 15 138181034.172
8 16 82446568.961
8 17 42607809.437
8 18 68152864.364
8 19 166764994.238
9 0 81678991.943
9 1 11815631.654
9 2 16132095.474
9 3 10971554.722
9 4 9042949.024
9 5 23606088.532
9 6 8204845.408
9 7 24284989.140
9 8 10096900.736
9 10 23832803.865
9 11 15245484.952
9 12 64945739.864
9 13 5927209.755
9 14 16589897.266
9 15 88116119.051
9 16 26755046.861
9 17 7263074.474
9 18 24437158.633
9 19 34821511.078
10 0 130003138.721
10 1 6800747.393
10 2 39616878.083
10 3 40276688.332
10 4 22455112.772
10 5 27935648.048
10 6 24491210.801
10 7 38509496.163
10 8 25694132.495
10 9 10372670.571
10 11 48832174.455
10 12 196277379.038
10 13 7566445.769
10 14 24267261.684
10 15 155328903.440
10 16 79801450.064
10 17 15346300.634
10 18 13688634.763
10 19 109877114.956
11 0 64946819.602
11 1 24428838.685
11 2 48306571.071
11 3 28357679.472
11 4 18266958.459
11 5 39790813.800
11 6 40400567.775
11 7 30861844.160
11 8 59354519.788
11 9 10845235.462
11 10 14373587.330
11 12 343400632.981
11 13 13062023.301
11 14 12873524.866
11 15 126029063.238
11 16 102307598.864
11 17 45713513.861
11 18 16077847.951
11 19 69032515.654
12 0 1068413367.399
12 1 157416565.222
12 2 106367984.352
12 3 406851449.953
12 4 155410951.108
12 5 314142690.683
12 6 111562010.087
12 7 217009701.939
12 8 421782881.282
12 9 68695327.987
12 10 100271311.046
12 11 112161778.417
12 13 152517492.804
12 14 316697514.713
12 15 1009300891.375
12 16 254569188.807
12 17 118280559.787
12 18 339597320.329
12 19 241960205.868
13 0 25862146.016
13 1 8334055.993
13 2 14853471.486
13 3 20880878.007
13 4 3369683.120
13 5 7760797.081
13 6 19352349.855
13 7 17957782.018
13 8 25255130.840
13 9 12243319.063
13 10 16159008.008
13 11 24600706.320
13 12 149924268.870
13 14 15642596.314
13 15 76558059.458
13 16 60208225.768
13 17 23445125.937
13 18 7897349.069
13 19 22999861.596
14 0 136065755.667
14 1 14487257.324
14 2 21682462.954
14 3 59745999.430
14 4 24155464.970
14 5 38834140.338
14 6 30134854.678
14 7 29314180.919
14 8 27622186.249
14 9 6407521.271
14 10 20010691.342
14 11 43437813.673
14 12 320833017.022
14 13 19290465.414
14 15 159716032.922
14 16 59682129.555
14 17 44033527.985
14 18 46248223.407
14 19 102791762.085
15 0 383271918.482
15 1 83292221.423
15 2 187562114.939
15 3 229359644.185
15 4 73704696.186
15 5 144655620.800
15 6 147854587.525
15 7 109309755.819
15 8 174224313.346
15 9 84710787.541
15 10 91631268.351
15 11 210649544.500
15 12 510340875.051
15 13 80485888.175
15 14 61236103.531
15 16 175782316.797
15 17 117962485.056
15 18 110216654.249
15 19 342461911.078
16 0 265225809.841
16 1 53543392.152
16 2 78428341.946
16 3 110165204.163
16 4 21374226.252
16 5 100675401.722
16 6 38135702.511
16 7 93363246.500
16 8 135426325.664
16 9 16452230.305
16 10 117392471.511
16 11 57705848.239
16 12 810373598.425
16 13 59090404.370
16 14 33796793.217
16 15 350587912.827
16 17 100665375.673
16 18 101773229.997
16 19 199929375.077
17 0 44957076.871
17 1 16449204.389
17 2 19852721.064
17 3 53510276.017
17 4 18747624.403
17 5 12674135.121
17 6 32891921.932
17 7 19292928.843
17 8 31368708.523
17 9 16433802.267
17 10 29224389.590
17 11 13466136.938
17 12 235793213.964
17 13 19239770.709
17 14 14154805.958
17 15 219863533.985
17 16 67928167.748
17 18 25418160.312
17 19 89017397.138
18 0 49579787.672
18 1 18136646.570
18 2 37268563.226
18 3 54360835.999
18 4 7398050.928
18 5 47043333.333
18 6 38601998.913
18 7 44195060.088
18 8 32127687.263
18 9 14933759.678
18 10 36495626.678
18 11 49158108.228
18 12 167333869.254
18 13 15347567.794
18 14 14247451.576
18 15 80360629.443
18 16 69955581.430
18 17 20566259.902
18 19 75435250.203
19 0 192374138.099
19 1 17904249.123
19 2 89941724.473
19 3 57594588.311
19 4 58765573.182
19 5 45600487.041
19 6 40944548.342
19 7 99444082.067
19 8 97679176.598
19 9 39224635.536
19 10 53442379.825
19 11 72241623.702
19 12 738700399.795
19 13 26349601.422
19 14 114089295.436
19 15 533110600.742
19 16 302496071.509
19 17 111654029.100
19 18 120686048.261
