380
0 1 71671162.621
0 2 117922711.764
0 3 99339158.327
0 4 64010714.874
0 5 76272382.857
0 6 101029489.264
0 7 68434229.878
0 8 188896198.450
0 9 85052596.976
0 10 116506329.456
0 11 142619182.301
0 12 467014107.556
0 13 65645001.391
0 14 171292728.044
0 15 473055133.971
0 16 308989212.912
0 17 68881125.135
0 18 99486645.651
0 19 139868550.254
1 0 78108650.627
1 2 17770962.131
1 3 9859760.227
1 4 5981181.878
1 5 13227786.055
1 6 6808907.908
1 7 22505540.645
1 8 28066966.940
1 9 9733673.998
1 10 17537718.039
1 11 17994548.304
1 12 88974787.130
1 13 11552217.815
1 14 7502586.517
1 15 53299372.248
1 16 30885628.282
1 17 14951400.675
1 18 17456328.682
1 19 43719852.017
2 0 88407487.943
2 1 16468999.160
2 3 42986418.413
2 4 14596221.001
2 5 24525172.512
2 6 12731379.014
2 7 32597161.166
2 8 44015135.225
2 9 23543932.124
2 10 22402681.589
2 11 20436435.129
2 12 174519453.209
2 13 9713093.454
2 14 42523810.851
2 15 102832007.607
2 16 51726646.424
2 17 27366169.991
2 18 29401898.392
2 19 98709160.457
3 0 246032120.302
3 1 13459503.342
3 2 50627396.467
3 4 20170149.701
3 5 52219533.103
3 6 44575568.912
3 7 49634392.799
3 8 78015818.769
3 9 30513150.220
3 10 45335869.413
3 11 50190803.600
3 12 424303671.413
3 13 35534090.430
3 14 62013204.560
3 15 229504238.433
3 16 131245993.942
3 17 28554351.194
3 18 41405179.811
3 19 70554109.628
4 0 31443919.044
4 1 7198962.743
4 2 20900260.957
4 3 24217517.930
4 5 10757609.439
4 6 9090903.281
4 7 24165141.774
4 8 33113770.618
4 9 8312838.752
4 10 21378359.849
4 11 18839688.451
4 12 50728532.952
4 13 5013457.179
4 14 6884416.239
4 15 81791572.223
4 16 15431628.554
4 17 7298895.100
4 18 18379560.754
4 19 55536490.176
5 0 79430501.455
5 1 21694995.454
5 2 33834421.575
5 3 64450464.634
5 4 9322311.825
5 6 14402394.706
5 7 33599393.246
5 8 67760358.378
5 9 6800619.137
5 10 31250343.340
5 11 26797736.619
5 12 151226097.165
5 13 8373508.065
5 14 25226861.273
5 15 109756166.419
5 16 95572290.135
5 17 42799523.828
5 18 15610650.828
5 19 96368726.216
6 0 103844095.535
6 1 9422638.190
6 2 23151495.376
6 3 35181354.267
6 4 8803887.266
6 5 48085349.154
6 7 22869623.314
6 8 23724192.359
6 9 23889657.171
6 10 43806212.089
6 11 14179856.534
6 12 200302900.613
6 13 6970552.985
6 14 48090055.869
6 15 160484796.840
6 16 96058678.750
6 17 15589980.129
6 18 38355704.175
6 19 34246730.814
7 0 52936520.623
7 1 12354210.128
7 2 17480641.746
7 3 55182191.089
7 4 21699775.519
7 5 40408904.954
7 6 24896320.179
7 8 22407246.637
7 9 8041114.054
7 10 25817555.615
7 11 30928775.318
7 12 185736137.637
7 13 19496498.008
7 14 44210835.963
7 15 191785548.671
7 16 47587429.379
7 17 24499655.367
7 18 24425733.663
7 19 118664675.699
8 0 249704810.445
8 1 17855352.942
8 2 18820029.629
8 3 40983973.126
8 4 13164397.458
8 5 56905989.764
8 6 46002690.895
8 7 57692653.534
8 9 11051073.474
8 10 53278787.514
8 11 53476680.267
8 12 154787448.428
8 13 15141268.255
8 14 49062105.644
8 15 270788349.567
8 16 177561590.923
8 17 41234574.257
8 18 28969638.402
8 19 52886016.283
9 0 28618658.734
9 1 10868464.412
9 2 19542078.754
9 3 27547948.538
9 4 9469960.792
9 5 21732092.431
9 6 12800248.735
9 7 18573806.442
9 8 16589504.124
9 10 18437905.999
9 11 12577746.049
9 12 162408817.540
9 13 8483456.039
9 14 19436513.497
9 15 30448630.641
9 16 56070410.602
9 17 21507161.948
9 18 11813925.046
9 19 38068465.698
10 0 62542011.864
10 1 21219484.776
10 2 30323861.059
10 3 36916346.363
10 4 15026090.918
10 5 37839619.506
10 6 23045940.810
10 7 31906121.901
10 8 20173822.726
10 9 22787714.924
10 11 21294108.027
10 12 252255795.919
10 13 23180232.252
10 14 14280838.052
10 15 94537618.583
10 16 71727035.804
10 17 22565001.781
10 18 22426776.124
10 19 57364058.155
11 0 112219470.608
11 1 7149116.837
11 2 18263568.118
11 3 60380376.104
11 4 6708300.177
11 5 17964067.330
11 6 21273500.130
11 7 30542417.567
11 8 20435504.619
11 9 8931438.879
11 10 47081604.803
11 12 242517833.938
11 13 11287474.914
11 14 17037133.951
11 15 159038168.474
11 16 40497751.102
11 17 34378792.570
11 18 30481808.646
11 19 63136350.744
12 0 738742571.289
12 1 102594926.060
12 2 310344737.636
12 3 325621726.603
12 4 143787572.109
12 5 100045859.815
12 6 328180234.058
12 7 237730563.055
12 8 182320537.003
12 9 115674446.188
12 10 192668782.005
12 11 306266977.517
12 13 67291863.992
12 14 328367952.967
12 15 451507949.768
12 16 585047819.183
12 17 291586829.173
12 18 96534880.146
12 19 377980501.300
13 0 65098994.027
13 1 11580915.424
13 2 22466720.189
13 3 32081880.861
13 4 6132130.845
13 5 16088931.668
13 6 13675654.031
13 7 20456271.091
13 8 15421536.594
13 9 4430657.143
13 10 13627524.109
13 11 24346045.009
13 12 63463026.817
13 14 20055145.964
13 15 97557428.724
13 16 39038388.118
13 17 12205933.003
13 18 9123714.919
13 19 19075345.000
14 0 145319272.700
14 1 12722188.254
14 2 18316588.836
14 3 62911981.648
14 4 24296314.032
14 5 18627939.983
14 6 19522058.479
14 7 23739763.292
14 8 54270916.507
14 9 16078628.890
14 10 42398403.339
14 11 28956751.073
14 12 239722233.749
14 13 23475772.219
14 15 108736889.886
14 16 59521736.572
14 17 18777265.466
14 18 37300361.649
14 19 70255553.871
15 0 601092649.359
15 1 102132791.447
15 2 159738055.542
15 3 221686313.966
15 4 99858775.138
15 5 85248572.272
15 6 114284766.776
15 7 187912770.793
15 8 237021001.408
15 9 105631576.496
15 10 198757490.903
15 11 177620896.452
15 12 409581903.471
15 13 74752050.786
15 14 188218436.730
15 16 396057520.329
15 17 70630118.078
15 18 193099920.052
15 19 193935759.202
16 0 312482845.744
16 1 46877342.538
16 2 55712972.774
16 3 179450032.019
16 4 48942086.597
16 5 80458451.189
16 6 117667958.158
16 7 121732728.237
16 8 71000309.256
16 9 55385611.786
16 10 65559577.242
16 11 101638427.899
16 12 793086853.104
16 13 32789019.512
16 14 82869496.818
16 15 539112532.037
16 17 57896306.904
16 18 49475091.304
16 19 154092123.039
17 0 84320016.644
17 1 8149357.456
17 2 41916504.972
17 3 64404257.502
17 4 21817702.633
17 5 23500516.286
17 6 33985553.938
17 7 30125881.273
17 8 54582620.038
17 9 19010659.846
17 10 36971310.738
17 11 44676221.155
17 12 251622026.488
17 13 16356672.508
17 14 49054864.810
17 15 111170054.693
17 16 88035755.084
17 18 46120374.306
17 19 44455999.299
18 0 96820485.214
18 1 23677170.559
18 2 41612124.344
18 3 36457664.877
18 4 6982238.251
18 5 36457306.184
18 6 37973678.021
18 7 29856267.179
18 8 62385542.593
18 9 21191283.032
18 10 39184011.731
18 11 41152373.155
18 12 259502882.559
18 13 19154418.346
18 14 23796106.536
18 15 205890863.854
18 16 75334030.355
18 17 24018132.181
18 19 40128687.819
19 0 342328990.603
19 1 27590269.754
19 2 32575079.820
19 3 174741368.331
19 4 47336087.436
19 5 49072489.915
19 6 81016028.496
19 7 71259652.304
19 8 99302111.463
19 9 24716398.871
19 10 100186045.560
19 11 86078298.811
19 12 800857689.700
19 13 56788934.007
19 14 88049539.740
19 15 183101657.462
19 16 160505671.745
19 17 79985597.415
19 18 93492115.789
