380
0 1 63760584.402
0 2 102552947.911
0 3 136156872.430
0 4 50008364.111
0 5 146274327.759
0 6 134279694.014
0 7 117281779.649
0 8 225552586.968
0 9 74122193.141
0 10 43478495.351
0 11 154248662.437
0 12 821821917.045
0 13 50053453.655
0 14 170804529.178
0 15 593303524.080
0 16 145972570.589
0 17 144066974.706
0 18 126683268.088
0 19 320512566.042
1 0 75031336.639
1 2 17814941.778
1 3 16556274.660
1 4 8051088.629
1 5 20168074.923
1 6 18958227.406
1 7 9592848.432
1 8 11801844.550
1 9 9320198.556
1 10 22524044.576
1 11 9994235.653
1 12 44381250.690
1 13 7848111.091
1 14 19782429.273
1 15 101458223.926
1 16 37453218.975
1 17 6268998.072
1 18 12314882.929
1 19 17782972.326
2 0 164242807.137
2 1 9137001.277
2 3 18511527.639
2 4 15167749.760
2 5 31861184.449
2 6 22753579.581
2 7 28216560.938
2 8 55337060.419
2 9 22368121.341
2 10 14491022.894
2 11 47206992.876
2 12 255326142.461
2 13 24108950.601
2 14 14997405.588
2 15 135555998.636
2 16 75264360.429
2 17 33339055.695
2 18 13139898.929
2 19 64108687.218
3 0 90102901.484
3 1 24716512.655
3 2 29909883.393
3 4 22081388.610
3 5 19611319.911
3 6 44997603.205
3 7 46460428.201
3 8 80658514.513
3 9 22003210.175
3 10 30489998.685
3 11 59176220.409
3 12 145085215.594
3 13 16507805.350
3 14 58619836.057
3 15 190386357.726
3 16 103128974.960
3 17 66210638.757
3 18 26784264.409
3 19 83640052.809
4 0 63656491.150
4 1 5104816.623
4 2 21236185.787
4 3 10139354.428
4 5 13888290.558
4 6 18671590.677
4 7 10084288.058
4 8 16129158.618
4 9 10502743.232
4 10 13140204.916
4 11 6744224.087
4 12 81875610.827
4 13 10377664.669
4 14 15132593.438
4 15 104169044.926
4 16 20239462.857
4 17 12359836.307
4 18 6865965.894
4 19 57903666.200
5 0 46946534.248
5 1 7217861.558
5 2 43953515.029
5 3 56285811.968
5 4 8296938.161
5 6 27227816.240
5 7 44699416.310
5 8 25788788.161
5 9 15238375.451
5 10 29376465.831
5 11 24797121.295
5 12 139172607.788
5 13 9016161.486
5 14 27047610.403
5 15 77424016.670
5 16 97759225.710
5 17 12456854.676
5 18 27004807.535
5 19 32525081.027
6 0 126695968.366
6 1 20519830.272
6 2 46341745.998
6 3 63960592.161
6 4 16092141.382
6 5 17640010.705
6 7 39040710.014
6 8 69003995.195
6 9 14938980.480
6 10 46053883.951
6 11 35167265.553
6 12 227335650.828
6 13 24599278.916
6 14 44242515.020
6 15 198254783.983
6 16 67889743.349
6 17 25368432.826
6 18 30107152.460
6 19 71465971.563
7 0 96064973.403
7 1 10040965.090
7 2 24474881.640
7 3 43317429.011
7 4 19755122.724
7 5 17526950.015
7 6 18871317.427
7 8 53504366.932
7 9 14676188.124
7 10 37767185.667
7 11 25065091.513
7 12 242569596.835
7 13 13435506.399
7 14 25559251.543
7 15 163165131.656
7 16 72108159.493
7 17 12853051.967
7 18 24288653.900
7 19 77696573.251
8 0 172696725.037
8 1 28300358.453
8 2 61016038.703
8 3 85433169.610
8 4 36196039.252
8 5 46515055.028
8 6 71797771.973
8 7 20325179.801
8 9 31106218.082
8 10 33521975.601
8 11 40250245.236
8 12 212455421.497
8 13 11588800.193
8 14 28437163.565
8 15 205257713.909
8 16 61255268.635
8 17 52798098.666
8 18 65644157.751
8 19 143039666.201
9 0 40005032.758
9 1 7881563.453
9 2 19996435.520
9 3 17434100.708
9 4 5877349.094
9 5 10842266.404
9 6 12310123.151
9 7 14292621.744
9 8 28174747.962
9 10 20090537.176
9 11 6372062.144
9 12 66261395.623
9 13 6081902.678
9 14 13071839.763
9 15 110228292.063
9 16 25427815.848
9 17 13078086.800
9 18 11364537.050
9 19 44082140.521
10 0 162926644.108
10 1 9861568.420
10 2 37577481.389
10 3 70505227.846
10 4 20757060.033
10 5 19047526.381
10 6 25134286.030
10 7 48463098.030
10 8 29877252.153
10 9 7939251.323
10 11 43239941.877
10 12 200374311.988
10 13 11872046.031
10 14 47200152.841
10 15 220918420.149
10 16 108303726.761
10 17 15811375.544
10 18 26485243.373
10 19 46050115.154
11 0 67771792.753
11 1 8295806.823
11 2 25392024.316
11 3 42106171.497
11 4 23623936.500
11 5 48400639.629
11 6 14338729.369
11 7 22248317.451
11 8 21944049.645
11 9 24484236.884
11 10 46823318.243
11 12 199567008.317
11 13 15452397.830
11 14 16030762.950
11 15 66237653.682
11 16 67169732.797
11 17 40126726.641
11 18 38776255.513
11 19 114743545.859
12 0 738240366.695
12 1 107136880.221
12 2 208443646.032
12 3 251210913.459
12 4 153219587.760
12 5 160015239.833
12 6 298399943.484
12 7 145063740.410
12 8 151531942.670
12 9 158704047.921
12 10 108903312.756
12 11 152649653.838
12 13 52600602.357
12 14 147747884.445
12 15 862443065.529
12 16 618457369.695
12 17 317453944.057
12 18 215672908.157
12 19 421606302.126
13 0 28317332.813
13 1 6331858.383
13 2 19281703.027
13 3 10405621.063
13 4 8211417.901
13 5 14358437.047
13 6 22303997.672
13 7 24458643.001
13 8 21558627.533
13 9 7006506.391
13 10 16080533.382
13 11 9080075.562
13 12 108216537.211
13 14 11850185.084
13 15 109912928.774
13 16 37946070.018
13 17 18003028.351
13 18 13953052.601
13 19 26159018.990
14 0 159826718.420
14 1 19040438.401
14 2 19457778.289
14 3 60895499.677
14 4 23124033.372
14 5 20781126.402
14 6 35494134.247
14 7 45066968.336
14 8 34858604.811
14 9 15463552.179
14 10 43196095.062
14 11 43839146.766
14 12 214681462.504
14 13 18066285.723
14 15 89221324.775
14 16 93321811.197
14 17 29469538.701
14 18 19889635.414
14 19 86270677.514
15 0 757265212.106
15 1 103326375.824
15 2 74824481.061
15 3 323194944.147
15 4 73603446.024
15 5 149727941.040
15 6 76305017.831
15 7 208034324.295
15 8 207479963.709
15 9 69080746.852
15 10 95055977.745
15 11 173119834.532
15 12 1179574195.456
15 13 101086096.305
15 14 121863812.093
15 16 496979579.571
15 17 93522507.471
15 18 184329484.786
15 19 233889206.704
16 0 372438373.999
16 1 47588791.989
16 2 48523544.847
16 3 146142018.444
16 4 33861119.104
16 5 101685180.445
16 6 106229789.360
16 7 45851047.070
16 8 116429039.498
16 9 50811478.355
16 10 88400216.798
16 11 53748438.076
16 12 544896630.634
16 13 26419793.667
16 14 106397427.196
16 15 433348870.005
16 17 73586154.341
16 18 112220187.953
16 19 141877828.805
17 0 147379460.863
17 1 7541070.081
17 2 47718521.784
17 3 42528627.013
17 4 12381716.959
17 5 17873239.477
17 6 22335078.028
17 7 23277223.563
17 8 57531531.093
17 9 19107535.513
17 10 35954280.273
17 11 20252826.081
17 12 216253409.871
17 13 24131291.853
17 14 37457074.741
17 15 154555083.088
17 16 84666802.043
17 18 13186055.017
17 19 87689315.043
18 0 59346384.977
18 1 9932978.557
18 2 40250136.175
18 3 19468525.081
18 4 12666444.008
18 5 16418548.530
18 6 45469715.933
18 7 14754890.433
18 8 32922474.316
18 9 18552040.176
18 10 21364756.030
18 11 33252874.521
18 12 196505938.872
18 13 21132753.205
18 14 18086698.921
18 15 133404656.013
18 16 41282285.104
18 17 30077913.274
18 19 101060162.882
19 0 275886686.071
19 1 30012275.846
19 2 39748069.335
19 3 55170011.203
19 4 32966933.104
19 5 62020172.015
19 6 36626082.933
19 7 59507456.378
19 8 109435475.588
19 9 34385893.226
19 10 62241987.555
19 11 95607172.466
19 12 225495403.023
19 13 26919901.821
19 14 54235036.406
19 15 524462307.575
19 16 111531616.827
19 17 90868512.830
19 18 76520434.614
