380
0 1 85939686.355
0 2 58271090.222
0 3 144600301.382
0 4 56786299.148
0 5 124681515.880
0 6 110678959.500
0 7 119076889.138
0 8 188629244.081
0 9 56847144.092
0 10 65433011.271
0 11 85377972.799
0 12 467987347.060
0 13 79744786.628
0 14 118312999.755
0 15 255765650.701
0 16 397257717.827
0 17 96405458.707
0 18 117139437.176
0 19 427890429.245
1 0 70690564.858
1 2 19504717.502
1 3 35080778.883
1 4 5765816.439
1 5 20906828.289
1 6 18413117.590
1 7 20238179.313
1 8 13013620.398
1 9 10859047.411
1 10 7622324.621
1 11 12740671.626
1 12 125631649.566
1 13 4904892.206
1 14 15093687.579
1 15 30817722.508
1 16 48665655.600
1 17 22546146.440
1 18 18598366.011
1 19 42134753.772
2 0 150449003.358
2 1 7779775.724
2 3 63567582.201
2 4 8658410.420
2 5 42013722.862
2 6 40779533.879
2 7 32465768.414
2 8 39094763.344
2 9 9264248.328
2 10 25098331.754
2 11 40710608.578
2 12 153709462.193
2 13 11879351.898
2 14 19308003.008
2 15 104271905.851
2 16 93686477.118
2 17 16295727.581
2 18 13266029.178
2 19 53112090.840
3 0 128020236.716
3 1 36287863.820
3 2 50720303.811
3 4 25849754.134
3 5 30402871.379
3 6 51109446.872
3 7 40415992.179
3 8 106438196.122
3 9 18700376.389
3 10 23680465.617
3 11 32758956.329
3 12 507536514.034
3 13 24401573.524
3 14 56563256.527
3 15 172768671.331
3 16 152369395.423
3 17 67249095.686
3 18 37882375.119
3 19 174419052.259
4 0 79036064.268
4 1 11917186.750
4 2 22680689.455
4 3 13293339.760
4 5 21437524.749
4 6 16082416.292
4 7 20378110.188
4 8 9954006.947
4 9 11155535.806
4 10 22406368.724
4 11 23134130.033
4 12 156162172.593
4 13 11719206.417
4 14 9333350.176
4 15 36254197.731
4 16 58371184.260
4 17 23477981.918
4 18 23353411.217
4 19 34782692.500
5 0 130411407.704
5 1 21373350.287
5 2 14324240.780
5 3 64622396.884
5 4 7168335.807
5 6 15264370.482
5 7 34679275.451
5 8 55039192.177
5 9 20089482.183
5 10 42655735.250
5 11 20123514.289
5 12 103728629.083
5 13 15439653.602
5 14 39682638.791
5 15 150772387.344
5 16 73462183.215
5 17 12776420.209
5 18 21437475.490
5 19 117767426.213
6 0 75546908.877
6 1 8876482.021
6 2 46486272.172
6 3 38306601.327
6 4 18223535.974
6 5 20580489.806
6 7 13021809.425
6 8 67260202.431
6 9 12762976.017
6 10 18881441.944
6 11 17927209.857
6 12 274733803.443
6 13 23375582.283
6 14 34642555.054
6 15 129584127.200
6 16 38181051.170
6 17 14204922.378
6 18 39894182.989
6 19 40775363.715
7 0 143343696.143
7 1 14755112.010
7 2 25651590.338
7 3 40573660.411
7 4 22359199.382
7 5 47478128.959
7 6 48699290.919
7 8 33307887.526
7 9 17475392.855
7 10 48100147.029
7 11 25651409.970
7 12 236926924.522
7 13 17303400.122
7 14 32799955.785
7 15 61584536.023
7 16 68171281.296
7 17 37946451.298
7 18 44189697.154
7 19 34864722.416
8 0 94378278.735
8 1 14770566.007
8 2 38488383.861
8 3 51076148.412
8 4 33970726.745
8 5 65097193.589
8 6 70703809.588
8 7 38508905.301
8 9 21237931.512
8 10 31587955.373
8 11 47677445.064
8 12 381432354.860
8 13 24996404.370
8 14 72399871.307
8 15 213504942.788
8 16 71118291.871
8 17 63660437.465
8 18 57590136.046
8 19 113782857.033
9 0 26770892.543
9 1 6150652.931
9 2 22569497.638
9 3 21674126.106
9 4 5107884.642
9 5 7673758.935
9 6 8366082.807
9 7 21984320.982
9 8 35601799.376
9 10 7304514.524
9 11 9136131.680
9 12 62964157.699
9 13 8222590.561
9 14 6729231.094
9 15 76298429.607
9 16 18362669.390
9 17 6400865.972
9 18 20582558.971
9 19 35781006.128
10 0 58670598.405
10 1 18261566.885
10 2 14906340.407
10 3 64337704.779
10 4 18979732.362
10 5 23533411.487
10 6 17996523.749
10 7 39127039.986
10 8 22634302.001
10 9 11409390.539
10 11 41466050.699
10 12 312983676.776
10 13 16072552.448
10 14 26544604.650
10 15 169741265.067
10 16 101003967.286
10 17 41231179.254
10 18 36500675.816
10 19 58064101.771
11 0 47779859.746
11 1 11683614.727
11 2 42334122.691
11 3 71991044.189
11 4 12046418.836
11 5 23178583.925
11 6 20621587.005
11 7 44975585.698
11 8 36663705.902
11 9 16654789.779
11 10 44499179.605
11 12 248816237.009
11 13 18781091.353
11 14 24026671.201
11 15 119162750.843
11 16 89782827.221
11 17 31691693.392
11 18 36162770.881
11 19 75403643.911
12 0 822043924.942
12 1 171973456.947
12 2 318768761.917
12 3 211349111.363
12 4 125838083.896
12 5 262594693.231
12 6 262719096.463
12 7 232013820.435
12 8 447120724.893
12 9 62208799.604
12 10 299219488.073
12 11 270501108.950
12 13 156717917.155
12 14 309368636.261
12 15 1318863568.487
12 16 539715776.393
12 17 274932344.300
12 18 186789713.859
12 19 425027976.886
13 0 53202603.495
13 1 3185437.333
13 2 19659069.895
13 3 26209533.863
13 4 5559786.151
13 5 7940655.871
13 6 20250339.126
13 7 23717742.428
13 8 12854473.670
13 9 5914228.990
13 10 12743518.061
13 11 9263901.446
13 12 141600986.463
13 14 22225954.348
13 15 48222728.112
13 16 30933881.397
13 17 9344953.754
13 18 9030354.736
13 19 43891763.947
14 0 94836112.447
14 1 6796960.785
14 2 43221806.496
14 3 35705051.838
14 4 12200708.307
14 5 38965286.654
14 6 38969530.604
14 7 27569855.109
14 8 45157106.514
14 9 13470668.454
14 10 48825968.747
14 11 27960610.713
14 12 211454260.210
14 13 20772180.167
14 15 218647769.334
14 16 118031633.267
14 17 46233971.209
14 18 29621060.945
14 19 81811206.104
15 0 673679949.240
15 1 47584180.665
15 2 175811428.177
15 3 133988081.297
15 4 36714276.571
15 5 147155267.906
15 6 67973288.247
15 7 143986707.486
15 8 129553998.400
15 9 79662811.246
15 10 85197379.767
15 11 190223918.991
15 12 1312915941.366
15 13 95853360.759
15 14 180490924.784
15 16 247376648.470
15 17 175001379.059
15 18 104795736.972
15 19 303906619.925
16 0 180259278.336
16 1 29505126.664
16 2 90187063.166
16 3 154275068.749
16 4 52042535.150
16 5 93305353.970
16 6 98328423.836
16 7 119077995.687
16 8 165888672.265
16 9 24266780.517
16 10 76267190.802
16 11 67501498.611
16 12 796855077.480
16 13 40378920.726
16 14 91590661.193
16 15 256036913.937
16 17 86727255.340
16 18 82554753.901
16 19 264536232.671
17 0 59104147.635
17 1 7075278.141
17 2 45585376.712
17 3 59554793.269
17 4 10438131.221
17 5 31288011.887
17 6 47048104.556
17 7 45803770.264
17 8 49761407.404
17 9 13056200.784
17 10 13942892.808
17 11 24220830.362
17 12 114740951.566
17 13 13401258.527
17 14 40223278.410
17 15 112646354.262
17 16 118981547.582
17 18 19828076.073
17 19 75470957.913
18 0 113932544.224
18 1 10216385.079
18 2 13343282.738
18 3 20058428.513
18 4 16012129.584
18 5 34874871.266
18 6 14861770.039
18 7 12464219.757
18 8 73800680.105
18 9 23228853.462
18 10 46311515.003
18 11 36086428.999
18 12 87920788.260
18 13 7312660.983
18 14 37419992.687
18 15 129933309.947
18 16 49736057.957
18 17 13699823.344
18 19 56839292.729
19 0 169755350.779
19 1 24496025.013
19 2 73550606.935
19 3 181844308.901
19 4 39374419.950
19 5 58088580.605
19 6 69745945.232
19 7 115401431.255
19 8 168333131.603
19 9 35707302.061
19 10 120690797.517
19 11 100361819.109
19 12 489369959.805
19 13 23919976.419
19 14 62782360.452
19 15 163618640.769
19 16 96006778.538
19 17 118817613.438
19 18 122714072.172
