380
0 1 42124052.003
0 2 81364717.211
0 3 219053785.595
0 4 77911482.655
0 5 125698508.736
0 6 140697964.071
0 7 120495406.020
0 8 219562501.504
0 9 26061001.334
0 10 149039088.470
0 11 49731052.146
0 12 350806615.448
0 13 67594669.097
0 14 62578731.864
0 15 239892310.886
0 16 385772491.024
0 17 136506678.909
0 18 139143964.507
0 19 178141505.466
1 0 45613637.470
1 2 8268686.942
1 3 31902337.380
1 4 11355188.918
1 5 20331877.321
1 6 9364056.452
1 7 23587689.089
1 8 9295414.820
1 9 10873440.616
1 10 12017109.831
1 11 20049198.254
1 12 127927882.529
1 13 9679817.124
1 14 8231451.306
1 15 51770070.680
1 16 48770855.095
1 17 8190986.301
1 18 10361086.888
1 19 57055792.323
2 0 70060674.364
2 1 15757759.380
2 3 54518513.312
2 4 22270142.042
2 5 33898241.219
2 6 14085405.834
2 7 13253670.353
2 8 42785112.531
2 9 10514444.078
2 10 22943351.692
2 11 44528173.728
2 12 339608508.620
2 13 15614728.249
2 14 24104588.352
2 15 219364948.418
2 16 53863473.359
2 17 43353665.369
2 18 13869045.191
2 19 115622717.122
3 0 102410894.490
3 1 33459254.578
3 2 72865142.125
3 4 18786764.046
3 5 19691871.323
3 6 26935256.525
3 7 25245545.236
3 8 80839915.028
3 9 30357909.919
3 10 44077224.559
3 11 73672222.538
3 12 396398119.138
3 13 31163392.533
3 14 37165466.798
3 15 290893915.394
3 16 124373793.237
3 17 26205850.459
3 18 53423864.720
3 19 150911470.320
4 0 41172481.317
4 1 7574133.585
4 2 24092045.938
4 3 27134682.604
4 5 7674994.815
4 6 20483341.164
4 7 12788436.224
4 8 12544675.122
4 9 11684792.101
4 10 8189298.739
4 11 22939021.970
4 12 148525387.726
4 13 8815078.966
4 14 14309074.646
4 15 87976787.321
4 16 36259132.431
4 17 10515137.762
4 18 21956849.324
4 19 37251927.186
5 0 58666760.503
5 1 19876909.577
5 2 20008534.393
5 3 58056043.444
5 4 18955761.639
5 6 21712277.599
5 7 47427157.948
5 8 50198331.739
5 9 6941718.494
5 10 21868049.446
5 11 22552445.269
5 12 104347789.027
5 13 19120953.467
5 14 23261656.651
5 15 96154049.864
5 16 87962482.154
5 17 24940800.928
5 18 45656466.216
5 19 30773515.548
6 0 119744974.312
6 1 23116359.072
6 2 33667362.753
6 3 24097562.957
6 4 23944709.000
6 5 28921228.969
6 7 13078162.608
6 8 61183017.145
6 9 24052049.237
6 10 44400117.081
6 11 21237159.298
6 12 190810216.895
6 13 16742568.010
6 14 44458956.221
6 15 141806309.170
6 16 119727401.009
6 17 17774523.701
6 18 32615150.127
6 19 40389280.051
7 0 48070808.061
7 1 16788501.185
7 2 48917848.420
7 3 73385696.319
7 4 19287220.702
7 5 45573641.045
7 6 16713705.401
7 8 20594247.268
7 9 15032404.384
7 10 38499551.455
7 11 21527255.728
7 12 182434172.312
7 13 12024206.105
7 14 29825346.773
7 15 126298433.391
7 16 91771797.760
7 17 12828658.267
7 18 38395684.820
7 19 109315310.208
8 0 128334121.994
8 1 17643492.823
8 2 62988396.728
8 3 90770116.297
8 4 34752690.588
8 5 48028441.564
8 6 30933630.533
8 7 20021646.206
8 9 22501440.908
8 10 63158408.563
8 11 21144714.402
8 12 272909401.807
8 13 36139010.809
8 14 27472335.669
8 15 157926518.042
8 16 65144123.379
8 17 43347107.597
8 18 54566753.273
8 19 155975170.107
9 0 69651618.031
9 1 10080416.895
9 2 12974466.290
9 3 14068706.826
9 4 12119986.096
9 5 9364351.100
9 6 12474998.038
9 7 17657798.948
9 8 35100110.146
9 10 12976352.801
9 11 12290945.838
9 12 46591489.007
9 13 10402237.945
9 14 13976783.353
9 15 104726845.864
9 16 45450538.393
9 17 20993917.738
9 18 9670104.016
9 19 57808514.468
10 0 67943442.571
10 1 15884340.911
10 2 17740539.266
10 3 24243216.377
10 4 22351420.010
10 5 15959058.299
10 6 21941709.124
10 7 42192062.502
10 8 23455596.159
10 9 19190868.546
10 11 48544278.394
10 12 134552405.183
10 13 18050482.863
10 14 24983352.042
10 15 201800785.433
10 16 111652511.221
10 17 32120975.328
10 18 44370331.656
10 19 49438151.503
11 0 141332225.329
11 1 9190745.597
11 2 30139565.884
11 3 34622084.313
11 4 16523759.441
11 5 14741014.185
11 6 16956672.091
11 7 46350569.351
11 8 54943035.856
11 9 24451877.776
11 10 31043855.837
11 12 212170360.236
11 13 9754674.207
11 14 14130080.745
11 15 63048246.030
11 16 90465388.630
11 17 38793745.832
11 18 15397891.691
11 19 52748463.789
12 0 358500215.001
12 1 90812146.006
12 2 247679071.253
12 3 506454352.973
12 4 146094111.775
12 5 157699703.410
12 6 194555841.672
12 7 329088032.929
12 8 464191927.751
12 9 50011157.342
12 10 218773454.200
12 11 114439797.754
12 13 88531525.526
12 14 221382384.317
12 15 1365943796.208
12 16 628627792.665
12 17 278511915.894
12 18 97617561.921
12 19 845715793.085
13 0 74653867.182
13 1 9783830.769
13 2 10056010.521
13 3 18978457.118
13 4 11527176.653
13 5 15651789.762
13 6 14503736.229
13 7 7689363.408
13 8 19182292.169
13 9 4878221.266
13 10 9001579.454
13 11 19543939.697
13 12 145579384.560
13 14 9759621.116
13 15 33186489.829
13 16 27800829.159
13 17 17617895.712
13 18 9891208.277
13 19 42351972.725
14 0 70493939.350
14 1 12651712.933
14 2 34566179.314
14 3 41413258.719
14 4 9065019.366
14 5 46213198.094
14 6 44604234.542
14 7 48931959.993
14 8 67157212.602
14 9 22354368.706
14 10 19627889.927
14 11 33245415.376
14 12 219095502.601
14 13 6867612.513
14 15 127931726.888
14 16 98686529.195
14 17 36858280.297
14 18 19013322.011
14 19 84990933.892
15 0 649274292.918
15 1 36721712.208
15 2 148020475.596
15 3 312666998.811
15 4 79773282.125
15 5 191025420.197
15 6 89207137.450
15 7 144974540.663
15 8 318473059.253
15 9 49838095.597
15 10 107534326.467
15 11 220450646.968
15 12 997342903.108
15 13 77622701.493
15 14 145832856.277
15 16 345977283.093
15 17 212714732.439
15 18 191194558.786
15 19 269409502.980
16 0 384630319.818
16 1 22818670.138
16 2 80547533.017
16 3 54761803.678
16 4 38605330.325
16 5 87476138.643
16 6 103891283.510
16 7 90907971.028
16 8 166263557.375
16 9 30446012.738
16 10 101414487.797
16 11 38845095.049
16 12 512064880.885
16 13 58943130.436
16 14 115529306.257
16 15 381941231.112
16 17 92453213.315
16 18 82899369.954
16 19 84531636.984
17 0 150762371.383
17 1 13038543.944
17 2 43200881.341
17 3 27168395.979
17 4 12927141.110
17 5 38880613.929
17 6 30747704.101
17 7 30868173.309
17 8 66326448.987
17 9 14037373.271
17 10 42470365.754
17 11 45089235.267
17 12 186422860.326
17 13 11680504.327
17 14 40688695.709
17 15 60878280.608
17 16 37489671.069
17 18 14781865.680
17 19 103623617.965
18 0 75073454.357
18 1 15216401.720
18 2 47856899.019
18 3 51102207.108
18 4 13259275.048
18 5 14241844.508
18 6 38574043.100
18 7 48457192.447
18 8 29081835.136
18 9 12893354.995
18 10 42796136.342
18 11 46809024.535
18 12 272136420.100
18 13 22892222.106
18 14 12527538.731
18 15 68090481.731
18 16 121974806.887
18 17 18901592.347
18 19 114678972.625
19 0 154980417.407
19 1 51605945.490
19 2 52328204.404
19 3 50699363.118
19 4 35356224.251
19 5 102039709.648
19 6 41330190.659
19 7 35167507.506
19 8 63267796.936
19 9 41470628.470
19 10 43007839.311
19 11 122832285.262
19 12 807324129.277
19 13 27587901.074
19 14 98767340.979
19 15 179770661.106
19 16 123468111.850
19 17 64630126.153
19 18 119202642.620
