380
0 1 41318670.195
0 2 117932916.722
0 3 161578061.859
0 4 33132021.161
0 5 72060588.084
0 6 126291010.269
0 7 129355058.279
0 8 200719272.803
0 9 24118366.696
0 10 75267508.611
0 11 52885494.406
0 12 990228720.630
0 13 82514016.044
0 14 115644446.304
0 15 232204140.625
0 16 351771067.235
0 17 163721389.699
0 18 132074136.730
0 19 393464504.051
1 0 31660875.885
1 2 11319257.132
1 3 32483593.348
1 4 7742530.263
1 5 12107094.637
1 6 23879980.471
1 7 21045758.898
1 8 21492829.939
1 9 7741313.559
1 10 15784805.583
1 11 23568254.850
1 12 160259775.129
1 13 8609273.363
1 14 20471592.437
1 15 80110715.690
1 16 54577967.419
1 17 11047256.784
1 18 11440182.824
1 19 32161918.116
2 0 138273056.309
2 1 15991799.544
2 3 23470433.353
2 4 13117463.256
2 5 28202947.975
2 6 44339925.480
2 7 46379943.319
2 8 39262462.832
2 9 15120518.023
2 10 39720878.068
2 11 33357740.812
2 12 319810190.918
2 13 14152253.764
2 14 39300431.068
2 15 157146618.132
2 16 107733079.071
2 17 40738223.523
2 18 29147290.533
2 19 65571962.964
3 0 125549869.769
3 1 21410899.067
3 2 59266010.402
3 4 24840452.042
3 5 20575436.712
3 6 65410427.057
3 7 23938117.514
3 8 54493085.064
3 9 34805564.062
3 10 69231504.381
3 11 47695019.035
3 12 290664801.177
3 13 34072280.331
3 14 60149273.847
3 15 92339406.600
3 16 87136775.483
3 17 56593714.351
3 18 59427118.386
3 19 178561232.096
4 0 55677921.813
4 1 4678353.775
4 2 14529058.175
4 3 36674100.107
4 5 21122972.523
4 6 23748339.757
4 7 7221729.863
4 8 30185724.875
4 9 11856540.479
4 10 24512097.487
4 11 11822590.192
4 12 76331225.681
4 13 8475752.057
4 14 15546345.240
4 15 85156333.938
4 16 24141871.017
4 17 12130413.461
4 18 20042820.736
4 19 57716583.891
5 0 172177642.983
5 1 11887349.907
5 2 44611218.405
5 3 72893707.971
5 4 8984012.366
5 6 38561895.423
5 7 30767412.861
5 8 24522352.549
5 9 13008403.403
5 10 45602492.709
5 11 43612098.717
5 12 223109333.138
5 13 16064724.747
5 14 34027022.244
5 15 60311701.887
5 16 31255666.268
5 17 37691418.724
5 18 39549203.723
5 19 31089975.936
6 0 114013182.544
6 1 14503136.868
6 2 43982704.549
6 3 44519483.866
6 4 15952143.073
6 5 34277439.930
6 7 38911239.455
6 8 54394143.106
6 9 9324281.938
6 10 29440859.702
6 11 23791255.111
6 12 210619914.430
6 13 19267845.378
6 14 13829554.685
6 15 164484621.201
6 16 113379240.559
6 17 36434140.366
6 18 13967204.757
6 19 95345410.352
7 0 142106466.752
7 1 8751690.494
7 2 17925291.105
7 3 18771442.094
7 4 23697785.005
7 5 26989943.433
7 6 48858427.542
7 8 72975740.854
7 9 7004210.328
7 10 21978485.317
7 11 37947672.433
7 12 316078167.472
7 13 24164805.292
7 14 22600332.222
7 15 137201236.232
7 16 36678472.090
7 17 15094197.613
7 18 32969364.558
7 19 65440536.217
8 0 71063963.374
8 1 35156242.430
8 2 73773919.970
8 3 94035345.906
8 4 10389999.815
8 5 61526383.405
8 6 38412068.263
8 7 72838440.180
8 9 26543742.210
8 10 21233511.126
8 11 58389772.685
8 12 142304676.618
8 13 23008374.079
8 14 64130828.843
8 15 122700048.478
8 16 54290502.723
8 17 42611672.237
8 18 58938612.507
8 19 116837250.458
9 0 74810576.396
9 1 4790695.914
9 2 16444003.063
9 3 36141844.486
9 4 10598082.098
9 5 11413072.922
9 6 6309506.665
9 7 13514776.945
9 8 22607254.649
9 10 6498862.658
9 11 20012274.938
9 12 96980978.713
9 13 6855421.214
9 14 12020364.426
9 15 40409930.983
9 16 22176147.780
9 17 18209146.957
9 18 19871230.875
9 19 34205352.938
10 0 108828129.839
10 1 13377929.792
10 2 38630353.398
10 3 54028063.500
10 4 8433674.958
10 5 14937476.201
10 6 22835686.006
10 7 23309353.897
10 8 19174671.090
10 9 12568864.473
10 11 37760566.468
10 12 155654481.369
10 13 10591885.618
10 14 33690988.495
10 15 143600160.860
10 16 74001741.826
10 17 13021145.538
10 18 48430412.936
10 19 114032236.227
11 0 144232013.261
11 1 10200940.813
11 2 42147059.565
11 3 62983910.355
11 4 19474052.825
11 5 41362259.131
11 6 24740862.395
11 7 20773986.159
11 8 28351272.499
11 9 15187499.880
11 10 19724693.216
11 12 290008378.302
11 13 20910768.873
11 14 13910784.853
11 15 68584828.843
11 16 36125819.376
11 17 22573147.397
11 18 26739154.246
11 19 119700444.998
12 0 804563976.881
12 1 148666263.880
12 2 152260734.789
12 3 266686815.186
12 4 160840050.921
12 5 113600466.342
12 6 323136356.132
12 7 215443376.919
12 8 390489190.566
12 9 115111641.450
12 10 294279931.833
12 11 290708425.490
12 13 122776977.584
12 14 113417569.668
12 15 953244139.968
12 16 275481106.223
12 17 88661919.934
12 18 86449341.207
12 19 300876993.702
13 0 47367013.608
13 1 10513799.047
13 2 9748022.343
13 3 35926267.109
13 4 6336859.649
13 5 15109114.517
13 6 12086933.246
13 7 12205824.108
13 8 34515723.952
13 9 9160038.877
13 10 11107131.518
13 11 11047166.363
13 12 132093891.056
13 14 23467799.751
13 15 108440313.136
13 16 39864471.385
13 17 9149527.850
13 18 20357122.707
13 19 43679941.262
14 0 167248562.419
14 1 13293838.730
14 2 33312012.939
14 3 56637373.642
14 4 17101669.744
14 5 34156060.591
14 6 29710285.836
14 7 17493109.992
14 8 30017523.202
14 9 9839126.793
14 10 20215604.811
14 11 38515333.496
14 12 281836167.409
14 13 19798755.782
14 15 165455220.650
14 16 32211208.228
14 17 43700097.466
14 18 32239135.449
14 19 60028430.071
15 0 755441237.619
15 1 39601849.217
15 2 107055856.858
15 3 96008655.489
15 4 56514219.809
15 5 217499970.491
15 6 161834872.858
15 7 81219998.967
15 8 216935153.831
15 9 31868240.717
15 10 115313713.985
15 11 108362901.407
15 12 541444824.659
15 13 75541112.201
15 14 108107201.659
15 16 434895272.565
15 17 185266057.576
15 18 181469887.049
15 19 330500106.239
16 0 275923836.554
16 1 17985039.199
16 2 74652033.147
16 3 87677503.881
16 4 59315113.322
16 5 66185682.228
16 6 90926607.200
16 7 88669058.923
16 8 64633401.723
16 9 41571557.650
16 10 48778046.615
16 11 102221265.136
16 12 222151965.266
16 13 44055980.388
16 14 73039582.470
16 15 143708411.881
16 17 92231276.142
16 18 39347793.350
16 19 223716390.348
17 0 54193908.492
17 1 22377313.159
17 2 34797590.302
17 3 72477857.712
17 4 20104701.123
17 5 26898455.286
17 6 31441343.530
17 7 19668001.920
17 8 54781634.430
17 9 11126340.526
17 10 17564739.504
17 11 41985349.338
17 12 167179157.410
17 13 12148965.703
17 14 16173393.781
17 15 85319579.043
17 16 71279676.051
17 18 42644338.946
17 19 73918749.321
18 0 81386617.422
18 1 10564098.783
18 2 32455658.574
18 3 43681297.377
18 4 6942306.841
18 5 32518412.096
18 6 44252704.209
18 7 16966910.352
18 8 67708955.772
18 9 21227048.518
18 10 35250727.217
18 11 18584425.863
18 12 271276617.292
18 13 18309235.005
18 14 16926589.271
18 15 209780937.144
18 16 48069717.763
18 17 26452841.408
18 19 60161499.895
19 0 395865655.096
19 1 59761838.262
19 2 106167552.996
19 3 114307144.338
19 4 22206615.890
19 5 54407873.492
19 6 94677966.807
19 7 105062138.889
19 8 51229114.363
19 9 17541345.535
19 10 54277005.840
19 11 112234623.754
19 12 328374248.765
19 13 26412323.969
19 14 36384523.384
19 15 433730078.377
19 16 302663370.254
19 17 36537534.066
19 18 51549872.074
