380
0 1 23811313.938
0 2 115175663.067
0 3 159122058.749
0 4 80212567.725
0 5 136611245.935
0 6 111868963.302
0 7 54757281.908
0 8 246069882.180
0 9 62159040.684
0 10 88841759.779
0 11 60222299.731
0 12 857072678.832
0 13 40237306.135
0 14 77145238.536
0 15 715619098.507
0 16 257393952.189
0 17 164203693.889
0 18 76144973.745
0 19 280092697.322
1 0 47652197.299
1 2 13862099.426
1 3 36010663.965
1 4 3686743.982
1 5 12391555.214
1 6 10750036.260
1 7 15685573.563
1 8 28060647.582
1 9 3333236.680
1 10 6193056.080
1 11 23506360.361
1 12 127120444.559
1 13 11928576.980
1 14 6864079.161
1 15 71744922.465
1 16 16146439.944
1 17 11480766.409
1 18 9219527.281
1 19 40276840.726
2 0 157374115.267
2 1 15013388.681
2 3 38472808.471
2 4 17628369.027
2 5 37410496.950
2 6 13762933.728
2 7 48345555.145
2 8 24139126.970
2 9 8351349.735
2 10 19046623.418
2 11 39319828.871
2 12 255535610.642
2 13 15966387.057
2 14 12359821.923
2 15 144764127.774
2 16 74555000.829
2 17 19830425.537
2 18 26870986.544
2 19 112397077.377
3 0 99964844.063
3 1 24594596.232
3 2 45005736.124
3 4 28454429.037
3 5 19680033.890
3 6 50566609.693
3 7 51843320.974
3 8 49452992.273
3 9 31370010.883
3 10 34102573.297
3 11 42367386.413
3 12 379788282.438
3 13 23715211.360
3 14 40668434.161
3 15 119277503.234
3 16 85300544.270
3 17 37869806.466
3 18 49920377.757
3 19 49706043.384
4 0 83111689.048
4 1 5702884.274
4 2 8697289.561
4 3 20523843.365
4 5 15127177.111
4 6 12612881.028
4 7 6810910.244
4 8 35663939.549
4 9 11214583.443
4 10 7640012.524
4 11 20092252.466
4 12 103151657.047
4 13 7761413.152
4 14 8906133.381
4 15 96386162.536
4 16 41863795.168
4 17 22494665.739
4 18 14344151.445
4 19 44427922.930
5 0 44361422.226
5 1 13575243.771
5 2 39758206.008
5 3 23195249.977
5 4 18195778.033
5 6 13324829.929
5 7 12354066.956
5 8 63288590.072
5 9 22698734.018
5 10 26841066.739
5 11 44171902.929
5 12 124474269.118
5 13 19744382.996
5 14 25768213.749
5 15 84408482.669
5 16 34214779.634
5 17 40224459.596
5 18 25557217.252
5 19 56390849.194
6 0 96610598.331
6 1 7673428.946
6 2 20481348.591
6 3 45108180.299
6 4 22706857.289
6 5 31327675.928
6 7 16395359.316
6 8 31488598.574
6 9 20497574.463
6 10 20810308.605
6 11 23780178.938
6 12 321064580.474
6 13 24451550.217
6 14 34594211.247
6 15 121376082.490
6 16 67944087.350
6 17 21563012.492
6 18 16476290.009
6 19 30774700.581
7 0 80350280.489
7 1 18011451.372
7 2 25634572.798
7 3 30800702.570
7 4 6287821.820
7 5 17700840.171
7 6 29404190.417
7 8 34562851.620
7 9 14500291.228
7 10 42669354.522
7 11 40138390.730
7 12 219901993.123
7 13 20570314.135
7 14 16765879.731
7 15 113855020.524
7 16 55814198.898
7 17 19684176.766
7 18 36234500.779
7 19 89107267.146
8 0 110128023.253
8 1 24298318.525
8 2 41449059.130
8 3 105773718.572
8 4 14268791.999
8 5 54310355.193
8 6 28722298.331
8 7 38748984.247
8 9 14054484.240
8 10 48634690.080
8 11 29761095.291
8 12 392976706.299
8 13 20112161.593
8 14 43626456.491
8 15 144461329.138
8 16 68400358.713
8 17 23953203.122
8 18 27917837.098
8 19 166762870.723
9 0 71530230.088
9 1 9408268.436
9 2 16166752.411
9 3 31629347.363
9 4 5757639.178
9 5 11681482.545
9 6 15513683.252
9 7 24264064.678
9 8 14435045.154
9 10 8308983.291
9 11 13025458.000
9 12 58490654.778
9 13 8342186.830
9 14 19570252.179
9 15 65221660.621
9 16 60909846.775
9 17 7688711.705
9 18 22944317.508
9 19 22622381.300
10 0 149413387.247
10 1 18992335.766
10 2 46478990.099
10 3 70944006.167
10 4 15750563.546
10 5 15274454.088
10 6 48461982.519
10 7 47454183.954
10 8 42725790.227
10 9 24131493.434
10 11 25666521.997
10 12 89569635.354
10 13 12489989.531
10 14 28420292.822
10 15 69202852.935
10 16 102390403.972
10 17 23342386.246
10 18 14515936.588
10 19 104558437.667
11 0 79047989.740
11 1 6755864.967
11 2 17019857.181
11 3 34819824.362
11 4 14836462.826
11 5 31018544.604
11 6 31113715.524
11 7 16858776.023
11 8 22256060.390
11 9 20857543.554
11 10 44007807.087
11 12 115856541.943
11 13 11153058.687
11 14 15294647.820
11 15 194890521.996
11 16 44676073.393
11 17 21670535.963
11 18 14163139.084
11 19 56562516.315
12 0 500671456.295
12 1 119324565.091
12 2 225343755.500
12 3 306940506.984
12 4 150448489.860
12 5 299224136.154
12 6 116168047.322
12 7 188491127.658
12 8 474564831.351
12 9 57235893.832
12 10 164792575.292
12 11 90632771.809
12 13 156957665.534
12 14 163287925.653
12 15 501287458.234
12 16 288652783.778
12 17 171759192.469
12 18 287320207.620
12 19 816307416.261
13 0 71810883.684
13 1 3857751.488
13 2 13489056.007
13 3 19073564.711
13 4 4609991.424
13 5 6498224.246
13 6 22891280.118
13 7 22720326.034
13 8 27154823.919
13 9 5857433.203
13 10 23868690.146
13 11 12190069.791
13 12 158137312.120
13 14 13710037.744
13 15 65730524.975
13 16 48178301.396
13 17 18000103.744
13 18 22129176.736
13 19 34782921.650
14 0 127905466.944
14 1 22175420.915
14 2 39784502.077
14 3 36743581.923
14 4 18520986.748
14 5 21683258.558
14 6 19005622.680
14 7 24776903.578
14 8 39888756.279
14 9 19909559.709
14 10 36909912.038
14 11 26259090.509
14 12 252627597.080
14 13 23581273.352
14 15 165667304.176
14 16 115394121.149
14 17 30439680.012
14 18 23693318.365
14 19 100421767.094
15 0 518666068.478
15 1 109750956.812
15 2 208422855.064
15 3 174158189.276
15 4 32351556.640
15 5 92363184.631
15 6 163510069.362
15 7 66778916.691
15 8 325262009.540
15 9 30951070.493
15 10 93187578.369
15 11 159613247.517
15 12 1029613352.528
15 13 61421877.076
15 14 102879201.319
15 16 273465107.871
15 17 73242964.538
15 18 141410696.819
15 19 448706570.804
16 0 395201243.408
16 1 29335986.759
16 2 57244564.550
16 3 95652257.525
16 4 59818191.352
16 5 99994928.481
16 6 67193080.842
16 7 109607711.418
16 8 182654718.278
16 9 24891702.814
16 10 32481802.857
16 11 99913413.947
16 12 430278967.443
16 13 23457729.341
16 14 56839537.701
16 15 412836162.842
16 17 78914777.764
16 18 105057840.733
16 19 98757219.315
17 0 113043144.569
17 1 24030625.914
17 2 32727451.996
17 3 48833057.469
17 4 10456583.930
17 5 31445729.768
17 6 13879992.282
17 7 41550767.752
17 8 29504269.947
17 9 9509431.399
17 10 30430908.942
17 11 40769082.119
17 12 114442596.368
17 13 18093928.751
17 14 29845237.010
17 15 188045550.943
17 16 31957095.192
17 18 18335106.892
17 19 38080597.911
18 0 138016006.796
18 1 21729032.123
18 2 28501928.150
18 3 22781465.053
18 4 14326510.575
18 5 45989365.917
18 6 33062251.463
18 7 12711756.710
18 8 39725342.152
18 9 7160423.835
18 10 22456541.274
18 11 48697814.797
18 12 248588191.920
18 13 18571180.653
18 14 38216434.637
18 15 185352944.984
18 16 109610434.683
18 17 35008965.073
18 19 66389172.060
19 0 215754870.828
19 1 47688882.482
19 2 43301698.840
19 3 137061996.792
19 4 34315783.448
19 5 84132742.417
19 6 37496995.589
19 7 57928291.894
19 8 89341330.923
19 9 46685981.912
19 10 104446488.341
19 11 50980759.039
19 12 673720997.646
19 13 56924218.839
19 14 54328210.703
19 15 392221035.106
19 16 222245870.163
19 17 34136966.341
19 18 58238395.417
