380
0 1 38705636.756
0 2 80487381.723
0 3 247406798.907
0 4 71871894.712
0 5 78082060.674
0 6 88205007.057
0 7 101677952.674
0 8 215194686.373
0 9 30168648.531
0 10 141517374.106
0 11 95235763.596
0 12 706767966.519
0 13 82307523.994
0 14 72464084.947
0 15 665207319.032
0 16 223669507.761
0 17 135178806.996
0 18 140031511.907
0 19 265284025.167
1 0 68456843.667
1 2 16976028.023
1 3 10545704.017
1 4 7663074.710
1 5 13916139.156
1 6 22904094.192
1 7 6771850.707
1 8 17339519.961
1 9 10364661.670
1 10 22225371.884
1 11 8222319.693
1 12 171704882.731
1 13 11481136.120
1 14 23819421.915
1 15 42145816.249
1 16 20276421.735
1 17 18596296.956
1 18 22618631.694
1 19 38222800.541
2 0 100531768.339
2 1 8257278.872
2 3 23837319.443
2 4 20326903.149
2 5 26343596.026
2 6 42928955.921
2 7 15831216.642
2 8 33575349.771
2 9 21588617.254
2 10 35996532.446
2 11 45717600.154
2 12 287396434.269
2 13 6266481.311
2 14 22693196.714
2 15 80661045.746
2 16 88795836.011
2 17 39736322.082
2 18 26027640.070
2 19 87549131.713
3 0 220447459.373
3 1 14685279.705
3 2 39536481.667
3 4 20783407.707
3 5 45067386.975
3 6 56918830.984
3 7 30346802.132
3 8 40390335.081
3 9 11967547.929
3 10 51501194.035
3 11 34174032.296
3 12 225018663.495
3 13 27723479.874
3 14 41155705.361
3 15 311728075.492
3 16 132656606.086
3 17 66136976.995
3 18 27983305.580
3 19 94503037.891
4 0 22113537.453
4 1 5206694.151
4 2 15903275.946
4 3 13399689.023
4 5 13281797.561
4 6 21913498.767
4 7 17792182.768
4 8 18221465.324
4 9 8259115.159
4 10 13678368.126
4 11 21361410.730
4 12 74645686.276
4 13 6064482.858
4 14 17164749.259
4 15 60592155.369
4 16 38136509.625
4 17 23134800.643
4 18 20657357.442
4 19 49314626.639
5 0 79522247.477
5 1 8038767.049
5 2 17963981.671
5 3 23100756.542
5 4 18359008.846
5 6 45161651.594
5 7 44737983.575
5 8 47191087.925
5 9 22721794.168
5 10 17391565.998
5 11 47108228.382
5 12 206251496.510
5 13 21464748.330
5 14 48375029.533
5 15 145409860.706
5 16 115133516.448
5 17 36085388.208
5 18 16673801.055
5 19 36459554.082
6 0 80305969.480
6 1 16753502.929
6 2 40965241.250
6 3 45435576.155
6 4 18087808.964
6 5 23907228.660
6 7 17717666.841
6 8 48663924.351
6 9 23673208.790
6 10 22440636.600
6 11 24552586.857
6 12 205470359.333
6 13 13670122.417
6 14 32545340.252
6 15 117248434.139
6 16 117855954.934
6 17 28843615.575
6 18 44113691.569
6 19 118174138.731
7 0 153630128.277
7 1 9321402.404
7 2 43974013.886
7 3 26552930.554
7 4 6782349.051
7 5 29581988.840
7 6 43605113.988
7 8 24857511.757
7 9 22749123.416
7 10 26668344.790
7 11 25151950.258
7 12 334034664.236
7 13 10450168.520
7 14 33246190.968
7 15 167961188.587
7 16 42313677.000
7 17 23303242.116
7 18 25308525.103
7 19 38355534.528
8 0 216798065.522
8 1 24615599.271
8 2 36323899.793
8 3 55464708.919
8 4 18761302.512
8 5 24415567.615
8 6 38045776.485
8 7 46941610.341
8 9 9531517.677
8 10 24665873.384
8 11 34220466.685
8 12 493235096.795
8 13 34859675.567
8 14 66757636.472
8 15 89229282.178
8 16 53195628.299
8 17 44414167.694
8 18 46373739.187
8 19 90436426.576
9 0 24742936.793
9 1 3501023.876
9 2 9787117.933
9 3 33861982.765
9 4 7154177.133
9 5 18788284.324
9 6 10507393.442
9 7 22448367.283
9 8 24073506.613
9 10 23713166.430
9 11 20146424.635
9 12 160836609.498
9 13 5870951.145
9 14 9280866.184
9 15 53088495.076
9 16 30780938.805
9 17 10852702.794
9 18 15404089.116
9 19 40085722.231
10 0 148348421.739
10 1 11904999.736
10 2 25151730.888
10 3 22576673.569
10 4 18689479.178
10 5 39069738.113
10 6 20861400.123
10 7 23533070.245
10 8 31304795.808
10 9 18399024.566
10 11 16096283.607
10 12 162523462.254
10 13 9644035.798
10 14 23210665.311
10 15 103112469.003
10 16 99171944.924
10 17 43514840.854
10 18 15382541.940
10 19 69095337.752
11 0 75682730.407
11 1 6825946.661
11 2 38100082.122
11 3 47011109.265
11 4 9539832.424
11 5 30909246.774
11 6 41171025.043
11 7 37039814.752
11 8 36510552.340
11 9 13756729.436
11 10 12839742.597
11 12 220323466.611
11 13 18531138.460
11 14 39951080.919
11 15 201002048.398
11 16 107286420.737
11 17 47354894.592
11 18 43260400.779
11 19 93311814.759
12 0 477694750.083
12 1 100844881.716
12 2 251040400.385
12 3 300343744.063
12 4 86690576.886
12 5 245806078.125
12 6 241082771.963
12 7 97557836.310
12 8 418142634.120
12 9 64366429.959
12 10 313354898.633
12 11 336590969.011
12 13 146139502.866
12 14 231860936.735
12 15 1090969015.475
12 16 344818611.385
12 17 290505205.897
12 18 156859824.904
12 19 525276847.089
13 0 78818843.397
13 1 10052366.655
13 2 23548728.561
13 3 17920465.561
13 4 5127864.825
13 5 20500924.671
13 6 22233486.768
13 7 18866433.279
13 8 31637485.326
13 9 10900647.732
13 10 24064860.177
13 11 20839881.894
13 12 96393190.073
13 14 10711906.186
13 15 103598575.921
13 16 15395491.160
13 17 20532679.681
13 18 9890654.920
13 19 21131811.705
14 0 73436755.057
14 1 21478083.370
14 2 44002431.010
14 3 34769809.987
14 4 10142744.082
14 5 24385427.271
14 6 37093257.234
14 7 20245077.027
14 8 63292279.134
14 9 6979809.883
14 10 33022114.257
14 11 32997786.769
14 12 297645171.550
14 13 9196385.561
14 15 214504822.167
14 16 115130959.794
14 17 37994799.521
14 18 34550378.122
14 19 118010983.547
15 0 658018356.306
15 1 34919150.449
15 2 91425416.838
15 3 319785042.715
15 4 49924451.236
15 5 96419403.022
15 6 171139463.280
15 7 56038179.713
15 8 154758484.821
15 9 37209955.725
15 10 142232557.669
15 11 58154968.671
15 12 1170961523.641
15 13 92597613.379
15 14 149420871.731
15 16 273417245.737
15 17 87753880.254
15 18 183119688.099
15 19 262051440.158
16 0 314792022.902
16 1 47435417.586
16 2 61861275.879
16 3 139709779.179
16 4 20777816.598
16 5 119857107.358
16 6 34526616.022
16 7 120866392.976
16 8 139069050.715
16 9 59488213.097
16 10 78630412.057
16 11 80422905.782
16 12 254442815.208
16 13 32350904.943
16 14 57430816.257
16 15 247781371.457
16 17 60230219.026
16 18 83850217.284
16 19 178130161.886
17 0 62174312.221
17 1 18667363.407
17 2 13265885.610
17 3 69977064.145
17 4 24370127.212
17 5 25024498.501
17 6 40084676.663
17 7 36951918.233
17 8 70382760.653
17 9 13636109.045
17 10 15126545.306
17 11 47580098.960
17 12 136681781.870
17 13 16058451.085
17 14 25137831.009
17 15 55454986.076
17 16 120999151.705
17 18 27459762.360
17 19 97439451.039
18 0 113877788.858
18 1 17656859.229
18 2 39371505.787
18 3 66833408.222
18 4 10753519.784
18 5 41321804.918
18 6 28686246.236
18 7 34377020.152
18 8 56108872.629
18 9 10146864.588
18 10 13484424.322
18 11 28680861.107
18 12 136369052.784
18 13 23456602.216
18 14 13646878.862
18 15 213230637.587
18 16 61544000.580
18 17 28344590.017
18 19 89465584.574
19 0 322500907.661
19 1 39096886.218
19 2 66391119.399
19 3 148057333.170
19 4 16379964.619
19 5 47646597.764
19 6 39804041.204
19 7 42667958.801
19 8 78782990.049
19 9 24598253.261
19 10 71077409.592
19 11 46452320.988
19 12 806734468.222
19 13 54565205.443
19 14 48900593.901
19 15 159611347.456
19 16 146287502.963
19 17 51309467.827
19 18 37230255.330
