380
0 1 60496108.665
0 2 95649340.800
0 3 138210463.277
0 4 85077691.757
0 5 54186778.329
0 6 134019589.276
0 7 172058023.637
0 8 252505546.861
0 9 48807523.422
0 10 85006132.882
0 11 98189496.668
0 12 313508876.926
0 13 41394858.202
0 14 121483404.631
0 15 660988188.975
0 16 140503818.336
0 17 143880517.865
0 18 137905363.987
0 19 362962578.563
1 0 68551374.533
1 2 16694861.249
1 3 34396406.958
1 4 4393733.526
1 5 11386041.860
1 6 23095002.083
1 7 14163909.273
1 8 35967995.490
1 9 8010141.483
1 10 17426592.132
1 11 20393526.662
1 12 77693103.831
1 13 5987946.777
1 14 23447866.258
1 15 47686014.258
1 16 40722302.630
1 17 21216575.499
1 18 17877534.572
1 19 52273230.037
2 0 90168461.648
2 1 9937019.157
2 3 63165718.927
2 4 20564905.540
2 5 29474720.072
2 6 33412878.641
2 7 13534241.202
2 8 73349846.767
2 9 7942907.297
2 10 14627944.015
2 11 30894142.203
2 12 131225946.290
2 13 19370487.080
2 14 24838802.496
2 15 135060009.725
2 16 65751983.463
2 17 18502393.442
2 18 18996373.043
2 19 90025024.801
3 0 171959887.619
3 1 16870465.598
3 2 38779005.634
3 4 28765591.434
3 5 65000856.337
3 6 64396116.545
3 7 62493721.397
3 8 94870439.460
3 9 16311834.538
3 10 47677498.922
3 11 42718752.065
3 12 451718595.185
3 13 20839332.146
3 14 52150257.804
3 15 140638598.275
3 16 172339773.968
3 17 30307804.491
3 18 46748399.784
3 19 130382655.318
4 0 52603321.120
4 1 7601813.559
4 2 24438111.259
4 3 22995173.750
4 5 17225036.472
4 6 9815366.414
4 7 17262587.372
4 8 9904392.319
4 9 5352428.318
4 10 11820513.966
4 11 10262511.634
4 12 62746546.242
4 13 9381217.694
4 14 21814606.501
4 15 55167085.884
4 16 28354383.918
4 17 12607835.542
4 18 19142549.786
4 19 20551943.437
5 0 49181520.050
5 1 11270231.195
5 2 24159673.282
5 3 67775481.158
5 4 21276734.265
5 6 36219977.604
5 7 44134614.811
5 8 67208827.831
5 9 11524118.086
5 10 20825018.562
5 11 20824719.157
5 12 180248892.993
5 13 22993120.649
5 14 17364912.821
5 15 80017267.738
5 16 38017856.451
5 17 23963676.088
5 18 47017438.207
5 19 71817096.376
6 0 73588846.430
6 1 8751910.602
6 2 40446301.531
6 3 58771923.940
6 4 17932908.090
6 5 17248370.379
6 7 17260089.082
6 8 24761905.179
6 9 15232099.791
6 10 24182758.017
6 11 31467450.695
6 12 198557022.473
6 13 20161094.689
6 14 18537278.853
6 15 162335612.217
6 16 88432104.569
6 17 30024764.099
6 18 37595632.035
6 19 60364062.757
7 0 142750182.534
7 1 19443781.049
7 2 32929816.275
7 3 57186658.084
7 4 23616237.578
7 5 18634136.297
7 6 44306675.684
7 8 59790550.581
7 9 15266849.758
7 10 36796927.825
7 11 36539152.705
7 12 265695489.397
7 13 19200637.785
7 14 33376824.145
7 15 150353737.834
7 16 106340564.429
7 17 29214694.803
7 18 25136757.433
7 19 82638409.732
8 0 161397038.277
8 1 11666069.721
8 2 54314383.848
8 3 60238287.159
8 4 28032945.997
8 5 59176083.566
8 6 24631558.219
8 7 59962586.447
8 9 25807199.951
8 10 29756294.640
8 11 30381422.191
8 12 371032604.849
8 13 15241245.024
8 14 59289865.030
8 15 201948161.362
8 16 145943200.818
8 17 29301145.904
8 18 42736067.132
8 19 153325563.899
9 0 76895122.694
9 1 8947293.952
9 2 15334919.190
9 3 11352214.340
9 4 3948495.226
9 5 18850371.665
9 6 15244164.820
9 7 22209303.633
9 8 20687564.005
9 10 7727066.088
9 11 11080762.963
9 12 82701034.732
9 13 4032001.328
9 14 21609361.556
9 15 90037921.880
9 16 57528881.325
9 17 7979487.100
9 18 16037828.130
9 19 17138847.688
10 0 127948352.552
10 1 12328355.763
10 2 44992635.565
10 3 43967889.723
10 4 14417612.750
10 5 23542358.297
10 6 23723182.250
10 7 33596351.271
10 8 20987871.671
10 9 15514192.516
10 11 33967692.332
10 12 206963834.316
10 13 24467132.171
10 14 25567918.490
10 15 191271251.857
10 16 113205118.301
10 17 35871304.651
10 18 30904001.000
10 19 39899403.830
11 0 121849297.291
11 1 10320443.867
11 2 49055906.990
11 3 46487983.766
11 4 8240816.497
11 5 34911810.137
11 6 25058358.011
11 7 26477981.163
11 8 67954965.353
11 9 19629696.158
11 10 36302061.654
11 12 281161124.317
11 13 17214911.198
11 14 45381786.150
11 15 105422553.243
11 16 77998585.443
11 17 28214782.107
11 18 43439413.573
11 19 88524174.699
12 0 919857781.823
12 1 87655503.052
12 2 343443199.646
12 3 336775226.398
12 4 106667752.961
12 5 148894158.865
12 6 106791167.759
12 7 246259683.201
12 8 508461247.977
12 9 152647098.001
12 10 238471141.343
12 11 202308683.562
12 13 96290996.182
12 14 258163011.384
12 15 594946465.732
12 16 787486016.611
12 17 197242594.047
12 18 177448397.404
12 19 835938947.267
13 0 21630998.549
13 1 3343719.674
13 2 14566292.748
13 3 21524434.208
13 4 9789870.164
13 5 21526498.528
13 6 17594435.844
13 7 11114212.281
13 8 17090017.007
13 9 10328692.566
13 10 19388875.126
13 11 13980742.799
13 12 136501730.350
13 14 20655082.212
13 15 94159183.465
13 16 17000254.064
13 17 16557811.380
13 18 18432820.474
13 19 22140727.477
14 0 141486823.666
14 1 14322925.123
14 2 33797144.902
14 3 71032879.619
14 4 13233432.484
14 5 49051915.633
14 6 16506793.965
14 7 38555521.017
14 8 26161366.744
14 9 6252147.056
14 10 18266841.244
14 11 27286180.998
14 12 203345886.256
14 13 11080605.001
14 15 160613489.385
14 16 80661373.686
14 17 38658961.255
14 18 39084479.973
14 19 96161181.132
15 0 610684466.622
15 1 68603467.353
15 2 144092604.451
15 3 115247107.255
15 4 107337840.016
15 5 67612377.966
15 6 147096157.200
15 7 56077238.543
15 8 231723616.205
15 9 84265871.526
15 10 201626938.033
15 11 174775742.357
15 12 1530518020.466
15 13 32636864.910
15 14 216034648.153
15 16 411272949.622
15 17 203478774.524
15 18 168550295.810
15 19 145276570.179
16 0 397284129.234
16 1 28679795.652
16 2 33976329.297
16 3 159820353.904
16 4 26065965.539
16 5 69406711.815
16 6 99493581.360
16 7 91745907.695
16 8 70688167.691
16 9 34671832.719
16 10 32470313.755
16 11 63644796.604
16 12 425435598.215
16 13 54077611.055
16 14 80037409.465
16 15 279919764.533
16 17 114181128.305
16 18 115351911.311
16 19 150324613.078
17 0 113315869.023
17 1 10810219.723
17 2 17761144.854
17 3 65162309.298
17 4 14078145.906
17 5 46924179.421
17 6 35408516.110
17 7 28013348.806
17 8 50832240.324
17 9 21788390.750
17 10 15385951.005
17 11 29246266.443
17 12 161435703.662
17 13 17668183.876
17 14 32394113.884
17 15 70611751.368
17 16 41817368.804
17 18 32806869.849
17 19 94767329.192
18 0 83867227.529
18 1 20019076.866
18 2 45109646.175
18 3 65002538.358
18 4 20568256.771
18 5 20380059.921
18 6 35354746.436
18 7 30769911.541
18 8 54502777.931
18 9 16996844.166
18 10 40937596.140
18 11 25628670.500
18 12 87883089.623
18 13 7595763.314
18 14 18116347.457
18 15 219310889.203
18 16 78005183.696
18 17 26239064.395
18 19 101967971.759
19 0 225931470.650
19 1 18904471.868
19 2 89725898.399
19 3 117240484.182
19 4 57735254.552
19 5 120428323.980
19 6 99622572.124
19 7 94067760.941
19 8 81422494.322
19 9 27683166.810
19 10 61428752.056
19 11 104304246.498
19 12 264236910.595
19 13 50155068.640
19 14 57554571.219
19 15 351499439.817
19 16 221269572.923
19 17 30966737.660
19 18 40559141.792
