380
0 1 63054585.765
0 2 73442185.810
0 3 146655328.168
0 4 71858610.782
0 5 171639045.210
0 6 63241259.855
0 7 151205760.669
0 8 156360829.264
0 9 71926160.961
0 10 148104345.093
0 11 53722132.805
0 12 431903771.312
0 13 36213605.184
0 14 77469324.608
0 15 425717747.349
0 16 282568000.415
0 17 140870404.470
0 18 63714170.454
0 19 338268882.182
1 0 42299270.480
1 2 20037047.840
1 3 20915915.532
1 4 8560794.265
1 5 23505661.729
1 6 21741063.963
1 7 24501641.479
1 8 25071550.397
1 9 3109773.137
1 10 14197377.992
1 11 23829469.191
1 12 80380641.069
1 13 3459030.573
1 14 18125139.263
1 15 90988762.499
1 16 41050125.974
1 17 9665080.527
1 18 16505385.797
1 19 22519641.367
2 0 161035698.854
2 1 6988474.747
2 3 59434517.737
2 4 21783540.841
2 5 34561474.031
2 6 37696189.233
2 7 41322474.432
2 8 52558590.368
2 9 9110332.729
2 10 25309780.003
2 11 34226935.889
2 12 199555615.317
2 13 15061893.728
2 14 37294366.680
2 15 147355751.289
2 16 43871656.868
2 17 16951355.019
2 18 23070319.246
2 19 54419543.990
3 0 203143233.513
3 1 27771548.873
3 2 72028155.836
3 4 19796245.325
3 5 71493982.964
3 6 24021823.702
3 7 45566686.541
3 8 69648768.240
3 9 14441525.785
3 10 21895348.645
3 11 46390950.365
3 12 176546153.149
3 13 16343975.343
3 14 59125051.413
3 15 164590262.187
3 16 139409895.596
3 17 18627991.440
3 18 32132862.761
3 19 47146385.964
4 0 25082143.413
4 1 7310348.388
4 2 11108958.743
4 3 25211746.292
4 5 6995889.274
4 6 17186177.446
4 7 21267496.895
4 8 32360895.269
4 9 5672296.792
4 10 22783500.373
4 11 22195834.082
4 12 141624994.067
4 13 9159238.363
4 14 16429580.691
4 15 36131020.786
4 16 52597069.925
4 17 9063276.587
4 18 11389701.590
4 19 58688132.286
5 0 85811054.036
5 1 12127518.769
5 2 30888745.747
5 3 46262353.684
5 4 9688390.451
5 6 39460426.392
5 7 35249145.787
5 8 48060166.006
5 9 12861486.451
5 10 43126123.112
5 11 24231054.214
5 12 266693687.649
5 13 18750774.469
5 14 45789796.021
5 15 109726994.774
5 16 85061247.959
5 17 34554371.040
5 18 32408628.508
5 19 44460065.395
6 0 113626494.565
6 1 19971987.295
6 2 26046970.867
6 3 49853957.956
6 4 20096543.371
6 5 39251057.720
6 7 38536486.580
6 8 29936811.257
6 9 7920640.333
6 10 14013331.842
6 11 32297431.989
6 12 163637077.857
6 13 10096015.287
6 14 39637396.193
6 15 152144404.201
6 16 33498718.948
6 17 22840018.626
6 18 14999144.364
6 19 42056884.810
7 0 170065978.005
7 1 9238627.474
7 2 25514711.804
7 3 52187313.201
7 4 22889783.939
7 5 31637957.000
7 6 18313419.704
7 8 19353372.930
7 9 22802796.169
7 10 43347140.795
7 11 34828680.032
7 12 332145372.125
7 13 24560626.634
7 14 22715828.816
7 15 121986736.487
7 16 43416861.260
7 17 25486709.485
7 18 12330653.495
7 19 102758231.151
8 0 66243831.152
8 1 26337111.207
8 2 26020829.929
8 3 30334776.455
8 4 33810195.558
8 5 59964264.359
8 6 52125438.282
8 7 57204417.504
8 9 29867354.864
8 10 70130333.993
8 11 33669583.644
8 12 248182840.380
8 13 21355272.073
8 14 44579024.766
8 15 194381546.984
8 16 173653729.310
8 17 51621293.333
8 18 49384077.936
8 19 177797460.460
9 0 53319786.533
9 1 5121468.467
9 2 18843542.064
9 3 33245814.683
9 4 7672907.651
9 5 15077670.509
9 6 8416150.521
9 7 17591708.500
9 8 11019391.611
9 10 17897441.132
9 11 18748219.279
9 12 54675927.207
9 13 3421081.243
9 14 10928172.544
9 15 65916646.095
9 16 21181277.601
9 17 22709160.383
9 18 6548660.044
9 19 49311213.891
10 0 162423867.601
10 1 10830067.106
10 2 28076914.098
10 3 36361355.391
10 4 24311067.650
10 5 17519631.282
10 6 13783092.089
10 7 13845140.173
10 8 19246241.465
10 9 17966749.632
10 11 26147437.581
10 12 200195123.502
10 13 16683754.993
10 14 45423668.259
10 15 140383648.850
10 16 117092223.224
10 17 43894502.001
10 18 19238611.169
10 19 59818772.540
11 0 157264890.311
11 1 10206902.884
11 2 35130167.711
11 3 54855518.379
11 4 11120562.779
11 5 31695017.447
11 6 29673544.096
11 7 32669886.138
11 8 72193839.472
11 9 18420449.034
11 10 14359692.142
11 12 210075422.298
11 13 16593207.150
11 14 33974012.884
11 15 217092922.794
11 16 109718441.802
11 17 23475896.671
11 18 47705467.763
11 19 75828966.196
12 0 808655312.147
12 1 65107926.819
12 2 279245010.188
12 3 172231543.097
12 4 47822521.192
12 5 337445110.355
12 6 263381241.726
12 7 330747834.502
12 8 471754801.057
12 9 159142640.667
12 10 246258138.156
12 11 90952938.784
12 13 139601846.146
12 14 97915393.158
12 15 1277714081.661
12 16 679107107.855
12 17 127557616.789
12 18 326156681.799
12 19 478381410.786
13 0 26218848.658
13 1 7828645.769
13 2 15056330.652
13 3 9381383.093
13 4 11880292.767
13 5 12371953.391
13 6 23896105.459
13 7 22777784.477
13 8 30950290.564
13 9 10470484.420
13 10 14209480.920
13 11 10345071.220
13 12 107130191.845
13 14 14521984.299
13 15 65306364.446
13 16 16974320.625
13 17 6193015.982
13 18 11373829.591
13 19 54168574.299
14 0 168767461.586
14 1 9520267.397
14 2 43237462.710
14 3 62314839.195
14 4 8542999.426
14 5 13463042.134
14 6 43304413.448
14 7 42840717.568
14 8 26627199.489
14 9 23475291.045
14 10 35185707.509
14 11 43168614.977
14 12 211816635.159
14 13 11164856.628
14 15 101981744.042
14 16 72678286.592
14 17 36342863.658
14 18 29513257.169
14 19 60312235.385
15 0 285344047.060
15 1 87287692.503
15 2 57873502.930
15 3 211588716.301
15 4 98546569.276
15 5 102801450.426
15 6 99999690.882
15 7 129083144.950
15 8 199779606.108
15 9 69719255.688
15 10 87918686.098
15 11 111273044.238
15 12 1314525890.567
15 13 52197469.371
15 14 87132921.126
15 16 251094724.937
15 17 177687799.796
15 18 158754991.323
15 19 479626488.584
16 0 429979332.971
16 1 17043206.051
16 2 92242932.434
16 3 100476273.518
16 4 55250977.166
16 5 121436182.235
16 6 77598730.397
16 7 96207007.004
16 8 165944871.946
16 9 23469373.008
16 10 52906583.258
16 11 64936745.927
16 12 265401322.258
16 13 17043216.729
16 14 31609537.804
16 15 448052397.979
16 17 69842895.773
16 18 68735466.477
16 19 153816409.020
17 0 124656852.012
17 1 8145353.080
17 2 44686098.300
17 3 31825533.561
17 4 9867641.112
17 5 47036075.383
17 6 47393361.266
17 7 44125396.409
17 8 28248832.109
17 9 14362169.167
17 10 43104211.791
17 11 42251610.401
17 12 157065905.465
17 13 6190497.588
17 14 27971417.638
17 15 214690427.824
17 16 36017774.043
17 18 40783387.138
17 19 90448769.475
18 0 97616182.690
18 1 15047966.367
18 2 44185983.409
18 3 69995226.450
18 4 12546806.128
18 5 32041563.317
18 6 42011790.347
18 7 44499242.385
18 8 28248143.884
18 9 13099405.532
18 10 20901184.454
18 11 25179673.398
18 12 341626753.408
18 13 15364102.183
18 14 17065631.601
18 15 209046243.420
18 16 60174935.624
18 17 37699480.266
18 19 106049384.220
19 0 370487123.378
19 1 27891834.963
19 2 106389603.467
19 3 47174322.116
19 4 26348640.001
19 5 108706594.491
19 6 77087718.817
19 7 101683259.504
19 8 175906185.983
19 9 45727841.118
19 10 46893358.905
19 11 31063141.819
19 12 216859899.980
19 13 19606014.627
19 14 105845184.087
19 15 346470472.394
19 16 132395199.372
19 17 110886753.798
19 18 95656314.294
