144
0 0 20000.00
0 1 50000.00
0 2 211180.00
0 3 655013.00
0 4 114485.00
0 5 127257.00
0 6 111905.00
0 7 194226.00
0 8 339656.00
0 9 0.00
0 10 40154.00
0 11 242325.00
1 0 157432.00
1 1 8351142.00
1 2 5032394.00
1 3 1996913.00
1 4 4668804.00
1 5 11089824.00
1 6 3559212.00
1 7 5329910.50
1 8 4780906.00
1 9 569204.50
1 10 1733838.00
1 11 55571792.00
2 0 131547.00
2 1 7820202.00
2 2 56272322.00
2 3 11141169.00
2 4 7852077.00
2 5 26472166.00
2 6 8326597.00
2 7 23024513.00
2 8 10871656.00
2 9 2725567.00
2 10 7913370.00
2 11 15231261.00
3 0 1490330.00
3 1 2870102.00
3 2 25941703.00
3 3 5662066.00
3 4 8744035.00
3 5 18133165.00
3 6 6046872.00
3 7 6676092.00
3 8 9641625.00
3 9 6288890.00
3 10 4237203.00
3 11 19512225.00
4 0 751564.00
4 1 13215915.00
4 2 15792958.00
4 3 3929195.00
4 4 6544079.00
4 5 3267799.00
4 6 1217285.00
4 7 3611251.00
4 8 3142638.00
4 9 972467.00
4 10 1218320.00
4 11 1964513.00
5 0 413629.00
5 1 7606616.00
5 2 41290044.00
5 3 9701981.00
5 4 2687563.00
5 5 7726172.00
5 6 6200941.00
5 7 9008799.00
5 8 10621008.00
5 9 1359130.00
5 10 4284977.00
5 11 7032427.00
6 0 170222.00
6 1 1716449.00
6 2 10543462.00
6 3 4130896.00
6 4 2945483.00
6 5 6566775.00
6 6 5773851.00
6 7 2992754.00
6 8 3634291.00
6 9 1046825.00
6 10 1455354.00
6 11 3875065.00
7 0 45369.00
7 1 6008368.00
7 2 43317819.00
7 3 8254164.00
7 4 7956352.00
7 5 23181619.00
7 6 4747680.00
7 7 11279416.00
7 8 22451134.00
7 9 4195396.00
7 10 10119429.00
7 11 27202401.00
8 0 1100534.00
8 1 13427972.00
8 2 29194826.00
8 3 11395598.00
8 4 6129626.00
8 5 25658917.00
8 6 8580561.00
8 7 29912370.00
8 8 75372510.00
8 9 6397153.00
8 10 15149502.00
8 11 52745188.00
9 0 10000.00
9 1 224716.00
9 2 2187065.00
9 3 2530913.00
9 4 318404.00
9 5 563489.00
9 6 336643.00
9 7 14998325.00
9 8 550437.00
9 9 7751012.00
9 10 20563690.00
9 11 242458.00
10 0 60592.00
10 1 2674901.00
10 2 12597147.00
10 3 4481277.00
10 4 2473512.00
10 5 3989268.00
10 6 1776492.00
10 7 13035996.00
10 8 5517649.00
10 9 3854585.00
10 10 2021596.00
10 11 4375865.00
11 0 102342.00
11 1 51303945.00
11 2 36823867.00
11 3 20149443.00
11 4 7412620.00
11 5 18706841.00
11 6 4499863.00
11 7 33743159.00
11 8 51658403.00
11 9 2028616.00
11 10 19372600.00
11 11 74504148.00
