132
0 1 82776.00
0 2 305246.00
0 3 585033.00
0 4 39578.00
0 5 162375.00
0 6 76677.00
0 7 481270.00
0 8 806970.00
0 9 7072.00
0 10 104364.00
0 11 292941.00
1 0 62271.00
1 2 6515206.00
1 3 3122483.00
1 4 1608932.00
1 5 7583066.00
1 6 2385577.00
1 7 4877531.50
1 8 5056505.00
1 9 382354.50
1 10 2416108.00
1 11 18842637.00
2 0 209279.00
2 1 6580818.00
2 3 13381996.00
2 4 8986134.00
2 5 21955393.00
2 6 9909528.00
2 7 17686246.00
2 8 9516150.00
2 9 1985815.00
2 10 6287600.00
2 11 14753005.00
3 0 185238.00
3 1 2785696.00
3 2 22169268.00
3 4 11070426.00
3 5 12214616.00
3 6 6488399.00
3 7 8318523.00
3 8 7885673.00
3 9 6326283.00
3 10 8612066.00
3 11 19717599.00
4 0 495649.00
4 1 1314598.00
4 2 11706178.00
4 3 1897098.00
4 5 3531283.00
4 6 1723332.00
4 7 14985154.00
4 8 2588701.00
4 9 859951.00
4 10 941480.00
4 11 1476999.00
5 0 220063.00
5 1 3166634.00
5 2 37655614.00
5 3 8063481.00
5 4 2177793.00
5 6 6167799.00
5 7 7939285.00
5 8 8166528.00
5 9 1730092.00
5 10 2786572.00
5 11 8671824.00
6 0 171652.00
6 1 2558057.00
6 2 12553203.00
6 3 3885910.00
6 4 1553136.00
6 5 5553436.00
6 7 3091824.00
6 8 2472427.00
6 9 966851.00
6 10 1385504.00
6 11 2784690.00
7 0 552508.00
7 1 15169271.00
7 2 40157763.00
7 3 7433894.00
7 4 5956309.00
7 5 17280160.00
7 6 5037137.00
7 8 20406561.00
7 9 6499162.00
7 10 10767393.00
7 11 24991434.00
8 0 178190.00
8 1 12318148.00
8 2 28257260.00
8 3 13648408.00
8 4 10883623.00
8 5 20845406.00
8 6 9625924.00
8 7 31226604.00
8 9 5427250.00
8 10 16505301.00
8 11 58601474.00
9 0 10000.00
9 1 104013.00
9 2 3023393.00
9 3 4913432.00
9 4 202476.00
9 5 678174.00
9 6 441176.00
9 7 14603743.00
9 8 833709.00
9 10 19129281.00
9 11 346695.00
10 0 88602.00
10 1 2811996.00
10 2 13389895.00
10 3 2201354.00
10 4 2980957.00
10 5 7081544.00
10 6 2596543.00
10 7 11919149.00
10 8 3103293.00
10 9 3942691.00
10 11 2609924.00
11 0 172352.00
11 1 43427203.00
11 2 39081967.00
11 3 29195042.00
11 4 11122323.00
11 5 18160957.00
11 6 4734425.00
11 7 36876556.00
11 8 65811900.00
11 9 2515975.00
11 10 23023568.00
