132
0 1 30000.00
0 2 296211.00
0 3 128304.00
0 4 50184.00
0 5 73042.00
0 6 480611.00
0 7 386173.00
0 8 406229.00
0 9 11318.00
0 10 37992.00
0 11 207922.00
1 0 105541.00
1 2 5537440.00
1 3 2116108.00
1 4 1675812.00
1 5 7505012.00
1 6 1742128.00
1 7 5119076.50
1 8 3213952.00
1 9 328102.50
1 10 1432916.00
1 11 18117049.00
2 0 271805.00
2 1 8408549.00
2 3 24028330.00
2 4 7339573.00
2 5 20382673.00
2 6 6568241.00
2 7 18359009.00
2 8 10913654.00
2 9 2754317.00
2 10 7160621.00
2 11 14070453.00
3 0 189104.00
3 1 5856749.00
3 2 24043002.00
3 4 10628611.00
3 5 10136968.00
3 6 6101926.00
3 7 6926104.00
3 8 7350823.00
3 9 5310491.00
3 10 9200516.00
3 11 19061289.00
4 0 19372.00
4 1 1394322.00
4 2 9734916.00
4 3 2176881.00
4 5 3467212.00
4 6 1102782.00
4 7 4205771.00
4 8 2253657.00
4 9 875555.00
4 10 1185052.00
4 11 1217963.00
5 0 170620.00
5 1 5888007.00
5 2 30416489.00
5 3 4855087.00
5 4 3716577.00
5 6 4236607.00
5 7 6998602.00
5 8 9085120.00
5 9 1921889.00
5 10 3291092.00
5 11 6857235.00
6 0 128399.00
6 1 1500312.00
6 2 9293457.00
6 3 3919259.00
6 4 2198479.00
6 5 4096706.00
6 7 3311060.00
6 8 3730169.00
6 9 1061432.00
6 10 3215082.00
6 11 2407780.00
7 0 55676.00
7 1 6352818.00
7 2 35899273.00
7 3 7516687.00
7 4 4937754.00
7 5 15528370.00
7 6 4185953.00
7 8 19965804.00
7 9 5049280.00
7 10 9171853.00
7 11 22911374.00
8 0 351997.00
8 1 13018000.00
8 2 28734512.00
8 3 13261318.00
8 4 10373784.00
8 5 29265946.00
8 6 10052892.00
8 7 29701743.00
8 9 3594255.00
8 10 16434459.00
8 11 36658394.00
9 0 10000.00
9 1 106086.00
9 2 1153047.00
9 3 5087868.00
9 4 376213.00
9 5 713938.00
9 6 257534.00
9 7 13825650.00
9 8 850253.00
9 10 21478141.00
9 11 412874.00
10 0 28079.00
10 1 2524733.00
10 2 13769150.00
10 3 1714136.00
10 4 2541117.00
10 5 3357990.00
10 6 2602186.00
10 7 13123471.00
10 8 5501462.00
10 9 1657588.00
10 11 2930656.00
11 0 298227.00
11 1 49557083.00
11 2 39882130.00
11 3 21231276.00
11 4 5408669.00
11 5 19536516.00
11 6 4976603.00
11 7 42455032.00
11 8 52551510.00
11 9 1362501.00
11 10 22254681.00
