132
0 1 32147.00
0 2 275643.00
0 3 49420.00
0 4 34997.00
0 5 196014.00
0 6 20000.00
0 7 240697.00
0 8 123727.00
0 9 0.00
0 10 52871.00
0 11 275951.00
1 0 20000.00
1 2 9083740.00
1 3 2575662.00
1 4 3409789.00
1 5 8179058.00
1 6 1006548.00
1 7 8049456.00
1 8 2526363.00
1 9 207377.00
1 10 1892160.00
1 11 23200745.00
2 0 659374.00
2 1 7139325.00
2 3 11268056.00
2 4 6057644.00
2 5 16072718.00
2 6 8651506.00
2 7 16414402.00
2 8 11892674.00
2 9 2360031.00
2 10 6926941.00
2 11 14044993.00
3 0 65476.00
3 1 1853804.00
3 2 29906803.00
3 4 7968661.00
3 5 9494684.00
3 6 10658080.00
3 7 5579576.00
3 8 6082409.00
3 9 3915054.00
3 10 3072922.00
3 11 16716195.00
4 0 737021.00
4 1 2022953.00
4 2 9014088.00
4 3 1582748.00
4 5 4535855.00
4 6 1768957.00
4 7 20699524.00
4 8 1314114.00
4 9 1450766.00
4 10 1340257.00
4 11 1336789.00
5 0 118659.00
5 1 3904315.00
5 2 42603619.00
5 3 7516770.00
5 4 3296662.00
5 6 6312462.00
5 7 9382501.00
5 8 12624811.00
5 9 1773506.00
5 10 3258428.00
5 11 5158018.00
6 0 10000.00
6 1 842832.00
6 2 11219115.00
6 3 3686142.00
6 4 1648030.00
6 5 4019155.00
6 7 2298329.00
6 8 3189520.00
6 9 1183537.00
6 10 1061959.00
6 11 2374302.00
7 0 501123.00
7 1 12251636.00
7 2 48362540.00
7 3 4687177.00
7 4 16114318.00
7 5 12632107.00
7 6 2877807.00
7 8 22901286.00
7 9 2520915.00
7 10 8785088.00
7 11 19596977.00
8 0 1027205.00
8 1 9067111.00
8 2 25504548.00
8 3 12551721.00
8 4 7607433.00
8 5 19214790.00
8 6 6861316.00
8 7 27114476.00
8 9 4334191.00
8 10 10896906.00
8 11 26899431.00
9 0 0.00
9 1 160455.00
9 2 1591900.00
9 3 1574358.00
9 4 475576.00
9 5 610346.00
9 6 276165.00
9 7 13094849.00
9 8 373298.00
9 10 18745796.00
9 11 291786.00
10 0 21837.00
10 1 2033975.00
10 2 24119351.00
10 3 1325712.00
10 4 2744985.00
10 5 5957146.00
10 6 1584772.00
10 7 11552407.00
10 8 4014691.00
10 9 3946031.00
10 11 2905009.00
11 0 167167.00
11 1 37260317.00
11 2 39529094.00
11 3 17999922.00
11 4 4051545.00
11 5 16326183.00
11 6 8712192.00
11 7 35259001.00
11 8 56202715.00
11 9 866046.00
11 10 22057069.00
