144
0 0 0.00
0 1 33253.00
0 2 201097.00
0 3 73870.00
0 4 10000.00
0 5 47504.00
0 6 10000.00
0 7 51020.00
0 8 110236.00
0 9 29348.00
0 10 117283.00
0 11 1565905.00
1 0 22437.00
1 1 8176005.00
1 2 6894773.00
1 3 1793699.00
1 4 733839.00
1 5 6971371.00
1 6 431491.00
1 7 3959678.50
1 8 4664866.00
1 9 2222326.50
1 10 1156721.00
1 11 63934386.00
2 0 394698.00
2 1 10787350.00
2 2 43187522.00
2 3 2155131.00
2 4 2712176.00
2 5 10086855.00
2 6 7287580.00
2 7 14269579.00
2 8 6219434.00
2 9 1136585.00
2 10 3140419.00
2 11 9804933.00
3 0 20000.00
3 1 1499539.00
3 2 27132832.00
3 3 2492421.00
3 4 4671379.00
3 5 9180814.00
3 6 4506442.00
3 7 1900717.00
3 8 9084731.00
3 9 4224259.00
3 10 2049684.00
3 11 14557951.00
4 0 453480.00
4 1 1909681.00
4 2 9702410.00
4 3 974196.00
4 4 2060127.00
4 5 1801875.00
4 6 641936.00
4 7 35272188.00
4 8 1716191.00
4 9 698039.00
4 10 743770.00
4 11 1126806.00
5 0 103272.00
5 1 9586554.00
5 2 48474231.00
5 3 3998164.00
5 4 1722303.00
5 5 6555212.00
5 6 4915161.00
5 7 3706287.00
5 8 7751486.00
5 9 731186.00
5 10 2885218.00
5 11 11561710.00
6 0 20000.00
6 1 804554.00
6 2 10979280.00
6 3 2062665.00
6 4 1065793.00
6 5 2423553.00
6 6 2464294.00
6 7 2745971.00
6 8 2865335.00
6 9 306410.00
6 10 1109094.00
6 11 2647391.00
7 0 20000.00
7 1 10857519.00
7 2 86110845.00
7 3 1854299.00
7 4 3757386.00
7 5 14884070.00
7 6 4245749.00
7 7 9072953.00
7 8 36671099.00
7 9 13683455.00
7 10 6528333.00
7 11 30069738.00
8 0 68144.00
8 1 10639809.00
8 2 22766526.00
8 3 12718954.00
8 4 2982732.00
8 5 11632571.00
8 6 5471315.00
8 7 18011074.00
8 8 73022472.00
8 9 3370183.00
8 10 10533546.00
8 11 21235981.00
9 0 0.00
9 1 184402.00
9 2 2042935.00
9 3 2834341.00
9 4 90869.00
9 5 460355.00
9 6 156784.00
9 7 8152699.00
9 8 411226.00
9 9 5401715.00
9 10 17925772.00
9 11 72712.00
10 0 10000.00
10 1 4540993.00
10 2 15515066.00
10 3 572074.00
10 4 2099094.00
10 5 2696855.00
10 6 937735.00
10 7 8398444.00
10 8 4804143.00
10 9 1604995.00
10 10 357227.00
10 11 2602373.00
11 0 21442.00
11 1 38803928.00
11 2 25512060.00
11 3 18794865.00
11 4 7342129.00
11 5 14530972.00
11 6 3707180.00
11 7 30934425.00
11 8 64398560.00
11 9 916456.00
11 10 17596779.00
11 11 124664400.00
