144
0 0 0.00
0 1 351795.00
0 2 417200.00
0 3 26754.00
0 4 0.00
0 5 61533.00
0 6 81468.00
0 7 56292.00
0 8 217085.00
0 9 0.00
0 10 40000.00
0 11 1868847.00
1 0 10000.00
1 1 7912917.00
1 2 3662469.00
1 3 1451881.00
1 4 849358.00
1 5 7838256.00
1 6 1665940.00
1 7 4036065.50
1 8 3039331.00
1 9 739792.50
1 10 713851.00
1 11 29931286.00
2 0 671572.00
2 1 11664164.00
2 2 44914235.00
2 3 5093255.00
2 4 2584954.00
2 5 15459103.00
2 6 4513026.00
2 7 12225213.00
2 8 5820538.00
2 9 932136.00
2 10 4830183.00
2 11 9380080.00
3 0 44745.00
3 1 4375509.00
3 2 28272519.00
3 3 7402783.00
3 4 7491966.00
3 5 10685426.00
3 6 10130197.00
3 7 2670865.00
3 8 9052261.00
3 9 3566014.00
3 10 2793625.00
3 11 23168062.00
4 0 349128.00
4 1 1631722.00
4 2 8463399.00
4 3 1128316.00
4 4 2087374.00
4 5 3284393.00
4 6 482888.00
4 7 5210576.00
4 8 1880845.00
4 9 235876.00
4 10 706682.00
4 11 3524251.00
5 0 86263.00
5 1 13484451.00
5 2 45733450.00
5 3 4309172.00
5 4 1094567.00
5 5 15350815.00
5 6 3315394.00
5 7 3791862.00
5 8 5438133.00
5 9 1675300.00
5 10 2729431.00
5 11 9532537.00
6 0 73048.00
6 1 1021621.00
6 2 16001095.00
6 3 3526984.00
6 4 987988.00
6 5 3018119.00
6 6 2917721.00
6 7 3000905.00
6 8 6273347.00
6 9 168985.00
6 10 927379.00
6 11 4246844.00
7 0 35691.00
7 1 7406780.00
7 2 84035011.00
7 3 1798511.00
7 4 1909499.00
7 5 16211561.00
7 6 4100255.00
7 7 9733554.00
7 8 32580794.00
7 9 9340344.00
7 10 6232928.00
7 11 30203122.00
8 0 891559.00
8 1 14459616.00
8 2 24190933.00
8 3 13497534.00
8 4 3474700.00
8 5 15415832.00
8 6 7364990.00
8 7 17782388.00
8 8 70788074.00
8 9 2765274.00
8 10 9447375.00
8 11 25225683.00
9 0 0.00
9 1 168485.00
9 2 2235987.00
9 3 2573016.00
9 4 52666.00
9 5 865717.00
9 6 183249.00
9 7 9001753.00
9 8 351368.00
9 9 5088725.00
9 10 20742708.00
9 11 197683.00
10 0 0.00
10 1 2663971.00
10 2 17832493.00
10 3 543045.00
10 4 2336567.00
10 5 2655471.00
10 6 1202508.00
10 7 8347283.00
10 8 5981093.00
10 9 1442998.00
10 10 2067866.00
10 11 5053051.00
11 0 88732.00
11 1 41730053.00
11 2 28751845.00
11 3 26895652.00
11 4 7423415.00
11 5 20561976.00
11 6 3064443.00
11 7 31300144.00
11 8 71524107.00
11 9 1797149.00
11 10 16165008.00
11 11 139538240.00
