144
0 0 0.00
0 1 756839.00
0 2 386852.00
0 3 38134.00
0 4 20000.00
0 5 165054.00
0 6 36540.00
0 7 0.00
0 8 242758.00
0 9 0.00
0 10 19671.00
0 11 1814866.00
1 0 49211.00
1 1 20621441.00
1 2 4169169.00
1 3 1934317.00
1 4 595153.00
1 5 7167971.00
1 6 1980642.00
1 7 3197887.50
1 8 3065673.00
1 9 724530.50
1 10 1372658.00
1 11 30167110.00
2 0 523058.00
2 1 10349278.00
2 2 45827861.00
2 3 5715284.00
2 4 3708294.00
2 5 15260517.00
2 6 7305891.00
2 7 12348352.00
2 8 6711975.00
2 9 936178.00
2 10 4892562.00
2 11 9404463.00
3 0 94513.00
3 1 4557496.00
3 2 28367850.00
3 3 5753998.00
3 4 6857822.00
3 5 9421532.00
3 6 8973162.00
3 7 2802109.00
3 8 8366569.00
3 9 3108888.00
3 10 2516170.00
3 11 21425653.00
4 0 390190.00
4 1 2285050.00
4 2 11964481.00
4 3 1153340.00
4 4 2581851.00
4 5 2297918.00
4 6 337226.00
4 7 36464169.00
4 8 2406011.00
4 9 151619.00
4 10 833976.00
4 11 3910289.00
5 0 118679.00
5 1 10777486.00
5 2 54567384.00
5 3 6168889.00
5 4 1205078.00
5 5 9041937.00
5 6 8121745.00
5 7 4278514.00
5 8 6195124.00
5 9 1189158.00
5 10 2963572.00
5 11 10406823.00
6 0 137653.00
6 1 1090365.00
6 2 15262120.00
6 3 3627647.00
6 4 1122213.00
6 5 8749727.00
6 6 4595692.00
6 7 2687930.00
6 8 7999696.00
6 9 266615.00
6 10 969354.00
6 11 4365156.00
7 0 12218.00
7 1 9320111.00
7 2 79299926.00
7 3 1588767.00
7 4 4328416.00
7 5 16910328.00
7 6 4305788.00
7 7 9397972.00
7 8 33493576.00
7 9 9098941.00
7 10 7340838.00
7 11 29930047.00
8 0 852677.00
8 1 14364425.00
8 2 24472417.00
8 3 13646754.00
8 4 3704395.00
8 5 20012075.00
8 6 7683120.00
8 7 18552503.00
8 8 73522642.00
8 9 3245527.00
8 10 9044025.00
8 11 24392508.00
9 0 0.00
9 1 282477.00
9 2 2175604.00
9 3 4653692.00
9 4 78368.00
9 5 4491168.00
9 6 167598.00
9 7 8389215.00
9 8 400866.00
9 9 5654784.00
9 10 20807526.00
9 11 155067.00
10 0 10000.00
10 1 2482928.00
10 2 18196208.00
10 3 563872.00
10 4 2456883.00
10 5 2943635.00
10 6 1175575.00
10 7 7745445.00
10 8 4567717.00
10 9 1469820.00
10 10 1517677.00
10 11 4166392.00
11 0 443593.00
11 1 53699212.00
11 2 31941122.00
11 3 21914129.00
11 4 11401377.00
11 5 26169356.00
11 6 3449042.00
11 7 31384528.00
11 8 62845044.00
11 9 1208683.00
11 10 14927669.00
11 11 136614990.00
