132
0 1 31130.00
0 2 258528.00
0 3 10000.00
0 4 443030.00
0 5 189704.00
0 6 31133.00
0 7 0.00
0 8 440743.00
0 9 0.00
0 10 130102.00
0 11 697469.00
1 0 0.00
1 2 4176400.00
1 3 2686911.00
1 4 554933.00
1 5 2869500.00
1 6 1268842.00
1 7 6391694.00
1 8 2856819.00
1 9 319912.00
1 10 2060369.00
1 11 23623418.00
2 0 77587.00
2 1 3446521.00
2 3 2185228.00
2 4 2234044.00
2 5 4282053.00
2 6 2851209.00
2 7 9629140.00
2 8 869494.00
2 9 694906.00
2 10 1937726.00
2 11 3064017.00
3 0 257120.00
3 1 3506793.00
3 2 23867400.00
3 4 4383896.00
3 5 9398796.00
3 6 2922316.00
3 7 1734210.00
3 8 13177122.00
3 9 4075937.00
3 10 1866969.00
3 11 18179129.00
4 0 1296868.00
4 1 1021223.00
4 2 9790990.00
4 3 852993.00
4 5 3186198.00
4 6 901333.00
4 7 1808409.00
4 8 3540168.00
4 9 541721.00
4 10 816100.00
4 11 984367.00
5 0 66962.00
5 1 2353861.00
5 2 42757044.00
5 3 6719315.00
5 4 1616801.00
5 6 2945513.00
5 7 7486898.00
5 8 9067145.00
5 9 1653085.00
5 10 5062537.00
5 11 6173807.00
6 0 70732.00
6 1 1773142.00
6 2 16053668.00
6 3 4700504.00
6 4 710150.00
6 5 4091665.00
6 7 3286912.00
6 8 3203431.00
6 9 906754.00
6 10 1087905.00
6 11 1914343.00
7 0 199356.00
7 1 2821810.00
7 2 53109458.00
7 3 1907146.00
7 4 4239579.00
7 5 7585765.00
7 6 2356172.00
7 8 12877441.00
7 9 2305935.00
7 10 10700480.00
7 11 16454276.00
8 0 493369.00
8 1 8122075.00
8 2 26345966.00
8 3 11138718.00
8 4 4045352.00
8 5 10286929.00
8 6 5426934.00
8 7 21373547.00
8 9 2554604.00
8 10 11176606.00
8 11 13481646.00
9 0 0.00
9 1 56011.00
9 2 2219548.00
9 3 1325548.00
9 4 57849.00
9 5 264291.00
9 6 256419.00
9 7 10511934.00
9 8 550578.00
9 10 23009711.00
9 11 90552.00
10 0 14460.00
10 1 2319561.00
10 2 29787117.00
10 3 1902198.00
10 4 1101594.00
10 5 3494371.00
10 6 1507820.00
10 7 10920762.00
10 8 7327795.00
10 9 3024915.00
10 11 2024751.00
11 0 7558759.00
11 1 60689910.00
11 2 25106794.00
11 3 14905209.00
11 4 4834989.00
11 5 7151996.00
11 6 5738948.00
11 7 28077433.00
11 8 42375596.00
11 9 426013.00
11 10 7883691.00
