144
0 0 0.00
0 1 25515.00
0 2 392577.00
0 3 55284.00
0 4 34964.00
0 5 10000.00
0 6 37167.00
0 7 235185.00
0 8 266058.00
0 9 54140.00
0 10 0.00
0 11 541880.00
1 0 59185.00
1 1 6493430.00
1 2 3259709.00
1 3 1816862.00
1 4 982090.00
1 5 6126428.00
1 6 888059.00
1 7 5722570.00
1 8 5235211.00
1 9 75970.00
1 10 1073112.00
1 11 11045294.00
2 0 665343.00
2 1 3030696.00
2 2 15845900.00
2 3 11507360.00
2 4 11021309.00
2 5 14590405.00
2 6 4394432.00
2 7 16041929.00
2 8 6825146.00
2 9 1396978.00
2 10 8186760.00
2 11 10418640.00
3 0 183906.00
3 1 2443769.00
3 2 21722450.00
3 3 7466864.00
3 4 9661121.00
3 5 9014347.00
3 6 7199531.00
3 7 9359814.00
3 8 7490884.00
3 9 7185401.00
3 10 4387875.00
3 11 23016406.00
4 0 785447.00
4 1 591099.00
4 2 4170998.00
4 3 1878690.00
4 4 6844511.00
4 5 1591708.00
4 6 374858.00
4 7 2219585.00
4 8 1544480.00
4 9 199260.00
4 10 715163.00
4 11 1078197.00
5 0 0.00
5 1 4183448.00
5 2 19089516.00
5 3 6033005.00
5 4 2526654.00
5 5 8845566.00
5 6 3966906.00
5 7 7640955.00
5 8 6177329.00
5 9 2865759.00
5 10 3341596.00
5 11 5861623.00
6 0 1170188.00
6 1 891677.00
6 2 7631310.00
6 3 3158066.00
6 4 643174.00
6 5 4023899.00
6 6 4059953.00
6 7 3300359.00
6 8 2973724.00
6 9 269722.00
6 10 1402729.00
6 11 2859071.00
7 0 10000.00
7 1 13342666.00
7 2 51765424.00
7 3 3748642.00
7 4 3697845.00
7 5 12996614.00
7 6 4985644.00
7 7 7901268.00
7 8 21521770.00
7 9 3905711.00
7 10 8082744.00
7 11 32904717.00
8 0 934177.00
8 1 11433307.00
8 2 13057457.00
8 3 8806795.00
8 4 6542482.00
8 5 13652598.00
8 6 9041828.00
8 7 28531026.00
8 8 51123348.00
8 9 2428987.00
8 10 10443411.00
8 11 45414750.00
9 0 0.00
9 1 113720.00
9 2 849807.00
9 3 3473555.00
9 4 32814.00
9 5 489124.00
9 6 347667.00
9 7 12231030.00
9 8 4029576.00
9 9 4982779.00
9 10 21206284.00
9 11 196144.00
10 0 137861.00
10 1 3678444.00
10 2 17175197.00
10 3 1009480.00
10 4 1682460.00
10 5 2382855.00
10 6 1896902.00
10 7 11302757.00
10 8 3901054.00
10 9 1819972.00
10 10 2265510.00
10 11 1774983.00
11 0 1856402.00
11 1 36164090.00
11 2 21947984.00
11 3 17716050.00
11 4 4012704.00
11 5 10735408.00
11 6 3365463.00
11 7 45551495.00
11 8 51897152.00
11 9 3326323.00
11 10 12692089.00
11 11 88451864.00
