132
0 1 0.00
0 2 130692.00
0 3 0.00
0 4 31971.00
0 5 457368.00
0 6 18258.00
0 7 509430.00
0 8 493060.00
0 9 0.00
0 10 21128.00
0 11 55568.00
1 0 10000.00
1 2 3800363.00
1 3 1402136.00
1 4 551241.00
1 5 10996457.00
1 6 1255970.00
1 7 13993364.00
1 8 6763335.00
1 9 147606.50
1 10 2206591.00
1 11 15506892.00
2 0 280893.00
2 1 6759303.00
2 3 13819242.00
2 4 7053241.00
2 5 19186057.00
2 6 3749254.00
2 7 22581788.00
2 8 7531439.00
2 9 1225696.00
2 10 4162693.00
2 11 15137894.00
3 0 50940.00
3 1 2437336.00
3 2 18983279.00
3 4 9262623.00
3 5 14663031.00
3 6 8962051.00
3 7 3987994.00
3 8 5588372.00
3 9 3841029.00
3 10 3210588.00
3 11 25438854.00
4 0 608788.00
4 1 491132.00
4 2 7266441.00
4 3 990874.00
4 5 1569368.00
4 6 771036.00
4 7 2939914.00
4 8 1130253.00
4 9 797603.00
4 10 499020.00
4 11 1296281.00
5 0 35305.00
5 1 3742654.00
5 2 21159510.00
5 3 7743523.00
5 4 1063709.00
5 6 4688957.00
5 7 8428368.00
5 8 6676342.00
5 9 2598764.00
5 10 2539428.00
5 11 2717846.00
6 0 744879.00
6 1 786961.00
6 2 6460419.00
6 3 3245958.00
6 4 585273.00
6 5 4066298.00
6 7 4987907.00
6 8 2828946.00
6 9 347933.00
6 10 1534008.00
6 11 2907654.00
7 0 72632.00
7 1 7724671.00
7 2 47590918.00
7 3 4886846.00
7 4 3005932.00
7 5 11916616.00
7 6 5857168.00
7 8 21477741.00
7 9 10055957.00
7 10 7186826.00
7 11 24543735.00
8 0 956363.00
8 1 12418979.00
8 2 13063582.00
8 3 9630956.00
8 4 5897212.00
8 5 11381812.00
8 6 5615737.00
8 7 28268937.00
8 9 2800350.00
8 10 10521478.00
8 11 50322366.00
9 0 0.00
9 1 61131.00
9 2 799812.00
9 3 1022939.00
9 4 336563.00
9 5 921082.00
9 6 286983.00
9 7 11963331.00
9 8 586706.00
9 10 20200973.00
9 11 444052.00
10 0 157552.00
10 1 2123170.00
10 2 9608674.00
10 3 581886.00
10 4 863313.00
10 5 3022978.00
10 6 2435667.00
10 7 11463367.00
10 8 4078618.00
10 9 2828892.00
10 11 2140405.00
11 0 51379.00
11 1 47847787.00
11 2 19108630.00
11 3 22138413.00
11 4 6185719.00
11 5 17586564.00
11 6 3898201.00
11 7 46498493.00
11 8 50058865.00
11 9 1270123.00
11 10 15231790.00
