144
0 0 0.00
0 1 32959.00
0 2 460019.00
0 3 10000.00
0 4 54991.00
0 5 70766.00
0 6 85577.00
0 7 653077.00
0 8 362332.00
0 9 0.00
0 10 30000.00
0 11 280313.00
1 0 304317.00
1 1 7560797.00
1 2 2540812.00
1 3 1359504.00
1 4 373352.00
1 5 7101370.00
1 6 675634.00
1 7 5866083.00
1 8 6414184.00
1 9 384080.00
1 10 1506481.00
1 11 25246513.00
2 0 407067.00
2 1 4723387.00
2 2 26091239.00
2 3 15843429.00
2 4 19141591.00
2 5 17417395.00
2 6 3310146.00
2 7 16006682.00
2 8 6719202.00
2 9 907324.00
2 10 3380545.00
2 11 7824298.00
3 0 65516.00
3 1 2460644.00
3 2 18302778.00
3 3 7876642.00
3 4 10804206.00
3 5 10863281.00
3 6 9494405.00
3 7 5217100.00
3 8 11190249.00
3 9 4746669.00
3 10 5491791.00
3 11 27112817.00
4 0 1226662.00
4 1 794713.00
4 2 5328031.00
4 3 1292457.00
4 4 9667079.00
4 5 1437784.00
4 6 1582571.00
4 7 35332579.00
4 8 1405117.00
4 9 408017.00
4 10 851306.00
4 11 1327956.00
5 0 10000.00
5 1 4935438.00
5 2 18706873.00
5 3 13727320.00
5 4 1688931.00
5 5 6998028.00
5 6 4870647.00
5 7 5793616.00
5 8 2858063.00
5 9 2352704.00
5 10 3011003.00
5 11 3093485.00
6 0 1242508.00
6 1 1171305.00
6 2 7677893.00
6 3 4387793.00
6 4 396497.00
6 5 4010667.00
6 6 3940303.00
6 7 4145829.00
6 8 2192347.00
6 9 150977.00
6 10 1103005.00
6 11 2914837.00
7 0 12929.00
7 1 6730748.00
7 2 52006925.00
7 3 3971717.00
7 4 3265962.00
7 5 12359517.00
7 6 4489253.00
7 7 6673430.00
7 8 17288748.00
7 9 4396335.00
7 10 7420388.00
7 11 29114365.00
8 0 805940.00
8 1 11309530.00
8 2 12787101.00
8 3 10294003.00
8 4 5212115.00
8 5 14904467.00
8 6 4344970.00
8 7 26317027.00
8 8 37899736.00
8 9 2050246.00
8 10 9026038.00
8 11 18417573.00
9 0 0.00
9 1 92130.00
9 2 776470.00
9 3 1310848.00
9 4 123122.00
9 5 353408.00
9 6 107422.00
9 7 22987884.00
9 8 473202.00
9 9 4854310.00
9 10 20765813.00
9 11 170843.00
10 0 189525.00
10 1 2437180.00
10 2 9782760.00
10 3 873016.00
10 4 780674.00
10 5 2202254.00
10 6 1953329.00
10 7 9337508.00
10 8 4970153.00
10 9 1824390.00
10 10 2562014.00
10 11 2240576.00
11 0 62492.00
11 1 42644089.00
11 2 21327051.00
11 3 22113441.00
11 4 4018944.00
11 5 9499199.00
11 6 5995367.00
11 7 43474085.00
11 8 49775391.00
11 9 951788.00
11 10 14640359.00
11 11 103087470.00
