132
0 1 40000.00
0 2 134850.00
0 3 109357.00
0 4 528668.00
0 5 177916.00
0 6 96496.00
0 7 310004.00
0 8 344482.00
0 9 12696.00
0 10 19041.00
0 11 242316.00
1 0 47986.00
1 2 9290913.00
1 3 2618054.00
1 4 1533620.00
1 5 6536147.00
1 6 1069508.00
1 7 7171284.50
1 8 4426247.00
1 9 337124.50
1 10 1656752.00
1 11 14378595.00
2 0 388840.00
2 1 8599155.00
2 3 4111101.00
2 4 4189188.00
2 5 9984935.00
2 6 5704935.00
2 7 10227281.00
2 8 1195711.00
2 9 1747004.00
2 10 2482416.00
2 11 2622662.00
3 0 34149.00
3 1 3495649.00
3 2 24216601.00
3 4 6989740.00
3 5 10531469.00
3 6 7694296.00
3 7 2579384.00
3 8 8090330.00
3 9 2913637.00
3 10 5968882.00
3 11 19129014.00
4 0 571435.00
4 1 981926.00
4 2 9621769.00
4 3 1799566.00
4 5 3005623.00
4 6 1552656.00
4 7 2083535.00
4 8 2196475.00
4 9 1056840.00
4 10 890951.00
4 11 1900638.00
5 0 143871.00
5 1 4941936.00
5 2 35593092.00
5 3 8593202.00
5 4 4104457.00
5 6 5825561.00
5 7 23529193.00
5 8 17597571.00
5 9 1571248.00
5 10 6179207.00
5 11 9402177.00
6 0 25211.00
6 1 2210512.00
6 2 11454185.00
6 3 4862468.00
6 4 2646980.00
6 5 5129233.00
6 7 3099206.00
6 8 2973846.00
6 9 637347.00
6 10 1483799.00
6 11 3047785.00
7 0 113911.00
7 1 5406240.00
7 2 227238250.00
7 3 3481760.00
7 4 3200718.00
7 5 10956259.00
7 6 3999837.00
7 8 13501452.00
7 9 2569358.00
7 10 8080616.00
7 11 14746110.00
8 0 257213.00
8 1 10393188.00
8 2 33859829.00
8 3 11708804.00
8 4 11670829.00
8 5 17307646.00
8 6 6871179.00
8 7 25265690.00
8 9 5520654.00
8 10 12940082.00
8 11 28539776.00
9 0 0.00
9 1 340660.00
9 2 2046627.00
9 3 5287011.00
9 4 120514.00
9 5 559207.00
9 6 498157.00
9 7 14151220.00
9 8 969436.00
9 10 25434027.00
9 11 216529.00
10 0 141809.00
10 1 2548636.00
10 2 27515171.00
10 3 4878741.00
10 4 2019701.00
10 5 8342184.00
10 6 2568610.00
10 7 11829290.00
10 8 8573305.00
10 9 2720805.00
10 11 4830562.00
11 0 20000.00
11 1 26549610.00
11 2 38584423.00
11 3 23036580.00
11 4 3999869.00
11 5 9278807.00
11 6 10347817.00
11 7 27502024.00
11 8 58482467.00
11 9 525410.00
11 10 11276672.00
