132
0 1 10000.00
0 2 91746.00
0 3 0.00
0 4 12633.00
0 5 30000.00
0 6 10000.00
0 7 149723.00
0 8 50490.00
0 9 0.00
0 10 0.00
0 11 415244.00
1 0 10000.00
1 2 3110035.00
1 3 2365372.00
1 4 307515.00
1 5 5014347.00
1 6 855083.00
1 7 5413650.00
1 8 3140901.00
1 9 685034.00
1 10 1728804.00
1 11 42002656.00
2 0 296196.00
2 1 5533758.00
2 3 7348130.00
2 4 6188328.00
2 5 11192095.00
2 6 5901783.00
2 7 13231146.00
2 8 6488304.00
2 9 587776.00
2 10 2755759.00
2 11 6823734.00
3 0 78880.00
3 1 1522985.00
3 2 18619466.00
3 4 7625590.00
3 5 10903170.00
3 6 7637453.00
3 7 5289467.00
3 8 6321575.00
3 9 3547044.00
3 10 3073279.00
3 11 17044228.00
4 0 655056.00
4 1 319974.00
4 2 9850163.00
4 3 586837.00
4 5 593576.00
4 6 293595.00
4 7 4963111.00
4 8 1821815.00
4 9 43147.00
4 10 649736.00
4 11 1023969.00
5 0 561584.00
5 1 4836776.00
5 2 27094925.00
5 3 9367196.00
5 4 1580993.00
5 6 4904798.00
5 7 7700426.00
5 8 4122908.00
5 9 2580020.00
5 10 3756361.00
5 11 6680993.00
6 0 10000.00
6 1 2025183.00
6 2 8252503.00
6 3 2389359.00
6 4 665312.00
6 5 6227254.00
6 7 2664991.00
6 8 2323551.00
6 9 298438.00
6 10 1595017.00
6 11 1991552.00
7 0 42200.00
7 1 11399095.00
7 2 61191704.00
7 3 5168557.00
7 4 1799754.00
7 5 11430648.00
7 6 2668186.00
7 8 18072020.00
7 9 3876876.00
7 10 6510770.00
7 11 28724081.00
8 0 639191.00
8 1 9802111.00
8 2 12282809.00
8 3 9646275.00
8 4 3566927.00
8 5 10767597.00
8 6 3986038.00
8 7 26041580.00
8 9 2442884.00
8 10 6968840.00
8 11 31377258.00
9 0 0.00
9 1 69728.00
9 2 1148898.00
9 3 1594786.00
9 4 41188.00
9 5 452388.00
9 6 174228.00
9 7 10841454.00
9 8 320438.00
9 10 18346857.00
9 11 123115.00
10 0 11754.00
10 1 1886854.00
10 2 11219860.00
10 3 512322.00
10 4 781770.00
10 5 1692353.00
10 6 2986496.00
10 7 7557913.00
10 8 3700519.00
10 9 2105067.00
10 11 3130477.00
11 0 63712.00
11 1 41955470.00
11 2 14942171.00
11 3 23630023.00
11 4 2229673.00
11 5 13658753.00
11 6 4540070.00
11 7 37801791.00
11 8 38672419.00
11 9 671670.00
11 10 14822671.00
