132
0 1 32660.00
0 2 852806.00
0 3 25663.00
0 4 40799.00
0 5 10000.00
0 6 10000.00
0 7 228559.00
0 8 88370.00
0 9 0.00
0 10 43327.00
0 11 1243477.00
1 0 10000.00
1 2 2897144.00
1 3 1617309.00
1 4 173270.00
1 5 7396339.00
1 6 1403992.00
1 7 13180796.00
1 8 4146379.00
1 9 571720.00
1 10 1087656.00
1 11 19612549.00
2 0 774720.00
2 1 7265357.00
2 3 10843844.00
2 4 2177191.00
2 5 15178940.00
2 6 11903258.00
2 7 11459002.00
2 8 5442363.00
2 9 2913035.00
2 10 5365114.00
2 11 13908827.00
3 0 82179.00
3 1 2790555.00
3 2 18486535.00
3 4 8944126.00
3 5 8718976.00
3 6 7004034.00
3 7 3128290.00
3 8 6792694.00
3 9 4437015.00
3 10 3198809.00
3 11 21527707.00
4 0 611670.00
4 1 168201.00
4 2 4021555.00
4 3 719364.00
4 5 1501816.00
4 6 981797.00
4 7 2474478.00
4 8 1379633.00
4 9 276845.00
4 10 410625.00
4 11 1383940.00
5 0 510024.00
5 1 5491205.00
5 2 22723525.00
5 3 10753081.00
5 4 3537828.00
5 6 8133459.00
5 7 7177925.00
5 8 8131030.00
5 9 1861991.00
5 10 3733492.00
5 11 16358925.00
6 0 10000.00
6 1 887460.00
6 2 6737124.00
6 3 2606726.00
6 4 856754.00
6 5 1881373.00
6 7 2775187.00
6 8 2368346.00
6 9 410246.00
6 10 1052465.00
6 11 2491785.00
7 0 37384.00
7 1 16701938.00
7 2 62142572.00
7 3 5095492.00
7 4 2660935.00
7 5 15711535.00
7 6 4110411.00
7 8 20205421.00
7 9 2819058.00
7 10 6838168.00
7 11 30912958.00
8 0 880540.00
8 1 11927986.00
8 2 12464079.00
8 3 9373186.00
8 4 5286127.00
8 5 12516234.00
8 6 6829409.00
8 7 29418559.00
8 9 2742051.00
8 10 9563799.00
8 11 38398624.00
9 0 0.00
9 1 529495.00
9 2 1898882.00
9 3 3382789.00
9 4 117034.00
9 5 447393.00
9 6 106948.00
9 7 11929271.00
9 8 1813033.00
9 10 20795897.00
9 11 180559.00
10 0 0.00
10 1 2015879.00
10 2 10256526.00
10 3 714899.00
10 4 831691.00
10 5 2600167.00
10 6 1857849.00
10 7 6193735.00
10 8 4065461.00
10 9 1055668.00
10 11 1851195.00
11 0 267700.00
11 1 27849154.00
11 2 15458805.00
11 3 20997801.00
11 4 2990345.00
11 5 21169328.00
11 6 4685543.00
11 7 49857930.00
11 8 55048989.00
11 9 1239420.00
11 10 12248833.00
