144
0 0 466016.00
0 1 57408.00
0 2 521465.00
0 3 10500.00
0 4 20000.00
0 5 85952.00
0 6 148069.00
0 7 58128.00
0 8 189866.00
0 9 0.00
0 10 31832.00
0 11 533846.00
1 0 20000.00
1 1 12094017.00
1 2 5141076.00
1 3 1249182.00
1 4 4922311.00
1 5 5496663.00
1 6 1720130.00
1 7 3520751.50
1 8 21986013.00
1 9 324186.50
1 10 1403380.00
1 11 29754722.00
2 0 312949.00
2 1 5491495.00
2 2 30746262.00
2 3 2229462.00
2 4 1722279.00
2 5 7651697.00
2 6 4107640.00
2 7 6377500.00
2 8 1649339.00
2 9 314140.00
2 10 2015110.00
2 11 2477695.00
3 0 36989.00
3 1 2544953.00
3 2 27158563.00
3 3 4289876.00
3 4 7551061.00
3 5 9572465.00
3 6 5681519.00
3 7 2587464.00
3 8 7829334.00
3 9 3996870.00
3 10 2396596.00
3 11 21459584.00
4 0 164580.00
4 1 1474738.00
4 2 12434239.00
4 3 959950.00
4 4 3965623.00
4 5 1677432.00
4 6 800026.00
4 7 1504833.00
4 8 4716455.00
4 9 159590.00
4 10 934192.00
4 11 2220981.00
5 0 66508.00
5 1 7215875.00
5 2 41896875.00
5 3 2174585.00
5 4 3272726.00
5 5 7854463.00
5 6 4744143.00
5 7 33207758.00
5 8 10428740.00
5 9 484803.00
5 10 3480236.00
5 11 6802187.00
6 0 183080.00
6 1 1893679.00
6 2 14099115.00
6 3 3956091.00
6 4 823463.00
6 5 4598768.00
6 6 3128105.00
6 7 1250369.00
6 8 5287867.00
6 9 348893.00
6 10 957069.00
6 11 3033225.00
7 0 283832.00
7 1 8995884.00
7 2 56378679.00
7 3 1991262.00
7 4 2523880.00
7 5 7213726.00
7 6 1860749.00
7 7 2317955.00
7 8 22635766.00
7 9 2277431.00
7 10 7445932.00
7 11 21022446.00
8 0 599927.00
8 1 12394542.00
8 2 32725740.00
8 3 9949065.00
8 4 7426949.00
8 5 17852414.00
8 6 7773760.00
8 7 19627276.00
8 8 66076906.00
8 9 2238117.00
8 10 11001425.00
8 11 25481065.00
9 0 0.00
9 1 106070.00
9 2 3114190.00
9 3 606739.00
9 4 112368.00
9 5 739081.00
9 6 429288.00
9 7 12121511.00
9 8 750155.00
9 9 7825874.00
9 10 20572825.00
9 11 208056.00
10 0 114207.00
10 1 3820056.00
10 2 28559890.00
10 3 2085820.00
10 4 1832342.00
10 5 5548250.00
10 6 1968283.00
10 7 7095011.00
10 8 7144127.00
10 9 2349578.00
10 10 1038546.00
10 11 5643143.00
11 0 62746.00
11 1 49627072.00
11 2 33838642.00
11 3 18235156.00
11 4 3836614.00
11 5 9030509.00
11 6 8373758.00
11 7 22622050.00
11 8 49785600.00
11 9 701483.00
11 10 8949478.00
11 11 142548070.00
