144
0 0 0.00
0 1 13365.00
0 2 212004.00
0 3 0.00
0 4 142345.00
0 5 20000.00
0 6 34220.00
0 7 0.00
0 8 34919.00
0 9 0.00
0 10 0.00
0 11 398507.00
1 0 0.00
1 1 24480210.00
1 2 7172213.00
1 3 74335.00
1 4 10884623.00
1 5 5658548.00
1 6 760784.00
1 7 15000.00
1 8 3273188.00
1 9 15000.00
1 10 93294.00
1 11 13888817.00
2 0 0.00
2 1 6179540.00
2 2 20228561.00
2 3 10934277.00
2 4 41105603.00
2 5 15980780.00
2 6 7798792.00
2 7 116505.00
2 8 7953707.00
2 9 10256.00
2 10 205893.00
2 11 18635743.00
3 0 0.00
3 1 1861314.00
3 2 23490061.00
3 3 5187477.00
3 4 22080458.00
3 5 10175105.00
3 6 7705205.00
3 7 10000.00
3 8 7827907.00
3 9 4325934.00
3 10 20000.00
3 11 16963238.00
4 0 0.00
4 1 9320612.00
4 2 917052.00
4 3 11110.00
4 4 87597792.00
4 5 39104.00
4 6 22868.00
4 7 21360.00
4 8 1396223.00
4 9 10000.00
4 10 20000.00
4 11 23749443.00
5 0 0.00
5 1 5123299.00
5 2 20283017.00
5 3 5252002.00
5 4 25617359.00
5 5 10738137.00
5 6 1588732.00
5 7 88098.00
5 8 7843662.00
5 9 31861.00
5 10 204792.00
5 11 7114693.00
6 0 0.00
6 1 1300518.00
6 2 9699578.00
6 3 4243793.00
6 4 6081648.00
6 5 3722659.00
6 6 4391906.00
6 7 10000.00
6 8 4280123.00
6 9 30000.00
6 10 27490.00
6 11 3903101.00
7 0 0.00
7 1 8544991.00
7 2 4328912.00
7 3 5909273.00
7 4 64586882.00
7 5 676423.00
7 6 310621.00
7 7 4934638.00
7 8 21402753.00
7 9 6164416.00
7 10 5005844.00
7 11 22772421.00
8 0 0.00
8 1 11072610.00
8 2 13559633.00
8 3 12124957.00
8 4 48764009.00
8 5 15018817.00
8 6 5411174.00
8 7 479410.00
8 8 47267597.00
8 9 76237.00
8 10 1617883.00
8 11 46153176.00
9 0 0.00
9 1 769358.00
9 2 121012.00
9 3 3848530.00
9 4 2032069.00
9 5 10000.00
9 6 87183.00
9 7 12818326.00
9 8 804005.00
9 9 4766294.00
9 10 19231622.00
9 11 258147.00
10 0 0.00
10 1 3200420.00
10 2 711599.00
10 3 1490795.00
10 4 24861608.00
10 5 268065.00
10 6 1060879.00
10 7 8041605.00
10 8 5392466.00
10 9 1545901.00
10 10 1809423.00
10 11 2630198.00
11 0 0.00
11 1 34068494.00
11 2 19408115.00
11 3 2213648.00
11 4 75142805.00
11 5 15248471.00
11 6 6885563.00
11 7 45073.00
11 8 59296699.00
11 9 33002.00
11 10 1229978.00
11 11 66060915.00
