144
0 0 0.00
0 1 2049904.00
0 2 120312.00
0 3 0.00
0 4 47369.00
0 5 396692.00
0 6 26322.00
0 7 0.00
0 8 114120.00
0 9 0.00
0 10 0.00
0 11 697397.00
1 0 0.00
1 1 10906745.00
1 2 4963602.00
1 3 10000.00
1 4 8270677.00
1 5 7871357.00
1 6 368021.00
1 7 16282.00
1 8 2685804.00
1 9 0.00
1 10 103755.00
1 11 17157362.00
2 0 0.00
2 1 9138913.00
2 2 27489857.00
2 3 10398369.00
2 4 22649835.00
2 5 19621012.00
2 6 7195844.00
2 7 332965.00
2 8 5247002.00
2 9 0.00
2 10 156109.00
2 11 12993802.00
3 0 0.00
3 1 2299348.00
3 2 20398312.00
3 3 5349035.00
3 4 14896662.00
3 5 10063092.00
3 6 6405806.00
3 7 782156.00
3 8 4672708.00
3 9 4047372.00
3 10 137134.00
3 11 20069409.00
4 0 0.00
4 1 13132102.00
4 2 422283.00
4 3 0.00
4 4 51389643.00
4 5 30000.00
4 6 0.00
4 7 0.00
4 8 2400558.00
4 9 10000.00
4 10 0.00
4 11 24746608.00
5 0 0.00
5 1 4679905.00
5 2 26566720.00
5 3 5900231.00
5 4 10603144.00
5 5 5908236.00
5 6 3331063.00
5 7 0.00
5 8 10065276.00
5 9 12006.00
5 10 585831.00
5 11 8179087.00
6 0 0.00
6 1 1191231.00
6 2 8841366.00
6 3 4032347.00
6 4 4490158.00
6 5 4988345.00
6 6 1319227.00
6 7 10000.00
6 8 1614912.00
6 9 40000.00
6 10 97091.00
6 11 4388984.00
7 0 0.00
7 1 5998996.00
7 2 5299102.00
7 3 4518860.00
7 4 79564762.00
7 5 422150.00
7 6 302000.00
7 7 9221570.00
7 8 24342179.00
7 9 4262552.00
7 10 5125600.00
7 11 23032762.00
8 0 0.00
8 1 8039957.00
8 2 7775187.00
8 3 9276093.00
8 4 38908643.00
8 5 16770128.00
8 6 3812581.00
8 7 69304.00
8 8 49918202.00
8 9 54216.00
8 10 824579.00
8 11 46234999.00
9 0 0.00
9 1 455482.00
9 2 20000.00
9 3 535992.00
9 4 1428148.00
9 5 20000.00
9 6 518886.00
9 7 12516131.00
9 8 347244.00
9 9 5208016.00
9 10 16917321.00
9 11 205920.00
10 0 0.00
10 1 3727881.00
10 2 567859.00
10 3 1374952.00
10 4 24169899.00
10 5 92266.00
10 6 1653044.00
10 7 7255464.00
10 8 1215664.00
10 9 1184926.00
10 10 1835463.00
10 11 2932718.00
11 0 0.00
11 1 39558551.00
11 2 17102887.00
11 3 1169479.00
11 4 71271899.00
11 5 20681499.00
11 6 6484444.00
11 7 20000.00
11 8 44544516.00
11 9 0.00
11 10 775736.00
11 11 81281295.00
