144
0 0 23568.00
0 1 20000.00
0 2 463056.00
0 3 0.00
0 4 329596.00
0 5 183858.00
0 6 10000.00
0 7 0.00
0 8 41670.00
0 9 10000.00
0 10 0.00
0 11 2198803.00
1 0 0.00
1 1 9944572.00
1 2 7178276.00
1 3 10000.00
1 4 20326216.00
1 5 9564685.00
1 6 623698.00
1 7 10000.00
1 8 5520212.00
1 9 10000.00
1 10 234969.00
1 11 18834524.00
2 0 0.00
2 1 11124480.00
2 2 31846703.00
2 3 6314540.00
2 4 31898776.00
2 5 36867597.00
2 6 16017772.00
2 7 237927.00
2 8 14026827.00
2 9 45073.00
2 10 231272.00
2 11 25179715.00
3 0 0.00
3 1 5929890.00
3 2 23166983.00
3 3 3945294.00
3 4 18664809.00
3 5 11724385.00
3 6 7729124.00
3 7 0.00
3 8 5289629.00
3 9 2670528.00
3 10 25860.00
3 11 21406640.00
4 0 0.00
4 1 9069480.00
4 2 679924.00
4 3 10000.00
4 4 67649048.00
4 5 66198.00
4 6 10000.00
4 7 0.00
4 8 4216372.00
4 9 20000.00
4 10 10000.00
4 11 30238807.00
5 0 0.00
5 1 6858711.00
5 2 33040327.00
5 3 5119079.00
5 4 18102528.00
5 5 6867656.00
5 6 3956044.00
5 7 10000.00
5 8 12177501.00
5 9 40628.00
5 10 483083.00
5 11 11330057.00
6 0 0.00
6 1 2805316.00
6 2 11143555.00
6 3 4702548.00
6 4 2709354.00
6 5 5079731.00
6 6 2868257.00
6 7 10000.00
6 8 3652262.00
6 9 10000.00
6 10 237820.00
6 11 5320662.00
7 0 0.00
7 1 8244077.00
7 2 5025662.00
7 3 5726043.00
7 4 105470950.00
7 5 321556.00
7 6 244717.00
7 7 5323686.00
7 8 23118872.00
7 9 6218476.00
7 10 6093008.00
7 11 29133894.00
8 0 0.00
8 1 17056274.00
8 2 10855427.00
8 3 11199830.00
8 4 37465911.00
8 5 23381535.00
8 6 6715475.00
8 7 158887.00
8 8 55071186.00
8 9 44749.00
8 10 1101036.00
8 11 43568191.00
9 0 0.00
9 1 623673.00
9 2 84723.00
9 3 4614287.00
9 4 2653795.00
9 5 10000.00
9 6 545768.00
9 7 14016823.00
9 8 752857.00
9 9 5627245.00
9 10 19550350.00
9 11 346990.00
10 0 0.00
10 1 2852810.00
10 2 1488709.00
10 3 1230047.00
10 4 21996194.00
10 5 84088.00
10 6 4791062.00
10 7 10512210.00
10 8 3284609.00
10 9 1250170.00
10 10 1343688.00
10 11 3326072.00
11 0 0.00
11 1 44076717.00
11 2 18768644.00
11 3 1802507.00
11 4 70621446.00
11 5 21395744.00
11 6 5074222.00
11 7 40000.00
11 8 51863537.00
11 9 51800.00
11 10 1148984.00
11 11 75308306.00
