144
0 0 36131.00
0 1 74141.00
0 2 622223.00
0 3 64458.00
0 4 125111.00
0 5 150645.00
0 6 88403.00
0 7 706105.00
0 8 601794.00
0 9 178757.00
0 10 14256.00
0 11 980433.00
1 0 199077.00
1 1 11061625.00
1 2 9996624.00
1 3 2313445.00
1 4 2089240.00
1 5 11751633.00
1 6 5256924.00
1 7 4924491.50
1 8 9192548.00
1 9 611518.50
1 10 2874125.00
1 11 28078878.00
2 0 595940.00
2 1 19832178.00
2 2 65887051.00
2 3 10487207.00
2 4 8855157.00
2 5 21920567.00
2 6 11475535.00
2 7 15639605.00
2 8 11104962.00
2 9 4610802.00
2 10 6629146.00
2 11 13156116.00
3 0 48717.00
3 1 3695330.00
3 2 25355766.00
3 3 6932697.00
3 4 7597791.00
3 5 12253906.00
3 6 12251449.00
3 7 6882445.00
3 8 9243021.00
3 9 5264968.00
3 10 3908493.00
3 11 24529733.00
4 0 681277.00
4 1 2532979.00
4 2 12968486.00
4 3 2012640.00
4 4 9766052.00
4 5 3188699.00
4 6 2111846.00
4 7 10770626.00
4 8 5746217.00
4 9 847906.00
4 10 1220850.00
4 11 6473619.00
5 0 184806.00
5 1 6934358.00
5 2 45393217.00
5 3 10834949.00
5 4 5726228.00
5 5 12801792.00
5 6 5300820.00
5 7 15447637.00
5 8 17838113.00
5 9 2422432.00
5 10 5326478.00
5 11 20894478.00
6 0 30950.00
6 1 6919566.00
6 2 17077553.00
6 3 6498071.00
6 4 1637750.00
6 5 14467405.00
6 6 3302826.00
6 7 1296325.00
6 8 5469713.00
6 9 826986.00
6 10 1713786.00
6 11 4726507.00
7 0 496078.00
7 1 11827667.00
7 2 61648827.00
7 3 8093797.00
7 4 4785748.00
7 5 17817113.00
7 6 4550051.00
7 7 3122753.00
7 8 31823539.00
7 9 3917992.00
7 10 11069989.00
7 11 25277638.00
8 0 1498553.00
8 1 18374091.00
8 2 42264766.00
8 3 16974426.00
8 4 11780263.00
8 5 23743750.00
8 6 13564609.00
8 7 27313207.00
8 8 86926712.00
8 9 4656468.00
8 10 17786331.00
8 11 46348418.00
9 0 20500.00
9 1 397989.00
9 2 1603991.00
9 3 5976897.00
9 4 2246937.00
9 5 939582.00
9 6 272788.00
9 7 15220389.00
9 8 2421372.00
9 9 8395109.00
9 10 24053263.00
9 11 471999.00
10 0 113954.00
10 1 5852611.00
10 2 27227308.00
10 3 3820103.00
10 4 3996065.00
10 5 8172217.00
10 6 3583159.00
10 7 11036986.00
10 8 8501626.00
10 9 5640961.00
10 10 1784882.00
10 11 8858555.00
11 0 1185333.00
11 1 51444047.00
11 2 66569574.00
11 3 35868123.00
11 4 10400092.00
11 5 27327036.00
11 6 15399459.00
11 7 31438754.00
11 8 84420632.00
11 9 5969947.00
11 10 16004347.00
11 11 129070430.00
