132
0 1 95470.00
0 2 244569.00
0 3 51604.00
0 4 142880.00
0 5 296197.00
0 6 88478.00
0 7 112513.00
0 8 434426.00
0 9 27478.00
0 10 20000.00
0 11 951462.00
1 0 422788.00
1 2 11593344.00
1 3 3234038.00
1 4 3502240.00
1 5 15620604.00
1 6 2001871.00
1 7 7331192.00
1 8 5709109.00
1 9 1250861.00
1 10 2796617.00
1 11 26348171.00
2 0 645233.00
2 1 17978283.00
2 3 9290801.00
2 4 8411245.00
2 5 26311862.00
2 6 6754517.00
2 7 17746080.00
2 8 18776315.00
2 9 4086324.00
2 10 8457300.00
2 11 19060597.00
3 0 123836.00
3 1 2434530.00
3 2 31776608.00
3 4 8035216.00
3 5 12552655.00
3 6 9104798.00
3 7 16680930.00
3 8 11135811.00
3 9 5944786.00
3 10 4094577.00
3 11 24050932.00
4 0 230575.00
4 1 2269557.00
4 2 9383551.00
4 3 7162419.00
4 5 5533945.00
4 6 2133586.00
4 7 6116766.00
4 8 3757611.00
4 9 1572100.00
4 10 2503626.00
4 11 5950193.00
5 0 176439.00
5 1 11346423.00
5 2 50421947.00
5 3 6140429.00
5 4 5055811.00
5 6 9465309.00
5 7 19488528.00
5 8 13816180.00
5 9 2271166.00
5 10 4990473.00
5 11 31113853.00
6 0 78612.00
6 1 7672196.00
6 2 11847996.00
6 3 3345225.00
6 4 2504246.00
6 5 6441245.00
6 7 3184387.00
6 8 4036062.00
6 9 1410592.00
6 10 1735358.00
6 11 7360985.00
7 0 524589.00
7 1 11695368.00
7 2 49187679.00
7 3 10227788.00
7 4 5394531.00
7 5 21898778.00
7 6 6475105.00
7 8 29316198.00
7 9 7154464.00
7 10 9497993.00
7 11 34638836.00
8 0 1069372.00
8 1 16923377.00
8 2 44755747.00
8 3 17686504.00
8 4 15428112.00
8 5 28089082.00
8 6 12121319.00
8 7 32461591.00
8 9 6185892.00
8 10 14855638.00
8 11 68454444.00
9 0 10000.00
9 1 165577.00
9 2 1917320.00
9 3 4921129.00
9 4 598137.00
9 5 1326072.00
9 6 265065.00
9 7 12488609.00
9 8 830236.00
9 10 21447097.00
9 11 782018.00
10 0 140188.00
10 1 5607345.00
10 2 21310354.00
10 3 3169255.00
10 4 4474059.00
10 5 8570223.00
10 6 4201478.00
10 7 11719512.00
10 8 7953911.00
10 9 5242252.00
10 11 13076451.00
11 0 226611.00
11 1 55902941.00
11 2 63532965.00
11 3 31965568.00
11 4 12305009.00
11 5 21007646.00
11 6 14652901.00
11 7 27038729.00
11 8 93258508.00
11 9 4929989.00
11 10 18952741.00
