144
0 0 20000.00
0 1 189261.00
0 2 208540.00
0 3 30000.00
0 4 112830.00
0 5 203978.00
0 6 165073.00
0 7 46022.00
0 8 412414.00
0 9 5000.00
0 10 42496.00
0 11 830661.00
1 0 704644.00
1 1 11226739.00
1 2 8412755.00
1 3 3512293.00
1 4 1844444.00
1 5 9481424.00
1 6 5037924.00
1 7 7696486.50
1 8 6402755.00
1 9 437969.50
1 10 2320958.00
1 11 20816701.00
2 0 305336.00
2 1 9275971.00
2 2 55012703.00
2 3 8698475.00
2 4 9979439.00
2 5 22055215.00
2 6 7357191.00
2 7 24619744.00
2 8 10309424.00
2 9 2913030.00
2 10 6688007.00
2 11 21235220.00
3 0 27432.00
3 1 2813022.00
3 2 26011014.00
3 3 6000274.00
3 4 8235427.00
3 5 11881749.00
3 6 9134417.00
3 7 9358136.00
3 8 9559979.00
3 9 7985788.00
3 10 7057543.00
3 11 22643994.00
4 0 1218581.00
4 1 2076542.00
4 2 14668051.00
4 3 3501591.00
4 4 7062951.00
4 5 10314235.00
4 6 2047509.00
4 7 23178262.00
4 8 9273080.00
4 9 541551.00
4 10 2115430.00
4 11 4244419.00
5 0 1266208.00
5 1 7570878.00
5 2 62654586.00
5 3 5914031.00
5 4 4666539.00
5 5 11374031.00
5 6 14031219.00
5 7 9354546.00
5 8 16273978.00
5 9 3001590.00
5 10 4972918.00
5 11 15072770.00
6 0 30191.00
6 1 7559086.00
6 2 11071156.00
6 3 3440354.00
6 4 1716075.00
6 5 8105546.00
6 6 3182573.00
6 7 4504711.00
6 8 4562396.00
6 9 635766.00
6 10 1683153.00
6 11 3024011.00
7 0 58505.00
7 1 6325420.00
7 2 48569455.00
7 3 6396108.00
7 4 6518825.00
7 5 16902150.00
7 6 9128017.00
7 7 3840914.00
7 8 21218311.00
7 9 5454846.00
7 10 14304484.00
7 11 23384858.00
8 0 887628.00
8 1 17552365.00
8 2 38022839.00
8 3 23040793.00
8 4 11263601.00
8 5 19590894.00
8 6 11096668.00
8 7 29456064.00
8 8 84001185.00
8 9 5682729.00
8 10 18785986.00
8 11 40456618.00
9 0 0.00
9 1 706953.00
9 2 1866436.00
9 3 4122617.00
9 4 921896.00
9 5 1110150.00
9 6 164386.00
9 7 22144499.00
9 8 938437.00
9 9 7172572.00
9 10 23800759.00
9 11 401372.00
10 0 468356.00
10 1 4120515.00
10 2 19163208.00
10 3 2783949.00
10 4 2504099.00
10 5 8361859.00
10 6 3212336.00
10 7 14746273.00
10 8 7687612.00
10 9 4551542.00
10 10 2776898.00
10 11 6444747.00
11 0 60711.00
11 1 45681049.00
11 2 56182139.00
11 3 21080014.00
11 4 16925730.00
11 5 13731620.00
11 6 12644092.00
11 7 30095184.00
11 8 60301175.00
11 9 4565017.00
11 10 18227783.00
11 11 79937971.00
