144
0 0 0.00
0 1 150122.00
0 2 283929.00
0 3 32000.00
0 4 44030.00
0 5 427934.00
0 6 88731.00
0 7 966597.00
0 8 133928.00
0 9 0.00
0 10 105109.00
0 11 764819.00
1 0 360950.00
1 1 7594636.00
1 2 7238040.00
1 3 2892015.00
1 4 1349242.00
1 5 8467241.00
1 6 2237262.00
1 7 6600789.50
1 8 6273756.00
1 9 1595042.50
1 10 1702522.00
1 11 18167058.00
2 0 343844.00
2 1 8228113.00
2 2 41461353.00
2 3 8748579.00
2 4 9932923.00
2 5 29256470.00
2 6 10056141.00
2 7 23232379.00
2 8 11841675.00
2 9 5866928.00
2 10 10056841.00
2 11 14209297.00
3 0 32856.00
3 1 5790188.00
3 2 25275297.00
3 3 6098856.00
3 4 6828832.00
3 5 11677753.00
3 6 9534568.00
3 7 6750687.00
3 8 9054731.00
3 9 6655833.00
3 10 6930824.00
3 11 20096486.00
4 0 552408.00
4 1 2279403.00
4 2 7115286.00
4 3 4382258.00
4 4 5082600.00
4 5 4421777.00
4 6 1799730.00
4 7 2232473.00
4 8 7843824.00
4 9 1291342.00
4 10 920194.00
4 11 4501110.00
5 0 200966.00
5 1 8418679.00
5 2 39028922.00
5 3 8441274.00
5 4 4413382.00
5 5 20161092.00
5 6 7280668.00
5 7 11740953.00
5 8 11595535.00
5 9 3147802.00
5 10 8415337.00
5 11 9435810.00
6 0 865861.00
6 1 7312608.00
6 2 10951075.00
6 3 5184905.00
6 4 2434317.00
6 5 6743133.00
6 6 5477966.00
6 7 3333442.00
6 8 3996068.00
6 9 524844.00
6 10 1930228.00
6 11 3145373.00
7 0 414812.00
7 1 4372564.00
7 2 39734013.00
7 3 5255293.00
7 4 5146692.00
7 5 15173948.00
7 6 6287255.00
7 7 5173389.00
7 8 22209793.00
7 9 6631517.00
7 10 16790657.00
7 11 20752890.00
8 0 742413.00
8 1 13718253.00
8 2 27310226.00
8 3 17670747.00
8 4 9517013.00
8 5 32538227.00
8 6 9203194.00
8 7 28266657.00
8 8 82028195.00
8 9 4392505.00
8 10 18449507.00
8 11 36388110.00
9 0 0.00
9 1 843980.00
9 2 1538672.00
9 3 1446050.00
9 4 123881.00
9 5 937024.00
9 6 290857.00
9 7 14277645.00
9 8 1331984.00
9 9 7453672.00
9 10 22291124.00
9 11 327010.00
10 0 484033.00
10 1 4506799.00
10 2 15507984.00
10 3 4361234.00
10 4 3259341.00
10 5 7254499.00
10 6 3740471.00
10 7 16475751.00
10 8 7688422.00
10 9 3917938.00
10 10 2277802.00
10 11 5515060.00
11 0 79980.00
11 1 39045357.00
11 2 32245909.00
11 3 21906452.00
11 4 9571658.00
11 5 20606789.00
11 6 12959269.00
11 7 35608071.00
11 8 70648427.00
11 9 7681613.00
11 10 18222340.00
11 11 75433362.00
