132
0 1 42669.00
0 2 496320.00
0 3 20000.00
0 4 58300.00
0 5 347652.00
0 6 144403.00
0 7 829686.00
0 8 283054.00
0 9 15000.00
0 10 68530.00
0 11 613953.00
1 0 363862.00
1 2 6834764.00
1 3 3108789.00
1 4 3065906.00
1 5 9473155.00
1 6 2153001.00
1 7 6559037.00
1 8 6252369.00
1 9 1540284.00
1 10 1840407.00
1 11 18317611.00
2 0 574673.00
2 1 7812948.00
2 3 9128123.00
2 4 9058823.00
2 5 29641757.00
2 6 9207796.00
2 7 20371707.00
2 8 9714483.00
2 9 5113495.00
2 10 7201124.00
2 11 11607014.00
3 0 257946.00
3 1 3897741.00
3 2 24811535.00
3 4 6299230.00
3 5 11664913.00
3 6 7904960.00
3 7 6266019.00
3 8 8220691.00
3 9 5558661.00
3 10 6111366.00
3 11 16036914.00
4 0 593959.00
4 1 2250868.00
4 2 7167022.00
4 3 3892635.00
4 5 5430316.00
4 6 1709705.00
4 7 2888079.00
4 8 7534642.00
4 9 1589879.00
4 10 2277045.00
4 11 4357149.00
5 0 179134.00
5 1 10433446.00
5 2 34963139.00
5 3 9636019.00
5 4 5988641.00
5 6 8593621.00
5 7 11439510.00
5 8 10819063.00
5 9 3152978.00
5 10 7432411.00
5 11 11795943.00
6 0 936285.00
6 1 7029642.00
6 2 11255133.00
6 3 5246036.00
6 4 2561886.00
6 5 6773892.00
6 7 2852563.00
6 8 3797230.00
6 9 371001.00
6 10 1630362.00
6 11 2560897.00
7 0 204749.00
7 1 4504829.00
7 2 43663206.00
7 3 6077457.00
7 4 4906031.00
7 5 14098903.00
7 6 5875476.00
7 8 23637093.00
7 9 5577520.00
7 10 15330225.00
7 11 31435786.00
8 0 728987.00
8 1 13283651.00
8 2 26084156.00
8 3 17135576.00
8 4 11226629.00
8 5 29822138.00
8 6 9867436.00
8 7 31123775.00
8 9 4903792.00
8 10 19010937.00
8 11 37943282.00
9 0 0.00
9 1 929496.00
9 2 1483691.00
9 3 2514423.00
9 4 221497.00
9 5 1436826.00
9 6 300471.00
9 7 13064181.00
9 8 1153032.00
9 10 22441498.00
9 11 238646.00
10 0 499889.00
10 1 4429205.00
10 2 16501314.00
10 3 3887869.00
10 4 2532107.00
10 5 6550283.00
10 6 3952364.00
10 7 17065573.00
10 8 8154131.00
10 9 3660685.00
10 11 5501125.00
11 0 131401.00
11 1 34212429.00
11 2 31808064.00
11 3 21630591.00
11 4 8994128.00
11 5 17774328.00
11 6 12607221.00
11 7 42069468.00
11 8 62196628.00
11 9 6421274.00
11 10 17324307.00
