144
0 0 200559.00
0 1 23412.00
0 2 292480.00
0 3 20654.00
0 4 138204.00
0 5 169438.00
0 6 92156.00
0 7 217623.00
0 8 331614.00
0 9 0.00
0 10 43169.00
0 11 71827.00
1 0 905408.00
1 1 7197369.00
1 2 9799756.00
1 3 2084250.00
1 4 1796697.00
1 5 5697155.00
1 6 1430030.00
1 7 7467322.50
1 8 4411885.00
1 9 322300.50
1 10 2412491.00
1 11 15996016.00
2 0 117053.00
2 1 5575183.00
2 2 18313084.00
2 3 4911139.00
2 4 1977758.00
2 5 6445041.00
2 6 4522202.00
2 7 9027029.00
2 8 697554.00
2 9 910802.00
2 10 2150996.00
2 11 3931262.00
3 0 132632.00
3 1 4084600.00
3 2 26765229.00
3 3 9000140.00
3 4 6771381.00
3 5 8873311.00
3 6 6613612.00
3 7 2485359.00
3 8 7621462.00
3 9 3330059.00
3 10 3732749.00
3 11 20352037.00
4 0 687947.00
4 1 989232.00
4 2 11766014.00
4 3 5571556.00
4 4 2084388.00
4 5 3933670.00
4 6 1189875.00
4 7 3332440.00
4 8 5075975.00
4 9 568175.00
4 10 1364198.00
4 11 1417026.00
5 0 58818.00
5 1 4078791.00
5 2 38651261.00
5 3 4958688.00
5 4 2132801.00
5 5 9439854.00
5 6 3162091.00
5 7 8848850.00
5 8 12091512.00
5 9 555471.00
5 10 5268285.00
5 11 11152250.00
6 0 10000.00
6 1 3172162.00
6 2 10492043.00
6 3 4484092.00
6 4 2909239.00
6 5 4916836.00
6 6 3480769.00
6 7 2905641.00
6 8 4951755.00
6 9 946894.00
6 10 1207126.00
6 11 3109042.00
7 0 454687.00
7 1 3906304.00
7 2 30540411.00
7 3 4271523.00
7 4 3626017.00
7 5 23839027.00
7 6 2659901.00
7 7 8593638.00
7 8 14529514.00
7 9 3998913.00
7 10 9834330.00
7 11 15857166.00
8 0 747265.00
8 1 12100759.00
8 2 35775427.00
8 3 13158685.00
8 4 11186923.00
8 5 18566182.00
8 6 7390557.00
8 7 23370479.00
8 8 62147483.00
8 9 2919425.00
8 10 13515480.00
8 11 22384346.00
9 0 0.00
9 1 87762.00
9 2 1023762.00
9 3 4513915.00
9 4 183532.00
9 5 1074131.00
9 6 199030.00
9 7 14452881.00
9 8 669511.00
9 9 5655612.00
9 10 26663760.00
9 11 136954.00
10 0 57731.00
10 1 2665543.00
10 2 25220081.00
10 3 2311729.00
10 4 1535148.00
10 5 6886694.00
10 6 2149047.00
10 7 11772051.00
10 8 7771098.00
10 9 3712163.00
10 10 2289741.00
10 11 6475200.00
11 0 140500.00
11 1 38225403.00
11 2 38211751.00
11 3 20624962.00
11 4 2835737.00
11 5 10722512.00
11 6 10351218.00
11 7 36549610.00
11 8 82143344.00
11 9 622462.00
11 10 15845935.00
11 11 72588607.00
