144
0 0 0.00
0 1 23198.00
0 2 186912.00
0 3 41772.00
0 4 24734.00
0 5 30000.00
0 6 0.00
0 7 55984.00
0 8 96815.00
0 9 0.00
0 10 0.00
0 11 532405.00
1 0 26963.00
1 1 9499776.00
1 2 3461706.00
1 3 1882841.00
1 4 458932.00
1 5 8280219.00
1 6 439153.00
1 7 4643984.00
1 8 4057642.00
1 9 498726.00
1 10 1336586.00
1 11 29853476.00
2 0 20000.00
2 1 6758107.00
2 2 51830284.00
2 3 3995059.00
2 4 4219909.00
2 5 16387321.00
2 6 3646186.00
2 7 10702928.00
2 8 6891838.00
2 9 1479197.00
2 10 6572896.00
2 11 6897782.00
3 0 48451.00
3 1 2040809.00
3 2 27325803.00
3 3 1250318.00
3 4 5011338.00
3 5 9079749.00
3 6 2745844.00
3 7 1847026.00
3 8 5913239.00
3 9 967638.00
3 10 2039473.00
3 11 15878768.00
4 0 1134315.00
4 1 1380709.00
4 2 9070550.00
4 3 567308.00
4 4 3000054.00
4 5 1297768.00
4 6 826875.00
4 7 2913080.00
4 8 2418400.00
4 9 589534.00
4 10 1054975.00
4 11 1022716.00
5 0 228103.00
5 1 4969953.00
5 2 42375089.00
5 3 4150933.00
5 4 1337692.00
5 5 4265636.00
5 6 1602166.00
5 7 13603906.00
5 8 7907878.00
5 9 953713.00
5 10 9116612.00
5 11 5429905.00
6 0 78844.00
6 1 1339694.00
6 2 15510420.00
6 3 2476323.00
6 4 932963.00
6 5 2424728.00
6 6 2707438.00
6 7 2618492.00
6 8 3757083.00
6 9 179407.00
6 10 828275.00
6 11 3255889.00
7 0 31808.00
7 1 4762719.00
7 2 52356393.00
7 3 2816864.00
7 4 3762575.00
7 5 8525281.00
7 6 2221510.00
7 7 7173337.00
7 8 18305564.00
7 9 2764155.00
7 10 7403619.00
7 11 15267344.00
8 0 350458.00
8 1 12690010.00
8 2 22502014.00
8 3 10096325.00
8 4 5363345.00
8 5 13350503.00
8 6 4792769.00
8 7 21934787.00
8 8 92666107.00
8 9 1459394.00
8 10 13160989.00
8 11 29034014.00
9 0 0.00
9 1 119548.00
9 2 1012649.00
9 3 1332515.00
9 4 727165.00
9 5 190564.00
9 6 151669.00
9 7 13122254.00
9 8 541447.00
9 9 4543872.00
9 10 17333860.00
9 11 449621.00
10 0 31869.00
10 1 2728799.00
10 2 29323197.00
10 3 1509251.00
10 4 1899281.00
10 5 3566644.00
10 6 1018495.00
10 7 8321412.00
10 8 6086784.00
10 9 3514813.00
10 10 364194.00
10 11 2115313.00
11 0 1193512.00
11 1 44661708.00
11 2 37254278.00
11 3 23615143.00
11 4 8005970.00
11 5 21184128.00
11 6 6236589.00
11 7 35257884.00
11 8 61814962.00
11 9 591005.00
11 10 12726904.00
11 11 117291330.00
