144
0 0 534389.00
0 1 394957.00
0 2 374491.00
0 3 85785.00
0 4 524298.00
0 5 203669.00
0 6 88143.00
0 7 234844.00
0 8 1484894.00
0 9 20845.00
0 10 145708.00
0 11 872418.00
1 0 788160.00
1 1 9517342.00
1 2 9350153.00
1 3 3087573.00
1 4 1911552.00
1 5 12592878.00
1 6 2945197.00
1 7 8537198.00
1 8 7049308.00
1 9 1848904.00
1 10 2897397.00
1 11 25570889.00
2 0 189150.00
2 1 11312581.00
2 2 47636616.00
2 3 8900503.00
2 4 11617245.00
2 5 37537422.00
2 6 13790513.00
2 7 16207752.00
2 8 14632019.00
2 9 3492521.00
2 10 6662468.00
2 11 20908976.00
3 0 74522.00
3 1 7733033.00
3 2 29707497.00
3 3 5903132.00
3 4 7724578.00
3 5 13191220.00
3 6 8154168.00
3 7 5604294.00
3 8 10275155.00
3 9 4321602.00
3 10 7781606.00
3 11 23190295.00
4 0 935127.00
4 1 4568033.00
4 2 11706906.00
4 3 2731955.00
4 4 4977490.00
4 5 3871873.00
4 6 1587289.00
4 7 1876759.00
4 8 4260041.00
4 9 1215588.00
4 10 1048230.00
4 11 2718416.00
5 0 159869.00
5 1 10791847.00
5 2 52890918.00
5 3 12271764.00
5 4 8012165.00
5 5 13614515.00
5 6 8020528.00
5 7 12141744.00
5 8 20962157.00
5 9 3977208.00
5 10 7808755.00
5 11 19799047.00
6 0 195803.00
6 1 3294715.00
6 2 15895418.00
6 3 4393578.00
6 4 2497275.00
6 5 7119962.00
6 6 7092484.00
6 7 2605004.00
6 8 6439606.00
6 9 1181385.00
6 10 1635682.00
6 11 5709191.00
7 0 631218.00
7 1 10815084.00
7 2 49005582.00
7 3 6323568.00
7 4 6889706.00
7 5 23330256.00
7 6 3433754.00
7 7 2926104.00
7 8 20470785.00
7 9 7418816.00
7 10 12221679.00
7 11 21915576.00
8 0 2834502.00
8 1 24839846.00
8 2 26752249.00
8 3 15684527.00
8 4 11897231.00
8 5 33532396.00
8 6 13790212.00
8 7 25348198.00
8 8 100022000.00
8 9 6584343.00
8 10 20365311.00
8 11 55281286.00
9 0 29216.00
9 1 416746.00
9 2 4402230.00
9 3 9415422.00
9 4 449608.00
9 5 1600518.00
9 6 895266.00
9 7 19944032.00
9 8 1849941.00
9 9 5184228.00
9 10 20383089.00
9 11 871249.00
10 0 250696.00
10 1 6432718.00
10 2 27344824.00
10 3 7038818.00
10 4 4488597.00
10 5 9487747.00
10 6 2668092.00
10 7 12562288.00
10 8 7861328.00
10 9 7845769.00
10 10 4215365.00
10 11 8093398.00
11 0 586478.00
11 1 48911668.00
11 2 40851246.00
11 3 29488474.00
11 4 10488633.00
11 5 36681373.00
11 6 15602374.00
11 7 30283200.00
11 8 94268650.00
11 9 5954045.00
11 10 17695338.00
11 11 118694400.00
