144
0 0 0.00
0 1 137090.00
0 2 385875.00
0 3 458065.00
0 4 274733.00
0 5 895676.00
0 6 332921.00
0 7 208511.00
0 8 180017.00
0 9 50556.00
0 10 82664.00
0 11 423729.00
1 0 123908.00
1 1 6978377.00
1 2 10053651.00
1 3 3140758.00
1 4 3039618.00
1 5 11048159.00
1 6 2970284.00
1 7 8288861.50
1 8 5126825.00
1 9 806316.50
1 10 2493280.00
1 11 41611688.00
2 0 661785.00
2 1 9252363.00
2 2 40704052.00
2 3 5136942.00
2 4 8658078.00
2 5 26588186.00
2 6 4880441.00
2 7 16759197.00
2 8 10424883.00
2 9 3681335.00
2 10 6927960.00
2 11 17037900.00
3 0 526168.00
3 1 2259221.00
3 2 23548794.00
3 3 3493794.00
3 4 6218215.00
3 5 11341850.00
3 6 3583596.00
3 7 35534374.00
3 8 9263749.00
3 9 2921679.00
3 10 5459872.00
3 11 21169894.00
4 0 987062.00
4 1 1905870.00
4 2 12622741.00
4 3 2026839.00
4 4 5858741.00
4 5 2543411.00
4 6 1442053.00
4 7 3153224.00
4 8 7605361.00
4 9 1190885.00
4 10 1701805.00
4 11 1204723.00
5 0 238438.00
5 1 8448721.00
5 2 39409168.00
5 3 7933049.00
5 4 3638609.00
5 5 17663540.00
5 6 6271127.00
5 7 10732680.00
5 8 15435643.00
5 9 2217775.00
5 10 5000611.00
5 11 14036749.00
6 0 852247.00
6 1 6482453.00
6 2 13378396.00
6 3 3910527.00
6 4 1731385.00
6 5 5228078.00
6 6 4478813.00
6 7 3397700.00
6 8 2409029.00
6 9 1252799.00
6 10 1328442.00
6 11 3370187.00
7 0 62536.00
7 1 7385212.00
7 2 38031333.00
7 3 8878997.00
7 4 3495642.00
7 5 14342494.00
7 6 5763493.00
7 7 6588473.00
7 8 22530916.00
7 9 4232069.00
7 10 9779808.00
7 11 20558200.00
8 0 511042.00
8 1 15790672.00
8 2 27589125.00
8 3 15313170.00
8 4 9659042.00
8 5 25462458.00
8 6 10698311.00
8 7 25711045.00
8 8 66421871.00
8 9 4958551.00
8 10 15911768.00
8 11 73308156.00
9 0 0.00
9 1 278612.00
9 2 3328685.00
9 3 6475817.00
9 4 868051.00
9 5 721940.00
9 6 456607.00
9 7 12018826.00
9 8 1191943.00
9 9 6416792.00
9 10 22005861.00
9 11 501131.00
10 0 257156.00
10 1 4211720.00
10 2 19483103.00
10 3 4819926.00
10 4 3513264.00
10 5 9457379.00
10 6 2648345.00
10 7 11797379.00
10 8 6681595.00
10 9 4668592.00
10 10 514412.00
10 11 4624270.00
11 0 4902422.00
11 1 58351024.00
11 2 26228594.00
11 3 28415419.00
11 4 14591302.00
11 5 24426629.00
11 6 8694553.00
11 7 32877771.00
11 8 76884727.00
11 9 5105878.00
11 10 19702251.00
11 11 94746350.00
