144
0 0 10000.00
0 1 57377.00
0 2 193302.00
0 3 34808.00
0 4 126912.00
0 5 156779.00
0 6 159527.00
0 7 231970.00
0 8 136658.00
0 9 45243.00
0 10 55389.00
0 11 581220.00
1 0 10000.00
1 1 4841801.00
1 2 4719495.00
1 3 2008612.00
1 4 1415510.00
1 5 9036359.00
1 6 1728948.00
1 7 4623858.50
1 8 4437248.00
1 9 340998.50
1 10 4295549.00
1 11 21811339.00
2 0 476713.00
2 1 6315431.00
2 2 45992661.00
2 3 7440772.00
2 4 5610284.00
2 5 20941711.00
2 6 7242233.00
2 7 20331989.00
2 8 9185941.00
2 9 3709037.00
2 10 6501549.00
2 11 12292680.00
3 0 72344.00
3 1 1933808.00
3 2 32977449.00
3 3 7805420.00
3 4 8411450.00
3 5 10979808.00
3 6 7064194.00
3 7 5202784.00
3 8 8531191.00
3 9 3029234.00
3 10 5019863.00
3 11 29229622.00
4 0 868995.00
4 1 1000708.00
4 2 21437907.00
4 3 1432984.00
4 4 4841825.00
4 5 5059544.00
4 6 1976979.00
4 7 37903977.00
4 8 1983313.00
4 9 1234520.00
4 10 1937898.00
4 11 2991460.00
5 0 277918.00
5 1 4532847.00
5 2 47799311.00
5 3 6547365.00
5 4 3806960.00
5 5 10853751.00
5 6 6631405.00
5 7 8639583.00
5 8 16344853.00
5 9 3593038.00
5 10 5701428.00
5 11 10288842.00
6 0 157710.00
6 1 1539058.00
6 2 15522774.00
6 3 2912085.00
6 4 1204507.00
6 5 3977232.00
6 6 4248929.00
6 7 3189895.00
6 8 3447106.00
6 9 499286.00
6 10 2137234.00
6 11 3086292.00
7 0 38016.00
7 1 3582705.00
7 2 47773912.00
7 3 3033979.00
7 4 20710474.00
7 5 9959672.00
7 6 2712410.00
7 7 8170881.00
7 8 14862977.00
7 9 3039925.00
7 10 12172289.00
7 11 15037216.00
8 0 387945.00
8 1 8624789.00
8 2 22335760.00
8 3 12151141.00
8 4 12704641.00
8 5 21380893.00
8 6 9139374.00
8 7 28938535.00
8 8 69189572.00
8 9 4043526.00
8 10 18524319.00
8 11 40386953.00
9 0 0.00
9 1 156784.00
9 2 1613689.00
9 3 1103105.00
9 4 429373.00
9 5 361218.00
9 6 185561.00
9 7 11168398.00
9 8 488045.00
9 9 4718231.00
9 10 20244035.00
9 11 277387.00
10 0 16643.00
10 1 2595368.00
10 2 23183695.00
10 3 3704057.00
10 4 1964595.00
10 5 4087388.00
10 6 1592622.00
10 7 12050834.00
10 8 6184517.00
10 9 2958070.00
10 10 2169990.00
10 11 2735482.00
11 0 1286231.00
11 1 38531929.00
11 2 27179489.00
11 3 26140002.00
11 4 11563148.00
11 5 21784846.00
11 6 7730501.00
11 7 28253347.00
11 8 68513272.00
11 9 2394202.00
11 10 17529579.00
11 11 128912750.00
