144
0 0 203302.00
0 1 50524.00
0 2 688699.00
0 3 123289.00
0 4 30000.00
0 5 148367.00
0 6 1182875.00
0 7 465466.00
0 8 682042.00
0 9 36328.00
0 10 48771.00
0 11 394785.00
1 0 12055.00
1 1 6611275.00
1 2 6604059.00
1 3 2962358.00
1 4 820419.00
1 5 5168527.00
1 6 2159344.00
1 7 5571709.50
1 8 4089437.00
1 9 459230.50
1 10 2533741.00
1 11 16097555.00
2 0 497965.00
2 1 3397204.00
2 2 20922520.00
2 3 4331014.00
2 4 4279944.00
2 5 5982859.00
2 6 7730723.00
2 7 13787929.00
2 8 1361427.00
2 9 1264108.00
2 10 3405403.00
2 11 2454926.00
3 0 10000.00
3 1 1917707.00
3 2 26085043.00
3 3 10135694.00
3 4 8326777.00
3 5 9343765.00
3 6 6788661.00
3 7 2791661.00
3 8 8551881.00
3 9 4953709.00
3 10 3139411.00
3 11 22291112.00
4 0 88952.00
4 1 1109398.00
4 2 8306388.00
4 3 1699624.00
4 4 2346204.00
4 5 4478006.00
4 6 1523820.00
4 7 38483969.00
4 8 5495849.00
4 9 265111.00
4 10 1064220.00
4 11 1167535.00
5 0 477346.00
5 1 9003255.00
5 2 27770187.00
5 3 5974032.00
5 4 3355723.00
5 5 6589229.00
5 6 5370098.00
5 7 34142572.00
5 8 9430748.00
5 9 1204613.00
5 10 5157101.00
5 11 8216033.00
6 0 51060.00
6 1 1923742.00
6 2 13039406.00
6 3 5419892.00
6 4 1990287.00
6 5 7383363.00
6 6 4062544.00
6 7 3414955.00
6 8 3317874.00
6 9 804187.00
6 10 1921859.00
6 11 2642907.00
7 0 80989.00
7 1 5469691.00
7 2 30442634.00
7 3 3121853.00
7 4 4357603.00
7 5 14091895.00
7 6 4523286.00
7 7 7031035.00
7 8 12993768.00
7 9 6805256.00
7 10 8730040.00
7 11 29808062.00
8 0 698371.00
8 1 11518644.00
8 2 36871309.00
8 3 11120020.00
8 4 11976317.00
8 5 13828473.00
8 6 8788497.00
8 7 32378164.00
8 8 43639138.00
8 9 3672392.00
8 10 14254777.00
8 11 25138967.00
9 0 0.00
9 1 115468.00
9 2 1087822.00
9 3 2870954.00
9 4 213434.00
9 5 373448.00
9 6 447504.00
9 7 14365961.00
9 8 694066.00
9 9 6717022.00
9 10 28555141.00
9 11 254535.00
10 0 92712.00
10 1 2166579.00
10 2 16083569.00
10 3 4142054.00
10 4 1684818.00
10 5 7640800.00
10 6 3681672.00
10 7 10310715.00
10 8 8889001.00
10 9 3888426.00
10 10 1681153.00
10 11 4943481.00
11 0 1393644.00
11 1 58001883.00
11 2 32035699.00
11 3 20960525.00
11 4 4264253.00
11 5 8511225.00
11 6 10069436.00
11 7 27735685.00
11 8 66594146.00
11 9 586855.00
11 10 11923406.00
11 11 69030555.00
