132
0 1 10000.00
0 2 597325.00
0 3 10000.00
0 4 205177.00
0 5 139458.00
0 6 350434.00
0 7 275949.00
0 8 219835.00
0 9 10000.00
0 10 57727.00
0 11 823939.00
1 0 321465.00
1 2 11894011.00
1 3 6575520.00
1 4 1398350.00
1 5 10631956.00
1 6 2850572.00
1 7 4368795.00
1 8 9231095.00
1 9 721818.00
1 10 2632919.00
1 11 30764173.00
2 0 588675.00
2 1 9570416.00
2 3 7215144.00
2 4 7130607.00
2 5 29105694.00
2 6 10292892.00
2 7 13601217.00
2 8 8217483.00
2 9 3046335.00
2 10 6844598.00
2 11 12829502.00
3 0 79425.00
3 1 3254540.00
3 2 31687054.00
3 4 6244574.00
3 5 13141721.00
3 6 3936559.00
3 7 7255482.00
3 8 5645585.00
3 9 3783119.00
3 10 6791545.00
3 11 17053744.00
4 0 1021170.00
4 1 1457293.00
4 2 14355129.00
4 3 1730504.00
4 5 4125778.00
4 6 1848789.00
4 7 1825443.00
4 8 3268690.00
4 9 344543.00
4 10 1678936.00
4 11 2889891.00
5 0 292806.00
5 1 13359025.00
5 2 69098901.00
5 3 8665106.00
5 4 5336654.00
5 6 6671652.00
5 7 7722845.00
5 8 13582203.00
5 9 2816137.00
5 10 7155723.00
5 11 18145797.00
6 0 176262.00
6 1 1899045.00
6 2 17843261.00
6 3 4249807.00
6 4 1532142.00
6 5 7471842.00
6 7 3080209.00
6 8 4252088.00
6 9 954707.00
6 10 2691473.00
6 11 3885660.00
7 0 165634.00
7 1 16044170.00
7 2 61128470.00
7 3 5381839.00
7 4 4464571.00
7 5 20279783.00
7 6 5282011.00
7 8 20480638.00
7 9 4322073.00
7 10 10906703.00
7 11 22141019.00
8 0 772195.00
8 1 19540148.00
8 2 29417146.00
8 3 17854355.00
8 4 10708501.00
8 5 28340859.00
8 6 12820957.00
8 7 24054808.00
8 9 4186703.00
8 10 14106351.00
8 11 49173377.00
9 0 0.00
9 1 142629.00
9 2 2979194.00
9 3 2883820.00
9 4 619129.00
9 5 1305848.00
9 6 1318120.00
9 7 10973331.00
9 8 1498350.00
9 10 19082998.00
9 11 342318.00
10 0 82519.00
10 1 5557678.00
10 2 23690132.00
10 3 5005273.00
10 4 2797430.00
10 5 8536984.00
10 6 3727289.00
10 7 15418671.00
10 8 8840900.00
10 9 3733221.00
10 11 8829636.00
11 0 2697251.00
11 1 45504277.00
11 2 37572225.00
11 3 36550484.00
11 4 20164689.00
11 5 33923500.00
11 6 14485203.00
11 7 31059578.00
11 8 93004931.00
11 9 8901704.00
11 10 17622914.00
