132
0 1 42738.00
0 2 162473.00
0 3 58998.00
0 4 123764.00
0 5 913456.00
0 6 31785.00
0 7 303030.00
0 8 233212.00
0 9 31184.00
0 10 75068.00
0 11 446508.00
1 0 93968.00
1 2 6978389.00
1 3 2883275.00
1 4 2224480.00
1 5 7633180.00
1 6 1266771.00
1 7 9099256.00
1 8 10131347.00
1 9 1732488.00
1 10 2413340.00
1 11 23921502.00
2 0 43009.00
2 1 5762113.00
2 3 9284712.00
2 4 7329121.00
2 5 27116464.00
2 6 11860256.00
2 7 29935319.00
2 8 6514130.00
2 9 2648992.00
2 10 10323207.00
2 11 14302845.00
3 0 44700.00
3 1 3403288.00
3 2 24951538.00
3 4 11323523.00
3 5 15009671.00
3 6 7900017.00
3 7 6377277.00
3 8 6636550.00
3 9 5242699.00
3 10 5208518.00
3 11 26497423.00
4 0 40451.00
4 1 2091930.00
4 2 11304151.00
4 3 2931557.00
4 5 3871646.00
4 6 1435781.00
4 7 3615627.00
4 8 2408107.00
4 9 733191.00
4 10 1225986.00
4 11 3019117.00
5 0 139007.00
5 1 6266972.00
5 2 46393620.00
5 3 7997490.00
5 4 3304317.00
5 6 12205673.00
5 7 10652891.00
5 8 13819130.00
5 9 1902509.00
5 10 9840507.00
5 11 13223250.00
6 0 72514.00
6 1 1300596.00
6 2 15199497.00
6 3 4330702.00
6 4 2314976.00
6 5 5123503.00
6 7 4898168.00
6 8 5366763.00
6 9 1180989.00
6 10 1700378.00
6 11 4550248.00
7 0 170967.00
7 1 6056420.00
7 2 49500245.00
7 3 4911522.00
7 4 4575119.00
7 5 17264837.00
7 6 7556816.00
7 8 22052059.00
7 9 4721462.00
7 10 11076989.00
7 11 63141089.00
8 0 1066332.00
8 1 15748854.00
8 2 33146246.00
8 3 14644289.00
8 4 9633522.00
8 5 23043890.00
8 6 12620982.00
8 7 33888320.00
8 9 6553083.00
8 10 16319801.00
8 11 47205334.00
9 0 0.00
9 1 637099.00
9 2 2129484.00
9 3 2607318.00
9 4 497616.00
9 5 684828.00
9 6 602020.00
9 7 16211478.00
9 8 1244194.00
9 10 19661370.00
9 11 632478.00
10 0 143329.00
10 1 3454685.00
10 2 21052576.00
10 3 2151154.00
10 4 2363185.00
10 5 10271920.00
10 6 3367898.00
10 7 15536963.00
10 8 5864893.00
10 9 6356800.00
10 11 7321743.00
11 0 4695812.00
11 1 65384804.00
11 2 38672059.00
11 3 36052121.00
11 4 9965704.00
11 5 16190027.00
11 6 13892283.00
11 7 43948348.00
11 8 67360151.00
11 9 3152039.00
11 10 21818114.00
