144
0 0 30426.00
0 1 0.00
0 2 248018.00
0 3 10000.00
0 4 104464.00
0 5 42525.00
0 6 155387.00
0 7 880308.00
0 8 376651.00
0 9 10000.00
0 10 68060.00
0 11 93480.00
1 0 40826.00
1 1 8539515.00
1 2 7564749.00
1 3 3105852.00
1 4 2313575.00
1 5 8589860.00
1 6 2239806.00
1 7 5572932.00
1 8 3670218.00
1 9 961473.00
1 10 3598361.00
1 11 44794154.00
2 0 165789.00
2 1 13080654.00
2 2 51933573.00
2 3 17454979.00
2 4 6332676.00
2 5 21063464.00
2 6 11979856.00
2 7 22935172.00
2 8 10769700.00
2 9 6535201.00
2 10 6081165.00
2 11 14385755.00
3 0 51177.00
3 1 3189307.00
3 2 25829667.00
3 3 6337350.00
3 4 10725433.00
3 5 13092513.00
3 6 5551180.00
3 7 5099571.00
3 8 9478799.00
3 9 3983645.00
3 10 3336340.00
3 11 20687182.00
4 0 44263.00
4 1 1372027.00
4 2 8693059.00
4 3 2417141.00
4 4 6319237.00
4 5 5702330.00
4 6 1335144.00
4 7 7076982.00
4 8 4955268.00
4 9 1128356.00
4 10 1064929.00
4 11 2119213.00
5 0 161773.00
5 1 4920133.00
5 2 40654944.00
5 3 9417518.00
5 4 3573756.00
5 5 15349759.00
5 6 6287589.00
5 7 10039349.00
5 8 8458265.00
5 9 3627549.00
5 10 5902125.00
5 11 10555385.00
6 0 127744.00
6 1 2522100.00
6 2 14401248.00
6 3 4286850.00
6 4 2061905.00
6 5 5509387.00
6 6 3990772.00
6 7 3528268.00
6 8 4960624.00
6 9 2148737.00
6 10 2144642.00
6 11 2859173.00
7 0 326885.00
7 1 6383352.00
7 2 43994732.00
7 3 4579542.00
7 4 5379184.00
7 5 16513037.00
7 6 3859181.00
7 7 7849674.00
7 8 20234281.00
7 9 3996791.00
7 10 11499047.00
7 11 31478975.00
8 0 329349.00
8 1 20046374.00
8 2 37776849.00
8 3 13799174.00
8 4 10673254.00
8 5 20647593.00
8 6 8157614.00
8 7 32189367.00
8 8 65358438.00
8 9 7256219.00
8 10 14624544.00
8 11 71412557.00
9 0 10000.00
9 1 317990.00
9 2 2114338.00
9 3 1392952.00
9 4 280601.00
9 5 1226510.00
9 6 411596.00
9 7 14837055.00
9 8 1594108.00
9 9 4740055.00
9 10 20646401.00
9 11 1009971.00
10 0 610052.00
10 1 3114798.00
10 2 26159291.00
10 3 2694608.00
10 4 2528166.00
10 5 10718782.00
10 6 2311512.00
10 7 14727099.00
10 8 7561886.00
10 9 3841615.00
10 10 1339802.00
10 11 6000067.00
11 0 178860.00
11 1 47388639.00
11 2 45307924.00
11 3 29970225.00
11 4 16773137.00
11 5 20727465.00
11 6 7432749.00
11 7 37173210.00
11 8 89725256.00
11 9 3825270.00
11 10 17363849.00
11 11 77068504.00
