144
0 0 10000.00
0 1 189172.00
0 2 189990.00
0 3 150966.00
0 4 155480.00
0 5 120629.00
0 6 181203.00
0 7 305137.00
0 8 230370.00
0 9 19396.00
0 10 45321.00
0 11 1074014.00
1 0 99191.00
1 1 8106610.00
1 2 6024318.00
1 3 3134764.00
1 4 936105.00
1 5 11516376.00
1 6 964459.00
1 7 5168525.00
1 8 5455975.00
1 9 685994.00
1 10 2255643.00
1 11 35960327.00
2 0 426380.00
2 1 13214565.00
2 2 57594002.00
2 3 10024974.00
2 4 8671316.00
2 5 21784133.00
2 6 11037767.00
2 7 34124037.00
2 8 9089253.00
2 9 2058143.00
2 10 5291849.00
2 11 16824825.00
3 0 148323.00
3 1 2125769.00
3 2 24547637.00
3 3 8691075.00
3 4 12463865.00
3 5 11074082.00
3 6 6856374.00
3 7 3762900.00
3 8 6830966.00
3 9 4399209.00
3 10 3418207.00
3 11 25646332.00
4 0 53057.00
4 1 1764586.00
4 2 10041358.00
4 3 1655158.00
4 4 5936263.00
4 5 5749692.00
4 6 1100943.00
4 7 2373880.00
4 8 2767631.00
4 9 1312846.00
4 10 1220498.00
4 11 2730004.00
5 0 119101.00
5 1 3699733.00
5 2 39929107.00
5 3 10771863.00
5 4 3247930.00
5 5 14951264.00
5 6 4360205.00
5 7 7440227.00
5 8 11694036.00
5 9 3822339.00
5 10 4971697.00
5 11 7536387.00
6 0 389919.00
6 1 3295369.00
6 2 13644289.00
6 3 2690048.00
6 4 1492979.00
6 5 5727197.00
6 6 3773890.00
6 7 2847553.00
6 8 5013906.00
6 9 983685.00
6 10 1877637.00
6 11 3520963.00
7 0 84136.00
7 1 6872475.00
7 2 34988513.00
7 3 5707492.00
7 4 5380864.00
7 5 10749283.00
7 6 3778798.00
7 7 2307898.00
7 8 21163033.00
7 9 4120164.00
7 10 10511507.00
7 11 22557251.00
8 0 388613.00
8 1 16892923.00
8 2 34251560.00
8 3 13606018.00
8 4 7987964.00
8 5 18176287.00
8 6 9617657.00
8 7 26348366.00
8 8 61475407.00
8 9 4085550.00
8 10 15460572.00
8 11 66995077.00
9 0 0.00
9 1 180911.00
9 2 2055658.00
9 3 3708162.00
9 4 488585.00
9 5 1020287.00
9 6 875936.00
9 7 16164427.00
9 8 1139639.00
9 9 5001954.00
9 10 18909244.00
9 11 774070.00
10 0 371584.00
10 1 2401552.00
10 2 14304713.00
10 3 2180456.00
10 4 2778398.00
10 5 4596994.00
10 6 2814569.00
10 7 14201992.00
10 8 4942085.00
10 9 2658394.00
10 10 4023316.00
10 11 3616753.00
11 0 154547.00
11 1 38941508.00
11 2 38505579.00
11 3 28541406.00
11 4 16058815.00
11 5 18237302.00
11 6 8330785.00
11 7 32024938.00
11 8 60287445.00
11 9 1684641.00
11 10 14883659.00
11 11 104476490.00
