144
0 0 187504.00
0 1 27485.00
0 2 325972.00
0 3 20000.00
0 4 31421.00
0 5 127926.00
0 6 243951.00
0 7 563818.00
0 8 915696.00
0 9 7636.00
0 10 35125.00
0 11 922476.00
1 0 233220.00
1 1 4276672.00
1 2 5347801.00
1 3 2288888.00
1 4 888054.00
1 5 6025277.00
1 6 1872699.00
1 7 4911738.50
1 8 3011904.00
1 9 764297.50
1 10 1941340.00
1 11 15174684.00
2 0 80577.00
2 1 2610073.00
2 2 22982242.00
2 3 3769856.00
2 4 4064512.00
2 5 6555553.00
2 6 3644619.00
2 7 13944742.00
2 8 2525869.00
2 9 1055495.00
2 10 3785119.00
2 11 1617377.00
3 0 352456.00
3 1 1719306.00
3 2 26885769.00
3 3 7147072.00
3 4 7915136.00
3 5 10907386.00
3 6 5750318.00
3 7 2609775.00
3 8 7695966.00
3 9 4811966.00
3 10 3832557.00
3 11 20015156.00
4 0 353123.00
4 1 1417393.00
4 2 7099772.00
4 3 1462034.00
4 4 2871402.00
4 5 3328034.00
4 6 1340628.00
4 7 1803558.00
4 8 2814332.00
4 9 509358.00
4 10 1589343.00
4 11 1257910.00
5 0 351143.00
5 1 1930473.00
5 2 40921958.00
5 3 5430271.00
5 4 2559102.00
5 5 6317256.00
5 6 4243432.00
5 7 9680342.00
5 8 10414926.00
5 9 2363892.00
5 10 4025221.00
5 11 7082941.00
6 0 101149.00
6 1 2345744.00
6 2 11326553.00
6 3 4376950.00
6 4 1799950.00
6 5 4095220.00
6 6 3779733.00
6 7 3265176.00
6 8 3707865.00
6 9 909297.00
6 10 2528594.00
6 11 2864489.00
7 0 515374.00
7 1 2780870.00
7 2 43148244.00
7 3 4444573.00
7 4 3380366.00
7 5 8134365.00
7 6 3378351.00
7 7 6973296.00
7 8 16165971.00
7 9 3173291.00
7 10 11526588.00
7 11 17840903.00
8 0 753878.00
8 1 7649859.00
8 2 38941022.00
8 3 13266606.00
8 4 6007036.00
8 5 15230635.00
8 6 5862042.00
8 7 28736419.00
8 8 58899539.00
8 9 1980887.00
8 10 12487821.00
8 11 18331658.00
9 0 0.00
9 1 67416.00
9 2 1046533.00
9 3 2150211.00
9 4 225125.00
9 5 933599.00
9 6 321716.00
9 7 14008354.00
9 8 481230.00
9 9 5841928.00
9 10 28931227.00
9 11 74560.00
10 0 39682.00
10 1 2053110.00
10 2 20069327.00
10 3 2302861.00
10 4 1615440.00
10 5 5438350.00
10 6 3689616.00
10 7 11265006.00
10 8 6694907.00
10 9 4983230.00
10 10 1249112.00
10 11 3049851.00
11 0 153748.00
11 1 35967849.00
11 2 29638411.00
11 3 14228345.00
11 4 5920751.00
11 5 15667552.00
11 6 11617214.00
11 7 26633423.00
11 8 50518481.00
11 9 705302.00
11 10 13722104.00
11 11 111948350.00
