2 67
66 67
41 54
72 118
119 123
69 76
53 69
25 133
17 135
26 34
31 103
41 43
72 74
69 131
101 155
20 31
20 94
43 71
31 59
95 97
132 158
92 136
43 45
42 69
51 69
132 159
17 136
136 158
67 72
79 97
47 154
62 135
62 87
20 142
24 47
22 52
51 132
132 160
9 32
1 69
42 67
69 138
47 87
41 52
24 132
133 158
126 134
87 154
24 69
25 51
21 33
92 132
2 69
40 151
114 139
69 135
24 51
69 132
25 49
31 73
64 153
92 135
31 126
64 160
46 141
54 74
85 154
17 35
131 160
19 159
30 114
35 47
27 52
10 95
91 92
1 131
133 159
20 139
68 122
63 124
64 74
17 18
42 43
81 141
22 133
24 133
1 47
2 43
72 160
47 160
28 31
69 133
17 90
25 54
33 114
47 74
25 52
46 82
47 53
26 33
69 74
47 116
20 103
53 116
24 49
62 85
30 33
4 151
6 151
11 151
22 51
20 28
69 153
20 26
52 116
0 67
27 54
26 114
20 30
13 94
54 116
51 74
39 114
69 116
27 51
130 133
47 133
77 151
