132
0 1 341996507.556
0 2 225829158.517
0 3 136934817.872
0 4 352987619.310
0 5 244443501.628
0 6 215843121.969
0 7 357179282.816
0 8 99955164.885
0 9 614952902.314
0 10 146042515.479
0 11 200550967.280
1 0 732251807.244
1 2 1027850476.852
1 3 1466630485.463
1 4 1658670976.041
1 5 1142794035.495
1 6 1901046873.851
1 7 1234461020.822
1 8 1150234207.298
1 9 962880125.522
1 10 1249841514.595
1 11 364449287.478
2 0 188573056.103
2 1 386817629.035
2 3 378100911.595
2 4 1456027907.377
2 5 479726039.985
2 6 666385646.866
2 7 544219122.192
2 8 407371258.427
2 9 409940746.822
2 10 424531483.356
2 11 880318587.553
3 0 256808476.604
3 1 1849572189.342
3 2 593295926.548
3 4 991076271.611
3 5 1257309963.595
3 6 2062412723.638
3 7 1001856790.207
3 8 720135195.004
3 9 1224217164.844
3 10 943721389.660
3 11 279847769.895
4 0 211321212.356
4 1 1363102721.574
4 2 516062065.020
4 3 2080518730.953
4 5 1091088885.458
4 6 1398359452.562
4 7 1388847055.928
4 8 1467537982.828
4 9 2059987247.586
4 10 1192505784.957
4 11 1264195524.660
5 0 466386728.738
5 1 885507145.906
5 2 980078923.367
5 3 1230097815.858
5 4 1007436610.739
5 6 276732880.074
5 7 276750223.667
5 8 818955220.660
5 9 1645438366.580
5 10 583822503.344
5 11 834218842.354
6 0 140002400.447
6 1 2027323675.955
6 2 503427193.461
6 3 764904772.329
6 4 571783662.596
6 5 1358302636.607
6 7 343979581.378
6 8 1372593398.415
6 9 1668310545.507
6 10 733159696.264
6 11 1393635083.266
7 0 288712242.713
7 1 910549958.882
7 2 238513578.821
7 3 779272853.977
7 4 662929798.642
7 5 397337389.802
7 6 677051316.772
7 8 560713160.669
7 9 1327124867.115
7 10 357267380.951
7 11 796391720.789
8 0 478225069.734
8 1 878671185.022
8 2 812492577.346
8 3 1383193763.552
8 4 765905384.320
8 5 936804061.806
8 6 849366266.770
8 7 250872241.665
8 9 959206975.244
8 10 429869192.445
8 11 658628668.632
9 0 668813864.770
9 1 956643485.251
9 2 970626826.296
9 3 1540425181.834
9 4 885824676.614
9 5 1285263401.272
9 6 1130465697.321
9 7 431016598.789
9 8 739701714.388
9 10 974633673.920
9 11 823737397.352
10 0 448142969.948
10 1 1403584202.192
10 2 759734220.153
10 3 365565285.435
10 4 396657685.066
10 5 376428563.007
10 6 900763675.133
10 7 564321553.786
10 8 771095743.500
10 9 775886882.135
10 11 350038700.150
11 0 283434612.221
11 1 1572397458.573
11 2 700111438.902
11 3 668139274.607
11 4 1081757512.491
11 5 445100548.445
11 6 662951788.322
11 7 975752278.082
11 8 439460715.859
11 9 871294661.753
11 10 520084166.801
