132
0 1 250030735.499
0 2 137236034.229
0 3 355802911.304
0 4 531036097.973
0 5 219422710.776
0 6 243984497.698
0 7 98427223.014
0 8 447592829.858
0 9 148574821.637
0 10 154720226.486
0 11 154918581.906
1 0 403760162.908
1 2 1108840449.080
1 3 1098790575.988
1 4 1563255719.812
1 5 1788855238.826
1 6 2340354428.666
1 7 1273425764.452
1 8 1536594194.516
1 9 1482046909.844
1 10 1095343612.729
1 11 1133137601.957
2 0 103517214.855
2 1 951776716.800
2 3 1290884685.237
2 4 662170166.429
2 5 602928583.832
2 6 1119412323.676
2 7 842170653.000
2 8 537295672.497
2 9 804395641.289
2 10 728627019.077
2 11 710736037.754
3 0 136693193.537
3 1 1713061993.626
3 2 1414410232.238
3 4 2097636732.981
3 5 1514689977.588
3 6 666802481.833
3 7 278210595.206
3 8 1424901850.881
3 9 1032251470.987
3 10 1237313432.139
3 11 641030050.519
4 0 360164208.728
4 1 541513081.132
4 2 1074644770.073
4 3 1810873878.244
4 5 497520109.636
4 6 1893339267.426
4 7 1189593840.002
4 8 649912680.586
4 9 877973416.771
4 10 947377716.093
4 11 507370938.750
5 0 112842975.603
5 1 1565053570.093
5 2 290129980.487
5 3 1153867389.846
5 4 831711812.442
5 6 1581438517.490
5 7 701465108.838
5 8 691673212.861
5 9 1217539570.216
5 10 941252842.547
5 11 475869563.820
6 0 496718129.812
6 1 2248863986.774
6 2 610827993.989
6 3 598593856.533
6 4 539749487.410
6 5 438765157.643
6 7 603362115.465
6 8 1346984134.916
6 9 1381689911.622
6 10 1422205199.899
6 11 1072640863.354
7 0 235850604.440
7 1 1331221384.164
7 2 920005992.589
7 3 1028114983.376
7 4 998554912.765
7 5 1066254514.206
7 6 1153215723.102
7 8 679262703.462
7 9 722251634.425
7 10 804942271.606
7 11 299909666.077
8 0 439613122.499
8 1 867857179.782
8 2 574498005.073
8 3 523601310.070
8 4 1421100604.782
8 5 386994536.328
8 6 1370162647.754
8 7 862483422.263
8 9 1390558729.988
8 10 810295044.540
8 11 758665370.168
9 0 645062590.585
9 1 1052022198.330
9 2 320068880.486
9 3 1284362484.193
9 4 1104773942.854
9 5 608324658.428
9 6 2020741543.177
9 7 1190391416.828
9 8 1083094459.667
9 10 1153845654.123
9 11 327265518.012
10 0 162287885.460
10 1 596321992.949
10 2 726227957.774
10 3 1131396864.351
10 4 757492442.986
10 5 842633519.607
10 6 878453708.669
10 7 326053995.969
10 8 294977293.896
10 9 872883499.891
10 11 398526219.035
11 0 209928533.233
11 1 256694254.682
11 2 356205044.276
11 3 1062829764.972
11 4 685073858.227
11 5 1081018860.006
11 6 974079057.085
11 7 394329159.036
11 8 870728979.395
11 9 588301748.604
11 10 927703621.627
