132
0 1 247143097.374
0 2 386689809.693
0 3 632629001.541
0 4 525729015.200
0 5 491400445.255
0 6 142708442.835
0 7 147011312.523
0 8 289200601.325
0 9 385821829.056
0 10 465758469.243
0 11 323203045.571
1 0 581296583.563
1 2 832611198.660
1 3 1473372828.118
1 4 2117521197.421
1 5 1032656037.296
1 6 1126819061.772
1 7 961620682.465
1 8 291705278.418
1 9 940686160.092
1 10 487083871.270
1 11 274943873.246
2 0 261478393.464
2 1 397049627.987
2 3 508906846.639
2 4 734510672.320
2 5 810482076.177
2 6 940968255.218
2 7 248746698.941
2 8 956258417.243
2 9 1261992447.505
2 10 164149760.211
2 11 949876915.466
3 0 559956391.628
3 1 1507292472.096
3 2 623938824.070
3 4 2141164176.719
3 5 1104156557.787
3 6 845983761.960
3 7 853703111.687
3 8 588458392.439
3 9 379443145.561
3 10 688124223.495
3 11 1115770921.001
4 0 372799987.561
4 1 516648573.440
4 2 649945139.286
4 3 1858091964.507
4 5 322516258.777
4 6 584546440.409
4 7 1316764923.209
4 8 547748752.523
4 9 1492702894.255
4 10 636855601.458
4 11 542532488.871
5 0 448218962.902
5 1 560529939.835
5 2 273467751.290
5 3 886094943.503
5 4 384912562.857
5 6 758381904.817
5 7 241258506.985
5 8 1039876859.572
5 9 806045550.199
5 10 941782925.035
5 11 487333753.064
6 0 235021776.365
6 1 2111600623.102
6 2 1422357666.713
6 3 1486751215.831
6 4 1514469575.805
6 5 922658999.788
6 7 1368693717.874
6 8 764035538.050
6 9 521438488.581
6 10 451196162.590
6 11 644094748.788
7 0 165531467.726
7 1 689167743.976
7 2 338443957.074
7 3 629934220.853
7 4 759008072.052
7 5 681608253.815
7 6 302786300.660
7 8 254286676.928
7 9 815141224.049
7 10 866345049.520
7 11 203517158.617
8 0 293458803.754
8 1 335064736.456
8 2 927265486.465
8 3 711524113.175
8 4 731657458.952
8 5 627915170.561
8 6 1372117834.146
8 7 570479169.579
8 9 491276819.844
8 10 208157377.263
8 11 578961685.329
9 0 145691893.895
9 1 1494751550.222
9 2 490426434.526
9 3 1232989324.982
9 4 1447376987.984
9 5 964514520.961
9 6 1417872064.518
9 7 1072368605.442
9 8 1474982579.645
9 10 414613593.385
9 11 394015157.851
10 0 380147343.932
10 1 1541939030.022
10 2 682991933.105
10 3 1237113464.869
10 4 1439718194.265
10 5 841290474.563
10 6 918041448.550
10 7 968336981.707
10 8 512279187.153
10 9 717223457.651
10 11 828530119.039
11 0 204830865.878
11 1 346847605.968
11 2 225708264.329
11 3 984629646.389
11 4 576602431.765
11 5 363341499.235
11 6 989727545.439
11 7 343080832.469
11 8 798144808.697
11 9 1383022450.194
11 10 922766734.921
