132
0 1 237027692.328
0 2 386863423.811
0 3 324854777.226
0 4 429493946.884
0 5 293222616.415
0 6 414867285.416
0 7 409285132.768
0 8 415973688.212
0 9 482408912.365
0 10 241958952.570
0 11 282361556.040
1 0 625257291.167
1 2 587481527.817
1 3 898321686.968
1 4 1719181540.886
1 5 445522783.432
1 6 857989229.179
1 7 1277368270.513
1 8 1402033635.481
1 9 1250626925.072
1 10 783969198.858
1 11 1504156976.130
2 0 476393949.024
2 1 275096923.892
2 3 1005914478.142
2 4 1186226857.018
2 5 881785899.094
2 6 849197506.259
2 7 736606558.346
2 8 813392260.923
2 9 892282943.867
2 10 428978940.392
2 11 927055348.377
3 0 343983765.610
3 1 1893317641.278
3 2 833136574.551
3 4 516113596.707
3 5 1480641716.427
3 6 1696976655.418
3 7 660887341.620
3 8 609036358.692
3 9 542396633.422
3 10 542608725.201
3 11 541764595.199
4 0 717886703.028
4 1 627161969.990
4 2 1291593183.511
4 3 1098388489.430
4 5 645730827.045
4 6 910913799.436
4 7 659315613.545
4 8 1356404226.931
4 9 2025310854.857
4 10 1121866975.224
4 11 542694113.896
5 0 291460168.377
5 1 1440228266.513
5 2 274896320.561
5 3 664559666.727
5 4 654223468.249
5 6 946025250.685
5 7 384007645.162
5 8 695281703.969
5 9 1520731862.389
5 10 961896556.851
5 11 609929832.651
6 0 296024589.105
6 1 418789812.084
6 2 1384684512.347
6 3 1746559410.416
6 4 421846405.017
6 5 1477607503.855
6 7 754081666.123
6 8 329971317.371
6 9 1691450580.960
6 10 443974742.729
6 11 890675677.236
7 0 264644579.382
7 1 1284212604.129
7 2 194856577.409
7 3 930503770.404
7 4 967777628.222
7 5 272176861.440
7 6 1046763999.231
7 8 565547162.761
7 9 1263518557.262
7 10 807382636.513
7 11 857817314.190
8 0 362192672.294
8 1 941222559.571
8 2 244952179.140
8 3 1216084962.213
8 4 802469992.656
8 5 680129395.304
8 6 473079446.523
8 7 769553995.724
8 9 475542432.820
8 10 834433130.946
8 11 896376273.263
9 0 251781938.565
9 1 436974828.338
9 2 1277332041.655
9 3 1946369024.901
9 4 1966949266.229
9 5 1059576874.763
9 6 1761492960.325
9 7 1324496371.147
9 8 381405145.268
9 10 930432413.748
9 11 1002865293.151
10 0 126402483.335
10 1 1063121314.096
10 2 688560413.127
10 3 1448607313.935
10 4 423540181.127
10 5 786213808.144
10 6 1045075982.765
10 7 910987360.855
10 8 579124308.328
10 9 1110433325.023
10 11 786830832.664
11 0 173692875.934
11 1 1354627098.480
11 2 201862919.640
11 3 687666888.701
11 4 520116067.853
11 5 562012478.113
11 6 865888380.173
11 7 964706124.884
11 8 659028225.997
11 9 1258442546.278
11 10 453095790.510
