132
0 1 265972647.124
0 2 239578089.909
0 3 518506064.061
0 4 160588581.822
0 5 363557701.134
0 6 125590615.473
0 7 439751560.226
0 8 206378197.099
0 9 345647592.963
0 10 244532235.953
0 11 277136809.400
1 0 622405403.335
1 2 1299424795.054
1 3 792841621.629
1 4 2286601430.427
1 5 869298209.587
1 6 1451685533.796
1 7 312681966.577
1 8 795308366.080
1 9 1562017320.850
1 10 1420298392.133
1 11 1513470622.722
2 0 320811167.826
2 1 717382498.130
2 3 720164695.990
2 4 555636451.245
2 5 644606346.551
2 6 375307729.130
2 7 589343872.809
2 8 329600473.472
2 9 365400440.956
2 10 666919732.521
2 11 285887017.940
3 0 266552814.967
3 1 1604806417.281
3 2 1186754678.071
3 4 487981159.259
3 5 1518153678.800
3 6 414235411.255
3 7 941853749.209
3 8 1157042811.030
3 9 2213837610.657
3 10 1046623382.154
3 11 270622918.807
4 0 130440838.222
4 1 1839407908.983
4 2 1244073998.051
4 3 1317622139.769
4 5 705307768.491
4 6 2034524227.132
4 7 705561124.019
4 8 1098186633.859
4 9 2061386283.658
4 10 838550521.310
4 11 1040581427.142
5 0 168461404.870
5 1 813808904.233
5 2 963445683.842
5 3 343131852.800
5 4 381243179.343
5 6 1361929056.213
5 7 531563752.162
5 8 181316810.466
5 9 534913742.064
5 10 261042033.755
5 11 901124287.784
6 0 569735218.790
6 1 1701548344.145
6 2 635607075.666
6 3 1833134327.559
6 4 639260528.253
6 5 1460128316.656
6 7 1008421078.571
6 8 693921388.443
6 9 655593554.579
6 10 1233031019.379
6 11 310708690.483
7 0 224564429.452
7 1 1368884848.958
7 2 360302425.224
7 3 884290309.124
7 4 1437450775.429
7 5 666938592.521
7 6 885412949.765
7 8 806749108.140
7 9 1385076177.827
7 10 229448474.481
7 11 413926356.164
8 0 415971894.203
8 1 1048996951.441
8 2 205404114.880
8 3 237183713.135
8 4 1411148896.715
8 5 240731679.713
8 6 1272871955.688
8 7 708852771.969
8 9 755018677.422
8 10 195577893.564
8 11 679530578.418
9 0 690691087.008
9 1 488584497.372
9 2 670030101.456
9 3 1710047179.120
9 4 638242977.924
9 5 1604610088.386
9 6 1050755825.105
9 7 884980580.074
9 8 879056417.356
9 10 832196531.344
9 11 903193881.477
10 0 393093759.133
10 1 1429216494.224
10 2 664140231.186
10 3 386020252.197
10 4 708514697.916
10 5 847538988.095
10 6 1452169394.299
10 7 537964617.025
10 8 864389470.042
10 9 435144458.218
10 11 640591357.041
11 0 145558392.118
11 1 501767427.067
11 2 711489704.073
11 3 1297490232.331
11 4 1017522090.527
11 5 479822294.693
11 6 1307672871.814
11 7 782384758.174
11 8 492596939.512
11 9 1299413208.157
11 10 674230504.606
