132
0 1 693214663.317
0 2 342348480.270
0 3 252306741.946
0 4 615454358.808
0 5 507541185.841
0 6 587750238.037
0 7 148129686.837
0 8 433654737.102
0 9 413277379.851
0 10 334849078.557
0 11 345681695.999
1 0 294875993.256
1 2 759533733.915
1 3 2332207747.617
1 4 745478363.391
1 5 1712210617.802
1 6 427609054.043
1 7 419813488.324
1 8 1447300172.373
1 9 2084053066.051
1 10 504040270.878
1 11 903320056.692
2 0 228082883.853
2 1 1256919634.159
2 3 1054102894.464
2 4 1338932456.412
2 5 424035748.952
2 6 834170607.622
2 7 489401272.482
2 8 862203414.074
2 9 519084733.029
2 10 921473224.674
2 11 239204856.601
3 0 129900797.317
3 1 2120250944.344
3 2 1155869636.408
3 4 908022727.363
3 5 485751171.424
3 6 1907928728.863
3 7 709530704.968
3 8 940355080.039
3 9 1950148351.805
3 10 1376491656.297
3 11 1167672376.864
4 0 520253754.949
4 1 1709517840.206
4 2 1265777702.548
4 3 1225814239.069
4 5 623172696.449
4 6 954407984.948
4 7 1051035760.404
4 8 587556152.262
4 9 639931382.680
4 10 1217530619.738
4 11 1266618126.038
5 0 311043206.034
5 1 1057410095.068
5 2 1034758543.452
5 3 344527337.166
5 4 337809714.916
5 6 1255905157.355
5 7 703354202.617
5 8 278607936.863
5 9 1344434588.597
5 10 231742020.738
5 11 825044418.758
6 0 223273281.112
6 1 452398134.041
6 2 575267565.611
6 3 411145478.816
6 4 2052254813.875
6 5 280939208.469
6 7 649766743.524
6 8 1137955759.804
6 9 1839034637.300
6 10 642482563.808
6 11 345333817.908
7 0 292394060.585
7 1 295336182.803
7 2 429524121.567
7 3 727812438.384
7 4 1009598820.103
7 5 1036164686.646
7 6 865982413.099
7 8 419492786.686
7 9 1149036005.497
7 10 966508015.651
7 11 322650408.781
8 0 188456678.814
8 1 852153635.396
8 2 203609896.842
8 3 1205832606.589
8 4 294001968.876
8 5 393295286.680
8 6 907733222.733
8 7 452094015.248
8 9 575687533.904
8 10 970644574.472
8 11 581321663.225
9 0 314337305.365
9 1 611881382.019
9 2 331873848.459
9 3 2143029707.464
9 4 1352309323.415
9 5 1529016637.904
9 6 1293875591.002
9 7 382874126.305
9 8 1254059005.747
9 10 412866199.531
9 11 484786577.966
10 0 88790299.007
10 1 1501252230.425
10 2 245981519.850
10 3 1129941766.847
10 4 511408607.426
10 5 227336720.492
10 6 1353895952.866
10 7 544073508.861
10 8 328779176.257
10 9 867295575.975
10 11 288598529.023
11 0 139581690.369
11 1 403655558.775
11 2 730394267.128
11 3 1083682304.833
11 4 1373134219.042
11 5 507828171.108
11 6 953330160.249
11 7 509882862.162
11 8 767832809.107
11 9 1409056255.569
11 10 323327720.786
