132
0 1 717272920.443
0 2 256465232.325
0 3 537897913.640
0 4 262911356.611
0 5 250647844.526
0 6 472554416.410
0 7 379795396.122
0 8 491439086.839
0 9 404785351.667
0 10 434516707.378
0 11 347718243.200
1 0 337910601.869
1 2 441901664.103
1 3 1414940405.471
1 4 2144534879.019
1 5 1153037708.179
1 6 1642303349.814
1 7 1080698102.821
1 8 901061642.076
1 9 950164250.795
1 10 696645268.724
1 11 567189016.524
2 0 145715357.082
2 1 783732221.266
2 3 919428307.189
2 4 654021236.400
2 5 918421437.544
2 6 1202425966.781
2 7 814472783.226
2 8 384749811.848
2 9 370873923.813
2 10 810161515.146
2 11 962288454.598
3 0 632697465.139
3 1 448196699.333
3 2 1354100807.017
3 4 1683510488.108
3 5 754550166.975
3 6 1325782962.334
3 7 1202515687.454
3 8 860967084.338
3 9 1804321273.188
3 10 459867780.971
3 11 800513155.059
4 0 506743378.244
4 1 2085262151.343
4 2 464118023.754
4 3 1547118697.256
4 5 738071336.777
4 6 752724769.214
4 7 413554149.110
4 8 1053517277.364
4 9 1397939357.225
4 10 584336257.644
4 11 1132733906.647
5 0 296637660.084
5 1 922237799.814
5 2 483293133.411
5 3 342583054.988
5 4 529049992.651
5 6 1636211701.664
5 7 799134484.573
5 8 238717931.470
5 9 1288913722.302
5 10 545972757.761
5 11 658250543.057
6 0 609324679.430
6 1 1590080509.227
6 2 454603305.520
6 3 1158812950.114
6 4 2108103597.394
6 5 290218274.363
6 7 707843485.584
6 8 929016208.350
6 9 2019838969.770
6 10 481452802.007
6 11 936071003.109
7 0 234727443.046
7 1 1554124018.410
7 2 374989744.675
7 3 1381458953.181
7 4 910075210.575
7 5 524010467.053
7 6 257977524.148
7 8 958944718.977
7 9 274609639.437
7 10 873528506.193
7 11 248801878.788
8 0 482385902.200
8 1 1026263127.317
8 2 315846477.797
8 3 386935389.273
8 4 1049131272.699
8 5 449531305.822
8 6 652353195.196
8 7 822084889.560
8 9 640968030.311
8 10 801933931.125
8 11 280533859.575
9 0 638737536.318
9 1 741178536.488
9 2 1319747095.006
9 3 1293294377.320
9 4 801415661.439
9 5 1117283419.375
9 6 1143020668.526
9 7 920563367.407
9 8 245856122.835
9 10 515807562.199
9 11 1108748368.325
10 0 310025681.820
10 1 578712398.150
10 2 478110437.830
10 3 368537300.448
10 4 269510019.215
10 5 1094420394.878
10 6 504221355.865
10 7 266293967.408
10 8 914808593.034
10 9 980921241.056
10 11 234403994.081
11 0 403533984.745
11 1 888368014.177
11 2 538832065.179
11 3 635230389.713
11 4 560669926.558
11 5 846844772.263
11 6 565641521.404
11 7 702308622.102
11 8 924585193.353
11 9 622895674.111
11 10 827844448.427
