132
0 1 604511433.365
0 2 401525258.269
0 3 162953112.318
0 4 722422859.607
0 5 247756708.231
0 6 182866844.759
0 7 356595480.545
0 8 248502655.070
0 9 241973397.582
0 10 266235333.764
0 11 192745531.377
1 0 715994402.767
1 2 1125425545.095
1 3 1285557039.603
1 4 1817884264.190
1 5 1224968222.301
1 6 1129638104.154
1 7 1371460474.298
1 8 863929526.991
1 9 1690706023.640
1 10 716810542.754
1 11 1353918447.838
2 0 212440267.771
2 1 403536818.111
2 3 865064841.737
2 4 1352233978.959
2 5 863848962.404
2 6 1112258366.383
2 7 342584647.451
2 8 719326793.762
2 9 1460780889.649
2 10 296502102.537
2 11 455860580.355
3 0 462414546.792
3 1 2180258287.277
3 2 379362307.809
3 4 1129350342.280
3 5 1198288345.413
3 6 437333099.580
3 7 305757818.597
3 8 1070479578.544
3 9 2162884505.208
3 10 308084877.440
3 11 738194670.271
4 0 379494522.964
4 1 2039136172.577
4 2 476963061.369
4 3 1227299255.031
4 5 1101173009.190
4 6 1050197119.358
4 7 1382705232.558
4 8 1457913922.399
4 9 1100409061.448
4 10 801538224.779
4 11 877325303.143
5 0 145045296.542
5 1 1486162056.070
5 2 977267688.858
5 3 826863854.772
5 4 1535541729.958
5 6 355636806.191
5 7 560040556.212
5 8 543220040.025
5 9 793717217.686
5 10 534571207.313
5 11 366105819.932
6 0 594520653.853
6 1 1344918293.798
6 2 1052163302.967
6 3 1126725810.168
6 4 1087445116.443
6 5 274917162.677
6 7 872184620.225
6 8 796116098.918
6 9 1351520435.475
6 10 340806265.877
6 11 479113603.453
7 0 391587315.574
7 1 1251750316.996
7 2 360374965.235
7 3 972845075.619
7 4 881750653.903
7 5 855420241.784
7 6 977488358.417
7 8 400466367.677
7 9 1277988101.116
7 10 593576360.377
7 11 473768132.872
8 0 277957393.882
8 1 479383849.665
8 2 773033494.372
8 3 683647397.096
8 4 354745827.323
8 5 755131078.909
8 6 761940475.772
8 7 897399965.718
8 9 1307132345.433
8 10 849802579.515
8 11 435509339.366
9 0 431624541.798
9 1 1502512356.458
9 2 486628229.467
9 3 849078309.998
9 4 1666323991.972
9 5 573062946.702
9 6 1026101400.161
9 7 511677673.204
9 8 755563399.267
9 10 521426724.802
9 11 523259404.479
10 0 273308141.025
10 1 320086840.657
10 2 489629306.625
10 3 611797517.816
10 4 1368138426.625
10 5 900373041.693
10 6 487262368.961
10 7 226722528.470
10 8 520564790.827
10 9 1154666151.342
10 11 275378883.992
11 0 120631180.541
11 1 1171207131.617
11 2 350998854.741
11 3 540579814.153
11 4 577018204.030
11 5 800762560.327
11 6 886712907.416
11 7 513503061.095
11 8 733626389.005
11 9 984776600.791
11 10 785287818.847
