132
0 1 415386955.249
0 2 352688617.464
0 3 691490202.136
0 4 200545357.042
0 5 174956159.003
0 6 628903211.177
0 7 482668553.018
0 8 81763978.416
0 9 584455809.256
0 10 231211610.632
0 11 356503661.172
1 0 616028228.593
1 2 965110669.673
1 3 903946772.244
1 4 2280988257.088
1 5 509305299.257
1 6 1779005726.111
1 7 1464788741.849
1 8 895720315.470
1 9 2106704266.510
1 10 473986277.966
1 11 1190745487.171
2 0 323815070.114
2 1 1363923917.053
2 3 779129743.258
2 4 583720997.998
2 5 786018746.922
2 6 1130553761.083
2 7 163274982.291
2 8 523074113.821
2 9 844121948.494
2 10 676997076.811
2 11 540515781.195
3 0 615997487.200
3 1 2026749413.378
3 2 918855025.788
3 4 991056331.286
3 5 983339552.317
3 6 843231279.630
3 7 409680394.215
3 8 866228404.543
3 9 1245067055.381
3 10 1424099738.927
3 11 1257399766.414
4 0 572493997.192
4 1 846423642.605
4 2 891767611.986
4 3 1220085431.805
4 5 1362029203.930
4 6 2033020796.351
4 7 1052277388.515
4 8 257813198.266
4 9 1544242138.415
4 10 823930910.590
4 11 465259245.494
5 0 157628649.352
5 1 736919197.057
5 2 693046907.273
5 3 774670171.803
5 4 519867618.861
5 6 916989301.032
5 7 334576575.240
5 8 760499834.798
5 9 1232417353.976
5 10 676738695.096
5 11 692266991.151
6 0 346456234.772
6 1 1208578388.739
6 2 259774955.328
6 3 1917720349.914
6 4 1103547700.581
6 5 411239017.014
6 7 1378342352.068
6 8 646946539.322
6 9 431176238.043
6 10 1094414480.843
6 11 482642950.174
7 0 229614840.909
7 1 605596399.088
7 2 667042849.885
7 3 1264503869.675
7 4 449202954.054
7 5 1056081771.424
7 6 594994297.793
7 8 158370280.114
7 9 282721882.607
7 10 417064984.273
7 11 639343236.727
8 0 388476005.851
8 1 1171386931.925
8 2 970057720.911
8 3 922757833.104
8 4 929973072.696
8 5 794375146.624
8 6 1385676074.868
8 7 951792583.775
8 9 238913485.900
8 10 901018531.443
8 11 497306420.901
9 0 641616808.314
9 1 894325139.274
9 2 269389929.119
9 3 1271299245.961
9 4 1027048411.442
9 5 612352979.191
9 6 1800458623.557
9 7 430077753.964
9 8 1011669584.352
9 10 1297232889.314
9 11 1269686666.159
10 0 279008714.688
10 1 1208934569.677
10 2 648968563.337
10 3 653417510.323
10 4 1359924973.746
10 5 1053437931.588
10 6 678092140.350
10 7 925705497.972
10 8 296097566.696
10 9 405610611.818
10 11 685436140.908
11 0 167744123.743
11 1 1203072459.639
11 2 427317981.662
11 3 1294411166.786
11 4 940728106.534
11 5 670644605.153
11 6 1221467739.779
11 7 967367038.924
11 8 534888732.817
11 9 667698412.852
11 10 769402974.454
