132
0 1 557317885.055
0 2 321777128.909
0 3 448914300.622
0 4 433955333.034
0 5 326951316.625
0 6 710341703.338
0 7 94658508.405
0 8 472196444.464
0 9 272651534.443
0 10 159943243.000
0 11 432843253.790
1 0 177024222.906
1 2 728270353.489
1 3 1951849116.642
1 4 2073813081.044
1 5 767820841.571
1 6 655428050.413
1 7 410821215.524
1 8 449502067.917
1 9 853635368.941
1 10 445785398.365
1 11 602370113.785
2 0 303504460.598
2 1 467383475.497
2 3 790584899.955
2 4 516831927.474
2 5 1005884729.294
2 6 908412992.437
2 7 226149529.232
2 8 719262914.161
2 9 555892962.070
2 10 585713056.025
2 11 803636352.773
3 0 664228182.129
3 1 1558255367.587
3 2 926232746.939
3 4 2161681806.317
3 5 1588270416.980
3 6 973495111.169
3 7 1393611990.416
3 8 421228074.007
3 9 1973009761.402
3 10 587359507.324
3 11 805152515.517
4 0 716942016.207
4 1 2056016800.109
4 2 1457143058.200
4 3 780400787.364
4 5 765354675.709
4 6 588398684.158
4 7 1277417564.252
4 8 280089299.737
4 9 1372461852.609
4 10 1037493080.067
4 11 428914927.334
5 0 151947260.559
5 1 429415765.129
5 2 214281514.849
5 3 442139357.543
5 4 1008134804.457
5 6 674767739.865
5 7 304493618.848
5 8 878708365.718
5 9 713568828.392
5 10 331176763.759
5 11 364438514.102
6 0 607476346.674
6 1 2299594878.555
6 2 302831484.292
6 3 2204618943.198
6 4 359038075.768
6 5 651588900.579
6 7 912854294.022
6 8 353498566.832
6 9 1609790898.267
6 10 1216599400.478
6 11 370837396.396
7 0 120233969.996
7 1 444715283.059
7 2 903487224.029
7 3 401951336.571
7 4 815596442.850
7 5 783066427.835
7 6 1255151383.777
7 8 538721185.786
7 9 1022208810.859
7 10 483465120.950
7 11 475739693.391
8 0 430940283.882
8 1 1265547954.357
8 2 341043193.302
8 3 643399029.504
8 4 341029778.295
8 5 945080945.253
8 6 938294679.100
8 7 755128005.016
8 9 370515894.573
8 10 314171601.375
8 11 170349820.813
9 0 242493675.340
9 1 853894070.032
9 2 849792184.200
9 3 1277397555.360
9 4 1804850597.138
9 5 1306519931.870
9 6 1214651784.629
9 7 1044847685.168
9 8 1384888233.785
9 10 558579684.093
9 11 501118082.553
10 0 268197808.695
10 1 1501797254.095
10 2 306980760.599
10 3 1004750740.793
10 4 1402264653.102
10 5 573978461.212
10 6 512329562.398
10 7 790199107.405
10 8 685198547.070
10 9 531009043.094
10 11 544563946.405
11 0 115212603.249
11 1 1282571928.902
11 2 333505328.383
11 3 666599154.016
11 4 943066649.246
11 5 911013378.016
11 6 416131267.436
11 7 886103703.153
11 8 285447582.566
11 9 1141102536.416
11 10 857529511.847
