132
0 1 551846224.105
0 2 298955044.606
0 3 505031704.871
0 4 147390825.260
0 5 139122590.083
0 6 533125509.690
0 7 461050708.104
0 8 259793956.869
0 9 405291562.047
0 10 254508876.228
0 11 410479002.670
1 0 705206382.900
1 2 941279235.940
1 3 1159174882.313
1 4 852609469.856
1 5 314651480.360
1 6 505961274.773
1 7 1284061604.415
1 8 486744635.607
1 9 2340736802.249
1 10 1569541934.537
1 11 687576901.255
2 0 252808070.487
2 1 1020591796.640
2 3 277443571.822
2 4 786417916.376
2 5 986380151.928
2 6 1308642193.973
2 7 205508809.124
2 8 356893605.570
2 9 1069720097.174
2 10 561230545.770
2 11 969390328.368
3 0 155379989.802
3 1 1962532590.069
3 2 604193532.492
3 4 1583918604.085
3 5 1519996789.763
3 6 694350061.304
3 7 1240911418.733
3 8 1122055205.919
3 9 1009319848.973
3 10 1468769284.729
3 11 1102452314.553
4 0 132032207.325
4 1 957255779.193
4 2 1356261545.064
4 3 484896878.218
4 5 827204666.694
4 6 563599233.631
4 7 637592412.798
4 8 870271063.433
4 9 2096308725.680
4 10 908844541.945
4 11 369447414.174
5 0 328523546.675
5 1 850538427.658
5 2 787916095.963
5 3 779659285.485
5 4 755090386.600
5 6 1278534296.961
5 7 568093441.975
5 8 320477051.818
5 9 282750797.010
5 10 1007402342.670
5 11 456879841.712
6 0 257503759.199
6 1 1827736417.304
6 2 296824678.097
6 3 602594950.788
6 4 673358018.177
6 5 1460841905.392
6 7 900981539.211
6 8 271922889.736
6 9 1878598360.355
6 10 254107359.233
6 11 643615677.334
7 0 90322775.694
7 1 844743765.275
7 2 824501101.353
7 3 1451426085.892
7 4 1352903105.145
7 5 1089784263.547
7 6 1299280427.109
7 8 882583106.406
7 9 397019475.090
7 10 408720699.246
7 11 618179484.399
8 0 234856130.005
8 1 1172077512.249
8 2 960818357.785
8 3 1105965785.757
8 4 572129720.503
8 5 547903992.318
8 6 672863307.742
8 7 275000686.254
8 9 676398952.362
8 10 427428671.342
8 11 605983682.675
9 0 482600979.173
9 1 2170330544.859
9 2 674491680.602
9 3 722813176.684
9 4 1242310153.428
9 5 1253356241.212
9 6 1636253676.703
9 7 942644939.091
9 8 1170195713.218
9 10 393499535.921
9 11 1228991434.597
10 0 198740233.896
10 1 1541655001.954
10 2 327626570.115
10 3 661106862.576
10 4 1185423069.095
10 5 487901779.414
10 6 721464018.311
10 7 176219727.370
10 8 864658398.063
10 9 1222622338.177
10 11 387132207.475
11 0 99954523.628
11 1 839432478.621
11 2 976811690.581
11 3 1281293069.515
11 4 890921119.420
11 5 206828570.682
11 6 1300314200.352
11 7 633709021.628
11 8 670449122.985
11 9 1141717034.064
11 10 621171845.049
