132
0 1 190336860.029
0 2 136549517.311
0 3 671277141.313
0 4 451190067.950
0 5 500538564.623
0 6 416637815.628
0 7 327991603.735
0 8 128698030.764
0 9 367466976.319
0 10 400456782.595
0 11 460687430.379
1 0 726713947.709
1 2 411102786.897
1 3 426136349.058
1 4 622914315.535
1 5 1577934707.219
1 6 395597205.998
1 7 1564584091.172
1 8 1101632249.133
1 9 2101192160.397
1 10 1340893545.961
1 11 1351342898.682
2 0 244572376.851
2 1 573926356.257
2 3 1197490870.537
2 4 979319641.679
2 5 907701618.695
2 6 1260690503.279
2 7 259222077.351
2 8 828514650.300
2 9 933328965.054
2 10 559656254.653
2 11 253298381.707
3 0 256845236.067
3 1 401742234.053
3 2 281494144.774
3 4 697651446.353
3 5 412159413.301
3 6 1897531845.307
3 7 908720635.198
3 8 1379193069.280
3 9 1884198445.264
3 10 1370661632.290
3 11 1220747175.170
4 0 588543999.048
4 1 1848683505.379
4 2 1021013444.787
4 3 1335565706.177
4 5 1250713609.394
4 6 2043659878.242
4 7 848135523.029
4 8 751966393.838
4 9 1330370352.441
4 10 1136506447.831
4 11 551431815.811
5 0 349931088.225
5 1 1752104471.145
5 2 874606727.453
5 3 1222188139.896
5 4 1496440966.060
5 6 544586866.533
5 7 264914704.515
5 8 830433892.545
5 9 1575258425.904
5 10 533061889.827
5 11 274866022.100
6 0 716129962.069
6 1 1951803084.553
6 2 671395155.024
6 3 1735784278.306
6 4 2071356786.792
6 5 824701367.414
6 7 842744950.407
6 8 926506236.464
6 9 1903412414.722
6 10 489367536.469
6 11 383311454.630
7 0 120467073.568
7 1 1588356018.949
7 2 250094781.528
7 3 811608385.636
7 4 511527914.479
7 5 424386248.737
7 6 550278820.556
7 8 202207292.167
7 9 1055638999.689
7 10 507499752.609
7 11 324026353.989
8 0 444276624.328
8 1 322762339.623
8 2 893561360.692
8 3 600451189.456
8 4 941335717.623
8 5 803556500.011
8 6 591639322.775
8 7 972332028.812
8 9 342289844.752
8 10 828423054.806
8 11 938715888.939
9 0 580408070.191
9 1 1460254792.400
9 2 968033043.256
9 3 1437327369.732
9 4 1128324131.538
9 5 1450388134.350
9 6 1591198491.877
9 7 1431848111.200
9 8 954047531.537
9 10 1184896262.056
9 11 493369475.842
10 0 228199209.161
10 1 1420693301.678
10 2 766251112.544
10 3 262456015.697
10 4 1239438151.623
10 5 341269339.723
10 6 259009061.862
10 7 785063233.449
10 8 689687195.122
10 9 1323874067.606
10 11 714869722.128
11 0 412306783.351
11 1 1006547758.794
11 2 483572444.030
11 3 1074178487.879
11 4 1379382203.648
11 5 721261445.469
11 6 1185688910.591
11 7 225431525.419
11 8 218875008.279
11 9 1358570642.928
11 10 336796591.773
