132
0 1 480024296.513
0 2 101217576.911
0 3 603708125.848
0 4 408050127.604
0 5 245676226.687
0 6 372078058.430
0 7 373227943.040
0 8 270157270.027
0 9 650044322.598
0 10 118767371.069
0 11 280658092.181
1 0 264408505.523
1 2 1035876523.041
1 3 2283370228.684
1 4 1577481812.791
1 5 1798526959.851
1 6 1607918474.933
1 7 428992560.498
1 8 1228983253.793
1 9 2292895262.605
1 10 1275359755.663
1 11 1104220153.854
2 0 324127019.218
2 1 1313483771.595
2 3 868380429.833
2 4 392256630.291
2 5 577650421.664
2 6 1379982462.920
2 7 857955550.252
2 8 961106077.208
2 9 438047264.430
2 10 441936103.484
2 11 558943468.217
3 0 515330585.042
3 1 818308489.707
3 2 297469638.831
3 4 636731915.304
3 5 1128757224.787
3 6 2036877194.085
3 7 1033308632.691
3 8 451329877.672
3 9 1647261489.106
3 10 719795894.663
3 11 1066260069.899
4 0 709427890.165
4 1 1964693986.978
4 2 1108362185.424
4 3 1530718645.510
4 5 439761296.432
4 6 1055848218.499
4 7 332662279.340
4 8 1346959133.004
4 9 1133261678.141
4 10 265623802.191
4 11 1123044668.028
5 0 485353959.514
5 1 1509837103.111
5 2 804051187.490
5 3 680971411.700
5 4 648269272.409
5 6 447568282.628
5 7 392588321.692
5 8 661420850.144
5 9 1108310623.136
5 10 876368856.585
5 11 770482115.686
6 0 564066973.372
6 1 1097151241.388
6 2 448014248.425
6 3 449355079.332
6 4 1085458856.128
6 5 788148080.152
6 7 1283591048.301
6 8 578047025.667
6 9 1567786030.366
6 10 422622610.681
6 11 492979831.725
7 0 372491929.373
7 1 460063023.150
7 2 665716775.377
7 3 960289549.924
7 4 623307939.545
7 5 1016649832.392
7 6 1183481503.287
7 8 413631892.267
7 9 1212061577.253
7 10 482791682.863
7 11 345542570.227
8 0 147529039.386
8 1 683974080.178
8 2 931948407.787
8 3 245969916.387
8 4 814790153.659
8 5 898554491.823
8 6 637081759.512
8 7 730948684.860
8 9 1184650295.280
8 10 218478397.517
8 11 642494340.978
9 0 317576350.631
9 1 1993296673.634
9 2 588832854.705
9 3 1726945045.077
9 4 2028936422.882
9 5 1128562871.440
9 6 546815320.666
9 7 913403165.215
9 8 1175268537.449
9 10 666477741.265
9 11 323345713.921
10 0 321578177.624
10 1 1535212754.875
10 2 905855412.548
10 3 1004614939.985
10 4 595472884.428
10 5 787459986.532
10 6 1051580110.357
10 7 523100516.701
10 8 176559665.761
10 9 1460164921.722
10 11 748360736.405
11 0 297510966.563
11 1 1103262738.064
11 2 964752301.906
11 3 1429884627.741
11 4 1262898246.796
11 5 208087406.582
11 6 1458581311.202
11 7 435636457.735
11 8 960943017.917
11 9 1211018840.775
11 10 537212992.418
