132
0 1 325901049.773
0 2 100698060.424
0 3 232237523.713
0 4 532073303.579
0 5 92575069.541
0 6 242146719.788
0 7 463660144.295
0 8 430117255.303
0 9 632908932.464
0 10 417959970.617
0 11 85691161.780
1 0 452520146.295
1 2 1228831386.083
1 3 1615608184.426
1 4 1339109366.817
1 5 612451952.726
1 6 492730848.172
1 7 1416564461.322
1 8 368801286.229
1 9 595895747.188
1 10 1025932825.272
1 11 1498578553.530
2 0 426867605.974
2 1 1107154244.109
2 3 354199942.206
2 4 885230855.563
2 5 476832990.458
2 6 700355084.805
2 7 236374900.585
2 8 410451345.898
2 9 1194376674.324
2 10 499995227.155
2 11 276712361.122
3 0 638024054.931
3 1 486854273.972
3 2 575217890.471
3 4 2057889761.984
3 5 727586406.216
3 6 1760175201.138
3 7 1308189817.787
3 8 999415866.662
3 9 1538431316.645
3 10 864571356.092
3 11 1275535767.445
4 0 368601019.935
4 1 2363718232.863
4 2 401583117.160
4 3 665278214.112
4 5 336373877.871
4 6 1917332838.096
4 7 690691717.047
4 8 1235677811.966
4 9 1969663528.635
4 10 936096886.625
4 11 550872693.253
5 0 90742434.016
5 1 1656267259.836
5 2 461451337.610
5 3 362757964.994
5 4 1608171929.477
5 6 1038857224.230
5 7 1036983416.069
5 8 936519859.732
5 9 872245966.227
5 10 561163352.852
5 11 740093358.664
6 0 521333450.279
6 1 1119170697.907
6 2 1046982202.691
6 3 1658672023.297
6 4 1557735749.877
6 5 352973656.605
6 7 791140961.322
6 8 690234572.717
6 9 582486434.628
6 10 469404496.886
6 11 1190643028.937
7 0 323697727.182
7 1 935824572.630
7 2 874495431.695
7 3 1255061417.330
7 4 1330841495.946
7 5 973632942.845
7 6 467432273.753
7 8 301057684.032
7 9 1080540806.205
7 10 530649879.107
7 11 610483757.475
8 0 91878118.493
8 1 908125787.617
8 2 512226319.555
8 3 882633291.861
8 4 1412697154.147
8 5 546390914.001
8 6 1168300722.150
8 7 650109694.517
8 9 690472041.895
8 10 909656767.218
8 11 165875296.188
9 0 250281328.022
9 1 1069419191.246
9 2 1073605224.492
9 3 545900264.755
9 4 433331969.937
9 5 1467347895.583
9 6 1702910471.105
9 7 825529773.388
9 8 974604159.019
9 10 1173152503.963
9 11 905527306.794
10 0 383557508.492
10 1 315452126.229
10 2 774612598.747
10 3 670933384.066
10 4 956708804.543
10 5 422057544.394
10 6 377578561.207
10 7 160710612.206
10 8 487940803.078
10 9 622520401.952
10 11 693173385.160
11 0 384520619.797
11 1 933181372.237
11 2 187118131.614
11 3 774421532.715
11 4 848597715.353
11 5 743601839.625
11 6 914935274.431
11 7 551866837.474
11 8 158810042.350
11 9 1394665921.474
11 10 262501339.163
