132
0 1 597477296.103
0 2 442649212.684
0 3 656856194.954
0 4 498384441.846
0 5 259955499.626
0 6 684529428.219
0 7 331841845.343
0 8 339489715.630
0 9 187883195.266
0 10 375737360.111
0 11 431556433.651
1 0 717657438.733
1 2 730258293.398
1 3 1915373417.969
1 4 1453938964.602
1 5 514631023.669
1 6 1092890418.542
1 7 1591138584.902
1 8 923826508.796
1 9 948477491.207
1 10 1406402882.935
1 11 670106235.733
2 0 82856429.737
2 1 1147772928.953
2 3 534105814.937
2 4 1192271336.275
2 5 340370374.457
2 6 370140316.907
2 7 389909350.039
2 8 173257359.117
2 9 835587521.426
2 10 220718491.314
2 11 679543437.892
3 0 362577847.785
3 1 1828503390.694
3 2 498970071.036
3 4 783542961.231
3 5 884511814.390
3 6 1128306229.844
3 7 373014563.482
3 8 1057855546.750
3 9 1152422194.372
3 10 265575138.912
3 11 1385029064.046
4 0 592853018.484
4 1 1397403433.151
4 2 833750541.586
4 3 1794640763.910
4 5 1502060856.413
4 6 764692873.159
4 7 1046841908.040
4 8 757601967.158
4 9 626700925.819
4 10 910786206.654
4 11 517199344.866
5 0 394259900.209
5 1 1354315482.269
5 2 1047034362.324
5 3 540629682.006
5 4 481785829.412
5 6 1279105529.808
5 7 848712948.884
5 8 208848202.772
5 9 794527253.870
5 10 1099222407.361
5 11 638420099.285
6 0 391085827.608
6 1 2314826854.036
6 2 913291259.185
6 3 1628979376.354
6 4 1391385896.121
6 5 1250966828.629
6 7 278300741.362
6 8 1299058985.219
6 9 1270400858.638
6 10 967827372.339
6 11 1265096964.952
7 0 156359873.993
7 1 388718430.443
7 2 388697643.450
7 3 1362061153.944
7 4 883810225.984
7 5 847121294.973
7 6 1267258483.406
7 8 294140539.101
7 9 608895432.150
7 10 911405219.802
7 11 555730651.084
8 0 135203163.502
8 1 1529051444.166
8 2 571551550.245
8 3 464389124.083
8 4 1047216905.656
8 5 715575986.018
8 6 1263380653.180
8 7 603015969.790
8 9 1305962836.863
8 10 545165768.310
8 11 287778183.062
9 0 144429027.907
9 1 1303768588.863
9 2 498129958.857
9 3 2033623055.987
9 4 786536191.250
9 5 320347102.614
9 6 2069250560.097
9 7 341991015.866
9 8 1475599924.901
9 10 1387554871.636
9 11 644879408.098
10 0 429262147.990
10 1 1042882018.943
10 2 222305545.967
10 3 1162977675.621
10 4 361516039.315
10 5 1092285186.083
10 6 1294537370.525
10 7 938343346.622
10 8 686492045.420
10 9 490866206.729
10 11 561319188.188
11 0 477747549.315
11 1 568100814.047
11 2 530580349.680
11 3 1202212735.000
11 4 457943875.033
11 5 547484736.221
11 6 547662154.762
11 7 357149458.584
11 8 311996792.486
11 9 801835481.560
11 10 955298111.270
