132
0 1 710907326.688
0 2 453669530.670
0 3 258480629.480
0 4 648442677.732
0 5 218402372.551
0 6 617785476.007
0 7 121978325.578
0 8 307377606.758
0 9 160025372.415
0 10 102029062.991
0 11 231156835.694
1 0 404272746.561
1 2 812517103.737
1 3 2243489234.234
1 4 2213631853.838
1 5 330792233.122
1 6 1740931270.737
1 7 503339378.196
1 8 553432641.379
1 9 1406437661.822
1 10 268095158.969
1 11 1417443897.170
2 0 187374581.741
2 1 310149029.640
2 3 1016365840.634
2 4 610761130.423
2 5 1022221392.562
2 6 1256802229.025
2 7 436773232.054
2 8 303803649.047
2 9 1368754187.940
2 10 249971624.670
2 11 433107485.415
3 0 266259937.090
3 1 682997441.989
3 2 276487495.011
3 4 1091299415.524
3 5 303116496.882
3 6 1947246045.684
3 7 462346092.859
3 8 501246077.804
3 9 868533967.888
3 10 1245756821.925
3 11 1110123291.142
4 0 597889695.058
4 1 1608350065.972
4 2 800844829.296
4 3 2069816111.110
4 5 530126083.554
4 6 2126449739.638
4 7 476412084.458
4 8 1279142468.823
4 9 1257896846.034
4 10 1320929732.967
4 11 881627854.493
5 0 280465875.878
5 1 834980708.949
5 2 361475402.460
5 3 1123766853.933
5 4 1267528017.345
5 6 516068530.708
5 7 317525658.260
5 8 378603927.469
5 9 1037215456.450
5 10 579538738.764
5 11 363048314.199
6 0 586623582.474
6 1 2044892220.292
6 2 839182507.229
6 3 1220564372.557
6 4 2164280432.744
6 5 444750743.204
6 7 527267049.615
6 8 297054729.659
6 9 1864885101.235
6 10 794290814.150
6 11 994333170.424
7 0 237581256.090
7 1 801034185.183
7 2 541517035.118
7 3 714548931.335
7 4 757800543.501
7 5 961573825.098
7 6 466236812.119
7 8 803724729.122
7 9 357216792.930
7 10 223211918.583
7 11 338017853.177
8 0 359087168.254
8 1 1254326964.805
8 2 855012238.530
8 3 416403273.708
8 4 1383403710.165
8 5 479770337.305
8 6 736872174.734
8 7 210311296.801
8 9 1128346840.839
8 10 669786909.225
8 11 310297080.803
9 0 469040795.367
9 1 2139782422.227
9 2 1272772715.148
9 3 1280595086.636
9 4 1394432814.298
9 5 828202879.895
9 6 2061072069.958
9 7 880979098.900
9 8 732541143.992
9 10 488501591.145
9 11 1318903645.035
10 0 364219052.048
10 1 1155778090.054
10 2 765331202.095
10 3 547491514.295
10 4 382912202.407
10 5 407632272.532
10 6 1003965827.127
10 7 351271133.381
10 8 544608165.730
10 9 1101721283.803
10 11 335881680.539
11 0 391139045.431
11 1 783573679.550
11 2 653939917.770
11 3 1045037254.456
11 4 1031645477.008
11 5 251273786.835
11 6 1454839201.244
11 7 515257748.332
11 8 821318611.423
11 9 1399919776.270
11 10 718009696.982
