132
0 1 666133647.438
0 2 207224852.539
0 3 316793033.742
0 4 566528593.521
0 5 433925426.208
0 6 203347554.794
0 7 134251533.943
0 8 331183444.793
0 9 484127352.630
0 10 455081692.417
0 11 159472648.555
1 0 255182051.601
1 2 738753062.194
1 3 393855272.158
1 4 2098233640.407
1 5 779328870.223
1 6 1786962022.799
1 7 577994286.098
1 8 1018640869.638
1 9 690500585.707
1 10 1110295309.834
1 11 995335092.271
2 0 129196147.032
2 1 746635139.440
2 3 831388206.607
2 4 1285405878.930
2 5 1047389499.231
2 6 238041061.564
2 7 548988885.628
2 8 683844978.954
2 9 374649040.766
2 10 172233162.903
2 11 676364553.927
3 0 556556593.273
3 1 676996094.721
3 2 658258836.639
3 4 1445837341.287
3 5 1115350596.039
3 6 1240331662.126
3 7 884236970.610
3 8 926383173.356
3 9 1464339740.620
3 10 709549570.094
3 11 997766120.276
4 0 140847084.774
4 1 1532859674.009
4 2 318561216.559
4 3 2028170724.015
4 5 928916910.353
4 6 738749030.385
4 7 1146919574.445
4 8 966122225.039
4 9 1166261260.451
4 10 744393169.584
4 11 1009845725.059
5 0 103125878.268
5 1 1025926902.920
5 2 925677989.895
5 3 1273014702.244
5 4 1073781541.156
5 6 1025864223.639
5 7 748179877.724
5 8 758996010.211
5 9 723401837.976
5 10 1042704545.031
5 11 264520054.421
6 0 371339574.856
6 1 634555230.716
6 2 240837308.437
6 3 1336521039.436
6 4 1859644535.904
6 5 799616064.275
6 7 1266362586.274
6 8 1410456674.855
6 9 1258234501.227
6 10 1273261116.926
6 11 510739701.467
7 0 323198012.275
7 1 410413444.644
7 2 470094718.841
7 3 1293658583.912
7 4 671259043.716
7 5 839067552.386
7 6 1429091045.062
7 8 250031106.059
7 9 365296685.806
7 10 315569959.009
7 11 903008391.372
8 0 473030800.057
8 1 1335297756.383
8 2 386680151.135
8 3 1010020705.153
8 4 778910639.588
8 5 259443756.043
8 6 297442456.798
8 7 568144676.754
8 9 1252089192.340
8 10 785804273.641
8 11 513588361.734
9 0 153542254.431
9 1 1545088038.089
9 2 817982054.672
9 3 1318348454.901
9 4 1083810223.843
9 5 1588914772.225
9 6 2147682230.268
9 7 1311581979.727
9 8 337413859.607
9 10 1149427905.300
9 11 930369602.995
10 0 82504815.123
10 1 1305944377.633
10 2 393386432.345
10 3 646675479.412
10 4 1079223730.667
10 5 921891014.039
10 6 911866906.600
10 7 446058131.380
10 8 893576009.068
10 9 1178804114.555
10 11 723569536.504
11 0 472239436.623
11 1 1254276119.235
11 2 240772228.468
11 3 262714856.246
11 4 452390290.269
11 5 563937433.937
11 6 1020707455.638
11 7 676096903.994
11 8 208576242.702
11 9 1238725324.864
11 10 382921316.204
