132
0 1 676394651.388
0 2 255104800.275
0 3 453317835.425
0 4 490709372.874
0 5 105138385.511
0 6 559301138.076
0 7 79091092.685
0 8 279726500.816
0 9 717623687.336
0 10 143873564.223
0 11 368063633.430
1 0 507516488.395
1 2 1220554551.061
1 3 742041508.416
1 4 1919336434.971
1 5 1739516943.510
1 6 549776142.588
1 7 1295918112.107
1 8 302965894.867
1 9 1346799044.464
1 10 983669798.261
1 11 554616570.349
2 0 319557878.456
2 1 439195587.213
2 3 946499126.581
2 4 778200767.480
2 5 866114606.323
2 6 297524662.409
2 7 767231640.914
2 8 954357083.081
2 9 620553578.510
2 10 443620845.854
2 11 454516510.942
3 0 737581507.108
3 1 1505231704.416
3 2 946731904.048
3 4 448624895.023
3 5 361318406.083
3 6 1137880773.884
3 7 1309356944.567
3 8 318757348.295
3 9 2100558598.033
3 10 848379262.061
3 11 947252556.842
4 0 602101671.728
4 1 401723421.640
4 2 1154048248.581
4 3 820701756.661
4 5 1300359281.482
4 6 1092159027.146
4 7 749682599.891
4 8 346907359.890
4 9 422474294.009
4 10 468595397.719
4 11 569856132.846
5 0 157763549.653
5 1 416081766.726
5 2 525417840.045
5 3 744676793.505
5 4 953684012.122
5 6 1386851746.937
5 7 425597835.375
5 8 866481312.348
5 9 377011138.456
5 10 285621011.413
5 11 947990324.363
6 0 147420291.044
6 1 782061468.587
6 2 631890095.740
6 3 1712258428.337
6 4 943825359.194
6 5 299937612.174
6 7 778880098.315
6 8 502851104.785
6 9 1538407656.226
6 10 1122628957.068
6 11 636071610.828
7 0 407476102.309
7 1 1443487118.446
7 2 715099133.563
7 3 325918170.180
7 4 1375051678.277
7 5 554967288.493
7 6 1366662571.032
7 8 920180291.249
7 9 610001741.080
7 10 903484908.525
7 11 891647323.963
8 0 88177750.841
8 1 934761058.354
8 2 325841039.918
8 3 718927176.127
8 4 625122667.543
8 5 342971828.800
8 6 352055057.999
8 7 947068543.083
8 9 1353228953.962
8 10 702221259.013
8 11 250586024.643
9 0 204295644.001
9 1 2283788184.380
9 2 1059578541.077
9 3 1836466161.777
9 4 648168784.309
9 5 757332178.382
9 6 1893817924.279
9 7 1216587008.918
9 8 1399490628.383
9 10 1063390032.815
9 11 966452663.443
10 0 266989026.843
10 1 706372908.726
10 2 878437290.227
10 3 1265256002.275
10 4 1471559540.070
10 5 1017122234.244
10 6 314508374.070
10 7 539147683.542
10 8 670420172.013
10 9 941005919.949
10 11 834038740.146
11 0 214360285.980
11 1 379972120.593
11 2 197427560.097
11 3 1081166580.056
11 4 327771390.012
11 5 593042308.839
11 6 822039261.243
11 7 899120140.057
11 8 423307820.107
11 9 629928631.443
11 10 937298152.708
