132
0 1 786653722.878
0 2 475568633.144
0 3 505524619.153
0 4 124745517.892
0 5 513316903.472
0 6 130302002.430
0 7 162067665.557
0 8 143348894.651
0 9 197801623.551
0 10 427526277.691
0 11 122119090.082
1 0 331761972.281
1 2 1096619575.431
1 3 1523104991.313
1 4 1472233956.457
1 5 1604896210.382
1 6 869908214.648
1 7 1418782996.548
1 8 664008362.269
1 9 412453780.372
1 10 295029709.603
1 11 967615025.681
2 0 95338562.822
2 1 377688789.333
2 3 940572717.405
2 4 1275347337.321
2 5 1035829811.632
2 6 998778820.395
2 7 622918790.163
2 8 906869940.482
2 9 1084518033.436
2 10 827973799.248
2 11 978231425.303
3 0 272947042.172
3 1 2207365479.779
3 2 1320054903.720
3 4 582239280.174
3 5 1241344498.996
3 6 2016335610.201
3 7 446095794.879
3 8 358315882.709
3 9 523053050.241
3 10 992667242.133
3 11 684282975.791
4 0 598734290.523
4 1 1641817304.464
4 2 491868539.150
4 3 918029143.127
4 5 1126137623.216
4 6 1318868073.438
4 7 313414943.281
4 8 354582189.750
4 9 591767218.158
4 10 279339289.775
4 11 1359443041.149
5 0 427467301.294
5 1 1632205984.966
5 2 239772551.086
5 3 1286627120.884
5 4 288583653.518
5 6 1437290321.940
5 7 996976553.592
5 8 668381782.279
5 9 851479972.531
5 10 957263818.433
5 11 751377870.998
6 0 316043402.664
6 1 1413685431.993
6 2 1026746148.397
6 3 2143106771.257
6 4 1529332733.723
6 5 1112685542.629
6 7 1011436185.292
6 8 1391753753.258
6 9 360053991.206
6 10 631866068.337
6 11 283586878.562
7 0 354339919.990
7 1 542248403.859
7 2 569747796.394
7 3 984483407.333
7 4 1393784424.541
7 5 605061308.059
7 6 975363217.453
7 8 300636872.284
7 9 415768373.561
7 10 780786072.237
7 11 416850796.241
8 0 409337837.824
8 1 1522538336.721
8 2 951935998.048
8 3 1226088729.600
8 4 701148666.144
8 5 1017378697.018
8 6 1456061143.554
8 7 623263637.646
8 9 1000524782.697
8 10 326059287.379
8 11 449318847.615
9 0 132002153.368
9 1 1750234636.251
9 2 1022170112.518
9 3 949155329.882
9 4 1445135012.660
9 5 1553344989.052
9 6 1491212504.440
9 7 806893151.932
9 8 896247079.009
9 10 1412656633.540
9 11 818721054.970
10 0 177951579.819
10 1 440202769.498
10 2 583910266.579
10 3 530956258.530
10 4 404406561.848
10 5 963844530.977
10 6 739831972.963
10 7 980375596.816
10 8 166055962.829
10 9 986505557.185
10 11 484992028.801
11 0 104662076.775
11 1 677890678.329
11 2 832144232.014
11 3 415747516.498
11 4 454419889.607
11 5 254696778.310
11 6 832469873.236
11 7 581511686.760
11 8 234665374.721
11 9 1092420222.640
11 10 841051835.501
