132
0 1 765067131.708
0 2 427253462.659
0 3 365129244.367
0 4 491675695.707
0 5 548831602.713
0 6 527970980.561
0 7 479853370.091
0 8 153392427.792
0 9 338875816.073
0 10 483701432.330
0 11 269261231.929
1 0 290857380.848
1 2 479480397.681
1 3 2326291948.907
1 4 1590840421.124
1 5 1433109095.061
1 6 2142188168.075
1 7 838068044.688
1 8 916304314.285
1 9 1959726470.430
1 10 651066832.712
1 11 1275429353.601
2 0 452882181.046
2 1 311394172.221
2 3 988862373.084
2 4 1174742949.758
2 5 403900259.853
2 6 565149912.634
2 7 946452897.459
2 8 304824750.807
2 9 1086918333.239
2 10 585069523.046
2 11 456546210.271
3 0 202802818.996
3 1 1836669318.169
3 2 590784079.054
3 4 700779644.683
3 5 1431137114.501
3 6 690044432.085
3 7 734343769.052
3 8 1254342557.358
3 9 1828544025.742
3 10 1034041295.157
3 11 764725457.294
4 0 385099551.030
4 1 1236658522.468
4 2 251787973.908
4 3 1516761338.912
4 5 1071859890.303
4 6 1614907112.005
4 7 438659196.870
4 8 915672214.895
4 9 431143143.684
4 10 428824431.122
4 11 378510277.537
5 0 207474264.556
5 1 917822809.879
5 2 941350451.998
5 3 1626577435.906
5 4 509276380.320
5 6 903363882.569
5 7 610658054.616
5 8 624035474.091
5 9 1035076055.945
5 10 387045469.882
5 11 311632252.571
6 0 610278861.341
6 1 1090560084.091
6 2 593670272.690
6 3 2086380596.507
6 4 1410422182.770
6 5 1162151066.505
6 7 1254736480.795
6 8 411640979.481
6 9 651877622.707
6 10 1442180139.216
6 11 1418812488.979
7 0 259178148.083
7 1 1556957166.916
7 2 927740746.633
7 3 917457920.771
7 4 776005835.190
7 5 970172921.632
7 6 950336264.109
7 8 713215281.335
7 9 417083620.504
7 10 705547637.271
7 11 569204199.030
8 0 306265619.433
8 1 1423872874.064
8 2 172541799.967
8 3 420217777.994
8 4 1313888643.157
8 5 1063550618.959
8 6 550826027.384
8 7 735837104.462
8 9 511044132.876
8 10 266574550.859
8 11 750592243.628
9 0 674154822.409
9 1 530428599.052
9 2 379295703.607
9 3 721280309.453
9 4 357293183.755
9 5 1547004370.323
9 6 805408395.106
9 7 832637542.361
9 8 972688017.646
9 10 1097572591.713
9 11 510618102.613
10 0 420264009.804
10 1 1406704605.579
10 2 602534042.265
10 3 1230973107.419
10 4 1006709366.782
10 5 687836802.564
10 6 1021097747.620
10 7 390263330.020
10 8 716667794.002
10 9 1422053545.212
10 11 471483427.910
11 0 402449628.320
11 1 349765361.725
11 2 783685639.008
11 3 920276973.279
11 4 887488824.648
11 5 609185375.172
11 6 258443722.361
11 7 315964411.265
11 8 899228689.367
11 9 1415339103.049
11 10 975711611.868
