132
0 1 267266566.847
0 2 242987985.524
0 3 514953013.594
0 4 638474427.386
0 5 513153486.143
0 6 161142174.545
0 7 123985970.867
0 8 240467815.450
0 9 490464136.168
0 10 429302760.535
0 11 405213201.182
1 0 180209027.528
1 2 1180862171.987
1 3 1976698242.958
1 4 1326199921.333
1 5 547349247.547
1 6 1849524482.529
1 7 471138999.548
1 8 1353693495.484
1 9 2224473712.962
1 10 1305502659.133
1 11 939502748.379
2 0 150484362.158
2 1 950386609.577
2 3 1444402663.201
2 4 643626382.258
2 5 1098526069.999
2 6 453767644.168
2 7 309280407.680
2 8 430151098.361
2 9 622236437.881
2 10 638692097.224
2 11 723564563.083
3 0 440647999.373
3 1 1450258040.669
3 2 1261952612.475
3 4 1858599510.958
3 5 818233834.223
3 6 2029356609.786
3 7 639265015.565
3 8 696949564.730
3 9 775570921.431
3 10 1099147073.278
3 11 1011217080.352
4 0 338229750.786
4 1 645276506.501
4 2 1237769330.971
4 3 2115027242.750
4 5 1548991439.411
4 6 1126268948.034
4 7 1087006688.165
4 8 441560143.842
4 9 1189334516.823
4 10 1244628509.989
4 11 451799313.647
5 0 192680797.993
5 1 1514064411.917
5 2 384615373.020
5 3 608893904.308
5 4 1453005475.402
5 6 616471396.905
5 7 777745564.581
5 8 799991997.200
5 9 1591190988.621
5 10 689673315.930
5 11 657848312.632
6 0 602998578.874
6 1 2203109943.430
6 2 587814614.190
6 3 1560333335.649
6 4 1833160694.605
6 5 617146883.594
6 7 1274398805.271
6 8 787942332.757
6 9 1338195532.592
6 10 1217991339.630
6 11 1279407996.495
7 0 416275891.337
7 1 1108841168.845
7 2 314408823.292
7 3 1180419422.454
7 4 248307327.169
7 5 324772512.814
7 6 1302144338.831
7 8 692577999.869
7 9 699520716.646
7 10 248744201.025
7 11 172552415.886
8 0 465790906.624
8 1 1262107570.433
8 2 972509004.299
8 3 667752069.659
8 4 633556697.070
8 5 595417814.668
8 6 1188843897.145
8 7 589082452.301
8 9 1002399657.526
8 10 223966804.467
8 11 757332211.967
9 0 175038508.203
9 1 2348062425.711
9 2 706060051.815
9 3 1185012446.805
9 4 437164349.857
9 5 475896571.900
9 6 2133336031.511
9 7 1280788267.051
9 8 423578222.803
9 10 1125971806.952
9 11 784477984.796
10 0 167381168.359
10 1 1440232708.788
10 2 347744080.713
10 3 1086326124.973
10 4 1285378227.957
10 5 460312789.470
10 6 898758400.622
10 7 487655717.990
10 8 847756790.053
10 9 572440859.514
10 11 782046164.957
11 0 303074859.461
11 1 1573405394.042
11 2 873623954.151
11 3 1211447996.423
11 4 1378459658.109
11 5 706568096.151
11 6 1439838017.875
11 7 764315640.132
11 8 617798680.080
11 9 304108764.928
11 10 555688422.434
