132
0 1 526712868.003
0 2 166166645.747
0 3 398500971.238
0 4 150619056.014
0 5 103221780.221
0 6 610087283.661
0 7 174326620.312
0 8 79791358.167
0 9 262612870.365
0 10 268279514.943
0 11 364657113.232
1 0 205196126.606
1 2 315863218.602
1 3 2348071139.323
1 4 2273819704.268
1 5 886954061.057
1 6 715131810.091
1 7 586093170.855
1 8 682568170.880
1 9 2061803399.494
1 10 1256974294.518
1 11 1293166613.709
2 0 337623616.252
2 1 334301001.119
2 3 367164297.987
2 4 594187590.338
2 5 652274457.333
2 6 1308620303.990
2 7 560507995.156
2 8 192930536.023
2 9 612958358.694
2 10 168497137.199
2 11 835868842.461
3 0 664742466.075
3 1 1957201521.940
3 2 533964181.936
3 4 1658747870.676
3 5 1349809316.780
3 6 1433444900.783
3 7 525908769.683
3 8 883232994.219
3 9 906181115.494
3 10 680770734.577
3 11 860132649.870
4 0 690298361.837
4 1 2245917907.927
4 2 341660113.623
4 3 701634961.083
4 5 1098761980.090
4 6 631456293.871
4 7 1109509623.173
4 8 1293849226.098
4 9 1109137919.317
4 10 1391345461.612
4 11 709925776.386
5 0 225889779.413
5 1 883404092.799
5 2 365208067.477
5 3 1149053193.858
5 4 602211172.691
5 6 1128715653.725
5 7 684564960.706
5 8 686578879.902
5 9 1546191960.503
5 10 391985644.135
5 11 720212511.236
6 0 546496902.545
6 1 1280259198.177
6 2 588417894.196
6 3 1683975762.741
6 4 643885740.906
6 5 1149359504.569
6 7 692913986.618
6 8 430673339.744
6 9 2083181854.215
6 10 990630262.425
6 11 646208543.932
7 0 170284531.996
7 1 1004564644.234
7 2 727340817.755
7 3 933450125.037
7 4 950754462.682
7 5 855522081.991
7 6 1409477266.166
7 8 350131543.568
7 9 1019768862.654
7 10 972684213.394
7 11 855582387.241
8 0 373831121.777
8 1 290450494.862
8 2 647880929.866
8 3 942281812.858
8 4 1457435522.731
8 5 773381295.471
8 6 620962318.463
8 7 699475893.218
8 9 884542047.998
8 10 723906832.910
8 11 616165754.147
9 0 494319594.286
9 1 2149665991.792
9 2 957978973.291
9 3 1017458540.399
9 4 1219832355.297
9 5 558437755.207
9 6 1985705808.878
9 7 497411083.610
9 8 695544815.355
9 10 380352714.574
9 11 588928558.121
10 0 385595033.720
10 1 1199905682.077
10 2 539448948.182
10 3 515464595.835
10 4 562197350.389
10 5 304717403.073
10 6 938215136.365
10 7 763908304.584
10 8 379052649.451
10 9 247005617.096
10 11 863344834.494
11 0 235315069.562
11 1 962682889.297
11 2 354633454.811
11 3 855783264.365
11 4 1448545408.686
11 5 945203114.944
11 6 703390805.114
11 7 555135659.840
11 8 310308719.762
11 9 1328346501.719
11 10 339661801.703
