132
0 1 710422861.659
0 2 185889618.152
0 3 486014532.186
0 4 327636501.425
0 5 110505914.040
0 6 188720989.243
0 7 394089420.662
0 8 356075795.032
0 9 467430679.681
0 10 117580618.444
0 11 240734513.209
1 0 469950302.334
1 2 1503690166.734
1 3 1223250129.120
1 4 1401853763.210
1 5 1195522962.136
1 6 1004173862.765
1 7 761887954.655
1 8 891818014.071
1 9 523006629.273
1 10 934650907.320
1 11 1263480937.238
2 0 135751730.671
2 1 1080201947.696
2 3 393224719.148
2 4 427349063.224
2 5 416822767.514
2 6 901624543.733
2 7 583725612.383
2 8 315330825.720
2 9 966562538.269
2 10 425461781.732
2 11 626563173.365
3 0 139330762.198
3 1 1226173704.589
3 2 822790740.632
3 4 1547935272.222
3 5 1082545831.071
3 6 1514916495.130
3 7 457494567.283
3 8 638596402.351
3 9 538170960.413
3 10 1263935047.813
3 11 1216847036.329
4 0 734700715.659
4 1 2029817549.534
4 2 1054905569.221
4 3 1799108082.728
4 5 827701125.189
4 6 972925728.628
4 7 716041062.063
4 8 493362070.362
4 9 1133682489.972
4 10 333650219.774
4 11 1321772669.742
5 0 224881046.126
5 1 1714006597.537
5 2 352585280.533
5 3 785488352.064
5 4 1022029967.394
5 6 1210914596.207
5 7 891458799.806
5 8 1063367351.269
5 9 1115694647.616
5 10 932807688.737
5 11 629913216.836
6 0 136355892.377
6 1 1697247912.611
6 2 750290898.870
6 3 1177457295.871
6 4 1039129249.859
6 5 790758512.453
6 7 1090135919.601
6 8 976591681.397
6 9 1287206380.711
6 10 982822220.760
6 11 344503047.568
7 0 472737279.748
7 1 768364026.847
7 2 460537062.774
7 3 707849180.611
7 4 757425914.121
7 5 629027572.231
7 6 1317247751.132
7 8 925209803.033
7 9 1413831768.015
7 10 380748281.160
7 11 219511351.407
8 0 283983673.676
8 1 843779651.735
8 2 479633119.921
8 3 1351969790.756
8 4 520256029.393
8 5 613153375.940
8 6 1332767968.143
8 7 234013928.426
8 9 247522041.235
8 10 665352006.715
8 11 754976008.334
9 0 485431463.067
9 1 1684249927.635
9 2 592775305.176
9 3 1972418218.322
9 4 687878769.507
9 5 1438220819.175
9 6 489073881.554
9 7 683375914.568
9 8 787586663.116
9 10 822723883.322
9 11 409263481.195
10 0 466450298.686
10 1 1134032153.036
10 2 619159832.851
10 3 1299460232.272
10 4 1197495671.944
10 5 229233738.178
10 6 573692520.298
10 7 759360540.027
10 8 280736523.653
10 9 623423657.273
10 11 325297040.203
11 0 443008771.988
11 1 784638491.979
11 2 513718009.160
11 3 867229573.622
11 4 793581688.760
11 5 728509324.143
11 6 369354609.192
11 7 768527975.763
11 8 471572716.605
11 9 468965358.707
11 10 680769933.026
