132
0 1 150364042.213
0 2 338568452.613
0 3 260995962.340
0 4 604310445.888
0 5 460425034.883
0 6 662086067.727
0 7 85583861.018
0 8 453268618.779
0 9 237186099.804
0 10 281172808.123
0 11 442247655.014
1 0 172798596.184
1 2 831270928.606
1 3 937349415.716
1 4 1866168832.757
1 5 1296455880.301
1 6 1514930620.107
1 7 490627590.704
1 8 1565025872.115
1 9 2100029747.553
1 10 381166594.298
1 11 748723259.221
2 0 128291564.041
2 1 855469852.164
2 3 1054308165.180
2 4 475228173.296
2 5 417633535.523
2 6 1061363537.976
2 7 707885134.674
2 8 843618104.148
2 9 1040596882.483
2 10 845441003.519
2 11 413254088.102
3 0 164567397.397
3 1 660815342.862
3 2 451920557.767
3 4 2123205986.859
3 5 1055857242.808
3 6 425983982.122
3 7 1211653386.987
3 8 829795480.285
3 9 1955097562.885
3 10 452942265.173
3 11 1441469385.374
4 0 695848071.038
4 1 1803020095.783
4 2 901780491.960
4 3 1303907098.773
4 5 1631082493.948
4 6 1354128660.683
4 7 1170977763.039
4 8 851457165.558
4 9 1027352115.244
4 10 470484573.554
4 11 1339916666.711
5 0 430231309.170
5 1 718223825.347
5 2 788631912.045
5 3 807171817.403
5 4 1365855165.224
5 6 897252130.103
5 7 402030739.092
5 8 1089272198.042
5 9 1132395618.405
5 10 574482209.950
5 11 808445178.280
6 0 736539090.643
6 1 736583339.488
6 2 637729434.536
6 3 1858134945.210
6 4 2059789957.670
6 5 493193830.511
6 7 514450303.126
6 8 1330413142.528
6 9 872762709.274
6 10 1179743655.199
6 11 568915160.583
7 0 151986493.357
7 1 272459314.933
7 2 756748433.948
7 3 1333919849.321
7 4 1029913008.033
7 5 901744715.007
7 6 1335332326.500
7 8 799055029.949
7 9 281613361.916
7 10 455693126.345
7 11 296146330.460
8 0 382030202.151
8 1 382989972.756
8 2 438139463.991
8 3 996659929.466
8 4 1471615209.078
8 5 661345875.233
8 6 1111455588.107
8 7 967204611.405
8 9 1008548131.585
8 10 780666294.321
8 11 185418379.780
9 0 273552740.405
9 1 1157076527.259
9 2 656255519.024
9 3 575235871.459
9 4 1329752845.278
9 5 1254312682.355
9 6 2173994065.936
9 7 1419023628.200
9 8 1307806669.427
9 10 915533130.977
9 11 452913667.197
10 0 262692076.345
10 1 843182588.223
10 2 922031559.421
10 3 604654750.033
10 4 1246281188.642
10 5 274430321.983
10 6 748158258.706
10 7 925893239.369
10 8 675034174.607
10 9 851257247.851
10 11 302774408.972
11 0 377224667.589
11 1 425026995.467
11 2 242766692.366
11 3 1372397364.934
11 4 806719930.960
11 5 563084920.912
11 6 1322484235.363
11 7 409960570.061
11 8 511555620.235
11 9 483365146.833
11 10 718005003.216
