132
0 1 305591773.037
0 2 258076173.717
0 3 688733251.500
0 4 118663936.612
0 5 424599438.364
0 6 249282919.960
0 7 465886592.547
0 8 363928319.481
0 9 611074886.438
0 10 356094025.413
0 11 186882130.872
1 0 797349802.547
1 2 1325463998.214
1 3 401311662.445
1 4 1259606355.747
1 5 560882652.022
1 6 1321762346.495
1 7 616666556.308
1 8 600530644.130
1 9 1329302709.672
1 10 1237826205.048
1 11 1010271245.455
2 0 202445567.579
2 1 919702021.883
2 3 1381717919.928
2 4 633135643.312
2 5 1069275635.854
2 6 1410220751.896
2 7 404187884.710
2 8 547066669.398
2 9 921328453.165
2 10 417873526.197
2 11 720977492.961
3 0 544360161.357
3 1 431952039.949
3 2 1009838234.308
3 4 674061824.995
3 5 1055181492.126
3 6 2039231792.611
3 7 1027671874.708
3 8 433118528.872
3 9 1984312922.211
3 10 719337966.599
3 11 1030327086.202
4 0 499954075.466
4 1 391425197.559
4 2 528563328.322
4 3 1806215515.647
4 5 671125696.942
4 6 1390973642.128
4 7 542937082.251
4 8 1001254103.528
4 9 1549352148.664
4 10 372042025.396
4 11 1248917578.239
5 0 266832299.214
5 1 825754333.491
5 2 613753566.623
5 3 882333957.209
5 4 1147201818.564
5 6 1593547372.425
5 7 411558803.348
5 8 1099972883.762
5 9 325618174.530
5 10 846867115.272
5 11 311811465.587
6 0 230734797.332
6 1 421921430.033
6 2 776341991.228
6 3 1370608814.528
6 4 1683454191.345
6 5 984473705.062
6 7 429133085.692
6 8 455161469.985
6 9 775508800.149
6 10 724352560.719
6 11 1001728895.599
7 0 186759208.715
7 1 1215739637.476
7 2 950558039.594
7 3 554900053.110
7 4 589872962.943
7 5 717459185.792
7 6 424836357.049
7 8 213759254.212
7 9 316400177.807
7 10 219963217.988
7 11 243862306.868
8 0 135732846.340
8 1 1218401138.132
8 2 692051915.588
8 3 509230224.004
8 4 691699915.640
8 5 828515845.198
8 6 971239878.748
8 7 726820935.653
8 9 886457163.725
8 10 515909402.918
8 11 449856274.329
9 0 431062827.633
9 1 1510822620.689
9 2 842987086.646
9 3 1077572552.288
9 4 1922383711.990
9 5 925108678.209
9 6 972714199.146
9 7 1277543726.859
9 8 724928493.495
9 10 1274602148.073
9 11 927161666.548
10 0 404160918.567
10 1 1556703924.906
10 2 893110267.198
10 3 483687545.604
10 4 542933776.923
10 5 752668332.899
10 6 455909313.181
10 7 374521966.061
10 8 862453322.067
10 9 1167019119.243
10 11 887074887.017
11 0 343404663.831
11 1 1489979576.883
11 2 809382625.020
11 3 580222698.170
11 4 1363869782.437
11 5 289499867.183
11 6 1367740268.594
11 7 443150102.750
11 8 680835590.227
11 9 1399855644.937
11 10 722079671.756
