132
0 1 169594065.413
0 2 169699016.037
0 3 325686292.791
0 4 301597675.268
0 5 384801299.713
0 6 704359753.720
0 7 306958866.963
0 8 423191287.433
0 9 362166546.267
0 10 119343774.676
0 11 307763904.843
1 0 433242231.906
1 2 1545770988.640
1 3 1474197196.687
1 4 1713445363.631
1 5 1066604414.280
1 6 1794027568.451
1 7 1569329187.680
1 8 578959244.831
1 9 2218715172.807
1 10 1063262034.091
1 11 1103060299.575
2 0 263165699.979
2 1 912650302.491
2 3 964971590.979
2 4 526297211.860
2 5 900149165.007
2 6 623583173.982
2 7 782731734.037
2 8 481902207.863
2 9 239691168.836
2 10 759617528.071
2 11 429671771.319
3 0 644796211.713
3 1 1192433811.587
3 2 582217117.854
3 4 885058484.672
3 5 971157167.377
3 6 631430424.908
3 7 1061782265.750
3 8 469162751.952
3 9 939646658.363
3 10 459182467.604
3 11 669947243.930
4 0 181469452.506
4 1 894430731.100
4 2 344858553.924
4 3 371688827.870
4 5 1323135096.114
4 6 2163404875.877
4 7 799310329.796
4 8 342653370.751
4 9 1119023198.925
4 10 559482972.496
4 11 871780742.695
5 0 548979905.205
5 1 1545819232.102
5 2 203084248.286
5 3 1021088007.537
5 4 556896590.504
5 6 675771780.828
5 7 378465338.584
5 8 901820452.872
5 9 1585747444.578
5 10 527259328.926
5 11 485948414.658
6 0 388960791.689
6 1 2183276279.299
6 2 472882316.008
6 3 486784408.815
6 4 1437169947.753
6 5 1176476547.156
6 7 430960996.044
6 8 833909645.198
6 9 1124551806.608
6 10 358324666.935
6 11 899591276.198
7 0 374484353.809
7 1 1319692650.471
7 2 628377006.357
7 3 758308929.372
7 4 724870959.885
7 5 1037984896.467
7 6 1109479812.965
7 8 681122702.458
7 9 636593926.334
7 10 942300149.278
7 11 263848328.022
8 0 290238027.420
8 1 1105862015.467
8 2 234632039.118
8 3 1096443894.981
8 4 1030212321.316
8 5 283805108.377
8 6 667111918.534
8 7 588751875.826
8 9 643405020.645
8 10 885369299.533
8 11 400752519.746
9 0 610412483.998
9 1 1649849914.407
9 2 1205666518.331
9 3 1428790097.741
9 4 1961083050.079
9 5 1276817009.868
9 6 1441007823.782
9 7 1051003621.211
9 8 390626162.977
9 10 1178965314.626
9 11 1152448060.175
10 0 291255992.840
10 1 544120104.270
10 2 860349638.564
10 3 1159733590.956
10 4 542344682.745
10 5 643873086.970
10 6 955978395.351
10 7 301828763.901
10 8 623556033.890
10 9 272437883.383
10 11 187123865.090
11 0 359166413.364
11 1 670816020.308
11 2 859012138.726
11 3 497452577.833
11 4 664737283.887
11 5 852440962.558
11 6 1144974140.740
11 7 638057925.376
11 8 830090372.236
11 9 1446398922.157
11 10 698660503.757
