132
0 1 178897975.340
0 2 252356362.897
0 3 469209872.560
0 4 210646524.894
0 5 406256395.274
0 6 520213381.512
0 7 483569386.930
0 8 465286109.072
0 9 614615077.352
0 10 225550523.129
0 11 349024098.874
1 0 328431267.197
1 2 1490944962.588
1 3 1783935826.400
1 4 2368426120.802
1 5 1384373117.684
1 6 675367346.600
1 7 1053637129.719
1 8 1292830802.199
1 9 1007647607.242
1 10 743654052.827
1 11 893196573.724
2 0 114148409.135
2 1 802946710.911
2 3 367575051.938
2 4 817559565.582
2 5 333488150.107
2 6 985131036.065
2 7 586377874.233
2 8 437548708.783
2 9 1463205475.919
2 10 280059541.140
2 11 920925097.067
3 0 204856383.573
3 1 393504131.180
3 2 1312533607.448
3 4 1343238905.211
3 5 680757871.587
3 6 1900428663.543
3 7 1066181308.238
3 8 892085524.662
3 9 1624636127.956
3 10 673182625.009
3 11 240342377.607
4 0 140419994.819
4 1 1846631457.492
4 2 1331858540.711
4 3 882864562.920
4 5 675066397.623
4 6 485080221.268
4 7 1227917331.267
4 8 829047715.315
4 9 1581124316.980
4 10 810381522.661
4 11 1158360175.052
5 0 308107840.887
5 1 1678272323.173
5 2 361709566.829
5 3 1519160781.052
5 4 868642872.607
5 6 586485273.694
5 7 206716495.171
5 8 817194555.203
5 9 1264449241.823
5 10 958001703.761
5 11 449187592.045
6 0 361512806.097
6 1 893719289.788
6 2 985004765.008
6 3 2198448898.270
6 4 1463623527.552
6 5 338677710.971
6 7 371781354.334
6 8 694814607.403
6 9 1854133234.532
6 10 814167517.788
6 11 386121070.698
7 0 389951148.802
7 1 1422394942.862
7 2 883007563.890
7 3 765912310.902
7 4 671445952.309
7 5 972760344.307
7 6 691651304.506
7 8 538639507.685
7 9 322965595.553
7 10 430331761.868
7 11 282929773.982
8 0 103670633.156
8 1 600324121.405
8 2 846009891.649
8 3 637880428.641
8 4 392775038.829
8 5 222189921.825
8 6 1215380653.814
8 7 705744196.369
8 9 905390828.836
8 10 390024500.809
8 11 329293985.063
9 0 693800974.391
9 1 1992325374.783
9 2 1111913917.431
9 3 772775272.258
9 4 1379347928.854
9 5 894507622.873
9 6 1137985453.320
9 7 576870605.134
9 8 666935684.142
9 10 523188553.370
9 11 732084788.079
10 0 403872668.266
10 1 622005114.988
10 2 558323228.797
10 3 845032767.260
10 4 1189546555.935
10 5 882636198.985
10 6 1034918251.839
10 7 866021959.237
10 8 890726029.824
10 9 1304607067.063
10 11 528224301.188
11 0 182688296.532
11 1 910561547.148
11 2 346640330.834
11 3 1243113024.649
11 4 1248350805.734
11 5 713135009.162
11 6 702507007.886
11 7 715279057.494
11 8 890385535.072
11 9 1244020361.936
11 10 754438953.408
