132
0 1 231812174.306
0 2 273096748.296
0 3 265511860.918
0 4 198002511.491
0 5 111675197.569
0 6 566546698.825
0 7 111893759.199
0 8 459483621.174
0 9 242691923.624
0 10 382147667.225
0 11 272482965.011
1 0 138710314.175
1 2 847113634.898
1 3 2287351430.367
1 4 839451166.153
1 5 383710228.260
1 6 1032541612.834
1 7 988749477.983
1 8 473790015.642
1 9 928540927.186
1 10 557668094.110
1 11 1145749516.410
2 0 345380691.732
2 1 338407287.074
2 3 769789066.428
2 4 1021018135.479
2 5 1105477353.051
2 6 1363378426.028
2 7 426442473.303
2 8 244529091.805
2 9 1438937387.468
2 10 441949362.743
2 11 284744456.840
3 0 271110464.169
3 1 2394269997.876
3 2 1362551891.864
3 4 1569771327.332
3 5 1598799048.602
3 6 1053641402.106
3 7 1203731930.690
3 8 1132104988.486
3 9 1624995316.771
3 10 1262428352.792
3 11 1361438092.242
4 0 603693310.200
4 1 1786456389.297
4 2 974133004.785
4 3 431055579.369
4 5 517181805.968
4 6 1135459624.528
4 7 1195552230.925
4 8 551829253.010
4 9 628377403.163
4 10 977872806.231
4 11 1001374380.192
5 0 423381289.118
5 1 569871084.373
5 2 980853022.330
5 3 826230574.098
5 4 1379957291.199
5 6 367718711.001
5 7 626467338.847
5 8 869862045.717
5 9 621009644.875
5 10 908752274.622
5 11 568244549.020
6 0 256758242.643
6 1 901173131.563
6 2 348839141.042
6 3 639784617.016
6 4 932112825.269
6 5 1162227806.334
6 7 1062738588.489
6 8 739619039.501
6 9 1476354489.944
6 10 1386697851.503
6 11 1270314969.649
7 0 383350693.309
7 1 344862381.915
7 2 306331893.178
7 3 245854745.619
7 4 1432838252.570
7 5 268140731.343
7 6 304662941.788
7 8 745010734.100
7 9 1352483631.479
7 10 698396052.844
7 11 323676987.472
8 0 219941910.489
8 1 352026619.688
8 2 735908038.589
8 3 804553155.535
8 4 359068732.281
8 5 240526778.753
8 6 618231849.593
8 7 276132675.215
8 9 834370437.922
8 10 311479624.437
8 11 376105266.443
9 0 422718394.109
9 1 1404325920.284
9 2 706082564.543
9 3 1273130803.374
9 4 423032315.033
9 5 1052931414.096
9 6 639158985.816
9 7 548063288.862
9 8 865733735.876
9 10 711903237.654
9 11 254696933.572
10 0 238454325.478
10 1 701211740.836
10 2 572811416.202
10 3 735056327.872
10 4 1441458385.066
10 5 496238190.879
10 6 1427312614.519
10 7 683441710.682
10 8 205637097.939
10 9 364202157.159
10 11 656966302.112
11 0 315476503.452
11 1 1378454419.643
11 2 634379078.731
11 3 1106992046.363
11 4 1398919475.600
11 5 628973391.049
11 6 1296759337.573
11 7 936697459.385
11 8 385704909.024
11 9 1268144633.306
11 10 975977119.809
