132
0 1 777232017.434
0 2 101159528.116
0 3 541516617.655
0 4 394891172.519
0 5 143335469.076
0 6 442853661.905
0 7 406906691.768
0 8 216184760.645
0 9 455391542.522
0 10 386919976.017
0 11 150461681.965
1 0 362578690.492
1 2 1320672531.846
1 3 1660575069.753
1 4 1480561106.298
1 5 1469849357.747
1 6 1845776447.936
1 7 666782884.942
1 8 406297503.704
1 9 449298561.657
1 10 1073355735.888
1 11 992103576.287
2 0 188396736.931
2 1 1103313973.489
2 3 1146751956.601
2 4 822733111.282
2 5 545710106.497
2 6 849767786.010
2 7 807510943.654
2 8 811331497.717
2 9 322431706.302
2 10 360786571.838
2 11 586336920.186
3 0 684383769.979
3 1 1048073648.346
3 2 291007078.518
3 4 584792614.205
3 5 735435790.599
3 6 722610186.454
3 7 381726615.202
3 8 268774328.620
3 9 1942490697.368
3 10 363486169.239
3 11 399110911.355
4 0 563709360.916
4 1 2239959954.830
4 2 1095333770.051
4 3 800735113.991
4 5 1255888388.713
4 6 1085902006.348
4 7 652665209.550
4 8 965986878.528
4 9 810891362.421
4 10 915625017.768
4 11 251582701.484
5 0 386305166.283
5 1 426447232.228
5 2 984711460.576
5 3 982943893.154
5 4 1353875313.513
5 6 623772248.636
5 7 182495817.282
5 8 372408876.127
5 9 380420593.838
5 10 578215820.701
5 11 274913723.482
6 0 268359611.651
6 1 440409220.427
6 2 867207651.939
6 3 845045690.243
6 4 1901955117.804
6 5 1638905717.320
6 7 1352134328.409
6 8 1347022745.174
6 9 1752470419.151
6 10 695570758.165
6 11 818254924.704
7 0 229981217.221
7 1 1164708928.735
7 2 585914337.228
7 3 393068165.646
7 4 1143876103.245
7 5 963007199.624
7 6 1329654066.166
7 8 569634871.649
7 9 774226040.793
7 10 747772663.287
7 11 546227164.077
8 0 160521333.087
8 1 1280301641.182
8 2 223023131.400
8 3 648736041.805
8 4 493491129.147
8 5 409789769.405
8 6 586325347.258
8 7 464582692.868
8 9 1001833320.574
8 10 203786075.170
8 11 522313899.341
9 0 366848170.058
9 1 1619504602.599
9 2 485457762.182
9 3 1860424773.457
9 4 1931133044.066
9 5 470160386.705
9 6 998762699.879
9 7 1465484897.055
9 8 451655726.179
9 10 1082263368.514
9 11 1226482271.266
10 0 334003124.368
10 1 1499848720.239
10 2 843182941.503
10 3 459582384.632
10 4 798676955.157
10 5 979665479.134
10 6 502383403.289
10 7 488954194.128
10 8 818336294.520
10 9 1113690521.703
10 11 564446521.161
11 0 375059248.400
11 1 324985189.758
11 2 498759583.966
11 3 983845426.567
11 4 336220494.433
11 5 290438736.785
11 6 285867070.679
11 7 983017781.109
11 8 322146038.291
11 9 372051957.905
11 10 800442767.549
