132
0 1 228580876.126
0 2 193082979.941
0 3 176734171.478
0 4 389353326.023
0 5 222666850.664
0 6 223578251.426
0 7 310870522.637
0 8 428340936.902
0 9 342776677.643
0 10 185185318.538
0 11 198907563.947
1 0 789006114.927
1 2 685853033.613
1 3 758944529.716
1 4 2103377261.879
1 5 606336317.275
1 6 1558887952.674
1 7 610514171.564
1 8 1282968707.593
1 9 929418170.710
1 10 1111974929.801
1 11 1070750671.519
2 0 177362454.327
2 1 1147226218.464
2 3 1281260613.534
2 4 1146867206.559
2 5 486915175.469
2 6 1466667835.705
2 7 882893766.343
2 8 424782730.883
2 9 918803375.915
2 10 716717420.604
2 11 238279912.079
3 0 134656784.383
3 1 447520442.252
3 2 415485432.722
3 4 651668160.983
3 5 957634966.233
3 6 1712551498.812
3 7 750544612.790
3 8 952359269.231
3 9 1708864435.634
3 10 549622811.775
3 11 409679204.138
4 0 391116973.132
4 1 2171031968.648
4 2 1050472001.453
4 3 757969374.651
4 5 415889736.079
4 6 2009740522.967
4 7 1317461653.140
4 8 1071060692.999
4 9 1650528919.046
4 10 423620428.635
4 11 323778920.684
5 0 386711780.267
5 1 345556839.309
5 2 437947183.938
5 3 538600035.318
5 4 1444384969.255
5 6 1557512098.452
5 7 385304968.097
5 8 990883996.948
5 9 787502075.477
5 10 960989779.262
5 11 868589861.449
6 0 541828750.383
6 1 1854702126.939
6 2 1309001347.890
6 3 1016767816.039
6 4 1110514343.554
6 5 1426465263.288
6 7 1256335821.203
6 8 636272766.731
6 9 2208990675.562
6 10 654206303.689
6 11 1282318628.758
7 0 140044747.233
7 1 1250435284.653
7 2 320845248.895
7 3 295603992.390
7 4 623299279.355
7 5 868897848.869
7 6 1346128771.731
7 8 952336236.963
7 9 1412126009.707
7 10 838269830.144
7 11 439045441.175
8 0 80556205.960
8 1 1511607463.737
8 2 303587532.556
8 3 758115197.747
8 4 1025448854.089
8 5 936719815.161
8 6 352506162.549
8 7 678746905.825
8 9 306557606.967
8 10 697798682.887
8 11 410903396.634
9 0 486492222.271
9 1 746056067.156
9 2 896288888.189
9 3 1234376747.984
9 4 2105120849.840
9 5 386938905.049
9 6 841105192.374
9 7 920962946.963
9 8 1088478081.229
9 10 1423813049.502
9 11 491871024.856
10 0 195659615.261
10 1 1455316007.148
10 2 811659857.034
10 3 1318332708.488
10 4 986720076.299
10 5 645204196.164
10 6 1313830361.461
10 7 947353668.893
10 8 592514239.951
10 9 782984523.417
10 11 909795491.370
11 0 197016305.014
11 1 903531966.320
11 2 840932113.517
11 3 301608045.722
11 4 679985748.060
11 5 742258298.493
11 6 1051016355.882
11 7 975380162.656
11 8 307511125.569
11 9 1157391111.542
11 10 713792725.072
