132
0 1 369261071.634
0 2 386953485.313
0 3 295702914.333
0 4 304556702.191
0 5 461202309.195
0 6 357398130.368
0 7 396446814.612
0 8 185726274.315
0 9 342145784.928
0 10 274759322.592
0 11 122603002.982
1 0 685902651.276
1 2 1166415674.697
1 3 1612500981.214
1 4 680441510.802
1 5 801866477.732
1 6 1900873373.757
1 7 848027084.608
1 8 1265363223.750
1 9 1802845874.036
1 10 579940029.031
1 11 1483263762.334
2 0 346109151.882
2 1 1428336654.267
2 3 628021489.427
2 4 281727047.584
2 5 896995912.728
2 6 848354648.243
2 7 763469938.456
2 8 254377122.634
2 9 1074341238.428
2 10 258993384.135
2 11 311667267.912
3 0 595841063.814
3 1 1693075164.033
3 2 1271771383.924
3 4 539991574.678
3 5 1206744506.245
3 6 1099736252.923
3 7 445739279.646
3 8 960639450.667
3 9 1600640756.827
3 10 1315585302.516
3 11 1193529955.055
4 0 717753605.467
4 1 1469075308.699
4 2 828300688.911
4 3 1999063494.943
4 5 1275601517.480
4 6 1248269761.401
4 7 701406678.942
4 8 1087658439.560
4 9 1690941383.625
4 10 938477201.775
4 11 792681333.503
5 0 332141488.719
5 1 890424235.184
5 2 378840731.073
5 3 670331804.629
5 4 984344889.113
5 6 294622099.382
5 7 456585554.879
5 8 817201769.914
5 9 1494503463.628
5 10 532031976.082
5 11 458583213.365
6 0 272467133.849
6 1 1289001577.094
6 2 269126523.649
6 3 1474054416.950
6 4 1391834750.936
6 5 1018877758.937
6 7 807268040.325
6 8 649385928.840
6 9 1875353651.573
6 10 472192498.822
6 11 802094676.891
7 0 433877437.733
7 1 469160845.955
7 2 615741065.600
7 3 647782106.698
7 4 1176152766.504
7 5 996848284.080
7 6 1079582492.175
7 8 619675142.858
7 9 676923164.497
7 10 276633075.182
7 11 974865038.913
8 0 347884898.834
8 1 912584893.293
8 2 793314160.150
8 3 898922252.551
8 4 1446235295.465
8 5 1038405434.984
8 6 438648900.316
8 7 324632481.097
8 9 1330437848.450
8 10 367370661.214
8 11 730027355.933
9 0 232127802.885
9 1 1459698846.171
9 2 1171699919.229
9 3 738622976.065
9 4 1087704633.458
9 5 424832252.120
9 6 878426323.165
9 7 241607970.351
9 8 1035375332.261
9 10 527190247.149
9 11 1190448042.930
10 0 118642268.591
10 1 834356899.756
10 2 213177408.514
10 3 256658182.683
10 4 779900828.949
10 5 661679078.505
10 6 1182451704.602
10 7 742901397.706
10 8 688542066.211
10 9 1287354601.147
10 11 292993958.375
11 0 207870408.777
11 1 1181985179.190
11 2 747556478.098
11 3 951742034.172
11 4 1151530316.874
11 5 669370209.828
11 6 1370775290.274
11 7 474664388.493
11 8 453194994.079
11 9 1468172065.905
11 10 934954305.038
