132
0 1 499960358.049
0 2 189066493.813
0 3 491476959.776
0 4 572197973.892
0 5 134720062.630
0 6 706594733.515
0 7 272118775.883
0 8 271200656.727
0 9 271144826.731
0 10 110334469.354
0 11 227765213.044
1 0 564758373.318
1 2 424177591.860
1 3 2143970329.130
1 4 424190082.590
1 5 1025180460.434
1 6 1297644036.131
1 7 803521859.646
1 8 759850003.898
1 9 2156520068.820
1 10 1576448959.018
1 11 451216539.818
2 0 403468149.017
2 1 396789387.891
2 3 253043600.238
2 4 241228610.710
2 5 218468216.250
2 6 823784079.243
2 7 510030467.879
2 8 384241586.295
2 9 651367682.387
2 10 375222720.721
2 11 467858421.012
3 0 367966377.182
3 1 1231838488.508
3 2 702377742.838
3 4 1167269634.007
3 5 465216404.954
3 6 1884818226.243
3 7 1275365008.567
3 8 1372833624.692
3 9 616622485.966
3 10 1132000765.813
3 11 722717208.978
4 0 186537850.900
4 1 2162522755.969
4 2 245978458.891
4 3 1626373255.898
4 5 637223388.590
4 6 2152637850.166
4 7 561442912.366
4 8 707372976.079
4 9 817836998.470
4 10 992907251.430
4 11 1239522272.394
5 0 457069324.933
5 1 1765582474.201
5 2 640741461.130
5 3 1508719203.993
5 4 1277063274.049
5 6 320433579.213
5 7 717332344.230
5 8 361958632.511
5 9 699723341.414
5 10 466146580.847
5 11 573894311.748
6 0 564767622.015
6 1 776003867.241
6 2 249111020.150
6 3 1188172746.079
6 4 580136723.235
6 5 1318269030.128
6 7 952583362.429
6 8 1178598386.752
6 9 515561892.973
6 10 1157758829.773
6 11 1032095166.012
7 0 227650014.293
7 1 1026346365.325
7 2 906922313.833
7 3 1437017420.815
7 4 713583094.436
7 5 1106689114.064
7 6 1084980222.032
7 8 380272982.517
7 9 1256327847.664
7 10 168426431.713
7 11 421748554.423
8 0 134137652.421
8 1 1180253408.498
8 2 432214051.619
8 3 788634941.286
8 4 1236010305.354
8 5 328885893.687
8 6 479168755.454
8 7 573702915.563
8 9 564890510.168
8 10 645641799.204
8 11 902380996.199
9 0 513955705.415
9 1 830668278.068
9 2 918032245.375
9 3 864931429.463
9 4 753166034.351
9 5 1578358688.600
9 6 2198966864.149
9 7 684634871.381
9 8 776761016.796
9 10 657927968.913
9 11 945669963.947
10 0 314651559.789
10 1 468423399.134
10 2 436211103.209
10 3 878663094.671
10 4 466228563.564
10 5 390671784.362
10 6 1422417015.995
10 7 328485495.000
10 8 172847189.942
10 9 1084074028.960
10 11 524262377.478
11 0 185922099.869
11 1 1249354409.810
11 2 319313665.338
11 3 977962981.907
11 4 1107432924.345
11 5 725144064.455
11 6 1173563342.275
11 7 580411543.067
11 8 340696914.845
11 9 702172292.778
11 10 671555194.243
