437
7 3 2270
16 9 5343
19 4 11613999
17 20 1020690
22 19 25484
20 7 947590
18 19 128617
21 6 1098051
8 5 57790
9 0 4211108
10 7 19108
0 17 425928
14 1 8813
12 17 1647
15 4 260704
13 20 2663730
3 2 76
4 5 61
16 0 1196168
19 13 63529
17 13 606186
7 22 7972
20 14 296
21 15 22564
8 12 15171
22 12 3081
10 14 11197
8 18 139698
9 19 14347
14 8 888
12 8 117908
1 21 1713652
15 13 55341
2 18 1686
0 14 239
3 11 1789
1 15 468074
4 12 7965
2 12 330359
5 1 5950
3 17 53
16 7 11289
6 14 5479
19 18 10185
17 6 189792
7 15 868158
20 21 930385
18 5 29465
21 8 13129
22 7 9145
10 9 650990
11 4 15744
9 20 699849
14 19 46
12 7 348756
10 19 463951
13 6 9784456
0 5 63458
1 0 4660492
4 11 39944
2 7 21768
4 17 7367
7 4 7802579
5 20 5829155
16 20 689534
21 17 178070
19 1 787102
18 22 5517
8 0 27044795
15 19 227754
11 19 579826
12 20 784785
16 11 1596
6 18 108022
19 6 1202460
20 1 421150
18 17 3946
21 4 32306
8 7 95818
9 6 5899752
10 5 72541
11 8 572606
0 19 1154486
14 7 103
12 19 26614
1 18 515417
15 6 620642
13 18 360730
0 9 166748
3 4 93
4 7 85765
5 6 109737
16 2 313
6 21 258716
19 15 77146
7 16 8262
20 8 16661133
18 8 266646
21 13 3317940
8 14 615
22 2 5100
9 15 329346
10 12 672484
8 20 10992746
11 1 544586
9 17 452806
10 22 6019
13 11 586451
3 13 10470
1 13 10684664
5 15 2817
3 19 139200
6 12 4115152
4 20 11895227
19 20 19639249
17 4 103059
7 9 4667
18 3 346
21 22 25779
22 5 8069
11 6 1455008
14 17 40
12 1 290705
10 17 482415
15 20 230926
13 4 24551
0 7 832154
2 5 239
5 8 16364
6 7 3355987
4 19 11109282
7 6 2705443
5 18 1906
19 3 4628
20 4 18487
18 20 20879264
8 2 558
9 3 1385760
11 21 76604
14 2 558
12 22 7761
3 1 23904
16 13 365575
6 16 1535839
19 8 3913982
17 8 916765
7 21 948700
20 3 12590
18 15 4192
21 2 58841
8 9 5460
9 4 25921
0 21 301076
12 13 2265816
1 16 100892
15 0 368971
13 16 11234
0 11 828598
3 6 487
4 1 14411
16 4 108
6 11 348815
19 17 344411
17 1 241196
7 18 129427
18 6 561202
21 11 83326
22 0 5922
9 13 1258095
8 22 186024
11 3 172
14 12 120
12 4 46175
10 20 2547096
15 9 13852
13 9 1968
0 2 366519
3 15 304055
1 3 2480
4 8 543594
2 8 7468
5 13 4001189
3 21 52
6 2 4920595
4 22 1732
19 22 7321
7 11 62684
20 17 76627
18 1 209528
16 17 4063
21 20 542230
12 3 3617
13 2 153041
1 4 218873
2 3 1552
6 5 152925
7 0 2946499
5 16 1263
16 8 79
19 5 10317
17 21 8441
22 18 4785
20 6 3595858
21 7 70278
8 4 64181
9 1 872458
0 16 17450
14 0 921356
12 16 5242
15 5 2483
13 21 1001960
16 15 1065
6 22 143004
22 21 5355
20 13 2792747
18 13 10841894
21 0 2149598
8 11 894110
22 15 40
8 17 461754
11 12 149801
14 11 1435
12 15 102244
1 22 188576
15 2 453459
13 14 695923
2 21 29362
0 13 7090325
1 8 790243
2 15 575083
5 2 53
16 6 142307
6 9 56429
17 7 32082
7 12 361131
18 4 61211
21 9 682117
22 6 79605
10 8 67600
11 5 53599
9 21 895823
12 6 1480688
10 18 256052
13 7 972521
0 4 41979
2 6 5400402
5 11 29779
6 0 1031246
7 5 1418456
5 21 23246
20 19 440282
16 19 7168
21 18 174996
17 18 2514
14 21 706
15 16 67560
13 0 8542121
11 16 461
2 1 28151
7 2 1973
19 7 140704
17 11 40
22 16 1552
20 0 228214
18 16 4275
21 5 134742
8 6 440234
9 7 268554
10 4 205508
11 9 16796
0 18 83373
14 6 148977
12 18 39933
1 19 1700708
15 7 2297799
13 19 62369
0 8 11332403
3 5 1558
4 6 287798
5 7 86710
16 1 7176
6 20 1233870
19 12 40108
17 12 72384
7 17 440190
20 15 355445
18 11 302819
8 13 74506
22 13 10920
9 8 258599
10 15 38986
8 19 11729388
9 18 11033378
12 9 11690
1 20 4718589
15 12 5879
13 12 814766
2 19 156
0 15 356739
1 14 12509
4 13 19438
2 13 10359
5 0 12037303
6 15 72617
19 21 48825
17 5 247
7 14 639701
20 22 68155
18 2 41975
22 4 3850
11 7 31293
12 0 410802
10 16 278363
15 21 16013
13 5 5076928
0 6 8549197
1 7 830329
2 4 136
5 9 1814
4 18 6605
5 19 5821
16 21 10918
21 16 4742
19 0 44662311
17 16 3266
8 1 136294
15 18 16586
11 18 143535
12 21 257223
16 12 3243
6 19 306663
19 9 1327
17 9 231285
20 2 3005
21 3 208
22 8 22586
9 5 6114574
10 2 725337
0 20 8927421
1 17 270054
15 1 40853
13 17 508036
2 22 261038
3 7 821
1 11 1683923
4 0 27323668
16 3 60
19 14 56
17 2 10682
7 19 15580467
20 9 196541
18 9 56378
21 12 404981
8 15 26657
9 14 58
10 13 2229640
8 21 22028
11 0 578818
9 16 1716322
12 11 512335
2 17 280
0 1 2348261
3 12 28081
1 12 1549054
4 15 47780
2 11 264430
3 18 1916
6 13 3979533
4 21 41199
7 8 14912706
20 16 1328184
18 0 49950870
12 2 65871
13 3 52
1 5 126262
6 4 41896
7 1 1016929
5 17 205
19 2 1559
20 5 15541
18 21 143966
9 2 214056
11 20 373075
14 3 38
13 22 2194
3 0 41987
6 17 26124
19 11 644151
7 20 120624
22 20 16220
20 12 1507193
18 12 20684
21 1 135442
9 11 15936
10 0 1354293
8 16 210
11 13 1278714
0 22 8215
12 14 4241
15 3 4314
13 15 87648
2 20 8228
0 12 152198
3 9 26694
1 9 955488
4 2 7784
2 14 14527
5 3 350
6 8 207295
19 16 159
17 0 1163183
7 13 173168
20 11 200114
18 7 35586
22 1 23490
9 12 96665
10 11 387398
11 2 7501
9 22 9482
14 13 230668
12 5 8946
10 21 529364
15 8 84999
13 8 38438
0 3 170854
1 2 2051372
2 9 40
5 12 1801
3 20 132053
5 22 488
20 18 10663011
16 18 4180
21 19 54563
17 19 576739
14 20 148617
13 1 906128
2 0 2056611
