429
7 3 5417
16 9 111825
19 4 5228945
17 20 1466653
22 19 29731
20 7 126604
18 19 4377808
21 6 63142
8 5 6389
9 0 333999
10 7 21391
0 17 22745
14 1 3288
12 17 506
15 4 3562628
13 20 22168489
3 2 5001
4 5 2782
16 0 43663
19 13 729098
17 13 2376
7 22 15712
18 10 63534
21 15 389827
8 18 21712
11 15 5873
9 19 167417
14 8 1562
12 8 4644
1 21 40993
15 13 190773
2 18 172
3 11 60
1 15 14339
2 12 61620
5 1 81008
16 7 206790
19 18 6654
17 6 15110
7 15 23110252
20 21 385798
18 5 31117
21 8 82600
22 7 7837
10 9 123208
11 4 17598
9 20 2342649
14 19 117310
12 7 217934
10 19 561933
15 10 26354
13 6 506095
0 5 3807452
1 0 607458
2 7 2696
5 10 635
6 1 304
7 4 454
5 20 500034
16 20 3425450
21 17 13708
19 1 106904
18 22 805
8 0 1489865
15 19 11134694
11 19 28705
12 20 103548
6 18 13130
19 6 85567
17 10 59399
20 1 2931425
18 17 3374
21 4 3279
8 7 2819722
9 6 79685
10 5 3561
11 8 129947
0 19 2010812
14 7 118208
12 19 2240
1 18 5140
15 6 158266
13 18 38987
0 9 9002
3 4 265
4 7 207832
5 6 5419
16 2 440
6 21 2983482
19 15 45613212
17 3 168
7 16 44914
20 8 13995490
18 8 157922
21 13 313650
22 2 3000
9 15 475117
10 12 4596
8 20 2939191
11 1 464982
9 17 816
12 10 50485
10 22 232324
13 11 20407
2 16 3165
3 13 1720
1 13 372551
2 10 2120
5 15 9072
3 19 1748
6 12 2633
4 20 2073196
19 20 4240133
17 4 1809
7 9 19951
18 3 765
21 22 1223
22 5 1867
11 6 111494
12 1 979799
10 17 373048
15 20 276005
13 4 13944
0 7 2472183
2 5 353
5 8 114485
6 7 1848588
4 19 5354653
7 6 51644
5 18 1608
16 22 156
19 3 52
20 4 6954
18 20 52309829
8 2 53
9 3 997
11 21 88260
14 2 568
3 1 13324
16 13 8174
6 16 1001591
19 8 53202
17 8 16134
7 21 65180458
20 3 3163
18 15 2655511
21 2 18590
8 9 46523
9 4 299
10 3 23815
11 10 24609
0 21 155763
14 5 128
12 13 32229
1 16 6141
15 0 8796569
13 16 11630
0 11 60687
3 6 21133
4 1 198399
5 4 54768
16 4 40
17 1 95247
7 18 207612
20 10 643234
18 6 245488
22 0 5208
9 13 124986
8 22 5482
11 3 211
14 12 296
12 4 4604
10 20 3311019
15 9 230109
13 9 10399
0 2 448930
1 3 3356
4 8 47655
2 8 254
5 13 399030
3 21 2349892
6 2 342492
4 22 561
19 22 11511
20 17 533827
18 1 131508
21 20 3045191
12 3 3788
13 2 16885
1 4 10839
2 3 52
6 5 235595
7 0 23363050
5 16 2680
19 5 244
17 21 4819
22 18 131
20 6 485919
21 7 1055230
8 4 4277
9 1 4785471
0 16 129580
14 0 24250
12 16 1285
15 5 216
13 21 386370
16 15 144279
6 22 82048
19 10 39696
22 21 2226
20 13 454298
18 13 165919
21 0 70697
22 15 84661
9 10 42553
10 1 137611
11 12 7658
14 11 384
12 15 3872
1 22 464
15 2 468762
13 14 48
2 21 22115
0 13 989936
1 8 97159
4 3 220
2 15 6051
5 2 1746
16 6 18960
6 9 6277
17 7 41812
7 12 1177774
18 4 15973
21 9 70025
22 6 4930
10 8 365570
11 5 9483
9 21 183660
12 6 30065
10 18 789
13 7 2548039
0 4 92465
4 10 17932
2 6 24431
5 11 2991
6 0 1083823
4 16 164
7 5 1582684
5 21 4661
20 19 303886
16 19 76975
21 18 8010
17 18 1552
14 21 127
15 16 5167982
13 0 8409369
11 16 586
2 1 43725
7 2 5685
16 10 25147
19 7 469882
17 11 118
22 16 2312
20 0 6099355
18 16 361
21 5 8939
8 6 101464
22 10 6618
9 7 3919957
10 4 1099
11 9 18847
0 18 14099
14 6 144
12 18 3156
1 19 272946
15 7 2916860
13 19 60167
0 8 621953
4 6 13180
5 7 741008
16 1 30280
6 20 3757907
17 12 2607
7 17 9685
20 15 2931121
8 13 16043
22 13 1881
9 8 5794
10 15 3701598
8 19 4121994
9 18 28690
14 9 880
12 9 11057
1 20 1069001
13 12 187829
2 19 3015
0 15 614425
3 10 16360
4 13 2519
2 13 23619
5 0 12522538
6 15 7202421
19 21 2016
17 5 52
20 22 6156
18 2 61347
22 4 52
11 7 4717
12 0 1086924
10 16 150897
15 21 1800
13 5 3504557
0 6 1188071
1 7 1237964
2 4 88
5 9 213745
4 18 52
5 19 1279766
16 21 17894
21 16 11924
19 0 1710833
8 1 570776
15 18 981661
11 18 3419
12 21 11435
16 12 2315
6 19 1514097
19 9 50842
17 9 1500
20 2 42238
21 3 32049
22 8 76730
9 5 740
10 2 777839
0 20 6444937
1 17 27772
15 1 235013
13 17 15894
2 22 52
0 10 456573
3 7 16070
1 11 93139
4 0 577217
16 3 52
17 2 1943
7 19 78764
20 9 422438
18 9 66442
21 12 12714
8 15 34175735
10 13 3763579
8 21 25710
11 0 658333
9 16 5499
14 15 1726
12 11 3269
13 10 241822
2 17 541
0 1 1650327
3 12 8864
1 12 18409
4 15 25779367
2 11 327
3 18 1592
6 13 4267126
4 21 63
7 8 5680
20 16 1536742
18 0 1118649
12 2 5958
1 5 12907
6 4 75817
7 1 415532
19 2 1789
20 5 277945
18 21 64481
9 2 67077
11 20 121618
13 22 13167
3 0 49907
17 15 920795
7 20 2560425
22 20 43020
20 12 483971
21 1 169155
8 10 10748
10 0 187466
8 16 100
11 13 85956
0 22 1266
14 10 63
15 3 72
13 15 15778
2 20 2501574
0 12 513632
1 9 171
4 2 106
16 5 80
6 8 290326
19 16 80
17 0 12432
7 13 1337513
18 7 3922463
21 10 23122
22 1 3857
9 12 4624324
11 2 4673
9 22 1020
14 13 26614
12 5 1876
10 21 489123
15 8 17754083
13 8 156125
0 3 80376
1 2 800230
4 9 23259
2 9 52
5 12 10605
3 20 35675
6 3 17055
7 10 24110
5 22 254
20 18 948363
16 18 2920
21 19 422046
17 19 610191
14 20 2505502
13 1 2260898
2 0 3727916
