446
7 3 91857
16 9 9774
19 4 23060264
17 20 539889
22 19 50973
20 7 807189
18 19 606875
21 6 6052512
8 5 113770
9 0 1013417
10 7 156042
0 17 1623211
14 1 466
12 17 106772
15 4 690259
13 20 2228143
3 2 4813
4 5 43563
16 0 395808
19 13 364890
17 13 940955
7 22 166315
21 15 62099
8 12 43429
22 12 3013
8 18 295892
9 19 68581
14 8 153
12 8 294235
1 21 2725448
15 13 77966
2 18 9655
3 11 29948
1 15 1403299
4 12 66280
2 12 631975
5 1 120757
3 17 596687
16 7 93549
19 18 220347
17 6 942643
7 15 962118
20 21 2277443
18 5 58372
21 8 112753
22 7 272808
10 9 3536869
11 4 58769
9 20 1899484
14 19 372
12 7 4230153
10 19 38333567
13 6 17571593
0 5 20537433
1 0 8267048
4 11 176689
2 7 82014
3 22 1500
4 17 242219
7 4 18971
5 20 3691475
16 20 3359997
21 17 45435
19 1 526934
18 22 14897
8 0 2979317
15 19 933922
11 19 1009961
12 20 2025452
16 11 8620
6 18 326152
19 6 2384193
20 1 710671
18 17 1646900
21 4 39069
8 7 2297170
9 6 3599286
10 5 799069
11 8 2010483
0 19 1685453
14 7 10882
12 19 834274
1 18 1080352
15 6 744648
13 18 907068
0 9 907510
3 4 40
4 7 763412
5 6 381845
16 2 440
6 21 630075
19 15 174372
17 3 141551
7 16 11799
20 8 31168913
18 8 157905
21 13 1711956
22 2 375
9 15 282080
10 12 3138164
8 20 48255954
11 1 1420861
9 17 67944
12 10 3000
10 22 380358
13 11 532048
2 16 4540
3 13 14516
1 13 13227762
5 15 138025
3 19 45329
6 12 6658000
4 20 55363549
19 20 79980624
17 4 364357
7 9 1645197
18 3 1241
21 22 18278
22 5 9932
11 6 2884946
14 17 93
12 1 82953
10 17 202952
15 20 580639
13 4 159915
0 7 1322957
1 6 40
2 5 12339
5 8 54861
6 7 3658774
4 19 21905945
7 6 2875237
5 18 31874
16 22 172
19 3 1474
20 4 136414
18 20 78228735
8 2 69073
9 3 4938
11 21 210898
14 2 460
12 22 52040
3 1 24899
16 13 506459
6 16 1656330
19 8 2068911
17 8 823342
7 21 1496688
20 3 36767
18 15 26092
21 2 63699
8 9 18515
22 9 1540
9 4 27451
0 21 2251277
14 5 2960
12 13 1196056
1 16 260240
15 0 332945
13 16 267740
0 11 1630675
3 6 18204
4 1 326924
5 4 19598
16 4 378
6 11 965199
19 17 607672
17 1 417041
7 18 21684
18 6 1084842
21 11 173813
22 0 90834
9 13 597745
8 22 14919
11 3 134275
14 12 16185
12 4 34779
10 20 4011399
15 9 2427
13 9 23621
0 2 638505
3 15 43030
1 3 67876
4 8 234969
2 8 5926
5 13 7593146
3 21 145942
6 2 1029679
4 22 9167
19 22 90827
7 11 309150
20 17 449836
18 1 1213145
16 17 145
21 20 4361941
12 3 113025
13 2 277039
1 4 2150269
2 3 1692
6 5 277455
7 0 3608254
5 16 6189
16 8 51712
19 5 101077
17 21 502300
22 18 11211
20 6 7005465
21 7 659282
8 4 350843
9 1 177211
10 6 40
0 16 43937
14 0 32418
12 16 35750
15 5 35029
13 21 1157635
16 15 2330
6 22 40687
22 21 18924
20 13 4614650
18 13 14489340
21 0 1192086
8 11 1163252
8 17 1953615
11 12 562108
14 11 5553
12 15 1056933
1 22 440228
15 2 515391
2 21 112077
0 13 8655129
3 8 10296
1 8 1476061
4 3 1920
2 15 423820
5 2 10197
16 6 291097
6 9 57163
17 7 888254
7 12 11782624
18 4 208634
21 9 1957344
22 6 774991
10 8 30920002
11 5 156818
9 21 4417270
14 18 40
12 6 13222534
10 18 25734257
13 7 5538835
0 4 476585
2 6 2227901
5 11 66160
6 0 2253121
4 16 5021
7 5 1516136
5 21 291635
20 19 2623374
16 19 12623
21 18 89076
17 18 1036729
14 21 1749
15 16 19505
13 0 17137740
11 16 47876
2 1 547111
7 2 114349
19 7 1519158
22 16 2892
20 0 2040538
18 16 7258
21 5 695871
8 6 721537
9 7 2430206
10 4 20131725
11 9 73836
0 18 511002
14 6 120119
12 18 159120
1 19 2521618
15 7 1640677
13 19 403751
0 8 1091798
3 5 30100
4 6 542815
5 7 78704
16 1 10093
6 20 3380918
19 12 93641
17 12 34283
7 17 424764
20 15 538219
18 11 158395
8 13 1076224
22 13 15252
9 8 570234
10 15 165832
8 19 18475160
9 18 258532
14 9 394
12 9 172857
1 20 9547022
15 12 230251
13 12 2902729
2 19 360736
0 15 811265
4 13 130042
2 13 1422475
5 0 22736034
3 16 423
6 15 222348
19 21 226647
17 5 13061
20 22 29259
18 2 83842
22 4 17672
11 7 36230
12 0 1149495
10 16 5275628
15 21 130875
13 5 16857041
0 6 14308606
1 7 1176470
2 4 18093
5 9 27501
4 18 107071
5 19 103959
16 21 647011
21 16 32199
19 0 3691293
17 16 5272
8 1 459505
15 18 24800
11 18 343012
12 21 1619820
16 12 7182
6 19 739317
19 9 32617
17 9 940807
20 2 592489
21 3 6739
22 8 28936
9 5 103414
10 2 148649
0 20 7499719
14 4 76
1 17 1193925
15 1 78919
13 17 206216
3 7 3979
1 11 2608166
4 0 2725594
16 3 440
17 2 756202
7 19 111204
20 9 2400500
18 9 93423
21 12 530303
8 15 106082
22 3 252
10 13 5658820
8 21 109410
11 0 1762400
9 16 64880
14 15 11168
12 11 635385
2 17 21168
0 1 5618884
3 12 32135
1 12 2281179
4 15 102823
2 11 142451
3 18 3839
6 13 5327069
4 21 349320
7 8 59188
20 16 4377724
18 0 12472442
14 22 599
12 2 267682
13 3 1484
1 5 751747
6 4 154524
7 1 2092103
5 17 10829
19 2 76611
20 5 91992
18 21 51827
8 3 3144
9 2 331319
11 20 550608
14 3 4408
13 22 49683
3 0 267547
6 17 591274
19 11 496780
7 20 737469
22 20 893520
20 12 950444
18 12 51686
21 1 400500
9 11 311483
10 0 5025409
8 16 6505
11 13 477526
0 22 1236872
15 3 5326
13 15 153584
2 20 697548
0 12 607003
3 9 74886
1 9 6597840
4 2 4904
5 3 829
16 5 1734
6 8 236393
19 16 1815
17 0 658590
7 13 5254990
20 11 818710
18 7 53246
21 10 3000
22 1 855078
9 12 2984975
10 11 579294
11 2 55036
9 22 3910
14 13 301168
12 5 293479
10 21 2551686
15 8 598359
13 8 155428
0 3 706492
1 2 1400056
4 9 100
2 9 16366
5 12 10302
3 20 135483
5 22 116245
20 18 23995769
16 18 10831
21 19 103072
17 19 1675977
14 20 636570
13 1 1083582
2 0 2049544
