450
7 3 11654
16 9 10232
19 4 14883529
17 20 389650
22 19 61752
20 7 803394
18 19 167402
21 6 6446887
8 5 74991
9 0 1647394
10 7 173059
0 17 428011
14 1 9176
12 17 57686
15 4 408763
13 20 2352890
3 2 38
4 5 18018
16 0 256181
19 13 795093
17 13 1265612
7 22 12640
18 10 149885
21 15 37696
8 12 37531
22 12 7553
8 18 53409
9 19 41824
12 8 179322
1 21 483066
15 13 53895
2 18 3613
3 11 13803
1 15 146628
4 12 6797
2 12 591249
5 1 118440
16 7 50224
19 18 130561
17 6 1310967
7 15 3401432
20 21 390332
18 5 196795
21 8 55070
22 7 148045
10 9 3131818
11 4 762445
9 20 1734948
14 19 172
12 7 1119623
10 19 25252102
15 10 61982
13 6 15304340
0 5 10679687
1 0 2632882
4 11 132465
2 7 58960
5 10 12163
3 22 7499
6 1 278392
4 17 35109
7 4 2000
5 20 2922090
16 20 2055036
21 17 367159
19 1 688540
18 22 14697
8 0 2695596
15 19 649745
11 19 410262
12 20 1229945
16 11 293
6 18 651169
19 6 1356391
17 10 138655
20 1 699712
18 17 59070
21 4 15919
8 7 588276
9 6 2677828
10 5 1415535
11 8 372984
0 19 598639
14 7 2148
12 19 85874
1 18 154226
15 6 503864
13 18 221947
0 9 710985
4 7 414837
5 6 270871
16 2 5278
6 21 3163007
19 15 71209
7 16 8764
20 8 20744432
18 8 306810
21 13 1096059
22 2 13290
9 15 165658
10 12 2283566
8 20 34196429
11 1 462067
9 17 8266
12 10 170783
10 22 77539
13 11 410631
2 16 21638
3 13 3402
1 13 1889183
2 10 86394
5 15 2552
3 19 42694
6 12 6022285
4 20 44580149
19 20 68391094
17 4 226536
7 9 1902230
21 22 23613
22 5 7371
11 6 1945098
12 1 342191
10 17 256526
15 20 817474
13 4 178057
0 7 780370
2 5 3039
5 8 41532
6 7 4513414
4 19 17226299
7 6 3836558
5 18 30540
19 3 1958
20 4 56011
18 20 69273585
8 2 336968
9 3 2048
11 21 498095
14 2 40
12 22 47559
3 1 26280
16 13 303231
6 16 365609
19 8 1921950
17 8 976060
7 21 953412
20 3 7200
18 15 171091
21 2 44800
8 9 80
22 9 104
9 4 4813
11 10 367873
0 21 451150
14 5 40
12 13 789362
1 16 3896
15 0 648259
13 16 19736
0 11 2759446
3 6 4628
4 1 51968
5 4 15712
16 4 456
6 11 2019585
19 17 51437
17 1 212360
7 18 41645
20 10 205231
18 6 1080505
21 11 342646
22 0 138907
9 13 577091
8 22 28925
11 3 4604
14 12 204
12 4 45492
10 20 3081990
15 9 1570
13 9 11511
0 2 433024
3 15 56
1 3 2559
4 8 109971
2 8 15674
5 13 6134112
3 21 209168
6 2 943680
4 22 292
19 22 373511
7 11 326995
20 17 239847
18 1 504260
16 17 92
21 20 893470
12 3 4676
13 2 181358
1 4 94137
2 3 38
6 5 731818
7 0 1358664
5 16 5680
16 8 3260
19 5 11911
17 21 185002
22 18 4764
20 6 5950667
21 7 184997
8 4 137619
9 1 117622
0 16 202222
14 0 10492
12 16 6630
15 5 7015
13 21 1332163
16 15 176
6 22 306167
19 10 70915
22 21 4747
20 13 1476023
18 13 13853621
21 0 537175
8 11 1073101
9 10 137778
8 17 270319
11 12 135215
12 15 56812
1 22 65479
15 2 598684
2 21 92116
0 13 7320088
1 8 133481
2 15 2218855
5 2 2250
16 6 108951
6 9 159716
17 7 33598
7 12 306332
18 4 23231
21 9 532677
22 6 200573
10 8 21187194
11 5 215421
9 21 3015136
14 18 80
12 6 3588228
10 18 18990972
13 7 423369
0 4 437651
4 10 56577
2 6 2637107
5 11 149383
6 0 5521147
4 16 18536
7 5 1561682
5 21 127421
20 19 551745
16 19 2456
21 18 65107
17 18 52711
14 21 40
15 16 1746
13 0 12152849
11 16 3134
2 1 1372299
7 2 5060
16 10 7891
19 7 1396660
22 16 48
20 0 1586410
18 16 1498
21 5 152175
8 6 796694
22 10 219680
9 7 1738898
10 4 15193472
11 9 67926
0 18 222264
14 6 173982
12 18 108439
1 19 623780
15 7 2171207
13 19 242222
0 8 438016
3 5 15400
4 6 420583
5 7 127335
16 1 3527
6 20 7686537
19 12 3866
17 12 114546
7 17 25727
20 15 320256
18 11 159966
8 13 128826
22 13 4470
9 8 39538
10 15 416481
8 19 13011382
9 18 70166
12 9 87616
1 20 659322
15 12 430801
13 12 488503
2 19 481439
0 15 1167540
4 13 424759
2 13 118373
5 0 22016892
6 15 1089179
19 21 49943
17 5 14559
20 22 75140
18 2 55922
22 4 4142
11 7 119962
12 0 682709
10 16 3513553
15 21 15601
13 5 11219661
0 6 7789906
1 7 142345
2 4 4580
5 9 15035
4 18 52549
5 19 95666
16 21 17560
21 16 9440
19 0 3374951
17 16 9220
8 1 539758
15 18 22564
11 18 319469
12 21 1482363
16 12 3633
6 19 1317248
19 9 15641
17 9 9885
20 2 149779
21 3 9664
22 8 23965
9 5 144627
10 2 172823
0 20 5288727
14 4 141
1 17 2102276
15 1 199392
13 17 1819161
2 22 129325
0 10 722995
3 7 470
1 11 1106164
4 0 3030873
16 3 175
17 2 297106
7 19 57352
20 9 1454665
18 9 45858
21 12 614282
8 15 183620
22 3 52
10 13 2835282
8 21 421661
11 0 1346321
9 16 16428
14 15 200
12 11 612698
13 10 1186450
2 17 4040
0 1 3196895
3 12 7431
1 12 372614
4 15 69771
2 11 49877
3 18 1546
6 13 13309812
4 21 2800
7 8 8064
20 16 2646748
18 0 12688062
12 2 137514
13 3 48
1 5 410953
6 4 314983
7 1 45341
5 17 5028
19 2 14917
20 5 284566
18 21 70830
8 3 2484
9 2 472553
11 20 846111
14 3 38
13 22 10565
3 0 45263
6 17 1243715
19 11 536210
7 20 866978
22 20 37650
20 12 2194555
18 12 22067
21 1 93473
8 10 264027
9 11 659329
10 0 3121490
8 16 2800
11 13 774597
0 22 158093
14 10 38
15 3 186
13 15 514741
2 20 64566
0 12 1371547
3 9 151
1 9 345077
4 2 946
5 3 208
6 8 779401
19 16 20940
17 0 839802
7 13 1128745
20 11 472951
18 7 82765
21 10 220937
22 1 35550
9 12 6265362
10 11 626642
11 2 19598
9 22 17148
14 13 221847
12 5 56403
10 21 838374
15 8 345464
13 8 268127
0 3 144153
1 2 501834
4 9 137
2 9 1420
5 12 177101
3 20 152593
6 3 120
7 10 179340
5 22 2736
20 18 17465287
16 18 2935
21 19 186589
17 19 372537
14 20 453073
13 1 2518001
2 0 1426378
