449
7 3 11913
16 9 5423
19 4 16510215
17 20 793466
22 19 46868
20 7 555818
18 19 177701
21 6 921598
8 5 45898
9 0 1146621
10 7 93543
0 17 485522
14 1 2953
12 17 29662
15 4 482376
13 20 1239577
3 2 212
4 5 7547
16 0 365639
19 13 710740
17 13 103255
7 22 157442
18 10 148658
21 15 59287
8 12 2129
22 12 495586
8 18 76056
9 19 39211
14 8 147
12 8 76551
1 21 1958053
15 13 84657
2 18 7366
3 11 80031
1 15 3159080
4 12 960
2 12 354073
5 1 231903
3 17 1420
16 7 79724
19 18 87202
17 6 534894
7 15 3397119
20 21 1500037
18 5 125626
21 8 51431
22 7 13355
10 9 2023466
11 4 88582
9 20 1702658
14 19 1470
12 7 745363
10 19 26634228
15 10 39802
13 6 5345253
0 5 9220064
1 0 7965563
4 11 454374
2 7 244470
5 10 24715
3 22 63206
4 17 20636
7 4 52
5 20 2464272
16 20 2848771
21 17 31813
19 1 665569
18 22 55771
8 0 2814173
15 19 1017231
11 19 163617
12 20 1781448
16 11 2487
6 18 137559
19 6 575543
17 10 25829
20 1 1054765
18 17 47531
21 4 6246
8 7 635179
9 6 4066889
10 5 435895
11 8 353334
0 19 582044
14 7 9061
12 19 168603
1 18 1391032
15 6 258092
13 18 435433
0 9 503992
3 4 1540
4 7 366386
5 6 257066
16 2 4414
6 21 863276
19 15 387836
17 3 108
7 16 7966
20 8 21670429
18 8 253027
21 13 1890792
22 2 4496
9 15 184516
10 12 1053776
8 20 40487272
11 1 248007
9 17 13220
12 10 174593
10 22 45420
13 11 258933
2 16 276
3 13 4178
1 13 8511130
2 10 1410
5 15 628
3 19 91398
6 12 1101896
4 20 43581621
19 20 68965829
17 4 531655
7 9 37527
18 3 313
21 22 50886
11 6 1385762
12 1 142774
10 17 381511
15 20 447422
13 4 269983
0 7 826319
2 5 2601
5 8 90693
6 7 1560504
4 19 19177142
7 6 2104543
5 18 9675
16 22 52
19 3 219076
20 4 31656
18 20 69797785
8 2 6766
9 3 256949
11 21 114969
14 2 587
12 22 262298
3 1 20102
16 13 389040
6 16 140876
19 8 562185
17 8 90938
7 21 1918501
20 3 46357
18 15 13769
21 2 52296
8 9 1772
22 9 1924
9 4 10793
11 10 130067
0 21 879135
12 13 1073874
1 16 242516
15 0 317712
13 16 16676
0 11 1461584
4 1 48953
5 4 1391
6 11 656541
19 17 496100
17 1 109547
7 18 122868
20 10 493545
18 6 590394
21 11 1197775
22 0 238674
9 13 385407
8 22 9396
11 3 20953
14 12 2689
12 4 25929
10 20 2528342
15 9 4441
13 9 16801
0 2 658134
3 15 3108
1 3 3968
4 8 81497
2 8 17724
5 13 5404041
3 21 12738
6 2 441234
4 22 5049
19 22 188248
7 11 1269144
20 17 361328
18 1 296988
16 17 2497
21 20 3208633
12 3 2462
13 2 88359
1 4 258027
2 3 18612
6 5 359505
7 0 2805949
5 16 115
16 8 235
19 5 106081
17 21 627034
22 18 10854
20 6 3119234
21 7 510703
8 4 165540
9 1 592849
0 16 149411
14 0 19179
12 16 12228
15 5 6612
13 21 1714929
16 15 2209
6 22 7074
19 10 73572
22 21 39170
20 13 1356259
18 13 12669460
21 0 1011582
8 11 877579
9 10 66426
8 17 71993
11 12 641932
14 11 242
12 15 139751
1 22 293010
15 2 500101
2 21 36720
0 13 6092001
3 8 18254
1 8 635069
4 3 133
2 15 2024718
5 2 7222
16 6 114279
6 9 40173
17 7 24113
7 12 3651325
18 4 103026
21 9 186343
22 6 37656
10 8 23216892
11 5 70082
9 21 1107543
14 18 59
12 6 2352915
10 18 19565125
13 7 1199103
0 4 576368
4 10 6423
2 6 2061578
5 11 16472
6 0 1340380
7 5 1701238
5 21 313689
20 19 842799
16 19 6642
21 18 26463
17 18 187969
14 21 641
15 16 36112
13 0 11317421
11 16 17545
2 1 38067
7 2 14282
16 10 33033
19 7 1226868
22 16 1921
20 0 1123580
18 16 2528
21 5 1208527
8 6 360633
22 10 165202
9 7 2604722
10 4 13793239
11 9 36039
0 18 174047
14 6 2837
12 18 82938
1 19 4640433
15 7 2412391
13 19 194279
0 8 799401
3 5 7382
4 6 395096
5 7 83438
16 1 7863
6 20 1094877
19 12 38028
17 12 160052
7 17 298569
20 15 1644523
18 11 88756
8 13 66042
22 13 330908
9 8 204858
10 15 106528
8 19 15544341
9 18 247778
12 9 224387
1 20 7903616
15 12 163016
13 12 565284
2 19 722404
0 15 1251896
4 13 24740
2 13 286773
5 0 18920826
3 16 1420
6 15 78511
19 21 27192
17 5 979
20 22 12709
18 2 209289
22 4 150
11 7 100165
12 0 273433
10 16 3684481
15 21 176961
13 5 8348686
0 6 5949122
1 7 4575704
2 4 1640
5 9 94761
4 18 76959
5 19 21563
16 21 4162
21 16 5929
19 0 4762173
17 16 189833
8 1 278867
15 18 5778
11 18 126677
12 21 1551771
16 12 5102
6 19 401406
19 9 5783
17 9 314839
20 2 21436
21 3 5280
22 8 11029
9 5 304965
10 2 164846
0 20 5293501
1 17 823589
15 1 49760
13 17 214389
2 22 4252
0 10 1024395
3 7 2432
1 11 2948213
4 0 3277045
17 2 428
7 19 165248
20 9 592565
18 9 62462
21 12 2020139
8 15 69500
22 3 2009
10 13 1529304
8 21 1982
11 0 1093861
9 16 16471
14 15 150
12 11 387411
13 10 1163997
2 17 8753
0 1 3718234
3 12 11012
1 12 2124513
4 15 43087
2 11 120972
3 18 1906
6 13 3631173
4 21 2101
7 8 70375
20 16 3518480
18 0 13843347
12 2 70163
13 3 355
1 5 362615
6 4 163447
7 1 692747
5 17 43076
19 2 30541
20 5 174275
18 21 32343
8 3 384
9 2 247827
11 20 702599
14 3 78
13 22 311554
3 0 41789
6 17 665451
19 11 434587
7 20 593915
22 20 34484
20 12 3468810
18 12 28673
21 1 529479
8 10 50755
9 11 553366
10 0 2461999
8 16 2925
11 13 641963
0 22 212146
14 10 239
15 3 1474
13 15 387478
2 20 197159
0 12 375087
3 9 14165
1 9 2470474
4 2 321
5 3 196
16 5 52
6 8 107774
19 16 4317
17 0 707485
7 13 1559270
20 11 219709
18 7 414013
21 10 293684
22 1 28507
9 12 2148315
10 11 472083
11 2 11219
9 22 1428
14 13 178768
12 5 66159
10 21 2512883
15 8 237806
13 8 230199
0 3 305905
1 2 1277804
5 12 7790
3 20 19485
7 10 101504
20 18 16138350
16 18 3632
21 19 146375
17 19 2836234
14 20 599446
13 1 4344361
2 0 1655342
