450
7 3 4532
16 9 4140
19 4 15633172
17 20 599097
22 19 67020
20 7 183493
18 19 89646
21 6 826539
8 5 13484
9 0 708141
10 7 625565
0 17 1421676
14 1 1626
12 17 423824
15 4 561425
13 20 1870790
3 2 26968
4 5 1898
16 0 480996
19 13 62439
17 13 162126
7 22 125707
18 10 13259
21 15 9219
8 12 997
22 12 115654
8 18 61788
9 19 22972
12 8 125083
1 21 1035758
15 13 99602
2 18 4416
3 11 23837
1 15 762175
4 12 710
2 12 462275
5 1 6821
3 17 7224
16 7 96593
19 18 80017
17 6 406800
7 15 2624997
20 21 1114819
18 5 33381
21 8 45797
22 7 6916
10 9 1677484
11 4 553467
9 20 1806471
14 19 11960
12 7 3522207
10 19 27021015
15 10 12804
13 6 7738984
0 5 5639455
1 0 9925109
4 11 508161
2 7 92915
5 10 10086
3 22 128
4 17 81891
7 4 256
5 20 2042751
16 20 2988256
21 17 324101
19 1 274699
18 22 18137
8 0 7072058
15 19 1356142
11 19 154257
12 20 1294156
16 11 18695
6 18 93804
19 6 531493
17 10 22016
20 1 355749
18 17 138161
21 4 14110
8 7 548535
9 6 6863684
10 5 13318
11 8 432791
0 19 1835088
14 7 604
12 19 78879
1 18 519381
15 6 305265
13 18 214344
0 9 80917
3 4 40
4 7 708071
5 6 121606
16 2 1770
6 21 134210
19 15 108581
17 3 3531
7 16 17262
20 8 25694917
18 8 133228
21 13 3359333
22 2 104
9 15 265976
10 12 805477
8 20 42213906
11 1 901287
9 17 44180
12 10 501293
10 22 21651
13 11 262137
2 16 1668
3 13 15434
1 13 16620392
2 10 4859
5 15 6370
3 19 22378
6 12 5891954
4 20 41285006
19 20 65166079
17 4 6559
7 9 6708
21 22 895
22 5 2840
11 6 1089902
14 17 138
12 1 27678
10 17 254474
15 20 159743
13 4 23113
0 7 1463381
2 5 142
5 8 7014
6 7 1897016
4 19 19436807
7 6 627835
5 18 34066
19 3 240
20 4 37557
18 20 65896194
8 2 14675
11 21 487043
12 22 403693
3 1 16822
16 13 379296
6 16 149659
19 8 144356
17 8 483022
7 21 1333832
20 3 10903
18 15 23166
21 2 11306
8 9 9100
9 4 217385
11 10 480309
0 21 377914
12 13 1414430
1 16 169250
15 0 449653
13 16 25560
0 11 2509096
3 6 1453
4 1 438388
5 4 1697
16 4 155
6 11 529130
19 17 480988
17 1 305633
7 18 19631
20 10 584055
18 6 490726
21 11 677309
22 0 82668
9 13 35300836
8 22 61454
11 3 3661
12 4 29845
10 20 2128556
15 9 6314
13 9 2364
0 2 232643
3 15 22208
1 3 520556
4 8 667313
2 8 520
5 13 4475004
3 21 8896
6 2 577887
4 22 2918
19 22 72519
7 11 1143379
20 17 324746
18 1 491516
16 17 52
21 20 3455291
12 3 5580
13 2 181892
1 4 1299405
2 3 464
6 5 420607
7 0 2817589
5 16 52
19 5 17862
17 21 443316
22 18 5362
20 6 3075787
21 7 1275216
8 4 656023
9 1 831253
0 16 30814
14 0 19376
12 16 22517
15 5 13297
13 21 955300
16 15 15108
6 22 8286
19 10 318765
22 21 3363
20 13 1039204
18 13 13403233
21 0 1336561
8 11 997155
9 10 21718
8 17 912705
11 12 620048
14 11 1460
12 15 64888
1 22 197237
15 2 468236
2 21 383792
0 13 7944577
3 8 25012
1 8 848298
4 3 168
2 15 1700375
5 2 406
16 6 322989
6 9 32402
17 7 487144
7 12 3341973
18 4 83197
21 9 97688
22 6 207775
10 8 27439424
11 5 8364
9 21 1951723
14 18 886
12 6 2673015
10 18 15269169
15 11 1293
13 7 3520128
0 4 1179175
4 10 34111
2 6 2199806
5 11 32496
6 0 1448916
7 5 1296913
5 21 20930
20 19 975961
16 19 1483
21 18 26986
17 18 29034
14 21 206
15 16 2668
13 0 11810888
11 16 9456
2 1 786370
7 2 1442451
16 10 9268
19 7 1366603
22 16 1047
20 0 509721
18 16 13987
21 5 108476
8 6 362694
22 10 1134
9 7 6603044
10 4 12902077
11 9 141012
0 18 485358
14 6 912
12 18 141665
1 19 1378262
15 7 2478111
13 19 110253
0 8 1165755
3 5 1924
4 6 243579
5 7 96060
16 1 5172
6 20 1232143
19 12 15590
17 12 23284
7 17 1503940
20 15 1490262
18 11 195932
8 13 1067070
22 13 45146
9 8 31654
10 15 131395
8 19 15848444
9 18 40109
12 9 7259
1 20 6612736
15 12 81248
13 12 488115
2 19 421209
0 15 1922228
4 13 33491
2 13 51119
5 0 16602324
3 16 29400
6 15 146931
19 21 6392
17 5 11639
20 22 129567
18 2 117686
22 4 14044
11 7 57621
12 0 791845
10 16 5348292
15 21 9695
13 5 5737073
0 6 6260356
1 7 1041029
5 9 9561
4 18 81778
5 19 20571
16 21 8960
21 16 8325
19 0 5069711
17 16 545
8 1 1013262
15 18 67371
11 18 64587
12 21 525360
16 12 3856
6 19 199798
19 9 4432
17 9 1324279
20 2 735504
21 3 2733
22 8 97010
9 5 169412
10 2 189588
0 20 4788969
14 4 80
1 17 2840311
15 1 104917
13 17 59030
2 22 5880
0 10 385759
3 7 2189
1 11 1682205
4 0 3404185
16 3 718
17 2 159445
7 19 780683
20 9 1378221
18 9 65334
21 12 962105
8 15 107771
22 3 186
10 13 2306372
8 21 14846
11 0 1103410
9 16 10840
14 15 4143
12 11 526794
13 10 1050798
2 17 10017
0 1 2482472
3 12 8064
1 12 974972
4 15 276250
2 11 294639
3 18 1548
6 13 4628881
4 21 9464
7 8 48821
20 16 4000085
18 0 12200522
14 22 40
12 2 61447
13 3 104
1 5 606832
6 4 51093
7 1 1707209
5 17 111656
19 2 54072
20 5 17286
18 21 24263
8 3 600870
9 2 228679
11 20 810047
13 22 27326
3 0 42118
6 17 127694
19 11 451395
7 20 314337
22 20 54873
20 12 227110
18 12 13883
21 1 277448
8 10 44769
9 11 567027
10 0 2036075
8 16 365
11 13 610127
0 22 247064
14 10 92
15 3 2485
13 15 360304
2 20 51405
0 12 213563
3 9 38
1 9 523083
4 2 387
5 3 9628
16 5 1568
6 8 164511
19 16 40
17 0 1249444
7 13 3189643
20 11 452526
18 7 51133
21 10 336568
22 1 46753
9 12 830318
10 11 704850
11 2 237968
9 22 236
14 13 283294
12 5 17198
10 21 1365196
15 8 560398
13 8 127186
0 3 21955
1 2 780185
4 9 63
2 9 325
5 12 12482
3 20 61304
7 10 10993
5 22 244
20 18 14006928
16 18 3725
21 19 44355
17 19 4935213
14 20 477911
13 1 1857502
2 0 1494716
