456
7 3 634631
16 9 4497
19 4 20159278
17 20 787559
22 19 94404
20 7 106702
18 19 453318
21 6 2992088
8 5 64314
9 0 832645
10 7 534672
0 17 775336
14 1 1438
12 17 324510
15 4 593294
13 20 4226541
3 2 6572
4 5 13721
16 0 479566
19 13 885867
17 13 280162
7 22 436572
18 10 26463
21 15 69928
8 12 18415
22 12 15280
8 18 479938
9 19 97836
14 8 1500
12 8 195315
1 21 3124912
15 13 94315
2 18 4381
3 11 85
1 15 764755
4 12 3155
2 12 823763
5 1 48368
3 17 18124
16 7 100726
19 18 705686
17 6 1060758
7 15 3181120
20 21 761263
18 5 124332
21 8 53419
22 7 17142
10 9 1768459
11 4 280180
9 20 1854363
14 19 153
12 7 1549312
10 19 29864351
15 10 71888
13 6 11727584
0 5 11514715
1 0 7791128
4 11 249400
2 7 55780
5 10 19757
3 22 1500
4 17 431409
7 4 7385
5 20 2670618
16 20 2230849
21 17 1012856
19 1 1173265
18 22 16477
8 0 6189001
15 19 946859
11 19 473353
12 20 1574721
16 11 1159
6 18 385318
19 6 1282378
17 10 283108
20 1 444352
18 17 358441
21 4 33933
8 7 550873
9 6 6993110
10 5 113382
11 8 533497
0 19 1552775
14 7 4390
12 19 91554
1 18 3962818
15 6 539466
13 18 455069
0 9 511401
3 4 27952
4 7 403399
5 6 324768
16 2 732
6 21 1073709
19 15 74391
17 3 30560
7 16 9179
20 8 27584316
18 8 419331
21 13 1579120
22 2 79
9 15 169635
10 12 1248104
8 20 40135312
11 1 1081755
9 17 202707
12 10 165147
10 22 32890
13 11 406361
3 13 21958
1 13 11129330
2 10 381419
5 15 6495
3 19 135236
6 12 22111965
4 20 46139955
19 20 71397361
17 4 475282
7 9 1647444
18 3 9587
21 22 193787
22 5 1196
11 6 1940979
12 1 111540
10 17 282766
15 20 301560
13 4 62059
0 7 3019683
1 6 683
2 5 3082
5 8 41030
6 7 2723998
4 19 20022784
7 6 1546079
5 18 24279
16 22 40
19 3 9530
20 4 103649
18 20 80887101
8 2 20222
11 21 295188
14 2 2227
12 22 50373
3 1 22270
16 13 425593
6 16 131160
19 8 1431657
17 8 932584
7 21 3675551
20 3 284965
18 15 109621
21 2 53568
8 9 4227
9 4 24310
11 10 146560
0 21 216617
12 13 1175721
1 16 269711
15 0 424852
13 16 17787
0 11 2149360
3 6 9056
4 1 144204
5 4 4935
16 4 4322
6 11 584839
19 17 638779
17 1 1091859
7 18 288503
20 10 663576
18 6 1145913
21 11 321556
22 0 148132
9 13 832077
8 22 14483
11 3 1594
14 12 106
12 4 60999
10 20 4602152
15 9 714
13 9 11569
0 2 224434
3 15 10259
1 3 12701
4 8 339012
2 8 68770
5 13 7689789
3 21 6234
6 2 472044
4 22 35636
19 22 510657
7 11 1040643
20 17 472304
18 1 864193
16 17 322
21 20 3454628
12 3 25190
13 2 68439
1 4 373860
2 3 5860
6 5 280085
7 0 3227897
5 16 3648
16 8 3462
19 5 91244
17 21 769320
22 18 4586
20 6 6074747
21 7 810010
8 4 910865
9 1 175479
0 16 38229
14 0 68345
12 16 7237
15 5 16500
13 21 565988
16 15 16372
6 22 47568
19 10 337869
22 21 4593
20 13 4887977
18 13 17923875
21 0 543549
8 11 1112728
22 15 40
9 10 114558
8 17 851580
11 12 144206
14 11 295
12 15 123636
1 22 955264
15 2 583475
2 21 126302
0 13 9054831
3 8 14214
1 8 1975735
4 3 19492
2 15 2198841
5 2 227
16 6 191162
6 9 24232
17 7 741150
7 12 1241004
18 4 55076
21 9 2171599
22 6 205076
10 8 28129904
11 5 51646
9 21 3971054
14 18 40
12 6 2092766
10 18 22904570
13 7 2764308
0 4 275319
4 10 30731
2 6 2423405
5 11 36811
6 0 1620085
4 16 147
7 5 1261185
5 21 125819
20 19 193736
16 19 6530
21 18 141389
17 18 94601
14 21 65
15 16 13686
13 0 11994753
11 16 40119
2 1 287581
7 2 2921
16 10 17781
19 7 2299388
22 16 71
20 0 1225776
18 16 3496
21 5 114244
8 6 1030000
22 10 6062
9 7 1231985
10 4 17136798
11 9 85554
0 18 222052
14 6 8801
12 18 179339
1 19 2964271
15 7 2733793
13 19 221196
0 8 1013937
3 5 6052
4 6 385001
5 7 131703
16 1 5206
6 20 11394912
19 12 140688
17 12 15936
7 17 9492523
20 15 1308867
18 11 162407
8 13 374076
22 13 18626
9 8 47370
10 15 518881
8 19 16441761
9 18 369686
12 9 42168
1 20 9056103
15 12 254997
13 12 190566
2 19 374160
0 15 1327334
4 13 57831
2 13 51575
5 0 20798728
3 16 3383
6 15 188212
19 21 251172
17 5 4937
20 22 212870
18 2 167814
22 4 27932
11 7 58919
12 0 353952
10 16 4076285
15 21 51893
13 5 11141655
0 6 10013120
1 7 964538
2 4 1684
5 9 13900
4 18 542459
5 19 26464
16 21 9211
21 16 6669
19 0 5903843
17 16 484
8 1 470316
15 18 26385
11 18 177934
12 21 267152
16 12 3578
6 19 281824
19 9 3619
17 9 1222805
20 2 610121
21 3 1975
22 8 16355
9 5 236590
10 2 65018
0 20 6706212
14 4 1472
1 17 1016340
15 1 166112
13 17 157659
2 22 172
0 10 1060760
3 7 11265
1 11 2422694
4 0 4814147
16 3 3475
17 2 836792
7 19 356929
20 9 783173
18 9 87709
21 12 175403
8 15 75451
10 13 4263920
8 21 42171
11 0 1466027
9 16 15962
14 15 265
12 11 701748
13 10 1225760
2 17 87476
0 1 4894102
3 12 4045
1 12 2179042
4 15 59400
2 11 35352
3 18 35786
6 13 5133217
4 21 18140
7 8 77978
20 16 3172245
18 0 15582495
14 22 128
12 2 75332
13 3 62
1 5 442901
6 4 93176
7 1 794429
5 17 7227
19 2 18833
20 5 98242
18 21 62722
8 3 2879
9 2 115341
11 20 1316102
13 22 51247
3 0 31320
6 17 343976
19 11 805176
7 20 1023448
22 20 60425
20 12 849690
18 12 22170
21 1 935563
8 10 212366
9 11 211752
10 0 2802249
8 16 10852
11 13 823533
0 22 158757
14 10 95
15 3 44257
13 15 84940
2 20 149534
0 12 643934
3 9 115
1 9 2191177
4 2 966
5 3 168
16 5 1500
6 8 246092
19 16 1705
17 0 474367
7 13 11545148
20 11 380461
18 7 383660
21 10 497174
22 1 106760
9 12 4298912
10 11 496366
11 2 10061
9 22 4356
14 13 278641
12 5 65185
10 21 1558931
15 8 419773
13 8 412092
0 3 27838
1 2 954648
4 9 89
2 9 1552
5 12 5482
3 20 305547
7 10 324614
5 22 44
20 18 20516325
16 18 3629
21 19 141852
17 19 1524796
14 20 1235645
13 1 2408936
2 0 1473412
