452
7 3 9338
16 9 38428
19 4 9528444
17 20 489561
22 19 308292
20 7 1873898
18 19 274147
21 6 1500256
8 5 78392
9 0 1321965
10 7 386756
0 17 234395
14 1 3659
12 17 493379
15 4 666808
13 20 1275730
3 2 283
4 5 5898
16 0 136644
19 13 92714
17 13 289856
7 22 278281
18 10 71224
21 15 12780
8 12 26506
22 12 7512
8 18 115356
9 19 36173
14 8 8200
12 8 117943
1 21 4246412
15 13 106768
2 18 13454
3 11 49740
1 15 886760
4 12 36740
2 12 564359
5 1 57214
3 17 22664
16 7 55335
19 18 72768
17 6 674368
7 15 4078180
20 21 1047785
18 5 19679
21 8 78324
22 7 25986
10 9 2180005
11 4 28919
9 20 3303809
14 19 5257
12 7 720873
10 19 39239316
15 10 37885
13 6 7614079
0 5 5823722
1 0 5593140
4 11 7567
2 7 469256
5 10 8106
4 17 25798
7 4 2106
5 20 1547067
16 20 4065890
21 17 570641
19 1 317067
18 22 36805
8 0 1161324
15 19 1339975
11 19 124006
12 20 1262654
16 11 6076
6 18 200650
19 6 1281745
17 10 12349
20 1 419127
18 17 89863
21 4 8123
8 7 488627
9 6 8098394
10 5 49457
11 8 235921
0 19 837540
14 7 25058
12 19 124494
1 18 1737520
15 6 382515
13 18 1044174
0 9 617737
4 7 409621
5 6 100952
16 2 1668
6 21 528835
19 15 79987
17 3 208
7 16 20387
20 8 23651307
18 8 156580
21 13 929903
22 2 2330
9 15 302299
10 12 500915
8 20 40379854
11 1 194081
9 17 196447
12 10 60311
10 22 101642
13 11 475343
2 16 9352
3 13 9221
1 13 4937847
2 10 23082
5 15 1990
3 19 57025
6 12 5462468
4 20 24581552
19 20 55817068
17 4 3858
7 9 2852456
18 3 120
21 22 470604
22 5 212
11 6 1814474
12 1 218983
10 17 79829
15 20 689251
13 4 111196
0 7 3541168
1 6 637
2 5 496
5 8 17182
6 7 241686
4 19 15185698
7 6 802905
5 18 50758
16 22 40
19 3 2210
20 4 17389
18 20 86555892
8 2 6480
9 3 5348
11 21 156918
14 2 2741
12 22 169611
3 1 62800
16 13 525736
6 16 159018
19 8 103398
17 8 158943
7 21 1023063
20 3 3125
18 15 76519
21 2 46834
8 9 59851
22 9 14638
9 4 11979
11 10 64242
0 21 900832
12 13 591778
1 16 188618
15 0 424205
13 16 30549
0 11 524756
3 6 1764
4 1 19988
5 4 6326
16 4 382
6 11 226026
19 17 75869
17 1 452845
7 18 174426
20 10 300694
18 6 1141729
21 11 167285
22 0 108083
9 13 480914
8 22 15636
11 3 4924
14 12 13840
12 4 18371
10 20 2725360
15 9 495283
13 9 282983
0 2 1027131
3 15 39648
1 3 3995
4 8 67313
2 8 4793
5 13 5105266
3 21 26538
6 2 1131973
4 22 5387
19 22 1520795
7 11 261069
20 17 188310
18 1 463166
16 17 1582
21 20 4079348
12 3 42153
13 2 91886
1 4 189128
2 3 52
6 5 59512
7 0 1528559
5 16 1200
16 8 58
19 5 48422
17 21 140862
22 18 11022
20 6 5111718
21 7 600478
8 4 107187
9 1 358981
0 16 34518
14 0 37629
12 16 17180
15 5 9141
13 21 454250
16 15 4055
6 22 37521
19 10 221907
22 21 117526
20 13 321791
18 13 13468072
21 0 221068
8 11 166671
22 15 3000
9 10 162210
8 17 46205
11 12 60953
14 11 5454
12 15 101360
1 22 386138
15 2 456423
2 21 32296
0 13 5734333
3 8 24607
1 8 531114
2 15 2283701
5 2 1425
16 6 162585
6 9 5516843
17 7 32748
7 12 1227249
18 4 53853
21 9 703226
22 6 304295
10 8 26897666
11 5 32654
9 21 204282
14 18 4316
12 6 3682683
10 18 28660258
13 7 3550640
0 4 83891
4 10 20345
2 6 2554722
5 11 6501
6 0 1398413
7 5 1346164
5 21 172947
20 19 1597704
16 19 3340
21 18 184907
17 18 60642
14 21 12771
15 16 24850
13 0 17188464
11 16 46999
2 1 163729
7 2 43143
16 10 19133
19 7 2286178
22 16 48
20 0 2232416
18 16 8517
21 5 159899
8 6 680266
22 10 35790
9 7 2500878
10 4 7684413
11 9 18159
0 18 653837
14 6 1183
12 18 143016
1 19 1662706
15 7 2996878
13 19 86745
0 8 784589
3 5 7500
4 6 329022
5 7 112610
16 1 6825
6 20 17456191
19 12 397380
17 12 195512
7 17 308222
20 15 829388
18 11 110911
8 13 90629
22 13 10856
9 8 50433
10 15 31541
8 19 8057150
9 18 268146
14 9 5320
12 9 434742
1 20 9361527
15 12 27670
13 12 754025
2 19 109222
0 15 1209763
4 13 13773
2 13 114616
5 0 16465711
6 15 353096
19 21 518826
17 5 94448
20 22 171963
18 2 13753
22 4 50605
11 7 90551
12 0 439492
10 16 5230356
15 21 193631
13 5 5278423
0 6 7395881
1 7 1565489
2 4 1500
5 9 75112
4 18 19807
5 19 25920
16 21 10979
21 16 17735
19 0 1512660
17 16 604
8 1 361578
15 18 98864
11 18 264295
12 21 225139
16 12 13613
6 19 282537
19 9 140351
17 9 221159
20 2 54961
21 3 464
22 8 71011
9 5 2749
10 2 91567
0 20 4983457
1 17 569354
15 1 55762
13 17 212790
2 22 15015
0 10 506227
3 7 388544
1 11 1318547
4 0 592662
16 3 66
17 2 52974
7 19 1028632
20 9 1292571
18 9 177546
21 12 866124
8 15 57922
22 3 178
10 13 2667124
8 21 28125
11 0 872345
9 16 31490
14 15 420
12 11 429603
13 10 421302
2 17 13867
0 1 2058547
3 12 1738994
1 12 1606879
4 15 27076
2 11 22694
3 18 12145
6 13 2600977
4 21 11242
7 8 34726
20 16 2300950
18 0 2199376
14 22 219
12 2 202756
13 3 553
1 5 261551
6 4 70500
7 1 518977
5 17 97212
19 2 117878
20 5 16667
18 21 128462
8 3 4749
9 2 162897
11 20 963549
13 22 80231
3 0 133053
6 17 217698
19 11 558444
7 20 991830
22 20 36320
20 12 316985
18 12 55042
21 1 620095
8 10 16329
9 11 41258
10 0 4177803
8 16 88
11 13 75336
0 22 36127
15 3 78277
13 15 874019
2 20 100250
0 12 1511787
3 9 21327
1 9 1113212
4 2 3209
6 8 99428
19 16 7020
17 0 263373
7 13 5337667
20 11 295414
18 7 201540
21 10 358899
22 1 16681
9 12 750500
10 11 140233
11 2 11857
9 22 121896
14 13 369725
12 5 72059
10 21 3104392
15 8 904393
13 8 80813
0 3 9185
1 2 2443919
4 9 45467
2 9 47594
5 12 10549
3 20 99183
7 10 231880
5 22 1810
20 18 22825425
16 18 273446
21 19 77765
17 19 837052
14 20 1425915
13 1 1681825
2 0 1357755
