449
7 3 1690
16 9 8767
19 4 8402886
17 20 1301063
22 19 33048
20 7 191418
18 19 213982
21 6 1068229
8 5 24508
9 0 1711390
10 7 23226
0 17 1144629
14 1 432
12 17 44987
15 4 453322
13 20 745386
3 2 204
4 5 164
16 0 41623
19 13 46120
17 13 130210
7 22 19482
18 10 18762
21 15 14164
8 12 5088
22 12 2809
8 18 11739
9 19 7019
12 8 55532
1 21 1213221
15 13 30899
2 18 8450
3 11 13728
1 15 638057
4 12 2991
2 12 531084
5 1 6860
3 17 132
16 7 110480
19 18 50060
17 6 1015217
7 15 2409433
20 21 1186656
18 5 10111
21 8 35704
22 7 3601
10 9 1537047
11 4 578172
9 20 2462761
14 19 77
12 7 889623
10 19 23087457
15 10 24018
13 6 5731047
0 5 5143184
1 0 4310016
4 11 42375
2 7 920
5 10 24197
3 22 294
4 17 21434
7 4 1726
5 20 1482137
16 20 2916691
21 17 283645
19 1 82658
18 22 4568
8 0 501218
15 19 405759
11 19 153941
12 20 301614
16 11 1461
6 18 88693
19 6 476785
17 10 5680
20 1 320727
18 17 6996
21 4 11218
8 7 259089
9 6 4794602
10 5 7049
11 8 125426
0 19 378187
14 7 5897
12 19 31343
1 18 283457
15 6 308854
13 18 373281
0 9 384509
4 7 257417
5 6 196618
16 2 488
6 21 207198
19 15 28015
17 3 48
7 16 26716
20 8 14940823
18 8 286498
21 13 1072672
22 2 1520
9 15 167341
10 12 298831
8 20 34256964
11 1 276119
9 17 886955
12 10 14181
10 22 173461
13 11 136638
2 16 2068
3 13 1888
1 13 4671818
2 10 324801
5 15 1760
3 19 29300
6 12 4516719
4 20 21457653
19 20 43279525
17 4 521
7 9 3092684
18 3 3328
21 22 4672
22 5 264
11 6 1038754
12 1 143804
10 17 31392
15 20 357755
13 4 8544
0 7 772003
2 5 104
5 8 9844
6 7 84502
4 19 13414491
7 6 525099
5 18 2017
16 22 52
19 3 788
20 4 30784
18 20 68809889
8 2 2149837
9 3 308
11 21 21187
14 2 274
12 22 10829
3 1 12480
16 13 437096
6 16 177948
19 8 113783
17 8 10936
7 21 404258
20 3 460
18 15 10968
21 2 19294
8 9 39893
22 9 6129
9 4 38788
11 10 121508
0 21 227090
12 13 266467
1 16 1055312
15 0 377917
13 16 51793
0 11 949055
3 6 6476
4 1 3293
5 4 816
16 4 80
6 11 180248
19 17 51383
17 1 1193825
7 18 42704
20 10 464457
18 6 744041
21 11 481818
22 0 176249
9 13 2939210
8 22 593953
11 3 1314
14 12 550
12 4 5597
10 20 1702577
15 9 534682
13 9 137733
0 2 100122
3 15 46720
1 3 1000
4 8 31845
2 8 30598
5 13 4477288
3 21 2932
6 2 432068
4 22 9071
19 22 5481
7 11 590646
20 17 323229
18 1 151520
16 17 1260
21 20 3642169
12 3 45691
13 2 22837
1 4 209535
6 5 275532
7 0 2453339
5 16 377
16 8 201
19 5 133333
17 21 458519
22 18 2727
20 6 4544735
21 7 309711
8 4 31135
9 1 1505719
0 16 18321
14 0 4327
12 16 50887
15 5 464
13 21 63401
16 15 5456
6 22 9325
19 10 207962
22 21 411
20 13 122898
18 13 10902974
21 0 283918
8 11 1691036
9 10 300027
8 17 13103
11 12 428460
14 11 92
12 15 44136
1 22 100362
15 2 470056
2 21 52326
0 13 3556470
1 8 304454
2 15 1375816
16 6 121668
6 9 9557233
17 7 63153
7 12 146458
18 4 13415
21 9 2015748
22 6 122258
10 8 15900238
11 5 18468
9 21 510515
14 18 36
12 6 1136462
10 18 13578638
13 7 1585506
0 4 17316
4 10 40859
2 6 1727014
5 11 31899
6 0 336408
7 5 1479608
5 21 12801
20 19 103567
16 19 3000
21 18 47668
17 18 15070
14 21 64
15 16 37325
13 0 6867419
11 16 27419
2 1 30250
7 2 931
16 10 55594
19 7 1838755
22 16 1500
20 0 587410
18 16 10629
21 5 81824
8 6 160521
22 10 3368
9 7 1655441
10 4 5765416
11 9 27145
0 18 100575
14 6 850
12 18 39998
1 19 666675
15 7 2437867
13 19 99512
0 8 793002
3 5 61
4 6 251248
5 7 126072
16 1 8091
6 20 1024879
19 12 55888
17 12 448845
7 17 81630
20 15 251484
18 11 140148
8 13 119961
22 13 12934
9 8 1867351
10 15 495806
8 19 5732993
9 18 37804
14 9 182
12 9 604031
1 20 5129538
15 12 4660
13 12 596515
2 19 4009
0 15 710605
4 13 44356
2 13 23075
5 0 14833368
3 16 166552
6 15 71943
19 21 29934
17 5 365
20 22 12446
18 2 8339
22 4 1179
11 7 38135
14 16 569
12 0 250667
10 16 6316953
15 21 17063
13 5 4431449
0 6 5086672
1 7 407817
2 4 56
5 9 92560
4 18 1578
5 19 16585
16 21 2042
21 16 2982
19 0 2099400
17 16 89
8 1 38083
15 18 4081
11 18 96994
12 21 417800
16 12 6282
6 19 107534
19 9 135125
17 9 22101
20 2 21055
21 3 196
22 8 109420
9 5 58513
10 2 739286
0 20 2292878
14 4 41
1 17 340742
15 1 24941
13 17 9624
2 22 6756
0 10 591456
3 7 1658
1 11 1191045
4 0 360154
16 3 3470
17 2 43628
7 19 58901
20 9 700922
18 9 37280
21 12 149436
8 15 33661
22 3 209
10 13 2054111
8 21 9311
11 0 509038
9 16 15680
14 15 1617
12 11 405891
13 10 571001
2 17 362
0 1 2712101
3 12 1822336
1 12 747110
4 15 30783
2 11 161287
3 18 14612
6 13 2105424
4 21 17065
7 8 45413
20 16 5209675
18 0 1121905
12 2 107626
13 3 1548
1 5 108196
6 4 250079
7 1 188646
5 17 13540
19 2 2541
20 5 5736
18 21 13600
8 3 40
9 2 155537
11 20 231227
13 22 728
3 0 12500
6 17 105257
19 11 195507
7 20 11377490
22 20 25110
20 12 474650
18 12 90608
21 1 297085
8 10 15582
9 11 459417
10 0 1888308
11 13 100832
0 22 127613
14 10 38
15 3 2736
13 15 39688
2 20 77583
0 12 602685
3 9 1519
1 9 428029
16 5 100
6 8 146802
19 16 1631
17 0 843608
7 13 447431
20 11 169587
18 7 44275
21 10 215487
22 1 39416
9 12 1998674
10 11 390778
11 2 14644
9 22 173031
14 13 325964
12 5 13597
10 21 2143692
15 8 320625
13 8 54492
0 3 9679
1 2 638264
4 9 4870
2 9 28705
5 12 19239
3 20 10830
7 10 12501
5 22 382
20 18 10478359
16 18 1882
21 19 34754
17 19 47702
14 20 1115063
13 1 1031181
2 0 2017802
