450
7 3 6466
16 9 22036
19 4 9615500
17 20 819480
22 19 66630
20 7 228892
18 19 124414
21 6 1162614
8 5 20846
9 0 902616
10 7 198199
0 17 337330
14 1 683
12 17 21556
15 4 141109
13 20 755938
3 2 182
4 5 15200
16 0 198148
19 13 287281
17 13 444510
7 22 140501
18 10 70899
21 15 8020
8 12 10239
22 12 5029
8 18 135064
11 15 1500
9 19 49515
12 8 93371
1 21 1995578
15 13 14592
2 18 728
3 11 152028
1 15 315962
4 12 11864
2 12 322030
5 1 39913
3 17 272
16 7 120498
19 18 12390
17 6 296240
7 15 2703337
20 21 1358066
18 5 95927
21 8 41729
22 7 6799
10 9 1376738
11 4 18963
9 20 4903083
14 19 56
12 7 1973465
10 19 15660345
15 10 35177
13 6 8206002
0 5 7888566
1 0 2579109
4 11 19744
2 7 778
5 10 9175
4 17 279
7 4 152
5 20 1611709
16 20 3185637
21 17 207018
19 1 105577
18 22 5223
8 0 3896492
15 19 78932
11 19 151815
12 20 385911
16 11 262
6 18 174030
19 6 568782
17 10 119553
20 1 550182
18 17 14376
21 4 12498
8 7 193652
9 6 3208880
10 5 104836
11 8 204218
0 19 464539
14 7 1681
12 19 465289
1 18 384762
15 6 757082
13 18 88408
0 9 128848
4 7 296038
5 6 172427
16 2 2528
6 21 185901
19 15 33659
7 16 10055
20 8 13648947
18 8 156764
21 13 2192613
22 2 2107
9 15 135160
10 12 3366464
8 20 36271680
11 1 105335
9 17 269075
12 10 37230
10 22 1458
13 11 80165
2 16 3137
3 13 1851
1 13 6259261
2 10 15338
5 15 6257
6 12 1582625
4 20 28477898
19 20 57384664
17 4 180
7 9 3775034
18 3 628
21 22 4803
22 5 488
11 6 1503264
12 1 12499
10 17 93997
15 20 293200
13 4 41072
0 7 1003080
1 6 80
2 5 209
5 8 49050
6 7 319427
4 19 18822318
7 6 474908
5 18 7087
16 22 122
19 3 76
20 4 35358
18 20 65252127
8 2 17977
9 3 228
11 21 191652
14 2 37
12 22 3495
3 1 5283
16 13 472015
6 16 1637611
19 8 109724
17 8 11816
7 21 386401
20 3 56485
18 15 23051
21 2 30714
8 9 99043
22 9 11444
9 4 5753
10 3 51922
11 10 131550
0 21 715325
12 13 449554
1 16 161603
15 0 202822
13 16 10109
0 11 253783
3 6 278697
4 1 35438
5 4 8975
16 4 1403
6 11 222716
19 17 47718
17 1 46430
7 18 25151
20 10 687302
18 6 900789
21 11 70495
22 0 14526
9 13 1191444
8 22 14952
11 3 5760
14 12 38
12 4 23890
10 20 2007479
15 9 37832
13 9 63832
0 2 712661
3 15 3595
1 3 26942
4 8 151442
2 8 1355
5 13 4559833
3 21 3052
6 2 552520
19 22 23366
7 11 1502770
20 17 1969448
18 1 155764
16 17 155
21 20 3821395
12 3 3993
13 2 18959
1 4 117314
2 3 255
6 5 175698
7 0 1313097
5 16 2852
16 8 1314
19 5 107549
17 21 1212764
22 18 33660
20 6 5393727
21 7 416017
8 4 215510
9 1 54665
0 16 60550
14 0 78587
12 16 11554
15 5 5296
13 21 2439649
6 22 20522
19 10 61251
22 21 158998
20 13 1495518
18 13 11577306
21 0 606128
8 11 379329
9 10 290164
8 17 10750
11 12 63937
14 11 103
12 15 34889
1 22 265986
15 2 482529
2 21 12496
0 13 3695389
1 8 2054090
2 15 1677311
5 2 104
16 6 137996
6 9 4112464
17 7 9882
7 12 317770
18 4 40181
21 9 85591
22 6 47052
10 8 14696099
11 5 82650
9 21 391478
14 18 8440
12 6 3099922
10 18 13784335
15 11 2473
13 7 3219637
0 4 63823
4 10 106503
2 6 2526843
5 11 49288
6 0 587587
4 16 26724
7 5 1760027
5 21 42270
20 19 123466
16 19 1776
21 18 56853
17 18 1905
14 21 1330
15 16 40
13 0 6312523
11 16 224
2 1 3478569
7 2 3366
16 10 5183
19 7 1023469
22 16 269
20 0 720030
18 16 2291
21 5 87469
8 6 879743
22 10 10442
9 7 1675905
10 4 7428934
11 9 69809
0 18 66574
14 6 3153
12 18 97606
1 19 627398
15 7 2241237
13 19 212056
0 8 99163
3 5 7424
4 6 296053
5 7 69293
16 1 12420
6 20 2636131
19 12 40983
17 12 275484
7 17 183365
20 15 619590
18 11 311305
8 13 91706
22 13 11218
9 8 57682
10 15 430851
8 19 5978556
9 18 156713
14 9 156
12 9 3606751
1 20 5296644
15 12 2923
13 12 887870
2 19 17576
0 15 747174
3 10 27268
4 13 46534
2 13 58434
5 0 16729386
3 16 40
6 15 73163
19 21 54743
17 5 5720
20 22 4721
18 2 22289
22 4 275
11 7 40877
12 0 250837
10 16 1668149
15 21 3001
13 5 5220565
0 6 6933239
1 7 65081
2 4 112
5 9 110340
4 18 24260
5 19 53161
16 21 5745
21 16 6882
19 0 3889056
17 16 82
8 1 140047
15 18 26063
11 18 65271
12 21 160577
16 12 5997
6 19 557968
19 9 46938
17 9 21920
20 2 1495470
21 3 1850
22 8 13191
9 5 169923
10 2 191464
0 20 3659918
1 17 557323
15 1 11237
13 17 1188693
0 10 827214
3 7 5678
1 11 1480342
4 0 2573528
17 2 112
7 19 49831
20 9 495056
18 9 57998
21 12 234568
8 15 82020
10 13 3324329
8 21 3971
11 0 182891
9 16 27377
14 15 142
12 11 321627
13 10 793070
2 17 346
0 1 1889476
3 12 7940
1 12 836231
4 15 20973
2 11 265975
3 18 2547
6 13 2339466
4 21 3896
7 8 12483
20 16 1670263
18 0 4412756
12 2 10745
13 3 52
1 5 415947
6 4 111961
7 1 14838
5 17 23972
19 2 34422
20 5 39775
18 21 291911
9 2 117065
11 20 713583
14 3 38
13 22 50143
3 0 39573
6 17 35536
19 11 383479
7 20 348087
22 20 27511
20 12 1791005
18 12 66194
21 1 32680
8 10 30018
9 11 199525
10 0 1728993
11 13 205975
0 22 184281
14 10 876
15 3 3163
13 15 16753
2 20 64660
0 12 321999
3 9 1552
1 9 426771
4 2 53
5 3 3164
16 5 40
6 8 69045
19 16 3040
17 0 1027555
7 13 4864294
20 11 811401
18 7 39118
21 10 181111
22 1 14621
9 12 121218
10 11 372873
11 2 10212
9 22 290325
14 13 203882
12 5 124776
10 21 601454
15 8 170315
13 8 147503
0 3 1526
1 2 1121919
4 9 9363
2 9 110557
5 12 31462
3 20 18261
6 3 4130
7 10 29638
5 22 4730
20 18 10558676
16 18 5682
21 19 43615
17 19 545913
14 20 799086
13 1 381760
2 0 1137695
