458
7 3 4314
16 9 63538
19 4 17655227
17 20 1940328
22 19 388604
20 7 470329
18 19 135771
21 6 1213231
8 5 66249
9 0 4067802
10 7 754460
0 17 938553
14 1 13394
12 17 93318
15 4 772672
13 20 2581856
3 2 153669
4 5 51250
16 0 281294
19 13 448401
17 13 690512
7 22 27643
18 10 30655
21 15 72856
8 12 28932
22 12 6301
8 18 111944
9 19 87606
14 8 5482
12 8 233784
1 21 1629367
15 13 43142
2 18 207746
3 11 57498
1 15 1654302
4 12 16076
2 12 920330
5 1 21946
3 17 390
16 7 183334
19 18 166108
17 6 984158
7 15 2438337
20 21 2435559
18 5 212838
21 8 54173
22 7 6790
10 9 2573861
11 4 744341
9 20 5791878
14 19 9051
12 7 1657854
10 19 46141702
15 10 55288
13 6 6212981
0 5 11341484
1 0 6130731
4 11 273725
2 7 42937
5 10 14922
4 17 77893
7 4 12659
5 20 1372592
16 20 3666863
21 17 127421
19 1 768123
18 22 130370
8 0 4418294
15 19 1465998
11 19 304612
12 20 1027930
16 11 1499
6 18 226461
19 6 816864
17 10 48279
20 1 1057239
18 17 62958
21 4 15697
8 7 298344
9 6 2299093
10 5 121699
11 8 321419
0 19 1302621
14 7 13609
12 19 645748
1 18 1026372
15 6 648106
13 18 1121783
0 9 697630
3 4 5893
4 7 536498
5 6 212014
16 2 3180
6 21 476572
19 15 862632
17 3 433
7 16 15255
20 8 24444326
18 8 125265
21 13 1641559
22 2 16751
9 15 187337
10 12 12632400
8 20 40572039
11 1 240380
9 17 106648
12 10 33323
10 22 313819
13 11 355509
2 16 5844
3 13 7446
1 13 6695291
2 10 69441
5 15 14396
3 19 43122
6 12 8463870
4 20 41233856
19 20 66721463
17 4 49392
7 9 1389647
21 22 27270
22 5 2142
11 6 1432550
14 17 309
12 1 77335
10 17 281168
15 20 823313
13 4 131308
0 7 2654659
1 6 88
2 5 379
5 8 16129
6 7 330581
4 19 23443433
7 6 1130210
5 18 83659
19 3 769
20 4 404895
18 20 71008185
8 2 10556
9 3 1858
11 21 309832
14 2 4743
12 22 48032
3 1 239268
16 13 642147
6 16 1187892
19 8 213106
17 8 204372
7 21 780518
20 3 31904
18 15 102102
21 2 47133
8 9 22874
22 9 6271
9 4 59712
10 3 35494
11 10 128017
0 21 1845009
14 5 900
12 13 662671
1 16 494893
15 0 432921
13 16 50718
0 11 2462277
3 6 378073
4 1 119148
5 4 109138
6 11 461245
19 17 697477
17 1 1234416
7 18 207210
20 10 228080
18 6 659863
21 11 124754
22 0 40788
9 13 305726
8 22 401667
11 3 5311
14 12 16483
12 4 35216
10 20 6427941
15 9 56613
13 9 120215
0 2 973807
3 15 33895
1 3 68048
4 8 651139
2 8 11768
5 13 4279978
3 21 14531
6 2 721468
4 22 9236
19 22 57510
7 11 213783
20 17 493373
18 1 1027772
16 17 69
21 20 4458492
12 3 4968
13 2 363204
1 4 908263
2 3 1492
6 5 314420
7 0 2580630
16 8 12222
19 5 73044
17 21 390984
22 18 9318
20 6 3670349
21 7 360827
8 4 1231752
9 1 42967
0 16 36466
14 0 190259
12 16 29901
15 5 54150
13 21 435099
16 15 298
6 22 256109
19 10 58766
22 21 6026
20 13 1786004
18 13 11981279
21 0 734312
8 11 715338
9 10 43993
8 17 465282
11 12 265912
14 11 4135
12 15 98259
1 22 575220
15 2 581387
2 21 100173
0 13 4563177
3 8 4308
1 8 1207901
4 3 40
2 15 1622861
5 2 17583
16 6 180701
6 9 14734939
17 7 178398
7 12 3517437
18 4 82140
21 9 72678
22 6 94582
10 8 31016874
11 5 21297
9 21 461820
14 18 7607
12 6 2057541
10 18 29953800
13 7 3215050
0 4 916978
4 10 83642
2 6 1843788
5 11 9188
6 0 1264143
7 5 1672484
5 21 215975
20 19 459506
16 19 4072
21 18 66798
17 18 238043
14 21 3011
15 16 130863
13 0 18265753
11 16 6029
2 1 503730
7 2 374855
16 10 4606
19 7 1039303
20 0 1885848
18 16 6693
21 5 290500
8 6 887791
22 10 7728
9 7 1897565
10 4 19685800
11 9 39637
0 18 648030
14 6 21590
12 18 131363
1 19 1677416
15 7 2794077
13 19 174088
0 8 1033351
3 5 1590
4 6 474981
5 7 82860
16 1 11070
6 20 4145514
19 12 87706
17 12 160079
7 17 366802
20 15 1306869
18 11 137299
8 13 120851
22 13 11652
9 8 74194
10 15 342164
8 19 8079208
9 18 54038
14 9 277
12 9 4477335
1 20 26251147
15 12 82777
13 12 828424
2 19 141403
0 15 1254491
3 10 25989
4 13 93892
2 13 157993
5 0 15647698
6 15 244810
19 21 59945
17 5 25607
20 22 29088
18 2 35822
22 4 27716
11 7 297329
12 0 420030
10 16 7192573
15 21 55997
13 5 6879674
0 6 6679325
1 7 2032602
2 4 3394
5 9 74983
4 18 155047
5 19 98816
16 21 15136
21 16 7956
19 0 6154910
17 16 6208
8 1 1117079
15 18 57656
11 18 78336
12 21 508554
16 12 54030
6 19 301876
19 9 30920
17 9 23621
20 2 778461
21 3 2529
22 8 24500
9 5 158724
10 2 367962
0 20 6042464
14 4 27665
1 17 2170649
15 1 561634
13 17 475156
2 22 379
0 10 554679
3 7 8958
1 11 2000110
4 0 4125034
16 3 437
17 2 1284825
7 19 141221
20 9 1026591
18 9 44581
21 12 349171
8 15 219392
22 3 394
10 13 1641385
8 21 12993
11 0 1173868
9 16 10760
14 15 5650
12 11 315195
13 10 282262
2 17 58280
0 1 4027876
3 12 152874
1 12 4381490
4 15 59793
2 11 191693
3 18 9040
6 13 1608452
4 21 16315
7 8 117340
20 16 4222845
18 0 4725401
14 22 5408
12 2 239060
13 3 52
1 5 258940
6 4 299154
7 1 1978253
5 17 2265
19 2 14128
20 5 123102
18 21 40983
8 3 1420
9 2 127643
11 20 1312886
14 3 38
13 22 28969
3 0 691981
6 17 163459
19 11 1616704
7 20 2712435
22 20 300703
20 12 1430515
18 12 107845
21 1 400733
8 10 41360
9 11 225592
10 0 5562863
8 16 8302
11 13 193034
0 22 183300
14 10 2820
15 3 704
13 15 129307
2 20 1137280
0 12 1738452
3 9 6032
1 9 422409
4 2 1956
5 3 144
16 5 149
6 8 109518
19 16 1755
17 0 289167
7 13 10200403
20 11 985825
18 7 193455
21 10 238649
22 1 62831
9 12 298434
10 11 543943
11 2 42940
9 22 185004
14 13 330462
12 5 134120
10 21 2421246
15 8 964522
13 8 250066
0 3 28183
1 2 1283370
4 9 11457
2 9 104192
5 12 56167
3 20 812870
6 3 21701
7 10 101130
5 22 75178
20 18 20080836
16 18 27272
21 19 144236
17 19 91599
14 20 1350794
13 1 1348056
2 0 1619672
