456
7 3 7355
16 9 66074
19 4 19460248
17 20 1227429
22 19 240117
20 7 929316
18 19 141751
21 6 1298037
8 5 73002
9 0 603100
10 7 101560
0 17 3052381
14 1 1568
12 17 60630
15 4 572111
13 20 4222766
3 2 1500
4 5 4985
16 0 573700
19 13 356167
17 13 533673
7 22 42153
18 10 513268
21 15 46366
8 12 10750
22 12 6978
8 18 3946
9 19 250985
14 8 7864
12 8 258016
1 21 1688904
15 13 83342
2 18 1865
3 11 33082
1 15 964374
4 12 10992
2 12 437623
5 1 93452
3 17 4802
16 7 49618
19 18 1636
17 6 904805
7 15 955449
20 21 1359197
18 5 18667
21 8 59558
22 7 10008
10 9 2376144
11 4 163038
9 20 5856299
14 19 5272
12 7 113602
10 19 29066489
15 10 48536
13 6 9453779
0 5 14804738
1 0 6625482
4 11 131999
2 7 11485
5 10 16994
4 17 588745
7 4 4014
5 20 1881787
16 20 4893807
21 17 82151
19 1 1071007
18 22 13452
8 0 5859654
15 19 945586
11 19 910943
12 20 971598
16 11 10045
6 18 33462
19 6 1173990
17 10 39073
20 1 933050
18 17 237405
21 4 40113
8 7 352841
9 6 4456165
10 5 49981
11 8 636436
0 19 1108647
14 7 50658
12 19 208648
1 18 64337
15 6 845065
13 18 119591
0 9 1160696
4 7 464458
5 6 197093
16 2 274
6 21 784476
19 15 60359
17 3 188
7 16 10733
20 8 34530339
18 8 120812
21 13 932739
22 2 3912
9 15 125391
10 12 1284796
8 20 51812938
11 1 432311
9 17 11283
12 10 70386
10 22 78454
13 11 403926
2 16 429
3 13 27246
1 13 10377016
2 10 37445
5 15 11037
3 19 1904
6 12 8169458
4 20 31144522
19 20 54084661
17 4 40621
7 9 13885358
18 3 214
21 22 8868
22 5 10781
11 6 2627439
14 17 74
12 1 35393
10 17 236253
15 20 1133693
13 4 19603
0 7 1952148
2 5 11671
5 8 128854
6 7 147876
4 19 25471210
7 6 3444634
5 18 153
16 22 83
19 3 4416
20 4 398391
18 20 74566550
8 2 215184
9 3 465
11 21 84748
14 2 17009
12 22 305917
3 1 5499
16 13 439359
6 16 81425
19 8 403673
17 8 544200
7 21 196342
20 3 101899
18 15 25581
21 2 37551
8 9 25194
22 9 114539
9 4 59644
10 3 14429
11 10 171637
0 21 805378
12 13 948456
1 16 115160
15 0 538182
13 16 22877
0 11 5544893
3 6 1185034
4 1 209912
5 4 23829
16 4 100
6 11 448234
19 17 361899
17 1 1414881
7 18 83553
20 10 346656
18 6 1169480
21 11 101989
22 0 80795
9 13 405186
8 22 200792
11 3 1412
14 12 1546
12 4 94145
10 20 3293506
15 9 468007
13 9 396477
0 2 775699
3 15 261470
1 3 39262
4 8 98788
2 8 23822
5 13 6521190
3 21 17662
6 2 722176
4 22 7021
19 22 3890234
7 11 1228763
20 17 443019
18 1 742318
16 17 583
21 20 4693151
12 3 5911
13 2 557354
1 4 406188
2 3 40
6 5 113757
7 0 2475067
5 16 1559
16 8 9532
19 5 12448
17 21 179306
22 18 1876
20 6 6058792
21 7 266046
8 4 116111
9 1 422705
0 16 44514
14 0 490351
12 16 11490
15 5 16713
13 21 349263
16 15 362
6 22 32734
19 10 54506
22 21 9826
20 13 1914004
18 13 13881457
21 0 1424924
8 11 806445
9 10 91936
8 17 643315
11 12 251488
14 11 2912
12 15 84640
1 22 387744
15 2 495187
2 21 496600
0 13 8002853
1 8 5090809
4 3 48
2 15 634659
5 2 462
16 6 233907
6 9 18385936
17 7 769573
7 12 310347
18 4 96310
21 9 769162
22 6 241025
10 8 31512758
11 5 84361
9 21 464408
12 6 8161205
10 18 1816277
15 11 43604
13 7 567715
0 4 495862
4 10 79803
2 6 2601687
5 11 31766
6 0 1821665
4 16 391
7 5 1251876
5 21 214039
20 19 465125
16 19 200939
21 18 6522
17 18 3000
14 21 4414
15 16 3000
13 0 14381853
11 16 8791
2 1 766789
7 2 335694
16 10 9695
19 7 1091374
22 16 124
20 0 16810356
18 16 3868
21 5 323936
8 6 1029233
22 10 16107
9 7 785476
10 4 16323095
11 9 200354
0 18 6509
14 6 45095
12 18 11502
1 19 1211507
15 7 1972524
13 19 81924
0 8 452306
3 5 108614
4 6 653853
5 7 44685
16 1 2557
6 20 2356687
19 12 17229
17 12 27203
7 17 43967
20 15 1310604
18 11 225782
8 13 439041
22 13 73914
9 8 32250
10 15 88352
8 19 11756951
9 18 49695
14 9 170
12 9 719753
1 20 10530573
15 12 75098
13 12 1847680
2 19 21561
0 15 1084540
3 10 37583
4 13 33264
2 13 69731
5 0 19842837
3 16 289
6 15 227028
19 21 35977
17 5 10072
20 22 3676
18 2 30746
22 4 88911
11 7 74761
12 0 951583
10 16 4659891
15 21 207532
13 5 9155687
0 6 13807257
1 7 672146
2 4 1592
5 9 52426
5 19 32103
16 21 6845
21 16 10230
19 0 8950651
17 16 8404
8 1 540304
15 18 998
11 18 5592
12 21 311854
16 12 22482
6 19 551137
19 9 157198
17 9 18545
20 2 1235216
21 3 42125
22 8 124268
9 5 28440
10 2 270568
0 20 8129077
14 4 80
1 17 1327971
15 1 161222
13 17 70093
2 22 66
0 10 1100911
3 7 2001
1 11 3811853
4 0 5130656
16 3 216
17 2 57848
7 19 92879
20 9 1438057
18 9 62633
21 12 120662
8 15 69843
10 13 2301631
8 21 82002
11 0 1695296
9 16 12712
14 15 139
12 11 627291
13 10 731290
2 17 1343
0 1 3195736
3 12 227
1 12 2220064
4 15 209895
2 11 127222
3 18 1498
6 13 5194485
4 21 5345
7 8 24246
20 16 3255027
18 0 8940113
12 2 88333
13 3 128
1 5 359686
6 4 75411
7 1 76439
5 17 492
19 2 69805
20 5 86135
18 21 203756
9 2 208934
11 20 1449130
14 3 1290
13 22 85100
3 0 147039
6 17 509328
19 11 980147
7 20 5007048
22 20 151259
20 12 178784
18 12 145499
21 1 165814
8 10 283627
9 11 134010
10 0 22658530
8 16 12370
11 13 356547
0 22 234208
14 10 488
15 3 56306
13 15 440309
2 20 193257
0 12 1135747
3 9 1486
1 9 858056
4 2 286
5 3 3278
6 8 229576
19 16 6696
17 0 721976
7 13 401707
20 11 407310
18 7 63919
21 10 123033
22 1 58542
9 12 1354363
10 11 293622
11 2 147392
9 22 5116
14 13 497389
12 5 80622
10 21 2512979
15 8 431071
13 8 311209
0 3 5927
1 2 1405587
4 9 9659
2 9 86575
5 12 8369
3 20 469731
6 3 21727
7 10 369970
5 22 276
20 18 2187984
16 18 52
21 19 62873
17 19 81838
14 20 1772876
13 1 3347854
2 0 1878621
