459
7 3 2915
16 9 40716
19 4 11447179
17 20 930480
22 19 51772
20 7 634872
18 19 123501
21 6 713320
8 5 46929
9 0 3137602
10 7 67437
0 17 2063737
14 1 261
12 17 28111
15 4 175228
13 20 4313097
3 2 56
4 5 15019
16 0 255907
19 13 135035
17 13 99553
7 22 9424
20 14 3192
18 10 258399
21 15 23833
8 12 10880
22 12 3053
10 14 949711
8 18 1635
9 19 37879
12 8 102937
1 21 1093219
15 13 390432
2 18 19063
0 14 8859
3 11 136197
1 15 689143
4 12 8442
2 12 517604
5 1 62154
3 17 8008
16 7 101683
6 14 40
19 18 97786
17 6 172617
7 15 2345794
20 21 1860447
18 5 63978
21 8 255531
22 7 8052
10 9 1820168
11 4 19183
9 20 3819119
14 19 100
12 7 457537
10 19 22455820
15 10 111071
13 6 3271496
0 5 11587108
1 0 3434961
4 11 141540
2 7 2892
5 10 26011
3 22 128
4 17 97051
7 4 4746
5 20 1376892
16 20 2322641
21 17 117999
19 1 199877
18 22 12122
8 0 3669068
15 19 496894
11 19 346689
12 20 679701
16 11 876
6 18 8101
19 6 196308
17 10 55581
20 1 1320049
18 17 166275
21 4 45831
8 7 915312
9 6 4786213
10 5 82819
11 8 819001
0 19 434193
14 7 13099
12 19 102419
1 18 37382
15 6 157470
13 18 15741
0 9 62696
3 4 80
4 7 1132597
5 6 29538
16 2 350
6 21 778153
19 15 51786
17 3 4749
7 16 365737
20 8 22759567
18 8 130016
21 13 776069
8 14 1480
22 2 128
9 15 166876
10 12 849350
8 20 45985988
11 1 531977
9 17 3659
12 10 76405
10 22 8684
13 11 82947
2 16 452
3 13 248115
1 13 6313674
4 14 52
2 10 163895
5 15 6548
3 19 70
6 12 7091191
4 20 32715036
19 20 53533112
17 4 24312
7 9 4926
18 3 312742
21 22 25606
22 5 12436
11 6 846463
12 1 90304
10 17 50826
15 20 3333745
13 4 7419
0 7 1049070
2 5 136
5 8 139081
6 7 4909261
4 19 21545853
7 6 459688
5 18 342
19 3 3312
20 4 24845
18 20 78813984
8 2 8099
9 3 176
11 21 73158
14 2 223
12 22 9567
3 1 56020
16 13 592705
6 16 63973
19 8 125089
17 8 11769
7 21 387453
20 3 454
18 15 26775
21 2 42391
8 9 191
9 4 5030
10 3 21272
11 10 168641
0 21 959350
14 5 80
12 13 753856
1 16 320703
15 0 647006
13 16 505900
0 11 508024
3 6 252514
4 1 21870
5 4 32070
16 4 172
6 11 282065
19 17 439531
17 1 41882
7 18 2442
20 10 313703
18 6 82107
21 11 214881
22 0 81065
9 13 290699
8 22 9874
11 3 54059
14 12 452
12 4 36783
10 20 6001958
13 9 3466
0 2 287572
3 15 1500
1 3 49191
4 8 225390
2 8 133651
5 13 5997524
3 21 5262
6 2 389740
4 22 14110
19 22 9053
7 11 151955
20 17 91644
18 1 377875
16 17 127
21 20 3629182
12 3 38522
13 2 24447
1 4 910313
2 3 38
6 5 49599
7 0 3302569
5 16 123
16 8 40
19 5 689
17 21 11182
22 18 2768
20 6 1745745
21 7 150994
8 4 56567
9 1 357851
0 16 29768
14 0 89378
12 16 96025
15 5 84086
13 21 596076
16 15 376
6 22 67785
19 10 28594
22 21 1706
20 13 670509
18 13 14480011
21 0 1639433
8 11 303163
9 10 316074
8 17 60956
11 12 166659
14 11 5759
12 15 352557
1 22 68460
15 2 713506
13 14 834141
2 21 60930
0 13 5119831
3 8 1420
1 8 1568259
2 15 1518992
5 2 5970
16 6 85859
6 9 4331
17 7 4694
7 12 159340
18 4 11680
21 9 78044
22 6 25358
10 8 29330468
11 5 59823
9 21 108924
12 6 409109
10 18 1816562
13 7 1348462
0 4 24965
4 10 4304
2 6 1806916
5 11 123099
6 0 1153726
7 5 1476966
5 21 200446
20 19 117319
16 19 2601
21 18 10918
17 18 5052
14 21 240
13 0 11516633
11 16 3312
2 1 23960
7 2 4640
16 10 3445
19 7 1416385
22 16 66
20 0 15221191
18 16 3073
21 5 126439
8 6 237457
22 10 92596
9 7 686506
10 4 9962614
11 9 10393
0 18 12548
14 6 1496
12 18 26753
1 19 1969152
15 7 1793084
13 19 68422
0 8 1971531
3 5 57179
4 6 80458
5 7 120996
16 1 5417
6 20 2611488
19 12 195769
17 12 12907
7 17 5078
20 15 1567111
18 11 174312
21 14 55
8 13 60399
22 13 28576
9 8 35710
10 15 99993
8 19 9384824
11 14 3624
9 18 10539
12 9 10197
1 20 8859923
15 12 136515
13 12 1264760
2 19 26242
0 15 1870634
3 10 69193
1 14 6326
4 13 59348
2 13 24506
5 0 21354780
3 16 66
6 15 136738
19 21 29634
17 5 37221
7 14 225
20 22 2720
18 2 66317
22 4 428185
11 7 14680
12 0 1512552
10 16 4247827
15 21 14273
13 5 7941506
0 6 3835774
1 7 176214
2 4 332
5 9 73683
4 18 11102
5 19 11373
16 21 14495
21 16 123199
19 0 5295551
17 16 397
8 1 288527
15 18 308
11 18 6695
12 21 302006
16 12 15455
6 19 234321
20 2 43105
18 14 364
21 3 4072
22 8 11931
9 5 11218
10 2 234958
0 20 6162387
14 4 1492
1 17 351108
15 1 161909
13 17 50625
0 10 455709
3 7 2063
1 11 2081007
4 0 2430995
17 2 1597
7 19 41452
20 9 569397
18 9 43434
21 12 364340
8 15 90372
9 14 4357
10 13 3079227
8 21 43446
11 0 1952737
9 16 8863
14 15 5997
12 11 355671
15 14 340
13 10 353847
2 17 1953
0 1 1520668
3 12 797055
1 12 1495345
4 15 208492
2 11 2270
3 18 56
6 13 3466163
4 21 557413
7 8 24578
20 16 1540485
18 0 4502678
12 2 12892
1 5 325865
6 4 26054
7 1 163476
5 17 62767
19 2 1753
20 5 79163
18 21 360803
9 2 468636
11 20 1223622
13 22 42246
3 0 148589
6 17 115108
19 11 1109021
7 20 330502
22 20 54014
20 12 933269
18 12 158289
21 1 265565
8 10 16918
9 11 85861
10 0 18580877
11 13 465577
0 22 874007
14 10 1001
12 14 2579
15 3 265
13 15 31150
2 20 89294
0 12 913116
1 9 24697
4 2 1611
2 14 6125
5 3 6140
16 5 80
6 8 199280
19 16 11067
17 0 915076
7 13 264735
20 11 460819
18 7 258724
21 10 71590
22 1 11350
9 12 58253
10 11 198463
11 2 44707
9 22 2680
14 13 257676
12 5 1335886
10 21 2312170
15 8 116179
13 8 223811
0 3 624435
1 2 1782326
4 9 463
5 12 28086
3 20 170237
6 3 5885
7 10 17203
5 22 5254
20 18 1885380
16 18 519
21 19 506026
17 19 164589
14 20 984208
13 1 941474
2 0 2731275
