480
7 3 17336
16 9 23813
19 4 18093250
17 20 1012843
22 19 126125
20 7 2100829
18 19 4240403
21 6 513477
8 5 9909
9 0 1435458
10 7 363215
0 17 261001
14 1 4530
12 17 312845
15 4 340981
13 20 3200041
3 2 1260079
4 5 28303
16 0 508453
19 13 146920
17 13 461978
7 22 36639
20 14 219894
18 10 348771
21 15 60877
8 12 51035
22 12 38804
10 14 3571480
8 18 1120
9 19 78077
14 8 1472
12 8 109549
1 21 120530
15 13 880062
2 18 4187
0 14 9415
3 11 1260
1 15 161281
4 12 23370
2 12 1912063
5 1 23293
3 17 14413
16 7 45382
6 14 12845
19 18 1721
17 6 2155053
7 15 2660713
20 21 753375
18 5 43756
21 8 101563
22 7 6830
10 9 1850276
11 4 187224
9 20 4111999
14 19 59070
12 7 7745444
10 19 26942421
15 10 15777
13 6 2357939
0 5 13804522
1 0 1473239
4 11 90945
2 7 82994
5 10 44159
6 1 441770
4 17 75370
7 4 48929
5 20 1772897
16 20 3209336
21 17 70548
19 1 261176
18 22 21649
8 0 1722950
15 19 768797
11 19 314504
12 20 2224817
16 11 2191
6 18 80594
19 6 1457627
17 10 107622
20 1 773156
18 17 183172
21 4 65314
8 7 594911
9 6 7898519
10 5 1122064
11 8 311925
0 19 1905867
14 7 18734
12 19 168809
1 18 35338
15 6 197682
13 18 53132
0 9 86909
3 4 844
4 7 476723
5 6 49024
16 2 2071
6 21 2245464
19 15 84231
17 3 6478
7 16 15756
20 8 12623903
18 8 180426
21 13 1538989
8 14 236
22 2 49963
9 15 311179
10 12 4311531
8 20 46843008
11 1 778115
9 17 46165
12 10 516784
10 22 116908
13 11 246173
2 16 10109
3 13 43620
1 13 2225066
4 14 28495
2 10 114191
5 15 8440
3 19 12307
6 12 9050983
4 20 54115541
19 20 66164866
17 4 1077401
7 9 40998
18 3 2733
21 22 10804
22 5 3353
11 6 1074102
12 1 139140
10 17 574872
15 20 468539
13 4 537657
0 7 1466012
2 5 19072
5 8 20063
6 7 4018547
4 19 22702484
7 6 382496
5 18 292
16 22 150
19 3 835
20 4 109300
18 20 79168823
8 2 180993
9 3 11019
11 21 414035
14 2 10459
12 22 13024
3 1 28198
16 13 215210
6 16 370150
19 8 216115
17 8 340764
7 21 4199870
20 3 31287
18 15 195558
21 2 56392
8 9 7200
22 9 2159
9 4 17939
10 3 514049
11 10 266124
0 21 419081
14 5 1380
12 13 948067
1 16 11000
15 0 695106
13 16 92955
0 11 853403
3 6 59905
4 1 153923
5 4 25567
16 4 11368
6 11 1831544
19 17 86253
17 1 1830836
7 18 11002
20 10 677802
18 6 330017
21 11 133244
22 0 239073
9 13 721772
8 22 18003
11 3 12183
14 12 23418
12 4 52657
10 20 7595422
15 9 290
13 9 30544
0 2 1103072
3 15 63076
1 3 172288
4 8 787592
2 8 4085
5 13 2881417
3 21 90396
6 2 1340416
4 22 15381
19 22 23169
7 11 281576
20 17 181830
18 1 247891
16 17 1718
21 20 5005417
12 3 22751
13 2 711614
1 4 1012671
2 3 28662
6 5 684961
7 0 4514458
5 16 1420
16 8 1538
19 5 15531
17 21 282636
22 18 72
20 6 1393975
21 7 280536
8 4 615006
9 1 96303
0 16 129928
14 0 167360
12 16 8952
15 5 5131
13 21 354941
6 22 866912
19 10 68156
17 14 1500
22 21 1423
20 13 5148828
18 13 7495551
21 0 2372001
8 11 509182
9 10 123548
8 17 224406
11 12 128894
14 11 9833
12 15 69353
1 22 23553
15 2 493422
13 14 1560971
2 21 38444
0 13 4250721
1 8 358321
4 3 1692
2 15 1591454
5 2 49265
16 6 59835
6 9 422167
17 7 110791
7 12 3134047
18 4 241602
21 9 452994
22 6 205663
10 8 20077162
11 5 71933
9 21 216994
14 18 2668
12 6 3273179
10 18 1879965
13 7 1923052
0 4 209705
4 10 42007
2 6 1607616
5 11 49695
6 0 6224213
4 16 4653
7 5 2517463
5 21 161050
20 19 271852
16 19 111026
21 18 13818
17 18 36
14 21 557
15 16 4482
13 0 9789619
11 16 11348
2 1 167376
7 2 53676
16 10 7902
19 7 618681
17 11 823
22 16 87
20 0 18565725
18 16 11236
21 5 3545519
8 6 129429
22 10 63607
9 7 1255231
10 4 16045025
11 9 55222
0 18 7042
14 6 5060
12 18 56258
1 19 486245
15 7 2796778
13 19 183304
0 8 164904
3 5 80
4 6 190013
5 7 77540
16 1 13038
6 20 19936841
19 12 510423
17 12 190697
7 17 604550
20 15 532263
18 11 87698
21 14 467
8 13 202019
22 13 49871
9 8 62828
10 15 340741
8 19 13264729
11 14 1315
9 18 14972
12 9 106276
1 20 3277109
15 12 522510
13 12 953619
2 19 21726
0 15 1559459
3 10 16682
1 14 4100
4 13 81850
2 13 278275
5 0 15164798
3 16 80
6 15 979750
19 21 52355
17 5 9605
7 14 1634
20 22 9241
18 2 464907
22 4 12184
11 7 80256
14 16 3123
12 0 1079752
10 16 3202540
15 21 38125
13 5 5929745
0 6 2750993
1 7 115466
2 4 21671
5 9 36447
4 18 142541
5 19 625770
16 21 10537
21 16 4107
19 0 3548724
17 16 7440
8 1 67821
15 18 718
11 18 2631
12 21 224502
16 12 14799
6 19 777314
19 9 2984
17 9 61261
20 2 148658
18 14 827
21 3 27057
22 8 246086
9 5 106462
10 2 172316
0 20 11256581
14 4 544
1 17 442193
15 1 114589
13 17 201316
2 22 2304
0 10 1041102
3 7 36837
1 11 1047452
4 0 2495318
19 14 207
17 2 10618
7 19 350915
20 9 326914
18 9 8521
21 12 228776
8 15 388547
22 3 52
9 14 1901
10 13 4290006
8 21 22053
11 0 2391790
9 16 5445
14 15 6570
12 11 273313
15 14 424
13 10 567978
2 17 1908
0 1 41367013
3 12 310010
1 12 205993
4 15 49193
2 11 25914
3 18 3000
6 13 11925681
4 21 36264
7 8 33739
20 16 1548417
18 0 10039452
14 22 10395
12 2 175742
13 3 6451
1 5 64401
6 4 711554
7 1 309186
5 17 15172
19 2 9008
20 5 386882
18 21 39658
9 2 286662
11 20 988072
13 22 11458
3 0 942824
16 14 80
6 17 1541086
19 11 444042
7 20 5475411
22 20 145681
20 12 1252010
18 12 1016051
21 1 122125
8 10 23259
22 14 5771
9 11 91706
10 0 21186122
8 16 607
11 13 411108
0 22 48770
14 10 48
12 14 14555
15 3 5895
13 15 79489
2 20 515800
0 12 1265833
3 9 92
1 9 22567
4 2 17644
2 14 1530
5 3 1624
6 8 755518
19 16 5574
17 0 1351716
7 13 3353710
20 11 264292
18 7 282766
21 10 138679
22 1 61928
9 12 271519
10 11 511614
11 2 16111
9 22 16558
14 13 359626
12 5 404213
10 21 1316309
15 8 554797
13 8 103313
0 3 361102
3 14 196
1 2 1788470
4 9 1104
2 9 14668
5 12 47743
3 20 3504418
6 3 313313
7 10 92839
5 22 695
20 18 2028627
16 18 52
21 19 888128
17 19 466305
14 20 2520628
13 1 1460863
2 0 2347089
