451
7 3 3386
16 9 5292
19 4 18358
17 20 1024462
22 19 42309
20 7 42725
18 19 28828
21 6 2968634
8 5 6268
9 0 889369
10 7 91631
0 17 183574
14 1 376
12 17 25368
15 4 193272
13 20 2191968
3 2 1500
4 5 4479
16 0 1716991
19 13 13583835
17 13 484738
7 22 20862
20 14 144
21 15 20243
8 12 33749
22 12 10949
10 14 1637
8 18 178027
11 15 46
9 19 11062
12 8 155902
1 21 998015
15 13 22346
2 18 460
0 14 128
3 11 3345
1 15 561511
4 12 1254
2 12 302293
5 1 35919
3 17 1656
16 7 5121
6 14 465
19 18 19006
17 6 888451
7 15 2418547
20 21 1376239
18 5 28911
21 8 59641
22 7 14851
10 9 1366435
11 4 283506
9 20 930714
14 19 4465
12 7 141617
10 19 133977
13 6 12147567
0 5 11376
1 0 4699840
4 11 86276
2 7 6852
3 22 39094
4 17 2158
7 4 6048128
5 20 2813437
16 20 342898
21 17 17553
19 1 147481
18 22 11321
8 0 30155171
15 19 444871
11 19 124363
12 20 691718
16 11 1648
6 18 491916
19 6 2393577
20 1 3439210
18 17 12941
21 4 677
8 7 5721
9 6 5356856
10 5 1474196
11 8 190338
0 19 646438
14 7 56
12 19 86337
1 18 590822
15 6 575058
13 18 248959
0 9 477032
3 4 477
4 7 11887
5 6 186261
16 2 846
6 21 466104
19 15 39705
17 3 9040
7 16 6760
20 8 13977687
18 8 84783
21 13 903933
22 2 130
9 15 120966
10 12 597972
8 20 8324268
11 1 400242
9 17 14420
10 22 59027
13 11 68309
2 16 100
3 13 20343
1 13 6043053
4 14 6655
5 15 1535
3 19 55812
6 12 3731794
4 20 5852552
19 20 12559467
17 4 3730
7 9 4170629
18 3 60743
21 22 7825
22 5 389
11 6 2252052
12 1 15988
10 17 249126
15 20 220646
13 4 11951
0 7 771142
1 6 120
2 5 162
5 8 19160
6 7 130576
4 19 56159
7 6 1210170
5 18 12252
16 22 84
19 3 1604
20 4 7954273
18 20 8959603
8 2 10938
9 3 92
11 21 55013
14 2 160
12 22 13591
3 1 10381
16 13 445980
6 16 106784
19 8 63672
17 8 61723
7 21 293588
20 3 657
18 15 8797
21 2 22630
8 9 22579
22 9 46918
9 4 19881
0 21 835165
14 5 40
12 13 377880
1 16 203740
15 0 592043
13 16 14585
0 11 209649
3 6 1932
4 1 50185
5 4 3530
16 4 40
6 11 469873
19 17 129693
17 1 509773
7 18 20985
18 6 1488457
21 11 136991
22 0 38408
9 13 831303
8 22 17921
11 3 1846
14 12 493
12 4 22100
10 20 3028003
15 9 154251
13 9 74097
0 2 564070
3 15 329
1 3 3932
4 8 36987
2 8 3700
5 13 2935797
3 21 15700
6 2 1742030
4 22 224
19 22 37366
7 11 9628
20 17 42004
18 1 44172
16 17 92
21 20 348181
12 3 4593
13 2 7780
1 4 69006
6 5 56698
7 0 1641730
5 16 1400
16 8 912
19 5 402559
17 21 42771
22 18 12908
20 6 15176660
21 7 219113
8 4 68646
9 1 29873
10 6 40
0 16 149843
14 0 805725
12 16 9230
15 5 741
13 21 320072
16 15 1600
6 22 20104
17 14 40
22 21 4802
20 13 670673
18 13 15728349
21 0 1882602
8 11 197001
8 17 33186
11 12 194014
12 15 68557
1 22 232039
15 2 492414
13 14 521329
2 21 29503
0 13 6577969
3 8 2972
1 8 439532
4 3 1500
2 15 1409954
5 2 560
16 6 398726
6 9 3139924
17 7 4451
7 12 3984941
18 4 15796
21 9 75468
22 6 706308
10 8 75790
11 5 166929
9 21 578126
12 6 5317668
10 18 367534
13 7 317280
0 4 180310
2 6 2345027
5 11 14685
6 0 1440112
4 16 156
7 5 1467604
5 21 20587
20 19 13652725
21 18 90066
17 18 78111
14 21 1403
15 16 168
13 0 6904332
11 16 5501
2 1 26886
7 2 370350
19 7 13087
22 16 48
20 0 1115059
18 16 3845
21 5 15199
8 6 658701
9 7 204574
10 4 114310
11 9 49863
0 18 112957
14 6 4696
12 18 97112
1 19 909082
15 7 2481287
13 19 40761
0 8 90726
3 5 128
4 6 653734
5 7 172932
16 1 142297
6 20 2965631
19 12 18595
17 12 25848
7 17 4023
20 15 1715373
18 11 346532
21 14 279
8 13 10833621
22 13 2637
9 8 9649
10 15 77157
8 19 13128
11 14 4396
9 18 10153195
14 9 122
12 9 88371
1 20 5662143
15 12 179914
13 12 188876
2 19 1580
0 15 1394951
1 14 5084
4 13 9498385
2 13 6356
5 0 12311190
3 16 817
6 15 63057
19 21 80113
17 5 51641
7 14 406834
20 22 13321
18 2 4136
22 4 7653
11 7 4370
12 0 325940
10 16 275091
15 21 8069
13 5 5058974
0 6 10784067
1 7 166213
2 4 212
5 9 13683
4 18 5127
5 19 9149
16 21 4119
21 16 7729
19 0 50468441
17 16 4199
8 1 119729
15 18 12896
11 18 249498
12 21 332229
16 12 7540
6 19 164498
19 9 26582
17 9 12012
20 2 827606
21 3 751
22 8 48261
9 5 6229617
10 2 195897
0 20 4778633
14 4 824
1 17 600394
15 1 28051
13 17 39900
3 7 8195
1 11 2319629
4 0 31399187
19 14 40
7 19 15270452
20 9 1085691
18 9 81766
21 12 55862
8 15 64479
22 3 364
9 14 199
10 13 2216965
8 21 25636
11 0 1104642
9 16 2191247
14 15 1322
12 11 622609
2 17 357
0 1 1370000
3 12 7618
1 12 1101129
4 15 25463
2 11 2149
3 18 20654
6 13 5391039
4 21 15963
7 8 14119666
20 16 1558862
18 0 40906644
12 2 22514
13 3 198
1 5 195298
6 4 50039
7 1 61025
5 17 1417
19 2 757
20 5 337850
18 21 202754
8 3 6104
9 2 520969
11 20 208255
14 3 40
13 22 3332
3 0 2679
6 17 100608
19 11 374572
7 20 179048
22 20 29542
20 12 1610597
18 12 104028
21 1 129356
9 11 26564
10 0 1671239
8 16 815
11 13 281811
0 22 171298
12 14 92
15 3 96
13 15 263699
2 20 24875
0 12 266920
3 9 479
1 9 550375
4 2 13188
2 14 8432
16 5 262
6 8 137679
19 16 4690
17 0 272746
7 13 195731
20 11 125529
18 7 62177
22 1 33763
9 12 175052
10 11 863000
11 2 10533
9 22 6208
14 13 173927
12 5 70028
10 21 1526300
15 8 150895
13 8 96535
0 3 15021
1 2 603066
4 9 1350
2 9 48542
5 12 12755
3 20 8644
6 3 88
5 22 13955
20 18 7538485
16 18 7618
21 19 27684
17 19 1887154
14 20 84475
13 1 202760
2 0 1316257
