454
7 3 1879
16 9 155580
19 4 7212608
17 20 456952
22 19 165400
20 7 404243
18 19 584966
21 6 223792
8 5 8858
9 0 1994423
10 7 38630
0 17 482009
14 1 289
12 17 43808
15 4 10319183
13 20 4668657
4 5 687
16 0 525277
19 13 19049
17 13 329870
7 22 14254
20 14 7184
18 10 394806
21 15 97523
8 12 8850
22 12 330
10 14 2880
8 18 14030
9 19 30324
14 8 92
12 8 123197
1 21 798322
15 13 5725
2 18 1461
3 11 8813
1 15 621027
4 12 7464
2 12 346528
5 1 80990
3 17 183
16 7 405849
6 14 1440
19 18 18434
17 6 264545
7 15 1637473
20 21 278830
18 5 29332
21 8 38782
22 7 5144
10 9 49979
11 4 6258
9 20 3672039
14 19 8953
12 7 398845
10 19 26422
15 10 131593
13 6 3531629
0 5 8208292
1 0 3530753
4 11 33682
2 7 24373
5 10 8942
3 22 56
7 4 3472
5 20 3843943
16 20 3661529
21 17 46173
19 1 124847
18 22 276663
8 0 1104008
15 19 26301874
11 19 559013
12 20 534165
16 11 40
6 18 5742
19 6 259436
17 10 119122
20 1 184497
18 17 21416
21 4 12593
8 7 2607179
9 6 3128658
10 5 40101
11 8 83610
0 19 277875
14 7 164887
12 19 79134
1 18 38378
15 6 128032
13 18 11700
0 9 113127
3 4 3000
4 7 374235
5 6 6779
16 2 606
6 21 103628
19 15 16585926
7 16 10026
20 8 14966397
18 8 54781
21 13 604021
8 14 40
22 2 8961
9 15 214376
10 12 617530
8 20 20872354
11 1 148730
9 17 153193
12 10 727626
10 22 53895
13 11 42189
2 16 4400
3 13 87377
1 13 2552938
2 10 158935
5 15 287951
3 19 107308
6 12 21033846
4 20 22991566
19 20 36952988
17 4 712
7 9 119354
18 3 1295
21 22 6821
22 5 1174
11 6 843087
14 17 61
12 1 55616
10 17 882872
15 20 1496034
13 4 2685
0 7 2218781
2 5 109
5 8 4261
6 7 4919773
4 19 10769857
7 6 251370
5 18 72
19 3 1864
20 4 16394
18 20 68777175
8 2 155
9 3 1611
11 21 128560
12 22 11330
3 1 3654
16 13 189634
6 16 76047
19 8 38758
17 8 4235
7 21 49279134
20 3 2553
18 15 2723412
21 2 13498
8 9 57027
9 4 5774
10 3 917199
11 10 330081
0 21 318089
12 13 222728
1 16 203311
15 0 14109924
13 16 10221
0 11 447135
3 6 20927
4 1 13523
5 4 13652
6 11 165488
17 1 84359
7 18 6162
20 10 1773625
18 6 347825
21 11 95189
22 0 364727
9 13 565319
8 22 4516
11 3 460
14 12 5157
12 4 4404
10 20 3430902
15 9 1092222
13 9 172693
0 2 376558
3 15 15670
1 3 17359
4 8 67000
5 13 2168461
3 21 40
6 2 507015
4 22 147
19 22 6864
7 11 5560
20 17 490051
18 1 164260
16 17 220
21 20 2253052
12 3 7527
13 2 438936
1 4 157666
6 5 11180
7 0 9040486
16 8 5547
19 5 7439
17 21 7582
20 6 2011843
21 7 967609
8 4 18098
9 1 35098
0 16 93094
14 0 66148
12 16 23621
15 5 326
13 21 123488
16 15 113431
6 22 41681
19 10 178739
17 14 48
22 21 6000
20 13 1597892
18 13 6243249
21 0 1650285
8 11 141134
22 15 2280
9 10 532903
11 12 37569
14 11 261
12 15 164791
1 22 141864
15 2 538172
13 14 3156329
2 21 50579
0 13 3775652
1 8 271092
4 3 80
2 15 1069568
5 2 207
16 6 305664
6 9 329910
17 7 12121
7 12 92056
18 4 5234
21 9 184702
22 6 7368
10 8 63175
11 5 49295
9 21 198033
12 6 1001514
10 18 325
13 7 458211
0 4 137598
4 10 156656
2 6 1874566
5 11 115594
6 0 1113714
4 16 1540
7 5 1502392
5 21 4521
20 19 314956
16 19 66786
21 18 9323
17 18 1372
14 21 224
15 16 4497202
13 0 5586488
11 16 3785
2 1 49111
7 2 9855
16 10 171671
19 7 1046458
20 0 12087394
18 16 11108
21 5 15045
8 6 54860
22 10 46643
9 7 581608
10 4 35691
11 9 19420
0 18 3313
14 6 340
12 18 13138
1 19 655455
15 7 2553438
13 19 33385
0 8 864942
3 5 100
4 6 42620
5 7 1072502
16 1 108481
6 20 2949428
19 12 38174
17 12 6477
7 17 14264
20 15 508630
18 11 123552
21 14 3045
8 13 60450
22 13 3607
9 8 16781
10 15 221281
8 19 3992071
11 14 217
9 18 14923
14 9 1274
12 9 78351
1 20 6877050
15 12 13996
13 12 718617
2 19 1724
0 15 574150
3 10 15917
1 14 5620
4 13 24423
2 13 41151
5 0 11130812
3 16 1420
6 15 151810
19 21 10840
7 14 125
20 22 968
18 2 16527
22 4 180
11 7 6657
12 0 194140
10 16 65378
15 21 229
13 5 5010130
0 6 1692895
1 7 312336
2 4 280
5 9 51428
5 19 122335
16 21 5220
21 16 11008
19 0 4446696
17 16 1691
8 1 1611266
15 18 1846452
11 18 2011
12 21 120556
16 12 52232
6 19 677781
19 9 86887
17 9 468
20 2 158699
21 3 192
22 8 3481
9 5 4033
10 2 51025
0 20 6413000
1 17 2860654
15 1 459617
13 17 8253
2 22 1684
0 10 4046430
3 7 4169
1 11 765036
4 0 1817625
19 14 147
17 2 13670
7 19 71999
20 9 753676
18 9 66569
21 12 61841
8 15 12305505
9 14 7746
10 13 1153951
8 21 2920
11 0 641579
9 16 41409
14 15 5420
12 11 118082
15 14 128
13 10 1441699
2 17 7260
0 1 1690251
3 12 5613
1 12 1080670
4 15 12093297
2 11 486
6 13 3315974
7 8 195357
20 16 2207617
18 0 3575871
12 2 26851
1 5 117129
6 4 24483
7 1 63369
5 17 1540
19 2 4256
20 5 498918
18 21 41445
9 2 99350
11 20 262640
14 3 38
13 22 318
3 0 273985
19 11 39362
7 20 3556846
22 20 26992
20 12 761483
18 12 29939
21 1 154736
8 10 416165
22 14 696
9 11 34522
10 0 1519111
8 16 273
11 13 44825
0 22 145233
14 10 53232
12 14 4752
15 3 3988
13 15 10090
2 20 329674
0 12 553093
3 9 1337
1 9 75532
2 14 163
5 3 1866
16 5 52
6 8 61295
19 16 652
17 0 544374
7 13 312461
20 11 389638
18 7 4137422
21 10 540285
22 1 723
9 12 116684
10 11 57766
11 2 468
9 22 579
14 13 131198
12 5 14675
10 21 745277
15 8 24442371
13 8 302207
0 3 217511
3 14 59
1 2 343777
4 9 25854
2 9 6040
5 12 12536
3 20 1563289
6 3 5604
7 10 235270
5 22 166
20 18 1501257
16 18 56
21 19 44712
17 19 156826
14 20 1948399
13 1 894220
2 0 1675734
