461
7 3 2327
16 9 99727
19 4 14788765
17 20 506875
22 19 46082
20 7 1230901
18 19 632867
21 6 1266064
8 5 97097
9 0 1332727
10 7 110449
0 17 353639
14 1 1933
12 17 17065
15 4 19580029
13 20 3967804
3 2 199
4 5 5649
16 0 224820
19 13 68553
17 13 449962
7 22 7858
20 14 8199
18 10 1034168
21 15 157069
8 12 11113
22 12 2900
10 14 48
8 18 3114
9 19 87174
14 8 519
12 8 47232
1 21 1154897
15 13 387535
2 18 3041
0 14 169
3 11 13050
1 15 498888
4 12 3262
2 12 98619
5 1 703608
16 7 462219
6 14 3731
19 18 1560
17 6 320362
7 15 1040159
20 21 1443563
18 5 27848
21 8 41663
22 7 3515
10 9 136605
11 4 139709
9 20 3190944
14 19 3181
12 7 480737
10 19 194236
15 10 243018
13 6 4253836
0 5 14824160
1 0 5697813
2 7 61549
5 10 116179
3 22 98
6 1 4066
7 4 11419
5 20 7736076
16 20 3780024
21 17 67913
19 1 161534
18 22 5985
8 0 1933116
15 19 28516471
11 19 54208
12 20 956115
6 18 14786
19 6 587929
17 10 365298
20 1 970790
18 17 26574
21 4 149224
8 7 4412528
9 6 5770467
10 5 90771
11 8 229114
0 19 1940973
14 7 233428
12 19 22988
1 18 16515
15 6 163161
13 18 14206
0 9 17485
3 4 202
4 7 599531
5 6 57652
16 2 6053
6 21 419083
19 15 19573318
17 3 160
7 16 15056
20 8 21317131
18 8 89255
21 13 685871
8 14 6667
22 2 588048
9 15 206683
10 12 779843
8 20 28855053
11 1 252834
9 17 1136
12 10 1104066
10 22 10022
13 11 2516094
2 16 5768
3 13 27157
1 13 6462958
2 10 243597
5 15 296161
3 19 153
6 12 1130788
4 20 36510422
19 20 41464164
17 4 25460
7 9 86983
18 3 2649
21 22 3867
22 5 2792
11 6 1645976
14 17 1290
12 1 36096
10 17 119933
15 20 1834510
13 4 48655
0 7 3017113
1 6 88
2 5 13060
5 8 5522
6 7 19415313
4 19 18493506
7 6 256203
16 22 204
19 3 1482
20 4 84786
18 20 75114403
8 2 5706
9 3 8939
11 21 50603
14 2 619
12 22 3198
3 1 27441
16 13 200995
6 16 230118
19 8 199449
17 8 115462
7 21 70823637
20 3 1918
18 15 3916770
21 2 39013
8 9 176949
9 4 125537
10 3 16954
11 10 516407
0 21 723082
14 5 40
12 13 10819558
1 16 231927
15 0 21507190
13 16 20499
0 11 373596
3 6 125196
4 1 129874
5 4 4630
16 4 48
17 1 570572
7 18 6234
20 10 2656967
18 6 501495
22 0 23029
9 13 987085
8 22 54625
11 3 1783
14 12 31080
12 4 5460
10 20 4569502
15 9 973387
13 9 1530995
0 2 50928
3 15 143334
1 3 604829
4 8 158472
2 8 15788
5 13 2673943
3 21 35210
6 2 404910
4 22 4548
19 22 38005
20 17 412009
18 1 409390
16 17 152
21 20 3437607
12 3 32784
13 2 83195
1 4 621533
2 3 1014
6 5 59709
7 0 138789443
5 16 337
16 8 202
19 5 25810
17 21 48039
22 18 4645
20 6 13807467
21 7 1739935
8 4 241487
9 1 132541
0 16 37127
14 0 193620
12 16 21792
15 5 57144
13 21 1665590
16 15 138061
6 22 67202
19 10 444923
17 14 38
22 21 35
20 13 2144098
18 13 9435384
21 0 762609
9 10 1147230
11 12 8893
14 11 5772
12 15 13674
1 22 83931
15 2 588010
13 14 4638316
2 21 77640
0 13 3192029
3 8 2163
1 8 645884
4 3 5976
2 15 497943
5 2 346
16 6 71013
6 9 58851
17 7 12227
7 12 759134
18 4 179306
21 9 160791
22 6 73304
10 8 141190
11 5 30423
9 21 201535
14 18 38
12 6 726490
10 18 7235
13 7 3302975
0 4 615928
4 10 227992
2 6 1880878
5 11 24746
6 0 872790
4 16 140
7 5 1837824
5 21 71491
20 19 702177
16 19 42863
21 18 6943
14 21 4256
15 16 5914860
13 0 10061377
11 16 6619
2 1 93466
7 2 2575444
16 10 223642
19 7 835093
20 0 17665630
18 16 10553
21 5 153875
8 6 859432
22 10 34319
9 7 730264
10 4 600368
11 9 5408
0 18 19592
14 6 5813
12 18 524092
1 19 1110018
15 7 1758796
13 19 709383
0 8 330304
3 5 5796
4 6 73782
5 7 1165151
16 1 5679
6 20 3517459
19 12 3111
17 12 4404
7 17 11311
20 15 802686
21 14 192
8 13 46559
22 13 20259
9 8 72459
10 15 320315
8 19 7855613
11 14 460
9 18 26577
14 9 5120
12 9 142983
1 20 13669330
15 12 32453
13 12 1412794
2 19 138
0 15 470374
3 10 354149
1 14 60083
4 13 26403
2 13 311311
5 0 10012290
3 16 52
6 15 526801
19 21 2077
17 5 678
20 22 44743
18 2 10093
22 4 120
11 7 18834
12 0 1369085
10 16 69408
15 21 5680
13 5 9968180
0 6 2125048
1 7 532563
2 4 6208
5 9 178261
4 18 847
5 19 167265
16 21 30099
21 16 26572
19 0 3218792
17 16 6129
8 1 395635
15 18 2554743
11 18 26910
12 21 1314121
16 12 11820
6 19 761140
19 9 186188
17 9 56
20 2 45421
18 14 108
21 3 155
22 8 3004
9 5 17350
10 2 239775
0 20 13313697
1 17 755575
15 1 45192
13 17 174155
2 22 11448
0 10 4346904
3 7 9737
1 11 1132379
4 0 2939145
19 14 545
17 2 52633
7 19 427148
20 9 737920
18 9 91082
21 12 101228
8 15 18417374
22 3 115
9 14 400
10 13 1884474
8 21 6953
11 0 820616
9 16 17450
14 15 13613
12 11 136795
15 14 142
13 10 5109453
2 17 1372
0 1 2959708
3 12 13014
1 12 1600369
4 15 16055825
2 11 72975
5 14 52
6 13 9165481
4 21 7793
7 8 41617
20 16 2069174
18 0 5280255
12 2 22404
13 3 3156
1 5 578640
6 4 272343
7 1 68627
5 17 1476
19 2 316
20 5 188937
18 21 151777
8 3 783
9 2 92682
11 20 889747
13 22 2902
3 0 314538
17 15 40
7 20 2862877
22 20 65159
20 12 482514
18 12 66314
21 1 65693
8 10 243679
22 14 826
10 0 2023661
8 16 68
11 13 197065
0 22 14822
14 10 3090
12 14 2417
15 3 104
13 15 86065
2 20 162957
0 12 756356
3 9 100
1 9 72592
4 2 3145
2 14 15575
5 3 1948
16 5 8810
6 8 125532
19 16 2960
17 0 340452
7 13 617362
18 7 5700135
21 10 787353
22 1 3125
9 12 437100
11 2 82429
9 22 4575
14 13 142971
12 5 185331
10 21 1284735
15 8 29245460
13 8 34531
0 3 530373
1 2 2068420
4 9 170201
2 9 11360
5 12 3575
3 20 3923766
6 3 53744
7 10 886520
5 22 1544
20 18 2256976
16 18 1572
21 19 277460
17 19 226906
14 20 2096672
13 1 946498
2 0 260331
