462
7 3 5800
16 9 43046
19 4 14508318
17 20 260506
22 19 71408
20 7 2028696
18 19 911710
21 6 766968
8 5 10998
9 0 3371724
10 7 247344
0 17 1810212
14 1 402
12 17 32646
15 4 13414560
13 20 6496137
3 2 1500
4 5 32386
16 0 548969
19 13 70620
17 13 370515
7 22 10085
20 14 47200
18 10 692479
21 15 46431
8 12 20849
22 12 102
10 14 39856
8 18 1068
11 15 126
9 19 99521
14 8 190
12 8 56419
1 21 928794
15 13 430543
2 18 11776
0 14 1515193
1 15 382
4 12 3929
2 12 401077
5 1 69135
3 17 3427
16 7 763759
6 14 43250
19 18 10040
17 6 285022
7 15 575431
20 21 248433
18 5 25577
21 8 103961
22 7 43781
10 9 173531
11 4 41964
9 20 2467898
14 19 15170
12 7 1694406
10 19 964896
15 10 20784
13 6 4782020
0 5 13440685
1 0 4603958
2 7 10655
5 10 31221
3 22 1051709
6 1 58
7 4 1656
5 20 632917
16 20 4410466
21 17 9260
19 1 298150
18 22 8816
8 0 1685486
15 19 22477083
11 19 74804
12 20 618403
6 18 29642
19 6 175593
17 10 235959
20 1 224183
18 17 30077
21 4 18480
8 7 3209736
9 6 6524387
10 5 458768
11 8 366912
0 19 608690
14 7 253446
12 19 254817
1 18 91874
15 6 123755
13 18 16050
0 9 6127
3 4 22244
4 7 197017
5 6 7128
16 2 2004
6 21 242278
19 15 23424399
17 3 44
7 16 13326
20 8 17732530
18 8 347244
21 13 1005155
8 14 109
22 2 1640
9 15 225094
10 12 82787
8 20 20752911
11 1 137321
9 17 10213
12 10 28166
10 22 13752
13 11 1051
2 16 1020
3 13 76286
1 13 4964820
4 14 576
2 10 30660
5 15 63021
3 19 44209
6 12 935968
4 20 26954441
19 20 37796890
17 4 9139
7 9 1108
18 3 2064
21 22 6000
22 5 24236
11 6 951662
12 1 810078
10 17 232822
15 20 1696752
13 4 22842
0 7 3388505
1 6 120
2 5 1244
5 8 5398
6 7 1424298
4 19 14306607
7 6 3473943
5 18 428
19 3 52
20 4 54149
18 20 67355177
8 2 4994
9 3 496
11 21 82282
14 2 2321
12 22 182
3 1 6085
16 13 467557
6 16 839505
19 8 151403
17 8 631521
7 21 15654999
20 3 5520
18 15 641247
21 2 26570
8 9 385
9 4 10679
10 3 126928
11 10 289732
0 21 1102448
14 5 40
12 13 781443
1 16 154884
15 0 16739379
13 16 26381
0 11 42487
3 6 51858
1 10 52
4 1 19945
5 4 47432
16 4 1420
17 1 225757
7 18 8786
20 10 441038
18 6 279913
22 0 84123
9 13 1394270
8 22 8396
11 3 1901
14 12 275
12 4 29263
10 20 4118744
15 9 685815
13 9 696
0 2 470764
3 15 33738
1 3 31145
4 8 272579
2 8 243
5 13 2952850
3 21 41019
6 2 661088
4 22 49205
19 22 13959
20 17 1488578
18 1 240815
16 17 937
21 20 2221267
12 3 39597
13 2 33036
1 4 217361
2 3 148
6 5 177252
7 0 130928303
5 16 3640
16 8 4529
19 5 23718
17 21 2060
22 18 716
20 6 5894942
21 7 524426
8 4 40354
9 1 203163
0 16 88509
14 0 133214
12 16 35025
15 5 208
13 21 1281559
16 15 24884
6 22 54990
19 10 53650
22 21 1500
20 13 773834
18 13 6817552
21 0 1175837
22 15 220
9 10 81472
11 12 47119
14 11 71
12 15 122
1 22 82437
15 2 388141
13 14 1344695
2 21 31757
0 13 3644320
3 8 4433
1 8 551619
4 3 364
2 15 52
5 2 5139
16 6 94770
6 9 5572
17 7 179966
7 12 26677512
18 4 98813
21 9 354084
22 6 274556
10 8 97388
11 5 135748
9 21 1519495
14 18 59
12 6 571262
10 18 180
13 7 1293071
0 4 87087
4 10 41094
2 6 60746
6 0 1864745
7 5 1759530
5 21 35651
20 19 1032682
16 19 14359
21 18 2833
17 18 1552
15 16 4955555
13 0 8658795
11 16 24422
2 1 147611
7 2 10591
16 10 59353
19 7 649212
20 0 15782176
18 16 3631
21 5 108239
8 6 454779
22 10 30391
9 7 622537
10 4 72493
11 9 208
0 18 60354
14 6 1093
12 18 26448
1 19 1537916
15 7 759487
13 19 351467
0 8 341282
3 5 38
4 6 169039
5 7 918786
16 1 19414
6 20 6363775
19 12 14676
17 12 59297
7 17 8845
20 15 344070
21 14 289
8 13 12338
22 13 7336
9 8 15638
10 15 3369155
8 19 5384161
11 14 14089
9 18 26615
12 9 202460
1 20 7794174
15 12 7734
13 12 396022
2 19 5017
0 15 162310
3 10 20829
1 14 15148
4 13 203968
2 13 61544
5 0 16419087
6 15 159595
19 21 5403
17 5 40396
7 14 2625
20 22 20536
18 2 103789
22 4 5074
11 7 80521
12 0 2214995
10 16 368183
15 21 97
13 5 6889779
0 6 1236409
1 7 495040
2 4 148
5 9 135288
4 18 2241
5 19 180192
16 21 10467
21 16 20153
19 0 2802149
17 16 133
8 1 349574
15 18 1862357
11 18 4544
12 21 359457
16 12 3068
6 19 747221
19 9 118
20 2 121083
18 14 80
21 3 309
22 8 5094
9 5 3412
10 2 35052
0 20 3846331
14 4 472
1 17 655636
15 1 11961
13 17 9728
2 22 40
0 10 530242
3 7 13901
1 11 58274
4 0 1892733
16 3 52
19 14 5986
17 2 40
7 19 262162
20 9 523103
18 9 7603
21 12 226810
8 15 14577809
22 3 18816
9 14 8365
10 13 4092330
8 21 29036
11 0 745786
9 16 17860
14 15 1629
12 11 240
15 14 1572
13 10 453300
2 17 52
0 1 3732558
3 12 6476
1 12 2828780
4 15 15116029
3 18 1873
6 13 6341413
4 21 22016
7 8 28949
20 16 2515603
18 0 4506108
14 22 120
12 2 48829
13 3 49
1 5 617489
6 4 18930
7 1 76192
5 17 3521
19 2 1054
20 5 78385
18 21 53680
8 3 6841
9 2 341195
11 20 596508
14 3 128
13 22 4349
3 0 975315
17 15 8083
7 20 9035646
22 20 458495
20 12 373833
18 12 40786
21 1 110544
8 10 143942
22 14 7500
10 0 1608599
8 16 8309
11 13 529921
0 22 642944
14 10 144
12 14 17852
15 3 44937
13 15 52
2 20 136295
0 12 1016951
3 9 104
1 9 321296
4 2 53
2 14 38690
5 3 38
16 5 17299
6 8 177642
19 16 811811
17 0 602707
7 13 4571972
18 7 4981264
21 10 47657
22 1 12826
9 12 3531402
11 2 3522
9 22 11266
14 13 138975
12 5 139163
10 21 1042614
15 8 26160049
13 8 61394
0 3 262013
1 2 714066
4 9 2840
2 9 272
5 12 10878
3 20 3428553
6 3 16047
7 10 47465
5 22 900
20 18 1723286
16 18 59
21 19 259014
17 19 716615
14 20 1843391
13 1 1640835
2 0 899603
