460
7 3 12772
16 9 51430
19 4 18781659
17 20 2463816
22 19 377784
20 7 2113851
18 19 743559
21 6 291686
8 5 34387
9 0 1578439
10 7 599877
0 17 2408856
14 1 12872
12 17 199059
15 4 19699577
13 20 7812035
3 2 4936
4 5 9322
16 0 444111
19 13 171056
17 13 393278
7 22 32729
20 14 11664
18 10 1543540
21 15 135339
8 12 34345
22 12 2361
10 14 78048
8 18 2165
11 15 90
9 19 139507
14 8 1480
12 8 111306
1 21 1847191
15 13 154685
0 14 2617385
1 15 6932
4 12 30386
2 12 371010
5 1 55273
3 17 2961
16 7 561265
6 14 5757
19 18 21551
17 6 195623
7 15 842839
20 21 2426056
18 5 171326
21 8 104694
22 7 33801
10 9 87283
11 4 30364
9 20 4212466
14 19 28981
12 7 589050
10 19 901126
15 10 232381
13 6 1841485
0 5 22805938
1 0 6028644
2 7 81375
5 10 85355
3 22 1488
7 4 91749
5 20 901840
16 20 5041098
21 17 10642
19 1 522594
18 22 15407
8 0 1223449
15 19 36683902
11 19 74015
12 20 3192720
6 18 16727
19 6 414281
17 10 170714
20 1 855763
18 17 94778
21 4 88104
8 7 2941614
9 6 5483756
10 5 134128
11 8 130203
0 19 1156128
14 7 265379
12 19 237785
1 18 86821
15 6 498538
13 18 37893
0 9 46285
3 4 1500
4 7 260001
5 6 12306
16 2 15092
6 21 484561
19 15 21803010
17 3 1616
7 16 24492
20 8 19002672
18 8 99927
21 13 889542
22 2 44492
9 15 173056
10 12 1722250
8 20 17857289
11 1 245292
9 17 117785
12 10 179172
10 22 28621
13 11 135280
2 16 501
3 13 179709
1 13 9834158
4 14 92
2 10 109391
5 15 94778
3 19 317833
6 12 1326860
4 20 22093145
19 20 33835189
17 4 12088
7 9 90606
18 3 8033
21 22 7912
22 5 9159
11 6 422144
14 17 463
12 1 45342
10 17 153052
15 20 1683823
13 4 46447
0 7 3020580
2 5 11310
5 8 18794
6 7 11390807
4 19 12185821
7 6 218275
5 18 10110
16 22 11000
19 3 8988
20 4 246461
18 20 73755813
8 2 23904
9 3 6285
11 21 74327
14 2 388
12 22 120252
3 1 42353
16 13 456976
6 16 1770777
19 8 203457
17 8 83461
7 21 56578909
20 3 48162
18 15 512385
21 2 105055
8 9 7028
22 9 58
9 4 49302
10 3 619629
11 10 497594
0 21 749841
14 5 3632
12 13 968827
1 16 369404
15 0 35407671
13 16 21762
0 11 22356
3 6 70720
4 1 17773
5 4 16672
16 4 1495
17 1 447409
7 18 12039
20 10 1077848
18 6 200402
22 0 124229
9 13 1172482
8 22 15484
11 3 84047
14 12 4438
12 4 15370
10 20 6407587
15 9 2188071
13 9 147060
0 2 681605
3 15 156000
1 3 132946
4 8 85501
2 8 4432
5 13 3622600
3 21 154848
6 2 201111
4 22 15347
19 22 76675
20 17 846430
18 1 328870
16 17 11207
21 20 2667766
12 3 12422
13 2 186935
1 4 212804
2 3 25893
6 5 86515
7 0 75581719
5 16 223
16 8 3229
19 5 114864
17 21 294790
22 18 321
20 6 7909282
21 7 1172285
8 4 127828
9 1 515866
0 16 200492
14 0 198491
12 16 49224
15 5 2934
13 21 673702
16 15 23483
6 22 37795
19 10 254296
17 14 430
20 13 775336
18 13 7688312
21 0 1347972
22 15 8033
9 10 296468
11 12 58735
1 22 391315
15 2 521382
13 14 2030272
2 21 57859
0 13 5002150
3 8 6104
1 8 724596
5 2 15499
16 6 57177
6 9 60231
17 7 140795
7 12 23765663
18 4 87437
21 9 427790
22 6 88077
10 8 92735
11 5 45773
9 21 258016
14 18 1508
12 6 8863632
10 18 5330
13 7 2056213
0 4 401875
4 10 167566
2 6 267321
5 11 8447
6 0 1701621
4 16 75
7 5 1823311
5 21 96803
20 19 2136469
16 19 14056
21 18 28327
17 18 7272
14 21 11117
15 16 5669375
13 0 11571007
11 16 2048
2 1 158682
7 2 40188
16 10 23459
19 7 1021431
22 16 681048
20 0 24798791
18 16 22803
21 5 232959
8 6 102343
22 10 32659
9 7 870308
10 4 163911
11 9 10021
0 18 179009
14 6 3391
12 18 25190
1 19 3334064
15 7 1215052
13 19 731701
0 8 443459
3 5 104
4 6 69544
5 7 1085789
16 1 7411
6 20 4250158
19 12 163584
17 12 774529
7 17 154243
20 15 3518298
21 14 1022
8 13 45558
22 13 2721
9 8 33057
10 15 277609
8 19 5368896
11 14 808
9 18 29598
14 9 617
12 9 591804
1 20 27815285
15 12 26843
13 12 1612591
2 19 253766
0 15 142949
3 10 242714
1 14 34548
4 13 146426
2 13 1179242
5 0 19101756
3 16 181
6 15 271023
17 5 28135
7 14 5059
20 22 296288
18 2 22138
22 4 30986
11 7 210031
12 0 1127056
10 16 119679
15 21 1752
13 5 10970214
0 6 951574
1 7 881471
2 4 491
5 9 185695
4 18 8808
5 19 131455
16 21 22238
21 16 19593
19 0 2069673
17 16 2599
8 1 97606
15 18 5021555
11 18 1503
12 21 1467658
16 12 8045
6 19 1157015
19 9 67360
17 9 120
20 2 250767
18 14 4688
21 3 11733
22 8 23344
9 5 109953
10 2 582854
0 20 10554657
14 4 628
1 17 4528432
15 1 2178656
13 17 45985
2 22 3976
0 10 1652794
3 7 14062
1 11 500618
4 0 1975002
16 3 1420
19 14 4133
17 2 1082
7 19 368396
20 9 1485789
18 9 30251
21 12 374146
8 15 14597109
22 3 567
9 14 7978
10 13 4873547
8 21 134
11 0 929902
9 16 27504
14 15 1187
12 11 127368
15 14 3514
13 10 1170764
2 17 1465
0 1 4714649
3 12 15902
1 12 1404268
4 15 14812307
3 18 62346
6 13 6583787
7 8 40927
20 16 2086234
18 0 3621425
14 22 342
12 2 163805
13 3 3224
1 5 1130360
6 4 82479
7 1 116908
5 17 4008
19 2 779529
20 5 185248
18 21 119981
8 3 1796
9 2 168880
11 20 958934
13 22 4886
3 0 317340
17 15 40
7 20 58154697
22 20 421785
20 12 1618323
18 12 50787
21 1 68872
8 10 202330
22 14 104
10 0 2464405
8 16 10548
11 13 164231
0 22 224425
14 10 8225
12 14 3460
15 3 504
13 15 133
2 20 2030039
0 12 2235958
3 9 16783
1 9 1133664
4 2 160
2 14 10610
5 3 239
16 5 9147
6 8 159207
19 16 8362
17 0 1047141
7 13 7937157
18 7 5209243
21 10 195385
22 1 121260
9 12 147666
11 2 229959
9 22 12264
14 13 169980
12 5 68079
10 21 1690527
15 8 29501470
13 8 111781
0 3 1291900
1 2 1188578
4 9 10427
2 9 9621
5 12 25004
3 20 588160
6 3 200264
7 10 103439
5 22 7057
20 18 2811108
16 18 52
21 19 267293
17 19 429933
14 20 2154298
13 1 1428733
2 0 892948
