466
7 3 197867
16 9 38164
19 4 15034772
17 20 558728
22 19 57748
20 7 2013995
18 19 725511
21 6 522589
8 5 8391
9 0 3472490
10 7 186751
0 17 12029
14 1 3305
12 17 86171
15 4 19500702
13 20 4068627
3 2 3651
4 5 12092
16 0 444835
19 13 102683
17 13 384191
7 22 25871
20 14 45219
18 10 1472674
21 15 32433
8 12 5054
22 12 10330
10 14 52898
8 18 3519
11 15 1500
9 19 79013
14 8 80
12 8 114290
1 21 1512935
15 13 80958
2 18 3052
0 14 4019148
1 15 12993
4 12 2507
2 12 554559
5 1 97328
3 17 4472
16 7 712938
6 14 5006
19 18 13048
17 6 298813
7 15 924392
20 21 512670
18 5 69565
21 8 61493
22 7 45353
10 9 381730
11 4 33549
9 20 4853149
14 19 5970
12 7 1199789
10 19 330533
15 10 145986
13 6 3122880
0 5 24650922
1 0 7099788
2 7 36785
5 10 239984
3 22 500
7 4 10858
5 20 1092094
16 20 4487878
21 17 27922
19 1 253961
18 22 25750
8 0 1120334
15 19 25200197
11 19 75070
12 20 2361077
6 18 19182
19 6 111949
17 10 105128
20 1 580758
18 17 89795
21 4 86053
8 7 3861085
9 6 3241938
10 5 467776
11 8 851970
0 19 1213309
14 7 298178
12 19 227830
1 18 239831
15 6 67954
13 18 32082
0 9 22460
3 4 4552
4 7 254966
5 6 25271
16 2 3444
6 21 398457
19 15 19176037
17 3 1572
7 16 32021
20 8 17383805
18 8 146287
21 13 1195613
8 14 3726
22 2 532
9 15 368005
10 12 1572015
8 20 21647242
11 1 179427
9 17 163290
12 10 197061
10 22 8683
13 11 19675
2 16 2671
3 13 9973
1 13 9345950
4 14 352
2 10 234008
5 15 148449
3 19 36265
6 12 13925575
4 20 21062798
19 20 28346157
17 4 13354
7 9 516549
18 3 3195
21 22 1710
22 5 12420
11 6 855376
12 1 893667
10 17 792587
15 20 414709
13 4 60561
0 7 3476059
2 5 8358
5 8 5128
6 7 8439399
4 19 11060386
7 6 367627
5 18 1420
16 22 4748
19 3 2529
20 4 223221
18 20 72642127
8 2 29814
9 3 11802
11 21 61483
14 2 1513
12 22 37553
3 1 16353
16 13 922677
6 16 120673
19 8 186809
17 8 16722
7 21 74641909
20 3 27337
18 15 919922
21 2 40033
8 9 114335
9 4 12435
10 3 121736
11 10 843158
0 21 244172
14 5 2459
12 13 821660
1 16 274919
15 0 25551625
13 16 21903
0 11 12066
3 6 106490
4 1 16637
5 4 80357
17 1 404239
7 18 10905
20 10 1058658
18 6 318841
22 0 42857
9 13 966932
8 22 1065499
11 3 1890
14 12 38882
12 4 11026
10 20 5658436
15 9 2393601
13 9 251789
0 2 772546
3 15 92
1 3 141252
4 8 146140
2 8 4722
5 13 3298289
3 21 76273
6 2 237293
4 22 9025
19 22 40620
20 17 87886
18 1 292519
16 17 3728
21 20 3808820
12 3 16274
13 2 176135
1 4 678217
2 3 19706
6 5 238067
7 0 74349970
5 16 264
16 8 3379
19 5 84240
17 21 264256
22 18 363
20 6 6993176
21 7 1375114
8 4 453958
9 1 115588
10 6 40
0 16 175959
14 0 170111
12 16 63931
15 5 10664
13 21 883900
16 15 24498
6 22 75059
19 10 324548
17 14 51
20 13 1086499
18 13 10125455
21 0 1448233
22 15 545
9 10 389923
11 12 43481
12 15 52
1 22 188503
15 2 487117
13 14 2744277
2 21 8673
0 13 6475886
3 8 28848
1 8 903142
4 3 1584
2 15 52
5 2 2364
16 6 70747
6 9 61654
17 7 148969
7 12 50708768
18 4 47683
21 9 1434624
22 6 362928
10 8 107422
11 5 65979
9 21 538102
14 18 1416
12 6 2253487
10 18 4340
13 7 1922514
0 4 95308
4 10 361447
2 6 57317
5 11 4193
6 0 1191291
7 5 1861581
5 21 208763
20 19 736191
16 19 27243
21 18 10963
14 21 484
15 16 5406390
13 0 11393248
11 16 5394
2 1 69507
7 2 32001
16 10 32015
19 7 1738236
17 11 40
22 16 96
20 0 21247428
18 16 4456
21 5 724272
8 6 91318
22 10 68615
9 7 1540931
10 4 225225
11 9 8034
0 18 26866
14 6 1468
12 18 36747
1 19 1589454
15 7 1403496
13 19 574542
0 8 1256948
3 5 6104
4 6 86812
5 7 1226962
16 1 19632
6 20 6969081
19 12 70751
17 12 33502
7 17 198246
20 15 768040
21 14 2338
8 13 291093
22 13 347580
9 8 85937
10 15 92394
8 19 5201492
11 14 31116
9 18 32228
14 9 500
12 9 508767
1 20 11680325
15 12 105961
13 12 723136
2 19 153946
0 15 160287
3 10 55539
1 14 72383
4 13 34545
2 13 1344906
5 0 19553632
3 16 48
6 15 303423
19 21 10609
17 5 43766
7 14 15476
20 22 22739
18 2 11603
22 4 2734
11 7 40981
12 0 2207410
10 16 189992
15 21 1785
13 5 13199484
0 6 1508781
1 7 646048
2 4 1080
5 9 236069
4 18 2480
5 19 250386
16 21 15014
21 16 6905
19 0 2067687
8 1 407094
15 18 4035825
11 18 939
12 21 787173
16 12 9433
6 19 419160
19 9 15828
17 9 1800
20 2 208082
18 14 67759
21 3 7661
22 8 17878
9 5 68860
10 2 283493
0 20 7703285
14 4 1410
1 17 610122
15 1 131565
13 17 17734
2 22 13692
0 10 1893910
3 7 11669
1 11 156300
4 0 1907340
16 3 5760
19 14 3271
17 2 45555
7 19 1250308
20 9 1393244
18 9 148222
21 12 231168
8 15 14163771
22 3 3052
9 14 6610
10 13 3416512
8 21 4708
11 0 1114821
9 16 124970
14 15 7201
12 11 423
15 14 1176
13 10 2008187
2 17 18225
0 1 3893831
3 12 45103
1 12 1931457
4 15 14893321
2 11 742
5 14 40
3 18 56
6 13 5690741
4 21 84
7 8 20339
20 16 2110140
18 0 3400409
14 22 78
12 2 147225
13 3 3024
1 5 1621943
6 4 191543
7 1 117692
5 17 1485
19 2 4631
20 5 271569
18 21 101155
8 3 784652
9 2 176236
11 20 763465
14 3 399
13 22 35024
3 0 510778
7 20 108787049
22 20 71297
20 12 1444827
18 12 47717
21 1 105900
8 10 193556
22 14 1492
10 0 2093514
8 16 1496
11 13 123465
0 22 60915
14 10 6791
12 14 10544
15 3 43548
13 15 136
2 20 204833
0 12 824197
3 9 98
1 9 454294
4 2 44355
2 14 4727
5 3 3504
16 5 1650
6 8 128649
19 16 6764
17 0 252223
7 13 2020532
18 7 5449074
21 10 276320
22 1 4339
9 12 232240
11 2 18332
9 22 18012
14 13 443853
12 5 58102
10 21 1787095
15 8 27243177
13 8 82534
0 3 1375450
3 14 515
1 2 1747442
4 9 446
2 9 8732
5 12 58717
3 20 356961
6 3 75227
7 10 160121
5 22 13762
20 18 2253784
16 18 52
21 19 153495
17 19 26367
14 20 2716460
13 1 327285
2 0 968525
