453
7 3 24818
16 9 18956
19 4 13386099
17 20 651744
22 19 298411
20 7 54251
18 19 138995
21 6 4559388
8 5 17926
9 0 2023608
10 7 412439
0 17 255085
14 1 599
12 17 12423
15 4 332699
13 20 3097456
3 2 10599
4 5 13629
16 0 2074123
19 13 698093
17 13 496567
7 22 7036
20 14 5676
21 15 138659
8 12 5218
22 12 4024
10 14 11372
8 18 80666
11 15 492
9 19 31985
14 8 3755
12 8 140043
1 21 1820129
15 13 243530
2 18 46040
0 14 4672
3 11 157600
1 15 947103
4 12 19504
2 12 383609
5 1 16266
3 17 3053
16 7 10108
6 14 3973
19 18 64488
17 6 655696
7 15 570311
20 21 943882
18 5 81291
21 8 57189
22 7 61636
10 9 647380
11 4 74455
9 20 5653460
14 19 38
12 7 324004
10 19 174722
13 6 14189512
0 5 888032
1 0 4193727
4 11 72431
2 7 78839
3 22 56
4 17 31015
7 4 12932590
5 20 5587737
16 20 614734
21 17 184678
19 1 391784
18 22 224038
8 0 32241584
15 19 227455
11 19 1538582
12 20 1047410
16 11 407
6 18 113095
19 6 1557095
20 1 291796
18 17 9834
21 4 230546
8 7 138922
9 6 3582803
10 5 391579
11 8 236253
0 19 1882996
14 7 7200
12 19 165720
1 18 650379
15 6 541941
13 18 442307
0 9 672295
3 4 3375
4 7 152042
5 6 262312
16 2 724
6 21 649378
19 15 61663
17 3 49
7 16 5735
20 8 19602069
18 8 122609
21 13 10192686
8 14 5122
22 2 502128
9 15 128495
10 12 972196
8 20 13192793
11 1 381735
9 17 57755
10 22 8314
13 11 282889
3 13 369
1 13 13778051
4 14 40
5 15 7383
3 19 177009
6 12 12994689
4 20 15085886
19 20 25306016
17 4 1728
7 9 41656
18 3 1516
21 22 31401
22 5 69516
11 6 2201419
12 1 44913
10 17 590507
15 20 278974
13 4 70314
0 7 782467
2 5 951745
5 8 5001
6 7 2307338
4 19 15856803
7 6 3228547
5 18 30394
16 22 3000
19 3 7470
20 4 39463
18 20 19072506
8 2 17436
9 3 289
11 21 184870
14 2 200
12 22 78698
3 1 11207
16 13 434871
6 16 141431
19 8 134532
17 8 630887
7 21 320483
20 3 611
18 15 43215
21 2 195321
8 9 987
22 9 120
9 4 8931
0 21 845893
12 13 2771878
1 16 509995
15 0 301616
13 16 11837
0 11 1011249
3 6 5577
4 1 356694
5 4 32411
16 4 215
6 11 304103
19 17 445360
17 1 1287247
7 18 118672
18 6 922898
21 11 180702
22 0 143657
9 13 391469
8 22 11253
11 3 3881
14 12 38
12 4 9021
10 20 3096654
15 9 1050
13 9 2233
0 2 283176
3 15 2007
1 3 48303
4 8 122825
2 8 13252
5 13 4681387
3 21 34748
6 2 611798
4 22 2118
19 22 553381
7 11 705595
20 17 560144
18 1 160623
16 17 9894
21 20 1701294
12 3 6767
13 2 127633
1 4 447470
2 3 78
6 5 160931
7 0 1781790
5 16 3051
16 8 113
19 5 170339
17 21 59803
22 18 9084
20 6 10203025
21 7 304400
8 4 162674
9 1 55872
10 6 80
0 16 24042
14 0 800953
12 16 17260
15 5 1538
13 21 1291045
16 15 145
6 22 111313
17 14 88
22 21 15614
20 13 4053419
18 13 13410591
21 0 2577953
8 11 378815
8 17 458599
11 12 87388
14 11 114
12 15 128293
1 22 1045592
15 2 333142
13 14 751744
2 21 91336
0 13 5378899
3 8 18796
1 8 605646
2 15 323578
5 2 28793
16 6 272106
6 9 40068
17 7 16469
7 12 2660781
18 4 268322
21 9 417047
22 6 180619
10 8 158770
11 5 61491
9 21 646663
14 18 99
12 6 3445698
10 18 403171
15 11 93
13 7 560737
0 4 489746
2 6 2282792
5 11 353115
6 0 1798309
4 16 260
7 5 1521698
5 21 74375
20 19 284757
21 18 87782
17 18 91170
14 21 92
15 16 40
13 0 9416782
11 16 12860
2 1 39500
7 2 176682
19 7 566145
22 16 281
20 0 1149611
18 16 8644
21 5 428157
8 6 666991
9 7 1259737
10 4 66731
11 9 40377
0 18 91141
14 6 125984
12 18 53829
1 19 1300072
15 7 1349009
13 19 337661
0 8 878881
3 5 1476
4 6 1267817
5 7 103660
16 1 16726
6 20 1653594
19 12 83505
17 12 9616
7 17 18278
20 15 278055
18 11 228458
21 14 1618
8 13 102863
22 13 46186
9 8 76148
10 15 146144
8 19 15890923
11 14 4020
9 18 18853779
12 9 38391
1 20 9726456
15 12 1033797
13 12 501135
2 19 47484
0 15 657386
1 14 20527
4 13 80231
2 13 1462566
5 0 15983409
6 15 168347
19 21 121079
17 5 20315
7 14 992721
20 22 16734
18 2 12909
22 4 2019
11 7 17805
12 0 363120
10 16 40461
15 21 11215
13 5 8569173
0 6 10836682
1 7 546303
2 4 822
5 9 154603
4 18 14784
5 19 136047
16 21 41865
21 16 18460
19 0 49703261
17 16 340928
8 1 74555
15 18 46859
11 18 341679
12 21 252010
16 12 10175
6 19 483553
19 9 8304
17 9 66171
20 2 489816
18 14 3302
21 3 144
22 8 12413
9 5 8865864
10 2 253209
0 20 10910993
1 17 1397623
15 1 86932
13 17 579865
2 22 171428
3 7 5853
1 11 3125011
4 0 36371177
19 14 76
17 2 52
7 19 23054678
20 9 1456578
18 9 92411
21 12 259755
8 15 58170
22 3 38
9 14 1688
10 13 2642219
8 21 33239
11 0 776443
9 16 3241668
14 15 339
12 11 322161
15 14 1532
2 17 435
0 1 3200339
3 12 13471
1 12 2704477
4 15 484153
2 11 64046
3 18 25736
6 13 6554525
4 21 77599
7 8 21101748
20 16 1710181
18 0 50673027
12 2 109683
1 5 422172
6 4 204446
7 1 130471
5 17 6770
19 2 151572
20 5 43791
18 21 36478
8 3 362106
9 2 545375
11 20 655608
13 22 22956
3 0 56126
6 17 624255
19 11 187382
7 20 805966
22 20 56962
20 12 4317930
18 12 53192
21 1 626556
9 11 113207
10 0 1037823
8 16 6653
11 13 155064
0 22 266528
12 14 3440
15 3 431
13 15 82011
2 20 3947600
0 12 547838
3 9 8704
1 9 826052
4 2 11335
2 14 11148
5 3 118
16 5 11520
6 8 133993
19 16 181
17 0 208250
7 13 1447946
20 11 670455
18 7 438997
22 1 539365
9 12 139645
10 11 599828
11 2 12053
9 22 24863
14 13 171570
12 5 100904
10 21 1032463
15 8 182603
13 8 270052
0 3 112307
3 14 128
1 2 2514434
4 9 282
2 9 200
5 12 3248
3 20 11831
5 22 1260
20 18 12606733
16 18 5570
21 19 42992
17 19 672960
14 20 129275
13 1 985031
2 0 2002343
