441
7 3 2255
16 9 151745
19 4 8806717
17 20 299115
22 19 167697
20 7 465157
18 19 562673
21 6 75701
8 5 602
9 0 971744
10 7 223470
0 17 80967
14 1 7146
12 17 4160
15 4 7854123
13 20 1618394
4 5 3042
16 0 197454
19 13 27303
17 13 170856
7 22 6991
20 14 14375
18 10 709611
21 15 130970
10 14 62
8 18 709
9 19 80356
12 8 4829
1 21 712082
15 13 166424
0 14 2032719
3 11 3061
2 12 97649
5 1 19479
3 17 16500
16 7 74889
6 14 1552
19 18 4035
17 6 60778
7 15 161647361
20 21 296484
18 5 24865
21 8 60537
22 7 16663
10 9 161055
11 4 8677
9 20 5209489
14 19 32328
12 7 604070
10 19 101151
15 10 26914
13 6 600239
0 5 7102805
1 0 3313014
2 7 17106
5 10 14505
3 22 38
6 1 3000
7 4 1356
5 20 756912
16 20 3608609
21 17 13375
19 1 300086
18 22 2055
8 0 801439
15 19 24180161
11 19 67539
12 20 495734
6 18 7901
19 6 147783
17 10 85902
20 1 1588488
18 17 15716
21 4 86946
8 7 324306
9 6 131659
10 5 177656
11 8 171408
0 19 135583
14 7 13691
12 19 11984
1 18 43925
15 6 52597
13 18 27478
0 9 4765
4 7 208839
5 6 43262
16 2 756
6 21 116990
19 15 42757334
17 3 76
7 16 29253
20 8 11939484
18 8 77641
21 13 664519
8 14 40
22 2 48
9 15 445007
10 12 1165422
8 20 4230937
11 1 946062
9 17 6701
12 10 38715
10 22 3097
13 11 393495
2 16 1844
3 13 10665
1 13 2752705
2 10 6617
5 15 58245
3 19 12096
6 12 3704
4 20 3421033
19 20 6631134
17 4 656
7 9 2897
18 3 18710
21 22 1931
11 6 56301
12 1 3227985
10 17 39696
15 20 327814
13 4 208518
0 7 2398500
1 6 5528
2 5 189
5 8 26249
6 7 10299042
4 19 5771291
7 6 367742
5 18 342
16 22 129
19 3 2719
20 4 21520
18 20 63761172
8 2 634
9 3 10242
11 21 25884
14 2 4288
12 22 6229
3 1 51221
16 13 131808
6 16 82187
19 8 197040
17 8 68874
7 21 1382673
20 3 932
18 15 580052
21 2 166120
9 4 224
10 3 161479
11 10 47425
0 21 111352
12 13 254147
1 16 622319
15 0 16455672
13 16 12377
0 11 181789
3 6 3457
4 1 57171
5 4 6567
16 4 128
17 1 206809
7 18 3082
20 10 64382
18 6 45089
22 0 84115
9 13 321385
8 22 28340
11 3 3408
14 12 4320
12 4 92
10 20 3694902
15 9 574172
13 9 247466
0 2 50225
1 3 12266
4 8 36661
2 8 63
5 13 1135325
3 21 3440
6 2 110136
19 22 11410
20 17 2514807
18 1 236772
21 20 2334071
12 3 4616
13 2 663106
1 4 153117
6 5 140552
7 0 1801607
5 16 500
16 8 197
19 5 4619
17 21 15224
20 6 548277
21 7 191352
8 4 22768
9 1 3493599
0 16 35601
14 0 27649
12 16 15118
15 5 6028
13 21 99687
16 15 26625
6 22 19216
19 10 687927
17 14 38
22 21 40
20 13 1754651
18 13 4957792
21 0 323555
22 15 6175
9 10 104598
10 1 125192
11 12 34856
14 11 5200
12 15 78
1 22 64995
15 2 612898
13 14 1780776
2 21 51888
0 13 1774533
1 8 390403
5 2 2823
16 6 34095
6 9 21593
17 7 8673
7 12 21582681
18 4 313425
21 9 113186
22 6 60884
10 8 54798
11 5 2056
9 21 157367
14 18 4000
12 6 335275
10 18 16138
13 7 2380215
0 4 159878
4 10 1945
2 6 65656
5 11 3652
6 0 167926
4 16 450
7 5 1404638
5 21 26562
20 19 804606
16 19 40843
21 18 14254
17 18 146
14 21 472
15 16 8360081
13 0 7105529
11 16 533
2 1 226303
7 2 20128
16 10 11834
19 7 330412
22 16 49
20 0 13360349
18 16 5562
21 5 15765
8 6 19722
22 10 1578
9 7 631625
10 4 9518
11 9 137
0 18 88126
14 6 82
12 18 5322
1 19 580019
15 7 1961387
13 19 364131
0 8 34121
3 5 10616
4 6 103304
5 7 95347
16 1 37250
6 20 936842
19 12 135
17 12 431
7 17 6542
20 15 2844307
21 14 14346
8 13 14826
22 13 3639
9 8 22320
10 15 1820035
8 19 4151115
11 14 3526
9 18 18321
14 9 48
12 9 5251
1 20 6949255
13 12 603912
2 19 1267
0 15 250213
3 10 14032
1 14 13861
4 13 24897
2 13 51894
5 0 16073039
6 15 1777226
19 21 1500
17 5 828
7 14 78
20 22 2959
18 2 3268
22 4 2229
11 7 11464
12 0 1081496
10 16 198378
15 21 1660
13 5 5396715
0 6 729008
1 7 1177902
2 4 42234
5 9 252832
4 18 189
5 19 137808
16 21 13979
21 16 17690
19 0 848492
17 16 144
8 1 98664
15 18 3386507
11 18 4745
12 21 90325
16 12 10213
6 19 366965
20 2 970219
18 14 208
21 3 618
22 8 97720
9 5 715
10 2 143085
0 20 3385429
1 17 983658
15 1 191491
13 17 45089
0 10 288916
3 7 2324
1 11 664643
4 0 932334
16 3 52
19 14 467
17 2 333
7 19 176737
20 9 691078
18 9 631
21 12 88068
8 15 30979750
9 14 133
10 13 1815811
8 21 1684
11 0 1106489
9 16 14542
14 15 4041
12 11 3050
15 14 3064
13 10 282621
2 17 1788
0 1 1912610
3 12 34812
1 12 1498586
4 15 27199841
2 11 120965
3 18 96
6 13 2540975
4 21 233
7 8 19545
20 16 2152795
18 0 2019172
14 22 106
12 2 51244
13 3 324
1 5 275945
6 4 45785
7 1 85373855
5 17 40
19 2 40
20 5 6101
18 21 63854
9 2 137437
11 20 828807
14 3 56
13 22 2030
3 0 745358
17 15 280878
7 20 25749981
22 20 69740
20 12 3088089
18 12 40
21 1 304636
8 10 31320
22 14 251
10 0 298747
8 16 3262
11 13 318203
0 22 218175
12 14 4385
15 3 2480
13 15 10133
2 20 611331
0 12 718293
1 9 41558
4 2 1336
2 14 17660
5 3 325
16 5 1460
6 8 52750
19 16 4624
17 0 430748
7 13 455576
18 7 288362
21 10 17213
22 1 28731
9 12 5697795
11 2 7797
9 22 211
14 13 101738
12 5 7656
10 21 1483830
15 8 21976762
13 8 18407
0 3 224832
3 14 38
1 2 774137
2 9 1420
5 12 190672
3 20 117561
6 3 2625
7 10 115247
20 18 1921433
16 18 1604
21 19 66284
17 19 300298
14 20 1883384
13 1 2588387
2 0 1013034
