456
7 3 848
16 9 123262
19 4 8861559
17 20 278004
22 19 212615
20 7 441110
18 19 470007
21 6 85783
8 5 6417
9 0 1207370
10 7 213979
0 17 228460
14 1 17208
12 17 12235
15 4 10669446
13 20 3473417
3 2 1628
4 5 4184
16 0 322530
19 13 31013
17 13 410022
7 22 25885
20 14 62933
18 10 600064
21 15 207062
10 14 4260
8 18 388
11 15 116
9 19 101747
12 8 9965
1 21 1127585
15 13 10896
2 18 291
0 14 2302058
3 11 76
1 15 2110
2 12 140266
5 1 30340
16 7 57518
6 14 14783
19 18 4034
17 6 22833
7 15 165830546
20 21 281436
18 5 11037
21 8 57411
22 7 30046
10 9 72187
11 4 7014
9 20 5084479
14 19 28880
12 7 1430290
10 19 613087
15 10 5457
13 6 1275130
0 5 7201014
1 0 4916680
2 7 28108
5 10 2452
6 1 3394
7 4 2040
5 20 746715
16 20 3598563
21 17 40567
19 1 296121
18 22 20303
8 0 855452
15 19 27879589
11 19 39029
12 20 610642
6 18 19743
19 6 63145
17 10 113770
20 1 4136946
18 17 51830
21 4 61119
8 7 265174
9 6 173609
10 5 16535
11 8 167427
0 19 264898
14 7 28256
12 19 19899
1 18 93478
15 6 61390
13 18 33423
0 9 137949
3 4 3069
4 7 224054
5 6 55595
16 2 2665
6 21 147028
19 15 41966071
17 3 52
7 16 438003
20 8 13180785
18 8 61908
21 13 2540046
8 14 1525
22 2 9048
9 15 958777
10 12 1095244
8 20 3946497
11 1 934906
9 17 9093
12 10 83064
10 22 9078
13 11 81524
2 16 2038
3 13 13863
1 13 3601132
4 14 4660
2 10 82836
5 15 51936
3 19 1848
6 12 15448
4 20 3673567
19 20 6326710
17 4 766
7 9 63100
18 3 1085
21 22 40522
22 5 359
11 6 162920
14 17 219
12 1 2033806
10 17 96984
15 20 884692
13 4 219882
0 7 2434145
1 6 4500
2 5 2256
5 8 26647
6 7 16099605
4 19 6358989
7 6 399299
5 18 147
16 22 116
19 3 2068
20 4 21807
18 20 71776078
8 2 3452
9 3 255828
11 21 67026
14 2 967
12 22 3934
3 1 66784
16 13 290562
6 16 410390
19 8 61393
17 8 111510
7 21 1039577
20 3 4816
18 15 615989
21 2 27841
9 4 1838
10 3 142341
11 10 35792
0 21 1296144
12 13 591438
1 16 611427
15 0 20502179
13 16 65802
0 11 357950
3 6 57448
4 1 35701
5 4 5590
16 4 1517
17 1 419599
7 18 13821
20 10 113453
18 6 101124
22 0 217953
9 13 495019
8 22 33023
11 3 1100
14 12 13815
12 4 11199
10 20 4092987
15 9 589080
13 9 274060
0 2 68657
1 3 26289
4 8 37182
2 8 36000
5 13 1047241
3 21 21777
6 2 204110
4 22 55980
19 22 186925
20 17 44169
18 1 375634
16 17 4241
21 20 2165944
12 3 3152
13 2 73421
1 4 121967
2 3 220
6 5 143739
7 0 994676
5 16 1500
16 8 99
19 5 9135
17 21 19007
22 18 26480
20 6 884409
21 7 246796
8 4 204509
9 1 5423730
0 16 117959
14 0 31856
12 16 37589
15 5 554
13 21 630473
16 15 53383
6 22 78895
19 10 47033
17 14 80
22 21 115
20 13 1488769
18 13 5229209
21 0 370817
22 15 4532
9 10 98261
10 1 15069
11 12 136501
14 11 11397
12 15 212
1 22 212287
15 2 511185
13 14 1979966
2 21 19529
0 13 3124619
3 8 7500
1 8 561621
4 3 80
2 15 1641
5 2 149686
16 6 64369
6 9 13052
17 7 8385
7 12 14300020
18 4 16635
21 9 319574
22 6 14985
10 8 42418
11 5 2059
9 21 81761
14 18 1342
12 6 368506
10 18 11840
13 7 788823
0 4 289273
4 10 10946
2 6 61194
5 11 4939
6 0 238000
4 16 227
7 5 1374473
5 21 23292
20 19 2580796
16 19 30303
21 18 1456075
14 21 11208
15 16 8690400
13 0 9033968
11 16 4788
2 1 110663
7 2 101382
16 10 52192
19 7 387086
22 16 1640
20 0 15917092
18 16 11049
21 5 32074
8 6 21383
22 10 3752
9 7 719881
10 4 50765
11 9 46635
0 18 38292
14 6 2093
12 18 10096
1 19 769697
15 7 1922344
13 19 15872
0 8 65459
3 5 184
4 6 123685
5 7 123390
16 1 78922
6 20 3865968
17 12 12351
7 17 25452
20 15 2461073
21 14 4041
8 13 3528
22 13 4276
9 8 19924
10 15 1942078
8 19 4462086
11 14 4828
9 18 32092
14 9 247
12 9 43605
1 20 7841338
13 12 133635
2 19 3068
0 15 196392
3 10 18876
1 14 25383
4 13 23025
2 13 65559
5 0 17157390
6 15 1230537
17 5 1506
7 14 3128
20 22 26058
18 2 163053
22 4 11043
11 7 455436
12 0 1311872
10 16 513618
15 21 5648
13 5 4843692
0 6 879183
1 7 2737844
2 4 5480
5 9 349331
4 18 4992
5 19 57745
16 21 24473
21 16 42910
19 0 1084877
17 16 152
8 1 70159
15 18 4156954
11 18 10340
12 21 292211
16 12 15617
6 19 760931
17 9 1644
20 2 1900363
18 14 1400
21 3 758
22 8 711893
9 5 7742
10 2 73160
0 20 6237835
14 4 4369
1 17 981821
15 1 199936
13 17 111495
2 22 300
0 10 481223
3 7 2184
1 11 1077314
4 0 939606
16 3 136
19 14 1520
17 2 1538
7 19 305596
20 9 811180
18 9 966
21 12 108187
8 15 30135222
22 3 48
9 14 1185
10 13 1886096
8 21 6632
11 0 679564
9 16 22270
14 15 1324
12 11 47206
15 14 432
13 10 247607
2 17 50192
0 1 2424507
3 12 10672
1 12 1933688
4 15 28331326
2 11 370543
6 13 2902725
4 21 159
7 8 37610
20 16 3268982
18 0 2863117
14 22 164
12 2 96428
13 3 352
1 5 299537
6 4 188694
7 1 75877273
5 17 296
19 2 4640
20 5 21457
18 21 48505
8 3 52
9 2 145200
11 20 754486
13 22 468
3 0 111174
16 14 64
17 15 440659
7 20 5948354
22 20 37235
20 12 667884
21 1 484216
8 10 45614
10 0 289710
8 16 2898
11 13 103214
0 22 195923
14 10 40
12 14 4114
15 3 4355
13 15 11590
2 20 533503
0 12 956844
3 9 248
1 9 102327
4 2 375
2 14 34496
5 3 40
16 5 52
6 8 83911
19 16 1069
17 0 566011
7 13 188824
18 7 346349
21 10 34938
22 1 22166
9 12 5732228
11 2 16606
9 22 645
14 13 211913
12 5 38019
10 21 1519808
15 8 20991118
13 8 14627
0 3 148841
3 14 1500
1 2 1330110
2 9 58
5 12 169471
3 20 224623
6 3 5071
7 10 109811
5 22 340
20 18 2570697
16 18 434
21 19 228702
17 19 254430
14 20 2072128
13 1 3974448
2 0 2120343
