455
7 3 2268
16 9 152458
19 4 9381058
17 20 1391063
22 19 168828
20 7 406214
18 19 410993
21 6 59407
8 5 9312
9 0 945618
10 7 346160
0 17 210532
14 1 12709
12 17 10455
15 4 11401793
13 20 3043029
3 2 22738
4 5 2954
16 0 364945
19 13 38896
17 13 225710
7 22 644657
20 14 38438
18 10 752075
21 15 180014
10 14 2880
8 18 2148
11 15 208
9 19 177055
14 8 1483
12 8 1856
1 21 1164997
15 13 29064
2 18 66
0 14 2609148
3 11 1962
1 15 3492
4 12 208
2 12 642112
5 1 35219
3 17 2972
16 7 126166
6 14 55244
19 18 5130
17 6 12594
7 15 173081973
20 21 490017
18 5 21961
21 8 68728
22 7 49926
10 9 71117
11 4 15251
9 20 5916801
14 19 26267
12 7 1655517
10 19 794346
15 10 24616
13 6 1155956
0 5 7525178
1 0 5772613
2 7 22653
5 10 508
3 22 4628
6 1 3630
7 4 3033
5 20 1068009
16 20 3932138
21 17 30960
19 1 245217
18 22 2876
8 0 852165
15 19 30736539
11 19 261470
12 20 915592
6 18 39966
19 6 74489
17 10 212766
20 1 4509516
18 17 74974
21 4 8843
8 7 535415
9 6 180440
10 5 354632
11 8 338173
0 19 513140
14 7 36309
12 19 88567
1 18 199671
15 6 41997
13 18 24434
0 9 15982
4 7 234642
5 6 52158
16 2 172
6 21 156994
19 15 44771653
17 3 268
7 16 544900
20 8 14564928
18 8 86874
21 13 678214
8 14 52
22 2 166
9 15 1492189
10 12 1091958
8 20 3881533
11 1 852229
9 17 12560
12 10 103530
10 22 13539
13 11 123740
2 16 1575
3 13 257336
1 13 3882411
4 14 184
2 10 85634
5 15 52419
3 19 82500
6 12 3048
4 20 3932481
19 20 6710697
17 4 7616
7 9 39710
18 3 160
21 22 55574
22 5 1398
11 6 163379
12 1 1398027
10 17 101392
15 20 910076
13 4 227284
0 7 2535445
1 6 3052
2 5 411
5 8 50310
6 7 4793497
4 19 6967172
7 6 521810
5 18 40
19 3 2984
20 4 27890
18 20 72697544
9 3 4769
11 21 46858
14 2 5145
12 22 8400
3 1 102043
16 13 246967
6 16 581372
19 8 1732213
17 8 113542
7 21 1185981
20 3 11458
18 15 609942
21 2 31401
9 4 8565
10 3 149261
11 10 56568
0 21 446249
14 5 128
12 13 700471
1 16 562392
15 0 21653584
13 16 49837
0 11 238868
3 6 23994
4 1 33387
5 4 200
16 4 136
17 1 506299
7 18 8279
20 10 128783
18 6 58007
22 0 147015
9 13 525244
8 22 8344
11 3 3362
14 12 7168
12 4 16297
10 20 3698184
15 9 663832
13 9 238389
0 2 673262
3 15 1500
1 3 28994
4 8 43048
2 8 104
5 13 1070835
3 21 75120
6 2 106587
4 22 9436
19 22 145011
20 17 147490
18 1 290952
16 17 4147
21 20 2145175
12 3 2135
13 2 171603
1 4 148639
2 3 912
6 5 104962
7 0 1474283
16 8 3124
19 5 24536
17 21 10865
22 18 1688
20 6 808995
21 7 192814
8 4 294098
9 1 3719020
0 16 155091
14 0 43770
12 16 27242
15 5 5497
13 21 133842
16 15 40429
6 22 58330
19 10 38146
17 14 208
22 21 187
20 13 1437034
18 13 5747932
21 0 412826
22 15 769
9 10 96507
10 1 13921
11 12 58207
14 11 6734
12 15 896
1 22 271758
15 2 711712
13 14 1881914
2 21 39267
0 13 2990377
3 8 122
1 8 465284
2 15 1484
5 2 5640
16 6 33756
6 9 32960
17 7 11058
7 12 28198099
18 4 15594
21 9 251089
22 6 4518
10 8 37148
11 5 18994
9 21 131836
12 6 286347
10 18 13680
13 7 1108439
0 4 265824
4 10 6854
2 6 44853
5 11 4793
6 0 261914
7 5 1362034
5 21 33591
20 19 3691635
16 19 26332
21 18 359456
17 18 45078
14 21 5819
15 16 8985727
13 0 9896701
11 16 7513
2 1 134610
7 2 56905
16 10 12164
19 7 420934
20 0 17996705
18 16 24357
21 5 55070
8 6 30666
22 10 4734
9 7 1460564
10 4 24012
11 9 13628
0 18 38052
14 6 828
12 18 5697
1 19 907121
15 7 1701875
13 19 37787
0 8 139834
3 5 56
4 6 48088
5 7 97155
16 1 74090
6 20 3936254
17 12 22659
7 17 15512
20 15 2938981
21 14 11973
8 13 11362
22 13 5984
9 8 106065
10 15 3688360
8 19 3530911
11 14 29373
9 18 30775
14 9 4137
12 9 32556
1 20 9905937
13 12 845530
2 19 2950
0 15 204271
3 10 31677
1 14 13738
4 13 25498
2 13 91180
5 0 17316314
6 15 1538302
19 21 208
17 5 1610
7 14 1802
20 22 53886
18 2 11915
22 4 3655
11 7 352640
14 16 782
12 0 1437949
10 16 567029
15 21 217
13 5 4769195
0 6 1126150
1 7 3404494
2 4 2155
5 9 260257
4 18 1753
5 19 59058
16 21 24596
21 16 32908
19 0 1196326
17 16 12168
8 1 88429
15 18 4238529
11 18 9493
12 21 383501
16 12 6863
6 19 470631
20 2 1285335
18 14 581
21 3 1507
22 8 217429
9 5 10722
10 2 87655
0 20 6204745
14 4 3177
1 17 1020269
15 1 288160
13 17 194470
2 22 96
0 10 556879
3 7 2208
1 11 1276381
4 0 1140449
16 3 52
19 14 130
17 2 746
7 19 328145
20 9 877792
18 9 3517
21 12 2151899
8 15 31984366
22 3 52
9 14 1389
10 13 2189124
8 21 3318
11 0 1136100
9 16 18693
14 15 6450
12 11 26844
15 14 863
13 10 301025
2 17 6704
0 1 2392349
3 12 10051
1 12 2098712
4 15 29088690
2 11 368524
3 18 4472
6 13 2370959
4 21 199
7 8 33070
20 16 3195323
18 0 2543950
12 2 351013
13 3 1148
1 5 319353
6 4 290640
7 1 83633689
5 17 102
19 2 5265
20 5 24270
18 21 99489
9 2 152195
11 20 750395
13 22 10001
3 0 482154
16 14 104
17 15 317016
7 20 5085191
22 20 50985
20 12 762182
18 12 1500
21 1 424820
8 10 61605
22 14 397
10 0 163900
8 16 2967
11 13 150376
0 22 114632
14 10 87
12 14 4649
15 3 4771
13 15 4396
2 20 413519
0 12 805276
3 9 331
1 9 264808
4 2 296
2 14 26380
5 3 83
6 8 100249
19 16 4844
17 0 522713
7 13 505045
18 7 403957
21 10 75212
22 1 18644
9 12 4838615
11 2 47960
9 22 3840
14 13 204752
12 5 28297
10 21 1613993
15 8 22111198
13 8 23446
0 3 96752
3 14 38
1 2 713015
2 9 9052
5 12 133692
3 20 1908384
6 3 9437
7 10 70000
5 22 3166
20 18 2855985
16 18 1420
21 19 105950
17 19 662561
14 20 2064977
13 1 3195234
2 0 2125126
