455
7 3 4647
16 9 109207
19 4 8928722
17 20 195401
22 19 65917
20 7 573378
18 19 470697
21 6 169605
8 5 16856
9 0 533403
10 7 54544
0 17 871696
14 1 1706
12 17 868569
15 4 11452812
13 20 1612012
3 2 4500
4 5 123964
16 0 68996
19 13 149635
17 13 87814
7 22 26580
20 14 43335
18 10 50532
21 15 969527
8 12 37977
22 12 94
10 14 4560
8 18 210
11 15 103404
9 19 125302
14 8 47
12 8 137394
1 21 23418
15 13 49392
0 14 3302845
3 11 6479
1 15 2352228
4 12 1037
2 12 333233
5 1 28065
3 17 231796
16 7 73868
6 14 4042
19 18 12274
17 6 70109
7 15 98344820
20 21 184633
18 5 15452
21 8 63200
22 7 32228
10 9 39420
11 4 265971
9 20 4595990
14 19 2911
12 7 568789
10 19 615315
15 10 8183
13 6 988067
0 5 12297043
1 0 2500974
2 7 30900
5 10 5866
3 22 130
6 1 474
7 4 46526
5 20 679084
16 20 3313997
21 17 29513
19 1 300871
18 22 5638
8 0 1069651
15 19 26272371
11 19 212806
12 20 1505369
6 18 67994
19 6 59230
17 10 18042
20 1 8641023
18 17 12652
21 4 8482
8 7 495752
9 6 92344
10 5 218490
11 8 269999
0 19 412928
14 7 21106
12 19 84973
1 18 24129
15 6 209538
13 18 5533
0 9 25176
3 4 25120
4 7 269897
5 6 11406
16 2 236
6 21 234786
19 15 67768533
17 3 12285
7 16 20049
20 8 14769386
18 8 84296
21 13 711850
22 2 176
9 15 920898
10 12 6179
8 20 5952748
11 1 650041
9 17 3733
12 10 35953
10 22 8328
13 11 65130
2 16 4508
3 13 12159
1 13 2346994
2 10 7305
5 15 56822
3 19 64058
6 12 20242
4 20 3601434
19 20 10751730
17 4 646
7 9 5495
18 3 6398
21 22 28283
22 5 2232
11 6 88716
14 17 689
12 1 598422
10 17 185067
15 20 174878
13 4 19436
0 7 3329537
1 6 136
2 5 48
5 8 15503
6 7 11678211
4 19 7503748
7 6 67920
5 18 3765
19 3 11596
20 4 22532
18 20 69736413
9 3 1189
11 21 70151
14 2 48
12 22 3313
3 1 60614
16 13 123850
6 16 290923
19 8 413156
17 8 36097
7 21 50644958
20 3 7064
18 15 1310739
21 2 33838
9 4 437
10 3 63282
11 10 154496
0 21 86340
12 13 2382267
1 16 15810
15 0 17155219
13 16 533552
0 11 1177851
3 6 23117
1 10 1598
4 1 41551
5 4 14586
6 11 229
17 1 891953
7 18 15911
20 10 209144
18 6 153742
21 11 80
22 0 13596
9 13 532385
8 22 13316
11 3 16963
14 12 35607
12 4 27961
10 20 5209543
15 9 912736
13 9 8783
0 2 202712
3 15 1472
1 3 3805
4 8 40036
2 8 112
5 13 1583866
3 21 19880
6 2 1255155
4 22 94
19 22 22400
20 17 50779
18 1 443908
21 20 2986430
12 3 9953
13 2 210057
1 4 18865
2 3 96
6 5 240024
7 0 46508919
19 5 4976
17 21 4303
22 18 7616
20 6 487375
21 7 1008335
8 4 128973
9 1 4475215
0 16 14427
14 0 138421
12 16 10205
15 5 868
13 21 123465
16 15 205713
6 22 73063
19 10 81038
17 14 2414
22 21 3096
20 13 1551598
18 13 8176725
21 0 165290
8 11 24088
22 15 160502
9 10 30634
10 1 33810
11 12 53173
14 11 4034
12 15 113272
1 22 9225
15 2 355325
13 14 1557176
2 21 50107
0 13 3165624
3 8 262
1 8 139702
4 3 13848
2 15 65788
5 2 307
16 6 21936
6 9 5927
17 7 27070
7 12 31357105
18 4 19206
21 9 172420
22 6 6634
10 8 48878
11 5 52483
9 21 135422
12 6 173513
10 18 583
13 7 830464
0 4 182704
4 10 4162
2 6 33797
5 11 12529
6 0 4103424
7 5 1423145
5 21 99613
20 19 533853
16 19 19450
21 18 33855
17 18 1500
14 21 40
15 16 4938229
13 0 10820399
11 16 22585
2 1 705692
7 2 60037
16 10 2396
19 7 410430
20 0 10870443
18 16 15628
21 5 628948
8 6 21706
22 10 1500
9 7 721148
10 4 74626
11 9 1749
0 18 3325
14 6 1487
12 18 25621
1 19 479327
15 7 851953
13 19 30466
0 8 267119
3 5 125352
4 6 22067
5 7 102111
16 1 167270
6 20 9267034
19 12 14046
17 12 117951
7 17 29973
20 15 5854403
18 11 48
21 14 264
8 13 41414
22 13 3030
9 8 26982
10 15 3687559
8 19 5166095
11 14 9196
9 18 12059
12 9 121149
1 20 1780072
15 12 552
13 12 401274
2 19 5170
0 15 2368363
3 10 1772
1 14 2164
4 13 46615
2 13 108070
5 0 14911638
3 16 4340
6 15 5240116
19 21 23817
17 5 6821
20 22 13413
18 2 31507
11 7 16981
12 0 1838425
10 16 293412
15 21 311
13 5 6123059
0 6 1289868
1 7 43105
2 4 1713
5 9 286188
5 19 38863
16 21 6824
21 16 93757
19 0 1844482
17 16 1627
8 1 270370
15 18 2109885
11 18 8235
12 21 1421530
16 12 2604
6 19 3288569
19 9 6665
17 9 195
20 2 506911
18 14 3682
21 3 739
22 8 15809
9 5 363953
10 2 40551
0 20 5437395
14 4 3936
1 17 667669
15 1 381791
13 17 44413
0 10 702978
3 7 4939
1 11 123851
4 0 845910
16 3 237
17 2 4517
7 19 81277
20 9 523217
18 9 117257
21 12 190169
8 15 38287334
9 14 146
10 13 2698920
8 21 16107
11 0 1410181
9 16 93498
14 15 9140
12 11 85292
15 14 40
13 10 822260
2 17 3444
0 1 2817993
3 12 10504
1 12 104504
4 15 25176632
2 11 20840
3 18 3008
6 13 25339087
4 21 135
7 8 17272
20 16 2035396
18 0 1836615
12 2 13808
13 3 364
1 5 535712
6 4 79182
7 1 177862
5 17 14568
19 2 28285
20 5 57175
18 21 69393
8 3 9000
9 2 657186
11 20 865298
14 3 76
13 22 936
3 0 306908
17 15 950706
7 20 28746654
22 20 38151
20 12 1428054
18 12 32321
21 1 435511
8 10 35296
10 0 1332070
8 16 2800
11 13 377193
0 22 502495
14 10 249
12 14 106996
15 3 1856
13 15 116323
2 20 72759
0 12 272199
1 9 27469
4 2 205
2 14 205
5 3 2133
6 8 611664
19 16 2880
17 0 54863
7 13 560028
20 11 9519
18 7 349780
21 10 40615
22 1 56356
9 12 114398
11 2 9954
9 22 5748
14 13 194032
12 5 52770
10 21 214404
15 8 28202138
13 8 60325
0 3 618062
3 14 46
1 2 315646
2 9 80
5 12 24831
3 20 155377
6 3 79571
7 10 52722
5 22 2162
20 18 2580093
16 18 5680
21 19 198158
17 19 251909
14 20 3112017
13 1 3025707
2 0 2604349
