475
7 3 6376
16 9 372413
19 4 9339227
17 20 812670
22 19 169665
20 7 242450
18 19 633574
21 6 55458
8 5 6232
9 0 321203
10 7 353840
0 17 1123436
14 1 9618
12 17 543015
15 4 12695965
13 20 3417348
3 2 4560
4 5 96
16 0 166182
19 13 555189
17 13 350164
7 22 13344
20 14 59837
18 10 62258
21 15 545704
8 12 11442
22 12 427
10 14 7506
8 18 5920
11 15 487917
9 19 200729
14 8 40
12 8 115583
1 21 414923
15 13 22840
2 18 1580
0 14 3052328
3 11 19567
1 15 937548
4 12 2586
2 12 511598
5 1 47256
3 17 7992
16 7 59988
6 14 18622
19 18 839
17 6 48847
7 15 3456666
20 21 659183
18 5 85057
21 8 40636
22 7 34511
10 9 90388
11 4 11609
9 20 4998028
14 19 14781
12 7 1408972
10 19 1013752
15 10 13575
13 6 562886
0 5 12701363
1 0 1593061
4 11 14663
2 7 24092
5 10 10865
3 22 15648
6 1 4967
7 4 10011
5 20 614581
16 20 3632506
21 17 6246
19 1 234545
18 22 50006
8 0 1488206
15 19 33819754
11 19 290152
12 20 2503119
6 18 57308
19 6 77764
17 10 5382
20 1 4782517
18 17 330654
21 4 685597
8 7 457980
9 6 352863
10 5 398800
11 8 225025
0 19 359295
14 7 41257
12 19 525401
1 18 8132
15 6 44976
13 18 30076
0 9 42284
3 4 40
4 7 131773
5 6 13883
16 2 17324
6 21 2301038
19 15 49778088
17 3 25244
7 16 384547
20 8 17812176
18 8 149170
21 13 546705
8 14 3576
22 2 1500
9 15 1405411
10 12 72520
8 20 3040686
11 1 855900
9 17 12208
12 10 370208
10 22 25593
13 11 220163
2 16 9933
3 13 1662
1 13 578964
4 14 48
2 10 5402
5 15 99877
3 19 1105764
6 12 423261
4 20 1751442
19 20 4779163
17 4 5777
7 9 31543
18 3 3862
21 22 11014
22 5 2222
11 6 167859
14 17 3014
12 1 4381318
10 17 533821
15 20 1369077
13 4 148676
0 7 2417926
1 6 1420
2 5 5805
5 8 34291
6 7 12866387
4 19 7724675
7 6 30274
5 18 5064
16 22 260
19 3 24764
20 4 17158
18 20 69807347
8 2 2592
9 3 1856
11 21 129016
14 2 12069
12 22 29584
3 1 112613
16 13 207481
6 16 763363
19 8 90974
17 8 65522
7 21 57008782
20 3 38425
18 15 1582550
21 2 31334
9 4 127179
10 3 535320
11 10 42029
0 21 513900
14 5 116
12 13 1238377
1 16 159899
15 0 23418744
13 16 94217
0 11 2534143
3 6 32772
4 1 31242
5 4 40
16 4 122
6 11 59683
17 1 261457
7 18 10770
20 10 638479
18 6 87353
21 11 11279
22 0 49863
9 13 514733
8 22 6243
11 3 519
14 12 7760
12 4 30203
10 20 10075459
15 9 1091637
13 9 10582
0 2 510160
1 3 2929
4 8 38094
2 8 1540
5 13 1513085
3 21 176344
6 2 840718
4 22 48
19 22 114229
7 11 210425
20 17 397575
18 1 384650
21 20 3590761
12 3 17019
13 2 414656
1 4 67340
2 3 558
6 5 225072
7 0 3696802
5 16 75
16 8 203
19 5 4242
17 21 1155
22 18 418
20 6 886297
21 7 1581372
8 4 27374
9 1 7485436
0 16 168556
14 0 58150
12 16 56528
15 5 20762
13 21 510290
16 15 356095
6 22 566736
19 10 6183
17 14 1088
22 21 159
20 13 1732347
18 13 8444482
21 0 235870
8 11 6145
22 15 135345
9 10 99376
10 1 89536
11 12 260583
14 11 403
12 15 172831
1 22 9455
15 2 437100
13 14 1961556
2 21 36982
0 13 3295005
3 8 37605
1 8 230968
4 3 80
2 15 88477
5 2 2502
16 6 27195
6 9 15333
17 7 16590
7 12 3741181
18 4 41136
21 9 695785
22 6 15669
10 8 137652
11 5 20270
9 21 195290
12 6 50118
10 18 12879
13 7 2712419
0 4 26499
4 10 706
2 6 12885
5 11 47583
6 0 4343923
7 5 1346839
5 21 51617
20 19 905743
16 19 54659
21 18 250662
17 18 6092
14 21 8203
15 16 9651783
13 0 11402152
11 16 56246
2 1 333677
7 2 51235
16 10 30319
19 7 474696
17 11 3032
22 16 1776
20 0 14771199
18 16 2763
21 5 191820
8 6 33249
22 10 39478
9 7 1751960
10 4 21048
11 9 18353
0 18 19698
14 6 40
12 18 23322
1 19 466539
15 7 934863
13 19 433282
0 8 2200742
3 5 7746
4 6 33528
5 7 229973
16 1 56016
6 20 12940051
19 12 14749
17 12 540533
7 17 133765
20 15 4221068
18 11 55206
21 14 1084
8 13 89858
22 13 39672
9 8 1005030
10 15 5833931
8 19 5914675
11 14 14004
9 18 24187
14 9 4483
12 9 57889
1 20 3905961
15 12 6261
13 12 943356
2 19 11729
0 15 2266842
3 10 1554
1 14 13804
4 13 9485
2 13 109915
5 0 14841258
3 16 73969
6 15 17612280
19 21 13098
17 5 142410
7 14 172
20 22 97981
18 2 36964
22 4 166
11 7 393787
14 16 2580
12 0 1826848
10 16 359587
15 21 132
13 5 7064056
0 6 665834
1 7 1000096
2 4 52
5 9 356410
4 18 329
5 19 60326
16 21 8122
21 16 66081
19 0 2529717
17 16 126
8 1 399962
15 18 3829112
11 18 4786
12 21 296907
16 12 117525
6 19 4128422
17 9 7552
20 2 361137
18 14 4685
21 3 9847
22 8 14715
9 5 103001
10 2 702371
0 20 6694131
1 17 620339
15 1 184377
13 17 77077
2 22 138
0 10 221690
3 7 20120
1 11 344338
4 0 883860
16 3 1982
19 14 2951
17 2 1353
7 19 633969
20 9 1068136
18 9 75207
21 12 317551
8 15 36695182
22 3 304
9 14 4032
10 13 2777986
8 21 7971
11 0 638881
9 16 17523
14 15 14980
12 11 181020
15 14 1991
13 10 214407
2 17 6092
0 1 2113207
3 12 376666
1 12 120908
4 15 21655866
2 11 7877
3 18 6673
6 13 7434079
4 21 1552
7 8 28114
20 16 4216214
18 0 4858987
14 22 1341
12 2 104604
13 3 1500
1 5 23284
6 4 209831
7 1 313030
5 17 138885
19 2 25536
20 5 42406
18 21 51070
8 3 452
9 2 129399
11 20 879101
13 22 32457
3 0 555989
16 14 188
19 11 51563
17 15 325015
7 20 2615637
22 20 75518
20 12 1478472
18 12 33372
21 1 689805
8 10 555266
9 11 31898
10 0 1598704
8 16 3307
11 13 1018550
0 22 172234
14 10 280
12 14 7876
15 3 1288
13 15 61526
2 20 758835
0 12 2163098
1 9 79460
4 2 8279
2 14 45413
5 3 433
6 8 877757
19 16 10397
17 0 958188
7 13 2879197
20 11 823000
18 7 375088
21 10 42186
22 1 63951
9 12 6153071
10 11 21620
11 2 36753
9 22 6178
14 13 190036
12 5 156518
10 21 1556063
15 8 32274511
13 8 252315
0 3 924666
1 2 1021757
2 9 3591
5 12 22143
3 20 966841
6 3 97515
7 10 6264
5 22 2832
20 18 2931406
16 18 1352
21 19 150781
17 19 1202818
14 20 2713557
13 1 5919575
2 0 2540041
