456
7 3 4351
16 9 114395
19 4 4819461
17 20 1220198
22 19 44159
20 7 2244039
18 19 553582
21 6 71551
8 5 40418
9 0 130347
10 7 726242
0 17 430588
14 1 9103
12 17 27364
15 4 8056975
13 20 5147114
3 2 35011
4 5 2642
16 0 99697
19 13 30758
17 13 93784
7 22 76053
20 14 52
18 10 225488
21 15 764416
8 12 601
8 18 221077
11 15 64012
9 19 126790
14 8 6800
12 8 38793
1 21 319063
15 13 200533
2 18 1087
3 11 137132
1 15 981295
4 12 760
2 12 153958
5 1 100600
3 17 193
16 7 41239
19 18 48725
17 6 26115
7 15 98089769
20 21 1892828
18 5 38975
21 8 102757
22 7 52364
10 9 143928
11 4 56449
9 20 4670554
14 19 15109
12 7 916323
10 19 845482
15 10 38496
13 6 667688
0 5 14401928
1 0 4072780
4 11 754
2 7 33347
5 10 14348
6 1 1307
7 4 2432
5 20 1173631
16 20 4575132
21 17 7069
19 1 1582201
18 22 56921
8 0 1858354
15 19 31660687
11 19 170553
12 20 6256609
6 18 781905
19 6 53021
17 10 10433
20 1 3723665
18 17 21755
21 4 1229
8 7 335428
9 6 116861
10 5 481540
11 8 338985
0 19 1093564
14 7 33138
12 19 35561
1 18 548158
15 6 49341
13 18 204158
0 9 49011
3 4 2840
4 7 61447
5 6 9426
16 2 2970
6 21 966377
19 15 52897166
17 3 7538
7 16 17063
20 8 17821143
18 8 191124
21 13 1504420
22 2 430
9 15 6571882
10 12 11164
8 20 3105171
11 1 486101
9 17 63630
12 10 72249
10 22 39310
13 11 74288
2 16 2995
3 13 88052
1 13 704096
2 10 9546
5 15 123537
3 19 4928
6 12 190188
4 20 6533148
19 20 4887327
17 4 49858
7 9 174490
18 3 9424
21 22 26429
22 5 555
11 6 246097
14 17 1290
12 1 9403277
10 17 619007
15 20 487843
13 4 25483
0 7 3393618
2 5 2564
5 8 14387
6 7 9400203
4 19 4349444
7 6 107281
5 18 32021
19 3 14536
20 4 48196
18 20 82723512
8 2 83549
9 3 18832
11 21 218078
14 2 32668
12 22 19591
3 1 65329
16 13 229347
6 16 678736
19 8 65558
17 8 375911
7 21 1171760
20 3 25736
18 15 2195672
21 2 49434
9 4 14545
10 3 337777
11 10 140663
0 21 1017163
14 5 2580
12 13 2362177
1 16 24559
15 0 63443
13 16 127233
0 11 446559
3 6 12786
4 1 25706
5 4 80
16 4 5006
6 11 282853
17 1 1027284
7 18 245502
20 10 536719
18 6 187893
21 11 14445
22 0 658340
9 13 626125
8 22 39225
11 3 7334
14 12 36544
12 4 23457
10 20 6281029
15 9 947765
13 9 19893
0 2 1037655
3 15 4369
1 3 16526
4 8 74522
2 8 28430
5 13 1584348
3 21 539149
6 2 880181
4 22 1500
19 22 96143
7 11 6294
20 17 326605
18 1 479186
16 17 172
21 20 2583614
12 3 8174
13 2 352758
1 4 20513
2 3 21195
6 5 305927
7 0 49126678
5 16 1040
16 8 184
19 5 14061
17 21 1567
22 18 66097
20 6 681236
21 7 565425
8 4 61379
9 1 6615857
0 16 58844
14 0 69848
12 16 11350
15 5 4964
13 21 1587278
16 15 657833
6 22 122826
19 10 84724
22 21 133
20 13 3272883
18 13 7561719
21 0 134586
8 11 15982
22 15 175955
9 10 44363
10 1 825
11 12 34731
14 11 5111
12 15 196485
1 22 412933
15 2 252804
13 14 84
2 21 119014
0 13 3270448
3 8 40
1 8 1970572
4 3 52
2 15 183625
5 2 15519
16 6 31760
6 9 32298
17 7 153268
7 12 386604
18 4 19334
21 9 244817
22 6 30609
10 8 120715
11 5 33420
9 21 161631
14 18 5962
12 6 356369
10 18 243969
13 7 1962079
0 4 4221
4 10 42220
2 6 54531
5 11 2835
6 0 741851
4 16 76
7 5 1325563
5 21 59348
20 19 1626474
16 19 27667
21 18 25219
17 18 9991
14 21 3007
15 16 8019076
13 0 13977833
11 16 14384
2 1 1352702
7 2 253016
16 10 26304
19 7 374070
20 0 261383
18 16 5754
21 5 74534
8 6 48810
22 10 10904
9 7 1216345
10 4 14003
11 9 2087
0 18 217131
14 6 1721
12 18 20257
1 19 1282125
15 7 246752
13 19 56391
0 8 461499
3 5 187
4 6 3798
5 7 269140
16 1 82425
6 20 15290374
19 12 729
17 12 835017
7 17 202407
20 15 10508733
18 11 11742
8 13 58067
22 13 35106
9 8 49743
10 15 9193261
8 19 6348430
9 18 91962
14 9 1015
12 9 258699
1 20 4927947
15 12 520
13 12 1011930
2 19 75024
0 15 1347815
3 10 21006
4 13 1083
2 13 67448
5 0 18564105
3 16 3060
6 15 18211617
19 21 2222
17 5 30018
20 22 96854
18 2 7997
11 7 67660
12 0 1806063
10 16 402963
15 21 412
13 5 6601449
0 6 789001
1 7 528473
2 4 154
5 9 556504
4 18 16722
5 19 51941
16 21 13519
21 16 28984
19 0 2502266
17 16 2112
8 1 356647
15 18 19469918
11 18 142714
12 21 1459469
16 12 3365
6 19 9842213
19 9 12308
17 9 21104
20 2 1727691
21 3 8766
22 8 54443
9 5 42660
10 2 324206
0 20 8384346
14 4 87
1 17 86289
15 1 91083
13 17 182270
2 22 4540
0 10 531617
3 7 20391
1 11 597675
4 0 428437
16 3 272
17 2 12488
7 19 370861
20 9 960985
18 9 70334
21 12 99699
8 15 36597794
10 13 3667353
8 21 21410
11 0 1192802
9 16 20683
14 15 21694
12 11 54484
13 10 390446
2 17 6368
0 1 2460117
3 12 30165
1 12 132056
4 15 13880526
2 11 23343
3 18 4799
6 13 13602178
4 21 40
7 8 38135
20 16 3203645
18 0 3333037
14 22 184
12 2 115393
1 5 121076
6 4 498880
7 1 1279168
5 17 815998
19 2 39941
20 5 353332
18 21 111388
8 3 4767
9 2 226720
11 20 883575
13 22 40935
3 0 239666
19 11 7806
17 15 1570447
7 20 44389451
22 20 42744
20 12 1889249
18 12 4472
21 1 2728316
8 10 13474
9 11 3820
10 0 604426
8 16 114
11 13 453250
0 22 77740
14 10 40
15 3 5816
13 15 321127
2 20 265106
0 12 1829398
3 9 69804
1 9 135994
4 2 445
5 3 1604
16 5 26980
6 8 584739
19 16 269
17 0 4562
7 13 2048490
20 11 13226
18 7 628793
21 10 59773
22 1 39190
9 12 51779
10 11 9812
11 2 61524
9 22 647
14 13 188064
12 5 148341
10 21 479239
15 8 30581014
13 8 72230
0 3 1644245
1 2 892684
2 9 1692
5 12 19016
3 20 404899
6 3 536497
7 10 198757
5 22 144
20 18 10029092
16 18 1570
21 19 146954
17 19 49102
14 20 3717269
13 1 3727526
2 0 2652070
