438
7 3 6185
16 9 4553
19 4 11705953
17 20 305486
22 19 29915
20 7 1083197
18 19 151470
21 6 1881835
8 5 131724
9 0 3327867
10 7 253014
0 17 2234279
14 1 1149
12 17 29686
15 4 175430
13 20 6021219
3 2 4500
4 5 1180
16 0 1658921
19 13 136931
17 13 486651
7 22 7747
20 14 13908
21 15 6550
8 12 17396
22 12 576
10 14 304
8 18 48671
11 15 338
9 19 14866
14 8 168
12 8 198761
1 21 1187195
15 13 110792
2 18 2026
0 14 1476
3 11 12614
1 15 1052941
4 12 7107
2 12 298574
5 1 45025
16 7 6248
6 14 128
19 18 62809
17 6 295161
7 15 874316
20 21 1920350
18 5 20974
21 8 17661
22 7 8971
10 9 730038
11 4 21766
9 20 1147114
14 19 193
12 7 1711067
10 19 85215
13 6 8761662
0 5 523184
1 0 4753359
4 11 98792
2 7 29341
4 17 4167
7 4 8961308
5 20 5247222
16 20 551626
21 17 119149
19 1 125418
18 22 12673
8 0 27101675
15 19 264384
11 19 680350
12 20 1047891
16 11 12756
6 18 278833
19 6 2266613
20 1 980098
18 17 551915
21 4 31754
8 7 346185
9 6 6215458
10 5 266299
11 8 174354
0 19 460368
14 7 399
12 19 91326
1 18 874496
15 6 589649
13 18 213145
0 9 169424
4 7 110715
5 6 157977
16 2 538
6 21 778352
19 15 40103
17 3 76
7 16 3649
20 8 18795643
18 8 193780
21 13 3548389
8 14 40
22 2 147
9 15 67279
10 12 937754
8 20 13674792
11 1 288683
9 17 65656
10 22 188075
13 11 115271
3 13 1747
1 13 9055659
4 14 1500
5 15 772
3 19 192596
6 12 4997774
4 20 12498384
19 20 23772317
17 4 8996
7 9 18104
18 3 697
21 22 548
22 5 516
11 6 1458187
14 17 156
12 1 23329
10 17 140726
15 20 118618
13 4 48384
0 7 2425630
5 8 20418
6 7 753154
4 19 12167473
7 6 1190377
5 18 10563
16 22 147
19 3 6010
20 4 16334
18 20 22821182
8 2 713444
9 3 1126822
11 21 73684
14 2 713
12 22 18785
3 1 43999
16 13 286547
6 16 2127596
19 8 3914751
17 8 162627
7 21 360011
20 3 1613
18 15 7946
21 2 27467
8 9 52
9 4 854
0 21 806307
14 5 128
12 13 910105
1 16 290792
15 0 340028
13 16 6552
0 11 3068407
4 1 141875
5 4 70
6 11 461716
19 17 37708
17 1 505925
7 18 32352
18 6 1289971
21 11 57810
22 0 33709
9 13 590494
8 22 176146
11 3 4359
14 12 165
12 4 27111
10 20 4169185
15 9 4628
13 9 142022
0 2 363381
3 15 49676
1 3 2439
4 8 94505
2 8 14923
5 13 4732113
3 21 19540
6 2 4326406
4 22 28061
19 22 6144
7 11 110353
20 17 152590
18 1 362713
16 17 80
21 20 603554
12 3 32224
13 2 31596
1 4 245156
6 5 197162
7 0 1777146
16 8 80
19 5 6479
17 21 189953
22 18 5312
20 6 18466719
21 7 803120
8 4 30478
9 1 136773
0 16 16935
14 0 831114
12 16 304409
15 5 400
13 21 663894
16 15 345
6 22 52980
22 21 15657
20 13 2418110
18 13 11398512
21 0 1381581
8 11 265429
8 17 41448
11 12 130807
14 11 98
12 15 261727
1 22 147875
15 2 323436
13 14 825300
2 21 21894
0 13 5973799
3 8 52
1 8 432377
2 15 499414
5 2 148
16 6 555590
6 9 6505
17 7 15564
7 12 122235
18 4 87997
21 9 1503108
22 6 192286
10 8 77502
11 5 61710
9 21 494581
14 18 4533
12 6 1497007
10 18 471389
15 11 1541
13 7 764750
0 4 273468
2 6 5786637
5 11 32751
6 0 1928305
7 5 1238053
5 21 149536
20 19 960720
16 19 7348
21 18 55776
17 18 70770
15 16 236
13 0 7298884
11 16 5785
2 1 44827
7 2 34810
19 7 1558093
22 16 528
20 0 537113
18 16 2952
21 5 298340
8 6 501949
9 7 3396719
10 4 138876
11 9 31598
0 18 440897
14 6 52377
12 18 109742
1 19 1028555
15 7 1718676
13 19 120663
0 8 4228624
3 5 170
4 6 633060
5 7 120351
16 1 11168
6 20 1323660
19 12 46436
17 12 2822
7 17 31700
20 15 946258
18 11 217551
21 14 95
8 13 125504
22 13 79874
9 8 32495
10 15 85893
8 19 14967824
11 14 100
9 18 16745974
12 9 250583
1 20 5829470
15 12 64101
13 12 848267
2 19 130850
0 15 319883
1 14 55785
4 13 123835
2 13 14592
5 0 13677557
6 15 115643
19 21 40681
17 5 45036
7 14 837583
20 22 28213
18 2 51785
22 4 10368
11 7 8129
12 0 267822
10 16 292174
15 21 24134
13 5 7307644
0 6 10104027
1 7 657844
2 4 40
5 9 25687
4 18 95858
5 19 34341
16 21 5977
21 16 16247
19 0 43192153
8 1 267647
15 18 23997
11 18 196009
12 21 583459
16 12 9922
6 19 339447
19 9 207
17 9 41582
20 2 1088041
18 14 132
21 3 60
22 8 4548
9 5 8015414
10 2 345833
0 20 8701044
14 4 121
1 17 1425559
15 1 117074
13 17 498164
2 22 52
3 7 731
1 11 1776363
4 0 29238227
17 2 3228
7 19 19931080
20 9 1128199
18 9 136511
21 12 451176
8 15 11203
9 14 91
10 13 1990419
8 21 30808
11 0 693948
9 16 2102669
12 11 701669
0 1 2244725
3 12 1466155
1 12 823227
4 15 53645
2 11 49473
3 18 218
6 13 4597005
4 21 876830
7 8 16761857
20 16 1608878
18 0 56118184
14 22 3868
12 2 24658
13 3 360
1 5 493814
6 4 398444
7 1 119320
5 17 1477
19 2 5716
20 5 468073
18 21 101222
9 2 443497
11 20 869748
13 22 3703
3 0 513258
6 17 1293641
19 11 433404
7 20 146757
22 20 66049
20 12 2211271
18 12 23987
21 1 26586
9 11 37239
10 0 901207
8 16 3414
11 13 383430
0 22 720101
12 14 1492
15 3 4926
13 15 239509
2 20 602596
0 12 410310
3 9 24205
1 9 637126
4 2 164
2 14 28901
5 3 242
16 5 71
6 8 356992
19 16 339
17 0 66023
7 13 197040
20 11 223708
18 7 332861
22 1 8972
9 12 145813
10 11 490153
11 2 83665
9 22 319
14 13 228619
12 5 162342
10 21 852633
15 8 142489
13 8 53429
0 3 15152
3 14 1458
1 2 1393449
4 9 454
5 12 7274
3 20 3323
5 22 478
20 18 15397736
16 18 1876
21 19 19104
17 19 222459
14 20 207136
13 1 2081456
2 0 1773420
