435
7 3 4445
16 9 7406
19 4 9262612
17 20 67474
22 19 9946
20 7 66712
18 19 96029
21 6 1610894
8 5 62963
9 0 3481545
10 7 202272
0 17 683940
14 1 573
12 17 39751
15 4 205892
13 20 1800627
3 2 729
4 5 287
16 0 1128549
19 13 1534222
17 13 46248
7 22 9705
20 14 5754
21 15 21944
8 12 10748
22 12 8372
10 14 2984
8 18 14495
9 19 19408
12 8 127947
1 21 970583
15 13 107559
2 18 40975
0 14 8942
3 11 1924
1 15 1743865
4 12 18411
2 12 388284
5 1 21602
3 17 134
16 7 1192
6 14 475
19 18 54460
17 6 631697
7 15 883023
20 21 1544648
18 5 34966
21 8 18986
22 7 15463
10 9 730038
11 4 31562
9 20 770008
14 19 779
12 7 506679
10 19 114084
13 6 7915993
0 5 103449
1 0 3800967
4 11 36595
2 7 32041
3 22 1538
4 17 8237
7 4 6236324
5 20 5104744
16 20 475995
21 17 814185
19 1 217128
18 22 18039
8 0 26889439
15 19 416740
11 19 88930
12 20 860483
16 11 1556
6 18 83799
19 6 944011
20 1 451868
18 17 11873
21 4 6253
8 7 35000
9 6 1719473
10 5 145120
11 8 201262
0 19 344094
14 7 174
12 19 83361
1 18 619440
15 6 490384
13 18 114344
0 9 907085
4 7 16521
5 6 125973
16 2 1229
6 21 374730
19 15 24611
7 16 4547
20 8 15511117
18 8 59483
21 13 3719041
8 14 441
22 2 2736
9 15 135284
10 12 6613203
8 20 10789942
11 1 189425
9 17 79577
10 22 73612
13 11 112052
3 13 179
1 13 5229366
5 15 1174
3 19 205618
6 12 3984039
4 20 9406804
19 20 19136800
17 4 545744
7 9 3531
18 3 1481
21 22 115831
22 5 1690
11 6 1101370
14 17 1280
12 1 330387
10 17 97221
15 20 59754
13 4 3889
0 7 2902315
2 5 226
5 8 7275
6 7 424440
4 19 9284284
7 6 1277996
5 18 33389
19 3 7620
20 4 22535
18 20 18385694
8 2 48398
9 3 24052
11 21 95770
14 2 496
12 22 13752
3 1 446
16 13 166762
6 16 1594750
19 8 3822006
17 8 16064
7 21 447181
20 3 452
18 15 456862
21 2 16487
9 4 414
0 21 495691
12 13 821145
1 16 127299
15 0 268172
13 16 16213
0 11 483605
3 6 2188
4 1 61448
5 4 326
6 11 127225
19 17 375829
17 1 33177
7 18 22258
18 6 774254
21 11 98187
22 0 58326
9 13 400798
8 22 143280
11 3 1105
14 12 4040
12 4 39857
10 20 1342796
15 9 228
13 9 4295
0 2 494857
3 15 58184
1 3 1471
4 8 73362
2 8 967
5 13 3584694
3 21 81
6 2 4983404
4 22 4037
19 22 8913
7 11 22775
20 17 45675
18 1 108723
16 17 136
21 20 443689
12 3 1122
13 2 577119
1 4 267867
2 3 98
6 5 30170
7 0 2589847
5 16 108
16 8 255
19 5 30574
17 21 1279787
22 18 3044
20 6 11719672
21 7 109303
8 4 64192
9 1 42755
0 16 23016
14 0 806090
12 16 13345
15 5 1428
13 21 875874
16 15 125
6 22 84131
17 14 111900
22 21 3518
20 13 1149327
18 13 11212679
21 0 1766640
8 11 1547564
8 17 255051
11 12 142245
12 15 68150
1 22 237513
15 2 541329
13 14 734565
2 21 20865
0 13 4811856
1 8 317259
2 15 578717
5 2 410
16 6 155618
6 9 20838
17 7 21797
7 12 140035
18 4 36532
21 9 252547
22 6 32070
10 8 29724
11 5 87272
9 21 527009
12 6 1977011
10 18 285726
13 7 172160
0 4 115863
2 6 5696539
5 11 21954
6 0 519537
7 5 1444218
5 21 49923
20 19 272875
16 19 82059
21 18 289252
17 18 4063
14 21 160
15 16 71
13 0 6653518
11 16 3553
2 1 233033
7 2 854
19 7 105023
22 16 104
20 0 557496
18 16 3112
21 5 122368
8 6 323774
9 7 2767091
10 4 7232
11 9 37823
0 18 290863
14 6 191666
12 18 859933
1 19 1090580
15 7 1809100
13 19 77883
0 8 150237
3 5 1500
4 6 632903
5 7 106192
16 1 2234
6 20 1183764
19 12 171780
17 12 5526
7 17 558044
20 15 200180
18 11 542140
21 14 4160
8 13 64705
22 13 197272
9 8 32781
10 15 15216
8 19 11667557
11 14 92
9 18 12360551
12 9 12668
1 20 3879904
15 12 181971
13 12 547847
2 19 70
0 15 329932
1 14 7108
4 13 25362
2 13 29011
5 0 11976236
6 15 23632
19 21 15166
17 5 1640
7 14 549483
20 22 11100
18 2 52819
22 4 360
11 7 166333
12 0 429772
10 16 76590
15 21 16854
13 5 5397759
0 6 9666153
1 7 264208
2 4 53020
5 9 14487
4 18 82773
5 19 38152
16 21 10125
21 16 9702
19 0 41505037
17 16 588
8 1 40839
15 18 16852
11 18 248869
12 21 2704736
16 12 5095
6 19 195260
17 9 43136
20 2 39358
21 3 52
22 8 11141
9 5 5416355
10 2 383021
0 20 7434220
1 17 281017
15 1 34653
13 17 9758
2 22 145
3 7 3081
1 11 1187242
4 0 25259066
17 2 80
7 19 13937089
20 9 520849
18 9 52065
21 12 2601762
8 15 40359
9 14 50
10 13 3970739
8 21 44800
11 0 586327
9 16 1833716
14 15 1594
12 11 593358
15 14 896
2 17 379
0 1 1997435
3 12 23634
1 12 583670
4 15 28898
2 11 1502
3 18 1019
6 13 2754473
4 21 5150
7 8 14101077
20 16 1621376
18 0 50744490
12 2 99307
13 3 28
1 5 593130
6 4 121409
7 1 176045
5 17 7325
19 2 232
20 5 37207
18 21 62946
8 3 88
9 2 101699
11 20 219407
13 22 6522
3 0 1942
6 17 153354
19 11 48788
7 20 103440
22 20 14555
20 12 1709219
18 12 26251
21 1 50897
9 11 47256
10 0 827446
8 16 4145
11 13 142439
0 22 220399
12 14 15217
15 3 1353
13 15 129616
2 20 21155
0 12 794843
3 9 624
1 9 987751
4 2 2978
2 14 22056
5 3 38
16 5 1974
6 8 126486
19 16 1303
17 0 189257
7 13 222001
20 11 160767
18 7 66259
22 1 8798
9 12 66168
10 11 192884
11 2 2821
9 22 4883
14 13 220415
12 5 29791
10 21 1650509
15 8 222760
13 8 48453
0 3 4930
1 2 367826
2 9 46
5 12 3656
3 20 1855
5 22 1132
20 18 12311816
16 18 6260
21 19 40993
17 19 30185
14 20 139149
13 1 276375
2 0 2327474
