449
7 3 86167
16 9 185225
19 4 7290037
17 20 1526563
22 19 148018
20 7 782850
18 19 525781
21 6 47500
8 5 63330
9 0 270491
10 7 588185
0 17 1775384
14 1 5293
12 17 21915
15 4 11368096
13 20 3661742
3 2 4747
4 5 7220
16 0 109147
19 13 99636
17 13 662638
7 22 36016
18 10 125590
21 15 1267997
8 18 51727
11 15 356689
9 19 70917
14 8 181
12 8 460
1 21 127403
15 13 1862076
3 11 2705
1 15 130818
2 12 24494
5 1 23639
3 17 2144
16 7 57989
19 18 21632
17 6 31591
7 15 47122890
20 21 389835
18 5 12042
21 8 62653
22 7 20378
10 9 190325
11 4 25522
9 20 2740027
14 19 6046
12 7 2168059
10 19 804863
15 10 34834
13 6 279354
0 5 9190413
1 0 1372894
2 7 7640
5 10 3096
3 22 164
6 1 2008
7 4 59949
5 20 651045
16 20 3967162
21 17 34479
19 1 555085
18 22 3385
8 0 2823508
15 19 24819709
11 19 92130
12 20 266710
6 18 48953
19 6 24703
17 10 183505
20 1 2515602
18 17 19459
21 4 25293
8 7 523211
9 6 60996
10 5 117226
11 8 369721
0 19 1145459
14 7 14200
12 19 30998
1 18 31998
15 6 14952
13 18 106748
0 9 67538
3 4 6200
4 7 350285
5 6 2999
16 2 4588
6 21 1059166
19 15 52214446
17 3 1358
7 16 29018
20 8 20366751
18 8 143937
21 13 343666
22 2 5473
9 15 879505
10 12 40
8 20 7760626
11 1 551850
9 17 2819
12 10 130284
10 22 7664
13 11 98889
2 16 2474
3 13 12238
1 13 4999351
2 10 286683
5 15 85929
3 19 2138
6 12 9753
4 20 2070587
19 20 6293063
17 4 3782
7 9 2690
18 3 692
21 22 18374
11 6 43987
12 1 4641109
10 17 235347
15 20 166251
13 4 7536
0 7 3103613
1 6 609
2 5 4556
5 8 6617
6 7 4598016
4 19 7782092
7 6 33380
5 18 2156
19 3 28750
20 4 24051
18 20 68875921
8 2 34616
9 3 49491
11 21 144915
14 2 1720
12 22 206
3 1 269367
16 13 195165
6 16 564286
19 8 222758
17 8 523460
7 21 630047
20 3 30541
18 15 1492928
21 2 181622
8 9 94940
9 4 381
10 3 923829
11 10 571894
0 21 757884
14 5 60
12 13 600500
1 16 51217
15 0 15397337
13 16 64329
0 11 1854865
3 6 26262
1 10 2680
4 1 232248
5 4 1540
16 4 697
6 11 436049
17 1 4273107
7 18 12229
20 10 833868
18 6 43438
21 11 9654
22 0 180952
9 13 479293
8 22 3700
11 3 855
14 12 153
12 4 178
10 20 2687241
15 9 401046
13 9 130757
0 2 379984
3 15 919
1 3 17176
4 8 133312
2 8 22826
5 13 1200210
3 21 57133
6 2 3835289
4 22 53
19 22 626563
7 11 336
20 17 61697
18 1 337938
16 17 139
21 20 2158982
12 3 3375
13 2 345861
1 4 11592
2 3 18528
6 5 154827
7 0 90573199
5 16 92
16 8 46
19 5 51510
17 21 104240
22 18 1420
20 6 1034315
21 7 1040095
8 4 71924
9 1 9872233
0 16 58451
14 0 53963
12 16 10664
15 5 2410
13 21 397306
16 15 350259
6 22 418669
19 10 90584
22 21 150378
20 13 1786927
18 13 6629488
21 0 240304
8 11 8583
22 15 68128
9 10 79528
10 1 657
11 12 30092
14 11 966
12 15 75403
1 22 28119
15 2 298453
13 14 106
2 21 65683
0 13 4428896
3 8 2420
1 8 3016203
4 3 2998
2 15 23202
5 2 378
16 6 21168
6 9 191213
17 7 9636
7 12 541425
18 4 29928
21 9 378516
22 6 21443
10 8 277329
11 5 6256
9 21 1059752
12 6 72741
10 18 24336
13 7 1248632
0 4 102842
4 10 19109
2 6 117451
5 11 923
6 0 4695482
4 16 25559
7 5 2247642
5 21 89371
20 19 1082084
16 19 14620
21 18 28223
17 18 2101
14 21 1113
15 16 6237090
13 0 14556323
11 16 3184
2 1 274149
7 2 17387
16 10 47961
19 7 569395
22 16 52
20 0 10275373
18 16 19653
21 5 67004
8 6 44075
22 10 113872
9 7 1547004
10 4 157263
11 9 13165
0 18 149363
14 6 1500
12 18 110712
1 19 951191
15 7 1295039
13 19 708947
0 8 1011696
3 5 20513
4 6 33956
5 7 139120
16 1 108518
6 20 13938299
17 12 5380
7 17 19181
20 15 5936541
18 11 13300
8 13 89843
22 13 11837
9 8 39181
10 15 5549466
8 19 9963236
9 18 60100
14 9 2028
12 9 16378
1 20 2069780
13 12 390564
2 19 20063
0 15 2072955
3 10 106706
1 14 60
4 13 5562
2 13 52961
5 0 18130624
3 16 1790
6 15 9510142
19 21 6520
17 5 1083
20 22 19195
18 2 7632
22 4 203
11 7 33233
12 0 2558310
10 16 212241
15 21 6087
13 5 4281689
0 6 452737
1 7 212341
2 4 1764
5 9 366101
4 18 786
5 19 88133
16 21 21093
21 16 8235
19 0 4851410
8 1 422494
15 18 1921913
11 18 82440
12 21 352593
16 12 643
6 19 3331650
19 9 31569
17 9 60
20 2 447610
21 3 1400
22 8 30171
9 5 64000
10 2 619495
0 20 6746764
1 17 286216
15 1 147267
13 17 61537
2 22 5612
0 10 383525
3 7 37212
1 11 751440
4 0 1949021
16 3 246
17 2 92
7 19 872470
20 9 576278
18 9 190981
21 12 71067
8 15 40298436
10 13 1862075
8 21 40905
11 0 1641930
9 16 17859
14 15 1115
12 11 186071
13 10 618632
2 17 64
0 1 3102127
3 12 1850
1 12 17535
4 15 27615039
2 11 23330
3 18 3090
6 13 10251015
4 21 9536
7 8 93186
20 16 2605367
18 0 3175109
12 2 11503
1 5 59835
6 4 372044
7 1 219770
5 17 364
19 2 16418
20 5 385546
18 21 340492
8 3 52
9 2 215382
11 20 432953
13 22 19109
3 0 428906
19 11 8851
17 15 1035877
7 20 75719707
22 20 396568
20 12 36372
21 1 1218381
8 10 39640
9 11 203
10 0 1760268
8 16 40
11 13 106085
0 22 39046
14 10 100
15 3 20889
13 15 1627542
2 20 511881
0 12 985760
3 9 168
1 9 12587
4 2 16408
5 3 391
16 5 3001
6 8 796899
19 16 3220
17 0 1238994
7 13 2564783
20 11 20684
18 7 448047
21 10 394483
22 1 12597
9 12 65507
10 11 16896
11 2 517272
9 22 1694
14 13 240110
12 5 9521
10 21 874036
15 8 33197328
13 8 54166
0 3 549378
1 2 3018867
4 9 31389
5 12 4300
3 20 159594
6 3 120169
7 10 71726
5 22 129
20 18 1281999
16 18 18604
21 19 233893
17 19 189625
14 20 2531305
13 1 7244270
2 0 6194392
