432
7 3 18483
16 9 88389
19 4 4421846
17 20 1316833
22 19 36831
20 7 888067
18 19 3179784
21 6 47988
8 5 12023
9 0 84978
10 7 34377
0 17 23082
14 1 1818
12 17 12387
15 4 4134787
13 20 1870639
3 2 1420
4 5 1852
16 0 37251
19 13 18300
17 13 4953
7 22 12486
18 10 90138
21 15 993320
10 14 79
8 18 4604
11 15 211237
9 19 170556
14 8 1440
12 8 52
1 21 31861
15 13 27035
2 18 769
3 11 25783
1 15 198840
2 12 39568
5 1 11282
3 17 38
16 7 184208
19 18 6098
17 6 13848
7 15 1149430
20 21 56390
18 5 28500
21 8 20508
22 7 4369
10 9 3055
11 4 8059
9 20 1638193
14 19 71983
12 7 55175
10 19 439195
15 10 1388
13 6 270374
0 5 5256288
1 0 653180
2 7 2507865
5 10 5330
6 1 734
7 4 4360
5 20 276414
16 20 2512547
21 17 1943
19 1 95132
18 22 1256
8 0 1337600
15 19 15040336
11 19 37612
12 20 606502
16 11 1660
6 18 23405
19 6 23446
17 10 196
20 1 2800985
18 17 3832
21 4 326
8 7 2953258
9 6 62068
10 5 51069
11 8 71843
0 19 2613876
14 7 111050
12 19 3180
1 18 4911
15 6 23122
13 18 146580
0 9 12427
3 4 6000
4 7 135951
5 6 3220
16 2 2203
6 21 2270880
19 15 41414600
7 16 4157
20 8 10791723
18 8 103890
21 13 46000
22 2 2925
9 15 555825
10 12 82
8 20 2375526
11 1 323557
9 17 59546
12 10 20998
10 22 24957
13 11 30988
2 16 6132
3 13 31685
1 13 390164
2 10 101383
5 15 44229
3 19 1420
6 12 894
4 20 1859223
19 20 4317695
17 4 120
7 9 26093
18 3 308
21 22 4130
22 5 1538
11 6 53028
12 1 87604
10 17 549688
15 20 206945
13 4 18321
0 7 2892691
1 6 173
2 5 121
5 8 18588
6 7 6787355
4 19 5633068
7 6 7890
5 18 52
16 22 52
19 3 52
20 4 1980
18 20 40253793
8 2 93
9 3 2619
11 21 16489
14 2 587
12 22 399
3 1 16070
16 13 8816
6 16 441560
19 8 76152
17 8 44438
7 21 1290476
20 3 2329
18 15 820767
21 2 19831
8 9 176980
9 4 2721
10 3 51306
11 10 21479
0 21 51652
12 13 64317
1 16 15080
15 0 9300230
13 16 39300
0 11 125888
3 6 191814
1 10 52
4 1 79143
5 4 1528
6 11 185951
17 1 1055556
7 18 5862
20 10 534555
18 6 40490
21 11 15082
22 0 23706
9 13 287954
8 22 5678
11 3 936
14 12 128
12 4 3012
10 20 1458551
15 9 216783
13 9 7402
0 2 439651
1 3 2490
4 8 32545
2 8 56
5 13 201572
3 21 10925
6 2 288427
19 22 4104
7 11 100
20 17 1855512
18 1 167052
21 20 1430306
12 3 286
13 2 450687
1 4 3829
2 3 142
6 5 139772
7 0 3645531
16 8 1576
19 5 6186
17 21 4293
22 18 1420
20 6 1196113
21 7 1105509
8 4 33180
9 1 707071
0 16 30593
14 0 33051
12 16 21895
15 5 8960
13 21 59355
16 15 307590
6 22 409181
19 10 38166
22 21 63
20 13 1418696
18 13 200381
21 0 600259
8 11 549
22 15 191462
9 10 34861
10 1 2072
11 12 3674
14 11 125
12 15 4472
1 22 4740
15 2 461629
2 21 742
0 13 360164
1 8 64736
4 3 80
2 15 290394
5 2 1500
16 6 8371
6 9 509
17 7 2152
7 12 53947
18 4 25828
21 9 66076
22 6 136942
10 8 29241
11 5 11906
9 21 84206
12 6 42972
10 18 1536
13 7 3173863
0 4 6534
4 10 15192
2 6 50497
5 11 2514
6 0 1701154
7 5 1375751
5 21 10852
20 19 125837
16 19 138462
21 18 78740
17 18 1628
15 16 2819787
13 0 6463801
11 16 16840
2 1 37908
7 2 692842
16 10 7135
19 7 338553
20 0 6188908
18 16 5245
21 5 55936
8 6 72374
22 10 299310
9 7 2817045
10 4 5325
11 9 3457
0 18 9507
14 6 108
12 18 190510
1 19 62939
15 7 1639037
13 19 60258
0 8 87172
3 5 1695
4 6 6036
5 7 1114271
16 1 27324
6 20 4183437
17 12 321840
7 17 6426
20 15 3337511
18 11 6728
8 13 11363
22 13 2370
9 8 10983
10 15 2481561
8 19 4290025
9 18 102020
12 9 2324
1 20 601877
13 12 198371
2 19 1758
0 15 626813
3 10 6254
4 13 10101
2 13 3371
5 0 9666863
6 15 6162803
17 5 2527
20 22 8140
18 2 6337
11 7 21795
12 0 855307
10 16 414618
15 21 496
13 5 1874804
0 6 359432
1 7 4401364
2 4 97
5 9 128027
5 19 719724
16 21 12436
21 16 26143
19 0 1793206
17 16 121
8 1 63710
15 18 1140419
11 18 312
12 21 56277
16 12 6214
6 19 1703539
19 9 72135
17 9 1320
20 2 29835
21 3 776
22 8 20258
9 5 6988
10 2 104932
0 20 1614318
1 17 380967
15 1 210203
13 17 15727
2 22 38
0 10 337634
3 7 10132
1 11 120347
4 0 1027209
16 3 224
17 2 38
7 19 419242
20 9 371651
18 9 87227
21 12 149491
8 15 26822731
10 13 1638058
8 21 15611
11 0 1163334
9 16 32847
14 15 88
12 11 5325
13 10 196902
0 1 3041234
3 12 453
1 12 10013
4 15 22731507
2 11 594
3 18 6808
6 13 17735313
4 21 222
7 8 54662
20 16 1232670
18 0 1651770
12 2 5823
13 3 1040
1 5 2639
6 4 130786
7 1 1452636
5 17 376
19 2 3196
20 5 699814
18 21 23955
9 2 40499
11 20 118525
13 22 5208
3 0 95202
19 11 34469
17 15 901874
7 20 495213
22 20 293279
20 12 80857
21 1 107809
8 10 7717
9 11 7116
10 0 178062
8 16 8144
11 13 219206
0 22 281633
15 3 336
13 15 8034
2 20 31251
0 12 1374749
1 9 3926
4 2 315
5 3 66
16 5 1607
6 8 245186
19 16 2892
17 0 236119
7 13 2157133
20 11 19943
18 7 2371505
21 10 46572
22 1 123694
9 12 92761
10 11 8743
11 2 4904
9 22 587
14 13 7130
12 5 3589
10 21 1277744
15 8 18980488
13 8 52883
0 3 109695
1 2 158056
4 9 69913
5 12 3104
3 20 126899
6 3 5956
7 10 30719
20 18 659865
16 18 1645
21 19 265459
17 19 245429
14 20 1463996
13 1 4421448
2 0 3291847
