454
7 3 24287
16 9 94672
19 4 11216992
17 20 1539649
22 19 130156
20 7 886044
18 19 7082038
21 6 117289
8 5 62201
9 0 1472322
10 7 252004
0 17 520753
14 1 581
12 17 29299
15 4 11596015
13 20 2313121
3 2 6762
4 5 428
16 0 105568
19 13 342590
17 13 302187
7 22 33300
18 10 383930
21 15 782613
8 18 1556
11 15 25123
9 19 196047
14 8 52
12 8 24529
1 21 43284
15 13 61873
3 11 159387
1 15 159420
2 12 293211
5 1 14749
3 17 4124
16 7 184301
19 18 21719
17 6 47306
7 15 5406499
20 21 349316
18 5 78310
21 8 86132
22 7 8563
10 9 16422
11 4 31128
9 20 4372922
14 19 177238
12 7 552655
10 19 450164
15 10 44303
13 6 457462
0 5 12312396
1 0 2573737
4 11 1232
2 7 1956582
5 10 6552
3 22 4500
6 1 1456
7 4 62878
5 20 526291
16 20 3738425
21 17 23028
19 1 298711
18 22 8406
8 0 5207064
15 19 25406572
11 19 403014
12 20 591720
6 18 57835
19 6 100210
17 10 79016
20 1 3468583
18 17 75360
21 4 60077
8 7 6567118
9 6 100745
10 5 510805
11 8 303204
0 19 3256891
14 7 99637
12 19 163984
1 18 8413
15 6 31732
13 18 113061
0 9 16886
3 4 4589
4 7 190820
5 6 20458
16 2 3983
6 21 3087959
19 15 57191328
17 3 80088
7 16 14333
20 8 22168534
18 8 235607
21 13 275754
22 2 2216
9 15 1377425
8 20 4169980
11 1 689094
9 17 361967
12 10 78927
10 22 180405
13 11 155469
2 16 3231
3 13 215141
1 13 2278954
2 10 76171
5 15 115047
3 19 118685
4 20 2686917
19 20 6672416
17 4 118
7 9 5943
18 3 1656
21 22 19394
22 5 206
11 6 88240
14 17 156
12 1 8168297
10 17 142494
15 20 684675
13 4 2896
0 7 3526796
1 6 219
2 5 55156
5 8 102826
6 7 7812951
4 19 7815022
7 6 635868
5 18 1552
19 3 10385
20 4 31752
18 20 63181890
8 2 132
9 3 4323
11 21 57929
14 2 93
12 22 92
3 1 66923
16 13 11772
6 16 480465
19 8 101452
17 8 148866
7 21 415391
20 3 31732
18 15 1689176
21 2 485651
8 9 48006
9 4 521
10 3 159467
11 10 72987
0 21 230794
14 5 1290
12 13 720374
1 16 13006
15 0 14425157
13 16 85580
0 11 846813
3 6 101355
1 10 84
4 1 30728
5 4 866
16 4 104
6 11 103449
17 1 671949
7 18 3960
20 10 1496197
18 6 164372
21 11 9181
22 0 21313
9 13 1086383
8 22 5727
11 3 2002
14 12 1253
12 4 302
10 20 4733117
15 9 650878
13 9 33363
0 2 1296276
3 15 8211
1 3 49273
4 8 55417
2 8 570
5 13 370917
3 21 95243
6 2 682970
4 22 92
19 22 176738
7 11 8101
20 17 248917
18 1 249774
16 17 52
21 20 1672600
12 3 35393
13 2 213813
1 4 80009
2 3 18824
6 5 407816
7 0 3941330
5 16 40
16 8 1914
19 5 8326
17 21 4394
22 18 1540
20 6 1007835
21 7 454562
8 4 23388
9 1 7171607
0 16 62880
14 0 26341
12 16 8843
15 5 2648
13 21 465669
16 15 661452
6 22 247217
19 10 167198
22 21 321
20 13 1114205
18 13 520951
21 0 187707
8 11 52493
22 15 209910
9 10 68746
10 1 120189
11 12 35048
14 11 52
12 15 63562
1 22 26074
15 2 544786
13 14 4548
2 21 39555
0 13 1103355
3 8 36416
1 8 202008
4 3 92
2 15 20172
5 2 5521
16 6 173388
6 9 2020
17 7 25010
7 12 459913
18 4 93562
21 9 288568
22 6 26279
10 8 52590
11 5 16221
9 21 209858
12 6 178292
10 18 4415
13 7 3113323
0 4 1211216
4 10 7137
2 6 16275
5 11 43968
6 0 1915406
7 5 1738497
5 21 65201
20 19 353417
16 19 178867
21 18 43763
17 18 1552
14 21 7368
15 16 5671627
13 0 15828134
11 16 2004
2 1 108387
7 2 589492
16 10 58225
19 7 1062041
17 11 60
22 16 100
20 0 11397178
18 16 6520
21 5 180285
8 6 258639
22 10 263387
9 7 1187176
10 4 41277
11 9 2615
0 18 40720
14 6 46
12 18 106056
1 19 90219
15 7 2761111
13 19 171681
0 8 655882
3 5 597
4 6 21986
5 7 1508090
16 1 55009
6 20 11345344
17 12 717213
7 17 119585
20 15 10934318
18 11 12715
8 13 82169
22 13 3703
9 8 585671
10 15 4237443
8 19 9367917
9 18 71685
14 9 1377
12 9 40173
1 20 1463139
13 12 1170043
2 19 15914
0 15 950681
3 10 39445
4 13 7218
2 13 201298
5 0 14542415
3 16 60
6 15 18921113
19 21 12588
17 5 9139
20 22 29378
18 2 19227
22 4 40
11 7 34909
12 0 1293445
10 16 306147
15 21 13392
13 5 5225822
0 6 590937
1 7 4029958
2 4 248
5 9 255374
4 18 11965
5 19 1556081
16 21 68314
21 16 10018
19 0 2778926
8 1 300646
15 18 1669955
11 18 938
12 21 178618
16 12 12944
6 19 2364825
19 9 127401
17 9 1290
20 2 850983
21 3 4392
22 8 69315
9 5 633
10 2 261018
0 20 6225440
14 4 459
1 17 548876
15 1 332544
13 17 98721
2 22 218
0 10 916153
3 7 222516
1 11 484996
4 0 1800205
16 3 291
17 2 345006
7 19 1079525
20 9 652616
18 9 192065
21 12 98448
8 15 45758327
22 3 38
10 13 2397544
8 21 33044
11 0 1720151
9 16 23164
14 15 31100
12 11 23675
13 10 597035
2 17 10392
0 1 3924293
3 12 7587
1 12 266695
4 15 30086448
2 11 8607
3 18 2666
6 13 12073170
4 21 7146
7 8 82456
20 16 1596157
18 0 4335515
12 2 1392089
13 3 196
1 5 300308
6 4 105901
7 1 2464606
5 17 169495
19 2 1079153
20 5 198297
18 21 101737
8 3 8124
9 2 259750
11 20 749209
14 3 112
13 22 13913
3 0 345553
19 11 259448
17 15 2830236
7 20 2243271
22 20 1299534
20 12 348670
21 1 318178
8 10 31163
9 11 3471
10 0 1140108
8 16 5720
11 13 76397
0 22 261335
14 10 3971
15 3 3786
13 15 29574
2 20 265332
0 12 1811336
3 9 775
1 9 10489
4 2 10942
5 3 52
16 5 52
6 8 703129
19 16 82849
17 0 45135
7 13 2073263
20 11 14751
18 7 4663324
21 10 37464
22 1 60968
9 12 5581992
10 11 20231
11 2 5279
9 22 7985
14 13 14969
12 5 31618
10 21 964504
15 8 37631269
13 8 289863
0 3 1373678
1 2 336060
4 9 19880
2 9 1076
5 12 5396
3 20 2470513
6 3 358742
7 10 203417
5 22 251
20 18 1983718
16 18 52
21 19 365118
17 19 101845
14 20 2724352
13 1 2843604
2 0 4808033
