465
7 3 9524
16 9 112012
19 4 10474541
17 20 1579791
22 19 374200
20 7 1516434
18 19 12731435
21 6 125218
8 5 42009
9 0 3340376
10 7 345327
0 17 222315
14 1 8706
12 17 2345
15 4 12830590
13 20 2845702
3 2 13952
4 5 535
16 0 86278
19 13 115712
17 13 360057
7 22 44033
18 10 133812
21 15 1229096
9 9 16830
8 18 242
11 15 27522
9 19 256395
14 8 1828
12 8 44207
1 21 67096
15 13 123248
13 13 478193
2 18 40
3 11 172611
1 15 259370
2 12 293066
5 1 34129
3 17 156
16 7 76366
6 14 48
19 18 13058
17 6 51214
7 15 5668995
20 21 535773
18 5 27859
21 8 120830
22 7 7833
10 9 47912
11 4 20812
9 20 2970311
14 19 223139
12 7 290643
10 19 431344
15 10 30665
13 6 448707
0 5 14285465
1 0 2010588
4 11 5098
2 7 2055615
5 10 12051
3 22 41
6 1 19275
7 4 68226
5 20 526811
16 20 4040720
21 17 51389
19 1 1433906
17 17 6130
18 22 1398
8 0 3748820
15 19 30561746
11 19 54553
12 20 627309
16 11 1552
6 18 63117
19 6 130094
17 10 26942
20 1 3658937
18 17 77260
21 4 29443
8 7 387634
9 6 146895
10 5 419812
11 8 406170
0 19 5241379
14 7 16395
12 19 19102
1 18 40455
15 6 67421
13 18 99018
0 9 35417
4 7 270813
5 6 10066
16 2 5466
6 21 1224905
19 15 54723647
17 3 7484
7 16 929586
20 8 22358720
18 8 496933
21 13 444473
22 2 1932
9 15 1121878
8 20 4172214
11 1 509596
9 17 344945
12 10 41427
10 22 59768
15 15 3671022
13 11 154348
2 16 16108
0 0 46625042
3 13 48879
1 13 2628433
2 10 31424
5 15 142964
3 19 11802
4 20 2966553
19 20 5808778
17 4 3848
7 9 12841
18 3 1219
21 22 2065
22 5 236
11 6 84788
14 17 3870
12 1 5282071
10 17 338182
15 20 738937
13 4 53839
0 7 1424565
1 6 208
2 5 2293
5 8 10145
6 7 9073930
4 19 7576104
7 6 275130
19 3 14723
20 4 28737
18 20 54181212
8 2 493548
9 3 2411
11 21 100267
14 2 6206
12 22 64976
3 1 852767
16 13 26276
6 16 653676
19 8 76085
17 8 372798
7 21 829356
20 3 22800
18 15 1667548
21 2 60893
8 9 351491
9 4 2616
10 3 449182
11 10 92247
0 21 434219
14 5 2965
12 13 880013
1 16 27548
15 0 17937905
13 16 48450
0 11 5742230
3 6 24834
4 1 78775
5 4 1194
6 11 438494
17 1 2539100
7 18 50244
20 10 891672
18 6 173812
21 11 11140
22 0 56591
9 13 525132
8 22 29933
11 3 6524
14 12 18545
12 4 93717
10 20 5360936
15 9 841290
13 9 13389
0 2 737310
3 15 104
1 3 62380
4 8 184566
2 8 18084
5 13 479770
3 21 258689
6 2 1252360
4 22 1877
19 22 122672
7 11 3541
20 17 473362
18 1 420409
16 17 3506
21 20 1998031
12 3 11302
13 2 139592
1 4 165169
2 3 18362
6 5 324933
7 0 4060225
5 16 74
16 8 2812
19 5 16147
17 21 19736
22 18 2073
20 6 1220369
18 18 636755
21 7 483004
8 4 686043
9 1 6175356
0 16 32946
14 0 62092
12 16 12687
15 5 22134
13 21 292911
16 15 329658
6 22 199435
19 10 132372
22 21 34596
20 13 1287662
18 13 403485
21 0 150641
8 11 18554
22 15 334178
9 10 57418
10 1 490
11 12 140807
14 11 2171
12 15 73217
1 22 26241
15 2 442481
13 14 3618
2 21 51705
0 13 2156598
3 8 7716
1 8 301077
4 3 87
2 15 24340
5 2 210
16 6 26878
6 9 42190
19 19 37735019
17 7 23417
7 12 1056719
20 20 2577985
18 4 14393
21 9 187794
22 6 10110
10 8 405013
11 5 26833
9 21 88297
12 6 190894
10 18 33453
15 11 4500
13 7 3487346
0 4 35416
1 1 7470
4 10 5035
2 6 18561
5 11 87203
6 0 2048534
7 5 1634135
5 21 268482
20 19 1186845
16 19 402850
21 18 30953
17 18 666
14 21 40
15 16 6993334
13 0 15655362
11 16 15124
2 1 463960
7 2 921488
16 10 44160
19 7 629020
22 16 1500
20 0 13649567
18 16 5483
21 5 89753
8 6 306081
22 10 4540
9 7 1349304
10 4 11103
11 9 830
0 18 11555
14 6 1611
12 18 94886
1 19 500155
15 7 4053760
13 19 378331
0 8 272524
3 5 3108
4 6 8661
5 7 171838
16 1 42721
6 20 10253017
17 12 3804
7 17 121452
20 15 8881751
18 11 42942
8 13 33345
22 13 418783
9 8 10545
10 15 9495075
8 19 14452557
9 18 53160
14 9 3605
12 9 181979
1 20 3039826
13 12 1443527
2 19 147774
0 15 862743
3 10 42052
4 13 11169
2 13 132729
5 0 13342588
3 16 3018
6 15 19635557
19 21 21152
17 5 13116
20 22 17210
18 2 23717
22 4 137
11 7 39800
12 0 727739
10 16 198456
15 21 12040
13 5 6420298
0 6 891949
1 7 3498723
2 4 2249
5 9 303026
6 6 302897
4 18 31552
7 7 49122150
5 19 2447548
16 21 11779
21 16 38319
19 0 2508512
17 16 188
8 1 335131
15 18 2635575
11 18 12207
12 21 562127
16 12 11879
6 19 3093580
19 9 49682
17 9 9000
20 2 500504
21 3 2725
22 8 26398
9 5 3960
10 2 461599
0 20 7634694
12 12 3131
1 17 726602
15 1 328497
13 17 131399
2 22 3328
0 10 708608
3 7 23378
1 11 289889
4 0 1482073
16 3 52
17 2 8015
7 19 515596
20 9 613979
18 9 171451
21 12 117048
8 15 42223219
22 3 4500
10 13 3376284
8 21 15361
11 0 1304986
9 16 36232
14 15 36780
12 11 79238
13 10 258218
2 17 50878
0 1 7645747
3 12 44235
1 12 177165
4 15 26794180
2 11 20064
3 18 4785
6 13 13396290
4 21 166
7 8 65764
20 16 2686868
18 0 4034621
21 21 432024
14 22 678
12 2 1349979
13 3 416
1 5 182989
6 4 331855
7 1 2100017
5 17 65246
19 2 31612
20 5 169735
18 21 219554
8 3 2044
9 2 204953
11 20 429131
14 3 2618
13 22 22143
3 0 632641
19 11 10564
17 15 1412007
7 20 2369717
22 20 85404
20 12 1182167
21 1 202625
8 10 34833
9 11 6330
10 0 1181535
8 16 2995
11 13 113881
0 22 84484
15 3 25431
13 15 36932
2 20 305389
0 12 2243714
1 9 31079
4 2 622
5 3 88
16 5 95
6 8 1254120
19 16 24592
17 0 51520
7 13 4482469
20 11 105790
18 7 397161
21 10 45442
22 1 54417
9 12 5291779
10 11 334566
11 2 32963
9 22 808
14 13 28174
12 5 293398
10 21 563695
15 8 39096156
13 8 220604
0 3 2336104
1 2 1068679
4 9 8249
2 9 27129
5 12 7663
3 20 361945
6 3 252814
7 10 151091
5 22 100
20 18 1847786
16 18 1420
21 19 612999
17 19 14771
14 20 3283151
13 1 3723623
2 0 4594723
