457
7 3 11230
16 9 349945
19 4 9237506
17 20 216948
22 19 144268
20 7 581080
18 19 7110009
21 6 71475
8 5 33859
9 0 2731504
10 7 110364
0 17 209333
14 1 2405
12 17 3108
15 4 8652441
13 20 2078368
3 2 12132
4 5 40
16 0 64221
19 13 7338
17 13 76447
7 22 451116
18 10 98473
21 15 933912
9 9 5983
8 18 3044
11 15 183863
9 19 111074
14 8 60
12 8 602
1 21 46229
15 13 44748
13 13 173168
2 18 59
3 11 10724
1 15 16846
2 12 142312
5 1 16666
16 7 135195
19 18 1884
17 6 45784
7 15 7448669
20 21 414044
18 5 46789
21 8 83988
22 7 15290
10 9 1647
11 4 11809
9 20 2927223
14 19 86697
12 7 176886
10 19 390157
15 10 24645
13 6 212051
0 5 6627987
1 0 1704324
4 11 2052
2 7 1739735
5 10 15777
3 22 2172
6 1 492
7 4 72476
5 20 515738
16 20 2730216
21 17 2052
19 1 221074
17 17 4479
18 22 796
8 0 2557678
15 19 16172874
11 19 134711
12 20 671810
16 11 110
6 18 69572
19 6 21808
17 10 15640
20 1 2102835
18 17 12256
21 4 122053
8 7 4435649
9 6 31535
10 5 200235
11 8 228297
0 19 2502123
14 7 55755
12 19 4127
1 18 12675
15 6 41087
13 18 65090
0 9 19749
4 7 359429
5 6 11210
16 2 5784
6 21 2736290
19 15 58940116
17 3 52
7 16 262402
20 8 16456653
18 8 174730
21 13 145931
22 2 437812
9 15 996747
8 20 3632964
11 1 1583928
9 17 99108
12 10 26498
10 22 64200
15 15 1448028
13 11 40574
2 16 752
0 0 40677340
3 13 157324
1 13 1309184
2 10 10286
5 15 17326
3 19 309474
4 20 2450564
19 20 5073024
17 4 160
7 9 705850
18 3 987
21 22 979
22 5 101
11 6 99570
14 17 47
12 1 5331289
10 17 105094
15 20 194787
13 4 36158
0 7 2970845
5 8 98657
6 7 8806760
4 19 9510162
7 6 1101224
5 18 1500
19 3 13116
20 4 77272
18 20 56291635
8 2 5026
9 3 595
11 21 96663
14 2 345
12 22 186
3 1 38226
16 13 27280
6 16 446960
19 8 124764
17 8 54171
7 21 615904
20 3 6382
18 15 1442465
21 2 77560
8 9 82873
9 4 1748
10 3 125711
11 10 38564
0 21 281617
14 5 38
12 13 1280196
1 16 4235
15 0 11552660
13 16 10020
0 11 431718
3 6 22307
4 1 199314
5 4 108
6 11 194543
17 1 116462
7 18 6897
20 10 501862
18 6 39903
21 11 20503
22 0 16312
9 13 361375
8 22 11824
11 3 976
14 12 40
12 4 1656
10 20 1299964
15 9 268177
13 9 5838
0 2 1280027
3 15 1556
1 3 3923
4 8 39212
2 8 1612
5 13 470385
3 21 6925
6 2 475882
4 22 40
19 22 65560
7 11 77406
20 17 715025
18 1 472081
16 17 220
21 20 841420
12 3 9714
13 2 106995
1 4 273712
2 3 439
6 5 252396
7 0 3480454
16 8 9428
19 5 748
17 21 10225
22 18 305
20 6 441117
18 18 200097
21 7 396526
8 4 17411
9 1 7029478
0 16 23833
14 0 66165
12 16 5109
15 5 320
13 21 187759
16 15 318118
6 22 53309
19 10 19929
22 21 171
20 13 1295585
18 13 266885
21 0 118655
8 11 27867
22 15 95490
9 10 28549
10 1 125570
11 12 12823
14 11 1773
12 15 14460
1 22 24269
15 2 469363
13 14 84
2 21 37270
0 13 583547
1 8 305246
4 3 94
2 15 15473
5 2 194
16 6 21932
6 9 800
19 19 27703182
17 7 8048
7 12 633535
20 20 1946427
18 4 616
21 9 70927
22 6 9120
10 8 70869
11 5 5696
9 21 422847
12 6 63981
10 18 287
15 11 1215
13 7 1256014
0 4 129570
1 1 6754
4 10 32722
2 6 92011
5 11 31510
6 0 1579545
7 5 1835154
5 21 81385
20 19 557438
16 19 240341
21 18 42629
17 18 265
14 21 8134
15 16 3283629
13 0 10456015
11 16 38165
2 1 252201
7 2 688687
16 10 21998
19 7 605237
22 16 1500
20 0 7758646
18 16 18695
21 5 16392
8 6 611845
22 10 17472
9 7 725740
10 4 31466
11 9 4794
0 18 650508
14 6 40
12 18 5766
1 19 64080
15 7 2152780
13 19 77233
0 8 547129
3 5 120
4 6 44546
5 7 1770369
16 1 22370
6 20 6592853
17 12 1755
7 17 70226
20 15 5406226
18 11 61840
8 13 48705
22 13 16412
9 8 11020
10 15 3110429
8 19 9140680
9 18 21653
14 9 10762
12 9 1895
1 20 1706118
13 12 204928
2 19 137
0 15 634976
3 10 26460
4 13 54840
2 13 231184
5 0 12411698
3 16 1420
6 15 9208033
19 21 22181
17 5 25401
20 22 10280
18 2 3744
22 4 1636
11 7 154624
12 0 351494
10 16 72724
15 21 7281
13 5 3446721
0 6 373324
1 7 2544330
2 4 1588
5 9 115455
6 6 656056
4 18 16751
7 7 51831456
5 19 1022428
16 21 10845
21 16 7436
19 0 3223887
17 16 210
8 1 89541
15 18 1460950
11 18 35727
12 21 271696
16 12 19461
6 19 1768606
19 9 70180
20 2 429598
21 3 2373
22 8 25719
9 5 958
10 2 207009
0 20 5452458
12 12 1511
1 17 25717
15 1 109016
13 17 72692
2 22 145102
0 10 925307
3 7 9647
1 11 380953
4 0 1656804
16 3 304
17 2 1540
7 19 435714
20 9 241953
18 9 215240
21 12 121004
8 15 38439025
22 3 202500
10 13 1671693
8 21 10796
11 0 1684014
9 16 23705
14 15 9511
12 11 31025
13 10 314039
2 17 177
0 1 2939777
3 12 13051
1 12 603679
4 15 32064834
2 11 82321
3 18 6004
6 13 13141632
4 21 8256
7 8 75062
20 16 1065048
18 0 3733974
21 21 239725
14 22 82
12 2 15804
13 3 3376
1 5 2274
6 4 81801
7 1 2730140
5 17 423107
19 2 1593
20 5 99188
18 21 40712
8 3 55
9 2 582507
11 20 686145
13 22 491918
3 0 505684
19 11 3000
17 15 782108
7 20 2112435
22 20 258321
20 12 1022847
21 1 239272
8 10 24189
9 11 2822
10 0 321229
8 16 2673
11 13 49239
0 22 522600
14 10 7939
15 3 672
13 15 10809
2 20 87618
0 12 1352283
1 9 7279
4 2 53
5 3 96
6 8 470527
19 16 1672
17 0 5585
7 13 1603018
20 11 101465
18 7 3782926
21 10 21906
22 1 19101
9 12 6776611
10 11 14548
11 2 4451
9 22 927
14 13 11556
12 5 1797
10 21 198886
15 8 26731858
13 8 75431
0 3 315227
1 2 196016
4 9 23277
5 12 1970
3 20 28965
6 3 52457
7 10 450513
5 22 48
20 18 1436067
16 18 801
21 19 214695
17 19 274815
14 20 2586231
13 1 2126789
2 0 4239333
