445
7 3 6108
16 9 1957
19 4 8396820
17 20 70947
22 19 16915
20 7 106444
18 19 68297
21 6 1598414
8 5 52558
9 0 3088859
10 7 119315
0 17 102422
14 1 234
12 17 11313
15 4 122171
13 20 1213210
4 5 108
16 0 1180322
19 13 95873
17 13 133337
7 22 10630
20 14 701
21 15 41696
8 12 33675
22 12 3621
10 14 173
8 18 34728
9 19 9689
14 8 1739
12 8 59651
1 21 1229578
15 13 126602
2 18 862
0 14 1992
3 11 52
1 15 418531
4 12 724
2 12 381736
5 1 31780
3 17 40
16 7 8305
6 14 147
19 18 66683
17 6 181179
7 15 805419
20 21 1327473
18 5 20022
21 8 8311
22 7 10058
10 9 66723
11 4 59496
9 20 661925
14 19 34
12 7 455670
10 19 402855
13 6 8740242
0 5 98258
1 0 2776270
4 11 38976
2 7 27659
4 17 14475
7 4 5459052
5 20 5888008
16 20 524833
21 17 36613
19 1 151866
18 22 6538
8 0 21866435
15 19 174341
11 19 207201
12 20 740579
16 11 262
6 18 84864
19 6 1617749
20 1 1476388
18 17 44266
21 4 8163
8 7 55544
9 6 3746008
10 5 789990
11 8 126533
0 19 485906
14 7 385
12 19 17486
1 18 955307
15 6 334951
13 18 426085
0 9 592929
4 7 122716
5 6 151525
16 2 582
6 21 222175
19 15 99482
17 3 128
7 16 7249
20 8 11923274
18 8 333232
21 13 895467
8 14 1956
22 2 92
9 15 231444
10 12 5825214
8 20 9060762
11 1 175709
9 17 76773
10 22 5879
13 11 83178
3 13 1648
1 13 6166409
4 14 156
5 15 16275
3 19 120306
6 12 5857972
4 20 10419565
19 20 20173559
17 4 27464
7 9 3438
18 3 128
21 22 42285
22 5 38
11 6 1555368
12 1 8580
10 17 364901
15 20 107551
13 4 43242
0 7 805073
2 5 6807
5 8 7596
6 7 1114749
4 19 9431770
7 6 340012
5 18 1309
19 3 4430
20 4 17479
18 20 18028401
8 2 48
9 3 136
11 21 132322
14 2 383
12 22 1067
3 1 3997
16 13 212710
6 16 1564836
19 8 3793566
17 8 8074
7 21 264462
20 3 1882
18 15 6537
21 2 16071
8 9 3716
22 9 56
9 4 13800
0 21 348671
12 13 943720
1 16 63895
15 0 348147
13 16 10087
0 11 504714
3 6 1519
4 1 21966
5 4 2926
6 11 261472
19 17 44496
17 1 240773
7 18 1126147
18 6 1014816
21 11 49868
22 0 16079
9 13 1380061
8 22 98516
11 3 46
14 12 2984
12 4 32804
10 20 2697735
15 9 40
13 9 7595
0 2 509840
3 15 270452
1 3 1770
4 8 17793
2 8 132
5 13 4194428
3 21 1500
6 2 5046887
4 22 116
19 22 4101
7 11 40578
20 17 202840
18 1 198782
16 17 163
21 20 445764
12 3 84407
13 2 17787
1 4 50545
2 3 38
6 5 74515
7 0 2466510
5 16 125
16 8 40
19 5 26897
17 21 9946
22 18 356
20 6 3531434
21 7 65950
8 4 41159
9 1 863698
0 16 26931
14 0 844259
12 16 6307
15 5 1950
13 21 1087309
16 15 692
6 22 101798
22 21 2552
20 13 2008385
18 13 9681932
21 0 1724703
8 11 104939
22 15 46
8 17 151054
11 12 172996
14 11 352
12 15 171786
1 22 106083
15 2 463178
13 14 620129
2 21 3604
0 13 3757167
1 8 557363
2 15 509944
5 2 85
16 6 112496
6 9 49111
17 7 25017
7 12 624311
18 4 35620
21 9 457671
22 6 95863
10 8 46684
11 5 31947
9 21 633829
14 18 3204
12 6 1699069
10 18 421367
13 7 208392
0 4 32488
2 6 5440244
5 11 17683
6 0 809197
4 16 192
7 5 1781368
5 21 21328
20 19 280032
16 19 2758
21 18 326676
17 18 5482
14 21 1467
15 16 63108
13 0 7136462
11 16 781
2 1 6613
7 2 261
19 7 74789
20 0 566535
18 16 4690
21 5 95959
8 6 533454
9 7 228946
10 4 42200
11 9 12193
0 18 207387
14 6 155212
12 18 317038
1 19 1207987
15 7 1582315
13 19 81534
0 8 752340
3 5 40
4 6 543089
5 7 130571
16 1 3949
6 20 966362
19 12 52117
17 12 3360
7 17 1151537
20 15 94653
18 11 196876
21 14 1578
8 13 209036
22 13 1179
9 8 31363
10 15 7208
8 19 11122330
11 14 1518
9 18 8991582
12 9 11045
1 20 2586118
15 12 6662
13 12 642719
2 19 462736
0 15 292019
1 14 8502
4 13 14309
2 13 4783
5 0 11589673
6 15 38127
19 21 19576
17 5 400
7 14 568559
20 22 714
18 2 50889
22 4 6758
11 7 28855
12 0 271965
10 16 87111
15 21 155853
13 5 4249585
0 6 7212537
1 7 133632
2 4 104
5 9 9687
4 18 1481
5 19 15340
16 21 5248
21 16 14054
19 0 39920462
8 1 43304
15 18 52108
11 18 85480
12 21 115173
16 12 4272
6 19 316565
19 9 92
17 9 42189
20 2 4806
18 14 7282
21 3 52
22 8 3064
9 5 6024047
10 2 733755
0 20 7295155
14 4 155
1 17 755512
15 1 25205
13 17 15007
2 22 41
3 7 332
1 11 937744
4 0 21017441
16 3 78
17 2 130
7 19 11116491
20 9 276418
18 9 19143
21 12 207991
8 15 25856
22 3 128
9 14 97
10 13 2182707
8 21 20899
11 0 401054
9 16 1706963
14 15 122
12 11 363486
15 14 40
2 17 1500
0 1 1772285
3 12 2156
1 12 607492
4 15 3228
2 11 3873
3 18 52
6 13 2715963
4 21 4627
7 8 12429661
20 16 1144000
18 0 45965433
12 2 115376
13 3 505
1 5 242054
6 4 12482
7 1 1015564
5 17 12147
19 2 12803
20 5 29434
18 21 207238
9 2 60878
11 20 83172
14 3 94
13 22 900
3 0 6317
6 17 46309
19 11 531948
17 15 62
7 20 181560
22 20 16239
20 12 1828454
18 12 107889
21 1 410098
22 14 338
9 11 27513
10 0 1466953
8 16 4325
11 13 526699
0 22 10358
12 14 2963
15 3 4267
13 15 9116
2 20 37656
0 12 105030
1 9 319337
4 2 106
2 14 8432
5 3 180
16 5 792
6 8 114063
19 16 52
17 0 568376
7 13 115761
20 11 170658
18 7 69417
22 1 6731
9 12 182292
10 11 705266
11 2 640
9 22 673
14 13 167574
12 5 43713
10 21 1552876
15 8 93828
13 8 163984
0 3 466
1 2 669812
4 9 73
2 9 236
5 12 1335
3 20 11771
5 22 98
20 18 10071277
16 18 1984
21 19 62588
17 19 122140
14 20 162393
13 1 415320
2 0 1404757
