453
7 3 20456
16 9 46631
19 4 13749209
17 20 1136208
22 19 540650
20 7 2704636
18 19 6929639
21 6 149393
8 5 70978
9 0 3218177
10 7 982031
0 17 990382
14 1 2245
12 17 23618
15 4 18760522
13 20 3394233
3 2 3658
4 5 37667
16 0 92077
19 13 43288
17 13 209194
7 22 211977
18 10 86276
21 15 515157
8 18 18743
11 15 8884
9 19 130033
14 8 380
12 8 33082
1 21 395988
15 13 134905
2 18 3128
3 11 169060
1 15 263258
2 12 163261
5 1 45297
3 17 148710
16 7 208462
19 18 9391
17 6 36866
7 15 4656405
20 21 948352
18 5 14740
21 8 59734
22 7 239953
10 9 107787
11 4 116238
9 20 6056297
14 19 150583
12 7 162800
10 19 341949
15 10 34169
13 6 430995
0 5 10771424
1 0 1614873
4 11 186
2 7 18708
5 10 2281
6 1 1032
7 4 130388
5 20 1364810
16 20 3307438
21 17 9472
19 1 452028
18 22 29359
8 0 2261563
15 19 32090048
11 19 67388
12 20 152182
16 11 52
6 18 191278
19 6 29756
17 10 488976
20 1 2402061
18 17 45774
21 4 14276
8 7 4319955
9 6 180340
10 5 1212284
11 8 302491
0 19 2369785
14 7 172846
12 19 5765
1 18 50637
15 6 58762
13 18 78908
0 9 45516
4 7 396413
5 6 107431
16 2 4153
6 21 2254669
19 15 51456350
17 3 3836
7 16 981787
20 8 24285851
18 8 246529
21 13 221824
22 2 2688
9 15 1187762
10 12 48
8 20 5268884
11 1 699160
9 17 175422
12 10 24577
10 22 27553
13 11 68556
2 16 3449
3 13 21055
1 13 1791242
2 10 15594
5 15 121607
3 19 9760
6 12 22295
4 20 2830619
19 20 5685785
17 4 380913
7 9 41199
18 3 5843
21 22 13011
22 5 712
11 6 118010
14 17 82
12 1 74448
10 17 112459
15 20 603748
13 4 91372
0 7 4799400
2 5 13163
5 8 105995
6 7 8318820
4 19 7638400
7 6 51804
16 22 76
19 3 3900
20 4 94217
18 20 57780413
8 2 55120
9 3 14251
11 21 48157
14 2 7500
12 22 300
3 1 58334
16 13 25924
6 16 280060
19 8 128377
17 8 25019
7 21 3529180
20 3 7764
18 15 1507926
21 2 92818
8 9 85753
9 4 10308
10 3 107053
11 10 45072
0 21 284058
14 5 40
12 13 81944
1 16 26701
15 0 20492995
13 16 39007
0 11 1396194
3 6 15901
4 1 45979
5 4 31380
6 11 252926
17 1 1757325
7 18 213100
20 10 1987717
18 6 60954
21 11 9066
22 0 19097
9 13 684283
8 22 19795
11 3 4164
14 12 2374
12 4 6357
10 20 5597005
15 9 1500260
13 9 121567
0 2 843303
3 15 96
1 3 6078
4 8 65956
2 8 14495
5 13 114042
3 21 21546
6 2 652899
4 22 4936
19 22 453386
7 11 132279
20 17 212627
18 1 694784
16 17 3899
21 20 1551461
12 3 12436
13 2 130389
1 4 93210
2 3 30368
6 5 570580
7 0 4059544
16 8 4234
19 5 6949
17 21 183469
22 18 5244
20 6 628846
21 7 1598468
8 4 62666
9 1 3212729
0 16 124749
14 0 100796
12 16 3685
15 5 800
13 21 470887
16 15 409577
6 22 321374
19 10 95526
22 21 52
20 13 1429620
18 13 768023
21 0 188503
8 11 11781
22 15 124145
9 10 134345
10 1 151440
11 12 175946
14 11 13851
12 15 8681
1 22 50666
15 2 424623
13 14 48
2 21 61682
0 13 2149904
3 8 89989
1 8 334840
2 15 58867
5 2 1893
16 6 33422
6 9 80511
17 7 7464
7 12 163641
18 4 4855
21 9 368715
22 6 33331
10 8 109731
11 5 26218
9 21 381951
14 18 179
12 6 75824
10 18 22363
13 7 3035140
0 4 46366
4 10 6885
2 6 41089
5 11 387799
6 0 4177438
4 16 74
7 5 1821022
5 21 22243
20 19 1766506
16 19 190743
21 18 32173
17 18 3050
14 21 7999
15 16 4290799
13 0 12109625
11 16 2326
2 1 753541
7 2 391226
16 10 7981
19 7 547501
17 11 1500
22 16 5720
20 0 15899142
18 16 3340
21 5 131527
8 6 185175
22 10 39927
9 7 946449
10 4 51489
11 9 2935
0 18 16692
14 6 2894
12 18 1596
1 19 575544
15 7 2934566
13 19 64649
0 8 330262
3 5 256
4 6 3203
5 7 1078386
16 1 41514
6 20 10845526
17 12 241355
7 17 25548
20 15 10220727
18 11 25217
8 13 50695
22 13 238134
9 8 38704
10 15 3377835
8 19 5271585
9 18 23441
14 9 1330
12 9 33665
1 20 3812140
13 12 212781
2 19 29235
0 15 876385
3 10 9001
4 13 135335
2 13 94857
5 0 14487033
3 16 4333
6 15 10765876
19 21 10130
17 5 133062
7 14 1420
20 22 272885
18 2 27385
22 4 10428
11 7 94161
12 0 218791
10 16 51182
15 21 6160
13 5 5473370
0 6 724619
1 7 1487461
2 4 48
5 9 227044
4 18 998
5 19 934882
16 21 12026
21 16 24570
19 0 2947678
17 16 92
8 1 454386
15 18 2981067
11 18 1650
12 21 100099
16 12 2085
6 19 3228190
19 9 34176
17 9 52
20 2 618809
21 3 5727
22 8 12058
9 5 13851
10 2 193716
0 20 9329440
1 17 1541693
15 1 182355
13 17 63054
2 22 2570
0 10 736280
3 7 18875
1 11 727678
4 0 1246452
16 3 112
17 2 13042
7 19 301213
20 9 1141598
18 9 248463
21 12 79551
8 15 41628871
22 3 612
10 13 2880794
8 21 12556
11 0 2141690
9 16 11796
14 15 41918
12 11 11745
13 10 225639
2 17 623
0 1 3712326
3 12 1708
1 12 39847
4 15 30263565
2 11 14788
3 18 1887
6 13 9859201
4 21 1663
7 8 32383
20 16 2884404
18 0 2468512
12 2 625695
13 3 288
1 5 227568
6 4 400836
7 1 900777
5 17 161530
19 2 4010
20 5 355418
18 21 31318
8 3 2670
9 2 1049229
11 20 1538587
14 3 3103
13 22 51590
3 0 585696
19 11 62867
17 15 863005
7 20 3700630
22 20 127730
20 12 796205
21 1 2065058
8 10 43216
9 11 15974
10 0 1097115
8 16 433
11 13 253430
0 22 618110
15 3 8217
13 15 21966
2 20 934116
0 12 943471
3 9 932
1 9 20207
4 2 40
5 3 40
16 5 52
6 8 872638
19 16 273
17 0 336961
7 13 1824189
20 11 20046
18 7 4869945
21 10 42461
22 1 709454
9 12 1630631
10 11 16586
11 2 55794
9 22 39648
14 13 21454
12 5 14837
10 21 1154165
15 8 40636757
13 8 94238
0 3 1699396
1 2 1083979
4 9 52106
2 9 82
5 12 3461
3 20 153714
6 3 1243877
7 10 47275
5 22 3452
20 18 1824702
16 18 41180
21 19 212308
17 19 1642811
14 20 3143413
13 1 3713178
2 0 4217527
