455
7 3 9918
16 9 39647
19 4 5738078
17 20 530036
22 19 67627
20 7 225182
18 19 5762444
21 6 106849
8 5 26938
9 0 1682011
10 7 425084
0 17 767557
14 1 281
12 17 52
15 4 6382105
13 20 1835871
3 2 132
4 5 40
16 0 68031
19 13 98925
17 13 29500
7 22 703162
18 10 34596
21 15 521566
9 9 125700
8 18 3853
11 15 32196
9 19 140805
12 8 3021
1 21 34235
15 13 44232
13 13 335145
2 18 112
3 11 2875
1 15 14917
2 12 44661
5 1 35943
16 7 127311
19 18 3149
17 6 20065
7 15 3157018
20 21 150889
18 5 5108
21 8 117943
22 7 19837
10 9 416
11 4 12638
9 20 3782221
14 19 147922
12 7 62779
10 19 445696
15 10 36326
13 6 747813
0 5 5490748
1 0 725664
4 11 739
2 7 22553
5 10 12956
3 22 128
6 1 247269
7 4 764
5 20 444359
16 20 2587032
21 17 6400
19 1 115608
17 17 6261
18 22 11201
8 0 1414192
15 19 12917696
11 19 81582
12 20 143030
16 11 7840
6 18 32409
19 6 142551
17 10 177808
20 1 4258381
18 17 9141
21 4 68751
8 7 3409124
9 6 123322
10 5 11191
11 8 92284
0 19 1989033
14 7 247668
12 19 3808
1 18 5879
15 6 63707
13 18 82787
0 9 9632
4 7 286248
5 6 19234
16 2 3784
6 21 383203
19 15 51148835
17 3 90
7 16 13194
20 8 11692642
18 8 80372
21 13 95048
9 15 774057
10 12 1622
8 20 2886239
11 1 397945
9 17 103265
12 10 34460
10 22 9365
15 15 1329164
13 11 38461
2 16 2273
0 0 33308999
3 13 117223
1 13 532738
2 10 90051
5 15 34000
3 19 334
6 12 18788
4 20 2250244
19 20 4866165
17 4 40
7 9 2311
18 3 645
21 22 3741
22 5 184
11 6 116892
14 17 64
12 1 1593348
10 17 563641
15 20 405741
13 4 6440
0 7 1895781
2 5 100
5 8 122582
6 7 2635501
4 19 6489448
7 6 338074
5 18 1500
16 22 1440
19 3 12048
20 4 6730
18 20 50300041
8 2 8770
9 3 992
11 21 16926
14 2 518
12 22 362
3 1 126777
16 13 6160
6 16 379258
19 8 83193
17 8 1620431
7 21 410761
20 3 16092
18 15 1042332
21 2 5005
8 9 13874
9 4 1593
10 3 30693
11 10 62887
0 21 133691
12 13 202496
1 16 11639
15 0 9466356
13 16 17174
0 11 1674045
3 6 17577
4 1 20368
5 4 40
6 11 85753
17 1 60937
7 18 13059
20 10 1693964
18 6 94051
21 11 8686
22 0 29059
9 13 380949
8 22 568
11 3 372
14 12 228
12 4 13512
10 20 3575424
15 9 231100
13 9 3688
0 2 330829
1 3 1490
4 8 41993
2 8 286
5 13 880117
3 21 3559
6 2 799346
4 22 224
19 22 68932
7 11 1870
20 17 59266
18 1 183130
16 17 265
21 20 24439088
12 3 3474
13 2 187725
1 4 25044
2 3 92
6 5 441830
7 0 18420
19 5 218
17 21 17916
22 18 1217
20 6 867987
18 18 108765
21 7 225288
8 4 223793
9 1 4005080
0 16 34115
14 0 100309
12 16 4724
15 5 675
13 21 95670
16 15 128013
6 22 88410
19 10 51379
22 21 129
20 13 810110
18 13 312085
21 0 75542
8 11 3849
22 15 72640
9 10 67791
10 1 2502
11 12 9860
14 11 175
12 15 15731
1 22 92766
15 2 516392
13 14 28
2 21 63261
0 13 851627
3 8 60
1 8 98093
4 3 628
2 15 8545
5 2 174
16 6 9760
6 9 74
19 19 22261261
17 7 10650
7 12 520751
20 20 2897193
18 4 6404
21 9 81347
22 6 12149
10 8 64620
11 5 3001
9 21 83329
14 18 69
12 6 115400
10 18 1616
13 7 4116488
0 4 16696
1 1 10674
4 10 3497
2 6 36407
5 11 517
6 0 1129343
7 5 1708
5 21 14290
20 19 1493935
16 19 86815
21 18 95539
17 18 3052
15 16 2747806
13 0 8049992
11 16 8778
2 1 243390
7 2 2629
16 10 31137
19 7 279247
20 0 5758130
18 16 2601
21 5 161458
8 6 40114
22 10 29298
9 7 387956
10 4 10517
11 9 123
0 18 9301
14 6 224
12 18 31048
1 19 603054
15 7 3772807
13 19 37534
0 8 81262
3 5 166
4 6 51342
5 7 803289
16 1 26505
6 20 6442301
17 12 1758
7 17 4882
20 15 4779978
18 11 13576
8 13 11937
22 13 7567
9 8 13516
10 15 3337385
8 19 5968714
9 18 32645
14 9 92
12 9 5921
1 20 27761625
13 12 379546
2 19 225156
0 15 207494
3 10 8692
4 13 7165
2 13 335533
5 0 12385443
3 16 4340
6 15 7582626
19 21 71226
17 5 5077
7 14 81
20 22 8696
18 2 106753
22 4 430
11 7 8396
12 0 337916
10 16 313694
13 5 2299410
0 6 729192
1 7 103400
2 4 103
5 9 236478
6 6 235188
4 18 22006
7 7 2374677
5 19 1112775
16 21 14345
21 16 10641
19 0 2966894
17 16 89
8 1 75812
15 18 1184811
11 18 3196
12 21 96204
16 12 2814
6 19 1330883
19 9 43123
17 9 200
20 2 62175
21 3 459
22 8 35615
9 5 1097
10 2 420236
0 20 4642476
12 12 2925
1 17 183520
15 1 271779
13 17 23868
2 22 40
0 10 213937
3 7 21523
1 11 544512
4 0 2037733
16 3 52
17 2 1960
7 19 105878
20 9 271356
18 9 38165
21 12 623601
8 15 32791192
22 3 38
10 13 2799211
8 21 18872
11 0 971013
9 16 21484
14 15 4933
12 11 4888
13 10 291782
2 17 1252
0 1 1825337
3 12 9629
1 12 9938
4 15 29747862
2 11 239
3 18 4472
6 13 15435632
4 21 13730
7 8 1456
20 16 763164
18 0 3300922
21 21 417170
14 22 90
12 2 2385
13 3 2020
1 5 191949
6 4 125099
7 1 198841
5 17 139357
19 2 8781
20 5 70410
18 21 61600
8 3 5524
9 2 48916
11 20 156621
13 22 30457
3 0 114807
19 11 15648
17 15 5696369
7 20 3518736
22 20 29448
20 12 259931
21 1 116429
8 10 48812
9 11 4495
10 0 363290
11 13 73154
0 22 16053
15 3 580
13 15 15979
2 20 133003
0 12 86324
3 9 1484
1 9 4631
4 2 219
5 3 69
6 8 412372
19 16 108
17 0 57032
7 13 741176
20 11 8656
18 7 2747252
21 10 36714
22 1 20567
9 12 19212
10 11 16842
11 2 626
9 22 3843
14 13 29827
12 5 5697
10 21 202877
15 8 19458053
13 8 40531
0 3 256739
1 2 2801967
4 9 13281
5 12 49798
3 20 153742
6 3 15460
7 10 9202
5 22 202
20 18 766176
16 18 170
21 19 167920
17 19 406840
14 20 3803579
13 1 2213059
2 0 5366141
