458
7 3 5953
16 9 15308
19 4 11089404
17 20 406983
22 19 67037
20 7 1184678
18 19 388648
21 6 913452
8 5 111031
9 0 2249061
10 7 55675
0 17 777218
14 1 4114
12 17 15669
15 4 403029
13 20 1586944
3 2 7591
16 0 2485578
19 13 58913
17 13 34683
7 22 20202
20 14 4532
21 15 30885
8 12 16523
22 12 5818
9 9 1147511
10 14 24680
8 18 19886
11 15 126
9 19 20000
14 8 1071
12 8 119203
1 21 1007894
15 13 44582
13 13 147466
2 18 2592
0 14 744
3 11 37992
1 15 997283
4 12 1435
2 12 806853
5 1 34898
3 17 7260
16 7 11986
6 14 40
19 18 11268
17 6 455690
7 15 921943
20 21 1395024
18 5 24773
21 8 40006
22 7 26043
10 9 243608
11 4 671843
9 20 1485858
14 19 66
12 7 754728
10 19 864123
13 6 10956669
0 5 178338
1 0 4930012
4 11 81892
2 7 37792
4 17 35130
7 4 9249519
5 20 5860423
16 20 1079065
21 17 42687
19 1 661845
18 22 1225
8 0 29065693
15 19 786826
11 19 381097
12 20 685116
16 11 1196
6 18 116727
19 6 1139489
20 1 132636
18 17 7834
21 4 8345
8 7 94325
9 6 3971349
10 5 382942
11 8 208517
0 19 701613
14 7 732
12 19 36844
1 18 347496
15 6 562781
13 18 165582
0 9 933036
3 4 4580
4 7 16259
5 6 86419
16 2 742
6 21 637951
19 15 228188
17 3 188
7 16 31370
20 8 20406832
18 8 373019
21 13 3429044
8 14 279
22 2 1400
9 15 148031
10 12 144903
8 20 12072861
11 1 489417
9 17 123534
10 22 66595
15 15 4038
13 11 332431
2 16 10540
0 0 29572969
3 13 16623
1 13 6433604
4 14 10129
5 15 260
3 19 69072
6 12 5611202
4 20 11850202
19 20 22302779
17 4 569408
7 9 3064
18 3 159
21 22 2017
11 6 1751635
12 1 19156
10 17 814028
15 20 184407
13 4 21947
0 7 2070097
2 5 1542
5 8 15909
6 7 648048
4 19 11270970
7 6 366126
5 18 19914
16 22 160
19 3 2785
20 4 9418
18 20 19146152
8 2 63
9 3 96
11 21 74612
14 2 400
12 22 34201
3 1 394853
16 13 607321
6 16 1325610
19 8 3580570
17 8 74662
7 21 950196
20 3 8522
18 15 7093
21 2 84518
8 9 318
9 4 12929
0 21 338827
12 13 522702
1 16 382513
15 0 301589
13 16 83362
0 11 1625491
3 6 7996
4 1 42757
5 4 4064
16 4 1420
6 11 452443
19 17 482680
17 1 545025
7 18 13990
18 6 573672
21 11 77578
22 0 41674
9 13 1616909
8 22 204376
11 3 43682
14 12 544
12 4 30574
10 20 1590836
15 9 48832
13 9 9680
0 2 675853
3 15 297981
1 3 8129
4 8 213976
2 8 40
5 13 4305583
3 21 286
6 2 5122062
4 22 901
19 22 19504
7 11 35887
20 17 192389
18 1 107133
16 17 108
21 20 504712
12 3 1062
13 2 30643
1 4 565759
2 3 208
6 5 14564
7 0 1808311
5 16 104
16 8 289
19 5 27541
17 21 19910
22 18 13429
20 6 5373122
18 18 188995
21 7 738629
8 4 472114
9 1 1011242
0 16 13839
14 0 1056526
12 16 39052
15 5 341
13 21 1197459
16 15 1288
6 22 115532
22 21 670
20 13 1627892
18 13 10764922
21 0 1983845
8 11 353855
8 17 27334
11 12 165991
14 11 221
12 15 112572
1 22 317041
15 2 507697
13 14 924618
2 21 22299
0 13 6312105
3 8 3000
1 8 737157
4 3 2960
2 15 625682
5 2 185
16 6 164160
6 9 8472
19 19 39895356
17 7 21851
7 12 625375
20 20 85686
18 4 83999
21 9 1509870
22 6 70319
10 8 148892
11 5 11485
9 21 1306150
12 6 1271018
10 18 107447
13 7 1836921
0 4 41345
2 6 5496450
5 11 76851
6 0 1481116
7 5 1341855
5 21 21515
20 19 516796
16 19 8924
21 18 24693
17 18 44772
14 21 1680
15 16 42496
13 0 14899159
11 16 15727
2 1 32776
7 2 229
19 7 774991
22 16 7049
20 0 1695655
18 16 5457
21 5 17267
8 6 906401
9 7 1174163
10 4 357339
11 9 43083
0 18 832072
14 6 175404
12 18 91146
1 19 1201265
15 7 1579686
13 19 46523
0 8 342231
3 5 2273
4 6 441397
5 7 81399
16 1 8243
6 20 1216352
19 12 57606
17 12 7512
7 17 12113
20 15 253670
18 11 280481
8 13 290690
22 13 153666
9 8 45782
10 15 19149
8 19 12886319
11 14 102
9 18 11012676
12 9 23223
1 20 5147205
15 12 6832
13 12 1492612
2 19 56
0 15 502224
1 14 12476
4 13 602129
2 13 22717
5 0 11293200
3 16 3000
6 15 147251
19 21 22870
17 5 1983
7 14 892516
20 22 9786
18 2 33343
22 4 207
11 7 182940
14 16 101
12 0 542489
10 16 642864
15 21 18907
13 5 3779718
0 6 8404393
1 7 371000
2 4 395
5 9 13671
4 18 15721
7 7 2843491
5 19 23024
16 21 14449
21 16 40832
19 0 42283299
17 16 13004
8 1 1005666
15 18 7710
11 18 237713
12 21 484728
16 12 5580
6 19 225323
19 9 3188
17 9 171999
20 2 9290
18 14 7460
22 8 34613
9 5 4548613
10 2 570620
0 20 11566152
12 12 89588
1 17 3969465
15 1 27500
13 17 9613
2 22 59
3 7 221
1 11 2130097
4 0 24487197
19 14 63
17 2 923
7 19 21821723
20 9 469747
18 9 46543
21 12 312760
8 15 57865
22 3 166
10 13 2626864
8 21 35256
11 0 954876
9 16 7021593
14 15 98
12 11 367840
15 14 5968
2 17 949
0 1 2554852
3 12 10860
1 12 1210561
4 15 47241
2 11 175954
3 18 3355
6 13 2510919
4 21 4492
7 8 21706958
20 16 5853043
18 0 49282461
21 21 58214
12 2 73242
13 3 1600
1 5 74083
6 4 202208
7 1 2446164
5 17 3717
19 2 161
20 5 52813
18 21 119071
8 3 1144
9 2 124094
11 20 435396
14 3 38
13 22 3100
3 0 33857
6 17 102974
19 11 198079
7 20 540633
22 20 60488
20 12 1620767
18 12 20670
21 1 724917
9 11 72971
10 0 1171021
8 16 2128
11 13 527981
0 22 1223223
12 14 9760
15 3 3624
13 15 75830
2 20 83095
0 12 241878
3 9 216
1 9 742278
4 2 3523
2 14 4825
5 3 441
16 5 1624
6 8 215976
19 16 11518
17 0 440134
7 13 402722
20 11 773273
18 7 51893
22 1 32943
9 12 105100
10 11 493430
11 2 7002
9 22 543758
14 13 332457
12 5 12055
10 21 1166715
15 8 529168
13 8 276710
0 3 13224
3 14 168
1 2 494062
4 9 195
2 9 40
5 12 15261
3 20 513674
5 22 136
20 18 11531440
16 18 2216
21 19 104477
17 19 1352703
14 20 424256
13 1 14711449
2 0 1784638
