443
7 3 13971
16 9 169137
19 4 9355778
17 20 454955
22 19 55744
20 7 1699028
18 19 7317868
21 6 66409
8 5 13224
9 0 127047
10 7 117519
0 17 803443
14 1 8077
12 17 4815
15 4 16735709
13 20 1653300
3 2 2644
4 5 1734
16 0 76241
19 13 597385
17 13 12086
7 22 10282
18 10 79686
21 15 243056
9 9 31122
8 18 1591
11 15 49833
9 19 200794
12 8 9524
1 21 42229
15 13 38881
13 13 278441
2 18 2920
3 11 1500
1 15 144525
2 12 50240
5 1 20104
3 17 166
16 7 233414
19 18 492
17 6 6212
7 15 1380617
20 21 154296
18 5 350
21 8 53461
22 7 7276
10 9 4680
11 4 11102
9 20 4830242
14 19 186350
12 7 28909
10 19 671024
15 10 13437
13 6 134696
0 5 3631416
1 0 2823782
2 7 12295
5 10 4852
3 22 364
6 1 2047
7 4 89064
5 20 298641
16 20 3589021
21 17 8171
19 1 350366
17 17 4070
18 22 1472
8 0 2233626
15 19 22315982
11 19 66456
12 20 322919
6 18 12606
19 6 9437
17 10 9163
20 1 3328732
18 17 5838
21 4 3919
8 7 4289046
9 6 63199
10 5 48520
11 8 202132
0 19 2778942
14 7 155797
12 19 31971
1 18 23658
15 6 14468
13 18 27211
0 9 30127
4 7 192219
5 6 4040
16 2 3953
6 21 595593
19 15 49100576
17 3 3275
7 16 19751
20 8 22951653
18 8 117080
21 13 84926
22 2 97
9 15 837657
10 12 720
8 20 3180375
11 1 364959
9 17 27361
12 10 12047
10 22 1160
15 15 1457608
13 11 13628
2 16 1345
0 0 38779640
3 13 1866
1 13 1302588
2 10 3130
5 15 49981
3 19 17040
6 12 33977
4 20 1816230
19 20 4280885
17 4 19867
7 9 2585
18 3 1747
21 22 477
22 5 144
11 6 17673
12 1 143265
10 17 53169
15 20 295364
13 4 8358
0 7 1611086
5 8 128333
6 7 5185392
4 19 9513033
7 6 13912
5 18 1500
16 22 125
19 3 3966
20 4 24398
18 20 53483571
8 2 17053
9 3 2000
11 21 14626
14 2 438
12 22 1756
3 1 25157
16 13 6821
6 16 450717
19 8 58267
17 8 31018
7 21 117278
20 3 1457
18 15 905092
21 2 28085
8 9 48993
9 4 2413
10 3 11161
11 10 240010
0 21 61694
12 13 3464587
1 16 3492
15 0 10336582
13 16 45025
0 11 69490
3 6 90304
4 1 727767
5 4 76956
16 4 48
17 1 200472
7 18 145818
20 10 289016
18 6 59240
22 0 12678
9 13 387164
8 22 82495
11 3 431
14 12 948
12 4 106
10 20 2528609
15 9 153184
13 9 2620
0 2 198941
1 3 4370
4 8 46936
2 8 14319
5 13 782850
3 21 9874
6 2 663495
4 22 106
19 22 28257
20 17 1764139
18 1 183145
16 17 72
21 20 2035631
12 3 1797
13 2 146401
1 4 218684
2 3 248
6 5 278349
7 0 136554
5 16 4080
16 8 2862
19 5 7383
17 21 45046
22 18 111
20 6 341970
18 18 119038
21 7 217627
8 4 44870
9 1 5430851
0 16 128329
14 0 37114
12 16 61329
15 5 5722
13 21 93390
16 15 183477
6 22 84585
19 10 25876
20 13 670956
18 13 458345
21 0 452176
22 15 13290
9 10 39903
10 1 1203
11 12 16635
12 15 11147
1 22 4444
15 2 585900
13 14 28
2 21 87875
0 13 632078
3 8 1598
1 8 264273
4 3 129
2 15 11240
5 2 52
16 6 10231
6 9 31173
19 19 33208607
17 7 12832
7 12 512072
20 20 2376046
18 4 15030
21 9 81406
22 6 27130
10 8 115686
11 5 110549
9 21 48617
12 6 23906
10 18 10003
13 7 7346671
0 4 107425
1 1 5550
4 10 1965
2 6 11946
5 11 7180
6 0 1423426
7 5 3211
5 21 8074
20 19 954860
16 19 174869
21 18 21421
17 18 38
14 21 82
15 16 5545158
13 0 10873181
11 16 4035
2 1 134215
7 2 50275
16 10 8967
19 7 750484
22 16 1500
20 0 7912154
18 16 9397
21 5 15356
8 6 12004
22 10 441
9 7 848066
10 4 30556
11 9 168
0 18 11243
14 6 118
12 18 31012
1 19 982654
15 7 3201289
13 19 142938
0 8 366160
4 6 2623
5 7 692684
16 1 23332
6 20 5616158
17 12 1626
7 17 8587
20 15 3052563
8 13 15990
22 13 4206
9 8 41774
10 15 3107665
8 19 7777536
9 18 15664
14 9 395
12 9 6198
1 20 1889101
13 12 254520
2 19 89155
0 15 245013
3 10 32504
4 13 3961
2 13 43436
5 0 11233073
3 16 1500
6 15 7918358
19 21 4880
17 5 2311
20 22 14537
18 2 14721
22 4 153
11 7 33034
12 0 1091366
10 16 57547
15 21 188
13 5 1596380
0 6 381728
1 7 534660
2 4 2925
5 9 281384
6 6 284905
4 18 48
7 7 2519890
5 19 743479
16 21 5577
21 16 3604
19 0 1928583
17 16 2400
8 1 130888
15 18 1433477
11 18 2313
12 21 32996
16 12 6348
6 19 2507032
19 9 82417
17 9 85
20 2 93865
21 3 747
22 8 5086
9 5 619
10 2 75590
0 20 5529201
12 12 2227
1 17 354627
15 1 65109
13 17 15676
2 22 52
0 10 259591
3 7 40305
1 11 30731
4 0 1069245
16 3 215
17 2 4580
7 19 1657897
20 9 243647
18 9 144388
21 12 44698
8 15 37277397
22 3 9192
10 13 5478241
8 21 9630
11 0 820112
9 16 8133
14 15 641
12 11 5779
13 10 206689
2 17 80
0 1 3666556
3 12 2480
1 12 52881
4 15 33794611
3 18 4472
6 13 16457097
4 21 159
7 8 14149
20 16 1653711
18 0 3715317
21 21 77664
12 2 10038
13 3 1086
1 5 158224
6 4 205562
7 1 233932
5 17 61147
19 2 2628
20 5 3188
18 21 18321
8 3 94
9 2 616388
11 20 479281
13 22 937
3 0 44084
17 15 1252489
7 20 2888051
22 20 44163
20 12 81953
21 1 1013411
8 10 450429
10 0 218137
8 16 4752
11 13 55406
0 22 37196
14 10 3025
15 3 1035
13 15 11265
2 20 322704
0 12 52637
1 9 4636
4 2 265
16 5 172
6 8 683185
19 16 4243
17 0 54541
7 13 4532561
18 7 4633556
21 10 62442
22 1 12897
9 12 21836
11 2 47121
9 22 277
14 13 56249
12 5 386
10 21 79335
15 8 33889894
13 8 28543
0 3 263539
1 2 384238
4 9 56758
5 12 1710
3 20 315421
6 3 27137
7 10 162133
5 22 64
20 18 1064433
21 19 260610
17 19 488561
14 20 2639736
13 1 2297560
2 0 5378020
