465
7 3 18715
16 9 231449
19 4 12677177
17 20 2903941
22 19 443294
20 7 2174156
18 19 6116407
21 6 84987
8 5 14082
9 0 146229
10 7 1333104
0 17 840641
14 1 10505
12 17 18559
15 4 14874914
13 20 2859519
3 2 22444
4 5 34205
16 0 92704
19 13 232272
17 13 232908
7 22 42911
18 10 121840
21 15 600711
9 9 21666
8 18 10637
11 15 233083
9 19 319852
14 8 2680
12 8 7955
1 21 66655
15 13 313821
13 13 441691
2 18 14952
3 11 96802
1 15 434105
2 12 400620
5 1 26491
3 17 3040
16 7 364814
6 14 40
19 18 688
17 6 57106
7 15 5124388
20 21 1810666
18 5 43701
21 8 45947
22 7 39942
10 9 76265
11 4 32821
9 20 5997964
14 19 169215
12 7 444141
10 19 1500089
15 10 42069
13 6 529367
0 5 9952114
1 0 3322419
2 7 76231
5 10 6403
3 22 1420
6 1 6151
7 4 12812
5 20 700444
16 20 3087457
21 17 70198
19 1 798732
17 17 6499
18 22 44112
8 0 1617569
15 19 32511202
11 19 90715
12 20 633692
6 18 281230
19 6 73728
17 10 602304
20 1 3986069
18 17 30609
21 4 15621
8 7 4864426
9 6 235390
10 5 314147
11 8 193839
0 19 3651501
14 7 213155
12 19 178966
1 18 53745
15 6 91410
13 18 53244
0 9 255398
3 4 7444
4 7 185648
5 6 34790
16 2 4488
6 21 2762883
19 15 54888468
17 3 356
7 16 30554
20 8 23919114
18 8 175541
21 13 453497
22 2 658
9 15 1269583
10 12 337
8 20 3355609
11 1 560363
9 17 30561
12 10 447968
10 22 98243
15 15 4099701
13 11 22442
2 16 19349
0 0 49278311
3 13 19781
1 13 2097968
2 10 17855
5 15 37774
3 19 425581
6 12 13997
4 20 2181291
19 20 5352967
17 4 143861
7 9 1987001
18 3 8537
21 22 7449
22 5 554
11 6 462526
14 17 17200
12 1 2074419
10 17 1403064
15 20 1055278
13 4 38322
0 7 3251550
1 6 88
2 5 132218
5 8 15390
6 7 15173214
4 19 8639839
7 6 58312
5 18 7260
16 22 1452
19 3 36933
20 4 39543
18 20 64927544
8 2 5058
9 3 2751
11 21 316785
14 2 10383
12 22 18168
3 1 122434
16 13 34556
6 16 562920
19 8 79628
17 8 291963
7 21 642728
20 3 19052
18 15 1799574
21 2 69203
8 9 88413
9 4 32435
10 3 108446
11 10 38186
0 21 1170641
12 13 2550467
1 16 353734
15 0 20116685
13 16 33904
0 11 362307
3 6 17387
4 1 28344
5 4 42678
16 4 212
17 1 721749
7 18 11003
20 10 292524
18 6 165326
22 0 10588
9 13 860893
8 22 302462
11 3 10718
14 12 31240
12 4 40
10 20 8652375
15 9 1088107
13 9 53849
0 2 659295
3 15 12467
1 3 35293
4 8 81297
2 8 9766
5 13 494150
3 21 665848
6 2 1293580
4 22 1581
19 22 24369
20 17 1067107
18 1 844128
16 17 6340
21 20 2491594
12 3 16378
13 2 700473
1 4 28338
2 3 2436
6 5 1126307
7 0 4099504
5 16 15024
16 8 3248
19 5 971
17 21 19025
22 18 455
20 6 1535738
18 18 672029
21 7 402930
8 4 50255
9 1 7966431
0 16 49389
14 0 78860
12 16 9002
15 5 31759
13 21 428295
16 15 230504
6 22 233184
19 10 24318
22 21 4056
20 13 1324130
18 13 941787
21 0 232017
22 15 181780
9 10 61854
10 1 4161
11 12 123891
12 15 195131
1 22 32793
15 2 581409
13 14 1615
2 21 53172
0 13 958875
3 8 21156
1 8 2985517
4 3 303
2 15 187512
5 2 7177
16 6 18570
6 9 50693
19 19 40150558
17 7 91826
7 12 901791
20 20 2760546
18 4 98208
21 9 228006
22 6 5680
10 8 153570
11 5 72998
9 21 224791
12 6 224488
10 18 20923
13 7 1720524
0 4 249901
1 1 288377
4 10 6177
2 6 136049
5 11 1830
6 0 3674110
4 16 160
7 5 1719855
5 21 86774
20 19 1958212
16 19 216926
21 18 15414
17 18 1944
14 21 1748
15 16 7629509
13 0 16490389
11 16 1017
2 1 371819
7 2 330134
16 10 27942
19 7 576943
17 11 1500
22 16 3048
20 0 15555155
18 16 7058
21 5 165908
8 6 21352
22 10 9336
9 7 770170
10 4 89596
11 9 1178
0 18 27289
14 6 40
12 18 37764
1 19 1012982
15 7 2508384
13 19 328308
0 8 413648
3 5 269701
4 6 48599
5 7 934310
16 1 37467
6 20 13070401
17 12 242913
7 17 557575
20 15 9846109
8 13 27989
22 13 8548
9 8 17732
10 15 9810188
8 19 6471120
9 18 25010
14 9 2747
12 9 43690
1 20 6886415
13 12 4971937
2 19 34873
0 15 559985
3 10 33162
1 14 1500
4 13 257249
2 13 85099
5 0 13962964
3 16 1460
6 15 13704123
19 21 5421
17 5 4729
20 22 170087
18 2 128295
22 4 1788
11 7 63247
14 16 40
12 0 2749189
10 16 454143
15 21 230603
13 5 7190829
0 6 471713
1 7 941786
2 4 165352
5 9 292265
6 6 123380
4 18 4534
7 7 3594946
5 19 1193256
16 21 10234
21 16 32508
19 0 3003689
17 16 754
8 1 1132930
15 18 3913253
11 18 4621
12 21 374449
16 12 36173
6 19 3780745
19 9 113791
17 9 293
20 2 3078296
21 3 11812
22 8 39584
9 5 13285
10 2 633819
0 20 7372193
14 4 1660
12 12 2352
1 17 216058
15 1 331763
13 17 115662
2 22 2064
0 10 508365
3 7 100051
1 11 137473
4 0 1334191
16 3 1559
17 2 22968
7 19 255687
20 9 721163
18 9 183394
21 12 110079
8 15 38772109
22 3 365
10 13 6618745
8 21 6557
11 0 2249286
9 16 36611
14 15 14218
12 11 15368
13 10 553753
2 17 520934
0 1 3932568
3 12 115857
1 12 331730
4 15 28672405
2 11 516
3 18 5920
6 13 24857855
4 21 53826
7 8 77956
20 16 3558005
18 0 4191980
21 21 365098
14 22 1921
12 2 1616326
13 3 4016
1 5 249660
6 4 365585
7 1 912091
5 17 1443
19 2 5117
20 5 123048
18 21 151981
8 3 220
9 2 344824
11 20 536840
14 3 1342
13 22 32857
3 0 508558
17 15 3142835
7 20 3689125
22 20 47728
20 12 2696759
21 1 194617
8 10 512266
10 0 767601
8 16 1748
11 13 339461
0 22 297543
14 10 1452
15 3 26686
13 15 164968
2 20 1380492
0 12 1274945
3 9 48
1 9 28023
4 2 4829
2 14 17920
5 3 6605
16 5 118314
6 8 845929
19 16 3815
17 0 787291
7 13 4985809
18 7 5764624
21 10 33752
22 1 46552
9 12 88303
11 2 41559
9 22 5764
14 13 44862
12 5 9851
10 21 735218
15 8 39531971
13 8 73630
0 3 1432328
1 2 995524
4 9 36663
2 9 1500
5 12 68228
3 20 675656
6 3 324837
7 10 239059
5 22 1166
20 18 2405614
16 18 1600
21 19 288647
17 19 742130
14 20 2813437
13 1 4771493
2 0 4058498
