427
7 3 9566
16 9 110114
19 4 11324585
17 20 1388168
22 19 4715491
20 7 1398228
18 19 9077812
21 6 166016
8 5 37330
9 0 414105
11 22 14778
0 17 264520
14 1 28019
12 17 16646
15 4 13603893
13 20 2270799
3 2 2400
4 5 4729
16 0 228925
19 13 643151
17 13 43144
7 22 62016
18 10 298709
21 15 779543
8 18 12780
11 15 199037
9 19 256220
14 8 6791
12 8 1076
1 21 1830170
15 13 55792
3 11 1420
1 15 130808
2 12 219840
5 1 58620
3 17 12335
16 7 320497
19 18 7234
17 6 38596
7 15 54384449
20 21 1839925
18 5 15675
21 8 80831
22 7 12182
11 4 78229
9 20 2911759
14 19 279343
12 7 1125143
15 10 31544
13 6 513161
0 5 11665301
1 0 2345682
2 7 79445
5 10 10152
3 22 1594
6 1 40262
7 4 118272
5 20 748051
16 20 3596942
21 17 16828
19 1 487589
18 22 1182433
8 0 3672701
15 19 27427270
11 19 58956
12 20 383807
6 18 86232
19 6 204495
17 10 531088
20 1 4119488
18 17 44520
21 4 55953
8 7 4743925
9 6 120283
11 8 174375
0 19 3347623
14 7 221600
12 19 25589
1 18 33616
15 6 155656
13 18 99543
0 9 76448
3 4 5760
4 7 296964
5 6 14936
16 2 5833
6 21 5012104
19 15 64432137
17 3 829
7 16 1198823
20 8 27115406
18 8 112779
21 13 225952
22 2 1976
9 15 766639
8 20 3834441
11 1 1136050
9 17 30087
12 10 63696
13 11 29607
2 16 860
3 13 46650
1 13 2197946
2 10 40169
5 15 101064
3 19 12665
6 12 5892
4 20 2450012
19 20 6660862
17 4 10859
7 9 1499803
18 3 10998
21 22 12292
22 5 456
11 6 145516
14 17 234
12 1 3211810
15 20 955414
13 4 69235
0 7 3981785
1 6 127
2 5 320434
5 8 15384
6 7 5060342
4 19 8616320
7 6 39145
5 18 193
16 22 1568
19 3 3332
20 4 319917
18 20 78397407
8 2 382
9 3 14436
11 21 63876
14 2 389
12 22 3152
3 1 322257
16 13 61143
6 16 1191136
19 8 127958
17 8 111004
7 21 63461522
20 3 23858
18 15 1995938
21 2 48659
8 9 92490
9 4 5018
11 10 430431
0 21 907061
12 13 295697
1 16 210312
15 0 20542470
13 16 26292
0 11 677352
3 6 95167
1 10 1478
4 1 102793
5 4 6199
16 4 138
17 1 640554
7 18 316125
20 10 434892
18 6 150650
22 0 86318
9 13 316684
8 22 11040
11 3 1103
14 12 6168
12 4 3452
15 9 585970
13 9 108569
0 2 946814
3 15 1500
1 3 6949
4 8 866878
2 8 1788
5 13 686923
3 21 135244
6 2 1418934
4 22 12260
19 22 91226
20 17 407277
18 1 353256
16 17 2068
21 20 3533520
12 3 14482
13 2 457279
1 4 81467
2 3 16876
6 5 1307440
7 0 28811592
16 8 3271
19 5 6910
17 21 55012
22 18 1732
20 6 545259
21 7 2686695
8 4 197988
9 1 5853712
0 16 82891
14 0 63989
12 16 3607
15 5 1590
13 21 571811
16 15 343915
6 22 112078
19 10 87397
22 21 385
20 13 2898839
18 13 713802
21 0 226001
22 15 151108
9 10 56296
11 12 89722
14 11 2580
12 15 197646
1 22 80919
15 2 427316
13 14 80
2 21 100553
0 13 1459273
3 8 13592
1 8 1822173
4 3 1564
2 15 484858
5 2 13534
16 6 20982
6 9 133159
17 7 11393
7 12 3881901
18 4 118524
21 9 292394
22 6 6471
11 5 28058
9 21 910556
14 18 40
12 6 117994
13 7 4067139
0 4 74164
4 10 10476
2 6 62121
6 0 3530730
4 16 41
7 5 1474971
5 21 96131
20 19 1451199
16 19 407158
21 18 34515
17 18 1687
14 21 5641
15 16 5272282
13 0 15610437
11 16 5249
2 1 155059
7 2 51673
16 10 17410
19 7 907785
17 11 5349
22 16 1500
20 0 15309810
18 16 18529
21 5 332687
8 6 88808
22 10 24104
9 7 7958796
11 9 2061
0 18 32810
14 6 4575
12 18 10169
1 19 2272532
15 7 2334765
13 19 220394
0 8 471524
3 5 140
4 6 23186
5 7 1025966
16 1 27865
6 20 24750085
17 12 56710
7 17 21221
20 15 6544925
21 14 5048
8 13 298186
22 13 82868
9 8 86091
8 19 10218154
9 18 22708
14 9 80
12 9 48811
1 20 13172673
13 12 710100
2 19 7901
0 15 3006391
3 10 42809
4 13 27738
2 13 149470
5 0 16487787
3 16 104
6 15 28614896
19 21 49142
17 5 2876
20 22 21067
18 2 6567
22 4 13947
11 7 25379
12 0 4014200
15 21 7776
13 5 8015709
0 6 1344303
1 7 662227
2 4 321
5 9 245724
4 18 25232
5 19 1135326
16 21 18373
21 16 44956
19 0 3474438
17 16 3290
8 1 313086
15 18 2361001
11 18 26480
12 21 109321
16 12 8016
6 19 5008469
19 9 122152
20 2 235679
21 3 3086
22 8 34963
9 5 507415
0 20 6622854
14 4 576
1 17 3995057
15 1 133063
13 17 41979
2 22 207
0 10 514823
3 7 17148
1 11 117779
4 0 968948
16 3 104
17 2 228436
7 19 561465
20 9 998818
18 9 251949
21 12 149870
8 15 45871198
8 21 10246
11 0 2509776
9 16 11177
14 15 4560
12 11 2245
13 10 790821
2 17 9645
0 1 4137601
3 12 4469
1 12 175365
4 15 33846378
2 11 48
3 18 9058
6 13 30137306
4 21 21020
7 8 70773
20 16 1905308
18 0 5254969
12 2 611968
13 3 800
1 5 71505
6 4 502059
7 1 942450
5 17 85657
19 2 128
20 5 245429
18 21 150446
8 3 865
9 2 99507
11 20 982656
13 22 2387
3 0 284170
17 15 2036476
7 20 2716723
22 20 193917
20 12 553472
21 1 954639
8 10 32589
8 16 7697
11 13 101778
0 22 266165
14 10 141
15 3 4052
13 15 66418
2 20 205984
0 12 1524543
1 9 47195
4 2 460
5 3 224
16 5 104
6 8 1252299
19 16 1732
17 0 64497
7 13 6908632
18 7 7286360
21 10 70224
22 1 43565
9 12 5091175
11 2 8552
9 22 2700
14 13 42544
12 5 392845
15 8 36478330
13 8 44557
0 3 1191086
1 2 243929
4 9 62554
2 9 167
5 12 36013
3 20 848362
6 3 625688
7 10 64020
5 22 1091
20 18 2358054
16 18 3263
21 19 439072
17 19 145744
14 20 3448302
13 1 3792977
11 17 348432
2 0 4081294
