441
7 3 2790
16 9 5257
19 4 14044128
17 20 82631
22 19 42260
20 7 99240
18 19 191026
21 6 1362900
8 5 88302
9 0 2980336
10 7 44561
0 17 1560291
14 1 2068
12 17 61137
15 4 475841
13 20 2346538
4 5 333
16 0 4434494
19 13 310285
17 13 211133
7 22 20996
21 15 30895
8 12 155258
22 12 1280
9 9 1272392
8 18 17958
11 15 3940
9 19 45902
14 8 40
12 8 173833
1 21 1033488
15 13 198781
13 13 58678
2 18 6294
3 11 65448
1 15 643295
4 12 5637
2 12 413499
5 1 23878
3 17 7362
16 7 13960
19 18 110302
17 6 928607
7 15 716463
20 21 1844322
18 5 35999
21 8 46658
22 7 4899
10 9 91077
11 4 85337
9 20 1433639
14 19 197
12 7 1022929
10 19 80383
13 6 9872091
0 5 106035
1 0 5261244
4 11 57862
2 7 26986
3 22 1500
4 17 52257
7 4 12891565
5 20 6088447
16 20 1860399
21 17 8222
19 1 909386
18 22 1139
8 0 39261129
15 19 531639
11 19 1436724
12 20 1231466
16 11 2705
6 18 114999
19 6 1445859
20 1 1421336
18 17 458542
21 4 13494
8 7 46993
9 6 3436343
10 5 558883
11 8 500728
0 19 722150
14 7 224
12 19 80971
1 18 573517
15 6 758037
13 18 424898
0 9 615178
3 4 4480
4 7 62084
5 6 120728
16 2 336
6 21 841746
19 15 343821
17 3 21601
7 16 11409
20 8 23013612
18 8 359202
21 13 1431276
9 15 253759
10 12 375951
8 20 16073435
11 1 519485
9 17 7406
10 22 61553
15 15 5015
13 11 356818
0 0 34481212
3 13 6675
1 13 8557946
5 15 308
3 19 87624
6 12 2986820
4 20 12866870
19 20 25276891
17 4 420735
7 9 21965
18 3 156
21 22 140649
22 5 4865
11 6 1478316
14 17 120
12 1 524466
10 17 1299149
15 20 393921
13 4 106599
0 7 820240
2 5 5107
5 8 13812
6 7 6823011
4 19 14625405
7 6 1552164
5 18 23208
19 3 3469
20 4 20518
18 20 21719591
8 2 434212
11 21 74304
14 2 154
12 22 581
3 1 16554
16 13 888387
6 16 87416
19 8 255633
17 8 105632
7 21 333292
20 3 4987
18 15 12795
21 2 23234
8 9 5994
9 4 2192
0 21 1087220
14 5 38
12 13 911910
1 16 318955
15 0 390710
13 16 564029
0 11 4232802
3 6 1225
4 1 41140
5 4 3163
16 4 52
6 11 317615
19 17 177576
17 1 224814
7 18 39213
18 6 537597
21 11 75097
22 0 399362
9 13 311410
8 22 136142
11 3 4121
14 12 178
12 4 27590
10 20 3051871
15 9 40
13 9 7320
0 2 823347
3 15 16150
1 3 14776
4 8 125191
2 8 39424
5 13 4544148
3 21 32736
6 2 5797079
4 22 23714
19 22 10347
7 11 37736
20 17 54081
18 1 270721
21 20 743299
12 3 948
13 2 21299
1 4 369678
2 3 40
6 5 150373
7 0 6884113
5 16 184
16 8 3066
19 5 16207
17 21 7191
22 18 14217
20 6 5416251
18 18 208132
21 7 533405
8 4 55490
9 1 301520
0 16 391946
14 0 386802
12 16 25050
15 5 216
13 21 340239
16 15 4552
6 22 133259
22 21 3382
20 13 2788678
18 13 12240609
21 0 2550715
8 11 655020
8 17 75506
11 12 110615
14 11 44
12 15 217466
1 22 171714
15 2 540244
2 21 31800
0 13 7069404
3 8 708
1 8 1930224
4 3 40
2 15 400613
5 2 6432
16 6 505419
6 9 7791
19 19 38690348
17 7 28351
7 12 68517
20 20 70297
18 4 213686
21 9 2638692
22 6 376144
10 8 77559
11 5 69567
9 21 1883527
14 18 320
12 6 1808510
10 18 210866
13 7 439896
0 4 372428
2 6 5362649
5 11 76066
6 0 1355823
7 5 1340922
5 21 18059
20 19 1213524
16 19 12108
21 18 13422
17 18 78674
14 21 1570
15 16 57859
13 0 13482848
11 16 45145
2 1 355181
7 2 708
19 7 52086
22 16 220
20 0 1093034
18 16 23628
21 5 144896
8 6 479010
9 7 141484
10 4 195594
11 9 24891
0 18 116751
14 6 9691
12 18 209848
1 19 5913863
15 7 1349389
13 19 130394
0 8 611245
3 5 5329
4 6 201086
5 7 163769
16 1 11579
6 20 14374374
19 12 27146
17 12 2680
7 17 5333
20 15 717587
18 11 106005
8 13 516141
22 13 12533
9 8 16474
10 15 143490
8 19 18046520
9 18 12454367
12 9 11403
1 20 6302804
15 12 167265
13 12 648786
2 19 22587
0 15 851129
4 13 24124
2 13 26479
5 0 13053147
3 16 240
6 15 235272
19 21 6080
17 5 13721
20 22 11986
18 2 36584
22 4 22213
11 7 8403
12 0 320375
10 16 111580
15 21 8844
13 5 5993783
0 6 8300487
1 7 217797
2 4 40
5 9 29495
4 18 8905
7 7 3115280
5 19 6062
16 21 6479
21 16 13227
19 0 48104289
17 16 80
8 1 370276
15 18 8338
11 18 114934
12 21 159736
16 12 5769
6 19 261835
19 9 17383
17 9 5503
20 2 803216
21 3 38350
22 8 106055
9 5 7806314
10 2 66540
0 20 11045565
12 12 75288
1 17 2388852
15 1 123991
13 17 254460
3 7 7450
1 11 2761538
4 0 29272000
16 3 5680
17 2 18762
7 19 22442211
20 9 743412
18 9 82212
21 12 59058
8 15 88675
22 3 52
10 13 1985486
8 21 28014
11 0 3221738
9 16 3552440
14 15 148
12 11 275187
2 17 1956
0 1 3786959
3 12 10223
1 12 725719
4 15 42466
2 11 33518
3 18 1675
6 13 4577225
4 21 14303
7 8 26021579
20 16 3801602
18 0 51233142
21 21 105527
12 2 92429
13 3 48
1 5 405027
6 4 30091
7 1 721813
5 17 3633
19 2 10332
20 5 27089
18 21 127862
8 3 63
9 2 220409
11 20 1311943
13 22 92824
3 0 57483
6 17 214906
19 11 641785
7 20 1999842
22 20 19485
20 12 1617739
18 12 22251
21 1 95536
9 11 62826
10 0 2162531
8 16 1709
11 13 764390
0 22 362267
15 3 17174
13 15 78209
2 20 36741
0 12 82453
3 9 146
1 9 505782
4 2 193
5 3 1721
16 5 1500
6 8 165806
19 16 2586
17 0 695946
7 13 549239
20 11 417212
18 7 43496
22 1 14921
9 12 189497
10 11 317917
11 2 18027
9 22 13041
14 13 168287
12 5 383097
10 21 502188
15 8 293911
13 8 300302
0 3 6205
1 2 1272542
4 9 6884
2 9 552
5 12 6033
3 20 2318
5 22 272
20 18 13197439
16 18 3700
21 19 42816
17 19 1347145
14 20 205497
13 1 1990667
2 0 2002425
