423
7 3 8093
16 9 137411
19 4 8684253
17 20 927470
22 19 114612
20 7 133834
18 19 5865881
21 6 100872
8 5 4215
9 0 226983
10 7 170033
0 17 249444
14 1 2343
12 17 8685
15 4 6497295
13 20 32754760
3 2 1480
4 5 2082
16 0 28937
19 13 124997
17 13 23532
7 22 11362
18 10 127300
21 15 490696
8 18 1720
11 15 11148
9 19 229823
14 8 154
12 8 3708
1 21 101439
15 13 9403
2 18 216
1 15 86168
2 12 45547
5 1 13176
16 7 209276
19 18 3412
17 6 27694
7 15 17383376
20 21 397882
18 5 39922
21 8 56239
22 7 5242
10 9 2478
11 4 15716
9 20 3506890
14 19 155908
12 7 172866
10 19 594101
15 10 11321
13 6 374610
0 5 4123032
1 0 2994607
2 7 14043
5 10 1717
3 22 1500
6 1 318
7 4 252
5 20 435371
16 20 4138817
21 17 18933
19 1 202687
18 22 6244
8 0 1419355
15 19 17482532
11 19 31808
12 20 507479
6 18 68376
19 6 80512
17 10 212496
20 1 2337404
18 17 4470
21 4 16636
8 7 3515215
9 6 42533
10 5 1022906
11 8 189665
0 19 2441327
14 7 337708
12 19 14339
1 18 11740
15 6 42305
13 18 32427
0 9 25840
4 7 261249
5 6 19366
16 2 7606
6 21 2411090
19 15 50151012
7 16 516450
20 8 21259218
18 8 162098
21 13 187230
22 2 6108
9 15 2205786
10 12 1584
8 20 3244832
11 1 489464
9 17 1814
12 10 20133
10 22 5939
13 11 9085
2 16 5489
3 13 156
1 13 602553
2 10 3482
5 15 15907
3 19 8069
6 12 2716
4 20 1674006
19 20 3644574
17 4 27780
7 9 9098
18 3 1520
21 22 1577
22 5 170
11 6 112784
12 1 910948
10 17 607038
15 20 196645
13 4 11897
0 7 3587134
2 5 1536
5 8 10234
6 7 2588329
4 19 9189611
7 6 129257
5 18 280
16 22 148
20 4 18165
18 20 61875494
8 2 576
9 3 2523
11 21 40621
14 2 382
12 22 157
3 1 21777
16 13 13967
6 16 907477
19 8 455509
17 8 18868
7 21 125807109
20 3 6901
18 15 3180376
21 2 24802
8 9 47452
9 4 1129
10 3 24801
11 10 1193046
0 21 110160
14 5 248
12 13 146463
1 16 18506
15 0 11965742
13 16 24563
0 11 78581
3 6 252084
4 1 83085
5 4 26300
16 4 127
17 1 300490
7 18 127676
20 10 370025
18 6 55493
22 0 7411
9 13 117971
8 22 5280
11 3 116
14 12 533
12 4 27120
10 20 2875953
15 9 400387
13 9 10139
0 2 364995
1 3 2114
4 8 23961
2 8 523
5 13 269276
3 21 2442803
6 2 427441
4 22 88
19 22 5888
20 17 120842
18 1 250463
16 17 228
21 20 2489783
12 3 13414
13 2 47961
1 4 44963
2 3 22685
6 5 116669
7 0 22762155
16 8 96
19 5 5439
17 21 6356
22 18 1676
20 6 535925
21 7 3098740
8 4 15148
9 1 3573563
0 16 93190
14 0 340084
12 16 4211
15 5 159
13 21 87693
16 15 451062
6 22 158402
19 10 21667
22 21 382
20 13 1227143
18 13 234221
21 0 120523
22 15 32833
9 10 34105
10 1 53692
11 12 29120
12 15 8279
1 22 6400
15 2 562675
2 21 60283
0 13 1747753
1 8 621297
2 15 27420
5 2 870
16 6 14391
6 9 55856
17 7 18738
7 12 503252
18 4 4104
21 9 93757
22 6 3260
10 8 123595
11 5 12968
9 21 74791
14 18 40
12 6 208819
10 18 3185
13 7 3175627
0 4 56758
4 10 12102
2 6 36467
5 11 8962
6 0 1342370
4 16 120
7 5 1359689
5 21 6450
20 19 902618
16 19 115565
21 18 11169
17 18 3080
14 21 1740
15 16 6974232
13 0 9444838
11 16 2313
2 1 1698399
7 2 5501
16 10 19217
19 7 742687
17 11 1629
22 16 1468
20 0 10084618
18 16 757
21 5 14645
8 6 52623
22 10 4873
9 7 4126412
10 4 5385
11 9 31620
0 18 14523
14 6 3122
12 18 14991
1 19 226067
15 7 2582871
13 19 59356
0 8 147932
4 6 22318
5 7 1102790
16 1 25981
6 20 6259861
17 12 2135
7 17 6390
20 15 6114973
8 13 26669
22 13 609
9 8 6745
10 15 1936205
8 19 5552758
9 18 19157
14 9 165
12 9 82638
1 20 1922992
13 12 866020
2 19 188822
0 15 133813
3 10 29410
4 13 6884
2 13 27203
5 0 14041058
6 15 8097437
19 21 340
20 22 10082
18 2 8447
11 7 9479
12 0 1275538
10 16 352022
13 5 2743103
0 6 345073
1 7 1616980
2 4 3213
5 9 177426
4 18 135
5 19 1127145
16 21 7013
21 16 14785
19 0 1757929
17 16 2840
8 1 126213
15 18 1257887
11 18 1664
12 21 297740
16 12 7455
6 19 2075187
19 9 172560
20 2 58288
21 3 34049
22 8 24943
9 5 1204
10 2 382146
0 20 4334396
1 17 154713
15 1 236054
13 17 17501
2 22 197
0 10 420479
3 7 13732
1 11 52925
4 0 1699277
17 2 8282
7 19 164693
20 9 837069
18 9 54930
21 12 42067
8 15 36938479
10 13 2620048
8 21 10630
11 0 1345637
9 16 11824
14 15 493
12 11 5126
13 10 399144
2 17 628588
0 1 2789409
3 12 87988
1 12 146787
4 15 28970116
2 11 464
3 18 3395
6 13 4875067
4 21 455
7 8 26454
20 16 3491992
18 0 2360171
12 2 23306
1 5 1381
6 4 37759
7 1 476799
5 17 92
19 2 5385
20 5 66683
18 21 59736
9 2 84550
11 20 269618
14 3 40
13 22 12915
3 0 143243
17 15 1912294
7 20 2274535
22 20 56454
20 12 121221
21 1 106782
8 10 7654
10 0 700543
8 16 208
11 13 85073
0 22 5785
15 3 1704
13 15 15503
2 20 125891
0 12 358348
3 9 40
1 9 2354
4 2 578
6 8 536810
19 16 1640
17 0 306727
7 13 2373532
18 7 5118771
21 10 32060
22 1 18962
9 12 4424945
11 2 6131
9 22 1047
14 13 107119
12 5 318
10 21 1512577
15 8 28421937
13 8 245446
0 3 111930
1 2 158381
4 9 24444
2 9 193
5 12 9206
3 20 255959
6 3 40077
7 10 17636
5 22 1098
20 18 1192957
16 18 181
21 19 356845
17 19 14182
14 20 3088576
13 1 3782707
2 0 4117589
