457
7 3 13141
16 9 131200
19 4 17149736
17 20 1554265
22 19 473178
20 7 1088568
18 19 8382746
21 6 141536
8 5 100052
9 0 216814
10 7 278511
0 17 188126
14 1 6791
12 17 39347
15 4 17786785
13 20 2671367
3 2 55905
4 5 3932
16 0 318758
19 13 55086
17 13 496336
7 22 98777
18 10 115258
21 15 1126896
9 9 24057
8 18 6172
11 15 12748
9 19 553268
14 8 184
12 8 13702
1 21 116991
15 13 124875
13 13 613936
2 18 92
3 11 29685
1 15 149994
2 12 792412
5 1 35377
3 17 18056
16 7 44421
6 14 136
19 18 4134
17 6 53117
7 15 5633804
20 21 426618
18 5 37797
21 8 157310
22 7 43504
10 9 624121
11 4 148241
9 20 2390676
14 19 154645
12 7 937508
10 19 584575
15 10 81532
13 6 196704
0 5 9930222
1 0 1973774
2 7 67862
5 10 11541
3 22 323
6 1 442
7 4 52428
5 20 435750
16 20 2892782
21 17 38016
19 1 333830
17 17 3948
18 22 33608
8 0 1185000
15 19 42154638
11 19 422479
12 20 836200
6 18 163515
19 6 81221
17 10 20089
20 1 5330419
18 17 192010
21 4 30751
8 7 705224
9 6 143840
10 5 583696
11 8 175324
0 19 4373618
14 7 59154
12 19 126551
1 18 44106
15 6 61648
13 18 89316
0 9 542448
3 4 3536
4 7 246285
5 6 43792
16 2 8056
6 21 3992347
19 15 55254256
17 3 538
7 16 25304
20 8 28067151
18 8 366500
21 13 389054
22 2 11569
9 15 3663760
8 20 3879791
11 1 1263095
9 17 100876
12 10 190939
10 22 60509
15 15 5473623
13 11 56768
2 16 5861
0 0 61466289
3 13 21374
1 13 1065001
2 10 24878
5 15 41405
3 19 8860
6 12 1596
4 20 2941120
19 20 6780931
17 4 380217
7 9 538709
18 3 3888
21 22 14751
22 5 1429
11 6 239493
14 17 1480
12 1 3115499
10 17 555711
15 20 548542
13 4 644408
0 7 1338491
1 6 52
2 5 8602
5 8 29905
6 7 12621356
4 19 10001292
7 6 239031
5 18 40
16 22 2840
19 3 546
20 4 33476
18 20 84013261
8 2 41541
9 3 220384
11 21 45912
14 2 5677
12 22 10107
3 1 242170
16 13 36387
6 16 641293
19 8 127849
17 8 67070
7 21 11303473
20 3 446878
18 15 4472681
21 2 34836
8 9 39844
9 4 8138
10 3 76174
11 10 76437
0 21 918810
14 5 919
12 13 971553
1 16 17214
15 0 30746403
13 16 26310
0 11 335330
3 6 295602
4 1 82524
5 4 1672
16 4 96
17 1 291739
7 18 127337
20 10 1371600
18 6 187121
22 0 17208
9 13 204861
8 22 13313
11 3 3186
14 12 10137
12 4 93658
10 20 6378884
15 9 1408554
13 9 59894
0 2 403343
1 3 350033
4 8 81857
2 8 16340
5 13 477384
3 21 108162
6 2 1095675
4 22 20544
19 22 365574
20 17 1271379
18 1 960222
16 17 1489
21 20 3674997
12 3 24781
13 2 311379
1 4 515199
2 3 8401
6 5 594852
7 0 3558970
5 16 92
16 8 808
19 5 22160
17 21 79786
22 18 3329
20 6 1675523
18 18 181854
21 7 1800865
8 4 156750
9 1 6299502
0 16 28986
14 0 206843
12 16 14173
15 5 30445
13 21 243679
16 15 499163
6 22 606888
19 10 32045
20 13 3039720
18 13 555208
21 0 583542
22 15 328493
9 10 62143
10 1 151865
11 12 220798
14 11 48
12 15 74394
1 22 492482
15 2 595865
13 14 222
2 21 87581
0 13 1936751
3 8 54574
1 8 246357
4 3 120
2 15 21212
5 2 6053
16 6 17260
6 9 38997
19 19 47740898
17 7 9306
7 12 608268
20 20 3571034
18 4 44747
21 9 630705
22 6 52015
10 8 161713
11 5 88238
9 21 126499
14 18 448
12 6 317478
10 18 38357
13 7 5028254
0 4 345379
1 1 16874
4 10 44277
2 6 246253
5 11 7682
6 0 4478823
4 16 80
7 5 1527805
5 21 85677
20 19 3036170
16 19 147301
21 18 13543
17 18 5920
14 21 3342
15 16 8504665
13 0 18198419
11 16 21272
2 1 476321
7 2 150320
16 10 12645
19 7 545385
17 11 31693
20 0 27752018
18 16 4622
21 5 52066
8 6 229448
22 10 4627
9 7 5862449
10 4 98692
11 9 129887
0 18 87699
14 6 125
12 18 5251
1 19 870305
15 7 3200554
13 19 458994
0 8 447654
3 5 56816
4 6 10513
5 7 135296
16 1 28586
6 20 12548004
17 12 880511
7 17 64544
20 15 10035840
8 13 23045
22 13 559
9 8 193278
10 15 4864908
8 19 10852506
9 18 55347
14 9 4715
12 9 1735227
1 20 2686301
13 12 833778
2 19 61456
0 15 2072859
3 10 21338
4 13 184363
2 13 191453
5 0 15028129
3 16 915
6 15 19539704
19 21 434
17 5 56529
20 22 243778
18 2 22195
22 4 48688
11 7 247865
14 16 176
12 0 3015849
10 16 533933
15 21 47
13 5 9211960
0 6 544476
1 7 79826
2 4 3773
5 9 385452
6 6 586710
4 18 13080
7 7 17115795
5 19 1014608
16 21 8706
21 16 9175
19 0 1921433
8 1 636877
15 18 5213478
11 18 25802
12 21 643029
16 12 117087
6 19 4423218
19 9 203357
17 9 530
20 2 736221
21 3 13640
22 8 60339
9 5 17900
10 2 177516
0 20 9476241
14 4 650
12 12 2675
1 17 317907
15 1 209516
13 17 438359
2 22 2771
0 10 1080892
3 7 33646
1 11 201570
4 0 887052
16 3 2892
17 2 112212
7 19 1868089
20 9 1722753
18 9 169192
21 12 598580
8 15 43399389
10 13 2151455
8 21 11537
11 0 2303074
9 16 7841
14 15 8395
12 11 15227
13 10 182980
2 17 65898
0 1 2984240
3 12 23565
1 12 436959
4 15 32197517
2 11 1617
3 18 28486
6 13 16785165
4 21 658
7 8 238105
20 16 2789275
18 0 8141868
21 21 172472
12 2 96352
13 3 6184
1 5 33936
6 4 339667
7 1 1051725
5 17 6914
19 2 8590
20 5 453699
18 21 70820
8 3 1300
9 2 376499
11 20 1731251
13 22 30655
3 0 365962
17 15 1406549
7 20 2414479
22 20 1415297
20 12 3628619
21 1 295293
8 10 80869
10 0 949748
8 16 11226
11 13 148375
0 22 152008
14 10 92
15 3 1767
13 15 33342
2 20 254012
0 12 1044048
3 9 37108
1 9 34441
4 2 9990
5 3 2230
16 5 2396
6 8 863616
19 16 60
17 0 28262
7 13 1783641
18 7 376324
21 10 35219
22 1 61849
9 12 6200250
11 2 28468
9 22 19154
14 13 33886
12 5 9999
10 21 700961
15 8 37446174
13 8 226744
0 3 1498856
1 2 728547
4 9 22962
2 9 2892
5 12 288775
3 20 632065
6 3 805064
7 10 71791
5 22 1957
20 18 4020417
21 19 658733
17 19 177598
14 20 3062622
13 1 2345535
2 0 4914730
