432
7 3 5716
16 9 80709
19 4 8227740
17 20 587808
22 19 91531
20 7 128456
18 19 8439066
21 6 92169
8 5 22330
9 0 106702
10 7 36951
0 17 1067952
14 1 10521
12 17 4774
15 4 6307016
13 20 874039
3 2 3156
4 5 716
16 0 191068
19 13 120601
17 13 4621
7 22 499393
18 10 88302
21 15 588627
8 18 132
11 15 3309
9 19 169405
14 8 842
12 8 4788
1 21 39627
15 13 9877
2 18 2290
0 14 1339
3 11 400
1 15 105113
2 12 78731
5 1 73677
3 17 52
16 7 19020
19 18 1420
17 6 168135
7 15 3780651
20 21 94732
18 5 13261
21 8 37730
22 7 26571
10 9 503893
11 4 24645
9 20 2077754
14 19 112011
12 7 427791
10 19 71590
15 10 14789
13 6 1154318
0 5 5794410
1 0 1006218
2 7 1691585
5 10 6111
3 22 878
6 1 1954
7 4 5420
5 20 389630
16 20 1979495
21 17 10517
19 1 222372
18 22 3658
8 0 1206980
15 19 13774338
11 19 62792
12 20 100814
6 18 139129
19 6 127818
17 10 24559
20 1 2613883
18 17 138667
21 4 61216
8 7 456912
9 6 133997
10 5 27532
11 8 321231
0 19 3902343
14 7 8623
12 19 19773
1 18 17530
15 6 69627
13 18 28242
0 9 10566
4 7 535832
5 6 4391
16 2 1894
6 21 2898704
19 15 55336235
7 16 7429
20 8 17487975
18 8 127127
21 13 920507
22 2 1580
9 15 927983
10 12 47
8 20 3427186
11 1 779224
9 17 102850
12 10 77858
10 22 8114
13 11 20382
2 16 3186
3 13 127730
1 13 536431
2 10 7525
5 15 79932
3 19 17225
6 12 4372
4 20 3417512
19 20 6823263
17 4 1994
7 9 15423
18 3 403
21 22 1716
11 6 252414
14 17 45
12 1 5920942
10 17 60675
15 20 1085019
13 4 54669
0 7 1255026
1 6 52
2 5 286
5 8 9180
6 7 1695209
4 19 10217876
7 6 134179
5 18 40
16 22 56
19 3 5916
20 4 8614
18 20 76160980
8 2 2933
9 3 607
11 21 86518
14 2 238
12 22 1252
3 1 74772
16 13 3547
6 16 516111
19 8 18706
17 8 522842
7 21 63161520
20 3 1962
18 15 4116920
21 2 110853
8 9 53165
9 4 12751
10 3 20150
11 10 24130
0 21 28410
12 13 54133
1 16 50133
15 0 15064491
13 16 6372
0 11 192314
3 6 217199
1 10 18672
4 1 16404
5 4 133
16 4 121
17 1 178447
7 18 13401
20 10 1145663
18 6 304729
22 0 10032
9 13 143096
8 22 10798
11 3 274
14 12 964
12 4 10429
10 20 2282132
15 9 142144
13 9 13130
0 2 575259
1 3 774
4 8 200099
2 8 252
5 13 382972
3 21 6148
6 2 379073
4 22 5506
19 22 1923
20 17 64466
18 1 260292
16 17 191
21 20 3898075
12 3 3873
13 2 31327
1 4 7332
2 3 264
6 5 235123
7 0 3579056
16 8 40
19 5 8275
17 21 7055
22 18 7480
20 6 697058
21 7 1986596
8 4 13162
9 1 4012724
0 16 118507
14 0 128790
12 16 4697
15 5 61488
13 21 139038
16 15 190454
6 22 90405
19 10 230754
20 13 2600465
18 13 517049
21 0 194345
22 15 119712
9 10 60629
10 1 563
11 12 20883
14 11 116
12 15 33440
1 22 57647
15 2 541791
13 14 256
2 21 28178
0 13 1012948
1 8 86549
2 15 4610
5 2 1250
16 6 16711
6 9 1391
17 7 9950
7 12 1996234
18 4 59242
21 9 98876
22 6 18981
10 8 55727
11 5 35620
9 21 82940
12 6 296170
10 18 2467
13 7 4047362
0 4 112044
4 10 561229
2 6 259016
5 11 947
6 0 1547141
4 16 4260
7 5 1299523
5 21 15444
20 19 2704704
16 19 193156
21 18 7908
17 18 66
15 16 2320935
13 0 10499165
11 16 2080
2 1 1133176
7 2 586301
16 10 11246
19 7 733431
20 0 12589540
18 16 3881
21 5 129789
8 6 63055
22 10 236636
9 7 6523394
10 4 18876
11 9 1367
0 18 7025
14 6 168
12 18 4692
1 19 184148
15 7 4055797
13 19 65375
0 8 140329
4 6 18878
5 7 141609
16 1 19593
6 20 10318452
17 12 160703
7 17 3059
20 15 5770189
8 13 277997
22 13 6122
9 8 38068
10 15 3822770
8 19 8828291
9 18 36630
14 9 2984
12 9 317
1 20 1017783
13 12 232439
2 19 148694
0 15 430457
3 10 38521
4 13 10876
2 13 5166
5 0 14749403
3 16 52500
6 15 10635703
19 21 37128
17 5 60
20 22 16915
18 2 4615
22 4 1580
11 7 7696
12 0 1568418
10 16 303834
15 21 1560
13 5 4715503
0 6 1205301
1 7 38042
2 4 1035
5 9 197797
4 18 40
5 19 1067630
16 21 7443
21 16 5121
19 0 850760
17 16 80
8 1 63352
15 18 1737353
11 18 16809
12 21 77868
16 12 25003
6 19 2007461
19 9 30184
20 2 23133
21 3 5248
22 8 16560
9 5 2425
10 2 677524
0 20 7379160
1 17 605419
15 1 37460
13 17 8127
2 22 393
0 10 206620
3 7 11506
1 11 129077
4 0 531969
16 3 1844
17 2 6411
7 19 205383
20 9 591853
18 9 96522
21 12 361662
8 15 34379808
22 3 1709
10 13 1640989
8 21 3476
11 0 981549
9 16 3959
14 15 1700
12 11 1900
13 10 875737
2 17 189
0 1 1962469
3 12 12219
1 12 8677
4 15 33812431
2 11 2541
3 18 8700
6 13 17526688
4 21 312
7 8 94414
20 16 960895
18 0 6506733
12 2 6710
13 3 2152
1 5 194959
6 4 149179
7 1 313051
5 17 224
19 2 62008
20 5 502959
18 21 93599
8 3 440
9 2 150784
11 20 376413
14 3 128
13 22 254
3 0 205893
17 15 869580
7 20 474469
22 20 54312
20 12 873240
21 1 106049
8 10 15017
10 0 241353
8 16 2520
11 13 48344
0 22 14171
15 3 128
13 15 5824
2 20 64223
0 12 598483
3 9 1190
1 9 973
4 2 279
6 8 502912
19 16 1611
17 0 57008
7 13 2319367
18 7 992703
21 10 23338
22 1 128132
9 12 36222
11 2 16456
9 22 2806
14 13 17852
12 5 3843
10 21 11802
15 8 19493135
13 8 269531
0 3 321195
1 2 121935
4 9 24658
2 9 64
5 12 91678
3 20 88738
6 3 37118
7 10 148286
5 22 302
20 18 1569516
21 19 482307
17 19 9829
14 20 2171434
13 1 3559277
2 0 4291746
