443
7 3 3949
16 9 43186
19 4 31083853
17 20 247697
22 19 47957
20 7 1520579
18 19 324615
21 6 5131485
8 5 178844
9 0 3560558
10 7 139776
0 17 921623
14 1 2081
12 17 258643
15 4 885148
13 20 3077871
3 2 4260
4 5 79817
16 0 3603773
19 13 677375
17 13 640879
7 22 1229230
21 15 38561
8 12 326200
22 12 17316
8 18 128447
11 15 46
9 19 101315
14 8 1561
12 8 149573
1 21 3648532
15 13 893651
2 18 1469388
3 11 84848
1 15 712175
4 12 11735
2 12 762155
5 1 321559
3 17 3256
16 7 14729
19 18 221472
17 6 706163
7 15 906005
20 21 3122439
18 5 187358
21 8 55180
22 7 77874
10 9 1870159
11 4 380522
9 20 1059160
14 19 6485
12 7 1483809
10 19 435539
13 6 7849702
0 5 478786
1 0 9980788
4 11 498538
2 7 55151
3 22 228
4 17 90998
7 4 25493096
5 20 7575232
16 20 1380098
21 17 121501
19 1 418660
18 22 47359
8 0 40585336
15 19 1397993
11 19 210322
12 20 1197047
16 11 1873
6 18 506823
19 6 1495283
20 1 729929
18 17 144224
21 4 58389
8 7 442246
9 6 3365198
10 5 948584
11 8 459637
0 19 741055
14 7 13316
12 19 233930
1 18 2903353
15 6 390608
13 18 1587345
0 9 1089122
3 4 4480
4 7 57281
5 6 188376
16 2 2090
6 21 885350
19 15 111223
17 3 128
7 16 28183
20 8 33860290
18 8 123701
21 13 2331672
9 15 127040
10 12 2253825
8 20 17461756
11 1 925059
9 17 60580
10 22 280179
13 11 407311
2 16 8725
3 13 6552
1 13 13017976
5 15 34715
3 19 267331
6 12 5488934
4 20 21500077
19 20 26627950
17 4 731992
7 9 30954
18 3 17562
21 22 48421
22 5 4924
11 6 1649881
14 17 844
12 1 351681
10 17 193808
15 20 243782
13 4 525348
0 7 1231311
2 5 133694
5 8 110851
6 7 23102899
4 19 20080876
7 6 348949
5 18 83034
16 22 498
19 3 58629
20 4 49096
18 20 26020423
8 2 8599
9 3 16045
11 21 228158
14 2 535
12 22 49710
3 1 56683
16 13 746361
6 16 248466
19 8 386905
17 8 398509
7 21 819482
20 3 71205
18 15 52615
21 2 40968
8 9 7971
22 9 9856
9 4 45275
0 21 1817194
14 5 1533
12 13 3102262
1 16 743852
15 0 399742
13 16 754916
0 11 1730529
3 6 84
4 1 78626
5 4 90662
16 4 248
6 11 902303
19 17 737643
17 1 2109388
7 18 127568
18 6 840845
21 11 161635
22 0 166502
9 13 1040681
8 22 169912
11 3 86670
14 12 29898
12 4 99162
10 20 1774803
15 9 258
13 9 59181
0 2 491775
3 15 6530
1 3 235184
4 8 615963
2 8 8808
5 13 6511543
3 21 147531
6 2 4502214
4 22 11577
19 22 1339540
7 11 2030741
20 17 1441519
18 1 490327
16 17 3024
21 20 3286446
12 3 150847
13 2 145683
1 4 1224615
2 3 1420
6 5 264398
7 0 4374929
5 16 144
16 8 3178
19 5 223990
17 21 220504
22 18 68015
20 6 5392478
21 7 1099713
8 4 1577188
9 1 77789
0 16 136742
14 0 457231
12 16 50173
15 5 37252
13 21 3138428
16 15 1001
6 22 124525
22 21 108200
20 13 1632027
18 13 14444613
21 0 2737699
8 11 549639
22 15 526
8 17 553340
11 12 152292
14 11 11429
12 15 218444
1 22 424709
15 2 242007
2 21 93325
0 13 7434092
3 8 7705
1 8 1668878
4 3 1520
2 15 491477
5 2 108256
16 6 374286
6 9 523000
17 7 670017
7 12 2686071
18 4 148916
21 9 416755
22 6 126163
10 8 142878
11 5 184103
9 21 1880294
14 18 2728
12 6 2111751
10 18 419597
13 7 692928
0 4 1759032
2 6 5847572
5 11 114401
6 0 2975410
4 16 8799
7 5 1337785
5 21 180060
20 19 736083
16 19 9729
21 18 135583
17 18 579352
14 21 9327
15 16 4468
13 0 25373705
11 16 70435
2 1 706868
7 2 53971
19 7 1089021
22 16 505
20 0 806227
18 16 6977
21 5 336752
8 6 1236369
9 7 2840124
10 4 222756
11 9 245033
0 18 782538
14 6 138445
12 18 282161
1 19 2680384
15 7 1757734
13 19 251546
0 8 596721
3 5 73796
4 6 411687
5 7 134062
16 1 12538
6 20 1622069
19 12 539924
17 12 72038
7 17 1655791
20 15 867059
18 11 319706
8 13 159713
22 13 24854
9 8 120778
10 15 121121
8 19 20417837
9 18 37622458
14 9 3220
12 9 227474
1 20 7547550
15 12 201894
13 12 1526181
2 19 48440
0 15 596896
4 13 346279
2 13 277852
5 0 16153397
6 15 152883
19 21 256142
17 5 14500
20 22 177781
18 2 79109
22 4 23918
11 7 43343
12 0 705667
10 16 720135
15 21 96343
13 5 22414510
0 6 8187729
1 7 781728
2 4 40
5 9 20990
4 18 177364
5 19 30848
16 21 10092
21 16 16451
19 0 49591790
17 16 698
8 1 901688
15 18 94488
11 18 468281
12 21 4964359
16 12 23145
6 19 474904
19 9 11651
17 9 154280
20 2 66692
21 3 11906
22 8 486493
9 5 25173182
10 2 93109
0 20 11631278
1 17 2312424
15 1 96300
13 17 173916
2 22 1580
3 7 4700
1 11 2883490
4 0 42765714
16 3 3000
17 2 73915
7 19 29503556
20 9 2580167
18 9 123117
21 12 263337
8 15 92845
22 3 1015
10 13 5832709
8 21 80804
11 0 2622123
9 16 6752156
14 15 4145
12 11 690261
2 17 14507
0 1 3421551
3 12 558841
1 12 4875779
4 15 128416
2 11 689403
3 18 39450
6 13 8302368
4 21 35278
7 8 34693686
20 16 5296233
18 0 66316197
14 22 98
12 2 66833
13 3 4391
1 5 819794
6 4 104426
7 1 130862
5 17 39075
19 2 159122
20 5 439577
18 21 68861
8 3 9240
9 2 116245
11 20 866427
14 3 40
13 22 61369
3 0 46902
6 17 532245
19 11 335243
7 20 275816
22 20 52319
20 12 2322085
18 12 216806
21 1 56311
9 11 190744
10 0 3247216
8 16 485
11 13 481914
0 22 1238292
15 3 12176
13 15 274127
2 20 603627
0 12 1014914
3 9 127776
1 9 3198707
4 2 4598
5 3 2978
16 5 4553
6 8 246086
19 16 1212
17 0 468588
7 13 2677316
20 11 1185481
18 7 50910
22 1 511541
9 12 223076
10 11 883460
11 2 18953
9 22 41848
14 13 251857
12 5 88742
10 21 1788946
15 8 1072835
13 8 141099
0 3 538058
1 2 1504405
4 9 20810
2 9 18674
5 12 141176
3 20 104244
6 3 1500
5 22 314
20 18 32906050
16 18 22983
21 19 124591
17 19 249826
14 20 128344
13 1 1013713
2 0 2188612
