458
7 3 5687
16 9 5306
19 4 41011
17 20 841371
22 19 86390
20 7 507512
18 19 154292
21 6 4046327
8 5 57151
9 0 1016497
10 7 118077
0 17 760556
14 1 602
12 17 207739
15 4 443495
13 20 6965901
3 2 211
4 5 3089
16 0 1927231
19 13 20502197
17 13 398493
7 22 11411
20 14 65251
21 15 28139
8 12 14805
22 12 215419
9 9 1301291
10 14 52
8 18 221393
11 15 3060
9 19 19292
14 8 52
12 8 183434
1 21 2576332
15 13 58026
13 13 117780
2 18 1700
0 14 3113
3 11 16958
1 15 1039711
4 12 177026
2 12 341561
5 1 21390
3 17 4420
16 7 3808
6 14 141
19 18 116591
17 6 1053478
7 15 1380729
20 21 895722
18 5 35647
21 8 50221
22 7 82204
10 9 2110132
11 4 131672
9 20 1293688
14 19 6367
12 7 493137
10 19 694617
13 6 12857704
0 5 51164
1 0 16287124
4 11 187141
2 7 88260
3 22 9925
4 17 9704
7 4 14652326
5 20 4468798
16 20 1104944
21 17 7436
19 1 499997
18 22 45757
8 0 32041801
15 19 409491
11 19 135736
12 20 966500
16 11 674
6 18 771441
19 6 1697245
20 1 323504
18 17 149518
21 4 47189
8 7 39415
9 6 3329972
10 5 1006003
11 8 740025
0 19 971860
14 7 545
12 19 69480
1 18 1501710
15 6 712806
13 18 625157
0 9 984037
3 4 16132
4 7 16392
5 6 347511
16 2 6623
6 21 603348
19 15 42533
17 3 211799
7 16 16454
20 8 23119544
18 8 146317
21 13 1098880
22 2 2031
9 15 149060
10 12 2036012
8 20 11678678
11 1 233510
9 17 9801
10 22 69234
15 15 5091
13 11 440860
0 0 30497288
3 13 11724
1 13 16292830
5 15 938
3 19 41488
6 12 715933
4 20 13395262
19 20 20852810
17 4 150963
7 9 7219
18 3 299
21 22 12081
22 5 525
11 6 2165971
12 1 25296
10 17 420526
15 20 170482
13 4 412433
0 7 703929
2 5 4352
5 8 92424
6 7 1546176
4 19 76558
7 6 1714194
5 18 129331
19 3 1400
20 4 18126383
18 20 17149428
8 2 14624
9 3 612
11 21 118456
14 2 1621
12 22 47899
3 1 33138
16 13 783913
6 16 292784
19 8 277393
17 8 906561
7 21 204834
20 3 17337
18 15 87302
21 2 48676
8 9 4819
22 9 1494
9 4 2944
0 21 1119557
12 13 832833
1 16 204174
15 0 315087
13 16 1017316
0 11 1849931
3 6 4628
4 1 41951
5 4 7998
6 11 480017
19 17 1966065
17 1 432544
7 18 12660
18 6 2022223
21 11 228108
22 0 496437
9 13 832432
8 22 4253
11 3 808
14 12 78
12 4 95909
10 20 3179017
15 9 104
13 9 8468
0 2 350868
3 15 238
1 3 4270
4 8 161634
2 8 3722
5 13 3697540
3 21 108489
6 2 673696
4 22 165877
19 22 1067463
7 11 468857
20 17 57567
18 1 369917
21 20 673486
12 3 74463
13 2 905503
1 4 919221
6 5 142296
7 0 1557153
5 16 48
16 8 4420
19 5 26358
17 21 39158
22 18 9477
20 6 18493352
18 18 118799
21 7 140758
8 4 146227
9 1 507537
10 6 160
0 16 19090
14 0 943836
12 16 14076
15 5 1409
13 21 609512
16 15 624
6 22 50991
17 14 165
22 21 15228
20 13 1759643
18 13 22606360
21 0 2163761
8 11 367828
8 17 2629693
11 12 165689
14 11 2793
12 15 59414
1 22 512598
15 2 529364
13 14 806312
2 21 423000
0 13 9492864
3 8 18040
1 8 1111758
4 3 1652
2 15 935754
5 2 1245
16 6 364702
6 9 14407
19 19 76859
17 7 17448
7 12 421149
20 20 200986
18 4 69832
21 9 130494
22 6 354809
10 8 107813
11 5 77798
9 21 665962
14 18 263
12 6 3823260
10 18 298545
13 7 358902
0 4 633701
2 6 2309290
5 11 83024
6 0 1434519
4 16 47
7 5 1169787
5 21 449868
20 19 24682018
16 19 2099
21 18 165546
17 18 27677
15 16 29931
13 0 12650618
11 16 444
2 1 69782
7 2 16440
19 7 26343
20 0 1446205
18 16 7850
21 5 44216
8 6 789255
9 7 390420
10 4 97319
11 9 64840
0 18 952627
14 6 12162
12 18 208378
1 19 2148172
15 7 1423381
13 19 320554
0 8 334381
3 5 1548
4 6 968478
5 7 115960
16 1 9673
6 20 4311267
19 12 59683
17 12 60953
7 17 6222
20 15 177509
18 11 551263
21 14 303
8 13 12499683
22 13 12927
9 8 87190
10 15 94656
8 19 122152
9 18 15573601
12 9 29030
1 20 3908732
15 12 241386
13 12 360699
2 19 36120
0 15 700706
1 14 6584
4 13 13922700
2 13 82427
5 0 11800336
6 15 324902
19 21 48088
17 5 11850
7 14 1050384
20 22 445122
18 2 597
22 4 11565
11 7 26003
12 0 525795
10 16 303054
15 21 44603
13 5 7158097
0 6 12774359
1 7 448860
2 4 3295
5 9 15560
6 6 119
4 18 100856
7 7 1208564
5 19 19833
16 21 16995
21 16 11433
19 0 49575376
17 16 268
8 1 492422
15 18 26133
11 18 489756
12 21 1163175
16 12 9056
6 19 151378
19 9 424
17 9 205819
20 2 242122
18 14 14560
21 3 7412
22 8 17270
9 5 8291714
10 2 90324
0 20 8208474
12 12 87864
1 17 1596765
15 1 122302
13 17 191558
2 22 7561
3 7 3427
1 11 3347452
4 0 37680447
19 14 2215
17 2 8458
7 19 23416464
20 9 1677117
18 9 25725
21 12 627773
8 15 68513
22 3 5459
9 14 40
10 13 3962982
8 21 44572
11 0 1580867
9 16 3891151
14 15 38
12 11 1322344
2 17 7933
0 1 2593436
3 12 15906
1 12 1265671
4 15 76762
2 11 214527
3 18 387
6 13 5517189
4 21 31550
7 8 24131331
20 16 2828877
18 0 47406469
21 21 181368
14 22 38
12 2 34044
13 3 1420
1 5 455672
6 4 249233
7 1 149519
5 17 5413
19 2 13680
20 5 1237181
18 21 44251
8 3 7540
9 2 504558
11 20 306282
13 22 8044
3 0 89407
6 17 244382
19 11 342535
7 20 612526
22 20 393378
20 12 297845
18 12 25712
21 1 705159
22 14 59
9 11 167132
10 0 1139379
8 16 104
11 13 462274
0 22 43350
12 14 1124
15 3 186
13 15 268153
2 20 45603
0 12 277845
3 9 2964
1 9 997555
4 2 11129
2 14 8699
5 3 96
6 8 126420
19 16 1572
17 0 497692
7 13 987318
20 11 883666
18 7 42402
22 1 61361
9 12 246797
10 11 580217
11 2 11142
9 22 6573
14 13 275488
12 5 45016
10 21 1907521
15 8 236956
13 8 85469
0 3 911790
3 14 38
1 2 670403
4 9 404
2 9 111
5 12 5057
3 20 16518
6 3 522
5 22 1303
20 18 12584308
16 18 2782
21 19 48681
17 19 797219
14 20 151851
13 1 2998096
2 0 1331119
