447
7 3 52
16 9 6422
19 4 18953526
17 20 39324
22 19 55473
20 7 1116948
18 19 580649
21 6 2750634
8 5 242059
9 0 2362008
10 7 35977
0 17 622407
14 1 12353
12 17 154467
15 4 1524122
13 20 3129063
3 2 10525
4 5 19778
16 0 390144
19 13 552525
17 13 242601
7 22 9837
21 15 296391
8 12 81052
22 12 9546
9 9 3429
8 18 81114
9 19 56118
14 8 400
12 8 199401
1 21 2121628
15 13 511299
13 13 110127
2 18 16059
3 11 57676
1 15 1088808
4 12 11040
2 12 343029
5 1 349792
3 17 6000
16 7 59933
19 18 571969
17 6 1718751
7 15 595192
20 21 1340338
18 5 19356
21 8 72720
22 7 27009
10 9 1731056
11 4 486961
9 20 3769515
14 19 738
12 7 805805
10 19 28044343
13 6 12638815
0 5 11905706
1 0 6675316
4 11 139430
2 7 183804
3 22 40
4 17 225165
7 4 6333
5 20 3504243
16 20 3415767
21 17 29141
19 1 283097
18 22 167294
8 0 4253894
15 19 1056224
11 19 241437
12 20 820766
16 11 319
6 18 146769
19 6 1434916
20 1 1338964
18 17 77063
21 4 19156
8 7 454901
9 6 3490047
10 5 1237273
11 8 519412
0 19 1238588
14 7 1595
12 19 454515
1 18 1168217
15 6 726958
13 18 508721
0 9 1200524
3 4 13012
4 7 1844936
5 6 337309
16 2 84
6 21 1407245
19 15 95319
17 3 120
7 16 5743
20 8 25402607
18 8 576714
21 13 1434499
22 2 319
9 15 164008
10 12 916436
8 20 44737587
11 1 538070
9 17 19841
10 22 157457
15 15 4780
13 11 250418
0 0 35632992
3 13 31845
1 13 11940551
5 15 155552
3 19 77036
6 12 486507
4 20 55615103
19 20 75524061
17 4 84197
7 9 1528741
18 3 18858
21 22 6762
22 5 1521
11 6 1849185
14 17 364
12 1 59830
10 17 313880
15 20 378938
13 4 84740
0 7 2796266
2 5 1452
5 8 111939
6 7 2589791
4 19 18707717
7 6 1966747
5 18 31223
19 3 17854
20 4 50486
18 20 65868520
8 2 46132
9 3 208
11 21 253126
12 22 44753
3 1 6382
16 13 391073
6 16 99414
19 8 450303
17 8 174890
7 21 635982
20 3 30767
18 15 51123
21 2 72784
8 9 6941
22 9 156
9 4 15424
0 21 498127
12 13 754133
1 16 398600
15 0 322892
13 16 797765
0 11 1697290
3 6 69000
4 1 2153496
5 4 13556
16 4 1420
6 11 622838
19 17 339144
17 1 847561
7 18 303302
18 6 1081550
21 11 196433
22 0 939617
9 13 392933
8 22 19003
11 3 1131716
14 12 1576
12 4 31362
10 20 3731722
15 9 860
13 9 23989
0 2 631194
3 15 40230
1 3 2929
4 8 257981
2 8 1172
5 13 6631912
3 21 48117
6 2 1102392
4 22 57959
19 22 240544
7 11 101858
20 17 157098
18 1 273848
16 17 4995
21 20 3630189
12 3 159627
13 2 86276
1 4 994313
2 3 3064
6 5 136604
7 0 4279753
5 16 6304
16 8 2444
19 5 38272
17 21 25088
22 18 7361
20 6 6047759
18 18 216841
21 7 181753
8 4 413352
9 1 855267
0 16 117479
14 0 12399
12 16 16252
15 5 28424
13 21 765704
16 15 1796
6 22 391946
22 21 5440
20 13 4267006
18 13 12112579
21 0 916924
8 11 1115090
8 17 251262
11 12 58350
14 11 1724
12 15 280182
1 22 404095
15 2 416979
2 21 18280
0 13 6725319
3 8 46048
1 8 1507805
4 3 436948
2 15 370790
5 2 1540
16 6 207254
6 9 335508
19 19 53799938
17 7 10253
7 12 133488
20 20 208026
18 4 47724
21 9 615678
22 6 423315
10 8 26233114
11 5 70692
9 21 3675965
12 6 2075819
10 18 17504785
13 7 1517601
0 4 286295
2 6 2853273
5 11 34570
6 0 1599228
7 5 2133742
5 21 86605
20 19 247307
16 19 32559
21 18 50112
17 18 323802
14 21 266
15 16 14607
13 0 14015651
11 16 7520
2 1 436569
7 2 13182
19 7 824043
20 0 685651
18 16 13582
21 5 161389
8 6 926982
9 7 684033
10 4 15253176
11 9 147504
0 18 333588
14 6 182086
12 18 68279
1 19 4725315
15 7 1316073
13 19 514631
0 8 711790
3 5 54126
4 6 843780
5 7 144192
16 1 3826
6 20 4053223
19 12 32078
17 12 25700
7 17 44218
20 15 387561
18 11 405059
8 13 117922
22 13 13975
9 8 65788
10 15 560822
8 19 17124974
9 18 731341
12 9 1118627
1 20 7689558
15 12 126810
13 12 583487
2 19 327631
0 15 531847
4 13 180554
2 13 34259
5 0 18578606
3 16 140
6 15 199845
19 21 194359
17 5 64682
20 22 144174
18 2 15547
22 4 32252
11 7 188478
14 16 52
12 0 503804
10 16 4338715
15 21 44889
13 5 10167434
0 6 12005103
1 7 1451009
2 4 751
5 9 8125
6 6 228
4 18 107006
7 7 4713113
5 19 71091
16 21 17282
21 16 6674
19 0 1732606
17 16 107225
8 1 683171
15 18 19576
11 18 986465
12 21 340425
16 12 23175
6 19 231018
19 9 3394
17 9 23184
20 2 221457
21 3 2795
22 8 20981
9 5 20536
10 2 308887
0 20 11610162
14 4 1492
12 12 83979
1 17 1247375
15 1 74500
13 17 67330
2 22 11638
3 7 3017
1 11 2843872
4 0 3276611
16 3 249
17 2 5338
7 19 86491
20 9 2770407
18 9 117255
21 12 194820
8 15 115576
22 3 136
10 13 4342769
8 21 178522
11 0 1236453
9 16 15546
14 15 4420
12 11 482622
2 17 4566
0 1 4123279
3 12 91722
1 12 1724348
4 15 77662
2 11 7046
3 18 563728
6 13 4816878
4 21 794347
7 8 63776
20 16 2943654
18 0 9421784
21 21 314587
14 22 130
12 2 287013
13 3 832
1 5 823731
6 4 107466
7 1 1336925
5 17 29424
19 2 39368
20 5 58405
18 21 29220
8 3 7732
9 2 136766
11 20 1091102
14 3 38
13 22 32362
3 0 11047
6 17 740272
19 11 2441375
7 20 514492
22 20 83209
20 12 1620620
18 12 207184
21 1 205388
9 11 774930
10 0 3606617
8 16 63397
11 13 1160866
0 22 75280
15 3 3317
13 15 369381
2 20 99361
0 12 1213188
3 9 2840
1 9 1977822
4 2 12214
5 3 11570
16 5 6526
6 8 177031
19 16 7622
17 0 321573
7 13 3612389
20 11 670591
18 7 61426
22 1 502188
9 12 187142
10 11 568748
11 2 12966
9 22 188136
14 13 221078
12 5 35160
10 21 2227932
15 8 367393
13 8 221834
0 3 6148
1 2 1423413
4 9 132
2 9 1500
5 12 3434
3 20 75124
5 22 4340
20 18 19646065
16 18 3155
21 19 324361
17 19 481635
14 20 504088
13 1 1887911
2 0 1482226
