426
7 3 1732
16 9 4325
19 4 9692461
17 20 33726
22 19 24785
20 7 82411
18 19 365436
21 6 947689
8 5 4558
9 0 318801
10 7 101249
0 17 2057680
14 1 63
12 17 28877
15 4 292179
13 20 3103335
3 2 60
4 5 8152
16 0 217826
19 13 54952
17 13 29903
7 22 281439
21 15 75978
8 12 24912
22 12 3836
8 18 51262
9 19 23860
14 8 247
12 8 146007
1 21 664150
15 13 37908
2 18 36472
3 11 85
1 15 633998
4 12 3513
2 12 395771
5 1 11258
16 7 22437
19 18 99607
17 6 564573
7 15 839120
20 21 1196624
18 5 12835
21 8 35084
22 7 14898
10 9 1563247
11 4 622130
9 20 5566789
14 19 948
12 7 1688691
10 19 12925808
13 6 8327056
0 5 7137270
1 0 4264671
4 11 132156
2 7 34696
4 17 11130
7 4 14550
5 20 2979783
16 20 2231257
21 17 13525
19 1 1023651
18 22 8011
8 0 2256377
15 19 199239
11 19 201123
12 20 505997
16 11 4875
6 18 80894
19 6 2152135
20 1 3712164
18 17 24081
21 4 2421
8 7 334402
9 6 3987639
10 5 491304
11 8 192449
0 19 1441836
14 7 1394
12 19 103447
1 18 269549
15 6 600725
13 18 238672
0 9 87490
4 7 851109
5 6 184111
16 2 1067
6 21 278761
19 15 15786
17 3 64
7 16 4951
20 8 14704071
18 8 76009
21 13 1131169
22 2 92
9 15 163707
10 12 4927126
8 20 32001220
11 1 1030762
9 17 7708
10 22 26955
13 11 831162
2 16 39604
3 13 429
1 13 13201833
5 15 95291
3 19 44892
6 12 403288
4 20 38228659
19 20 57697013
17 4 12471
7 9 2101273
21 22 407
22 5 132
11 6 1426860
12 1 5790
10 17 228053
15 20 250353
13 4 95264
0 7 2506692
2 5 1973
5 8 25856
6 7 1852381
4 19 10793610
7 6 1684050
5 18 19527
16 22 319
19 3 1812
20 4 20505
18 20 52072925
8 2 3924
9 3 1047
11 21 55103
12 22 35012
3 1 237
16 13 307299
6 16 263057
19 8 55947
17 8 223773
7 21 1726682
20 3 12726
18 15 11831
21 2 8242
8 9 9052
22 9 2680
9 4 1102
0 21 150447
12 13 834917
1 16 124379
15 0 391928
13 16 573608
0 11 249126
3 6 3796
4 1 9273
5 4 10248
6 11 272904
19 17 33580
17 1 1503624
7 18 152995
18 6 1004614
21 11 31754
22 0 23945
9 13 280818
8 22 4928
11 3 248
14 12 184
12 4 32359
10 20 1989708
15 9 1283
13 9 7345
0 2 597299
3 15 6085
1 3 826
4 8 106188
2 8 636
5 13 4786129
3 21 124
6 2 1101243
4 22 1615
19 22 21103
7 11 1602027
20 17 5437
18 1 305418
16 17 169
21 20 3180623
12 3 13820
13 2 36900
1 4 490975
6 5 90296
7 0 4748465
5 16 1332
16 8 3227
19 5 174192
17 21 7220
22 18 3980
20 6 3984102
21 7 852209
8 4 95680
9 1 328313
0 16 25803
14 0 7003
12 16 18214
15 5 28318
13 21 664699
16 15 1215
6 22 124319
22 21 9639
20 13 3342652
18 13 9399410
21 0 171086
8 11 289369
8 17 205727
11 12 66069
14 11 2825
12 15 52120
1 22 299907
15 2 432754
2 21 41820
0 13 3554394
3 8 3205
1 8 363389
2 15 537071
5 2 5859
16 6 152970
6 9 37258
17 7 27998
7 12 1541879
18 4 46355
21 9 702740
22 6 166982
10 8 14018406
11 5 90022
9 21 3106707
14 18 224
12 6 1587524
10 18 13037564
15 11 2432
13 7 1866515
0 4 41059
2 6 2992575
5 11 18317
6 0 547267
4 16 719
7 5 1341545
5 21 228986
20 19 295040
16 19 6942
21 18 13540
17 18 8435
14 21 1057
15 16 35537
13 0 8006308
11 16 5989
2 1 176819
7 2 6602
19 7 622339
22 16 1387
20 0 869387
18 16 13119
21 5 190622
8 6 583085
9 7 2258473
10 4 6702986
11 9 45115
0 18 523000
14 6 110652
12 18 56169
1 19 643782
15 7 1560354
13 19 87788
0 8 7555356
3 5 17317
4 6 369283
5 7 100846
16 1 5173
6 20 1307945
19 12 32360
17 12 23243
7 17 343258
20 15 100796
18 11 348187
8 13 100026
22 13 6827
9 8 38388
10 15 27844
8 19 9258196
9 18 103099
14 9 1612
12 9 58439
1 20 3760639
15 12 5355
13 12 328618
2 19 390728
0 15 336562
4 13 143888
2 13 27023
5 0 19096781
3 16 1420
6 15 120191
19 21 124540
17 5 616
20 22 6708
18 2 23742
22 4 2074
11 7 43746
12 0 254573
10 16 1810052
15 21 4150
13 5 7158499
0 6 8598374
1 7 818266
5 9 19212
4 18 128240
5 19 143545
16 21 2887
21 16 9806
19 0 4190854
17 16 160
8 1 69174
15 18 3384
11 18 180217
12 21 224381
16 12 5764
6 19 269135
19 9 9301
17 9 49375
20 2 243468
21 3 868
22 8 37855
9 5 325345
10 2 405312
0 20 4151751
1 17 353175
15 1 68135
13 17 97265
3 7 323
1 11 1484135
4 0 1449116
16 3 75
17 2 855
7 19 121860
20 9 967059
18 9 49960
21 12 251701
8 15 23097
22 3 38
10 13 2698401
8 21 13192
11 0 260180
9 16 18186
14 15 1640
12 11 547951
2 17 284
0 1 1605918
3 12 3797
1 12 969447
4 15 11778
2 11 9280
3 18 527
6 13 2429770
4 21 2325
7 8 133118
20 16 1371365
18 0 7603174
12 2 21381
1 5 383331
6 4 25654
7 1 1430122
5 17 151
19 2 152632
20 5 14809
18 21 40370
8 3 3052
9 2 127073
11 20 337898
13 22 5680
3 0 290067
6 17 11942
19 11 165436
7 20 545820
22 20 14267
20 12 3059382
18 12 7150
21 1 21089
9 11 500015
10 0 1881679
8 16 13772
11 13 158476
0 22 33754
15 3 2779
13 15 771420
2 20 159980
0 12 682805
3 9 1907
1 9 1706295
5 3 1503
16 5 6872
6 8 114099
19 16 3132
17 0 259294
7 13 2963067
20 11 1344250
18 7 136341
22 1 46604
9 12 39872
10 11 205646
11 2 3534
9 22 135972
14 13 142993
12 5 21322
10 21 1872048
15 8 101071
13 8 56904
0 3 9641
1 2 707984
2 9 38914
5 12 10562
3 20 61871
5 22 425
20 18 12906195
16 18 3310
21 19 462486
17 19 137479
14 20 356651
13 1 112235
2 0 1701245
