441
7 3 12809
16 9 20043
19 4 23282779
17 20 209525
22 19 197014
20 7 1185577
18 19 625614
21 6 3612104
8 5 36905
9 0 1003971
10 7 695113
0 17 1330599
14 1 4710
12 17 150534
15 4 1141031
13 20 3321295
3 2 6101
4 5 33434
16 0 327721
19 13 163480
17 13 235002
7 22 113720
21 15 68671
8 12 138540
22 12 32051
8 18 180173
9 19 143569
14 8 138
12 8 190249
1 21 4901155
15 13 520168
2 18 1718
3 11 70460
1 15 1610039
4 12 12229
2 12 803486
5 1 94900
3 17 72000
16 7 259377
19 18 287968
17 6 983985
7 15 820131
20 21 1227163
18 5 55026
21 8 72887
22 7 216450
10 9 2932227
11 4 704247
9 20 4799259
14 19 12284
12 7 2420723
10 19 43833373
13 6 8788886
0 5 15625509
1 0 8379134
4 11 320304
2 7 571636
3 22 3000
4 17 64985
7 4 12242
5 20 2843332
16 20 3524993
21 17 162639
19 1 2995702
18 22 112412
8 0 2544359
15 19 1837377
11 19 553610
12 20 1742289
16 11 5685
6 18 466084
19 6 1225608
20 1 946013
18 17 286277
21 4 276496
8 7 523203
9 6 3299382
10 5 1219853
11 8 335100
0 19 1982991
14 7 28270
12 19 304337
1 18 1475378
15 6 1240271
13 18 235762
0 9 1977967
3 4 253256
4 7 713373
5 6 202575
16 2 1849
6 21 578874
19 15 197329
17 3 3108
7 16 128410
20 8 26142375
18 8 207668
21 13 1718289
22 2 28599
9 15 378352
10 12 14068961
8 20 41978275
11 1 587922
9 17 79619
10 22 84347
13 11 196858
2 16 802
3 13 24169
1 13 9006908
5 15 81757
3 19 321308
6 12 2173832
4 20 43800288
19 20 70663496
17 4 666382
7 9 2064071
18 3 1439
21 22 62278
22 5 6048
11 6 1547864
14 17 1290
12 1 276450
10 17 479172
15 20 570525
13 4 51092
0 7 2225500
2 5 3398
5 8 23533
6 7 2891269
4 19 16211604
7 6 1342328
5 18 30590
16 22 235
19 3 7684
20 4 557519
18 20 58006899
8 2 48858
9 3 7117
11 21 113418
14 2 4596
12 22 30540
3 1 90429
16 13 550327
6 16 266645
19 8 284182
17 8 79591
7 21 1625123
20 3 45451
18 15 71911
21 2 49871
8 9 46551
22 9 3106
9 4 265338
0 21 2639894
12 13 660444
1 16 752250
15 0 678489
13 16 379258
0 11 2521044
3 6 15197
4 1 163650
5 4 12206
16 4 145
6 11 588361
19 17 261889
17 1 350941
7 18 54431
18 6 1173198
21 11 133115
22 0 245131
9 13 799206
8 22 231013
11 3 3072
14 12 28082
12 4 73234
10 20 4084220
15 9 3990
13 9 194386
0 2 558023
3 15 5007135
1 3 116902
4 8 403164
2 8 3954
5 13 6146576
3 21 197209
6 2 2047960
4 22 21786
19 22 3899910
7 11 672998
20 17 113745
18 1 310530
16 17 2070
21 20 3215731
12 3 105918
13 2 226595
1 4 533858
2 3 3186
6 5 169114
7 0 4348685
5 16 202
16 8 3984
19 5 36317
17 21 192898
22 18 86524
20 6 4733936
21 7 527061
8 4 1710372
9 1 108907
0 16 91149
14 0 17775
12 16 195741
15 5 18957
13 21 1127661
16 15 5482
6 22 290927
22 21 17555
20 13 4677921
18 13 10776454
21 0 995468
8 11 572673
8 17 286432
11 12 312610
14 11 6898
12 15 766865
1 22 558113
15 2 594504
2 21 1113361
0 13 7253602
3 8 36088
1 8 715849
4 3 3236
2 15 429420
5 2 549
16 6 235390
6 9 367324
17 7 432368
7 12 5975373
18 4 646150
21 9 944064
22 6 165047
10 8 28517535
11 5 113966
9 21 3259252
14 18 2702
12 6 2750267
10 18 30243705
13 7 7596960
0 4 254346
2 6 2509517
5 11 44099
6 0 2031843
4 16 1578
7 5 2313965
5 21 158830
20 19 945404
16 19 36758
21 18 80111
17 18 1299966
14 21 21556
15 16 60488
13 0 20186301
11 16 5675
2 1 629789
7 2 82752
19 7 2572652
22 16 96
20 0 2952478
18 16 39520
21 5 107838
8 6 942598
9 7 4064389
10 4 19798932
11 9 539396
0 18 446214
14 6 142753
12 18 109441
1 19 2314588
15 7 1898731
13 19 232531
0 8 1622130
3 5 22864
4 6 732296
5 7 108735
16 1 3683
6 20 3921387
19 12 335134
17 12 157044
7 17 233394
20 15 1758641
18 11 348214
8 13 140756
22 13 49332
9 8 20795
10 15 492438
8 19 14046169
9 18 171965
14 9 1290
12 9 132887
1 20 11623829
15 12 64326
13 12 905762
2 19 531666
0 15 1513860
4 13 179012
2 13 404600
5 0 19769453
3 16 33926
6 15 613988
19 21 801578
17 5 241892
20 22 173451
18 2 25590
22 4 486922
11 7 145919
12 0 637541
10 16 6977860
15 21 54892
13 5 12510023
0 6 9127742
1 7 1846831
2 4 3258
5 9 123035
4 18 55829
5 19 90615
16 21 26664
21 16 29969
19 0 3688555
17 16 13853
8 1 936786
15 18 112484
11 18 871423
12 21 470962
16 12 35043
6 19 520392
19 9 102079
17 9 1221797
20 2 582905
21 3 15497
22 8 85175
9 5 130074
10 2 772765
0 20 8589574
14 4 2031
1 17 5387877
15 1 194544
13 17 115073
2 22 2799
3 7 73991
1 11 3050068
4 0 1946832
16 3 32506
17 2 906334
7 19 457323
20 9 2414510
18 9 145726
21 12 440680
8 15 115068
22 3 149
10 13 2384332
8 21 96525
11 0 1665846
9 16 17580
14 15 9552
12 11 674110
2 17 46968
0 1 5238295
3 12 50629
1 12 2876429
4 15 87969
2 11 364912
3 18 41792
6 13 3503445
4 21 61300
7 8 113963
20 16 4639290
18 0 9706912
12 2 366980
13 3 3655
1 5 482454
6 4 119467
7 1 1568456
5 17 9475
19 2 22095
20 5 37596
18 21 60449
8 3 5608
9 2 344132
11 20 1072960
14 3 52
13 22 205054
3 0 201336
6 17 374061
19 11 350010
7 20 924160
22 20 29661
20 12 3882136
18 12 41788
21 1 756878
9 11 186116
10 0 3960994
8 16 762
11 13 492791
0 22 603666
15 3 133568
13 15 195058
2 20 290345
0 12 1247621
3 9 91751
1 9 3015852
4 2 2655
5 3 442
16 5 1218
6 8 118288
19 16 3284
17 0 759475
7 13 4355948
20 11 1168943
18 7 70203
22 1 536353
9 12 532726
10 11 943650
11 2 468902
9 22 182208
14 13 221209
12 5 82809
10 21 2065576
15 8 962179
13 8 283328
0 3 11700
1 2 1876661
4 9 93426
2 9 37937
5 12 36248
3 20 261112
5 22 55359
20 18 26886487
16 18 6465
21 19 540910
17 19 211483
14 20 448614
13 1 1930608
2 0 2369713
