451
7 3 3281
16 9 6214
19 4 1307
17 20 61413
22 19 80170
20 7 328960
18 19 102370
21 6 2520637
8 5 20059
9 0 1337689
10 7 93219
0 17 60427
14 1 241
12 17 22001
15 4 118334
13 20 2501969
3 2 1420
4 5 3849
16 0 1453170
19 13 14154777
17 13 217400
7 22 12713
20 14 91
21 15 22322
8 12 10430
22 12 1762
9 9 965303
10 14 294
8 18 76569
11 15 186
9 19 27824
14 8 616
12 8 76295
1 21 2282248
15 13 65301
13 13 756367
2 18 229
0 14 7858
3 11 1401
1 15 437232
4 12 6639
2 12 334740
5 1 3692
16 7 5470
6 14 326
19 18 45947
17 6 618400
7 15 1559763
20 21 410134
18 5 25908
21 8 57591
22 7 88784
10 9 1859035
11 4 61198
9 20 1125022
14 19 1420
12 7 214304
10 19 258798
13 6 11799132
0 5 445311
1 0 4170950
4 11 43854
2 7 14451
3 22 56
4 17 10319
7 4 6106976
5 20 4072562
16 20 947906
21 17 8336
19 1 179029
18 22 71382
8 0 24382795
15 19 53518
11 19 132835
12 20 1376636
16 11 661
6 18 733749
19 6 1331566
20 1 2318951
18 17 75276
21 4 59339
8 7 32648
9 6 2736457
10 5 268789
11 8 347894
0 19 369302
14 7 1886
12 19 24534
1 18 633706
15 6 720674
13 18 820495
0 9 170257
3 4 5045
4 7 10509
5 6 233928
16 2 533
6 21 590063
19 15 8581
7 16 8972
20 8 14859391
18 8 126859
21 13 975447
22 2 144
9 15 127315
10 12 1254500
8 20 8585929
11 1 345658
9 17 70420
10 22 59496
15 15 1444
13 11 202090
0 0 20915918
3 13 259
1 13 8364580
4 14 1532
5 15 104
3 19 42860
6 12 6308458
4 20 9534403
19 20 17482584
17 4 72846
7 9 1002
18 3 7877
21 22 12872
22 5 463
11 6 2613744
12 1 11959
10 17 230961
15 20 107527
13 4 142032
0 7 782647
2 5 5538
5 8 22586
6 7 1238194
4 19 38781
7 6 611466
5 18 4885
19 3 1404
20 4 9528201
18 20 15180717
8 2 4008
9 3 540
11 21 105696
14 2 237
12 22 10844
3 1 4117
16 13 547626
6 16 175402
19 8 122804
17 8 109779
7 21 209391
20 3 1835
18 15 70653
21 2 11244
8 9 14808
22 9 171
9 4 444
0 21 961552
12 13 598911
1 16 273293
15 0 192193
13 16 1178983
0 11 603589
3 6 556
4 1 297490
5 4 4539
6 11 353800
19 17 128273
17 1 120269
7 18 24890
18 6 1595573
21 11 143350
22 0 169991
9 13 518703
8 22 9340
11 3 1069
14 12 316
12 4 44418
10 20 3365654
13 9 1804
0 2 258306
3 15 104
1 3 6493
4 8 75064
2 8 6940
5 13 3061096
3 21 70097
6 2 546749
4 22 732
19 22 29654
7 11 35719
20 17 793518
18 1 96531
16 17 302
21 20 232363
12 3 9434
13 2 883415
1 4 73355
2 3 128
6 5 182807
7 0 1867839
5 16 63
16 8 4100
19 5 70825
17 21 7240
22 18 10334
20 6 6209668
18 18 78284
21 7 77269
8 4 707004
9 1 104391
0 16 19092
14 0 779703
12 16 7544
15 5 278
13 21 400077
16 15 10684
6 22 26884
22 21 6734
20 13 1087740
18 13 16365096
21 0 1976494
8 11 224217
8 17 49849
11 12 194278
12 15 12802
1 22 258625
15 2 288803
13 14 512477
2 21 24698
0 13 6281602
3 8 3350
1 8 447965
4 3 4491
2 15 1158101
5 2 4504
16 6 207864
6 9 398925
19 19 221987
17 7 4125
7 12 108647
20 20 118359
18 4 25948
21 9 73260
22 6 555877
10 8 68039
11 5 113507
9 21 508682
14 18 36
12 6 2379280
10 18 370320
13 7 447462
0 4 102398
2 6 2217540
5 11 10448
6 0 969784
7 5 1405594
5 21 7055
20 19 11871668
16 19 551
21 18 115300
17 18 13973
14 21 40
15 16 21655
13 0 6657498
11 16 3157
2 1 12789
7 2 4965
19 7 93843
20 0 356138
18 16 12911
21 5 34792
8 6 755920
9 7 524429
10 4 81396
11 9 22391
0 18 676894
14 6 6968
12 18 75348
1 19 867060
15 7 2078915
13 19 49012
0 8 238077
3 5 48
4 6 666379
5 7 105258
16 1 3312
6 20 7406839
19 12 17874
17 12 9656
7 17 2666
20 15 366610
18 11 266429
21 14 200
8 13 9837858
22 13 42395
9 8 58826
10 15 214065
8 19 77257
9 18 10803382
12 9 14785
1 20 6454212
15 12 230394
13 12 572767
2 19 45818
0 15 605798
1 14 1424
4 13 9085681
2 13 57635
5 0 11454855
3 16 129
6 15 411114
19 21 109431
17 5 52
7 14 1091335
20 22 3244
18 2 3313
22 4 1632
11 7 7352
12 0 160289
10 16 89002
15 21 59784
13 5 5324592
0 6 9521639
1 7 138235
2 4 111
5 9 3461
4 18 5146
7 7 2369563
5 19 16913
16 21 11691
21 16 9327
19 0 45184979
17 16 1524
8 1 66778
15 18 8866
11 18 307692
12 21 218319
16 12 6856
6 19 292109
19 9 246
17 9 83287
20 2 35883
18 14 2840
21 3 1868
22 8 14815
9 5 6139650
10 2 53370
0 20 5115729
12 12 79284
1 17 993333
15 1 6277
13 17 165618
3 7 3354
1 11 2047130
4 0 27803167
19 14 2769
17 2 161
7 19 13261499
20 9 2180773
18 9 26957
21 12 499698
8 15 17301
9 14 8488
10 13 2616317
8 21 20721
11 0 336615
9 16 2393759
12 11 631830
15 14 40
0 1 1339668
3 12 3355
1 12 1247362
4 15 2432
2 11 8362
3 18 160
6 13 7220346
4 21 236100
7 8 15493382
20 16 1542800
18 0 43662054
21 21 118342
12 2 19676
13 3 123
1 5 531144
6 4 41570
7 1 27603
5 17 1720
19 2 1850
20 5 5677
18 21 95140
8 3 12174
9 2 508189
11 20 291475
14 3 56
13 22 7966
3 0 18389
6 17 151872
19 11 71039
7 20 156733
22 20 14732
20 12 143138
18 12 29265
21 1 86839
22 14 38
9 11 28733
10 0 1050149
8 16 179
11 13 168159
0 22 9959
12 14 3924
15 3 636
13 15 212789
2 20 5061
0 12 200888
3 9 10220
1 9 545215
4 2 420
2 14 7520
5 3 164
16 5 1524
6 8 103575
19 16 71
17 0 503390
7 13 202153
20 11 935465
18 7 26085
22 1 9533
9 12 169214
10 11 299306
11 2 2398
9 22 11426
14 13 159090
12 5 36126
10 21 1605470
15 8 91283
13 8 74276
0 3 13122
1 2 703735
4 9 80
2 9 40
5 12 14329
3 20 23776
5 22 324
20 18 10126265
16 18 3875
21 19 29668
17 19 341526
14 20 107364
13 1 188224
2 0 1284232
