469
7 3 16553
16 9 27068
19 4 28157451
17 20 1603541
22 19 295210
20 7 1556444
18 19 985324
21 6 2137466
8 5 86805
9 0 923382
10 7 326193
0 17 1199500
14 1 11991
12 17 207519
15 4 710975
13 20 4252649
3 2 4585
4 5 49545
16 0 517755
19 13 387522
17 13 463287
7 22 103281
18 10 87507
21 15 130116
8 12 47838
22 12 75726
9 9 398
8 18 288668
9 19 290122
14 8 258
12 8 277304
1 21 2772796
15 13 136593
13 13 125311
2 18 18652
3 11 44787
1 15 983444
4 12 66438
2 12 2587956
5 1 93158
3 17 8016
16 7 81059
19 18 343303
17 6 1209658
7 15 134267
20 21 2662635
18 5 285623
21 8 74467
22 7 264967
10 9 3294905
11 4 295914
9 20 4116183
14 19 3519
12 7 3071261
10 19 46002883
15 10 53145
13 6 9254066
0 5 24360188
1 0 7905229
4 11 321284
2 7 235480
5 10 161035
3 22 28598
4 17 152127
7 4 25602
5 20 3296451
16 20 3430881
21 17 44346
19 1 885141
18 22 37546
8 0 2818921
15 19 1536111
11 19 1237335
12 20 2558233
16 11 3249
6 18 471092
19 6 879172
17 10 96983
20 1 3074219
18 17 478791
21 4 78835
8 7 532281
9 6 4666571
10 5 399336
11 8 521527
0 19 865513
14 7 21268
12 19 629316
1 18 1857672
15 6 407403
13 18 1945041
0 9 2502542
3 4 80
4 7 807172
5 6 377759
16 2 2776
6 21 899110
19 15 208895
17 3 5897
7 16 42527
20 8 30502280
18 8 122705
21 13 2639311
22 2 594245
9 15 143791
10 12 2548443
8 20 48933003
11 1 557575
9 17 344491
12 10 127767
10 22 329385
15 15 5349
13 11 581899
2 16 128
0 0 45506086
3 13 3658
1 13 15439139
2 10 20344
5 15 54863
3 19 636104
6 12 9453092
4 20 57689576
19 20 71759945
17 4 140520
7 9 1884812
18 3 3686
21 22 38147
22 5 31512
11 6 1486137
14 17 82
12 1 454405
10 17 1721040
15 20 1579172
13 4 269916
0 7 1377456
2 5 4346
5 8 16613
6 7 2858061
4 19 20353775
7 6 1374380
5 18 53444
19 3 17951
20 4 93375
18 20 75592228
8 2 877163
9 3 10522
11 21 189239
14 2 5990
12 22 34422
3 1 71941
16 13 448928
6 16 1740347
19 8 380401
17 8 92363
7 21 959986
20 3 41213
18 15 84142
21 2 150080
8 9 4372
22 9 4734
9 4 159094
11 10 635182
0 21 1555188
14 5 3744
12 13 1348056
1 16 342915
15 0 180358
13 16 36059
0 11 2519461
3 6 6041
4 1 266484
5 4 21147
16 4 2014
6 11 728893
19 17 1469848
17 1 211032
7 18 694093
20 10 242828
18 6 553027
21 11 845792
22 0 201960
9 13 1239467
8 22 43003
11 3 118934
14 12 39034
12 4 74179
10 20 4034171
15 9 11369
13 9 60182
0 2 940958
3 15 202666
1 3 124138
4 8 193999
2 8 12009
5 13 6790776
3 21 189481
6 2 1220805
4 22 44646
19 22 113971
7 11 2263929
20 17 341613
18 1 433227
16 17 72
21 20 4236692
12 3 126136
13 2 134402
1 4 598941
2 3 11473
6 5 228705
7 0 2127063
5 16 1296
16 8 2379
19 5 101128
17 21 167225
22 18 277498
20 6 5959868
18 18 943547
21 7 461962
8 4 297684
9 1 552223
0 16 115908
14 0 21431
12 16 9788
15 5 8507
13 21 4487341
16 15 18649
6 22 60082
19 10 140013
22 21 595102
20 13 2784191
18 13 14692029
21 0 861092
8 11 646981
9 10 40899
8 17 86690
11 12 639695
14 11 9288
12 15 144562
1 22 377873
15 2 9386
2 21 78951
0 13 8149399
1 8 1035588
4 3 1620
2 15 73667
5 2 3718
16 6 331045
6 9 136049
19 19 68140359
17 7 253578
7 12 4449200
20 20 237665
18 4 422422
21 9 1721408
22 6 429536
10 8 30519500
11 5 33981
9 21 4239862
14 18 4264
12 6 4411810
10 18 37957385
13 7 4295833
0 4 654029
4 10 71362
2 6 2063163
5 11 42478
6 0 2668603
4 16 14022
7 5 1841157
5 21 727213
20 19 1159893
16 19 55102
21 18 309169
17 18 525632
14 21 16380
15 16 5725
13 0 20024126
11 16 45708
2 1 3803161
7 2 433671
16 10 6539
19 7 2388263
22 16 56
20 0 2618207
18 16 4937
21 5 513977
8 6 838685
22 10 121422
9 7 5910829
10 4 25819931
11 9 908387
0 18 1226689
14 6 2264
12 18 449419
1 19 6017176
15 7 663183
13 19 391481
0 8 914575
3 5 13740
4 6 615115
5 7 114486
16 1 19462
6 20 3279811
19 12 94950
17 12 797974
7 17 390350
20 15 2858807
18 11 343308
8 13 232140
22 13 15180
9 8 220973
10 15 385320
8 19 15468735
9 18 424715
14 9 521
12 9 252451
1 20 13880900
15 12 369956
13 12 2437544
2 19 1871304
0 15 642073
4 13 312114
2 13 304564
5 0 22428423
3 16 140
6 15 486077
19 21 183319
17 5 3677
20 22 641817
18 2 68356
22 4 11840
11 7 173454
12 0 998599
10 16 4450667
15 21 63858
13 5 22392104
0 6 8859195
1 7 1325219
2 4 167076
5 9 31779
6 6 192
4 18 225502
7 7 8040823
5 19 182822
16 21 13903
21 16 7723
19 0 4496012
8 1 588095
15 18 194828
11 18 464929
12 21 393752
16 12 21694
6 19 773268
19 9 41550
17 9 73213
20 2 1572751
21 3 30990
22 8 42757
9 5 429679
10 2 521134
0 20 7480206
14 4 231
12 12 98893
1 17 4094192
15 1 221899
13 17 1639370
2 22 11031
0 10 548372
3 7 21588
1 11 2503412
4 0 4307877
16 3 75
17 2 76679
7 19 132406
20 9 1480049
18 9 136622
21 12 782151
8 15 91033
22 3 819
10 13 4000178
8 21 95811
11 0 1264686
9 16 47913
14 15 2799
12 11 867554
13 10 456546
2 17 118745
0 1 3340277
3 12 842820
1 12 2794289
4 15 94179
2 11 456712
3 18 10555
6 13 5430062
4 21 110548
7 8 186487
20 16 3094251
18 0 17117632
21 21 257202
14 22 23553
12 2 562704
13 3 7998
1 5 1045797
6 4 494292
7 1 1631072
5 17 13669
19 2 187167
20 5 206948
18 21 63936
9 2 257131
11 20 1508852
14 3 2380
13 22 423100
3 0 180570
6 17 715270
19 11 546595
7 20 2115957
22 20 112609
20 12 3372847
18 12 555321
21 1 439129
8 10 29891
9 11 679801
10 0 5059528
8 16 5885
11 13 749363
0 22 546493
14 10 167
15 3 8785
13 15 711007
2 20 1256254
0 12 1440774
3 9 36177
1 9 5823279
4 2 21680
5 3 1796
16 5 346
6 8 309490
19 16 7205
17 0 2915013
7 13 4236435
20 11 2041297
18 7 320929
21 10 459943
22 1 378459
9 12 1900474
10 11 645673
11 2 215830
9 22 16614
14 13 228802
12 5 100516
10 21 3186475
15 8 850174
13 8 199600
0 3 261095
1 2 2133571
4 9 82593
2 9 7563
5 12 326577
3 20 359039
7 10 27737
5 22 1114
20 18 32154493
16 18 6295
21 19 582723
17 19 192774
14 20 580464
13 1 1519085
2 0 2305157
