463
7 3 2811
16 9 5771
19 4 17144136
17 20 1172646
22 19 42322
20 7 2126785
18 19 198248
21 6 3269044
8 5 42916
9 0 2813803
10 7 235764
0 17 1181924
14 1 40
12 17 108702
15 4 733518
13 20 2979824
3 2 3252
4 5 2500
16 0 473663
19 13 570736
17 13 896152
7 22 1164119
18 10 552096
21 15 144638
8 12 19251
22 12 2281
9 9 2935
8 18 101162
9 19 98814
14 8 1330
12 8 173791
1 21 374295
15 13 87787
13 13 85820
2 18 4683
3 11 24107
1 15 92702
4 12 6571
2 12 442153
5 1 136302
3 17 20172
16 7 52894
19 18 247660
17 6 1312128
7 15 2901958
20 21 511196
18 5 94037
21 8 68594
22 7 56821
10 9 2613737
11 4 491842
9 20 1700256
12 7 1353109
10 19 27769602
15 10 35429
13 6 11647698
0 5 13352104
1 0 3654763
4 11 162771
2 7 25627
5 10 45225
6 1 887725
4 17 7670
7 4 13147
5 20 3350951
16 20 2629750
21 17 39922
19 1 775866
18 22 34703
8 0 2453304
15 19 693401
11 19 1876905
12 20 1166678
16 11 4674
6 18 630830
19 6 1324784
17 10 170973
20 1 1166696
18 17 9614
21 4 37959
8 7 517263
9 6 3471579
10 5 288668
11 8 309912
0 19 651031
14 7 10312
12 19 145110
1 18 344170
15 6 371257
13 18 642166
0 9 278567
4 7 293018
5 6 190113
16 2 191
6 21 3595091
19 15 87019
17 3 612
7 16 8902
20 8 25782153
18 8 501860
21 13 1179204
22 2 59402
9 15 142213
10 12 1335029
8 20 39084795
11 1 460169
9 17 40446
12 10 296745
10 22 163252
15 15 5490
13 11 267028
2 16 128
0 0 35638038
3 13 462
1 13 1658133
2 10 104776
5 15 8040
3 19 54272
6 12 10980619
4 20 43695193
19 20 62797009
17 4 24660
7 9 1765210
18 3 7035
21 22 73241
22 5 1308
11 6 2159365
14 17 49
12 1 172565
10 17 254722
15 20 856004
13 4 124693
0 7 1278033
2 5 60877
5 8 24542
6 7 5241849
4 19 19241208
7 6 3827924
5 18 50959
16 22 92
19 3 5376
20 4 66993
18 20 73121787
8 2 7634
9 3 1200
11 21 112688
14 2 70
12 22 20433
3 1 10494
16 13 404630
6 16 851436
19 8 160114
17 8 992138
7 21 1489192
20 3 37690
18 15 22476
21 2 29214
8 9 200
22 9 1420
9 4 12105
11 10 475907
0 21 744331
14 5 4229
12 13 1079426
1 16 5938
15 0 456106
13 16 16427
0 11 2484654
3 6 213
4 1 271527
5 4 3994
16 4 1468
6 11 2043714
19 17 236807
17 1 936889
7 18 546791
20 10 539579
18 6 965772
21 11 380871
22 0 131298
9 13 379503
8 22 97342
11 3 760
14 12 1330
12 4 71204
10 20 2119101
15 9 1675
13 9 8269
0 2 472669
3 15 6431
1 3 12244
4 8 168649
2 8 3568
5 13 6418219
3 21 20557
6 2 1363357
4 22 127812
19 22 176078
7 11 1176979
20 17 63555
18 1 438390
16 17 3404
21 20 1769481
12 3 30618
13 2 164232
1 4 355330
2 3 18464
6 5 1112592
7 0 2016213
5 16 3037
16 8 120
19 5 270448
17 21 22438
22 18 5215
20 6 7882693
18 18 727719
21 7 329417
8 4 119969
9 1 429206
0 16 213914
14 0 31536
12 16 11615
15 5 9480
13 21 1050730
16 15 823
6 22 329882
19 10 51118
22 21 104131
20 13 1295660
18 13 14771886
21 0 466893
8 11 1302220
9 10 36378
8 17 209413
11 12 456213
14 11 1651
12 15 24718
1 22 190998
15 2 518229
2 21 64959
0 13 7254119
3 8 4288
1 8 400785
2 15 1786082
5 2 9169
16 6 173670
6 9 74540
19 19 60198405
17 7 359543
7 12 970332
20 20 173958
18 4 10241
21 9 1511071
22 6 162486
10 8 24812395
11 5 205152
9 21 3362366
14 18 926
12 6 3916306
10 18 22986577
13 7 2534691
0 4 323564
4 10 114220
2 6 2961582
5 11 93854
6 0 5186906
4 16 1580
7 5 1780249
5 21 127980
20 19 197336
16 19 1956
21 18 215528
17 18 75492
14 21 2923
15 16 23097
13 0 13666677
11 16 12634
2 1 534859
7 2 1457
16 10 15536
19 7 2325797
20 0 1740433
18 16 11071
21 5 525884
8 6 763808
22 10 111089
9 7 2835488
10 4 16643170
11 9 57882
0 18 461004
14 6 9807
12 18 133078
1 19 1709016
15 7 2810905
13 19 600969
0 8 600644
3 5 1420
4 6 693333
5 7 122981
16 1 2377
6 20 13824074
19 12 155058
17 12 18032
7 17 742353
20 15 247236
18 11 198919
8 13 309453
22 13 6722
9 8 31021
10 15 631041
8 19 15542010
9 18 168729
12 9 107306
1 20 1852255
15 12 154202
13 12 302635
2 19 376134
0 15 1239090
4 13 252647
2 13 91148
5 0 21740715
3 16 436
6 15 1399104
19 21 271430
17 5 62441
20 22 5124
18 2 87056
22 4 13225
11 7 34228
12 0 440682
10 16 3904048
15 21 14478
13 5 12958815
0 6 12572683
1 7 124783
2 4 320
5 9 98528
6 6 344
4 18 31028
7 7 11545655
5 19 301022
16 21 12718
21 16 13069
19 0 5637331
17 16 352
8 1 348736
15 18 36636
11 18 790795
12 21 730136
16 12 14593
6 19 1053589
19 9 5017
17 9 1483847
20 2 306323
21 3 9852
22 8 45352
9 5 214492
10 2 871153
0 20 6559571
12 12 112593
1 17 1556239
15 1 70668
13 17 1472048
2 22 1526
0 10 1144193
3 7 3555
1 11 765175
4 0 3554017
16 3 122
17 2 75092
7 19 93311
20 9 1068293
18 9 113502
21 12 487347
8 15 326536
22 3 60
10 13 3563530
8 21 19434
11 0 4219723
9 16 21385
14 15 2475
12 11 1130826
13 10 1631698
2 17 76803
0 1 3430000
3 12 20989
1 12 167596
4 15 192937
2 11 75590
3 18 12747
6 13 12604143
4 21 22243
7 8 29846
20 16 3608460
18 0 14367505
21 21 464135
12 2 91171
13 3 1500
1 5 485351
6 4 324155
7 1 124165
5 17 1894
19 2 28053
20 5 186753
18 21 131020
8 3 886
9 2 235459
11 20 1002547
13 22 14711
3 0 62047
6 17 892282
19 11 416428
7 20 555782
22 20 21371
20 12 3169991
18 12 56651
21 1 176708
8 10 189256
9 11 384602
10 0 1760663
8 16 25345
11 13 510782
0 22 70451
15 3 8151
13 15 335954
2 20 328333
0 12 293852
3 9 39594
1 9 239404
4 2 1590
16 5 40
6 8 662945
19 16 3052
17 0 1473616
7 13 1931062
20 11 1018261
18 7 203934
21 10 233884
22 1 24614
9 12 6970374
10 11 403572
11 2 20933
9 22 17695
14 13 191208
12 5 48248
10 21 1910298
15 8 423847
13 8 215530
0 3 1157522
1 2 897923
4 9 48
2 9 758
5 12 5114
3 20 270270
7 10 312515
5 22 404
20 18 21398669
16 18 1310
21 19 107938
17 19 637979
14 20 450518
13 1 1376207
2 0 1446711
