459
7 3 7648
16 9 2777
19 4 13423062
17 20 76570
22 19 128060
20 7 1371872
18 19 466766
21 6 10566193
8 5 22582
9 0 2037892
10 7 32253
0 17 2244516
14 1 363
12 17 17202
15 4 423096
13 20 1931263
3 2 743
4 5 10689
16 0 347442
19 13 169115
17 13 1691303
7 22 12516
18 10 38786
21 15 9995
8 12 8613
22 12 264
8 18 158683
9 19 43942
14 8 120
12 8 258154
1 21 1501946
15 13 306308
13 13 44902
2 18 1194
3 11 1958
1 15 1150131
4 12 594
2 12 308527
5 1 7352
3 17 48
16 7 80185
19 18 119889
17 6 981300
7 15 4418205
20 21 531938
18 5 27778
21 8 51937
22 7 10952
10 9 2057605
11 4 85193
9 20 1990682
14 19 7037
12 7 851674
10 19 23003402
15 10 22298
13 6 8684156
0 5 7196061
1 0 5485078
4 11 97833
2 7 305391
5 10 127589
4 17 748
7 4 11096
5 20 2357395
16 20 2612124
21 17 1165201
19 1 185456
18 22 35736
8 0 2892846
15 19 306484
11 19 551116
12 20 1830273
16 11 648
6 18 124105
19 6 449678
17 10 5471
20 1 354084
18 17 127989
21 4 6397
8 7 578236
9 6 5395718
10 5 578651
11 8 2393760
0 19 610743
14 7 1974
12 19 124339
1 18 2013679
15 6 439926
13 18 123633
0 9 970205
3 4 16900
4 7 308186
5 6 111464
16 2 5407
6 21 1379269
19 15 46439
17 3 52
7 16 9897
20 8 17976685
18 8 653274
21 13 2562874
22 2 40
9 15 170724
10 12 837999
8 20 36082936
11 1 170354
9 17 35231
12 10 141033
10 22 284104
15 15 10198
13 11 445208
2 16 92
0 0 31246888
3 13 1608
1 13 10600854
2 10 2601
5 15 6140
3 19 112256
6 12 5147950
4 20 38195165
19 20 62955962
17 4 2367
7 9 24880
18 3 1104
21 22 294717
22 5 3171
11 6 1370952
12 1 116347
10 17 1693486
15 20 333576
13 4 78826
0 7 1064504
1 6 40
2 5 163
5 8 26302
6 7 2490247
4 19 16506467
7 6 1839890
5 18 6627
19 3 3140
20 4 17073
18 20 62713973
8 2 68704
11 21 491854
14 2 2435
12 22 44148
3 1 12215
16 13 330992
6 16 161620
19 8 2271185
17 8 713950
7 21 206777
20 3 3595
18 15 18533
21 2 3993
8 9 28980
9 4 2441
11 10 334570
0 21 235114
12 13 1423478
1 16 83796
15 0 339335
13 16 178897
0 11 846772
3 6 1700
4 1 16457
5 4 10192
16 4 208
6 11 266022
19 17 393008
17 1 1580060
7 18 211149
20 10 508568
18 6 467801
21 11 385016
22 0 152165
9 13 1157603
8 22 30606
11 3 25786
14 12 1057
12 4 6602
10 20 3552432
15 9 1361
13 9 16006
0 2 418241
3 15 52402
1 3 4678
4 8 69485
2 8 6180
5 13 5403647
3 21 1420
6 2 594545
4 22 17172
19 22 61398
7 11 499286
20 17 234530
18 1 97382
16 17 2572
21 20 3349533
12 3 6464
13 2 18552
1 4 201106
6 5 506090
7 0 1906820
16 8 180
19 5 159884
17 21 304768
22 18 4249
20 6 3740796
18 18 165818
21 7 246498
8 4 53037
9 1 1093415
0 16 47706
14 0 23823
12 16 2537
15 5 25260
13 21 806876
16 15 597
6 22 1635
19 10 14718
22 21 9803
20 13 473608
18 13 13886821
21 0 328655
8 11 165021
9 10 19853
8 17 304297
11 12 42339
14 11 188
12 15 79111
1 22 892412
15 2 476053
2 21 16037
0 13 6332437
3 8 1540
1 8 524659
4 3 400
2 15 2189180
5 2 50
16 6 101004
6 9 15202
19 19 40038113
17 7 32690
7 12 269978
20 20 221015
18 4 30357
21 9 585401
22 6 107471
10 8 16724114
11 5 50904
9 21 2739907
14 18 1626
12 6 1742916
10 18 12074144
13 7 2244869
0 4 83979
4 10 6676
2 6 1900418
5 11 36075
6 0 1594978
4 16 8680
7 5 1345130
5 21 18649
20 19 299669
16 19 6466
21 18 29339
17 18 92073
14 21 121
15 16 22652
13 0 9042103
11 16 33163
2 1 48681
7 2 2065
16 10 3584
19 7 734524
20 0 1175106
18 16 979
21 5 26713
8 6 446497
22 10 1564
9 7 1663016
10 4 10792338
11 9 96820
0 18 54047
14 6 3514
12 18 59771
1 19 859906
15 7 1229560
13 19 52967
0 8 919369
3 5 356
4 6 396846
5 7 78583
16 1 4616
6 20 1852552
19 12 8289
17 12 97414
7 17 11513
20 15 397488
18 11 133868
8 13 50048
22 13 35865
9 8 41332
10 15 151209
8 19 11623577
9 18 81632
12 9 18124
1 20 7827693
15 12 19872
13 12 1357518
2 19 595230
0 15 1444268
4 13 13603
2 13 84118
5 0 16703068
6 15 91504
19 21 18830
17 5 4385
20 22 73567
18 2 45573
22 4 21939
11 7 169056
12 0 362324
10 16 3740509
15 21 1898
13 5 8101518
0 6 6126437
1 7 2532076
2 4 52
5 9 30900
6 6 17591
4 18 8984
7 7 2414172
5 19 131201
16 21 7381
21 16 9076
19 0 5411334
17 16 191316
8 1 420510
15 18 5991
11 18 124363
12 21 405778
16 12 3049
6 19 181117
19 9 5700
17 9 1255690
20 2 1136026
21 3 52
22 8 48461
9 5 252941
10 2 572204
0 20 3614478
14 4 40
12 12 93998
1 17 1193804
15 1 149220
13 17 702266
0 10 150200
3 7 1227
1 11 2564571
4 0 2701312
17 2 6757
7 19 194448
20 9 2155608
18 9 45305
21 12 1292806
8 15 298718
22 3 2972
10 13 1378223
8 21 4593
11 0 1108803
9 16 7280
14 15 3105
12 11 544461
13 10 876845
2 17 4830
0 1 4046533
3 12 3453
1 12 1249452
4 15 32292
2 11 21132
3 18 1420
6 13 4453745
4 21 40
7 8 30777
20 16 2450667
18 0 11507712
21 21 47233
12 2 69928
13 3 526
1 5 619688
6 4 324887
7 1 2578706
5 17 137
19 2 26199
20 5 191660
18 21 59556
8 3 539
9 2 513004
11 20 678403
14 3 166
13 22 38403
3 0 13523
6 17 157151
19 11 742022
7 20 522032
22 20 57544
20 12 3504687
18 12 11909
21 1 665732
8 10 12742
9 11 585126
10 0 2166396
8 16 2818
11 13 283389
0 22 32499
14 10 93
15 3 3684
13 15 729352
2 20 342894
0 12 428190
3 9 377
1 9 443467
4 2 154
5 3 180
6 8 104477
19 16 3148
17 0 2372980
7 13 1733598
20 11 190409
18 7 49936
21 10 133143
22 1 563202
9 12 1810998
10 11 360798
11 2 39871
9 22 76171
14 13 139951
12 5 18602
10 21 1357323
15 8 252262
13 8 176957
0 3 269091
1 2 772561
4 9 88
2 9 63000
5 12 17376
3 20 22006
6 3 832
7 10 137385
5 22 4044
20 18 10631025
16 18 4216
21 19 98951
17 19 352614
14 20 420859
13 1 2160256
2 0 1735220
