457
7 3 3379
16 9 6926
19 4 10750738
17 20 972265
22 19 37239
20 7 167563
18 19 717592
21 6 4439335
8 5 14407
9 0 941140
10 7 57803
0 17 158654
14 1 1544
12 17 39932
15 4 289776
13 20 1629732
3 2 129
4 5 10464
16 0 321325
19 13 270608
17 13 1193719
7 22 23393
18 10 25134
21 15 25409
8 12 18204
22 12 159362
9 9 80
8 18 67826
9 19 91908
14 8 3233
12 8 188029
1 21 1504603
15 13 21339
13 13 31352
2 18 1020
3 11 1134
1 15 713136
4 12 732
2 12 317409
5 1 8545
3 17 13308
16 7 56346
19 18 103697
17 6 1121797
7 15 2882353
20 21 449808
18 5 27845
21 8 34265
22 7 19175
10 9 1917696
11 4 46990
9 20 1464302
14 19 1930
12 7 1285801
10 19 19255145
15 10 42799
13 6 6287825
0 5 5830717
1 0 4958534
4 11 34161
2 7 68212
5 10 37228
4 17 1219143
7 4 1960
5 20 2258544
16 20 2437407
21 17 91497
19 1 261178
18 22 6926
8 0 2112635
15 19 231443
11 19 309660
12 20 1390253
16 11 1910
6 18 105154
19 6 695377
17 10 3320
20 1 536234
18 17 302030
21 4 2179
8 7 795042
9 6 5225730
10 5 30473
11 8 262322
0 19 403539
14 7 90
12 19 52996
1 18 1467728
15 6 210729
13 18 216551
0 9 517336
4 7 389862
5 6 158598
16 2 168
6 21 4153526
19 15 32225
17 3 629
7 16 13548
20 8 15347151
18 8 232500
21 13 1829526
22 2 128
9 15 263725
10 12 119436
8 20 33207435
11 1 149839
9 17 45118
12 10 162865
10 22 28937
15 15 3337
13 11 395231
2 16 576
0 0 29223494
3 13 14730
1 13 10066341
2 10 1238
5 15 14130
3 19 109512
6 12 4807025
4 20 39325913
19 20 59581690
17 4 21572
7 9 61411
18 3 668
21 22 172587
22 5 3660
11 6 1065033
12 1 173040
10 17 26306
15 20 211154
13 4 67288
0 7 777602
1 6 40
2 5 64
5 8 58292
6 7 2869249
4 19 14293962
7 6 3473830
5 18 10443
19 3 4132
20 4 15458
18 20 62860229
8 2 196
9 3 1330020
11 21 384181
14 2 1924
12 22 18286
3 1 24176
16 13 242980
6 16 61883
19 8 635977
17 8 255017
7 21 3002216
20 3 1840
18 15 92516
21 2 65164
8 9 12239
22 9 592
9 4 4206
11 10 343364
0 21 754235
12 13 1562354
1 16 80147
15 0 241394
13 16 7485
0 11 1069630
4 1 21151
5 4 3344
16 4 147
6 11 396669
19 17 611657
17 1 341722
7 18 146093
20 10 448795
18 6 578791
21 11 579227
22 0 238316
9 13 276518
8 22 12781
11 3 51660
14 12 40
12 4 11615
10 20 3812336
15 9 1380
13 9 20981
0 2 103556
3 15 3312
1 3 1361
4 8 95505
2 8 5664
5 13 5462119
3 21 4344
6 2 488277
4 22 12199
19 22 271753
7 11 2428306
20 17 390758
18 1 90837
21 20 2720924
12 3 23658
13 2 30520
1 4 175969
6 5 330160
7 0 1650741
5 16 2772
16 8 7392
19 5 6414
17 21 350828
22 18 5105
20 6 2719593
18 18 175417
21 7 3022939
8 4 30408
9 1 1414605
0 16 55370
14 0 19216
12 16 8915
15 5 36712
13 21 741022
16 15 80
6 22 2391
19 10 34453
22 21 188617
20 13 597712
18 13 14117360
21 0 229955
8 11 145302
9 10 46442
8 17 63253
11 12 713248
14 11 2973
12 15 51310
1 22 495512
15 2 535433
2 21 42218
0 13 5619676
3 8 201
1 8 501522
2 15 1791645
5 2 93
16 6 129701
6 9 19150
19 19 38424759
17 7 729360
7 12 4398445
20 20 84193
18 4 33419
21 9 1911577
22 6 125736
10 8 14314277
11 5 4656
9 21 741093
14 18 52
12 6 1218342
10 18 11488432
13 7 3074842
0 4 60725
4 10 22190
2 6 2023573
5 11 17711
6 0 1479530
4 16 2624
7 5 1696463
5 21 412309
20 19 17315
16 19 2144
21 18 45301
17 18 91870
14 21 1453
15 16 256
13 0 7747062
11 16 685
2 1 14357
7 2 100756
16 10 2877
19 7 732609
20 0 1081825
18 16 2301
21 5 59915
8 6 575953
22 10 1433
9 7 4095771
10 4 9295006
11 9 36898
0 18 104138
14 6 1863
12 18 24573
1 19 1207263
15 7 2964491
13 19 102984
0 8 473675
3 5 9297
4 6 296699
5 7 64815
16 1 4258
6 20 2215565
19 12 18088
17 12 37356
7 17 443898
20 15 1022844
18 11 288326
8 13 62146
22 13 252292
9 8 40622
10 15 63475
8 19 10829591
9 18 51147
12 9 22571
1 20 8132583
15 12 3487
13 12 3512262
2 19 426738
0 15 1144554
4 13 241850
2 13 154531
5 0 16394494
6 15 2293297
19 21 5922
17 5 1583
20 22 9003
18 2 69406
22 4 15915
11 7 82931
12 0 473800
10 16 2502123
15 21 17409
13 5 7530155
0 6 5235491
1 7 2654545
2 4 71
5 9 26472
6 6 40206
4 18 143333
7 7 4773052
5 19 117136
16 21 3474
21 16 7127
19 0 4388514
17 16 1551
8 1 544220
15 18 52478
11 18 105510
12 21 508168
16 12 3873
6 19 106164
19 9 5208
17 9 1871054
20 2 15399
21 3 324
22 8 29679
9 5 367456
10 2 805647
0 20 5210067
14 4 62
12 12 104043
1 17 1210773
15 1 67827
13 17 61804
2 22 248
0 10 133331
3 7 1073
1 11 2068662
4 0 2342395
17 2 77
7 19 122789
20 9 335323
18 9 30498
21 12 2077842
8 15 152563
22 3 2304
10 13 2762099
8 21 15886
11 0 806531
9 16 15830
14 15 1728
12 11 420437
13 10 698722
2 17 80
0 1 3080227
3 12 1212991
1 12 3475004
4 15 18720
2 11 3424
3 18 8208
6 13 3808641
4 21 1775
7 8 1440968
20 16 1874150
18 0 10634982
21 21 57722
12 2 167084
1 5 754982
6 4 219381
7 1 4347604
5 17 48
19 2 15328
20 5 29020
18 21 155018
8 3 1500
9 2 527327
11 20 316183
14 3 38
13 22 12013
3 0 35036
6 17 57378
19 11 740188
7 20 401012
22 20 49135
20 12 181467
18 12 18299
21 1 662432
8 10 7600
9 11 777365
10 0 1048420
8 16 28469
11 13 188300
0 22 82271
14 10 1337
15 3 168
13 15 93987
2 20 25152
0 12 679347
3 9 25097
1 9 468407
5 3 8583
16 5 202
6 8 76285
19 16 40
17 0 1690578
7 13 1672314
20 11 546693
18 7 49125
21 10 290377
22 1 1780541
9 12 2792948
10 11 205966
11 2 6943
9 22 79883
14 13 113093
12 5 61756
10 21 951219
15 8 88228
13 8 100118
0 3 2543
1 2 410850
2 9 63334
5 12 2173
3 20 61387
7 10 83931
5 22 1933
20 18 11020625
16 18 2641
21 19 72442
17 19 736208
14 20 306140
13 1 576148
2 0 1511945
