457
7 3 1208
16 9 5122
19 4 14421190
17 20 197151
22 19 61917
20 7 204895
18 19 117479
21 6 594599
8 5 7321
9 0 471688
10 7 53885
0 17 860271
14 1 1946
12 17 44392
15 4 618367
13 20 4107328
3 2 1876
4 5 623
16 0 536141
19 13 104973
17 13 75094
7 22 31101
18 10 374619
21 15 13060
8 12 45126
22 12 14659
8 18 91188
9 19 27944
14 8 51
12 8 145637
1 21 1835902
15 13 54767
2 18 3704
3 11 34742
1 15 995043
4 12 725
2 12 516262
5 1 10223
3 17 720698
16 7 171470
19 18 86997
17 6 2344122
7 15 2328414
20 21 1350314
18 5 39611
21 8 10294
22 7 65956
10 9 1504400
11 4 205024
9 20 2900997
14 19 60
12 7 1674212
10 19 25312057
15 10 17266
13 6 5717709
0 5 5218072
1 0 5095386
4 11 350653
2 7 132280
5 10 2571
3 22 3000
4 17 5998
7 4 1662
5 20 2277364
16 20 3178188
21 17 228218
19 1 693856
18 22 17239
8 0 2682498
15 19 1156698
11 19 274366
12 20 751707
16 11 1915
6 18 146526
19 6 625673
17 10 22246
20 1 2466826
18 17 670733
21 4 675
8 7 355288
9 6 2504999
10 5 44979
11 8 251380
0 19 749344
14 7 4883
12 19 222655
1 18 518377
15 6 508496
13 18 425257
0 9 185015
3 4 1620
4 7 778923
5 6 120992
16 2 5858
6 21 389623
19 15 111103
17 3 26124
7 16 20331
20 8 21979681
18 8 172243
21 13 2837118
22 2 53
9 15 276127
10 12 747394
8 20 40108772
11 1 203367
9 17 14899
12 10 108703
10 22 22163
13 11 411664
2 16 1819
3 13 11950
1 13 8140758
2 10 823
5 15 3997
3 19 4635
6 12 4827702
4 20 34940643
19 20 56457655
17 4 1861
7 9 3687
18 3 2208
21 22 7139
22 5 269
11 6 1080214
14 17 42
12 1 21227
10 17 284345
15 20 262406
13 4 56826
0 7 1186381
2 5 4074
5 8 44824
6 7 1051593
4 19 17964357
7 6 602252
5 18 65557
16 22 502
19 3 126
20 4 52184
18 20 69009356
8 2 3353
9 3 4635
11 21 118243
14 2 1561
12 22 4670
3 1 11987
16 13 581572
6 16 288707
19 8 110656
17 8 90341
7 21 1105713
20 3 42407
18 15 134270
21 2 13265
8 9 12132
22 9 60
9 4 78434
11 10 23084
0 21 266628
12 13 629796
1 16 728131
15 0 535389
13 16 135747
0 11 2040146
4 1 27275
5 4 5339
16 4 52
6 11 417538
19 17 217240
17 1 424001
7 18 18888
20 10 3261966
18 6 598122
21 11 79677
22 0 115741
9 13 760826
8 22 198835
11 3 8907
14 12 2508
12 4 30088
10 20 1475408
15 9 3247
13 9 2240
0 2 191299
3 15 316
1 3 6149
4 8 123920
2 8 8923
5 13 5008615
3 21 19916
6 2 516619
4 22 2021
19 22 25518
7 11 671488
20 17 799445
18 1 52173
16 17 40
21 20 3376675
12 3 11680
13 2 45881
1 4 336373
2 3 18328
6 5 396005
7 0 2128809
5 16 136
16 8 5110
19 5 64429
17 21 330706
22 18 4733
20 6 3173536
21 7 369480
8 4 36034
9 1 594292
0 16 184017
14 0 25664
12 16 17856
15 5 14425
13 21 625891
16 15 410
6 22 69091
19 10 150048
22 21 185536
20 13 838806
18 13 15555134
21 0 291374
8 11 402353
22 15 4020
9 10 9944
8 17 31977
11 12 823093
14 11 140
12 15 84088
1 22 855054
15 2 490324
2 21 63608
0 13 7126169
3 8 8840
1 8 474973
4 3 206
2 15 1296105
5 2 200
16 6 154998
6 9 70396
17 7 194650
7 12 2456685
18 4 60877
21 9 2675304
22 6 221631
10 8 22140053
11 5 97027
9 21 386582
14 18 1661
12 6 1039445
10 18 15640793
15 11 6392
13 7 1837733
0 4 112295
4 10 6810
2 6 2070863
5 11 7407
6 0 1687111
4 16 143
7 5 1548709
5 21 6827
20 19 70007
16 19 8243
21 18 44245
17 18 113052
14 21 136
15 16 25768
13 0 11752282
11 16 23916
2 1 444399
7 2 42049
16 10 11581
19 7 1504763
22 16 6000
20 0 715436
18 16 4833
21 5 10996
8 6 290685
22 10 1997
9 7 1101979
10 4 12430307
11 9 25895
0 18 286606
14 6 968
12 18 82583
1 19 1707965
15 7 3144451
13 19 108416
0 8 349856
3 5 2496
4 6 247094
5 7 73710
16 1 18866
6 20 1400320
19 12 21232
17 12 83076
7 17 39336
20 15 413050
18 11 164254
8 13 210430
22 13 34756
9 8 10096
10 15 182672
8 19 14542820
9 18 55101
14 9 817
12 9 27218
1 20 7106511
15 12 30280
13 12 522436
2 19 494347
0 15 1223622
4 13 56403
2 13 68673
5 0 15384787
6 15 250953
19 21 30762
17 5 2893
20 22 12033
18 2 73067
22 4 7694
11 7 57000
12 0 383888
10 16 7838862
15 21 25662
13 5 5409721
0 6 5128216
1 7 1203103
2 4 112
5 9 19764
4 18 18309
5 19 56660
16 21 12425
21 16 26127
19 0 4295640
17 16 209
8 1 469320
15 18 37164
11 18 51693
12 21 531441
16 12 3542
6 19 308540
19 9 5093
17 9 1240022
20 2 1619872
21 3 1618
22 8 23060
9 5 298784
10 2 275611
0 20 3613722
1 17 1970835
15 1 49491
13 17 84199
0 10 208071
3 7 13442
1 11 1060030
4 0 3028692
17 2 8671
7 19 180819
20 9 677902
18 9 40349
21 12 359304
8 15 66366
22 3 308
10 13 2395355
8 21 24907
11 0 1330980
9 16 28379
14 15 4084
12 11 346227
13 10 187060
2 17 1746
0 1 2550197
3 12 25916
1 12 992935
4 15 472929
2 11 233993
3 18 3104
6 13 3306954
4 21 415
7 8 45614
20 16 6455859
18 0 12700354
14 22 99
12 2 116454
13 3 1460
1 5 313891
6 4 51811
7 1 652544
5 17 32220
19 2 18437
20 5 8905
18 21 377802
8 3 145
9 2 142458
11 20 1600996
13 22 21892
3 0 102276
6 17 460081
19 11 365081
7 20 686759
22 20 19637
20 12 303773
18 12 50365
21 1 403212
8 10 22708
9 11 123351
10 0 2270672
8 16 3344
11 13 120873
0 22 181292
14 10 103
15 3 252
13 15 64948
2 20 97443
0 12 876713
3 9 336
1 9 1310714
4 2 93
5 3 13660
16 5 1981
6 8 99686
19 16 3213
17 0 834626
7 13 3897140
20 11 902968
18 7 142331
21 10 148059
22 1 48626
9 12 527261
10 11 251862
11 2 7619
9 22 484
14 13 287255
12 5 25919
10 21 2187685
15 8 579854
13 8 155398
0 3 3098585
1 2 1389744
4 9 119
2 9 252
5 12 119172
3 20 68041
7 10 2140
5 22 7020
20 18 14213550
16 18 3566
21 19 151158
17 19 124430
14 20 508830
13 1 1371320
2 0 1833284
