454
7 3 2507
16 9 3346
19 4 8612071
17 20 33517
22 19 42230
20 7 75792
18 19 92601
21 6 1899719
8 5 186456
9 0 963561
10 7 694818
0 17 148940
14 1 1200
12 17 111716
15 4 169100
13 20 2189201
3 2 4500
4 5 158
16 0 244389
19 13 106249
17 13 42992
7 22 334526
18 10 404259
21 15 14717
8 12 4188
22 12 481
9 9 1396
8 18 8332
11 15 52
9 19 17268
14 8 51
12 8 62155
1 21 956855
15 13 23133
13 13 10904
2 18 1180
3 11 8672
1 15 456429
4 12 777
2 12 322711
5 1 11484
3 17 3000
16 7 86155
19 18 31615
17 6 850877
7 15 2996927
20 21 547412
18 5 63141
21 8 24298
22 7 15823
10 9 1668038
11 4 291193
9 20 977696
14 19 44
12 7 727862
10 19 15537219
15 10 8547
13 6 8052477
0 5 4320744
1 0 2885370
4 11 25794
2 7 173806
5 10 443
3 22 1538
4 17 296
7 4 293
5 20 1863481
16 20 2179799
21 17 192320
19 1 168323
18 22 12153
8 0 2265591
15 19 506066
11 19 286453
12 20 452276
16 11 215
6 18 128095
19 6 1158771
17 10 395887
20 1 3585721
18 17 410474
21 4 204
8 7 306656
9 6 4655002
10 5 402872
11 8 211633
0 19 246164
14 7 2081
12 19 27143
1 18 379002
15 6 239058
13 18 117939
0 9 45721
4 7 537523
5 6 214419
16 2 1420
6 21 752561
19 15 23274
17 3 94
7 16 6558
20 8 12656613
18 8 51504
21 13 1001223
9 15 84594
10 12 255481
8 20 31784508
11 1 447329
9 17 1459
12 10 82141
10 22 14075
15 15 1791
13 11 44485
2 16 10317
0 0 27614317
3 13 55
1 13 4326898
2 10 361937
5 15 21734
3 19 24196
6 12 3742589
4 20 28378550
19 20 51618219
17 4 10500
7 9 4232
18 3 194
21 22 1844
22 5 72
11 6 1296340
14 17 52
12 1 15129
10 17 55852
15 20 128006
13 4 9546
0 7 925061
1 6 40
2 5 45
5 8 10580
6 7 1924840
4 19 12086033
7 6 704055
5 18 19635
16 22 40
19 3 464
20 4 2509
18 20 57583082
8 2 2111
9 3 229
11 21 36763
12 22 10432
3 1 1214
16 13 424254
6 16 48137
19 8 138463
17 8 599963
7 21 2091266
20 3 1336
18 15 22411
21 2 19940
8 9 5290
22 9 369
9 4 15079
11 10 186256
0 21 234059
14 5 1440
12 13 999230
1 16 205984
15 0 434801
13 16 24567
0 11 310606
3 6 6504
4 1 236919
5 4 3034
6 11 229699
19 17 77658
17 1 402201
7 18 217865
20 10 152496
18 6 537000
21 11 280985
22 0 11828
9 13 387307
8 22 1416
11 3 4600
14 12 234
12 4 32702
10 20 1120532
15 9 2103
13 9 3517
0 2 360482
3 15 6264
1 3 2915
4 8 136970
2 8 48
5 13 5184579
3 21 1971
6 2 367434
4 22 12076
19 22 25798
7 11 1053713
20 17 9050
18 1 48723
16 17 103
21 20 3486551
12 3 43109
13 2 17429
1 4 72580
2 3 330
6 5 254867
7 0 1931219
16 8 1543
19 5 110376
17 21 4802
22 18 10683
20 6 2974268
18 18 122604
21 7 545627
8 4 26823
9 1 628212
0 16 8724
14 0 20734
12 16 5747
15 5 15925
13 21 323381
16 15 7179
6 22 7512
19 10 230297
22 21 3451
20 13 960858
18 13 9719950
21 0 618944
8 11 91871
9 10 168824
8 17 31119
11 12 26891
14 11 473
12 15 103414
1 22 212513
15 2 485851
2 21 61945
0 13 5497214
1 8 395429
4 3 60
2 15 1823034
5 2 40
16 6 100548
6 9 191582
19 19 31040393
17 7 432461
7 12 4413667
20 20 121882
18 4 39618
21 9 27323
22 6 206817
10 8 13786002
11 5 11163
9 21 240012
14 18 138
12 6 3287311
10 18 11246431
13 7 956871
0 4 31564
4 10 6572
2 6 1889138
5 11 6369
6 0 573477
7 5 1781404
5 21 7927
20 19 106178
16 19 3353
21 18 26896
17 18 247890
14 21 215
15 16 296
13 0 8032547
11 16 5124
2 1 60252
7 2 2134
16 10 28787
19 7 989113
22 16 1442
20 0 526081
18 16 3761
21 5 206682
8 6 272993
22 10 156522
9 7 377850
10 4 5465622
11 9 27303
0 18 30491
14 6 5761
12 18 53437
1 19 2212786
15 7 3301594
13 19 16100
0 8 114692
3 5 40
4 6 248070
5 7 78245
16 1 1592
6 20 772172
19 12 5148
17 12 2124
7 17 703358
20 15 1485636
18 11 232592
8 13 8665
22 13 5219
9 8 15059
10 15 107886
8 19 10191651
9 18 102522
12 9 15054
1 20 3436124
15 12 17658
13 12 668042
2 19 435537
0 15 1711998
4 13 20604
2 13 16313
5 0 15475070
6 15 191932
19 21 4517
17 5 557
20 22 26146
18 2 58436
22 4 1839
11 7 53009
12 0 230661
10 16 3087208
15 21 3437
13 5 4448014
0 6 6544651
1 7 377819
2 4 152
5 9 14013
6 6 92493
4 18 8134
7 7 2715472
5 19 22875
16 21 3816
21 16 15389
19 0 4022642
8 1 258026
15 18 74173
11 18 95838
12 21 173797
16 12 17130
6 19 255676
19 9 5539
17 9 2452
20 2 835451
21 3 1545
22 8 9767
9 5 192680
10 2 260514
0 20 2428550
12 12 2892
1 17 241772
15 1 12945
13 17 8461
0 10 296544
3 7 3461
1 11 1031341
4 0 2327712
17 2 8382
7 19 467404
20 9 398654
18 9 39861
21 12 337157
8 15 48047
10 13 1971777
8 21 26578
11 0 350244
9 16 9453
14 15 96
12 11 417524
13 10 352040
2 17 1641
0 1 1095243
3 12 8168
1 12 749502
4 15 13247
2 11 15293
3 18 1501
6 13 2659337
4 21 2658
7 8 10542
20 16 2169658
18 0 9929985
21 21 76719
12 2 64338
1 5 271083
6 4 119815
7 1 1859233
5 17 5165
19 2 53410
20 5 9857
18 21 116988
9 2 105706
11 20 203545
13 22 2525
3 0 9819
6 17 96984
19 11 213619
7 20 84412
22 20 1174557
20 12 110951
18 12 9449
21 1 473844
8 10 30120
9 11 612383
10 0 1115287
8 16 120
11 13 64286
0 22 6237
15 3 105146
13 15 264882
2 20 84266
0 12 734171
1 9 272747
5 3 48
16 5 1552
6 8 96723
19 16 505
17 0 141829
7 13 785925
20 11 153904
18 7 146391
21 10 195688
22 1 232782
9 12 1361584
10 11 226689
11 2 512
9 22 57267
14 13 171279
12 5 37096
10 21 1771984
15 8 217290
13 8 62845
0 3 5785
1 2 425860
4 9 612
2 9 284
5 12 11700
3 20 52004
7 10 82837
5 22 292
20 18 9568087
16 18 1008
21 19 88271
17 19 85116
14 20 322149
13 1 185667
2 0 1535398
