462
7 3 6656
16 9 12496
19 4 26693464
17 20 732754
22 19 336787
20 7 726169
18 19 402669
21 6 2965072
8 5 37688
9 0 1312041
10 7 1556087
0 17 2223267
14 1 17802
12 17 163510
15 4 869573
13 20 4470658
3 2 14936
4 5 21147
16 0 464178
19 13 727805
17 13 156516
7 22 18337
18 10 31996
21 15 88035
8 12 128687
22 12 7150
8 18 68921
9 19 178000
14 8 256
12 8 87879
1 21 4575541
15 13 307616
2 18 19672
3 11 79063
1 15 2153988
4 12 172690
2 12 829046
5 1 91188
3 17 27760
16 7 306822
19 18 229271
17 6 405900
7 15 3403019
20 21 2799644
18 5 127469
21 8 70988
22 7 548094
10 9 5142375
11 4 286941
9 20 2200129
14 19 2089
12 7 1208627
10 19 50145280
15 10 48624
13 6 8960200
0 5 25451109
1 0 9761040
4 11 135464
2 7 608605
5 10 8284
3 22 40
4 17 53430
7 4 61727
5 20 3063698
16 20 3072029
21 17 71893
19 1 607221
18 22 225809
8 0 5040746
15 19 1756570
11 19 786681
12 20 2441718
16 11 7648
6 18 856916
19 6 1689468
17 10 15313
20 1 2937789
18 17 695154
21 4 43234
8 7 1621781
9 6 5671083
10 5 1009931
11 8 433155
0 19 2157959
14 7 36760
12 19 137790
1 18 1904000
15 6 473291
13 18 1071001
0 9 672172
3 4 20874
4 7 586257
5 6 281333
16 2 19413
6 21 2668333
19 15 220835
17 3 1021
7 16 194692
20 8 31024549
18 8 565699
21 13 3402782
22 2 1606
9 15 511197
10 12 2864399
8 20 41276960
11 1 982408
9 17 136761
12 10 36365
10 22 22724
13 11 347539
2 16 4884
3 13 23462
1 13 11589900
2 10 22480
5 15 427
3 19 158437
6 12 8644965
4 20 42297737
19 20 60263470
17 4 36778
7 9 1172917
18 3 34450
21 22 291725
22 5 10591
11 6 2455339
12 1 254294
10 17 800551
15 20 1243363
13 4 109399
0 7 2263269
2 5 35416
5 8 18541
6 7 14449123
4 19 16958756
7 6 508621
5 18 101035
16 22 292
19 3 6766
20 4 75795
18 20 73907616
8 2 75438
9 3 14576
11 21 611446
14 2 14267
12 22 14117
3 1 162603
16 13 583386
6 16 122509
19 8 425290
17 8 198763
7 21 1707486
20 3 81471
18 15 436306
21 2 63628
8 9 9862
22 9 122717
9 4 465453
11 10 77532
0 21 1853714
14 5 1774
12 13 1309711
1 16 551273
15 0 545711
13 16 80545
0 11 3291920
3 6 8209
4 1 35085
5 4 23823
16 4 3825
6 11 580822
19 17 923029
17 1 1470117
7 18 268842
20 10 156934
18 6 833213
21 11 691862
22 0 435397
9 13 685530
8 22 85532
11 3 80980
14 12 14626
12 4 58656
10 20 4337992
15 9 56833
13 9 103963
0 2 954216
3 15 44904
1 3 18887
4 8 952655
2 8 14735
5 13 7086440
3 21 330069
6 2 795489
4 22 81502
19 22 203533
7 11 203163
20 17 1407510
18 1 328959
16 17 5452
21 20 4141047
12 3 163080
13 2 609898
1 4 711567
2 3 130120
6 5 234152
7 0 1514077
5 16 2519
16 8 2609
19 5 77456
17 21 482261
22 18 60366
20 6 3721001
21 7 799682
8 4 5257397
9 1 1112118
0 16 155834
14 0 67867
12 16 19691
15 5 2708
13 21 998328
16 15 449
6 22 43292
19 10 78869
22 21 131587
20 13 3972309
18 13 14025117
21 0 1611839
8 11 505467
9 10 94691
8 17 487048
11 12 130505
14 11 180
12 15 643018
1 22 763900
15 2 459298
2 21 34510
0 13 10793084
3 8 779
1 8 856110
4 3 41401
2 15 1873360
5 2 31246
16 6 163445
6 9 86977
17 7 96717
7 12 1262546
18 4 90226
21 9 597934
22 6 151479
10 8 33220641
11 5 145844
9 21 3089851
14 18 7892
12 6 3454046
10 18 41722480
15 11 1500
13 7 2614783
0 4 780423
4 10 43981
2 6 1732866
5 11 51552
6 0 3162882
4 16 3498
7 5 1342487
5 21 220972
20 19 1363972
16 19 15512
21 18 409319
17 18 141093
14 21 13376
15 16 11200
13 0 20097897
11 16 6494
2 1 1303568
7 2 42090
16 10 98853
19 7 1599152
22 16 206
20 0 1899133
18 16 44282
21 5 311231
8 6 418341
22 10 2942
9 7 1450957
10 4 22506890
11 9 293469
0 18 1633268
14 6 23667
12 18 200385
1 19 2546149
15 7 3635273
13 19 308691
0 8 1936320
3 5 58853
4 6 528788
5 7 73838
16 1 9189
6 20 3798526
19 12 170469
17 12 131411
7 17 63805
20 15 2263818
18 11 287817
8 13 121202
22 13 64153
9 8 154574
10 15 185579
8 19 15253285
9 18 108794
14 9 9550
12 9 671105
1 20 14036706
15 12 359039
13 12 2592339
2 19 404885
0 15 1942590
4 13 93093
2 13 556210
5 0 20106718
3 16 1045
6 15 258787
19 21 326924
17 5 22665
20 22 79387
18 2 189505
22 4 11048
11 7 178146
14 16 686
12 0 826375
10 16 7284902
15 21 103102
13 5 21462286
0 6 7557564
1 7 1075075
2 4 6545
5 9 21627
4 18 59709
5 19 49153
16 21 375984
21 16 22423
19 0 5889406
17 16 185
8 1 667954
15 18 294827
11 18 594928
12 21 1271465
16 12 18139
6 19 502909
19 9 25037
17 9 1103250
20 2 2256777
21 3 18753
22 8 60003
9 5 159344
10 2 460453
0 20 12611214
1 17 2061820
15 1 157787
13 17 234644
2 22 136
0 10 199566
3 7 20351
1 11 2860278
4 0 4133184
16 3 118
17 2 285675
7 19 476086
20 9 2996484
18 9 225437
21 12 1219323
8 15 435819
22 3 90
10 13 5196013
8 21 45473
11 0 2187777
9 16 21490
14 15 8411
12 11 570217
13 10 305688
2 17 48054
0 1 6563151
3 12 626138
1 12 4307407
4 15 182643
2 11 221754
3 18 21240
6 13 4694764
4 21 99276
7 8 61634
20 16 6378298
18 0 14611638
12 2 578745
13 3 5411
1 5 679129
6 4 174506
7 1 311907
5 17 15311
19 2 24230
20 5 213797
18 21 63314
8 3 1719
9 2 355345
11 20 4029522
14 3 6079
13 22 132537
3 0 470817
6 17 229356
19 11 330677
7 20 2349505
22 20 360284
20 12 2899585
18 12 164109
21 1 1036960
8 10 322982
9 11 674966
10 0 5233965
8 16 15613
11 13 1293253
0 22 744887
14 10 88
15 3 28080
13 15 868406
2 20 653329
0 12 636057
3 9 234529
1 9 4285956
4 2 3912
5 3 5328
16 5 164
6 8 176624
19 16 2204
17 0 1417908
7 13 2687128
20 11 882745
18 7 443591
21 10 663093
22 1 121672
9 12 3117306
10 11 484111
11 2 40305
9 22 119583
14 13 386777
12 5 407592
10 21 5565154
15 8 708773
13 8 182464
0 3 45839
1 2 2465607
4 9 1420
2 9 6949
5 12 50749
3 20 446700
6 3 1545
7 10 47310
5 22 3433
20 18 35696145
16 18 14480
21 19 405927
17 19 999744
14 20 855958
13 1 3068942
2 0 1510621
