470
7 3 5519
16 9 15263
19 4 14818521
17 20 1478535
22 19 201966
20 7 233469
18 19 434299
21 6 1924540
8 5 2254
9 0 4557013
10 7 547150
0 17 1414186
14 1 898
12 17 462601
15 4 438249
13 20 2338690
3 2 4479
4 5 12965
16 0 543376
19 13 56551
17 13 736683
7 22 400007
18 10 93939
21 15 69061
8 12 39138
22 12 19799
9 9 161699
8 18 50494
9 19 114428
14 8 323
12 8 185977
1 21 1957750
15 13 67581
13 13 232762
2 18 4887
3 11 10395
1 15 800747
4 12 6654
2 12 476507
5 1 24742
3 17 28462
16 7 18793
19 18 406861
17 6 1342777
7 15 2552086
20 21 1796628
18 5 22012
21 8 28012
22 7 52797
10 9 2004836
11 4 92404
9 20 10028100
14 19 2620
12 7 1948197
10 19 39437764
15 10 125590
13 6 9682941
0 5 5629425
1 0 5563505
4 11 63546
2 7 101575
5 10 13470
3 22 9000
4 17 15848
7 4 6565
5 20 3215079
16 20 3178432
21 17 417199
19 1 2807726
18 22 194657
8 0 6780641
15 19 1087202
11 19 368412
12 20 1645369
16 11 2450
6 18 277487
19 6 963624
17 10 8761
20 1 611120
18 17 197183
21 4 15630
8 7 129921
9 6 6772738
10 5 25881
11 8 255591
0 19 1045477
14 7 8065
12 19 156641
1 18 2025817
15 6 478305
13 18 741266
0 9 698516
3 4 23056
4 7 82056
5 6 170614
16 2 6492
6 21 492363
19 15 175868
17 3 936
7 16 34575
20 8 21357802
18 8 74915
21 13 1146911
22 2 59
9 15 285941
10 12 961426
8 20 33959504
11 1 394698
9 17 24481
12 10 46001
10 22 210930
15 15 447
13 11 232931
2 16 6065
0 0 34071315
3 13 150
1 13 4974593
2 10 7224
5 15 4839
3 19 135560
6 12 2272724
4 20 31424085
19 20 55168768
17 4 27237
7 9 2155789
18 3 4049
21 22 230177
22 5 53035
11 6 1394413
14 17 120
12 1 52471
10 17 142645
15 20 563938
13 4 137570
0 7 2743805
1 6 515
2 5 17343
5 8 8360
6 7 2199377
4 19 13309167
7 6 682943
5 18 50809
19 3 3034
20 4 64554
18 20 65094121
8 2 9821
9 3 2272
11 21 180561
14 2 2833
12 22 23165
3 1 23486
16 13 556761
6 16 243842
19 8 122960
17 8 160919
7 21 353273
20 3 4085
18 15 51102
21 2 86039
8 9 8143
22 9 8695
9 4 12135
11 10 162717
0 21 593786
14 5 1466
12 13 1215506
1 16 846052
15 0 328937
13 16 211013
0 11 1179756
3 6 18141
4 1 30702
5 4 4920
16 4 92
6 11 260296
19 17 402783
17 1 1741866
7 18 164499
20 10 324176
18 6 694606
21 11 423174
22 0 77760
9 13 525875
8 22 510998
11 3 26878
14 12 7815
12 4 1288
10 20 3006159
15 9 1554
13 9 8351
0 2 899778
3 15 3356
1 3 9910
4 8 115542
2 8 30053
5 13 5225199
3 21 25284
6 2 544742
4 22 3932
19 22 398183
7 11 329172
20 17 692075
18 1 320525
16 17 7911
21 20 1580417
12 3 63204
13 2 331830
1 4 230383
2 3 52
6 5 269050
7 0 2376921
5 16 523
16 8 859
19 5 10130
17 21 145633
22 18 18817
20 6 5041183
18 18 318250
21 7 729847
8 4 3436801
9 1 186930
0 16 99906
14 0 83196
12 16 25573
15 5 7688
13 21 607644
16 15 89940
6 22 49674
19 10 354160
22 21 166172
20 13 361850
18 13 13558453
21 0 243537
8 11 259182
9 10 124848
8 17 243977
11 12 117307
14 11 1307
12 15 74019
1 22 303916
15 2 531946
2 21 9836
0 13 5534630
3 8 3056
1 8 600646
4 3 7519
2 15 1554565
5 2 2142
16 6 210767
6 9 120961
19 19 47685265
17 7 100358
7 12 1088152
20 20 146641
18 4 108658
21 9 704332
22 6 318625
10 8 27653211
11 5 104582
9 21 1839607
14 18 2062
12 6 2627988
10 18 24958833
15 11 62
13 7 2996798
0 4 184227
4 10 43122
2 6 2256407
5 11 60584
6 0 1852626
4 16 5412
7 5 1447128
5 21 30311
20 19 742438
16 19 19146
21 18 101541
17 18 52943
14 21 1699
15 16 6457
13 0 16106373
11 16 55452
2 1 77612
7 2 353937
16 10 30390
19 7 2104567
20 0 1527872
18 16 3885
21 5 365798
8 6 630726
22 10 3064
9 7 3501928
10 4 15099909
11 9 71118
0 18 271132
14 6 16443
12 18 146685
1 19 1539177
15 7 3287273
13 19 141769
0 8 8008075
3 5 61
4 6 455300
5 7 57286
16 1 11343
6 20 12887266
19 12 49732
17 12 1490658
7 17 28502
20 15 1053188
18 11 185217
8 13 346502
22 13 29079
9 8 91082
10 15 259271
8 19 6470656
9 18 41569
14 9 384
12 9 98466
1 20 4914981
15 12 79581
13 12 1410244
2 19 377744
0 15 799032
3 10 1500
4 13 19383
2 13 110577
5 0 17164579
3 16 13490
6 15 321497
19 21 35793
17 5 1783
20 22 21439
18 2 16065
22 4 1322
11 7 34616
12 0 518336
10 16 7183322
15 21 13201
13 5 5548502
0 6 6291195
1 7 1103324
5 9 38574
6 6 29836
4 18 9866
7 7 9408228
5 19 15175
16 21 7842
21 16 5123
19 0 12267576
17 16 2852
8 1 306783
15 18 11304
11 18 364523
12 21 911283
16 12 3579
6 19 608462
19 9 81786
17 9 33589
20 2 279288
21 3 3282
22 8 153461
9 5 13923
10 2 914168
0 20 7117173
12 12 756
1 17 2945862
15 1 138528
13 17 92617
2 22 56
0 10 588615
3 7 1981
1 11 2288074
4 0 7358329
16 3 104
17 2 423
7 19 1203521
20 9 1611976
18 9 53135
21 12 477551
8 15 197047
22 3 128
10 13 3092165
8 21 17625
11 0 798553
9 16 15503
14 15 3762
12 11 788828
13 10 822855
2 17 9632
0 1 2574024
3 12 1844193
1 12 2365977
4 15 46313
2 11 40832
3 18 35992
6 13 4626874
4 21 179772
7 8 99332
20 16 3934544
18 0 12014519
21 21 60583
12 2 253808
13 3 280
1 5 149966
6 4 38705
7 1 649850
5 17 198
19 2 14694
20 5 29928
18 21 182506
8 3 52
9 2 104427
11 20 519024
13 22 6078
3 0 172430
6 17 359204
19 11 550164
7 20 1313795
22 20 57121
20 12 567424
18 12 87195
21 1 260739
8 10 35584
9 11 311862
10 0 3863231
8 16 3914
11 13 633579
0 22 305806
14 10 260
15 3 35492
13 15 183539
2 20 390388
0 12 707502
3 9 43695
1 9 768439
4 2 110
5 3 239
16 5 52
6 8 76821
19 16 754
17 0 273275
7 13 956842
20 11 1971288
18 7 74563
21 10 166167
22 1 41386
9 12 231404
10 11 977642
11 2 107598
9 22 276957
14 13 385759
12 5 56320
10 21 1533441
15 8 1371433
13 8 189519
0 3 1994905
1 2 686040
4 9 138
2 9 1708
5 12 22591
3 20 152984
7 10 84623
5 22 1500
20 18 20321566
16 18 5957
21 19 211917
17 19 681009
14 20 1396504
13 1 839560
2 0 1497714
