457
7 3 1510
16 9 3803
19 4 8315734
17 20 1366123
22 19 169989
20 7 212232
18 19 891820
21 6 1431685
8 5 4355
9 0 1421973
10 7 58671
0 17 326469
14 1 3448
12 17 35413
15 4 647129
13 20 892922
3 2 1687
4 5 207
16 0 63094
19 13 45582
17 13 583262
7 22 285721
18 10 22980
21 15 17248
8 12 43762
22 12 4956
9 9 3739
8 18 16898
9 19 13051
14 8 148
12 8 55592
1 21 1168573
15 13 232654
13 13 51946
2 18 19179
3 11 10725
1 15 578321
4 12 1542
2 12 415595
5 1 4193
16 7 175266
19 18 30103
17 6 836908
7 15 2665910
20 21 1388114
18 5 6024
21 8 36820
22 7 9346
10 9 1407748
11 4 490344
9 20 2576858
14 19 59
12 7 555204
10 19 22540870
15 10 23299
13 6 5579314
0 5 4882897
1 0 4966444
4 11 20915
2 7 570
5 10 15992
3 22 3038
4 17 2728
7 4 111
5 20 1399433
16 20 3198031
21 17 739343
19 1 90381
18 22 883
8 0 437669
15 19 428580
11 19 210769
12 20 426395
16 11 2069
6 18 64754
19 6 591581
17 10 5680
20 1 761088
18 17 14239
21 4 17161
8 7 298729
9 6 5840517
10 5 326825
11 8 164485
0 19 965536
14 7 6550
12 19 28975
1 18 303549
15 6 688514
13 18 378143
0 9 249879
4 7 324079
5 6 243940
16 2 64
6 21 293445
19 15 23586
7 16 62229
20 8 15330095
18 8 264007
21 13 1099264
22 2 39
9 15 362474
10 12 572603
8 20 35092387
11 1 133074
9 17 912758
12 10 11723
10 22 213020
15 15 3674
13 11 49051
2 16 242
0 0 18722704
3 13 3277
1 13 4661917
2 10 355465
5 15 2117
3 19 33052
6 12 5138988
4 20 22620200
19 20 41779279
17 4 151222
7 9 6903406
18 3 5288
21 22 101169
22 5 147
11 6 1083395
14 17 80
12 1 38957
10 17 90256
15 20 337478
13 4 8278
0 7 1071944
5 8 18484
6 7 99836
4 19 14567371
7 6 383795
5 18 4199
19 3 742
20 4 9658
18 20 69354959
8 2 1519667
9 3 354
11 21 20692
14 2 1484
12 22 6162
3 1 4715
16 13 521602
6 16 146357
19 8 174695
17 8 68294
7 21 987484
20 3 1696
18 15 8306
21 2 22288
8 9 22943
22 9 4634
9 4 25107
11 10 40957
0 21 248533
14 5 56
12 13 374642
1 16 1064083
15 0 361226
13 16 35513
0 11 1141061
3 6 10213
4 1 2076
5 4 72
16 4 41
6 11 264435
19 17 51047
17 1 1282347
7 18 20138
20 10 418705
18 6 670247
21 11 316449
22 0 2462847
9 13 3078924
8 22 80030
11 3 809
14 12 210
12 4 2683
10 20 1613822
15 9 495885
13 9 302793
0 2 124770
3 15 6455
1 3 84828
4 8 32033
2 8 26189
5 13 4297331
3 21 2887
6 2 454350
4 22 4336
19 22 3257
7 11 836354
20 17 76544
18 1 169741
16 17 196
21 20 3575624
12 3 37644
13 2 64734
1 4 369920
6 5 233089
7 0 2235072
5 16 2972
16 8 80
19 5 148204
17 21 264293
22 18 2409
20 6 4666499
18 18 67820
21 7 795848
8 4 54864
9 1 2764515
0 16 27512
14 0 2983
12 16 32838
15 5 316
13 21 143843
16 15 272
6 22 9287
19 10 258060
22 21 2869
20 13 175345
18 13 11524112
21 0 210811
8 11 1207769
9 10 414629
8 17 36547
11 12 255733
14 11 1761
12 15 48866
1 22 103078
15 2 497380
2 21 61431
0 13 2859730
1 8 375992
2 15 1474961
16 6 142347
6 9 4700537
19 19 42900666
17 7 155982
7 12 381989
20 20 979830
18 4 26261
21 9 3137605
22 6 132890
10 8 16540995
11 5 7724
9 21 527157
12 6 1244980
10 18 13843883
13 7 1727694
0 4 12839
4 10 51133
2 6 1817312
5 11 25854
6 0 817355
7 5 1643572
5 21 90788
20 19 83410
16 19 1829
21 18 49260
17 18 18304
14 21 1838
13 0 7062885
11 16 49582
2 1 387180
7 2 6083
16 10 76702
19 7 1855962
22 16 178
20 0 964102
18 16 6594
21 5 57715
8 6 157320
22 10 576
9 7 3002308
10 4 6481041
11 9 21885
0 18 101099
14 6 790
12 18 35287
1 19 736716
15 7 2544305
13 19 45497
0 8 595558
4 6 250951
5 7 160868
16 1 3929
6 20 9166081
19 12 47693
17 12 604502
7 17 741870
20 15 151049
18 11 158126
8 13 104362
22 13 17214
9 8 375030
10 15 529637
8 19 6116025
9 18 30978
14 9 2580
12 9 304536
1 20 5463019
15 12 34080
13 12 336241
2 19 43159
0 15 698492
4 13 150468
2 13 20465
5 0 14594716
3 16 159116
6 15 57646
19 21 32317
17 5 316
20 22 11590
18 2 4322
22 4 3205
11 7 69605
14 16 494
12 0 192490
10 16 6697474
15 21 25976
13 5 3692129
0 6 5515277
1 7 991841
5 9 89883
6 6 1552
4 18 2782
7 7 2442
5 19 24483
16 21 4629
21 16 22806
19 0 1979867
17 16 4961
8 1 138207
15 18 2627
11 18 120317
12 21 123227
16 12 4088
6 19 140659
19 9 179596
17 9 26637
20 2 36135
21 3 180
22 8 67026
9 5 40876
10 2 838785
0 20 2230159
14 4 36
12 12 2354
1 17 272951
15 1 164626
13 17 23117
2 22 66
0 10 503247
3 7 2163
1 11 1360086
4 0 312940
16 3 2948
17 2 1277485
7 19 83619
20 9 337271
18 9 57149
21 12 163910
8 15 50796
22 3 148
10 13 2930761
8 21 18414
11 0 345616
9 16 16170
14 15 1460
12 11 284146
13 10 695274
2 17 188080
0 1 2461866
3 12 1722782
1 12 936853
4 15 31077
2 11 192030
3 18 16105
6 13 2125589
4 21 3891
7 8 16109
20 16 5029984
18 0 2200917
21 21 80910
12 2 143995
13 3 40
1 5 135295
6 4 395942
7 1 1542359
5 17 4540
19 2 392
20 5 4207
18 21 26234
9 2 148762
11 20 234749
14 3 52
13 22 6816
3 0 78124
6 17 17722
19 11 88276
7 20 10997643
22 20 17723
20 12 523747
18 12 91033
21 1 808233
8 10 51527
9 11 492796
10 0 1610774
8 16 3226
11 13 110774
0 22 127727
14 10 144
15 3 136
13 15 152930
2 20 80469
0 12 487228
3 9 1472
1 9 393544
5 3 38
16 5 137
6 8 175483
19 16 1592
17 0 595420
7 13 1177364
20 11 171506
18 7 214477
21 10 188901
22 1 33638
9 12 1726741
10 11 460790
11 2 10619
9 22 166224
14 13 249658
12 5 9186
10 21 2134832
15 8 268040
13 8 79457
0 3 8139
1 2 273251
4 9 1933
2 9 9676
5 12 11380
3 20 3477
7 10 27853
5 22 3038
20 18 11080832
16 18 2545
21 19 35406
17 19 131443
14 20 1252540
13 1 953629
2 0 2010253
