464
7 3 264366
16 9 17332
19 4 20622129
17 20 356955
22 19 819933
20 7 1357485
18 19 393418
21 6 1294324
8 5 692755
9 0 953461
10 7 700467
0 17 1124352
14 1 13034
12 17 669467
15 4 872998
13 20 2633301
3 2 30476
4 5 689572
16 0 77829
19 13 151904
17 13 227329
7 22 370995
18 10 122076
21 15 82670
8 12 133139
22 12 147366
8 18 527861
9 19 233801
14 8 252
12 8 140138
1 21 3994216
15 13 69921
2 18 18211
3 11 72313
1 15 1912399
4 12 22915
2 12 1177540
5 1 51558
3 17 7708
16 7 137359
19 18 244085
17 6 907112
7 15 3433577
20 21 2282729
18 5 127511
21 8 89492
22 7 20230
10 9 4568635
11 4 351559
9 20 3727692
14 19 9142
12 7 1642407
10 19 52382357
15 10 9267
13 6 6479531
0 5 26839703
1 0 8469291
4 11 533753
2 7 493545
5 10 5259
3 22 47
4 17 134423
7 4 9215
5 20 1652738
16 20 3897361
21 17 370858
19 1 297438
18 22 55820
8 0 1464984
15 19 1911581
11 19 464496
12 20 3378888
16 11 106411
6 18 954593
19 6 834462
17 10 381380
20 1 1498745
18 17 44060
21 4 41831
8 7 424688
9 6 5469838
10 5 570448
11 8 236144
0 19 1647299
14 7 19982
12 19 282676
1 18 2965825
15 6 335749
13 18 1236911
0 9 1718619
3 4 228
4 7 441473
5 6 171518
16 2 3008
6 21 914407
19 15 311339
17 3 1894
7 16 21570
20 8 24950444
18 8 543916
21 13 1417774
22 2 601225
9 15 432571
10 12 1854024
8 20 44330792
11 1 367220
9 17 195334
12 10 170305
10 22 260819
13 11 556270
2 16 6089
3 13 80156
1 13 6927022
2 10 15493
5 15 3049
3 19 26441
6 12 7006991
4 20 32280508
19 20 60708541
17 4 156213
7 9 5791003
18 3 25542
21 22 194459
22 5 121854
11 6 1169853
14 17 2064
12 1 245485
10 17 1602584
15 20 838864
13 4 54225
0 7 2928689
2 5 9197
5 8 103179
6 7 340317
4 19 19751408
7 6 562528
5 18 47055
16 22 230
19 3 3225
20 4 126280
18 20 83469783
8 2 7708
9 3 13932
11 21 634007
14 2 2814
12 22 84553
3 1 50412
16 13 670441
6 16 324133
19 8 140406
17 8 1335287
7 21 3620012
20 3 247209
18 15 179453
21 2 76739
8 9 72415
22 9 15565
9 4 52840
11 10 177003
0 21 3783029
14 5 3597
12 13 673362
1 16 931097
15 0 444122
13 16 71704
0 11 2136810
3 6 4057
4 1 122389
5 4 147920
16 4 2984
6 11 318594
19 17 2335325
17 1 179159
7 18 1056957
20 10 394682
18 6 1002847
21 11 621622
22 0 106099
9 13 974210
8 22 45753
11 3 3661
14 12 36057
12 4 76046
10 20 6849399
15 9 1007020
13 9 965531
0 2 523699
3 15 5731
1 3 33879
4 8 81719
2 8 285575
5 13 7226646
3 21 173065
6 2 2018705
4 22 48359
19 22 439514
7 11 814422
20 17 751398
18 1 474855
16 17 4488
21 20 5161780
12 3 20744
13 2 734716
1 4 567287
2 3 812
6 5 233504
7 0 2972080
5 16 52
16 8 2130
19 5 103552
17 21 162801
22 18 40056
20 6 5197883
21 7 442982
8 4 421819
9 1 1124231
0 16 54857
14 0 32455
12 16 330030
15 5 11149
13 21 701363
16 15 52
6 22 196501
19 10 115255
22 21 170494
20 13 476185
18 13 12906163
21 0 611401
8 11 664480
9 10 781688
8 17 311291
11 12 591159
14 11 2784
12 15 366183
1 22 1402667
15 2 610586
2 21 56621
0 13 6731347
3 8 22548
1 8 1156470
4 3 427
2 15 1932913
5 2 6272
16 6 154989
6 9 13554105
17 7 24052
7 12 2319589
18 4 264229
21 9 3582057
22 6 232083
10 8 30286050
11 5 97930
9 21 2972192
14 18 15110
12 6 5106187
10 18 42834626
15 11 1500
13 7 3146077
0 4 595027
4 10 67699
2 6 2011500
5 11 67224
6 0 2138952
4 16 1810
7 5 1561083
5 21 123302
20 19 1519943
16 19 34425
21 18 438584
17 18 338198
14 21 21775
15 16 709
13 0 18503752
11 16 69455
2 1 334957
7 2 2451918
16 10 14299
19 7 1641754
22 16 196
20 0 2859025
18 16 4354
21 5 710978
8 6 290402
22 10 66731
9 7 2847377
10 4 19408017
11 9 209712
0 18 1281961
14 6 5248
12 18 255630
1 19 3007539
15 7 3286363
13 19 256081
0 8 813761
3 5 80787
4 6 615739
5 7 75638
16 1 21338
6 20 8884127
19 12 171975
17 12 305303
7 17 509395
20 15 2839970
18 11 273416
8 13 63960
22 13 130018
9 8 54772
10 15 224803
8 19 8500928
9 18 457966
14 9 12928
12 9 1942285
1 20 14226602
15 12 304791
13 12 1304954
2 19 395801
0 15 2762452
4 13 257419
2 13 765143
5 0 21087154
3 16 494
6 15 261672
19 21 99306
17 5 217200
20 22 29514
18 2 109176
22 4 363415
11 7 83176
14 16 6952
12 0 1073905
10 16 7436203
15 21 49941
13 5 21662539
0 6 6131152
1 7 2126801
2 4 1712
5 9 226480
4 18 25842
5 19 82290
16 21 7094
21 16 18378
19 0 2468999
17 16 40
8 1 1382199
15 18 23104
11 18 422106
12 21 1024770
16 12 93390
6 19 505928
19 9 122589
17 9 299255
20 2 278826
21 3 17485
22 8 97753
9 5 309058
10 2 601211
0 20 7419710
14 4 5020
1 17 4201415
15 1 121529
13 17 239907
2 22 18239
0 10 296379
3 7 11695
1 11 2541406
4 0 568606
16 3 52
17 2 15603
7 19 131060
20 9 1965265
18 9 127152
21 12 1362703
8 15 965917
22 3 134
10 13 2679040
8 21 156131
11 0 1368257
9 16 23211
14 15 6087
12 11 723289
13 10 581136
2 17 6761
0 1 3852089
3 12 741064
1 12 3767690
4 15 340149
2 11 231536
3 18 15099
6 13 2404195
4 21 49506
7 8 68386
20 16 5397390
18 0 1574672
14 22 3870
12 2 330303
13 3 184
1 5 784117
6 4 81343
7 1 436003
5 17 236731
19 2 130904
20 5 64285
18 21 156861
8 3 564
9 2 361892
11 20 1697206
14 3 1290
13 22 61246
3 0 160016
6 17 900475
19 11 441722
7 20 2226297
22 20 175111
20 12 4167958
18 12 481629
21 1 175933
8 10 191884
9 11 474295
10 0 4855804
8 16 72120
11 13 330863
0 22 181676
14 10 657
15 3 9137
13 15 355020
2 20 275500
0 12 2495248
3 9 481768
1 9 4392644
4 2 9317
5 3 5004
16 5 3033
6 8 105797
19 16 11796
17 0 458668
7 13 1903963
20 11 1342032
18 7 94903
21 10 469692
22 1 52712
9 12 1685360
10 11 1240851
11 2 243485
9 22 186643
14 13 349970
12 5 261489
10 21 5233140
15 8 788344
13 8 132499
0 3 17042
1 2 2993822
4 9 13820
2 9 356255
5 12 42340
3 20 149079
7 10 12942
5 22 2160
20 18 31486532
16 18 1509
21 19 138146
17 19 230189
14 20 1717450
13 1 4541406
2 0 1255497
