472
7 3 21263
16 9 36308
19 4 24841744
17 20 1403550
22 19 474904
20 7 1267109
18 19 644272
21 6 1640063
8 5 101827
9 0 627056
10 7 682440
0 17 1918429
14 1 3074
12 17 291370
15 4 640985
13 20 7312199
3 2 20493
4 5 41503
16 0 189918
19 13 418243
17 13 419824
7 22 153620
18 10 33572
21 15 69301
8 12 118219
22 12 104419
9 9 5250
8 18 77123
9 19 107631
14 8 88
12 8 273945
1 21 3111638
15 13 100726
13 13 151802
2 18 17589
3 11 96737
1 15 1893181
4 12 44529
2 12 1005752
5 1 72691
3 17 17989
16 7 118223
19 18 139362
17 6 333846
7 15 2773834
20 21 2747090
18 5 112027
21 8 34562
22 7 13875
10 9 3834098
11 4 201542
9 20 3892131
14 19 8329
12 7 1036892
10 19 46404196
15 10 402380
13 6 7282615
0 5 29598150
1 0 8632435
4 11 153059
2 7 702662
5 10 36946
3 22 1500
4 17 108970
7 4 67550
5 20 2052615
16 20 4775999
21 17 670306
19 1 1890709
18 22 2271
8 0 926612
15 19 1589201
11 19 451410
12 20 3101242
16 11 1938
6 18 965398
19 6 1555445
17 10 68148
20 1 1881630
18 17 112157
21 4 75437
8 7 371858
9 6 5799899
10 5 333285
11 8 282855
0 19 1606132
14 7 6833
12 19 262325
1 18 1810583
15 6 403772
13 18 768843
0 9 1369458
3 4 1632
4 7 519047
5 6 198278
16 2 6264
6 21 832783
19 15 95333
17 3 2145
7 16 22944
20 8 28484700
18 8 262238
21 13 1546850
22 2 4484
9 15 451256
10 12 1753830
8 20 41763239
11 1 998530
9 17 141004
12 10 159309
10 22 532158
15 15 5159
13 11 266162
2 16 5296
0 0 43665715
3 13 50105
1 13 10254051
2 10 13633
5 15 20728
3 19 11795
6 12 1198561
4 20 39033327
19 20 59533552
17 4 101752
7 9 4980816
18 3 19945
21 22 180679
22 5 1847
11 6 1247383
14 17 62
12 1 410984
10 17 731471
15 20 1047536
13 4 245787
0 7 1543359
2 5 34789
5 8 77344
6 7 505320
4 19 22494319
7 6 833264
5 18 61523
16 22 30704
19 3 1802
20 4 442402
18 20 87515729
8 2 1483235
9 3 13702
11 21 970308
14 2 7712
12 22 540133
3 1 45515
16 13 976268
6 16 286318
19 8 81524
17 8 582086
7 21 2564768
20 3 169237
18 15 125877
21 2 77445
8 9 229923
22 9 15868
9 4 569862
11 10 184244
0 21 4773374
14 5 4487
12 13 1221317
1 16 912947
15 0 1087936
13 16 148199
0 11 1250505
3 6 31777
4 1 505634
5 4 12813
6 11 405363
19 17 741496
17 1 766166
7 18 155812
20 10 393425
18 6 838545
21 11 252903
22 0 231540
9 13 708684
8 22 364463
11 3 9171
14 12 44577
12 4 30883
10 20 7188111
15 9 373201
13 9 972676
0 2 1610704
3 15 6254
1 3 745707
4 8 249565
2 8 21680
5 13 7390517
3 21 49187
6 2 646406
4 22 41111
19 22 53885
7 11 488530
20 17 278255
18 1 325926
16 17 3694
21 20 5220137
12 3 84858
13 2 251655
1 4 1161668
2 3 8216
6 5 412419
7 0 1778702
5 16 1512
16 8 1419
19 5 409467
17 21 374186
22 18 7101
20 6 4916180
18 18 404919
21 7 882182
8 4 1309710
9 1 487204
0 16 79014
14 0 13008
12 16 75105
15 5 44563
13 21 738760
16 15 4670
6 22 43541
19 10 46711
22 21 281513
20 13 1431676
18 13 12456884
21 0 1252938
8 11 357808
9 10 169973
8 17 778526
11 12 400578
14 11 2810
12 15 369408
1 22 653615
15 2 498581
2 21 202287
0 13 7174943
3 8 4679
1 8 703404
4 3 1622
2 15 1487194
5 2 22380
16 6 217299
6 9 5858276
19 19 72318869
17 7 117954
7 12 4195917
20 20 2744701
18 4 199093
21 9 1487354
22 6 234012
10 8 32630552
11 5 311980
9 21 2121575
14 18 14459
12 6 2259162
10 18 35938526
13 7 3420181
0 4 611001
4 10 28915
2 6 2054156
5 11 261766
6 0 2589463
7 5 1807609
5 21 171838
20 19 537590
16 19 65947
21 18 175939
17 18 179931
14 21 7083
15 16 27564
13 0 18761394
11 16 20719
2 1 362407
7 2 397913
16 10 9527
19 7 3048052
22 16 3077
20 0 2917350
18 16 2644
21 5 696225
8 6 449643
22 10 49107
9 7 1676478
10 4 25913551
11 9 423385
0 18 1064418
14 6 6585
12 18 648802
1 19 3381459
15 7 3035666
13 19 362678
0 8 710200
3 5 90661
4 6 587253
5 7 79519
16 1 11718
6 20 14441967
19 12 329055
17 12 770777
7 17 50961
20 15 1130040
18 11 486301
8 13 191736
22 13 29097
9 8 89359
10 15 264006
8 19 8727268
9 18 267165
14 9 6711
12 9 3128476
1 20 16721490
15 12 82437
13 12 3760004
2 19 71755
0 15 1561467
3 10 40
4 13 108104
2 13 175711
5 0 23074669
3 16 3655
6 15 256435
19 21 58284
17 5 355981
20 22 17928
18 2 119896
22 4 3456
11 7 41327
12 0 959993
10 16 7709367
15 21 152011
13 5 24321485
0 6 6987873
1 7 1871351
2 4 3459
5 9 509245
6 6 9915
4 18 113476
7 7 7210
5 19 50397
16 21 31303
21 16 24747
19 0 2445655
17 16 119960
8 1 148795
15 18 30439
11 18 410721
12 21 1453609
16 12 23278
6 19 465384
19 9 257259
17 9 317506
20 2 336814
21 3 16693
22 8 73638
9 5 195147
10 2 725215
0 20 7838076
14 4 2062
12 12 840
1 17 2021054
15 1 81042
13 17 239083
2 22 4110
0 10 711665
3 7 14100
1 11 2893287
4 0 1202026
16 3 3631
17 2 220989
7 19 243632
20 9 1891304
18 9 685047
21 12 528450
8 15 153473
22 3 1462
10 13 4505570
8 21 114410
11 0 1584009
9 16 14189
14 15 3374
12 11 1935162
13 10 365653
2 17 137559
0 1 8230997
3 12 98009
1 12 5123959
4 15 61328
2 11 786093
3 18 12530
6 13 4026847
4 21 69790
7 8 109795
20 16 5802675
18 0 1162684
21 21 488269
14 22 378
12 2 263034
13 3 1564
1 5 861056
6 4 122428
7 1 515876
5 17 8647
19 2 114433
20 5 236691
18 21 822874
8 3 174
9 2 407726
11 20 1247024
14 3 410
13 22 58706
3 0 78244
6 17 194895
19 11 237852
7 20 3086903
22 20 259330
20 12 3138558
18 12 256905
21 1 482983
8 10 155023
9 11 270272
10 0 7390836
8 16 2927
11 13 417336
0 22 563000
14 10 1436
15 3 10037
13 15 203240
2 20 355252
0 12 1392709
3 9 331504
1 9 3164942
4 2 11936
5 3 1092
16 5 208
6 8 167108
19 16 371
17 0 606371
7 13 1874850
20 11 425216
18 7 330902
21 10 338508
22 1 66235
9 12 1181369
10 11 490135
11 2 212115
9 22 62432
14 13 328063
12 5 307366
10 21 5896142
15 8 969057
13 8 276657
0 3 116213
1 2 1981909
4 9 108587
2 9 488897
5 12 127315
3 20 687039
7 10 18992
5 22 3474
20 18 28621503
16 18 29186
21 19 307734
17 19 189405
14 20 1738545
13 1 3476716
2 0 1456467
