467
7 3 3550
16 9 77812
19 4 17818022
17 20 861355
22 19 113887
20 7 492305
18 19 229158
21 6 1466561
8 5 61050
9 0 307260
10 7 278436
0 17 303670
14 1 15934
12 17 106793
15 4 479473
13 20 3824701
3 2 1600
4 5 6610
16 0 101756
19 13 215479
17 13 192877
7 22 117083
18 10 26533
21 15 70144
8 12 92354
22 12 45049
9 9 12680
8 18 323704
9 19 11823
14 8 287
12 8 211237
1 21 1875160
15 13 118492
13 13 141902
2 18 14923
3 11 2820
1 15 730769
4 12 61248
2 12 439989
5 1 42751
3 17 1897
16 7 78225
19 18 168279
17 6 350307
7 15 2558724
20 21 1376171
18 5 78168
21 8 38877
22 7 15999
10 9 2401492
11 4 725513
9 20 6425122
14 19 96
12 7 909134
10 19 30311187
15 10 36249
13 6 15083374
0 5 15582257
1 0 6565121
4 11 592856
2 7 39817
5 10 13642
3 22 1740
4 17 46684
7 4 6388
5 20 2166304
16 20 4455204
21 17 174461
19 1 592925
18 22 177154
8 0 943972
15 19 828995
11 19 440694
12 20 1817053
16 11 2539
6 18 163342
19 6 594814
17 10 11147
20 1 2741895
18 17 59186
21 4 8989
8 7 431921
9 6 5740810
10 5 552771
11 8 263654
0 19 1069510
14 7 671
12 19 88267
1 18 1046424
15 6 255979
13 18 416368
0 9 497766
3 4 6504
4 7 558564
5 6 201680
16 2 1693
6 21 404814
19 15 167231
17 3 14292
7 16 10887
20 8 22136298
18 8 192899
21 13 767926
22 2 4201
9 15 464077
10 12 730880
8 20 47157409
11 1 581522
9 17 56171
12 10 243169
10 22 52943
15 15 5180
13 11 195387
2 16 2799
0 0 37038587
3 13 7848
1 13 9574234
2 10 34259
5 15 11457
3 19 98564
6 12 5469433
4 20 37989763
19 20 59239109
17 4 24261
7 9 2846936
18 3 2900
21 22 366395
22 5 90
11 6 1270252
12 1 525144
10 17 273339
15 20 419890
13 4 69448
0 7 1091014
2 5 1170
5 8 48632
6 7 89341
4 19 26407305
7 6 632934
5 18 25795
16 22 196
19 3 3328
20 4 36004
18 20 77761823
8 2 4681
9 3 1789
11 21 435974
14 2 611
12 22 177784
3 1 17442
16 13 675707
6 16 103701
19 8 125309
17 8 432853
7 21 650444
20 3 22787
18 15 83452
21 2 25325
8 9 19958
22 9 13398
9 4 8905
11 10 197036
0 21 2442770
12 13 719149
1 16 218662
15 0 527565
13 16 100946
0 11 906648
3 6 57782
4 1 153443
5 4 2390
16 4 1712
6 11 324023
19 17 714936
17 1 248726
7 18 96961
20 10 359941
18 6 1044689
21 11 243537
22 0 566163
9 13 533680
8 22 42429
11 3 1394
14 12 1664
12 4 68253
10 20 4453801
15 9 104249
13 9 589604
0 2 310683
3 15 28891
1 3 975745
4 8 1909525
2 8 3474
5 13 5546168
3 21 9093
6 2 377809
4 22 12229
19 22 727471
7 11 682650
20 17 521461
18 1 386373
16 17 286
21 20 4999902
12 3 85152
13 2 74538
1 4 316667
2 3 1460
6 5 376845
7 0 2775206
16 8 27413
19 5 14475
17 21 83326
22 18 17925
20 6 5254261
18 18 282077
21 7 370955
8 4 1361926
9 1 626931
10 6 40
0 16 131831
14 0 5799
12 16 49036
15 5 33900
13 21 1342210
16 15 55
6 22 232015
19 10 37449
22 21 10360
20 13 1384129
18 13 13079553
21 0 371633
8 11 486501
9 10 176655
8 17 713502
11 12 326589
14 11 1422
12 15 113520
1 22 109374
15 2 459546
2 21 216752
0 13 9468381
1 8 576714
4 3 794
2 15 1500129
5 2 999
16 6 136042
6 9 10901254
19 19 58928493
17 7 23217
7 12 3204183
20 20 1043784
18 4 58882
21 9 404092
22 6 222657
10 8 23903547
11 5 48593
9 21 317013
14 18 59
12 6 5710394
10 18 19580376
13 7 2329002
0 4 106443
4 10 13189
2 6 2197840
5 11 64675
6 0 885806
7 5 1372271
5 21 43345
20 19 647748
16 19 2314
21 18 91622
17 18 243389
14 21 47
15 16 1627
13 0 13651987
11 16 3963
2 1 581914
7 2 2036795
16 10 5963
19 7 1249914
22 16 3000
20 0 2562697
18 16 3783
21 5 291063
8 6 665230
22 10 1060
9 7 2377766
10 4 15816505
11 9 45369
0 18 370398
14 6 148501
12 18 69411
1 19 2052901
15 7 2572170
13 19 353658
0 8 341879
3 5 18779
4 6 592195
5 7 193916
16 1 11235
6 20 7074420
19 12 109487
17 12 405089
7 17 72062
20 15 243854
18 11 231678
8 13 687864
22 13 20375
9 8 113829
10 15 34681
8 19 9379098
9 18 82294
14 9 1272
12 9 6236730
1 20 7449415
15 12 668247
13 12 1118594
2 19 631
0 15 949252
4 13 76849
2 13 66564
5 0 18437015
3 16 1420
6 15 108987
19 21 30691
17 5 8469
20 22 7203
18 2 65699
22 4 3490
11 7 45144
12 0 3640776
10 16 3792443
15 21 26812
13 5 9134592
0 6 7666611
1 7 1108237
2 4 3040
5 9 73789
6 6 189
4 18 68372
7 7 4124
5 19 9273
16 21 26282
21 16 18867
19 0 2776121
17 16 174
8 1 364169
15 18 36218
11 18 60003
12 21 225398
16 12 8861
6 19 297913
19 9 13457
17 9 22131
20 2 23022
21 3 357
22 8 19586
9 5 321918
10 2 172254
0 20 3964989
14 4 1290
12 12 1084
1 17 951997
15 1 65188
13 17 1081990
2 22 111900
0 10 676859
3 7 2972
1 11 3125332
4 0 924693
16 3 348
17 2 167097
7 19 120186
20 9 1510149
18 9 33085
21 12 256772
8 15 384397
22 3 189
10 13 2249758
8 21 14717
11 0 1452762
9 16 21147
14 15 950
12 11 706691
13 10 422299
2 17 4228
0 1 3424617
3 12 28808
1 12 1459499
4 15 101714
2 11 67520
3 18 12492
6 13 4060614
4 21 2482
7 8 87785
20 16 3476944
18 0 1248056
21 21 296391
14 22 1330
12 2 127988
13 3 404
1 5 492199
6 4 61859
7 1 142116
5 17 128406
19 2 9846
20 5 98864
18 21 173852
9 2 252399
11 20 986548
14 3 38
13 22 154414
3 0 35407
6 17 406757
19 11 852754
7 20 567134
22 20 25713
20 12 826305
18 12 14400
21 1 1388163
8 10 80398
9 11 200213
10 0 2422689
8 16 546
11 13 536560
0 22 584114
14 10 12239
15 3 5914
13 15 218555
2 20 180186
0 12 963594
3 9 9245
1 9 591051
4 2 350
5 3 400
6 8 174796
19 16 1787
17 0 497293
7 13 1008326
20 11 876889
18 7 44098
21 10 189820
22 1 58904
9 12 477700
10 11 527502
11 2 19530
9 22 293421
14 13 311834
12 5 77577
10 21 2521778
15 8 483580
13 8 225253
0 3 6794
1 2 1589538
4 9 15682
2 9 156112
5 12 6349
3 20 51115
6 3 124
7 10 35908
20 18 17355299
16 18 3796
21 19 205564
17 19 838146
14 20 1374303
13 1 2756160
2 0 1480252
