452
7 3 4379
16 9 204932
19 4 12130632
17 20 285520
22 19 44455
20 7 1055696
18 19 212922
21 6 1803041
8 5 23051
9 0 234093
10 7 29643
0 17 1057004
14 1 587
12 17 1125888
15 4 127421
13 20 900687
3 2 53
4 5 30915
16 0 71911
19 13 124359
17 13 333751
7 22 25269
18 10 98793
21 15 51524
8 12 34228
22 12 2418
8 18 298112
11 15 9904
9 19 23821
14 8 52
12 8 113638
1 21 2984657
15 13 70185
2 18 7376
3 11 40392
1 15 1408905
4 12 4949
2 12 367349
5 1 13867
3 17 8920
16 7 119536
19 18 134249
17 6 654909
7 15 3023497
20 21 3421362
18 5 31050
21 8 54272
22 7 9774
10 9 1625465
11 4 44997
9 20 10235685
14 19 294
12 7 1332318
10 19 17988710
15 10 135580
13 6 8741421
0 5 8212128
1 0 3659000
4 11 111037
2 7 33204
5 10 9756
4 17 13665
7 4 1914
5 20 1742900
16 20 3575672
21 17 442353
19 1 100954
18 22 49895
8 0 2176947
15 19 232774
11 19 176062
12 20 1013944
16 11 1716
6 18 396389
19 6 640678
17 10 57422
20 1 283510
18 17 35782
21 4 55088
8 7 315412
9 6 4883655
10 5 17877
11 8 149678
0 19 472767
14 7 3276
12 19 439028
1 18 589353
15 6 355894
13 18 334321
0 9 539674
4 7 470033
5 6 215177
16 2 1123
6 21 724644
19 15 8277
17 3 255
7 16 9667
20 8 14770476
18 8 145459
21 13 1056831
22 2 1784
9 15 239194
10 12 2618269
8 20 34976792
11 1 356936
9 17 168231
12 10 394051
10 22 11862
13 11 239703
2 16 829
3 13 69811
1 13 7980991
2 10 13013
5 15 11218
3 19 180200
6 12 6882112
4 20 34771580
19 20 48394608
17 4 159872
7 9 918714
18 3 318
21 22 8659
22 5 3237
11 6 1808722
14 17 2771
12 1 5132
10 17 505693
15 20 672814
13 4 77351
0 7 952939
2 5 1649
5 8 36046
6 7 131379
4 19 23502371
7 6 646534
5 18 10758
16 22 120
19 3 2680
20 4 17026
18 20 78787090
8 2 15737
9 3 290
11 21 415605
14 2 94
12 22 79623
3 1 3947
16 13 473812
6 16 59656
19 8 289706
17 8 312467
7 21 1295867
20 3 8810
18 15 20953
21 2 8440
8 9 30752
22 9 3462
9 4 11181
11 10 355844
0 21 419656
14 5 40
12 13 607522
1 16 693969
15 0 324347
13 16 10040
0 11 2011780
3 6 4500
4 1 14456
5 4 6046
16 4 48
6 11 219674
19 17 78745
17 1 78188
7 18 10057
20 10 667625
18 6 499206
21 11 551469
22 0 33081
9 13 216763
8 22 17327
11 3 1668
14 12 770
12 4 59116
10 20 6198859
15 9 100988
13 9 58583
0 2 645571
3 15 138247
1 3 1354
4 8 191493
2 8 428
5 13 5342612
3 21 128
6 2 373345
4 22 28170
19 22 229155
7 11 113125
20 17 551529
18 1 251794
16 17 826
21 20 4417372
12 3 3095
13 2 36059
1 4 106941
2 3 332
6 5 167346
7 0 1184993
16 8 430
19 5 23303
17 21 731902
22 18 16078
20 6 11421935
21 7 114558
8 4 473042
9 1 76820
0 16 17116
14 0 93002
12 16 23185
15 5 3912
13 21 132722
16 15 4927
6 22 21899
19 10 97355
22 21 6243
20 13 1291316
18 13 13500653
21 0 653390
8 11 298458
9 10 475141
8 17 93084
11 12 580349
14 11 1343
12 15 261794
1 22 141816
15 2 572657
2 21 33340
0 13 4526342
3 8 1420
1 8 660996
2 15 1990074
5 2 2569
16 6 202889
6 9 9944732
17 7 20208
7 12 402875
18 4 67111
21 9 311492
22 6 111506
10 8 16166320
11 5 39300
9 21 1014416
14 18 200
12 6 2925425
10 18 15990280
13 7 1800781
0 4 207171
4 10 1522
2 6 2506738
5 11 60068
6 0 510696
7 5 1339002
5 21 29712
20 19 934757
16 19 4094
21 18 54278
17 18 107395
14 21 597
15 16 232
13 0 6999227
11 16 14155
2 1 22483
7 2 2133796
16 10 17155
19 7 1366588
22 16 48
20 0 1115589
18 16 9991
21 5 152474
8 6 855131
22 10 9042
9 7 2552751
10 4 8877172
11 9 32162
0 18 115282
14 6 36136
12 18 57077
1 19 697947
15 7 2664849
13 19 662894
0 8 169667
3 5 27038
4 6 360099
5 7 159097
16 1 17134
6 20 7395409
19 12 64506
17 12 493498
7 17 299458
20 15 362299
18 11 296401
8 13 130664
22 13 149063
9 8 56072
10 15 73279
8 19 5619360
9 18 161452
14 9 1527
12 9 2748133
1 20 7818557
15 12 11029
13 12 233666
2 19 3193
0 15 942451
4 13 188977
2 13 157775
5 0 19329782
6 15 181697
19 21 5472
17 5 12459
20 22 80465
18 2 62784
22 4 36900
11 7 18840
12 0 254670
10 16 2345666
15 21 24466
13 5 6019682
0 6 7631900
1 7 556447
2 4 99
5 9 211596
4 18 48276
5 19 31335
16 21 6454
21 16 9586
19 0 2211560
17 16 15889
8 1 118300
15 18 17576
11 18 143461
12 21 1548930
16 12 9956
6 19 101134
19 9 32681
17 9 41132
20 2 569687
21 3 1693
22 8 78209
9 5 3925
10 2 196210
0 20 4449683
1 17 2245022
15 1 68591
13 17 27705
2 22 136
0 10 414811
3 7 7429
1 11 2709783
4 0 2334248
17 2 68333
7 19 83772
20 9 1086526
18 9 127017
21 12 1023679
8 15 69777
22 3 389
10 13 2112976
8 21 5015
11 0 574120
9 16 24889
14 15 1400
12 11 953220
13 10 503332
2 17 4830
0 1 2117632
3 12 15255
1 12 2561780
4 15 131747
2 11 10200
3 18 4460
6 13 1907979
4 21 119137
7 8 20955
20 16 1467367
18 0 2854626
14 22 48
12 2 69525
1 5 273012
6 4 120742
7 1 1333145
5 17 102004
19 2 461
20 5 16676
18 21 57721
9 2 450424
11 20 1642182
13 22 30392
3 0 10350
6 17 161614
19 11 324288
7 20 2534269
22 20 445667
20 12 1346080
18 12 46436
21 1 259477
8 10 31239
9 11 209533
10 0 1721092
8 16 1587
11 13 400067
0 22 217687
14 10 614
15 3 2928
13 15 18558
2 20 37906
0 12 277056
3 9 396
1 9 1690203
4 2 2113
5 3 2736
16 5 79
6 8 189064
19 16 3104
17 0 206455
7 13 1143583
20 11 358878
18 7 182034
21 10 162214
22 1 16560
9 12 944757
10 11 246859
11 2 7154
9 22 5657
14 13 198433
12 5 197807
10 21 1382426
15 8 110011
13 8 523887
0 3 5103
1 2 697635
4 9 49767
2 9 53200
5 12 2432
3 20 34712
7 10 297423
5 22 1540
20 18 11588793
16 18 4300
21 19 49183
17 19 320224
14 20 896611
13 1 1066676
2 0 925074
