465
7 3 5859
16 9 51542
19 4 9500998
17 20 923780
22 19 9847
20 7 1857413
18 19 144762
21 6 2010981
8 5 83649
9 0 117309
10 7 409623
0 17 213244
14 1 170
12 17 888531
15 4 119509
13 20 512920
3 2 1552
4 5 9476
16 0 54589
19 13 103403
17 13 557038
7 22 27254
18 10 148627
21 15 30742
8 12 71541
22 12 9054
9 9 4291
8 18 262790
9 19 11449
14 8 92
12 8 109601
1 21 2812344
15 13 72921
13 13 213441
2 18 17682
3 11 1588
1 15 286749
4 12 4725
2 12 378510
5 1 18859
3 17 5508
16 7 105256
19 18 58919
17 6 679319
7 15 3150237
20 21 2474342
18 5 39429
21 8 51620
22 7 6184
10 9 1276959
11 4 25787
9 20 2530446
14 19 166
12 7 1203901
10 19 14442119
15 10 100874
13 6 8041700
0 5 7629271
1 0 3264722
4 11 19730
2 7 10249
5 10 8568
4 17 6320
7 4 348
5 20 2125521
16 20 3319223
21 17 309989
19 1 25472
18 22 1554
8 0 1953916
15 19 159937
11 19 92636
12 20 649357
16 11 224
6 18 123206
19 6 662481
17 10 29504
20 1 230819
18 17 14923
21 4 10169
8 7 362962
9 6 5261366
10 5 391718
11 8 393090
0 19 454440
14 7 2765
12 19 473616
1 18 386623
15 6 410228
13 18 176848
0 9 83488
4 7 492715
5 6 187293
16 2 536
6 21 621561
19 15 10336
17 3 232
7 16 6179
20 8 14723723
18 8 144063
21 13 1750174
22 2 1615
9 15 173405
10 12 6160220
8 20 39172325
11 1 218683
9 17 108111
12 10 162956
10 22 14445
15 15 1844
13 11 182186
2 16 404
0 0 26259079
3 13 18343
1 13 6704129
2 10 11636
5 15 5241
3 19 22721
6 12 9445669
4 20 33645768
19 20 50120952
17 4 149816
7 9 1057895
18 3 601
21 22 8174
22 5 965
11 6 1756816
14 17 5572
12 1 12289
10 17 879673
15 20 707379
13 4 51486
0 7 784451
2 5 14351
5 8 36297
6 7 98911
4 19 20866535
7 6 772839
5 18 4261
16 22 40
19 3 172
20 4 15444
18 20 76034236
8 2 3819
9 3 52
11 21 92927
14 2 135
12 22 36979
3 1 4605
16 13 352497
6 16 61563
19 8 252423
17 8 99109
7 21 779295
20 3 7181
18 15 35010
21 2 20523
8 9 23784
22 9 4316
9 4 1556
11 10 148592
0 21 225376
14 5 98
12 13 789641
1 16 480272
15 0 240687
13 16 7858
0 11 551575
3 6 1620
4 1 40396
5 4 532
6 11 240977
19 17 44177
17 1 46788
7 18 12890
20 10 653939
18 6 945429
21 11 473997
22 0 20105
9 13 301039
8 22 958
11 3 736
12 4 34206
10 20 5556983
15 9 34117
13 9 54367
0 2 377086
3 15 9642
1 3 2826
4 8 219479
2 8 241
5 13 4426880
3 21 3071
6 2 395953
4 22 12437
19 22 3700
7 11 13342
20 17 1798501
18 1 96488
16 17 60
21 20 3386405
12 3 2118
13 2 11950
1 4 79404
2 3 168
6 5 210050
7 0 1321939
5 16 52
16 8 1850
19 5 77563
17 21 804447
22 18 22031
20 6 12369277
18 18 483564
21 7 365809
8 4 78634
9 1 145939
0 16 13632
14 0 57809
12 16 5155
15 5 1346
13 21 1464809
16 15 187
6 22 10909
19 10 43203
22 21 1911
20 13 137058
18 13 13639333
21 0 571885
8 11 383163
9 10 538414
8 17 55556
11 12 43727
14 11 2800
12 15 178522
1 22 143097
15 2 535072
2 21 6201
0 13 3927160
3 8 1500
1 8 925297
2 15 1937926
5 2 260
16 6 302097
6 9 4770597
19 19 42340765
17 7 18360
7 12 659783
20 20 1209864
18 4 75585
21 9 295776
22 6 110158
10 8 15160698
11 5 16609
9 21 443267
14 18 272
12 6 3521388
10 18 15276072
13 7 6585272
0 4 102459
4 10 114819
2 6 2259586
5 11 14392
6 0 397768
7 5 1283026
5 21 31555
20 19 624924
16 19 1120
21 18 45735
17 18 21235
14 21 1290
15 16 100
13 0 6806906
11 16 1591
2 1 19755
7 2 456412
16 10 17588
19 7 2000450
22 16 48
20 0 712604
18 16 14133
21 5 49195
8 6 463288
22 10 19533
9 7 5812880
10 4 7113728
11 9 34626
0 18 69158
14 6 6572
12 18 69445
1 19 547004
15 7 2832714
13 19 70083
0 8 244586
3 5 42670
4 6 284425
5 7 133240
16 1 11385
6 20 7394567
19 12 63604
17 12 397000
7 17 576856
20 15 146712
18 11 175080
8 13 52816
22 13 2927
9 8 33484
10 15 51362
8 19 5394030
9 18 177699
14 9 72
12 9 3348728
1 20 4700189
15 12 18070
13 12 749050
2 19 1352
0 15 1522061
4 13 67174
2 13 183298
5 0 18315853
6 15 120832
19 21 14922
17 5 2534
20 22 15164
18 2 66163
22 4 906
11 7 12660
12 0 208640
10 16 2213368
15 21 41130
13 5 5836532
0 6 6388488
1 7 1554268
2 4 122
5 9 198248
6 6 297
4 18 56934
7 7 11686
5 19 29686
16 21 5052
21 16 7692
19 0 1427662
17 16 48
8 1 73956
15 18 2327
11 18 85022
12 21 575612
16 12 7369
6 19 136639
19 9 18269
17 9 21782
20 2 979505
21 3 6999
22 8 11549
9 5 5102
10 2 297920
0 20 2924893
12 12 1379
1 17 793529
15 1 35498
13 17 21956
2 22 80
0 10 542775
3 7 2040
1 11 1378100
4 0 1371805
16 3 52
17 2 68272
7 19 83299
20 9 1595976
18 9 366472
21 12 121096
8 15 34031
22 3 148
10 13 1863065
8 21 4011
11 0 455326
9 16 26445
14 15 3711
12 11 279681
13 10 515034
2 17 5078
0 1 2489925
3 12 6219
1 12 1590024
4 15 75915
2 11 9454
3 18 1340
6 13 1257282
4 21 3401
7 8 15081
20 16 1436189
18 0 2607116
21 21 166790
12 2 23761
13 3 164
1 5 350526
6 4 81807
7 1 1844562
5 17 8706
19 2 479
20 5 506191
18 21 72257
8 3 92
9 2 119450
11 20 577818
13 22 722
3 0 12342
6 17 173785
19 11 288572
17 15 195
7 20 1153403
22 20 13372
20 12 293081
18 12 38941
21 1 36483
8 10 110963
9 11 62993
10 0 2245862
8 16 4410
11 13 881158
0 22 265226
14 10 172
15 3 1953
13 15 741368
2 20 30236
0 12 266940
3 9 6000
1 9 1562923
4 2 117
5 3 1034
16 5 177
6 8 71517
19 16 3189
17 0 853697
7 13 4241614
20 11 517363
18 7 46211
21 10 191783
22 1 21286
9 12 1090780
10 11 1016910
11 2 17957
9 22 10980
14 13 224926
12 5 156258
10 21 1900945
15 8 187142
13 8 222226
0 3 1056
1 2 891686
4 9 2125
2 9 28497
5 12 51078
3 20 70146
6 3 845
7 10 261379
5 22 136
20 18 11248180
16 18 2847
21 19 51853
17 19 39967
14 20 782722
13 1 472152
2 0 963871
