464
7 3 2409
16 9 5679
19 4 314038
17 20 81364
22 19 69016
20 7 138835
18 19 122407
21 6 1608054
8 5 17499
9 0 1289516
10 7 281314
0 17 686194
14 1 401
12 17 54209
15 4 477244
13 20 4516598
3 2 280
4 5 9472
16 0 1564428
19 13 18440295
17 13 142174
7 22 10915
20 14 20227
21 15 29004
8 12 17439
22 12 12681
9 9 1926431
10 14 6740
8 18 353850
11 15 2406
9 19 9957
14 8 2801
12 8 222832
1 21 1491489
15 13 132580
13 13 86145
2 18 222
0 14 521
3 11 53720
1 15 3576838
4 12 72956
2 12 387398
5 1 3783
3 17 1976
16 7 12115
6 14 1492
19 18 236614
17 6 657772
7 15 1232653
20 21 1523627
18 5 943
21 8 68807
22 7 90223
10 9 549225
11 4 118337
9 20 1201269
14 19 8333
12 7 686089
10 19 468122
13 6 6720067
0 5 183483
1 0 5966202
4 11 179447
2 7 233343
3 22 10540
4 17 37319
7 4 13912825
5 20 3768096
16 20 599088
21 17 10199
19 1 2006818
18 22 45074
8 0 33839702
15 19 649347
11 19 245410
12 20 1509171
16 11 7246
6 18 331172
19 6 682999
20 1 144930
18 17 117636
21 4 13757
8 7 20590
9 6 1118911
10 5 216787
11 8 326278
0 19 561712
14 7 599
12 19 79628
1 18 1368833
15 6 417230
13 18 788713
0 9 646314
3 4 628
4 7 45553
5 6 149718
16 2 2000
6 21 668591
19 15 70134
17 3 9457
7 16 3253
20 8 23526756
18 8 526299
21 13 1320472
8 14 4947
22 2 6764
9 15 80941
10 12 388853
8 20 13416536
11 1 240064
9 17 7190
10 22 30293
15 15 5183
13 11 428884
2 16 42
0 0 29299095
3 13 4770
1 13 7766795
5 15 513
3 19 103043
6 12 13282359
4 20 13403775
19 20 23132696
17 4 35260
7 9 9979
18 3 520
21 22 599
22 5 1355
11 6 1940318
14 17 1420
12 1 27695
10 17 269047
15 20 221084
13 4 22713
0 7 1636290
2 5 153
5 8 45358
6 7 1524598
4 19 164641
7 6 808531
5 18 2655
16 22 74
19 3 2932
20 4 14406866
18 20 17012571
8 2 3224
9 3 814514
11 21 151197
14 2 9856
12 22 204858
3 1 23903
16 13 527894
6 16 135399
19 8 115750
17 8 107076
7 21 1319094
20 3 96934
18 15 67313
21 2 20995
8 9 19893
22 9 2828
9 4 12041
0 21 609016
12 13 591296
1 16 192937
15 0 346576
13 16 618162
0 11 1970980
3 6 15052
4 1 46769
5 4 40
6 11 763288
19 17 204593
17 1 1764858
7 18 20402
18 6 565675
21 11 140922
22 0 354060
9 13 534538
8 22 38676
11 3 74952
12 4 113072
10 20 2220152
15 9 24236
13 9 21049
0 2 388122
3 15 37325
1 3 32173
4 8 2635333
2 8 3111
5 13 3537983
3 21 2922
6 2 1666528
4 22 4735
19 22 99558
7 11 448798
20 17 191946
18 1 494919
16 17 2858
21 20 449645
12 3 19573
13 2 24709
1 4 417035
2 3 10258
6 5 74278
7 0 2258728
5 16 40
16 8 4593
19 5 7938
17 21 8593
22 18 21607
20 6 4279002
18 18 210608
21 7 163970
8 4 332982
9 1 297587
0 16 52541
14 0 1162546
12 16 6137
15 5 179
13 21 550688
16 15 2296
6 22 101334
17 14 62
22 21 1013
20 13 2417714
18 13 16673730
21 0 2342919
8 11 1421480
8 17 1301029
11 12 110456
14 11 80
12 15 69980
1 22 1915352
15 2 500675
13 14 1102922
2 21 25715
0 13 9529285
3 8 19644
1 8 773209
4 3 1420
2 15 883847
5 2 193
16 6 166801
6 9 229309
19 19 215614
17 7 32915
7 12 373748
20 20 161256
18 4 76767
21 9 78882
22 6 268577
10 8 90304
11 5 42479
9 21 1488350
14 18 1240
12 6 2589814
10 18 912049
13 7 954103
0 4 202062
2 6 1793653
5 11 24800
6 0 1867850
7 5 1692764
5 21 43841
20 19 20344042
16 19 2298
21 18 427521
17 18 82081
14 21 551
15 16 80907
13 0 16492906
11 16 82207
2 1 1566411
7 2 20292
19 7 228317
20 0 730046
18 16 6010
21 5 54415
8 6 761255
9 7 666455
10 4 51527
11 9 50015
0 18 695345
14 6 121793
12 18 68359
1 19 1169810
15 7 1489761
13 19 79285
0 8 487748
3 5 195104
4 6 393989
5 7 142780
16 1 8678
6 20 5778316
19 12 232494
17 12 123230
7 17 1313831
20 15 560295
18 11 526272
21 14 759
8 13 13339139
22 13 17528
9 8 49333
10 15 88586
8 19 134542
11 14 47
9 18 15276338
14 9 5575
12 9 113848
1 20 5943573
15 12 8599
13 12 426702
2 19 5975
0 15 725338
1 14 11963
4 13 15000836
2 13 53442
5 0 11340957
6 15 143290
19 21 411461
17 5 165
7 14 1165529
20 22 55928
18 2 1040
22 4 3248
11 7 318724
12 0 778616
10 16 167911
15 21 306092
13 5 6024404
0 6 6492486
1 7 340272
2 4 3007
5 9 6946
6 6 350
4 18 86552
7 7 1224871
5 19 533
16 21 8903
21 16 11475
19 0 46665634
17 16 169500
8 1 633301
15 18 54549
11 18 184905
12 21 584106
16 12 5911
6 19 247317
17 9 12864
20 2 34310
18 14 80
21 3 3076
22 8 31877
9 5 6802316
10 2 61879
0 20 11182988
12 12 64100
1 17 800517
15 1 92415
13 17 63964
2 22 6872
3 7 6132
1 11 2146561
4 0 35535280
16 3 74
19 14 1979
17 2 99340
7 19 23721090
20 9 1020755
18 9 35227
21 12 288071
8 15 79582
22 3 1993
9 14 2435
10 13 1962737
8 21 32019
11 0 941858
9 16 3146580
14 15 218
12 11 354188
15 14 142
2 17 82174
0 1 2483159
3 12 2377
1 12 878396
4 15 48412
2 11 30005
3 18 4154
6 13 6295314
4 21 7711
7 8 23882689
20 16 3088362
18 0 43104773
21 21 115243
12 2 78028
13 3 1500
1 5 174822
6 4 218588
7 1 65484
5 17 52
19 2 8790
20 5 14036
18 21 519863
8 3 1944
9 2 100943
11 20 458450
13 22 16726
3 0 77640
6 17 64473
19 11 967578
7 20 532462
22 20 89733
20 12 410203
18 12 127301
21 1 237327
9 11 66632
10 0 1931174
8 16 8641
11 13 399185
0 22 677578
12 14 2784
15 3 8139
13 15 464867
2 20 2080837
0 12 208008
3 9 21310
1 9 446207
4 2 379646
2 14 2659
5 3 844
16 5 1644
6 8 119008
19 16 6676
17 0 269745
7 13 449951
20 11 966790
18 7 37952
22 1 488138
9 12 169384
10 11 1027950
11 2 23640
9 22 5831
14 13 292625
12 5 33654
10 21 1091822
15 8 423129
13 8 166050
0 3 1905016
3 14 118
1 2 837198
4 9 4010
2 9 1507
5 12 2386
3 20 11734
6 3 52
5 22 72
20 18 12101498
16 18 7246
21 19 111820
17 19 245394
14 20 240325
13 1 57863033
2 0 1994021
