468
7 3 4025
16 9 85530
19 4 17228790
17 20 413293
22 19 60954
20 7 1605018
18 19 270047
21 6 1275902
8 5 37866
9 0 721318
10 7 99929
0 17 392861
14 1 5375
12 17 131707
15 4 549191
13 20 2336347
3 2 2928
4 5 3050
16 0 336190
19 13 124277
17 13 166904
7 22 19111
18 10 338256
21 15 45179
8 12 6991
22 12 3683
9 9 1242
8 18 30185
9 19 37488
14 8 1480
12 8 189996
1 21 1557278
15 13 79587
13 13 57707
2 18 64
3 11 98807
1 15 749379
4 12 14058
2 12 406689
5 1 61963
3 17 7028
16 7 133510
19 18 19575
17 6 1056605
7 15 1774119
20 21 642497
18 5 75390
21 8 34339
22 7 159091
10 9 1696238
11 4 48324
9 20 2513471
14 19 1296
12 7 1377696
10 19 30209378
15 10 46247
13 6 10420164
0 5 14110740
1 0 6157618
4 11 91166
2 7 1364
5 10 80681
4 17 636
7 4 8487
5 20 1709083
16 20 3355617
21 17 62027
19 1 182475
18 22 1417
8 0 4725267
15 19 1319523
11 19 304191
12 20 758473
16 11 321
6 18 11906
19 6 1605961
17 10 122816
20 1 2415862
18 17 29967
21 4 196982
8 7 296736
9 6 2075437
10 5 905183
11 8 559228
0 19 529818
14 7 1019
12 19 545079
1 18 49744
15 6 463276
13 18 11416
0 9 873588
3 4 12144
4 7 946181
5 6 191908
16 2 632
6 21 603522
19 15 87860
17 3 461
7 16 11893
20 8 20672249
18 8 195697
21 13 2718005
22 2 29836
9 15 796490
10 12 715093
8 20 45759643
11 1 273353
9 17 331110
12 10 153582
10 22 38495
15 15 6836
13 11 121690
2 16 326
0 0 36746029
3 13 8444
1 13 13721602
2 10 50771
5 15 1545
3 19 91420
6 12 6478787
4 20 37971580
19 20 65994431
17 4 13084
7 9 836765
18 3 213
21 22 671919
22 5 317
11 6 1702075
12 1 48457
10 17 537425
15 20 370541
13 4 41451
0 7 648745
2 5 7222
5 8 61041
6 7 99212
4 19 28213105
7 6 812305
5 18 420
19 3 2802
20 4 17727
18 20 80385057
8 2 2668
9 3 1818
11 21 52475
14 2 58
12 22 39814
3 1 36915
16 13 640930
6 16 181775
19 8 167702
17 8 1184885
7 21 2852567
20 3 6565
18 15 27136
21 2 70067
8 9 9492
22 9 2351
9 4 10043
10 3 20604
11 10 70498
0 21 302410
14 5 350
12 13 1208192
1 16 223374
15 0 287949
13 16 17302
0 11 2734096
3 6 513929
4 1 228848
5 4 736
16 4 60
6 11 256346
19 17 745126
17 1 1645514
7 18 9935
20 10 757635
18 6 1127187
21 11 60838
22 0 17821
9 13 2123269
8 22 13380
11 3 4508
14 12 245
12 4 68090
10 20 4266448
15 9 92394
13 9 142614
0 2 526826
3 15 5891
1 3 938335
4 8 191998
2 8 5468
5 13 5519436
3 21 6082
6 2 480044
4 22 146974
19 22 106283
7 11 107460
20 17 97408
18 1 63110
16 17 4433
21 20 3521830
12 3 10276
13 2 114184
1 4 793495
6 5 443710
7 0 1611557
5 16 158
16 8 15472
19 5 15704
17 21 26249
22 18 1472
20 6 12895469
18 18 425604
21 7 354587
8 4 82575
9 1 772320
0 16 125962
14 0 150358
12 16 20055
15 5 8486
13 21 1069746
16 15 203
6 22 25710
19 10 47064
22 21 171413
20 13 848841
18 13 13284582
21 0 1044886
8 11 358681
22 15 40
9 10 842927
8 17 58204
11 12 39001
14 11 269
12 15 113812
1 22 254302
15 2 337609
2 21 85035
0 13 7840346
1 8 973667
4 3 364
2 15 1118348
5 2 300
16 6 101275
6 9 4923045
19 19 64090545
17 7 30840
7 12 271042
20 20 595906
18 4 23393
21 9 246944
22 6 188757
10 8 22884428
11 5 31315
9 21 3066589
12 6 3039675
10 18 1790816
15 11 3932
13 7 4336993
0 4 242274
4 10 130096
2 6 2316317
5 11 16109
6 0 1902871
4 16 182
7 5 1670609
5 21 227110
20 19 633384
16 19 4255
21 18 6798
17 18 288
14 21 85
15 16 56680
13 0 10565086
11 16 6928
2 1 116165
7 2 8615
16 10 27085
19 7 874740
20 0 16164223
18 16 4980
21 5 158186
8 6 533921
22 10 39574
9 7 1148584
10 4 13565501
11 9 28403
0 18 12902
14 6 88634
12 18 9154
1 19 2249340
15 7 479697
13 19 137574
0 8 205925
3 5 525
4 6 699688
5 7 102426
16 1 2408
6 20 4919212
19 12 92376
17 12 7985
7 17 13087
20 15 336781
18 11 286222
8 13 736157
22 13 21491
9 8 38926
10 15 89703
8 19 8294289
9 18 11559
14 9 41
12 9 1774616
1 20 8091145
15 12 56142
13 12 486131
2 19 210701
0 15 827524
3 10 7683
4 13 94843
2 13 226994
5 0 20368845
3 16 146
6 15 130099
19 21 5538
17 5 62541
20 22 398929
18 2 29041
22 4 5916
11 7 7320
12 0 1032715
10 16 3288718
15 21 97873
13 5 8584146
0 6 8884537
1 7 993244
2 4 1591
5 9 64566
6 6 9403
4 18 1279
7 7 6357
5 19 7071
16 21 20168
21 16 8836
19 0 6815594
17 16 257
8 1 682041
15 18 220
11 18 5840
12 21 340369
16 12 1568
6 19 615550
19 9 9991
17 9 12184
20 2 1631874
21 3 650
22 8 12470
9 5 119292
10 2 23642
0 20 5021312
14 4 172
12 12 756
1 17 1940828
15 1 235424
13 17 168418
2 22 368829
0 10 905279
3 7 4664
1 11 2657096
4 0 5650406
16 3 40
17 2 479
7 19 61377
20 9 1237847
18 9 29565
21 12 90180
8 15 99673
22 3 104
10 13 2980047
8 21 109973
11 0 1160960
9 16 16925
14 15 551
12 11 299888
13 10 1274413
2 17 2234
0 1 3232987
3 12 10162
1 12 1425746
4 15 53769
2 11 286081
6 13 3332983
4 21 6308
7 8 41077
20 16 2546546
18 0 6156704
21 21 338610
12 2 24724
1 5 549706
6 4 87097
7 1 1314540
5 17 18243
19 2 103375
20 5 366843
18 21 129582
8 3 162
9 2 569719
11 20 925755
14 3 38
13 22 15247
3 0 102161
6 17 94444
19 11 460687
7 20 3533116
22 20 37941
20 12 2378386
18 12 27502
21 1 285704
8 10 64232
9 11 60024
10 0 22720982
8 16 9053
11 13 584766
0 22 115576
14 10 42
15 3 1046
13 15 278286
2 20 167975
0 12 463235
3 9 132
1 9 500904
4 2 133
5 3 100
16 5 321
6 8 136155
19 16 123
17 0 1460072
7 13 3124795
20 11 1799644
18 7 206735
21 10 84813
22 1 51892
9 12 458095
10 11 355112
11 2 36229
9 22 15091
14 13 579548
12 5 183152
10 21 1478913
15 8 285596
13 8 199105
0 3 3345
1 2 1497967
4 9 10384
2 9 134652
5 12 888
3 20 484319
6 3 11100
7 10 39886
5 22 576
20 18 1952180
16 18 2383
21 19 60942
17 19 429219
14 20 930678
13 1 2839385
2 0 1797749
