466
7 3 5090
16 9 14219
19 4 7875664
17 20 1356930
22 19 62724
20 7 121804
18 19 122853
21 6 1092355
8 5 13387
9 0 1803048
10 7 280202
0 17 331376
14 1 3057
12 17 1086375
15 4 152847
13 20 790790
3 2 12418
16 0 155122
19 13 88158
17 13 908066
7 22 21947
18 10 439849
21 15 62758
8 12 1783
22 12 47440
9 9 847
8 18 2789
9 19 18101
12 8 103489
1 21 1607166
15 13 25985
13 13 120614
3 11 37644
1 15 484252
4 12 215
2 12 385800
5 1 6181
3 17 55620
16 7 37310
19 18 5516
17 6 404425
7 15 2074902
20 21 784284
18 5 33976
21 8 16221
22 7 10578
10 9 1377571
11 4 8731
9 20 6636767
14 19 114
12 7 366525
10 19 16614642
15 10 26518
13 6 7974184
0 5 6974899
1 0 18805966
4 11 47870
2 7 2328
5 10 13155
3 22 1500
4 17 4100
7 4 294
5 20 1415649
16 20 2348051
21 17 244423
19 1 130490
17 17 184
18 22 7038
8 0 3734136
15 19 89649
11 19 175504
12 20 2242101
16 11 3544
6 18 2401
19 6 904508
17 10 11333
20 1 957170
18 17 20999
21 4 2691
8 7 300214
9 6 3616191
10 5 490467
11 8 248652
0 19 194869
14 7 10677
12 19 78153
1 18 14166
15 6 321859
13 18 19508
0 9 475525
3 4 3000
4 7 489020
5 6 95218
16 2 1504
6 21 587654
19 15 11170
17 3 1444
7 16 7491
20 8 13517782
18 8 109529
21 13 2200180
22 2 446
9 15 321582
10 12 9878212
8 20 39483494
11 1 440904
9 17 244678
12 10 118207
10 22 33600
15 15 2331
13 11 152998
2 16 1744
0 0 25887218
3 13 6157
1 13 6540865
2 10 35350
5 15 10313
3 19 25056
6 12 925710
4 20 27350048
19 20 52107483
17 4 1540
7 9 1010102
18 3 2840
21 22 4091
22 5 1928
11 6 1178111
14 17 1440
12 1 385166
10 17 666054
15 20 177866
13 4 14234
0 7 1083232
2 5 113396
5 8 43885
6 7 53450
4 19 15449757
7 6 427511
5 18 20407
16 22 73
19 3 200
20 4 7444
18 20 70847906
8 2 37198
9 3 1976
11 21 41251
14 2 612
12 22 28168
3 1 23236
16 13 192366
6 16 40485
19 8 239761
17 8 753947
7 21 380601
20 3 26892
18 15 4020
21 2 13383
8 9 9182
22 9 5189
9 4 15892
10 3 77290
11 10 255355
0 21 233653
12 13 1325885
1 16 208276
15 0 383438
13 16 9123
0 11 731555
3 6 344872
4 1 65850
5 4 100
16 4 40
6 11 213468
19 17 55324
17 1 222519
7 18 16499
20 10 131551
18 6 1049431
21 11 49562
22 0 163720
9 13 215791
8 22 19191
11 3 796
14 12 1124
12 4 383
10 20 1833394
15 9 552322
13 9 506060
0 2 315119
3 15 19440
1 3 366802
4 8 19330
2 8 3814
5 13 4370899
3 21 400713
6 2 467410
4 22 11150
19 22 71356
7 11 20146
20 17 543279
18 1 15253
16 17 2323
21 20 4606311
12 3 18786
13 2 8270
1 4 98409
2 3 584
6 5 204618
7 0 1317005
16 8 777
19 5 3376
17 21 9080
22 18 1614
20 6 3608012
18 18 105881
21 7 93783
8 4 19239
9 1 145087
0 16 40945
14 0 128989
12 16 30781
15 5 183072
13 21 220898
16 15 1623
6 22 14919
19 10 96902
22 21 19036
20 13 629601
18 13 11865639
21 0 1128788
8 11 66572
9 10 311316
8 17 406607
11 12 153309
14 11 4494
12 15 26184
1 22 148421
15 2 495235
2 21 51740
0 13 3314040
3 8 9104
1 8 469645
4 3 52
2 15 1333265
5 2 6768
16 6 156989
6 9 368155
19 19 41446260
17 7 30329
7 12 7414708
20 20 1257553
18 4 286735
21 9 124743
22 6 65730
10 8 16265281
11 5 77911
9 21 1149393
12 6 2418040
10 18 1081941
15 11 103552
13 7 405154
0 4 38901
4 10 75112
2 6 2372620
5 11 11516
6 0 908788
4 16 101
7 5 1645264
5 21 54004
20 19 722828
16 19 8929
21 18 129956
17 18 7626
14 21 2640
15 16 9100
13 0 7240719
11 16 377
2 1 35818
7 2 100
16 10 3918
19 7 642464
22 16 118
20 0 7533685
18 16 4093
21 5 355720
8 6 679931
22 10 4657
9 7 582177
10 4 6540520
11 9 81679
0 18 4108
14 6 8500
12 18 180055
1 19 1858005
15 7 2025462
13 19 74326
0 8 356895
3 5 252160
4 6 308294
5 7 113628
16 1 8059
6 20 5730446
19 12 15974
17 12 347887
7 17 170546
20 15 1140609
18 11 143456
8 13 84343
22 13 7673
9 8 18850
10 15 62553
8 19 6195303
9 18 11032
12 9 777810
1 20 7952450
15 12 88038
13 12 1062818
2 19 396
0 15 1050885
3 10 49870
4 13 150416
2 13 16227
5 0 17395339
3 16 148
6 15 73215
19 21 42203
17 5 3501
20 22 30130
18 2 386
22 4 604126
11 7 15780
12 0 579253
10 16 2349719
15 21 55218
13 5 3847047
0 6 8421292
1 7 346331
2 4 1191
5 9 163352
6 6 482
4 18 269
7 7 3628
5 19 8745
16 21 38619
21 16 10498
19 0 6160338
17 16 229
8 1 45547
15 18 127
11 18 6527
12 21 1521501
16 12 2154
6 19 103698
19 9 13211
17 9 8572
20 2 674474
21 3 9576
22 8 29989
9 5 3577
10 2 229151
0 20 12465436
12 12 1459
1 17 1108806
15 1 21473
13 17 588428
0 10 500955
3 7 33535
1 11 24635853
4 0 4144096
16 3 75
17 2 156
7 19 27323
20 9 508359
18 9 751535
21 12 1052722
8 15 43768
22 3 136
10 13 2330641
8 21 15146
11 0 488851
9 16 7253
14 15 38
12 11 576761
13 10 293639
2 17 1622
0 1 1284313
3 12 557961
1 12 725266
4 15 6216
2 11 75730
3 18 1420
6 13 3224541
4 21 42640
7 8 61685
20 16 2001368
18 0 7314706
21 21 75255
12 2 25257
13 3 156
1 5 159306
6 4 152350
7 1 944375
5 17 2658
19 2 40
20 5 265161
18 21 24622
8 3 329
9 2 205380
11 20 302390
14 3 38
13 22 951
3 0 242697
6 17 81738
19 11 1030888
7 20 368751
22 20 108227
20 12 1935698
18 12 121689
21 1 49431
8 10 11224
9 11 46742
10 0 13312745
11 13 1429731
0 22 703514
15 3 145621
13 15 26090
2 20 34963
0 12 599764
3 9 56140
1 9 822204
4 2 23414
5 3 7191
16 5 62
6 8 72859
19 16 1570
17 0 766702
7 13 181715
20 11 744565
18 7 58508
21 10 42952
22 1 24206
9 12 113707
10 11 382377
11 2 12968
9 22 425
14 13 306506
12 5 178586
10 21 722754
15 8 49696
13 8 67061
0 3 1737772
1 2 506918
4 9 1752
2 9 80035
5 12 172840
3 20 513092
6 3 10586
7 10 14093
5 22 226
20 18 1302003
16 18 48
21 19 26009
17 19 353955
14 20 1039017
13 1 1001182
2 0 1681005
