468
7 3 4642
16 9 17226
19 4 22722241
17 20 2221166
22 19 345169
20 7 719805
18 19 250015
21 6 2797310
8 5 105567
9 0 789985
10 7 172606
0 17 5774186
14 1 3250
12 17 249338
15 4 553470
13 20 4472326
3 2 6773
4 5 23942
16 0 780621
19 13 534781
17 13 576792
7 22 205951
18 10 650509
21 15 84340
8 12 63577
22 12 24090
9 9 401
8 18 23467
9 19 1536889
14 8 1413
12 8 229530
1 21 3117404
15 13 114206
13 13 99538
2 18 1708
3 11 36400
1 15 1409701
4 12 6443
2 12 646360
5 1 48619
3 17 16522
16 7 89842
19 18 3494
17 6 1056632
7 15 1585916
20 21 3732961
18 5 71837
21 8 47546
22 7 17755
10 9 3880637
11 4 352081
9 20 2612330
14 19 5208
12 7 908767
10 19 39887743
15 10 27490
13 6 16490991
0 5 26185945
1 0 9241008
4 11 158358
2 7 67238
5 10 64878
4 17 417113
7 4 3667
5 20 2091460
16 20 5083251
21 17 175241
19 1 1078367
18 22 23555
8 0 7203824
15 19 1220101
11 19 418968
12 20 1968818
16 11 22049
6 18 24959
19 6 728254
17 10 74795
20 1 3749918
18 17 187944
21 4 48161
8 7 538887
9 6 6272248
10 5 932794
11 8 1115603
0 19 1310509
14 7 11194
12 19 117557
1 18 112500
15 6 433613
13 18 321982
0 9 965212
4 7 459355
5 6 346206
16 2 2024
6 21 1435028
19 15 280240
17 3 3232
7 16 91961
20 8 31072525
18 8 350026
21 13 1235397
22 2 3859
9 15 163018
10 12 1667303
8 20 56472840
11 1 1358197
9 17 29025
12 10 210340
10 22 56233
15 15 13213
13 11 433006
2 16 486
0 0 41524180
3 13 44858
1 13 12407260
2 10 7255
5 15 44701
3 19 52675
6 12 10597483
4 20 40175731
19 20 59488878
17 4 138207
7 9 13394399
18 3 558
21 22 52586
22 5 4928
11 6 2133601
14 17 2270
12 1 45097
10 17 163021
15 20 949366
13 4 345807
0 7 1180268
1 6 201
2 5 18581
5 8 87315
6 7 317604
4 19 27831030
7 6 1401183
5 18 1625
16 22 52
19 3 1046
20 4 402209
18 20 80223994
8 2 4422
9 3 10746
11 21 228276
14 2 1909
12 22 116795
3 1 24320
16 13 806595
6 16 563553
19 8 1220234
17 8 831932
7 21 372032
20 3 15686
18 15 39607
21 2 803340
8 9 117642
22 9 122213
9 4 147841
10 3 32638
11 10 160741
0 21 1212557
14 5 1943
12 13 2431398
1 16 182993
15 0 516017
13 16 29267
0 11 3078247
3 6 603137
4 1 247760
5 4 78500
16 4 128
6 11 549731
19 17 822723
17 1 447946
7 18 84037
20 10 408408
18 6 1086755
21 11 146781
22 0 93324
9 13 1886829
8 22 94477
11 3 622
14 12 4977
12 4 33570
10 20 5497142
15 9 707646
13 9 584221
0 2 734245
3 15 64617
1 3 88364
4 8 207284
2 8 9133
5 13 7188806
3 21 50460
6 2 591772
4 22 8804
19 22 170822
7 11 3472057
20 17 532250
18 1 413687
16 17 1730
21 20 4543479
12 3 9552
13 2 581094
1 4 872208
2 3 1115
6 5 444427
7 0 3817684
5 16 186
16 8 5112
19 5 162574
17 21 623533
22 18 2291
20 6 8888998
18 18 297090
21 7 1341051
8 4 167398
9 1 414236
0 16 32891
14 0 291824
12 16 19367
15 5 21013
13 21 1585462
16 15 158
6 22 51281
19 10 71766
22 21 224591
20 13 4460737
18 13 15600193
21 0 1549892
8 11 750669
9 10 56997
8 17 1021541
11 12 183667
14 11 3723
12 15 151113
1 22 897731
15 2 459983
2 21 47017
0 13 7437901
3 8 4420
1 8 1087032
2 15 1075791
5 2 58481
16 6 259364
6 9 4493714
19 19 69656012
17 7 134908
7 12 10254345
20 20 2801859
18 4 633722
21 9 295453
22 6 129530
10 8 33947739
11 5 182595
9 21 1413683
14 18 40
12 6 8161463
10 18 3382219
13 7 1732515
0 4 233697
4 10 20147
2 6 2696053
5 11 27875
6 0 2133217
4 16 558
7 5 2071636
5 21 246249
20 19 1264670
16 19 6491
21 18 8730
14 21 17513
15 16 12185
13 0 18736857
11 16 39555
2 1 562327
7 2 415271
16 10 12606
19 7 1177795
20 0 21318689
18 16 2753
21 5 589966
8 6 962801
22 10 70672
9 7 1625874
10 4 20629917
11 9 970573
0 18 21517
14 6 5490
12 18 8941
1 19 1694267
15 7 2256823
13 19 128788
0 8 787052
3 5 152408
4 6 394958
5 7 75843
16 1 10847
6 20 10636299
19 12 119218
17 12 228195
7 17 234976
20 15 2241831
18 11 338199
8 13 421993
22 13 25739
9 8 537261
10 15 163855
8 19 12985368
9 18 27599
14 9 10382
12 9 2030106
1 20 10895701
15 12 133578
13 12 2354306
2 19 3692
0 15 1867771
3 10 55229
4 13 265072
2 13 1093253
5 0 23374382
3 16 181
6 15 191519
19 21 107751
17 5 159841
20 22 147311
18 2 54367
22 4 217344
11 7 126821
12 0 1033364
10 16 5803327
15 21 226080
13 5 17666598
0 6 13098267
1 7 760234
2 4 3445
5 9 109240
6 6 40
4 18 101
7 7 964
5 19 43779
16 21 11198
21 16 8924
19 0 8605248
17 16 200
8 1 762865
15 18 1756
11 18 10396
12 21 658336
16 12 148899
6 19 133667
19 9 302242
17 9 926783
20 2 403400
21 3 1349
22 8 72260
9 5 109777
10 2 294240
0 20 12165121
12 12 99633
1 17 729055
15 1 99142
13 17 297519
2 22 1962
0 10 1904878
3 7 4837
1 11 4357857
4 0 6540189
17 2 17222
7 19 243347
20 9 1515962
18 9 141962
21 12 261141
8 15 305437
22 3 52
10 13 2646325
8 21 64389
11 0 2235957
9 16 19099
14 15 1736
12 11 451122
13 10 483118
2 17 6114
0 1 5296926
3 12 88967
1 12 4178088
4 15 57383
2 11 205598
3 18 38
6 13 6336555
4 21 12334
7 8 120411
20 16 3923140
18 0 10495014
21 21 643911
14 22 56
12 2 233438
13 3 608
1 5 934675
6 4 222362
7 1 161156
5 17 10877
19 2 121685
20 5 166423
18 21 365656
8 3 40
9 2 165740
11 20 984104
13 22 22650
3 0 51389
6 17 3743151
19 11 1185394
7 20 6639803
22 20 237642
20 12 876790
18 12 179946
21 1 159086
8 10 28370
9 11 180592
10 0 32915405
8 16 2535
11 13 484910
0 22 103632
14 10 1255
15 3 5891
13 15 336056
2 20 233329
0 12 1871700
3 9 22670
1 9 2314012
4 2 3133
5 3 16534
6 8 329208
19 16 414
17 0 2750298
7 13 4389875
20 11 343756
18 7 65631
21 10 144928
22 1 93872
9 12 924986
10 11 280590
11 2 34317
9 22 13991
14 13 535317
12 5 174559
10 21 3281357
15 8 773059
13 8 305603
0 3 29903
1 2 964860
4 9 66424
2 9 118710
5 12 21104
3 20 222244
6 3 20275
7 10 57977
5 22 1621
20 18 2516415
16 18 72
21 19 111208
17 19 388908
14 20 2150908
13 1 4867439
2 0 1339476
