464
7 3 4519
16 9 12182
19 4 18873306
17 20 1122894
22 19 212699
20 7 1180629
18 19 123370
21 6 1723345
8 5 246500
9 0 470047
10 7 48256
0 17 3095533
14 1 3335
12 17 234072
15 4 602506
13 20 3692381
3 2 1500
4 5 6790
16 0 593667
19 13 582136
17 13 848285
7 22 45848
18 10 487715
21 15 42859
8 12 10544
22 12 9384
9 9 1466
8 18 1720
9 19 130741
14 8 88
12 8 220523
1 21 1632926
15 13 92243
13 13 393455
2 18 52
3 11 17069
1 15 1121761
4 12 9440
2 12 392060
5 1 55170
3 17 286
16 7 82786
19 18 1689
17 6 1088105
7 15 1528914
20 21 1142039
18 5 24109
21 8 49611
22 7 42969
10 9 2053879
11 4 82303
9 20 6879240
14 19 3571
12 7 83861
10 19 30292838
15 10 98418
13 6 10311146
0 5 16360219
1 0 6764804
4 11 230221
2 7 19544
5 10 45777
4 17 514490
7 4 3685
5 20 1732928
16 20 4661734
21 17 122824
19 1 1424488
17 17 92
18 22 16633
8 0 6302164
15 19 834179
11 19 313132
12 20 1261200
16 11 24242
6 18 48888
19 6 1048112
17 10 25444
20 1 741941
18 17 327329
21 4 34620
8 7 380399
9 6 5194760
10 5 234991
11 8 814721
0 19 1271386
14 7 21358
12 19 205118
1 18 243167
15 6 353803
13 18 175321
0 9 438026
4 7 470968
5 6 239615
16 2 516
6 21 660506
19 15 71078
7 16 8420
20 8 26835480
18 8 102494
21 13 1004147
22 2 1255
9 15 274815
10 12 1513375
8 20 53440079
11 1 556913
9 17 46789
12 10 56390
10 22 104855
15 15 7499
13 11 333426
2 16 18417
0 0 36585757
3 13 28757
1 13 10696391
2 10 6544
5 15 27899
3 19 4780
6 12 8833246
4 20 29732383
19 20 53786955
17 4 46091
7 9 12063923
18 3 196
21 22 6214
22 5 2752
11 6 2229168
12 1 53543
10 17 112362
15 20 899696
13 4 39180
0 7 1931935
1 6 172
2 5 7184
5 8 86523
6 7 276846
4 19 24097939
7 6 3090881
5 18 213
16 22 60
19 3 173
20 4 289433
18 20 75871103
8 2 117894
9 3 164
11 21 249408
14 2 8122
12 22 222012
3 1 8384
16 13 508365
6 16 73260
19 8 219716
17 8 652901
7 21 209142
20 3 4644
18 15 17876
21 2 42969
8 9 35223
22 9 42639
9 4 31168
10 3 10300
11 10 156706
0 21 752627
12 13 1132078
1 16 114540
15 0 529162
13 16 17624
0 11 5606121
3 6 1086546
4 1 183467
5 4 9695
6 11 292988
19 17 681599
17 1 607388
7 18 213077
20 10 577750
18 6 1270411
21 11 180881
22 0 397648
9 13 461165
8 22 189341
11 3 1439
14 12 2841
12 4 105780
10 20 2666575
15 9 458935
13 9 544487
0 2 746389
3 15 133481
1 3 1005821
4 8 77881
2 8 13320
5 13 6658729
3 21 83619
6 2 642653
4 22 6896
19 22 2659351
7 11 1399831
20 17 607733
18 1 615931
16 17 2823
21 20 5307129
12 3 4256
13 2 524331
1 4 461264
6 5 112356
7 0 2836646
5 16 1567
16 8 95
19 5 13160
17 21 153232
22 18 496
20 6 5086859
18 18 249737
21 7 288517
8 4 94264
9 1 64634
0 16 24808
14 0 454749
12 16 6443
15 5 20383
13 21 1995378
16 15 1741
6 22 27089
19 10 48868
22 21 6122
20 13 1851083
18 13 12901978
21 0 1475315
8 11 864315
9 10 61936
8 17 374062
11 12 107403
14 11 3359
12 15 122334
1 22 886362
15 2 490515
2 21 472466
0 13 9453497
1 8 1272111
2 15 997628
5 2 1148
16 6 220641
6 9 20996977
19 19 62795012
17 7 620812
7 12 409185
20 20 1347873
18 4 98821
21 9 754256
22 6 348129
10 8 30430840
11 5 90045
9 21 344456
14 18 56
12 6 7528661
10 18 1717422
15 11 46500
13 7 391176
0 4 552908
4 10 76152
2 6 2721619
5 11 33449
6 0 1764282
4 16 136
7 5 1370052
5 21 79143
20 19 358257
16 19 139477
21 18 139940
17 18 8692
14 21 58
15 16 7663
13 0 14021600
11 16 3704
2 1 577285
7 2 420625
16 10 24421
19 7 1005612
20 0 17690430
18 16 8094
21 5 82866
8 6 1059983
22 10 11085
9 7 1243396
10 4 16285561
11 9 186948
0 18 10162
14 6 12144
12 18 20810
1 19 1261737
15 7 1958211
13 19 152828
0 8 482969
3 5 192160
4 6 497911
5 7 76852
16 1 4012
6 20 2649450
19 12 23893
17 12 69701
7 17 165874
20 15 620921
18 11 242424
8 13 224797
22 13 69576
9 8 26394
10 15 82513
8 19 11578301
9 18 17421
14 9 360
12 9 761671
1 20 10733876
15 12 52241
13 12 2023196
2 19 18745
0 15 1650483
3 10 41262
4 13 34008
2 13 81791
5 0 20727210
3 16 393
6 15 153348
19 21 31623
17 5 449
20 22 38925
18 2 7981
22 4 66581
11 7 263397
12 0 892009
10 16 4422664
15 21 190921
13 5 9573152
0 6 13679438
1 7 615265
2 4 1441
5 9 160983
6 6 52
7 7 1247
5 19 20026
16 21 4825
21 16 10058
19 0 8984114
17 16 9212
8 1 335535
15 18 1469
11 18 3314
12 21 592392
16 12 12417
6 19 511976
19 9 75897
17 9 22916
20 2 309877
21 3 215392
22 8 94253
9 5 12777
10 2 239243
0 20 5550389
12 12 81468
1 17 1626258
15 1 67721
13 17 98689
2 22 80
0 10 1024208
3 7 2323
1 11 2907769
4 0 5166715
16 3 576
17 2 50328
7 19 84215
20 9 1479857
18 9 50862
21 12 277127
8 15 81385
22 3 52
10 13 2060905
8 21 71343
11 0 1605351
9 16 9716
14 15 196
12 11 625512
13 10 1021970
2 17 86482
0 1 3090394
3 12 5871
1 12 3009702
4 15 185967
2 11 122229
3 18 697
6 13 5379547
4 21 13792
7 8 37737
20 16 3007967
18 0 9417556
21 21 425317
14 22 6450
12 2 91508
13 3 48
1 5 583123
6 4 99926
7 1 50278
5 17 393
19 2 57111
20 5 75027
18 21 229798
9 2 203498
11 20 1786332
13 22 156926
3 0 96350
6 17 898587
19 11 1323231
7 20 5293117
22 20 1428846
20 12 160403
18 12 246766
21 1 165731
8 10 312268
9 11 77913
10 0 23419903
8 16 2889
11 13 268432
0 22 197088
14 10 1472
15 3 45426
13 15 449752
2 20 767329
0 12 1143759
3 9 6052
1 9 981706
4 2 851
5 3 6728
16 5 40
6 8 195863
19 16 16129
17 0 551556
7 13 688512
20 11 405627
18 7 256677
21 10 138816
22 1 68808
9 12 212457
10 11 217272
11 2 185268
9 22 20010
14 13 575385
12 5 63601
10 21 2468788
15 8 479607
13 8 317531
0 3 5323
1 2 1358285
4 9 8101
2 9 112468
5 12 132634
3 20 177893
6 3 24205
7 10 295645
5 22 426
20 18 2120742
21 19 121353
17 19 235226
14 20 1889273
13 1 4124736
2 0 2086567
