491
7 3 8667
16 9 43080
19 4 25916962
17 20 762033
22 19 489196
20 7 1640908
18 19 232714
21 6 1201886
8 5 65181
9 0 585849
10 7 705513
0 17 6191995
14 1 6226
12 17 377239
15 4 560177
13 20 5061331
3 2 31473
4 5 20202
16 0 443909
19 13 148479
17 13 1498893
7 22 197048
20 14 243686
18 10 755917
21 15 159173
8 12 69465
22 12 9988
9 9 3923
10 14 3810349
8 18 6368
9 19 58619
14 8 3040
12 8 226346
1 21 3958652
15 13 147299
13 13 163853
2 18 3556
0 14 14431
3 11 178966
1 15 3941014
4 12 14282
2 12 2133984
5 1 90226
3 17 61259
16 7 223005
6 14 2604
19 18 3436
17 6 600568
7 15 1870310
20 21 3627048
18 5 59837
21 8 107611
22 7 47379
10 9 4546126
11 4 665032
9 20 3086348
14 19 3436
12 7 754042
10 19 55012480
15 10 30638
13 6 8200112
0 5 28875782
1 0 12041980
4 11 320230
2 7 166450
5 10 19618
3 22 4538
4 17 343188
7 4 6939
5 20 2183531
16 20 3725450
21 17 92195
19 1 2133501
18 22 216930
8 0 5401465
15 19 1755150
11 19 329857
12 20 6344626
16 11 13743
6 18 111185
19 6 818485
17 10 25140
20 1 3879198
18 17 48596
21 4 21929
8 7 456336
9 6 4012611
10 5 617622
11 8 1004147
0 19 2835433
14 7 32462
12 19 452469
1 18 153010
15 6 506617
13 18 41359
0 9 4839617
3 4 5760
4 7 437212
5 6 162474
16 2 6451
6 21 663741
19 15 289333
17 3 1152
7 16 7326
20 8 28631387
18 8 179726
21 13 1297698
8 14 482
22 2 729016
9 15 283908
10 12 2451640
8 20 46457063
11 1 946796
9 17 58949
12 10 53694
10 22 267919
15 15 4343
13 11 301431
2 16 244
0 0 46910633
3 13 3598
1 13 11800255
2 10 22009
5 15 2849
3 19 39268
6 12 5550830
4 20 34380324
19 20 55828362
17 4 491243
7 9 5628965
18 3 5268
21 22 80064
22 5 7884
11 6 1943121
14 17 177
12 1 201489
10 17 2002068
15 20 1872069
13 4 322613
0 7 3157328
2 5 11203
5 8 103615
6 7 706304
4 19 23132647
7 6 2866888
5 18 4508
16 22 410
19 3 10869
20 4 588278
18 20 76390507
8 2 132924
9 3 7332
11 21 604034
14 2 64071
12 22 185783
3 1 79943
16 13 646561
6 16 192452
19 8 341022
17 8 465171
7 21 5138841
20 3 34107
18 15 242112
21 2 103480
8 9 57797
22 9 49229
9 4 130770
10 3 174414
11 10 210899
0 21 5366092
14 5 47
12 13 1642196
1 16 455645
15 0 521105
13 16 130748
0 11 4944948
3 6 613546
4 1 213991
5 4 72132
16 4 6400
6 11 646530
19 17 241084
17 1 661440
7 18 9149
20 10 154595
18 6 588485
21 11 811643
22 0 360244
9 13 752207
8 22 301553
11 3 7084
14 12 24075
12 4 89882
10 20 13451273
15 9 522157
13 9 1382686
0 2 1646131
3 15 1104751
1 3 592407
4 8 197854
2 8 5397
5 13 7987030
3 21 54886
6 2 773363
4 22 39636
19 22 116927
7 11 1899719
20 17 635894
18 1 635180
16 17 3558
21 20 3417684
12 3 11143
13 2 177182
1 4 1236787
2 3 1048
6 5 187803
7 0 3403292
16 8 430
19 5 39978
17 21 164886
22 18 33867
20 6 5513243
18 18 588046
21 7 554369
8 4 465759
9 1 254277
0 16 41845
14 0 692128
12 16 23743
15 5 11742
13 21 577839
16 15 2872
6 22 71860
19 10 111087
17 14 7696
22 21 37650
20 13 2476775
18 13 12110956
21 0 1363577
8 11 598527
9 10 80841
8 17 495157
11 12 447109
14 11 11566
12 15 375410
1 22 924032
15 2 551810
13 14 3386640
2 21 388464
0 13 10816763
3 8 13552
1 8 1916935
4 3 88
2 15 1007327
5 2 27592
16 6 245533
6 9 12279108
19 19 72336484
17 7 90123
7 12 5173378
20 20 3256414
18 4 139133
21 9 510336
22 6 123930
10 8 35827762
11 5 69011
9 21 306087
14 18 3953
12 6 4114617
10 18 4646132
13 7 1633185
0 4 1390121
4 10 69123
2 6 2068088
5 11 73397
6 0 2719924
4 16 258
7 5 1325803
5 21 115771
20 19 274912
16 19 66531
21 18 11232
17 18 1500
14 21 11134
15 16 19903
13 0 18406250
11 16 13998
2 1 269328
7 2 829036
16 10 10046
19 7 781331
22 16 1674
20 0 30795218
18 16 5106
21 5 285892
8 6 934100
22 10 46532
9 7 864510
10 4 25705894
11 9 128000
0 18 81344
14 6 9850
12 18 23280
1 19 3001982
15 7 2390620
13 19 257596
0 8 964612
3 5 577144
4 6 362705
5 7 63156
16 1 16014
6 20 4028148
19 12 124242
17 12 22524
7 17 54637
20 15 2766583
18 11 248166
21 14 1002
8 13 180091
22 13 44781
9 8 66928
10 15 286332
8 19 9130977
11 14 220481
9 18 15280
14 9 22953
12 9 854207
1 20 16853705
15 12 333990
13 12 1150993
2 19 117815
0 15 3002920
3 10 34806
1 14 47149
4 13 304305
2 13 383803
5 0 23926174
3 16 4573
6 15 255689
19 21 83928
17 5 9889
7 14 10746
20 22 383112
18 2 137376
22 4 414164
11 7 697439
12 0 899520
10 16 7803526
15 21 189596
13 5 18662083
0 6 10170121
1 7 1368913
2 4 5707
5 9 150044
6 6 160111
4 18 61
7 7 199593
5 19 42575
16 21 8059
21 16 7576
19 0 9315889
17 16 31669
8 1 746127
15 18 739
11 18 8298
12 21 693425
16 12 24420
6 19 415852
19 9 356947
17 9 845633
20 2 1227653
18 14 3868
21 3 10264
22 8 102529
9 5 46837
10 2 595948
0 20 33785757
12 12 91515
1 17 4602312
15 1 234442
13 17 213238
2 22 14129
0 10 539112
3 7 175634
1 11 26603482
4 0 4755494
16 3 236
19 14 182
17 2 13115
7 19 72531
20 9 1815886
18 9 228514
21 12 734274
8 15 186684
22 3 47
9 14 8848
10 13 2813793
8 21 47023
11 0 1773768
9 16 19576
14 15 2131
12 11 658118
15 14 9668
13 10 604118
2 17 9904
0 1 4934123
3 12 89993
1 12 4696376
4 15 118895
2 11 49250
3 18 56
6 13 5375558
4 21 10227
7 8 59627
20 16 5110947
18 0 8034567
21 21 352675
14 22 128
12 2 472165
13 3 7043
1 5 770570
6 4 83541
7 1 1368764
5 17 123377
19 2 15601
20 5 138662
18 21 82407
9 2 340487
11 20 2878849
14 3 3188
13 22 96949
3 0 383063
16 14 3780
6 17 653276
19 11 718714
7 20 5636438
22 20 1382890
20 12 2639178
18 12 131725
21 1 401663
8 10 78654
9 11 348453
10 0 39759297
8 16 76
11 13 946548
0 22 2341119
14 10 5087
12 14 25805
15 3 19640
13 15 177048
2 20 740241
0 12 4942857
3 9 35082
1 9 3676141
4 2 1697
2 14 92299
5 3 13609
6 8 213168
19 16 50357
17 0 1567967
7 13 966498
20 11 1182973
18 7 140018
21 10 426657
22 1 114959
9 12 863377
10 11 567404
11 2 52971
9 22 14701
14 13 529528
12 5 151771
10 21 4598463
15 8 1069270
13 8 183206
0 3 1941165
3 14 17956
1 2 1520400
4 9 47442
2 9 142954
5 12 26231
3 20 171480
6 3 1215443
7 10 47463
5 22 7953
20 18 3823741
16 18 7100
21 19 341153
17 19 1265051
14 20 2402413
13 1 3994067
2 0 2161556
