481
7 3 6710
16 9 13270
19 4 13424271
17 20 1865336
22 19 95990
20 7 325101
18 19 458469
21 6 4099298
8 5 31450
9 0 658012
10 7 51680
0 17 2593996
14 1 192
12 17 91736
15 4 276004
13 20 2922336
3 2 112
4 5 1093
16 0 342868
19 13 786550
17 13 232259
7 22 22782
20 14 6611
18 10 481284
21 15 48042
8 12 2234
22 12 6464
9 9 1834
10 14 1268889
8 18 131
9 19 65285
14 8 1735
12 8 147118
1 21 1852232
15 13 574846
13 13 316405
0 14 14495
1 15 1457165
4 12 9149
2 12 400392
5 1 136243
3 17 94
16 7 133675
6 14 65
19 18 1748
17 6 1299582
7 15 1164825
20 21 2878032
18 5 92273
21 8 143471
22 7 15302
10 9 1217155
11 4 41449
9 20 2340305
14 19 1380
12 7 773266
10 19 26053103
15 10 67034
13 6 8087961
0 5 10420149
1 0 5005054
4 11 214072
2 7 695622
5 10 17921
3 22 1576
4 17 17653
7 4 2325
5 20 1616137
16 20 2615286
21 17 755626
19 1 738432
18 22 13707
8 0 5222995
15 19 616870
11 19 1041860
12 20 827444
16 11 48
6 18 9079
19 6 922644
17 10 272115
20 1 2016161
18 17 228391
21 4 14948
8 7 233191
9 6 5891892
10 5 211145
11 8 538332
0 19 1036610
14 7 5838
12 19 41976
1 18 89360
15 6 366273
13 18 6506
0 9 6723
4 7 495375
5 6 170427
16 2 187
6 21 1676630
19 15 107295
17 3 71
7 16 24062
20 8 20263022
18 8 354888
21 13 1750745
8 14 88
22 2 432744
9 15 751800
10 12 407068
8 20 43121173
11 1 494252
9 17 25065
12 10 48909
10 22 51189
15 15 4643
13 11 253408
2 16 112
0 0 36753636
3 13 1764
1 13 6495832
2 10 19738
5 15 8528
3 19 87391
6 12 5562283
4 20 31651628
19 20 62161138
17 4 23046
7 9 26089
18 3 5985
21 22 404592
22 5 1160
11 6 1428741
14 17 45
12 1 247201
10 17 2694953
15 20 276928
13 4 447743
0 7 1060794
1 6 160
2 5 3008
5 8 54102
6 7 1555882
4 19 22904058
7 6 2881331
5 18 188
16 22 2960
19 3 640
20 4 49903
18 20 77239755
8 2 3036
9 3 90
11 21 443965
14 2 284
12 22 12822
3 1 70122
16 13 570383
6 16 151204
19 8 255240
17 8 97807
7 21 311781
20 3 6352
18 15 76381
21 2 46915
8 9 255
9 4 34383
10 3 76264
11 10 293155
0 21 527758
14 5 436
12 13 1083792
1 16 213358
15 0 400007
13 16 14013
0 11 1479127
3 6 574432
4 1 341168
5 4 50702
16 4 40
6 11 297337
19 17 331784
17 1 342936
7 18 15034
20 10 466342
18 6 1005255
21 11 922001
22 0 160894
9 13 836316
8 22 14679
11 3 239
14 12 3276
12 4 40679
10 20 2833687
15 9 80
13 9 3443
0 2 655941
3 15 2457
1 3 37103
4 8 77370
2 8 14983
5 13 5747391
3 21 30684
6 2 456581
4 22 26346
19 22 564494
7 11 1431331
20 17 119514
18 1 250001
16 17 11412
21 20 4794301
12 3 26385
13 2 66223
1 4 286304
2 3 300
6 5 43610
7 0 1622974
5 16 2680
16 8 233
19 5 89576
17 21 378352
22 18 2707
20 6 11589763
18 18 127573
21 7 845915
8 4 193846
9 1 45671
0 16 9997
14 0 180938
12 16 6705
15 5 8356
13 21 1688873
16 15 63
6 22 25571
19 10 97891
22 21 105944
20 13 943187
18 13 13783426
21 0 1051056
8 11 340090
9 10 60212
8 17 528512
11 12 105392
12 15 88442
1 22 129421
15 2 359445
13 14 1155776
2 21 34742
0 13 5771200
3 8 1540
1 8 666924
4 3 80
2 15 666557
5 2 3306
16 6 153709
6 9 131616
19 19 56545955
17 7 12186
7 12 8572095
20 20 2036692
18 4 36166
21 9 1886809
22 6 95455
10 8 22415624
11 5 197713
9 21 1071481
12 6 3133609
10 18 1349372
13 7 2520099
0 4 89259
4 10 11005
2 6 1894598
5 11 30105
6 0 1151658
4 16 84
7 5 2181295
5 21 142689
20 19 184748
16 19 1104
21 18 439661
14 21 3720
15 16 1724
13 0 8723193
11 16 2576
2 1 114144
7 2 23187
16 10 7929
19 7 1024133
22 16 4604
20 0 13396016
18 16 27855
21 5 84628
8 6 458949
22 10 5704
9 7 839462
10 4 10720753
11 9 3052
0 18 9241
14 6 7579
12 18 23386
1 19 2216067
15 7 1873243
13 19 72865
0 8 456267
3 5 826343
4 6 313159
5 7 108245
16 1 15767
6 20 3966127
19 12 10844
17 12 30643
7 17 20927
20 15 1138391
18 11 302651
21 14 352
8 13 111743
22 13 16230
9 8 114515
10 15 140486
8 19 8048945
11 14 1528
9 18 43416
12 9 6801
1 20 8752657
15 12 152847
13 12 1955112
2 19 58866
0 15 1920598
3 10 4538
1 14 12357
4 13 32346
2 13 72528
5 0 19652353
3 16 7780
6 15 54621
19 21 169522
17 5 45488
7 14 334
20 22 191868
18 2 7588
22 4 15555
11 7 76732
12 0 1898532
10 16 3839476
15 21 95518
13 5 6841855
0 6 13099008
1 7 1016950
2 4 1964
5 9 71392
6 6 47157
4 18 40
7 7 8383375
5 19 25240
16 21 13622
21 16 7914
19 0 9259386
17 16 1760
8 1 999195
15 18 195
11 18 6248
12 21 275131
16 12 3858
6 19 856980
20 2 92686
18 14 2506
21 3 60
22 8 24236
9 5 261390
10 2 65392
0 20 12389237
12 12 75358
1 17 805917
15 1 134883
13 17 511703
2 22 40448
0 10 1348094
3 7 5530
1 11 1847795
4 0 5031813
16 3 208
19 14 4863
17 2 8370
7 19 23156
20 9 314963
18 9 27218
21 12 764331
8 15 29838
22 3 179
9 14 26340
10 13 2543982
8 21 60800
11 0 1420041
9 16 5082
14 15 404
12 11 263357
15 14 1662
13 10 430403
2 17 492
0 1 3076465
3 12 1163249
1 12 1734501
4 15 21885
2 11 92536
5 14 52
3 18 60
6 13 3258978
4 21 378774
7 8 20747
20 16 2553263
18 0 7970210
21 21 299904
14 22 78
12 2 31273
1 5 552966
6 4 149957
7 1 210759
5 17 11662
19 2 8601
20 5 296401
18 21 184930
8 3 52
9 2 846322
11 20 760741
13 22 7736
3 0 71855
6 17 65057
19 11 704540
7 20 320123
22 20 1425621
20 12 378086
18 12 38059
21 1 83270
8 10 92756
22 14 2400
9 11 146355
10 0 18917317
8 16 196
11 13 107446
0 22 52025
14 10 5160
12 14 3834
15 3 84036
13 15 155658
2 20 253317
0 12 1848311
1 9 38489
4 2 98929
2 14 9722
5 3 13036
16 5 293
6 8 118725
19 16 3184
17 0 1124122
7 13 2154545
20 11 366885
18 7 304398
21 10 321880
22 1 2304
9 12 73476
10 11 243257
11 2 12308
9 22 43009
14 13 342388
12 5 26534
10 21 1143378
15 8 192694
13 8 82955
0 3 2589
1 2 832152
4 9 89
2 9 3160
5 12 9500
3 20 513213
6 3 37447
7 10 30990
5 22 25104
20 18 1866658
16 18 112
21 19 126099
17 19 297210
14 20 1345375
13 1 984282
2 0 2002396
