461
7 3 5853
16 9 6238
19 4 19003
17 20 381424
22 19 14404
20 7 56741
18 19 112793
21 6 921482
8 5 145180
9 0 644202
10 7 268321
0 17 899259
14 1 200
12 17 8324
15 4 509103
13 20 1978758
3 2 38
4 5 1440
16 0 2570489
19 13 14376511
17 13 119194
7 22 11362
20 14 3028
21 15 28987
8 12 6067
22 12 932
9 9 932141
10 14 803
8 18 47065
11 15 92
9 19 21098
14 8 166
12 8 56060
1 21 666035
15 13 29829
13 13 73510
2 18 2972
0 14 287
3 11 22585
1 15 1049974
4 12 3414
2 12 339501
5 1 9182
16 7 42069
6 14 3215
19 18 157299
17 6 1114884
7 15 1328832
20 21 1403525
18 5 8484
21 8 51299
22 7 74028
10 9 274391
11 4 48987
9 20 517452
14 19 1535
12 7 148647
10 19 479023
13 6 8303614
0 5 21803
1 0 2824228
4 11 325416
2 7 59466
3 22 1500
4 17 1634
7 4 7737440
5 20 3168270
16 20 965327
21 17 7470
19 1 133438
18 22 4871
8 0 26380133
15 19 597808
11 19 169327
12 20 405777
16 11 96
6 18 365036
19 6 1924289
20 1 104852
18 17 24472
21 4 5624
8 7 52054
9 6 1635225
10 5 93793
11 8 305497
0 19 316949
14 7 3484
12 19 59246
1 18 767559
15 6 377107
13 18 154732
0 9 161820
4 7 26391
5 6 187951
16 2 1080
6 21 301218
19 15 43575
17 3 234
7 16 36205
20 8 18358088
18 8 184180
21 13 1161823
8 14 5886
22 2 6316
9 15 102037
10 12 4363467
8 20 8893558
11 1 141285
9 17 5428
10 22 39550
15 15 4989
13 11 250421
2 16 2024
0 0 22993405
3 13 1746
1 13 8973526
5 15 2332
3 19 143188
6 12 2778533
4 20 11033633
19 20 14936743
17 4 12934
7 9 15233
18 3 90
21 22 14895
22 5 1454
11 6 2539343
12 1 208430
10 17 684767
15 20 171504
13 4 11884
0 7 1093028
2 5 200
5 8 24503
6 7 1185628
4 19 50224
7 6 795992
5 18 5114
19 3 4928
20 4 9929541
18 20 15423979
8 2 1753
9 3 1260261
11 21 95474
14 2 282
12 22 45310
3 1 9157
16 13 970740
6 16 185093
19 8 108535
17 8 664145
7 21 267066
20 3 2361
18 15 3990
21 2 12557
8 9 588
22 9 1787
9 4 3007
0 21 269133
12 13 206242
1 16 817155
15 0 294996
13 16 631991
0 11 1321890
3 6 7721
4 1 38845
5 4 172
6 11 320163
19 17 87019
17 1 36376
7 18 19439
18 6 1028456
21 11 144554
22 0 509419
9 13 1298617
8 22 21735
11 3 3277
14 12 22768
12 4 9877
10 20 1174694
15 9 354
13 9 1129
0 2 335955
3 15 1084
1 3 730
4 8 61667
2 8 19653
5 13 3167184
3 21 26246
6 2 1671839
4 22 34976
19 22 34509
7 11 55948
20 17 30678
18 1 321093
16 17 215
21 20 612331
12 3 5880
13 2 595056
1 4 249408
6 5 76764
7 0 1294994
5 16 127
16 8 380
19 5 350426
17 21 21082
22 18 18996
20 6 2616204
18 18 236433
21 7 217566
8 4 39582
9 1 22505
0 16 99408
14 0 1005963
12 16 94023
15 5 1105
13 21 169130
16 15 1200
6 22 52359
17 14 127
22 21 9781
20 13 977831
18 13 14799528
21 0 2335391
8 11 370958
8 17 43933
11 12 76008
14 11 1952
12 15 42080
1 22 1044780
15 2 483831
13 14 833526
2 21 115913
0 13 8196686
3 8 7538
1 8 431700
4 3 40
2 15 775051
5 2 106
16 6 304036
6 9 5452
19 19 36094
17 7 18457
7 12 334021
20 20 167002
18 4 39044
21 9 74573
22 6 293137
10 8 39498
11 5 1880
9 21 1607762
14 18 80
12 6 4223243
10 18 275867
13 7 155177
0 4 92467
2 6 1975646
5 11 32502
6 0 1097169
4 16 1636
7 5 1414962
5 21 6538
20 19 15239533
16 19 2088
21 18 158466
17 18 14269
14 21 2164
15 16 58684
13 0 10021789
11 16 12121
2 1 157600
7 2 4496
19 7 125803
22 16 48
20 0 1042835
18 16 3379
21 5 5619
8 6 400154
9 7 721802
10 4 34948
11 9 32213
0 18 264583
14 6 149358
12 18 49307
1 19 859342
15 7 2422304
13 19 422846
0 8 2564850
3 5 7556
4 6 755916
5 7 113574
16 1 4072
6 20 2385889
19 12 15818
17 12 74374
7 17 7345
20 15 262777
18 11 191347
21 14 115
8 13 10285632
22 13 82846
9 8 22708
10 15 121706
8 19 56365
11 14 362
9 18 10695099
12 9 30727
1 20 4033548
15 12 44880
13 12 242763
2 19 52
0 15 492566
1 14 21118
4 13 11916097
2 13 159970
5 0 10454011
3 16 5940
6 15 141312
19 21 40056
17 5 6816
7 14 943065
20 22 5585
18 2 1390
22 4 25029
11 7 17515
14 16 3922
12 0 211143
10 16 835899
15 21 168651
13 5 3832215
0 6 6674366
1 7 468229
2 4 56
5 9 6426
4 18 47266
7 7 8148918
5 19 12192
16 21 5923
21 16 6873
19 0 40525625
17 16 2008
8 1 61205
15 18 5905
11 18 628771
12 21 292141
16 12 12023
6 19 349055
19 9 1722
17 9 9737
20 2 70060
18 14 1480
21 3 700
22 8 18988
9 5 4840404
10 2 797748
0 20 6586941
12 12 79452
1 17 534472
15 1 100084
13 17 87104
2 22 95
3 7 5159
1 11 1662639
4 0 27859561
16 3 312
19 14 1883
17 2 512
7 19 18379028
20 9 538652
18 9 15328
21 12 157103
8 15 47980
22 3 240
9 14 166
10 13 1821730
8 21 52671
11 0 1051300
9 16 6581261
14 15 140
12 11 341872
15 14 92
2 17 556
0 1 1119341
3 12 5163
1 12 1016262
4 15 32361
2 11 49098
3 18 89
6 13 10090225
4 21 23049
7 8 18958851
20 16 5223500
18 0 39434893
21 21 44724
12 2 13730
1 5 268200
6 4 90718
7 1 51107
5 17 65356
19 2 387
20 5 3868
18 21 60232
8 3 26005
9 2 176254
11 20 309436
14 3 38
13 22 89939
3 0 43920
16 14 184
6 17 30708
19 11 127549
7 20 224206
22 20 55610
20 12 336549
18 12 18945
21 1 26903
9 11 214132
10 0 1305816
8 16 10903
11 13 421959
0 22 82003
12 14 1860
15 3 270
13 15 934322
2 20 130360
0 12 1781588
3 9 27996
1 9 1054016
4 2 83
2 14 6637
5 3 153
16 5 68
6 8 287901
19 16 2846
17 0 195470
7 13 217149
20 11 1504764
18 7 62803
22 1 264558
9 12 205709
10 11 551149
11 2 12422
9 22 9011
14 13 236826
12 5 6323
10 21 1199039
15 8 343298
13 8 95205
0 3 5436
1 2 453000
4 9 80
5 12 40574
3 20 415
5 22 5311
20 18 9010377
16 18 13964
21 19 67085
17 19 75567
14 20 234482
13 1 58056954
2 0 1230430
