480
7 3 3106
16 9 11540
19 4 11028097
17 20 865426
22 19 396960
20 7 2845348
18 19 230196
21 6 977866
8 5 30759
9 0 409121
10 7 71720
0 17 630819
14 1 273
12 17 633761
15 4 291946
13 20 4369999
3 2 4662
4 5 1685
16 0 248444
19 13 166502
17 13 201341
7 22 212599
20 14 35667
18 10 255321
21 15 34334
8 12 120
22 12 10034
9 9 13171
10 14 1929139
8 18 235
9 19 88921
12 8 118901
1 21 692198
15 13 37357
13 13 43795
2 18 756
0 14 92501
3 11 6412
1 15 768081
4 12 37621
2 12 678473
5 1 15752
3 17 33056
16 7 71336
6 14 1882
19 18 12760
17 6 861514
7 15 3157643
20 21 1904866
18 5 53529
21 8 57761
22 7 6374
10 9 2949122
11 4 129619
9 20 4577661
14 19 3645
12 7 932404
10 19 31721819
15 10 31991
13 6 5087928
0 5 6771844
1 0 4718635
4 11 50702
2 7 1117
5 10 15794
3 22 1552
4 17 1486
7 4 1484
5 20 1556980
16 20 2690540
21 17 46014
19 1 488652
18 22 14055
8 0 2931102
15 19 1322999
11 19 1812380
12 20 1514052
16 11 5136
6 18 13496
19 6 1226136
17 10 33272
20 1 521972
18 17 49363
21 4 133812
8 7 498477
9 6 5184322
10 5 178168
11 8 377998
0 19 680683
14 7 19455
12 19 186375
1 18 150824
15 6 694920
13 18 12309
0 9 44951
4 7 420369
5 6 168119
16 2 388
6 21 326479
19 15 141519
17 3 260
7 16 10651
20 8 20104732
18 8 166499
21 13 1079502
8 14 155
22 2 249925
9 15 101155
10 12 1472169
8 20 39720282
11 1 1031240
9 17 9912
12 10 546926
10 22 111148
15 15 3514
13 11 86126
2 16 445
0 0 34828353
3 13 3477
1 13 5149798
2 10 22103
5 15 24340
3 19 3056
6 12 7395734
4 20 32295759
19 20 54704975
17 4 11412
7 9 241325
21 22 12185
11 6 1108326
12 1 12954
10 17 650345
15 20 272659
13 4 34708
0 7 1449670
5 8 40515
6 7 8684190
4 19 18570742
7 6 328617
5 18 60
16 22 3062
19 3 4014
20 4 20942
18 20 66887230
8 2 2156
9 3 298
11 21 111319
14 2 493
12 22 118224
3 1 7096
16 13 309111
6 16 140939
19 8 90099
17 8 63259
7 21 1294525
20 3 61079
18 15 55435
21 2 14797
8 9 52
9 4 7941
10 3 11401
11 10 105876
0 21 1809982
14 5 2554
12 13 950434
1 16 792674
15 0 524100
13 16 35557
0 11 1566698
3 6 420992
4 1 29074
5 4 3831
6 11 298419
19 17 386170
17 1 195464
7 18 503185
20 10 162541
18 6 405941
21 11 275873
22 0 188112
9 13 993460
8 22 6187
11 3 22979
14 12 548
12 4 25086
10 20 4854339
15 9 40
13 9 6371
0 2 255205
3 15 1443658
1 3 193111
4 8 241068
2 8 169
5 13 5572115
3 21 4687
6 2 384988
4 22 201028
19 22 79858
7 11 247203
20 17 48600
18 1 972075
16 17 1564
21 20 4366565
12 3 6801
13 2 77914
1 4 443719
2 3 92
6 5 195039
7 0 1689916
19 5 5182
17 21 333337
22 18 2194
20 6 5016342
18 18 60057
21 7 115417
8 4 157615
9 1 179545
0 16 49321
14 0 727154
12 16 23150
15 5 990
13 21 134984
16 15 576
6 22 11386
19 10 157808
17 14 90
22 21 4850
20 13 1497139
18 13 11419926
21 0 701880
8 11 538986
9 10 469445
8 17 554548
11 12 87338
14 11 1335
12 15 113999
1 22 736037
15 2 505532
13 14 1340681
2 21 39850
0 13 4635299
3 8 3052
1 8 479464
4 3 98
2 15 2322855
5 2 52
16 6 171934
6 9 518140
19 19 50389473
17 7 25903
7 12 186051
20 20 2265092
18 4 232072
21 9 502289
22 6 354200
10 8 24431046
11 5 10894
9 21 1735902
12 6 1402713
10 18 1599859
13 7 793875
0 4 90933
4 10 10852
2 6 1930743
5 11 11573
6 0 819184
4 16 60
7 5 2363711
5 21 82709
20 19 271553
16 19 2135
21 18 61688
17 18 12005
14 21 866
15 16 160
13 0 10447660
11 16 7272
2 1 229786
7 2 11972
16 10 11611
19 7 1549917
22 16 40
20 0 13640126
18 16 1965
21 5 108696
8 6 295071
22 10 7748
9 7 1327098
10 4 9826546
11 9 39010
0 18 34430
14 6 2033
12 18 654038
1 19 1308141
15 7 2255248
13 19 86298
0 8 417294
3 5 993540
4 6 331723
5 7 66756
16 1 5986
6 20 2860425
19 12 17923
17 12 152482
7 17 19565
20 15 522411
18 11 169915
21 14 192
8 13 26694
22 13 16797
9 8 31227
10 15 108583
8 19 7907005
11 14 5042
9 18 266783
14 9 40
12 9 563836
1 20 9719394
15 12 12528
13 12 865606
2 19 4409
0 15 1399217
3 10 34036
1 14 32674
4 13 18770
2 13 168726
5 0 19230591
3 16 576
6 15 125858
19 21 64016
17 5 1455
7 14 56
20 22 233546
18 2 134706
22 4 14654
11 7 44405
12 0 644775
10 16 3906606
15 21 18912
13 5 4604829
0 6 7505366
1 7 461352
2 4 436
5 9 85609
6 6 36731
4 18 5180
7 7 7086542
5 19 6434
16 21 4508
21 16 7712
19 0 3777948
8 1 930912
15 18 3056
11 18 3027
12 21 941452
16 12 2316
6 19 494694
19 9 1352
17 9 24180
20 2 1353971
18 14 1604
21 3 2604
22 8 33136
9 5 86199
10 2 124497
0 20 7346794
14 4 40
12 12 89336
1 17 2504640
15 1 81987
13 17 553437
2 22 5264
0 10 737957
3 7 1943
1 11 1649650
4 0 9891703
16 3 52
19 14 660
17 2 157987
7 19 273336
20 9 554339
18 9 503
21 12 136184
8 15 62607
22 3 94
9 14 347
10 13 2054376
8 21 16694
11 0 1127693
9 16 14321
14 15 145
12 11 219990
15 14 147
13 10 184285
2 17 10892
0 1 3120026
3 12 18682
1 12 1199453
4 15 29875
2 11 1427
3 18 121
6 13 3100239
4 21 7457
7 8 52821
20 16 2519368
18 0 14090857
21 21 159275
14 22 6968
12 2 68612
13 3 100
1 5 369167
6 4 71404
7 1 33020
5 17 7455
19 2 6812
20 5 46970
18 21 110997
9 2 170890
11 20 2132561
14 3 38
13 22 23908
3 0 26535
6 17 656334
19 11 371355
7 20 996601
22 20 218264
20 12 110051
18 12 49076
21 1 48208
8 10 40493
22 14 252
9 11 285905
10 0 16357170
8 16 2800
11 13 439247
0 22 243889
14 10 44
12 14 18276
15 3 16836
13 15 171668
2 20 544900
0 12 276317
3 9 64
1 9 193165
4 2 230
2 14 13822
5 3 19072
6 8 126248
19 16 5158
17 0 639752
7 13 5747230
20 11 530811
18 7 30060
21 10 187713
22 1 30343
9 12 285229
10 11 288089
11 2 19267
9 22 412368
14 13 372800
12 5 139825
10 21 2741241
15 8 549990
13 8 63393
0 3 964
3 14 128
1 2 821023
4 9 40
2 9 552
5 12 5730
3 20 383350
6 3 11526
7 10 41112
5 22 292
20 18 2233232
21 19 73085
17 19 117478
14 20 1753169
13 1 894785
2 0 1281144
