478
7 3 1296
16 9 6190
19 4 11807486
17 20 1120688
22 19 678906
20 7 159297
18 19 193298
21 6 534333
8 5 7491
9 0 224288
10 7 41387
0 17 892246
14 1 3540
12 17 586673
15 4 556397
13 20 1663813
3 2 12833
4 5 20552
16 0 233923
19 13 53979
17 13 176849
7 22 19877
20 14 12623
18 10 229791
21 15 25260
8 12 16711
22 12 4118
9 9 15806
10 14 1539101
8 18 92
9 19 55702
14 8 122
12 8 153417
1 21 564845
15 13 74305
13 13 89365
2 18 128
0 14 3615
3 11 100372
1 15 831240
4 12 14728
2 12 196870
5 1 29574
16 7 88626
19 18 124
17 6 780164
7 15 1794057
20 21 2966122
18 5 7913
21 8 114128
22 7 4682
10 9 1063378
11 4 47869
9 20 1608338
14 19 7100
12 7 329565
10 19 26129660
15 10 12351
13 6 3705136
0 5 7456982
1 0 5189765
4 11 29229
2 7 48944
5 10 3525
4 17 606
7 4 1980
5 20 1248145
16 20 2666039
21 17 480202
19 1 287590
18 22 15896
8 0 2911467
15 19 526678
11 19 419780
12 20 559685
16 11 47230
6 18 24055
19 6 983201
17 10 85520
20 1 1780484
18 17 265017
21 4 17424
8 7 422736
9 6 3654704
10 5 406225
11 8 219689
0 19 1015286
14 7 9758
12 19 112169
1 18 13375
15 6 351790
13 18 19845
0 9 5832
3 4 2394
4 7 534951
5 6 63956
16 2 10033
6 21 90533
19 15 187583
17 3 110
7 16 17117
20 8 19162868
18 8 914467
21 13 791447
8 14 616
22 2 10049
9 15 362944
10 12 152937
8 20 40304799
11 1 387464
9 17 166610
12 10 28405
10 22 7556
15 15 6254
13 11 75158
2 16 2026
0 0 29981636
3 13 1014
1 13 4549256
4 14 80
2 10 3186
5 15 10133
3 19 17712
6 12 12299310
4 20 30898234
19 20 50501558
17 4 9136
7 9 19552
18 3 31072
21 22 1652
22 5 9309
11 6 931685
12 1 29689
10 17 227191
15 20 178405
13 4 20896
0 7 971361
2 5 74
5 8 102777
6 7 30681003
4 19 20179072
7 6 371048
5 18 48
16 22 244
19 3 262
20 4 236644
18 20 90858932
8 2 1380
9 3 4032
11 21 40002
14 2 317
12 22 52488
3 1 29089
16 13 423425
6 16 787771
19 8 107969
17 8 192191
7 21 2684757
20 3 3575
18 15 15138
21 2 78680
8 9 254
9 4 8354
10 3 29302
11 10 160972
0 21 483233
14 5 80
12 13 1341825
1 16 299971
15 0 315505
13 16 155955
0 11 1464808
3 6 330083
4 1 40836
5 4 18408
16 4 7140
6 11 112772
19 17 1151641
17 1 170126
7 18 6008
20 10 96833
18 6 314551
21 11 81024
22 0 61060
9 13 274776
8 22 20112
11 3 97232
14 12 6740
12 4 49114
10 20 5013577
15 9 464
13 9 3261
0 2 132858
3 15 1111303
1 3 935878
4 8 165894
2 8 200
5 13 4484784
3 21 1517
6 2 370133
4 22 5952
19 22 24715
7 11 29088
20 17 274928
18 1 165041
16 17 3540
21 20 3676167
12 3 347404
13 2 50908
1 4 115687
2 3 261
6 5 143622
7 0 2685409
16 8 456
19 5 15202
17 21 196384
20 6 2520772
18 18 122602
21 7 218670
8 4 147530
9 1 279286
0 16 57450
14 0 537905
12 16 83460
15 5 2058
13 21 876265
16 15 175
6 22 20093
19 10 171106
22 21 3156
20 13 461340
18 13 13288287
21 0 1228124
8 11 1058575
9 10 118444
8 17 43901
11 12 229362
14 11 1603
12 15 141957
1 22 274352
15 2 563489
13 14 1499292
2 21 33419
0 13 3701688
3 8 2912
1 8 1942321
4 3 580
2 15 1258047
5 2 1627
16 6 144540
6 9 33240
19 19 48240339
17 7 32969
7 12 60978
20 20 1495317
18 4 12446
21 9 123750
22 6 104873
10 8 25974414
11 5 14361
9 21 402330
12 6 1588145
10 18 1194237
13 7 4041792
0 4 265076
4 10 48871
2 6 1859829
5 11 9529
6 0 766681
4 16 2729
7 5 1549958
5 21 16302
20 19 286677
16 19 673
21 18 7337
17 18 52
14 21 158
15 16 405
13 0 8934669
11 16 12905
2 1 125512
7 2 6431
16 10 20341
19 7 764555
22 16 1579
20 0 11843295
18 16 17718
21 5 22471
8 6 233407
22 10 18900
9 7 589216
10 4 11228431
11 9 10694
0 18 158015
14 6 4325
12 18 7623
1 19 847807
15 7 2165226
13 19 78381
0 8 1340841
3 5 100
4 6 301641
5 7 83535
16 1 4831
6 20 8467456
19 12 16580
17 12 152620
7 17 759736
20 15 619660
18 11 268743
21 14 180
8 13 99852
22 13 20020
9 8 22603
10 15 99402
8 19 8262959
9 18 11238
12 9 10751
1 20 8042022
15 12 43030
13 12 188539
2 19 21284
0 15 836289
3 10 72
1 14 34838
4 13 189143
2 13 123324
5 0 17125332
3 16 28380
6 15 191045
19 21 8941
17 5 42995
7 14 1588
20 22 33693
18 2 4485
22 4 40293
11 7 12387
12 0 277260
10 16 4484009
15 21 5465
13 5 3351903
0 6 6692491
1 7 287167
2 4 176
5 9 80016
6 6 27461
4 18 52
7 7 756713
5 19 64715
16 21 8365
21 16 13308
19 0 4241514
17 16 156040
8 1 106836
15 18 40
11 18 735
12 21 321392
16 12 5822
6 19 469047
19 9 1476
17 9 260
20 2 96988
18 14 40
21 3 1648
22 8 64209
9 5 3937
10 2 343821
0 20 5299586
12 12 86392
1 17 1208586
15 1 41646
13 17 14321
2 22 615
0 10 410787
3 7 5586
1 11 2371490
4 0 2511391
16 3 676
19 14 212
17 2 36538
7 19 86427
20 9 300111
18 9 1672
21 12 184269
8 15 121325
22 3 128
9 14 1355
10 13 1941025
8 21 6863
11 0 1984184
9 16 8996
12 11 443594
13 10 472307
2 17 870511
0 1 1796329
3 12 12876
1 12 1069934
4 15 35363
2 11 7789
5 14 1714
3 18 2896
6 13 2360806
4 21 383473
7 8 39269
20 16 2737789
18 0 15613739
21 21 116128
12 2 18611
13 3 728
1 5 257541
6 4 24536
7 1 18959
5 17 104347
19 2 9400
20 5 5911
18 21 149718
8 3 312
9 2 183397
11 20 737480
14 3 38
13 22 5746
3 0 56419
16 14 64
6 17 322712
19 11 208795
7 20 1378511
22 20 36695
20 12 231496
18 12 12436
21 1 41010
8 10 31645
9 11 114235
10 0 16895575
8 16 12703
11 13 109009
0 22 113148
14 10 130
12 14 3070
15 3 20595
13 15 802926
2 20 453614
0 12 185281
1 9 13417
4 2 2181
16 5 233
6 8 188062
19 16 11004
17 0 967767
7 13 3671044
20 11 212877
18 7 130507
21 10 36836
22 1 47793
9 12 145000
10 11 280308
11 2 14194
9 22 1990
14 13 447324
12 5 35527
10 21 2844892
15 8 608236
13 8 92662
0 3 2333
3 14 78
1 2 730530
4 9 114
2 9 80
5 12 8023
3 20 95205
6 3 13627
7 10 10779
5 22 15546
20 18 1405936
21 19 164082
17 19 50795
14 20 1543502
13 1 2573889
2 0 1554922
