481
7 3 3155
16 9 9672
19 4 13255227
17 20 493655
22 19 718847
20 7 155924
18 19 214067
21 6 473538
8 5 35901
9 0 543396
10 7 347300
0 17 1750709
14 1 2858
12 17 1234944
15 4 664180
13 20 1618443
3 2 410
4 5 7383
16 0 388135
19 13 87918
17 13 1256678
7 22 39303
20 14 12347
18 10 296786
21 15 14617
8 12 4016
22 12 1594
9 9 3233
10 14 1979336
8 18 269
9 19 33340
14 8 1999
12 8 70975
1 21 363708
15 13 68861
13 13 239648
2 18 52
0 14 2608
3 11 8300
1 15 853857
4 12 212
2 12 146853
5 1 44664
3 17 10500
16 7 68269
6 14 107
19 18 3712
17 6 479236
7 15 2627772
20 21 631083
18 5 14781
21 8 144921
22 7 5762
10 9 1348299
11 4 30779
9 20 5076787
14 19 151
12 7 243384
10 19 27147371
15 10 26064
13 6 3936800
0 5 5644596
1 0 4974904
4 11 87863
2 7 5190
5 10 3595
3 22 166
4 17 39127
7 4 6168
5 20 1204265
16 20 2730459
21 17 72837
19 1 1407179
18 22 14838
8 0 3204911
15 19 915891
11 19 215319
12 20 492220
16 11 28893
6 18 28136
19 6 1072386
17 10 6640
20 1 424963
18 17 342054
21 4 12396
8 7 404475
9 6 1060614
10 5 16852
11 8 338274
0 19 1155936
14 7 22758
12 19 124984
1 18 29006
15 6 310106
13 18 54719
0 9 21583
3 4 1500
4 7 538010
5 6 103461
16 2 740
6 21 76212
19 15 118320
17 3 274
7 16 24692
20 8 21817640
18 8 110758
21 13 1157441
8 14 40
22 2 1722
9 15 153023
10 12 601922
8 20 43228834
11 1 659983
9 17 52812
12 10 14287
10 22 38582
15 15 4599
13 11 207292
2 16 836
0 0 35069114
3 13 6272
1 13 5920161
2 10 2360
5 15 11789
3 19 16466
6 12 5216108
4 20 33279441
19 20 56361550
17 4 21044
7 9 29646
18 3 1405
21 22 7840
22 5 6152
11 6 844428
14 17 38
12 1 44533
10 17 123168
15 20 184874
13 4 18914
0 7 1146349
2 5 78
5 8 87612
6 7 20230279
4 19 18801665
7 6 1077276
16 22 111
19 3 639
20 4 108507
18 20 86796632
8 2 11938
9 3 344
11 21 33178
14 2 4465
12 22 32793
3 1 13788
16 13 372914
6 16 591314
19 8 186455
17 8 108200
7 21 2121777
20 3 8207
18 15 11607
21 2 530219
8 9 1752
9 4 5995
10 3 68202
11 10 112875
0 21 676282
14 5 1290
12 13 471059
1 16 177902
15 0 294245
13 16 24656
0 11 3516642
3 6 76705
4 1 23828
5 4 127570
16 4 1540
6 11 260967
19 17 305617
17 1 633831
7 18 96462
20 10 148472
18 6 583864
21 11 123394
22 0 166697
9 13 353616
8 22 11591
11 3 50331
14 12 1716
12 4 27602
10 20 3703235
15 9 216
13 9 4216
0 2 174726
3 15 1201408
1 3 143209
4 8 355975
2 8 9468
5 13 5139426
3 21 1668
6 2 344794
4 22 16705
19 22 409084
7 11 71520
20 17 145641
18 1 754960
16 17 3775
21 20 3859216
12 3 3644
13 2 46901
1 4 888445
2 3 21320
6 5 9638
7 0 3085778
5 16 42
16 8 1179
19 5 16817
17 21 783877
22 18 2185
20 6 2550846
18 18 254936
21 7 90437
8 4 529000
9 1 94930
0 16 29639
14 0 436674
12 16 20695
15 5 1894
13 21 120730
6 22 19537
19 10 128388
22 21 150364
20 13 638114
18 13 14507838
21 0 1235570
8 11 1192359
22 15 46
9 10 32538
8 17 1975344
11 12 117136
14 11 6727
12 15 70805
1 22 406786
15 2 658292
13 14 1405812
2 21 36028
0 13 5370920
3 8 15526
1 8 583690
4 3 240
2 15 1922210
5 2 40
16 6 135068
6 9 48268
19 19 57287082
17 7 478358
7 12 112084
20 20 1113587
18 4 22455
21 9 55521
22 6 126992
10 8 27476847
11 5 6678
9 21 64252
14 18 128
12 6 8371544
10 18 1438509
13 7 439881
0 4 86106
4 10 4615
2 6 1805292
5 11 1408
6 0 779434
4 16 4436
7 5 1458804
5 21 7941
20 19 237759
16 19 3076
21 18 6094
17 18 9152
14 21 339
15 16 104
13 0 10792932
11 16 9434
2 1 205757
7 2 3371
16 10 18965
19 7 1335208
20 0 11981316
18 16 6280
21 5 25058
8 6 178636
22 10 3640
9 7 450811
10 4 13677151
11 9 9824
0 18 20584
14 6 2483
12 18 3443
1 19 1063722
15 7 2116361
13 19 55057
0 8 834482
3 5 148
4 6 146000
5 7 74449
16 1 9790
6 20 9181249
19 12 15408
17 12 590814
7 17 219066
20 15 194749
18 11 412855
21 14 341
8 13 51564
22 13 52796
9 8 134299
10 15 49505
8 19 9435284
11 14 132
9 18 15476
12 9 58473
1 20 8926745
15 12 56750
13 12 852294
2 19 78835
0 15 1055089
3 10 3279
1 14 15640
4 13 4956
2 13 186650
5 0 15913116
3 16 1610
6 15 59565
19 21 16432
17 5 6931
7 14 56
20 22 7899
18 2 3042
22 4 22840
11 7 26396
12 0 632360
10 16 5725837
15 21 15912
13 5 4078879
0 6 5917690
1 7 606049
2 4 5903
5 9 94195
6 6 32149
7 7 4905176
5 19 56988
16 21 11875
21 16 10800
19 0 3626927
17 16 120825
8 1 371128
15 18 1406
11 18 5081
12 21 110550
16 12 7351
6 19 572705
19 9 4573
17 9 208
20 2 24217
18 14 9173
21 3 9401
22 8 39474
9 5 6151
10 2 301361
0 20 5123194
12 12 75960
1 17 1389378
15 1 66095
13 17 52924
2 22 419
0 10 517569
3 7 7008
1 11 1158277
4 0 3359062
16 3 92
19 14 203
17 2 4848
7 19 318881
20 9 348950
18 9 2564
21 12 67791
8 15 63877
22 3 38
9 14 1442
10 13 2622404
8 21 1059389
11 0 1499509
9 16 24695
14 15 5121
12 11 255442
15 14 127
13 10 175752
2 17 1589
0 1 2905072
3 12 10855
1 12 1132628
4 15 51146
2 11 11836
6 13 2449072
4 21 1943
7 8 102651
20 16 2760181
18 0 15406452
21 21 142185
12 2 81371
13 3 520
1 5 198250
6 4 219907
7 1 75366
5 17 198635
19 2 127573
20 5 6694
18 21 36484
8 3 132
9 2 105885
11 20 2175798
13 22 33382
3 0 63567
6 17 136991
19 11 329107
7 20 3396919
22 20 66330
20 12 1561808
18 12 125816
21 1 232962
8 10 62590
22 14 56
9 11 122599
10 0 17652277
8 16 19738
11 13 466988
0 22 454683
12 14 4572
15 3 32072
13 15 120745
2 20 69076
0 12 80450
1 9 13451
4 2 2036
5 3 96
16 5 73
6 8 143603
19 16 758
17 0 1393997
7 13 2494957
20 11 925830
18 7 24916
21 10 35952
22 1 50147
9 12 217784
10 11 661260
11 2 10478
9 22 2076
14 13 436165
12 5 34501
10 21 342239
15 8 470569
13 8 53728
0 3 1478
1 2 2443020
4 9 247
2 9 73
5 12 8225
3 20 26086
6 3 9626
7 10 17072
5 22 1846
20 18 1347162
16 18 52
21 19 125375
17 19 748701
14 20 1581107
13 1 452376
2 0 1271475
