464
7 3 3914
16 9 11038
19 4 11063
17 20 123730
22 19 87657
20 7 1287840
18 19 155072
21 6 1159826
8 5 195904
9 0 12030436
10 7 329328
0 17 1039506
14 1 1969
12 17 24444
15 4 692888
13 20 4324948
4 5 3513
16 0 3195977
19 13 18451563
17 13 883061
7 22 14721
20 14 11864
21 15 55878
8 12 10523
22 12 2757
9 9 1117420
10 14 593
8 18 63599
9 19 24908
14 8 1580
12 8 115599
1 21 1011265
15 13 84428
13 13 107069
2 18 166493
0 14 151
3 11 22922
1 15 1006682
4 12 385
2 12 351680
5 1 22297
3 17 272
16 7 63415
6 14 100
19 18 46924
17 6 815170
7 15 1150247
20 21 1415822
18 5 8860
21 8 13534
22 7 85669
10 9 230288
11 4 88416
9 20 613193
14 19 2826
12 7 232737
10 19 987854
13 6 9225052
0 5 89920
1 0 4960843
4 11 290234
2 7 79885
3 22 111
4 17 117792
7 4 13442288
5 20 4083365
16 20 2088165
21 17 23930
19 1 2219069
18 22 395965
8 0 30539579
15 19 1122356
11 19 498309
12 20 476704
16 11 10009
6 18 320363
19 6 950652
20 1 2141211
18 17 5756
21 4 6239
8 7 42065
9 6 4143366
10 5 15975
11 8 436224
0 19 772421
14 7 551
12 19 96528
1 18 1106276
15 6 263749
13 18 394146
0 9 179311
4 7 22204
5 6 145301
16 2 3811
6 21 792664
19 15 72377
17 3 1552
7 16 19898
20 8 22890414
18 8 44318
21 13 2089622
8 14 1512
22 2 3306
9 15 94557
10 12 1115409
8 20 11216276
11 1 270891
9 17 19364
10 22 10319
15 15 5754
13 11 273589
2 16 190716
0 0 27225455
3 13 12258
1 13 10293298
5 15 1668
3 19 412005
6 12 4395259
4 20 14532491
19 20 17950151
17 4 22460
7 9 10104
18 3 6439
21 22 3980
22 5 1813
11 6 1401856
14 17 45
12 1 288996
10 17 214847
15 20 126645
13 4 35860
0 7 2440040
2 5 60
5 8 11649
6 7 899200
4 19 26994
7 6 645071
5 18 10216
16 22 653
19 3 14154
20 4 14599672
18 20 17318676
8 2 908
9 3 931991
11 21 63049
14 2 4861
12 22 33709
3 1 73579
16 13 988510
6 16 283662
19 8 64945
17 8 406212
7 21 264396
20 3 14925
18 15 27248
21 2 34959
8 9 676
22 9 4422
9 4 12823
0 21 629572
14 5 128
12 13 773626
1 16 830127
15 0 369108
13 16 733705
0 11 2191738
3 6 1420
4 1 57060
5 4 6819
16 4 345
6 11 315378
19 17 146083
17 1 823470
7 18 14948
18 6 954347
21 11 363528
22 0 572056
9 13 1206762
8 22 4835
11 3 7704
14 12 2166
12 4 9561
10 20 2154748
15 9 200
13 9 10191
0 2 531668
3 15 11483
1 3 140674
4 8 224670
2 8 171
5 13 2818295
3 21 20489
6 2 1726184
4 22 55551
19 22 207297
7 11 229857
20 17 82010
18 1 758842
16 17 184
21 20 634140
12 3 6864
13 2 30536
1 4 655938
2 3 1578
6 5 63594
7 0 3407082
5 16 1751
16 8 152
19 5 6977
17 21 22952
22 18 22600
20 6 3322311
18 18 172475
21 7 131671
8 4 66702
9 1 576631
0 16 326626
14 0 1174123
12 16 19526
15 5 1003
13 21 364571
16 15 1986
6 22 78847
17 14 2920
22 21 1960
20 13 1552178
18 13 16956968
21 0 2976837
8 11 1254135
8 17 874345
11 12 22199
14 11 1592
12 15 138103
1 22 934781
15 2 445838
13 14 1070502
2 21 71862
0 13 9085723
3 8 7905
1 8 1050277
2 15 728246
5 2 1976
16 6 233467
6 9 16516
19 19 207439
17 7 26491
7 12 149898
20 20 333060
18 4 120305
21 9 110732
22 6 77548
10 8 122540
11 5 22054
9 21 1982611
14 18 45
12 6 1471332
10 18 919533
13 7 765691
0 4 320648
2 6 1843956
5 11 9520
6 0 1734771
7 5 1486190
5 21 15538
20 19 17953833
16 19 7630
21 18 36626
17 18 36696
14 21 226
15 16 74162
13 0 10533053
11 16 17940
2 1 51153
7 2 2437
19 7 178399
22 16 191
20 0 490423
18 16 4987
21 5 609140
8 6 424846
9 7 476773
10 4 34536
11 9 31485
0 18 527991
14 6 142417
12 18 86359
1 19 1008926
15 7 1861204
13 19 74660
0 8 5984953
3 5 315
4 6 878536
5 7 190874
16 1 6623
6 20 3913103
19 12 32186
17 12 1646
7 17 10379
20 15 344583
18 11 139398
21 14 399
8 13 13275971
22 13 27452
9 8 49364
10 15 275011
8 19 103725
11 14 277
9 18 13053108
12 9 33334
1 20 38891944
15 12 235902
13 12 423288
2 19 5628
0 15 1494458
1 14 14330
4 13 13562956
2 13 61698
5 0 10031482
3 16 60264
6 15 141678
19 21 12194
17 5 798
7 14 923052
20 22 12717
18 2 2048
22 4 19495
11 7 24522
14 16 1290
12 0 536958
10 16 687933
15 21 302125
13 5 5127144
0 6 6962016
1 7 393835
2 4 120
5 9 3642
6 6 247
4 18 8435
7 7 824599
5 19 31341
16 21 6346
21 16 136104
19 0 43951195
17 16 1464
8 1 667666
15 18 23852
11 18 98010
12 21 409029
16 12 9856
6 19 225740
19 9 4077
17 9 39206
20 2 24050
21 3 4432
22 8 4913
9 5 6537079
10 2 488545
0 20 9030481
14 4 95
12 12 98632
1 17 1272423
15 1 30670
13 17 61002
2 22 40
3 7 5446
1 11 2079306
4 0 33299322
16 3 1432
19 14 1618
17 2 499
7 19 22135376
20 9 587790
18 9 71727
21 12 163510
8 15 58192
22 3 168
9 14 174
10 13 3743098
8 21 8592
11 0 1266633
9 16 7968703
14 15 4315
12 11 367001
15 14 1492
2 17 1742
0 1 2880817
3 12 27737
1 12 1682585
4 15 173682
2 11 4457
3 18 4588
6 13 6362881
4 21 18596
7 8 26221824
20 16 6322102
18 0 43191469
21 21 96368
12 2 23667
13 3 12486
1 5 531925
6 4 55618
7 1 42563
5 17 1654
19 2 6218
20 5 65536
18 21 42748
8 3 35723
9 2 118537
11 20 394353
13 22 78466
3 0 78226
6 17 168365
19 11 345143
7 20 795362
22 20 6053
20 12 129378
18 12 27760
21 1 163231
9 11 69298
10 0 1455270
8 16 1500
11 13 339811
0 22 87245
12 14 6071
15 3 5391
13 15 325982
2 20 252231
0 12 610270
3 9 21885
1 9 737589
4 2 2679
2 14 6149
5 3 40
16 5 415
6 8 249549
19 16 200
17 0 489687
7 13 367121
20 11 848494
18 7 47937
22 1 66179
9 12 211141
10 11 494030
11 2 25605
9 22 6779
14 13 329591
12 5 5991
10 21 720840
15 8 744627
13 8 164553
0 3 333193
1 2 1021461
4 9 14184
2 9 19477
5 12 2780
3 20 109603
5 22 15112
20 18 11595711
16 18 9681
21 19 34069
17 19 399222
14 20 218101
13 1 57424534
2 0 1821218
