454
7 3 3760
16 9 34932
19 4 8468581
17 20 126215
22 19 54118
20 7 129571
18 19 60821
21 6 638370
8 5 8392
9 0 1459825
10 7 355351
0 17 1226649
14 1 422
12 17 114971
15 4 96038
13 20 2014816
3 2 153
4 5 21176
16 0 241129
19 13 76238
17 13 279914
7 22 9588
20 14 7112
18 10 256453
21 15 10768
8 12 3378
22 12 4440
10 14 781610
8 18 226
9 19 84516
12 8 64709
1 21 458121
15 13 91263
2 18 52
0 14 38
3 11 283
1 15 495220
4 12 1708
2 12 323579
5 1 24539
16 7 75974
19 18 2805
17 6 423712
7 15 3081318
20 21 1280365
18 5 21775
21 8 49058
22 7 4639
10 9 1007232
11 4 61278
9 20 1565750
14 19 120
12 7 230764
10 19 14289556
15 10 6171
13 6 5698191
0 5 5968988
1 0 3000953
4 11 56360
2 7 20438
5 10 13364
4 17 5627
7 4 1800
5 20 1422926
16 20 2774883
21 17 14546
19 1 587911
18 22 5070
8 0 1875991
15 19 221379
11 19 90341
12 20 380939
16 11 14380
6 18 10442
19 6 699960
17 10 20364
20 1 219745
18 17 85097
21 4 5196
8 7 765644
9 6 3882957
10 5 221626
11 8 268251
0 19 607665
14 7 10369
12 19 23861
1 18 12093
15 6 300178
13 18 7674
0 9 27693
3 4 274
4 7 469465
5 6 110001
16 2 2061
6 21 144998
19 15 105873
17 3 70
7 16 7054
20 8 12896137
18 8 84483
21 13 729660
8 14 2680
22 2 2064
9 15 99718
10 12 8628978
8 20 33593534
11 1 101457
9 17 827
12 10 24649
10 22 10951
13 11 21047
2 16 487
3 13 148
1 13 5225554
2 10 7959
5 15 1032
3 19 102
6 12 3804146
4 20 30818078
19 20 52234471
17 4 122482
7 9 947
18 3 8016
21 22 12327
22 5 3047
11 6 1260471
14 17 19104
12 1 19853
10 17 478234
15 20 214386
13 4 80445
0 7 1050268
2 5 56
5 8 16108
6 7 5520046
4 19 18474469
7 6 846299
16 22 1364
19 3 49
20 4 20790
18 20 68825485
8 2 111
9 3 52
11 21 40110
12 22 25770
3 1 668
16 13 434944
6 16 41158
19 8 296449
17 8 81060
7 21 171515
20 3 5794
18 15 10565
21 2 43527
8 9 144
9 4 11295
10 3 53016
11 10 103145
0 21 118014
12 13 299069
1 16 183919
15 0 422888
13 16 10228
0 11 423880
3 6 976633
4 1 57734
5 4 1954
16 4 9040
6 11 177488
19 17 31097
17 1 175142
7 18 61461
20 10 105059
18 6 814405
21 11 114766
22 0 42422
9 13 314043
8 22 4355
11 3 142
12 4 32057
10 20 5485229
15 9 60
13 9 1576
0 2 593559
3 15 1195408
1 3 453297
4 8 77746
2 8 100
5 13 4593385
3 21 2840
6 2 351163
4 22 3160
19 22 90512
7 11 9036
20 17 41644
18 1 359951
21 20 3289852
12 3 734
13 2 16292
1 4 138540
2 3 52
6 5 10366
7 0 3320994
5 16 133
16 8 227
19 5 3880
17 21 545
20 6 2353088
21 7 86563
8 4 13899
9 1 77308
10 6 80
0 16 30105
14 0 186702
12 16 485686
15 5 372
13 21 81566
16 15 3097
6 22 24526
19 10 132053
17 14 528
22 21 3328
20 13 2079167
18 13 11151224
21 0 936141
8 11 224523
9 10 132848
8 17 45673
11 12 130791
14 11 297
12 15 6067
1 22 49609
15 2 278362
13 14 490274
2 21 11815
0 13 3803262
3 8 216
1 8 343237
2 15 2000076
16 6 174869
6 9 4241
17 7 5024
7 12 182439
18 4 8717
21 9 57548
22 6 121546
10 8 14537882
11 5 18122
9 21 453769
12 6 3267883
10 18 902106
13 7 933698
0 4 34252
4 10 137179
2 6 2058326
5 11 40415
6 0 454932
4 16 240
7 5 1493867
5 21 14956
20 19 269620
16 19 688
21 18 12660
17 18 3731
14 21 4226
15 16 2968
13 0 6289913
11 16 5254
2 1 3748135
7 2 8733
16 10 8090
19 7 1331416
22 16 34272
20 0 8753406
18 16 46596
21 5 36482
8 6 239363
22 10 9682
9 7 483237
10 4 6676521
11 9 1500
0 18 13074
14 6 406
12 18 4680
1 19 662059
15 7 1412370
13 19 114521
0 8 116420
4 6 345969
5 7 71442
16 1 2825
6 20 1222786
19 12 8660
17 12 397856
7 17 1473
20 15 503107
18 11 106242
21 14 1484
8 13 68879
22 13 7276
9 8 18490
10 15 100305
8 19 5470349
11 14 24248
9 18 17603
12 9 40563
1 20 3920908
15 12 3428
13 12 234176
2 19 27669
0 15 830355
3 10 1552
1 14 2125
4 13 5706
2 13 27933
5 0 16323543
6 15 31092
19 21 22294
17 5 60
7 14 52
20 22 1241
18 2 5220
22 4 565
11 7 20473
12 0 211823
10 16 2347496
15 21 12977
13 5 3564517
0 6 8138181
1 7 140109
2 4 345
5 9 163160
4 18 114
5 19 37989
16 21 64700
21 16 11691
19 0 3069265
17 16 132
8 1 34051
11 18 80031
12 21 66482
16 12 14684
6 19 180003
19 9 106
17 9 40
20 2 1054648
21 3 163
22 8 66000
9 5 551
10 2 238120
0 20 6256552
1 17 461846
15 1 22741
13 17 9838
2 22 56
0 10 853888
3 7 2956
1 11 897009
4 0 2064059
19 14 2921
17 2 4190
7 19 111068
20 9 124885
18 9 2940
21 12 95098
8 15 42227
9 14 52
10 13 1910601
8 21 8576
11 0 275592
9 16 10920
12 11 223770
13 10 181886
2 17 346677
0 1 1372595
3 12 4420
1 12 713906
4 15 7857
2 11 765
3 18 184
6 13 2056556
4 21 22250
7 8 33283
20 16 932895
18 0 14277196
14 22 38
12 2 17650
1 5 424934
6 4 13215
7 1 31434
5 17 118
19 2 35389
20 5 5731
18 21 21984
8 3 92
9 2 170654
11 20 338692
13 22 1012
3 0 8784
6 17 86448
19 11 540762
7 20 3285286
22 20 46065
20 12 156802
18 12 14695
21 1 28805
8 10 93447
9 11 86438
10 0 10853321
8 16 1665
11 13 77304
0 22 5210
14 10 856
15 3 14814
13 15 10356
2 20 119366
0 12 39907
1 9 80542
4 2 1727
2 14 97
5 3 197
16 5 305
6 8 131224
19 16 3476
17 0 472170
7 13 76774
20 11 730121
18 7 33242
21 10 113666
22 1 22888
9 12 47806
10 11 285218
11 2 6252
9 22 300
14 13 210221
12 5 21809
10 21 1022502
15 8 184175
13 8 185265
0 3 404
3 14 128
1 2 561074
5 12 7845
3 20 30621
6 3 1508
7 10 13066
5 22 177
20 18 1079795
16 18 195
21 19 29399
17 19 14206
14 20 1015364
13 1 586397
2 0 2057874
