491
7 3 15049
16 9 19644
19 4 26512209
17 20 2099731
22 19 412964
20 7 1582581
18 19 390635
21 6 1424545
8 5 58715
9 0 565451
10 7 202854
0 17 339100
14 1 4887
12 17 352828
15 4 719686
13 20 5803689
3 2 27972
4 5 36086
16 0 380067
19 13 710542
17 13 243327
7 22 91833
20 14 127563
18 10 242199
21 15 108822
8 12 116746
22 12 59695
9 9 9304
10 14 4594857
8 18 3613
9 19 140188
12 8 218823
1 21 3266794
15 13 904041
13 13 386419
2 18 46538
0 14 7497
3 11 33176
1 15 2141165
4 12 11038
2 12 971075
5 1 160253
3 17 45569
16 7 90203
6 14 3156
19 18 67528
17 6 432913
7 15 3991753
20 21 3054939
18 5 65918
21 8 60113
22 7 28479
10 9 2976208
11 4 359311
9 20 2251060
14 19 4264
12 7 2850427
10 19 54208599
15 10 23374
13 6 4498348
0 5 17547696
1 0 10483185
4 11 191873
2 7 102094
5 10 10869
4 17 54457
7 4 10707
5 20 1754581
16 20 2744919
21 17 70093
19 1 359207
18 22 74278
8 0 6429418
15 19 1193076
11 19 465933
12 20 4540430
16 11 243
6 18 36981
19 6 599532
17 10 177333
20 1 1213860
18 17 83242
21 4 17912
8 7 858126
9 6 2580615
10 5 141858
11 8 1029674
0 19 3577885
14 7 66114
12 19 195766
1 18 121398
15 6 471985
13 18 94334
0 9 92341
3 4 18158
4 7 1063356
5 6 134760
16 2 4697
6 21 1807101
19 15 930847
17 3 680
7 16 8867
20 8 27953012
18 8 170011
21 13 1237454
8 14 40
22 2 9833
9 15 181251
10 12 1925178
8 20 47242699
11 1 655077
9 17 232617
12 10 45660
10 22 20344
15 15 4601
13 11 133285
2 16 1584
0 0 41918038
3 13 22221
1 13 7158100
4 14 81
2 10 98156
5 15 1816
3 19 19842
6 12 7080124
4 20 37649650
19 20 57050975
17 4 155148
7 9 395026
18 3 672
21 22 39107
22 5 13657
11 6 1058143
14 17 33313
12 1 876585
10 17 326852
15 20 1103155
13 4 540272
0 7 2284163
2 5 6765
5 8 64540
6 7 5804286
4 19 26599148
7 6 907864
5 18 1828
16 22 7180
19 3 8965
20 4 76155
18 20 88089206
8 2 442802
9 3 21807
11 21 188113
14 2 10512
12 22 65651
3 1 63798
16 13 359172
6 16 111110
19 8 178042
17 8 426773
7 21 1244155
20 3 51523
18 15 294083
21 2 124666
8 9 7463
22 9 4348
9 4 95843
10 3 44868
11 10 38419
0 21 2966613
14 5 80
12 13 744831
1 16 215991
15 0 541252
13 16 26641
0 11 3400008
3 6 444970
4 1 226268
5 4 33940
16 4 242
6 11 850393
19 17 190309
17 1 382546
7 18 75074
20 10 410395
18 6 943486
21 11 154215
22 0 204911
9 13 373619
8 22 106198
11 3 118828
14 12 31548
12 4 182089
10 20 7526720
15 9 11816
13 9 78031
0 2 856018
3 15 642954
1 3 595586
4 8 598342
2 8 35141
5 13 5316846
3 21 225243
6 2 1220144
4 22 45921
19 22 1773243
7 11 750132
20 17 1006726
18 1 1204714
16 17 11675
21 20 4601935
12 3 22692
13 2 260356
1 4 750407
2 3 3984
6 5 354512
7 0 3161337
5 16 84
19 5 77843
17 21 271523
22 18 9887
20 6 3907891
18 18 249213
21 7 867374
8 4 2920742
9 1 461393
0 16 48710
14 0 613086
12 16 30362
15 5 647
13 21 359958
16 15 1500
6 22 119354
19 10 98050
17 14 1464
22 21 28971
20 13 2838785
18 13 16386437
21 0 1362173
8 11 613850
22 15 40
9 10 78030
8 17 186117
11 12 647390
14 11 1646
12 15 287182
1 22 2236294
15 2 285367
13 14 2878222
2 21 82650
0 13 5771525
3 8 3035
1 8 783529
4 3 1888
2 15 2391595
5 2 23718
16 6 189769
6 9 320687
19 19 79430972
17 7 52237
7 12 3337143
20 20 4705181
18 4 193857
21 9 1042110
22 6 121185
10 8 31987416
11 5 291364
9 21 213426
14 18 1436
12 6 4450665
10 18 4568138
13 7 2227123
0 4 635612
4 10 13887
2 6 1866273
5 11 95937
6 0 2967835
7 5 1346974
5 21 57756
20 19 316994
16 19 1722
21 18 34614
17 18 1500
14 21 9490
15 16 243
13 0 16760864
11 16 4146
2 1 207616
7 2 1524933
16 10 20614
19 7 3496942
22 16 2131
20 0 28311669
18 16 51828
21 5 93469
8 6 488419
22 10 5387
9 7 428433
10 4 25788618
11 9 146254
0 18 42287
14 6 10753
12 18 13577
1 19 1877975
15 7 1990109
13 19 174530
0 8 411781
3 5 9203
4 6 256661
5 7 78338
16 1 9669
6 20 8712956
19 12 414847
17 12 530321
7 17 61752
20 15 3845562
18 11 546974
21 14 16438
8 13 75059
22 13 24749
9 8 52610
10 15 557737
8 19 9698399
11 14 324
9 18 32977
14 9 2668
12 9 173921
1 20 20253191
15 12 152276
13 12 1095928
2 19 34481
0 15 1251578
3 10 10268
1 14 45479
4 13 393877
2 13 253570
5 0 20480718
6 15 320432
19 21 68858
17 5 3163
7 14 6384
20 22 136953
18 2 22771
22 4 40479
11 7 50178
12 0 1452947
10 16 4636173
15 21 35592
13 5 12586506
0 6 9245709
1 7 1146447
2 4 2194
5 9 322370
6 6 128809
4 18 26628
7 7 8842764
5 19 13519
16 21 16898
21 16 12432
19 0 10450478
17 16 4898
8 1 294910
15 18 1652
11 18 157574
12 21 709197
16 12 24908
6 19 363921
19 9 56575
17 9 58069
20 2 1308181
18 14 4436
21 3 83618
22 8 69537
9 5 42136
10 2 623205
0 20 12808311
12 12 75479
1 17 1358544
15 1 259870
13 17 309152
2 22 4807
0 10 870528
3 7 16651
1 11 1981037
4 0 7995305
16 3 42
19 14 361
17 2 13200
7 19 274122
20 9 1369476
18 9 5868
21 12 518393
8 15 201069
22 3 40
9 14 1670
10 13 1494539
8 21 12101
11 0 1473575
9 16 20446
14 15 9652
12 11 483990
15 14 4066
13 10 179703
2 17 18705
0 1 2755005
3 12 72278
1 12 3549653
4 15 73868
2 11 23889
5 14 655
3 18 124
6 13 5258643
4 21 16781
7 8 31310
20 16 1759857
18 0 11265479
21 21 287881
14 22 52
12 2 359902
13 3 532
1 5 1109346
6 4 77699
7 1 184752
5 17 23096
19 2 174707
20 5 187766
18 21 112358
8 3 541
9 2 178376
11 20 1906562
14 3 1782
13 22 12910
3 0 376682
6 17 232922
19 11 168061
7 20 2595005
22 20 156301
20 12 1113412
18 12 85124
21 1 478219
8 10 28000
9 11 233484
10 0 38360003
8 16 2560
11 13 878221
0 22 836990
14 10 176
12 14 27767
15 3 15642
13 15 281757
2 20 1297627
0 12 2146166
3 9 4560
1 9 1158651
4 2 9272
2 14 38268
5 3 8216
16 5 52
6 8 230642
19 16 6064
17 0 734067
7 13 564229
20 11 1568620
18 7 86730
21 10 129376
22 1 77133
9 12 511081
10 11 346542
11 2 72527
9 22 49214
14 13 621860
12 5 133811
10 21 3553888
15 8 900552
13 8 94763
0 3 367536
3 14 636
1 2 1843746
4 9 28366
2 9 25950
5 12 30593
3 20 942324
6 3 103989
7 10 31778
5 22 654
20 18 4108934
16 18 48
21 19 117031
17 19 333983
14 20 2302959
13 1 1451230
2 0 2116615
