457
7 3 16587
16 9 33415
19 4 15269753
17 20 3267792
22 19 136198
20 7 220671
18 19 462808
21 6 3291049
8 5 58315
9 0 496030
10 7 394328
0 17 1901218
14 1 1332
12 17 1383491
15 4 645053
13 20 4385548
3 2 1420
4 5 8898
16 0 291179
19 13 96162
17 13 574724
7 22 9981
18 10 533330
21 15 121711
8 12 4789
22 12 5550
8 18 2053
9 19 49551
14 8 95
12 8 174176
1 21 2002591
15 13 249830
2 18 128
3 11 9612
1 15 1239258
4 12 35167
2 12 501059
5 1 105576
3 17 4575
16 7 137245
19 18 13198
17 6 2379952
7 15 2965462
20 21 1077336
18 5 61266
21 8 179540
22 7 10691
10 9 1371495
11 4 56559
9 20 4599476
14 19 98
12 7 665892
10 19 34088531
15 10 33452
13 6 9640156
0 5 13406777
1 0 9143313
4 11 331948
2 7 22219
5 10 81849
3 22 1624
4 17 759411
7 4 6708
5 20 1742422
16 20 2602571
21 17 20685
19 1 489746
18 22 10721
8 0 4150258
15 19 1272621
11 19 281509
12 20 1228494
16 11 5526
6 18 10547
19 6 1458338
17 10 214247
20 1 689216
18 17 115048
21 4 32891
8 7 783233
9 6 1901544
10 5 820329
11 8 295894
0 19 622275
14 7 9226
12 19 104792
1 18 27540
15 6 540483
13 18 39353
0 9 12057
3 4 7952
4 7 661148
5 6 266947
16 2 168
6 21 532516
19 15 224038
17 3 2949
7 16 7818
20 8 26428252
18 8 120038
21 13 952958
22 2 858
9 15 313100
10 12 495254
8 20 56505786
11 1 381255
9 17 72476
12 10 86851
10 22 144240
13 11 77524
2 16 3343
3 13 17293
1 13 11518138
2 10 64896
5 15 6333
3 19 612559
6 12 9485835
4 20 37111122
19 20 50988144
17 4 103105
7 9 5385
18 3 403069
21 22 12856
22 5 9636
11 6 1381740
14 17 40
12 1 59013
10 17 155008
15 20 712029
13 4 35455
0 7 1012969
1 6 143
2 5 233
5 8 36263
6 7 4823396
4 19 25010188
7 6 1001741
5 18 120
16 22 40
19 3 12638
20 4 192367
18 20 93553443
8 2 10387
9 3 1836
11 21 271729
14 2 13922
12 22 68522
3 1 142591
16 13 487457
6 16 83914
19 8 187313
17 8 2000663
7 21 291713
20 3 138425
18 15 70065
21 2 30214
8 9 1708
9 4 22154
10 3 32264
11 10 141879
0 21 716862
12 13 1267466
1 16 312694
15 0 316560
13 16 84823
0 11 2669182
3 6 1013536
4 1 455714
5 4 9533
16 4 120
6 11 230968
19 17 457256
17 1 1627536
7 18 84302
20 10 726280
18 6 1019617
21 11 150572
22 0 116110
9 13 853214
8 22 4641
11 3 34661
14 12 576
12 4 34528
10 20 4531124
15 9 47
13 9 19444
0 2 596814
3 15 12129
1 3 303572
4 8 771088
2 8 97836
5 13 5772251
3 21 210412
6 2 609081
4 22 288593
19 22 65241
7 11 1028898
20 17 141610
18 1 564302
16 17 903
21 20 3719173
12 3 113753
13 2 234106
1 4 268045
2 3 1039
6 5 161779
7 0 3341058
5 16 4548
16 8 304
19 5 44285
17 21 229545
22 18 320
20 6 7624005
21 7 120397
8 4 52312
9 1 74578
0 16 53854
14 0 568230
12 16 6237
15 5 12950
13 21 319066
16 15 148
6 22 120775
19 10 332763
22 21 39161
20 13 3314663
18 13 15746079
21 0 990480
8 11 1391499
9 10 82871
8 17 441951
11 12 196652
14 11 64
12 15 89419
1 22 575248
15 2 529858
2 21 80549
0 13 9690996
3 8 5212
1 8 2845829
4 3 692125
2 15 1666486
5 2 170
16 6 163183
6 9 42204
17 7 605003
7 12 4633914
18 4 162165
21 9 138000
22 6 469756
10 8 31234860
11 5 214740
9 21 261724
14 18 149
12 6 6411225
10 18 2583305
13 7 420209
0 4 133574
4 10 14883
2 6 2969872
5 11 99223
6 0 1477460
4 16 1692
7 5 1436144
5 21 77757
20 19 299523
16 19 75313
21 18 47154
17 18 10670
14 21 3978
13 0 13506209
11 16 4531
2 1 391502
7 2 36300
16 10 22887
19 7 1299338
22 16 104
20 0 17446625
18 16 3400
21 5 665218
8 6 1513940
22 10 82897
9 7 790542
10 4 14646042
11 9 8266
0 18 12096
14 6 24476
12 18 29117
1 19 1186202
15 7 2238775
13 19 172064
0 8 675030
3 5 359
4 6 359222
5 7 55166
16 1 18517
6 20 3042583
19 12 43823
17 12 80785
7 17 55965
20 15 1114608
18 11 134663
8 13 103247
22 13 27849
9 8 61958
10 15 115782
8 19 10168763
9 18 22896
12 9 10874
1 20 9924109
15 12 39094
13 12 714148
2 19 28310
0 15 1376504
3 10 120978
4 13 40273
2 13 3081084
5 0 21896636
3 16 12000
6 15 728330
19 21 42881
17 5 11375
20 22 271405
18 2 137174
22 4 11517
11 7 31996
12 0 1099021
10 16 3719017
15 21 152466
13 5 8508715
0 6 14676902
1 7 261461
2 4 1381
5 9 89591
4 18 10576
5 19 24639
16 21 7761
21 16 11276
19 0 3955841
17 16 259
8 1 569137
15 18 42040
11 18 1689
12 21 776929
16 12 2752
6 19 408553
19 9 1260
17 9 57284
20 2 1097050
21 3 3491
22 8 125583
9 5 11412
10 2 150424
0 20 5486961
1 17 1028642
15 1 398970
13 17 930721
2 22 3203
0 10 1550601
3 7 4699
1 11 1692168
4 0 4682816
16 3 156
17 2 3697
7 19 120637
20 9 238541
18 9 3584
21 12 806570
8 15 121677
22 3 6470
10 13 3931256
8 21 173033
11 0 2066318
9 16 10943
14 15 1342
12 11 322243
13 10 482890
2 17 3566
0 1 3850437
3 12 189003
1 12 1179134
4 15 50067
2 11 105475
3 18 1420
6 13 6652412
4 21 904022
7 8 61220
20 16 2952642
18 0 6158722
12 2 85425
13 3 6604
1 5 784575
6 4 57043
7 1 160926
5 17 19116
19 2 34874
20 5 54350
18 21 39263
8 3 7403
9 2 297955
11 20 2200008
14 3 40
13 22 6827
3 0 458588
6 17 209065
19 11 143916
7 20 550007
22 20 90655
20 12 887019
18 12 540821
21 1 104717
8 10 80341
9 11 199209
10 0 26473215
8 16 1420
11 13 260865
0 22 117662
14 10 40
15 3 3813
13 15 68496
2 20 3151172
0 12 964046
3 9 40
1 9 75015
4 2 72462
5 3 3095
16 5 40
6 8 271790
19 16 5136
17 0 1011897
7 13 2899197
20 11 885740
18 7 65648
21 10 251887
22 1 111313
9 12 123144
10 11 413142
11 2 154563
9 22 597
14 13 364905
12 5 57045
10 21 2086450
15 8 711783
13 8 96976
0 3 17721
1 2 1478511
4 9 128
5 12 368
3 20 222081
6 3 27372
7 10 463659
20 18 1674929
21 19 157072
17 19 678442
14 20 1399181
13 1 3308505
2 0 2742974
