455
7 3 3726
16 9 20784
19 4 12189846
17 20 2646908
22 19 2359095
20 7 182469
18 19 545112
21 6 3845312
8 5 57082
9 0 748840
10 7 137252
0 17 369372
14 1 6813
12 17 1390180
15 4 461594
13 20 5308840
3 2 1616
4 5 11305
16 0 181233
19 13 105672
17 13 491547
7 22 15576
18 10 642859
21 15 109232
8 12 16876
22 12 1335
8 18 7540
9 19 72330
14 8 3434
12 8 193085
1 21 1362729
15 13 190206
2 18 1552
3 11 846
1 15 1469096
4 12 7659
2 12 517690
5 1 156890
3 17 4791
16 7 116320
19 18 1784
17 6 2402837
7 15 2889534
20 21 390064
18 5 394543
21 8 67263
22 7 5391
10 9 1492648
11 4 44324
9 20 8588485
14 19 3986
12 7 480041
10 19 31366548
15 10 77132
13 6 8866909
0 5 12673628
1 0 10101819
4 11 384427
2 7 11053
5 10 16464
3 22 9096
4 17 417107
7 4 6570
5 20 1903287
16 20 2837711
21 17 30031
19 1 804502
18 22 2104
8 0 4402116
15 19 1034002
11 19 496477
12 20 1070434
16 11 2940
6 18 18865
19 6 1332651
17 10 123682
20 1 891868
18 17 91403
21 4 32228
8 7 688089
9 6 2366872
10 5 410659
11 8 356930
0 19 385820
14 7 8345
12 19 239212
1 18 19333
15 6 485707
13 18 43153
0 9 5764
3 4 314
4 7 575261
5 6 240695
16 2 1512
6 21 321106
19 15 163948
17 3 2924
7 16 78107
20 8 25850818
18 8 331842
21 13 360442
22 2 218
9 15 152412
10 12 498160
8 20 61514043
11 1 476033
9 17 79399
12 10 106726
10 22 60865
13 11 104430
2 16 164
3 13 21417
1 13 9898239
2 10 19483
5 15 3609
3 19 14172
6 12 8708140
4 20 38568403
19 20 51129409
17 4 83802
7 9 64180
18 3 312
21 22 13380
22 5 4116
11 6 1307396
12 1 27448
10 17 236311
15 20 760605
13 4 30008
0 7 1126535
2 5 3355
5 8 40178
6 7 5019212
4 19 26158588
7 6 1098090
5 18 109
16 22 100
19 3 13238
20 4 194082
18 20 94834948
8 2 36850
9 3 2044
11 21 173416
14 2 2608
12 22 51338
3 1 177544
16 13 477170
6 16 82807
19 8 92537
17 8 1007491
7 21 382656
20 3 44100
18 15 105640
21 2 49353
8 9 724
9 4 12574
10 3 8252
11 10 99999
0 21 750274
12 13 973721
1 16 286949
15 0 582836
13 16 39390
0 11 1958501
3 6 1264985
4 1 60647
5 4 9446
16 4 80
6 11 361659
19 17 661189
17 1 451998
7 18 11079
20 10 650655
18 6 963006
21 11 175508
22 0 130769
9 13 293876
8 22 13841
11 3 28336
14 12 1924
12 4 39228
10 20 4685707
15 9 40
13 9 1031
0 2 393915
3 15 7056
1 3 66563
4 8 291081
2 8 26562
5 13 6720957
3 21 182304
6 2 649345
4 22 3097
19 22 166012
7 11 1207966
20 17 437018
18 1 455010
16 17 5147
21 20 958300
12 3 117576
13 2 45913
1 4 394372
2 3 52
6 5 124966
7 0 3193499
5 16 2550
16 8 80
19 5 3128
17 21 200506
22 18 52
20 6 6728861
21 7 78169
8 4 123073
9 1 151972
0 16 21322
14 0 484972
12 16 8504
15 5 10680
13 21 212386
16 15 192
6 22 18526
19 10 355880
22 21 12611
20 13 4092548
18 13 16031974
21 0 770386
8 11 893104
9 10 133667
8 17 123259
11 12 78779
14 11 1869
12 15 51011
1 22 291286
15 2 544090
2 21 47724
0 13 7952854
3 8 40
1 8 4098435
4 3 160
2 15 1699940
16 6 157903
6 9 8112
17 7 73562
7 12 4877202
18 4 169096
21 9 131749
22 6 170062
10 8 30489876
11 5 123653
9 21 399599
12 6 7246421
10 18 1988745
13 7 199041
0 4 290769
4 10 45936
2 6 3344392
5 11 69311
6 0 1111289
4 16 156
7 5 1394906
5 21 126762
20 19 535447
16 19 191
21 18 7513
17 18 126
14 21 5675
15 16 40
13 0 12474480
11 16 17732
2 1 182007
7 2 120970
16 10 18237
19 7 1823396
22 16 1420
20 0 17541206
18 16 9038
21 5 407737
8 6 1059760
22 10 29099
9 7 650800
10 4 15212199
11 9 1857
0 18 5187
14 6 18738
12 18 9138
1 19 1672980
15 7 2405566
13 19 160509
0 8 397690
3 5 6227
4 6 365103
5 7 67397
16 1 16248
6 20 3001683
19 12 245103
17 12 106313
7 17 42616
20 15 838189
18 11 196727
8 13 97375
22 13 11722
9 8 58924
10 15 136241
8 19 11235266
9 18 6977
12 9 37693
1 20 9747734
15 12 45385
13 12 354868
2 19 17606
0 15 1166685
3 10 9958
4 13 37153
2 13 46195
5 0 22171233
3 16 52
6 15 268935
19 21 15286
17 5 62552
20 22 44156
18 2 176345
22 4 10795
11 7 25201
12 0 1535720
10 16 4505553
15 21 60962
13 5 8735364
0 6 12284864
1 7 2309573
2 4 174
5 9 121161
4 18 6384
5 19 28580
16 21 9779
21 16 635217
19 0 5237206
17 16 3822
8 1 398834
15 18 55540
11 18 2239
12 21 531351
16 12 3811
6 19 309052
19 9 49
20 2 1016856
21 3 464
22 8 61107
9 5 5870
10 2 237511
0 20 5005507
14 4 120
1 17 4107834
15 1 461727
13 17 1383508
0 10 995420
3 7 1648
1 11 1328012
4 0 3774005
17 2 198
7 19 133503
20 9 249334
18 9 4762
21 12 789532
8 15 127269
22 3 522
10 13 3150413
8 21 28737
11 0 676849
9 16 9256
14 15 3163
12 11 370213
13 10 527857
2 17 291
0 1 3768755
3 12 9722
1 12 1160768
4 15 83633
2 11 241147
3 18 63
6 13 5818474
4 21 10317
7 8 89672
20 16 3177837
18 0 5656454
14 22 128
12 2 70721
13 3 4664
1 5 820361
6 4 71630
7 1 107005
5 17 22033
19 2 14377
20 5 54512
18 21 86913
8 3 2605
9 2 221894
11 20 1001961
14 3 104
13 22 14072
3 0 251561
6 17 185346
19 11 2524071
7 20 2487439
22 20 87707
20 12 547694
18 12 22864
21 1 99935
8 10 29304
9 11 193103
10 0 23328848
8 16 70
11 13 536817
0 22 60490
14 10 192
15 3 1151
13 15 112975
2 20 1721687
0 12 1962490
1 9 151607
4 2 838
5 3 289
16 5 80
6 8 397906
19 16 5095
17 0 657944
7 13 1704999
20 11 511826
18 7 39727
21 10 211381
22 1 108253
9 12 59030
10 11 618005
11 2 66813
9 22 5339
14 13 322244
12 5 58881
10 21 1323284
15 8 743886
13 8 106921
0 3 11971
1 2 2621023
4 9 40
2 9 165
5 12 7529
3 20 94131
6 3 14305
7 10 260810
5 22 145500
20 18 1895969
16 18 116
21 19 150046
17 19 373239
14 20 1524058
13 1 846503
2 0 1829879
