476
7 3 4734
16 9 27802
19 4 10170006
17 20 450418
22 19 40635
20 7 111078
18 19 134944
21 6 653180
8 5 35920
9 0 1618333
10 7 38867
0 17 74981
14 1 38
12 17 22003
15 4 184117
13 20 3636863
3 2 127
4 5 14660
16 0 306897
19 13 86655
17 13 78437
7 22 17239
20 14 2895
18 10 316199
21 15 24819
8 12 10604
22 12 98
9 9 7289
10 14 904905
8 18 3166
9 19 57132
14 8 2033
12 8 82805
1 21 1632130
15 13 267343
13 13 461681
2 18 39060
0 14 3614
3 11 3520
1 15 604876
4 12 16055
2 12 419265
5 1 59232
3 17 78
16 7 91642
19 18 28626
17 6 79823
7 15 2491169
20 21 1529732
18 5 54918
21 8 167360
22 7 8217
10 9 1700201
11 4 17678
9 20 2969894
14 19 167
12 7 630702
10 19 19576139
15 10 73318
13 6 2847840
0 5 10035656
1 0 3702927
4 11 48514
2 7 8189
5 10 17110
4 17 42369
7 4 1248
5 20 1228548
16 20 2241991
21 17 74775
19 1 253950
17 17 4197
18 22 36944
8 0 3155115
15 19 1033123
11 19 402976
12 20 821412
16 11 404
6 18 10323
19 6 663194
17 10 14754
20 1 384026
18 17 252676
21 4 46216
8 7 924007
9 6 4658866
10 5 160453
11 8 829996
0 19 1210031
14 7 10300
12 19 74995
1 18 51174
15 6 199617
13 18 7721
0 9 5061
4 7 856058
5 6 63394
16 2 1835
6 21 395942
19 15 32833
17 3 38
7 16 334030
20 8 20722359
18 8 2755921
21 13 921201
8 14 40
22 2 86
9 15 159544
10 12 1346125
8 20 44073551
11 1 483449
9 17 7917
12 10 73127
10 22 15031
15 15 1361
13 11 72312
2 16 928
0 0 32934714
3 13 6668
1 13 5197277
2 10 152926
5 15 2033
3 19 110
6 12 2831320
4 20 28058298
19 20 48782781
17 4 96296
7 9 6088
18 3 103985
21 22 16916
22 5 20150
11 6 781266
14 17 80
12 1 86058
10 17 237050
15 20 3015395
13 4 3603
0 7 990971
2 5 20916
5 8 82987
6 7 4494700
4 19 20445551
7 6 513777
5 18 136
16 22 99
19 3 2654
20 4 38708
18 20 77255584
8 2 476
9 3 930694
11 21 186420
14 2 122
12 22 17125
3 1 4781
16 13 400487
6 16 94794
19 8 238857
17 8 36819
7 21 586550
20 3 4129
18 15 43845
21 2 27166
8 9 128
22 9 2230
9 4 4576
10 3 5047
11 10 216852
0 21 486755
12 13 756974
1 16 312604
15 0 626440
13 16 430001
0 11 1381462
3 6 401682
4 1 43007
5 4 37014
16 4 435
6 11 254344
19 17 110388
17 1 99516
7 18 21872
20 10 437671
18 6 147869
21 11 201161
22 0 105867
9 13 307191
8 22 16982
11 3 55787
14 12 1456
12 4 16093
10 20 6924675
15 9 93
13 9 4596
0 2 233454
3 15 352
1 3 42525
4 8 288032
2 8 122034
5 13 6007460
3 21 1682
6 2 370018
4 22 1500
19 22 8131
7 11 87102
20 17 83396
18 1 315955
16 17 114
21 20 3054310
12 3 31285
13 2 26300
1 4 835999
2 3 336
6 5 58599
7 0 3414461
16 8 1463
19 5 6486
17 21 36020
22 18 528
20 6 1888834
18 18 249521
21 7 125751
8 4 61111
9 1 315614
0 16 28231
14 0 136547
12 16 75776
15 5 43146
13 21 597443
16 15 459
6 22 44331
19 10 48454
17 14 4015
22 21 5005
20 13 1354016
18 13 13275189
21 0 1325303
8 11 348635
9 10 203269
8 17 65122
11 12 199403
14 11 2490
12 15 482766
1 22 134051
15 2 483527
13 14 608279
2 21 44444
0 13 6467531
3 8 40
1 8 842313
4 3 120
2 15 1727715
5 2 3252
16 6 33812
6 9 53029
19 19 55187905
17 7 4855
7 12 157201
20 20 4058449
18 4 5533
21 9 75442
22 6 12130
10 8 27503170
11 5 36268
9 21 550149
12 6 315392
10 18 1869604
13 7 1367318
0 4 24545
4 10 10823
2 6 1808803
5 11 67477
6 0 1030075
4 16 584
7 5 1471910
5 21 187345
20 19 58999
16 19 472
21 18 9447
17 18 1580
14 21 359
15 16 216
13 0 10069950
11 16 2142
2 1 61545
7 2 14711
16 10 3323
19 7 1299109
20 0 16373136
18 16 3598
21 5 182999
8 6 216220
22 10 101062
9 7 1492336
10 4 8543392
11 9 2313
0 18 11080
14 6 1573
12 18 14661
1 19 1025536
15 7 1799348
13 19 95682
0 8 1731966
3 5 136047
4 6 100050
5 7 113355
16 1 9010
6 20 2855758
19 12 186826
17 12 285712
7 17 4960
20 15 852636
18 11 175457
21 14 138
8 13 222761
22 13 6018
9 8 15527
10 15 66742
8 19 8045290
11 14 4328
9 18 18893
12 9 9618
1 20 10342453
15 12 8502
13 12 3680205
2 19 202535
0 15 2168065
3 10 12858
1 14 6576
4 13 45872
2 13 7664
5 0 20137118
3 16 40
6 15 94066
19 21 29033
17 5 14699
20 22 7855
18 2 50352
22 4 1340
11 7 22198
12 0 784054
10 16 2808571
15 21 18706
13 5 7898107
0 6 3261339
1 7 205804
2 4 337
5 9 64917
6 6 2192
4 18 6174
7 7 910558
5 19 11661
16 21 7225
21 16 91272
19 0 3853407
17 16 2840
8 1 288787
15 18 835
11 18 2282
12 21 265323
16 12 31421
6 19 359157
19 9 40
20 2 49252
18 14 142
21 3 3493
22 8 12705
9 5 5159
10 2 131467
0 20 5067056
14 4 40
12 12 1127
1 17 2304422
15 1 50633
13 17 107215
0 10 636512
3 7 3108
1 11 1523744
4 0 2365574
17 2 9322
7 19 64057
20 9 450246
18 9 31878
21 12 330721
8 15 91229
9 14 1740
10 13 3162024
8 21 126382
11 0 1563044
9 16 7522
14 15 40
12 11 282223
15 14 191
13 10 521886
2 17 608
0 1 1272090
3 12 363654
1 12 1225493
4 15 144354
2 11 3718
3 18 38
6 13 3643938
4 21 20938
7 8 53022
20 16 1152089
18 0 5226372
21 21 279910
12 2 15929
13 3 488
1 5 256135
6 4 94265
7 1 12878
5 17 124
19 2 16255
20 5 579651
18 21 122101
9 2 116000
11 20 1293009
14 3 56
13 22 16479
3 0 186830
6 17 110723
19 11 1279713
7 20 261067
22 20 20545
20 12 514370
18 12 95585
21 1 94060
8 10 43922
9 11 50380
10 0 17440522
8 16 52
11 13 370506
0 22 286587
14 10 116
12 14 166
15 3 201
13 15 24108
2 20 817299
0 12 1026191
3 9 114
1 9 15725
4 2 93
5 3 9792
16 5 208
6 8 187404
19 16 424
17 0 1153847
7 13 263251
20 11 361927
18 7 257449
21 10 75748
22 1 24790
9 12 79354
10 11 404994
11 2 15153
9 22 2115
14 13 225377
12 5 188854
10 21 1856524
15 8 133755
13 8 177911
0 3 524759
1 2 855525
4 9 262
5 12 15914
3 20 176098
6 3 6142
7 10 180103
5 22 3639
20 18 1984933
16 18 1420
21 19 372000
17 19 53416
14 20 1017864
13 1 1150509
2 0 2145811
