482
7 3 7908
16 9 12655
19 4 25463802
17 20 1418046
22 19 392980
20 7 1574346
18 19 251744
21 6 784996
8 5 46576
9 0 3664627
10 7 244992
0 17 1446346
14 1 4506
12 17 29824
15 4 767504
13 20 7418420
3 2 3355
4 5 13061
16 0 309787
19 13 489341
17 13 1118711
7 22 25377
20 14 20777
18 10 158018
21 15 262779
8 12 203592
22 12 16114
10 14 4023117
8 18 758
9 19 158033
14 8 2832
12 8 288835
1 21 2516391
15 13 279135
2 18 15536
0 14 3239
3 11 59523
1 15 1778375
4 12 3312
2 12 508761
5 1 174290
3 17 26517
16 7 275555
6 14 3904
19 18 11847
17 6 102636
7 15 2263519
20 21 1396231
18 5 55871
21 8 132721
22 7 6392
10 9 2848171
11 4 146868
9 20 5014839
14 19 52
12 7 1800022
10 19 49911194
15 10 18256
13 6 2344579
0 5 27954118
1 0 8685883
4 11 409004
2 7 20058
5 10 13228
3 22 30676
4 17 204330
7 4 55048
5 20 2323104
16 20 3139954
21 17 82929
19 1 230137
18 22 24525
8 0 3577966
15 19 1541100
11 19 352891
12 20 1704151
16 11 33282
6 18 21473
19 6 224527
17 10 136318
20 1 717917
18 17 681922
21 4 62405
8 7 530945
9 6 10790089
10 5 1112779
11 8 742826
0 19 1254054
14 7 57277
12 19 83371
1 18 58442
15 6 138744
13 18 179864
0 9 2194879
3 4 7340
4 7 1166922
5 6 99470
16 2 3151
6 21 576880
19 15 339946
17 3 64756
7 16 411303
20 8 18300510
18 8 190447
21 13 1253519
8 14 5506
22 2 578859
9 15 273871
10 12 2971125
8 20 31627887
11 1 1254904
9 17 73350
12 10 55596
10 22 91014
13 11 237277
2 16 1710
3 13 8739
1 13 12762804
4 14 40
2 10 161502
5 15 12791
3 19 12660
6 12 2259037
4 20 21930053
19 20 45901617
17 4 1007407
7 9 76568
18 3 21498
21 22 40103
22 5 9132
11 6 528744
14 17 16772
12 1 235588
10 17 459808
15 20 1307005
13 4 48441
0 7 1272340
2 5 21810
5 8 129073
6 7 2872512
4 19 18536630
7 6 345317
5 18 1672
19 3 34031
20 4 228624
18 20 69384715
8 2 2862
9 3 20282
11 21 191907
14 2 8372
12 22 108392
3 1 155040
16 13 654196
6 16 210257
19 8 297853
17 8 547830
7 21 2531177
20 3 114786
18 15 110126
21 2 78780
8 9 10016
22 9 169
9 4 119815
10 3 116257
11 10 48460
0 21 1837001
14 5 168
12 13 1532419
1 16 422738
15 0 1408092
13 16 490381
0 11 1395630
3 6 122915
4 1 126126
5 4 50458
16 4 40
6 11 300393
19 17 1069397
17 1 988701
7 18 65563
20 10 246969
18 6 165328
21 11 224889
22 0 246579
9 13 677651
8 22 10564
11 3 15666
14 12 33269
12 4 49341
10 20 10895208
15 9 153
13 9 49143
0 2 432692
3 15 19203
1 3 384655
4 8 252045
2 8 200
5 13 6482187
3 21 69793
6 2 649702
4 22 8500
19 22 183844
7 11 105247
20 17 358027
18 1 118842
16 17 2474
21 20 3853559
12 3 48781
13 2 280821
1 4 765357
2 3 22660
6 5 1175581
7 0 3202683
5 16 576
16 8 3766
19 5 4177
17 21 869709
22 18 1486
20 6 856977
21 7 278846
8 4 1000232
9 1 271586
0 16 332079
14 0 620378
12 16 77625
15 5 37154
13 21 624285
16 15 344
6 22 87415
19 10 65241
17 14 10170
22 21 13276
20 13 1598141
18 13 10857711
21 0 1716793
8 11 349158
9 10 462057
8 17 297003
11 12 221273
14 11 15098
12 15 993396
1 22 1068108
15 2 450022
13 14 2673565
2 21 554012
0 13 7764851
3 8 3116
1 8 2220316
4 3 40
2 15 1553900
5 2 9049
16 6 38073
6 9 360953
17 7 1572123
7 12 2836886
18 4 162134
21 9 464735
22 6 47526
10 8 34353952
11 5 133770
9 21 7371718
12 6 474930
10 18 4439749
13 7 3544457
0 4 599770
4 10 28980
2 6 1666680
5 11 38124
6 0 1452742
4 16 40
7 5 1715712
5 21 129178
20 19 2162325
16 19 13889
21 18 113185
17 18 4388
14 21 6172
15 16 24848
13 0 19658555
11 16 22965
2 1 276961
7 2 70215
16 10 363600
19 7 2134862
22 16 48
20 0 19150335
18 16 13892
21 5 187372
8 6 135345
22 10 28311
9 7 841531
10 4 25533677
11 9 6579
0 18 26561
14 6 76
12 18 18126
1 19 2227857
15 7 3997128
13 19 199196
0 8 1213804
3 5 85556
4 6 92575
5 7 111476
16 1 50285
6 20 4327264
19 12 170750
17 12 106897
7 17 1844011
20 15 1584584
18 11 415097
21 14 2849
8 13 366412
22 13 177534
9 8 115056
10 15 638570
8 19 7325032
11 14 6929
9 18 29200
14 9 5694
12 9 529269
1 20 24577111
15 12 289928
13 12 2895091
2 19 443670
0 15 1864468
3 10 11255
1 14 42167
4 13 99490
2 13 336030
5 0 20454049
3 16 344
6 15 394645
19 21 86263
17 5 53166
7 14 7489
20 22 231407
18 2 45441
22 4 63261
11 7 163123
14 16 1290
12 0 1488685
10 16 8614904
15 21 185876
13 5 15858603
0 6 3099576
1 7 1222868
2 4 1928
5 9 178884
4 18 10681
5 19 24458
16 21 20064
21 16 98716
19 0 4464025
17 16 177723
8 1 188300
15 18 17358
11 18 1281
12 21 1446114
16 12 38862
6 19 455016
19 9 138286
17 9 371
20 2 116051
18 14 472
21 3 13222
22 8 409465
9 5 84774
10 2 193380
0 20 11950844
14 4 221
1 17 2136249
15 1 429671
13 17 303936
2 22 289644
0 10 854304
3 7 126034
1 11 2076383
4 0 2008335
16 3 52
19 14 107
17 2 15527
7 19 129528
20 9 722639
18 9 53395
21 12 872694
8 15 153461
22 3 332
9 14 18685
10 13 4518651
8 21 57711
11 0 2406906
9 16 16758
14 15 6750
12 11 301150
15 14 680
13 10 483243
2 17 16304
0 1 3757943
3 12 25032
1 12 3129060
4 15 39453
2 11 20987
6 13 3821027
4 21 16548
7 8 157651
20 16 2339015
18 0 4666980
12 2 176584
13 3 2035
1 5 1118829
6 4 119446
7 1 133038
5 17 49380
19 2 15926
20 5 549226
18 21 394613
8 3 1552
9 2 154655
11 20 1517283
14 3 1418
13 22 166547
3 0 190936
16 14 52
6 17 121072
19 11 735715
7 20 1526809
22 20 275740
20 12 1284067
18 12 75953
21 1 194591
8 10 12898
9 11 656650
10 0 36299802
8 16 490
11 13 604572
0 22 1213500
14 10 80
12 14 17234
15 3 3032
13 15 450883
2 20 1101015
0 12 3739410
3 9 253378
1 9 282267
4 2 944
2 14 32427
5 3 2219
16 5 1768
6 8 571823
19 16 18963
17 0 1972642
7 13 813270
20 11 512614
18 7 213258
21 10 127283
22 1 145983
9 12 382401
10 11 345752
11 2 40929
9 22 70806
14 13 379867
12 5 269772
10 21 3709331
15 8 1510634
13 8 243985
0 3 21760
3 14 60
1 2 1393474
4 9 290
2 9 16081
5 12 15166
3 20 364798
6 3 95825
7 10 715404
5 22 186
20 18 3449007
16 18 2760
21 19 88984
17 19 2036279
14 20 1402584
13 1 2029255
2 0 2609887
