468
7 3 4119
16 9 11494
19 4 9791032
17 20 511105
22 19 37306
20 7 82031
18 19 131600
21 6 1350721
8 5 52775
9 0 1070009
10 7 100902
0 17 1003050
14 1 6322
12 17 10456
15 4 250765
13 20 5386013
3 2 1125
4 5 13328
16 0 260521
19 13 128035
17 13 74691
7 22 16167
20 14 4816
18 10 89786
21 15 4188
8 12 62695
22 12 44314
10 14 1261259
8 18 4552
9 19 9192
14 8 416
12 8 119265
1 21 624403
15 13 182993
2 18 2712
0 14 258
3 11 142578
1 15 671955
4 12 1008
2 12 356757
5 1 62141
3 17 14146
16 7 46935
6 14 255
19 18 4412
17 6 320711
7 15 2509771
20 21 860546
18 5 21103
21 8 34184
22 7 5077
10 9 888312
11 4 125714
9 20 4678796
14 19 40
12 7 310360
10 19 18316194
15 10 50038
13 6 3066300
0 5 10095763
1 0 2212693
4 11 170426
2 7 7609
5 10 32884
3 22 238
4 17 14096
7 4 2476
5 20 1263310
16 20 1862802
21 17 42334
19 1 495225
18 22 11812
8 0 2244409
15 19 296855
11 19 138644
12 20 1010004
16 11 1720
6 18 14500
19 6 252379
17 10 15217
20 1 354905
18 17 365281
21 4 1490
8 7 721047
9 6 3726670
10 5 520691
11 8 192031
0 19 235582
14 7 7537
12 19 72674
1 18 56807
15 6 150556
13 18 16238
0 9 99769
4 7 849479
5 6 125207
16 2 96
6 21 168490
19 15 12327
17 3 42474
7 16 6550
20 8 13987385
18 8 208448
21 13 570448
8 14 7265
22 2 1652
9 15 101129
10 12 989925
8 20 39783777
11 1 250508
9 17 4291
12 10 64169
10 22 64235
13 11 51415
2 16 2218
3 13 25050
1 13 4587131
4 14 3440
2 10 43551
5 15 6812
3 19 4502
6 12 394210
4 20 26316151
19 20 45913374
17 4 3528
7 9 23376
18 3 801
21 22 6523
22 5 12860
11 6 554638
14 17 30367
12 1 10328
10 17 471800
15 20 283222
13 4 17773
0 7 1042602
2 5 233
5 8 43700
6 7 12076372
4 19 17680616
7 6 165056
5 18 6010
16 22 52
19 3 3276
20 4 83387
18 20 72169705
8 2 5467
9 3 412
11 21 190421
14 2 64
12 22 14511
3 1 1953
16 13 326085
6 16 68788
19 8 170246
17 8 1373048
7 21 248934
20 3 6213
18 15 19321
21 2 13606
8 9 5584
9 4 1898
10 3 621570
11 10 235792
0 21 95650
14 5 59
12 13 718141
1 16 586099
15 0 548073
13 16 1017506
0 11 191578
3 6 507005
4 1 24790
5 4 21818
6 11 236126
19 17 141398
17 1 47229
7 18 15987
20 10 116898
18 6 203470
21 11 140914
22 0 324755
9 13 299003
8 22 10084
11 3 8444
14 12 18520
12 4 54109
10 20 4586956
15 9 1719
13 9 1604
0 2 220397
3 15 2525209
1 3 51906
4 8 75169
2 8 5488
5 13 6044266
3 21 28179
6 2 330179
4 22 166
19 22 5604
7 11 5214
20 17 595827
18 1 116633
21 20 3120051
12 3 3798
13 2 23342
1 4 179886
2 3 90
6 5 40585
7 0 3837253
16 8 64
19 5 98758
17 21 6624
22 18 1900
20 6 1896777
21 7 112620
8 4 80600
9 1 44038
0 16 12777
14 0 108372
12 16 43276
15 5 17348
13 21 144792
16 15 135
6 22 31983
19 10 203722
17 14 732
22 21 553
20 13 891674
18 13 11399327
21 0 892390
8 11 137892
9 10 163362
8 17 36174
11 12 91934
14 11 143
12 15 313166
1 22 245173
15 2 598714
13 14 742125
2 21 448815
0 13 5260518
3 8 308629
1 8 211234
2 15 1565630
5 2 197
16 6 41619
6 9 232221
17 7 294790
7 12 474703
18 4 94166
21 9 86901
22 6 33997
10 8 15386368
11 5 57945
9 21 1562230
12 6 598672
10 18 1355877
15 11 6000
13 7 2913814
0 4 64898
4 10 7024
2 6 1955989
5 11 35975
6 0 724932
7 5 1489812
5 21 102733
20 19 367987
16 19 4597
21 18 8067
17 18 1644
14 21 4740
13 0 9443017
11 16 6037
2 1 20453
7 2 63173
16 10 8154
19 7 1341501
22 16 1673
20 0 13704439
18 16 9276
21 5 29281
8 6 192050
22 10 93977
9 7 210761
10 4 9218121
11 9 1738
0 18 6410
14 6 3237
12 18 3225
1 19 2020264
15 7 2112429
13 19 104323
0 8 130738
3 5 143984
4 6 74852
5 7 506035
16 1 6637
6 20 1845235
19 12 87886
17 12 5204
7 17 20210
20 15 871744
18 11 184343
21 14 77
8 13 283982
22 13 119830
9 8 27758
10 15 49782
8 19 9269690
11 14 219
9 18 39719
12 9 59889
1 20 5430764
15 12 347535
13 12 675971
2 19 566445
0 15 1186413
3 10 135713
1 14 15882
4 13 343080
2 13 12408
5 0 19411453
3 16 100
6 15 91110
19 21 82435
17 5 108
7 14 206
20 22 7284
18 2 62559
22 4 5537
11 7 35861
12 0 1049671
10 16 2609611
15 21 4140
13 5 6850068
0 6 3417034
1 7 176409
2 4 248
5 9 138414
4 18 129
5 19 26667
16 21 4830
21 16 91256
19 0 5228228
17 16 112
8 1 150342
15 18 3105
11 18 13707
12 21 116643
16 12 22841
6 19 249213
19 9 40
20 2 65406
18 14 1054
21 3 11620
22 8 6769
9 5 30196
10 2 61148
0 20 6168413
14 4 40
1 17 2386704
15 1 99222
13 17 27218
2 22 142
0 10 467613
3 7 660
1 11 763191
4 0 2819816
16 3 52
19 14 40
17 2 248
7 19 73992
20 9 147120
18 9 2926
21 12 107287
8 15 69693
22 3 72
9 14 176
10 13 3159709
8 21 24525
11 0 1712757
9 16 5176
14 15 194
12 11 183329
13 10 269315
2 17 1630
0 1 974088
3 12 14246
1 12 623786
4 15 52834
2 11 3545
3 18 4004
6 13 3437708
4 21 7809
7 8 12069
20 16 1217082
18 0 4670060
12 2 102668
1 5 163255
6 4 154348
7 1 8140
5 17 1400
19 2 79441
20 5 50241
18 21 37708
8 3 5784
9 2 110578
11 20 409193
13 22 14729
3 0 164801
6 17 64578
19 11 281100
7 20 1126768
22 20 141070
20 12 183732
18 12 40709
21 1 119523
8 10 23414
9 11 32196
10 0 14026233
8 16 83
11 13 189633
0 22 10104
14 10 1608
12 14 5211
15 3 45178
13 15 57564
2 20 190043
0 12 1455393
1 9 7596
4 2 925
2 14 7634
5 3 3896
16 5 40
6 8 454170
19 16 1570
17 0 1151998
7 13 1913013
20 11 332137
18 7 315951
21 10 60617
22 1 5043
9 12 81540
10 11 467995
11 2 6829
9 22 2603
14 13 243754
12 5 18874
10 21 1265305
15 8 51410
13 8 32112
0 3 1212
3 14 1440
1 2 372511
2 9 52
5 12 12157
3 20 152176
6 3 9425
7 10 22287
5 22 142
20 18 1246906
16 18 1710
21 19 48306
17 19 232394
14 20 1002779
13 1 826765
2 0 2200712
