476
7 3 4910
16 9 28033
19 4 17935119
17 20 1213139
22 19 222331
20 7 928865
18 19 260523
21 6 1993494
8 5 33701
9 0 2117685
10 7 273253
0 17 687957
14 1 2183
12 17 888061
15 4 426882
13 20 5966682
3 2 1900
4 5 7376
16 0 273458
19 13 194141
17 13 390876
7 22 329226
20 14 20498
18 10 39878
21 15 55283
8 12 136092
22 12 39254
10 14 3581356
8 18 1587
9 19 83588
14 8 57
12 8 257780
1 21 2539330
15 13 261511
2 18 9336
0 14 4314
3 11 43638
1 15 1415506
4 12 9001
2 12 924280
5 1 102407
3 17 16648
16 7 191417
6 14 93634
19 18 2972
17 6 84258
7 15 2112202
20 21 2945896
18 5 84431
21 8 108360
22 7 9930
10 9 2220025
11 4 217447
9 20 2478650
14 19 104
12 7 1055955
10 19 35241271
15 10 25482
13 6 4602975
0 5 24902340
1 0 5182933
4 11 197237
2 7 173291
5 10 99653
3 22 64
4 17 79629
7 4 4379
5 20 2180594
16 20 1920590
21 17 75072
19 1 151648
18 22 58027
8 0 4208175
15 19 876192
11 19 973713
12 20 1780749
16 11 723
6 18 80788
19 6 357194
17 10 159666
20 1 1318158
18 17 48435
21 4 422653
8 7 606139
9 6 4094831
10 5 456701
11 8 604954
0 19 1325470
14 7 37884
12 19 151619
1 18 227229
15 6 110906
13 18 62288
0 9 511829
4 7 813909
5 6 116549
16 2 347
6 21 809779
19 15 89077
17 3 6268
7 16 6321
20 8 22093079
18 8 148645
21 13 1449865
8 14 668
22 2 21248
9 15 353024
10 12 2090368
8 20 41844321
11 1 639686
9 17 66665
12 10 64952
10 22 95138
13 11 426541
2 16 10667
3 13 23306
1 13 13212400
2 10 425875
5 15 28298
3 19 48804
6 12 11436423
4 20 36968332
19 20 58726770
17 4 39330
7 9 1346950
18 3 2267
21 22 32701
22 5 408
11 6 597207
14 17 2848
12 1 732132
10 17 694091
15 20 743162
13 4 402639
0 7 1454185
2 5 305160
5 8 50756
6 7 13660693
4 19 27465657
7 6 1378070
5 18 2216
16 22 181
19 3 27816
20 4 46151
18 20 94838084
8 2 47037
9 3 10416
11 21 266494
14 2 11257
12 22 113523
3 1 72204
16 13 335067
6 16 388968
19 8 167179
17 8 66745
7 21 356994
20 3 198872
18 15 142327
21 2 1529374
8 9 27236
22 9 40
9 4 114926
10 3 154945
11 10 233490
0 21 858406
14 5 2117
12 13 1196294
1 16 256836
15 0 711562
13 16 22078
0 11 2055386
3 6 262899
4 1 355274
5 4 7342
6 11 236423
19 17 459412
17 1 285849
7 18 7765
20 10 295527
18 6 333681
21 11 168201
22 0 348653
9 13 490525
8 22 28502
11 3 28698
14 12 8059
12 4 62401
10 20 10133273
15 9 7244
13 9 425916
0 2 842839
3 15 2172185
1 3 714390
4 8 695698
2 8 31389
5 13 6608844
3 21 20723
6 2 429530
4 22 29428
19 22 4624522
7 11 334577
20 17 686207
18 1 187902
16 17 4298
21 20 3423801
12 3 45427
13 2 234872
1 4 739676
2 3 14264
6 5 117744
7 0 3808343
5 16 1662
16 8 40
19 5 47049
17 21 92707
22 18 6972
20 6 2743851
21 7 207696
8 4 101579
9 1 135486
0 16 45510
14 0 393111
12 16 84294
15 5 13552
13 21 2058923
16 15 1499
6 22 94625
19 10 70314
17 14 52
22 21 69043
20 13 5558525
18 13 18014255
21 0 1746760
8 11 972905
9 10 207187
8 17 192242
11 12 275737
14 11 1480
12 15 226614
1 22 253338
15 2 510034
13 14 1830171
2 21 219343
0 13 8533866
3 8 6000
1 8 1033592
2 15 1203191
5 2 29767
16 6 35747
6 9 270825
17 7 91563
7 12 1867092
18 4 122223
21 9 822359
22 6 14648
10 8 26754046
11 5 154511
9 21 4174126
14 18 1993
12 6 4067711
10 18 2967688
13 7 1501876
0 4 484228
4 10 12986
2 6 1806978
5 11 25371
6 0 2011932
7 5 1340398
5 21 141458
20 19 680342
16 19 3437
21 18 15414
17 18 285
14 21 15553
15 16 417
13 0 18856658
11 16 31063
2 1 854380
7 2 58484
16 10 18391
19 7 2027292
22 16 1581
20 0 28980739
18 16 5035
21 5 791912
8 6 91163
22 10 22663
9 7 603111
10 4 19672612
11 9 8422
0 18 7941
14 6 5068
12 18 41437
1 19 1403831
15 7 2726045
13 19 759783
0 8 751956
3 5 37745
4 6 94273
5 7 229954
16 1 14206
6 20 5062152
19 12 45523
17 12 147230
7 17 37291
20 15 2473805
18 11 249580
21 14 1160
8 13 24467
22 13 7521
9 8 415401
10 15 600641
8 19 10156331
11 14 209
9 18 32584
14 9 2167
12 9 115960
1 20 15183548
15 12 287172
13 12 4086776
2 19 366120
0 15 939472
3 10 54968
1 14 74118
4 13 295599
2 13 182597
5 0 23502482
6 15 260660
19 21 48285
17 5 8983
7 14 1035
20 22 292255
18 2 137219
22 4 2825
11 7 383195
12 0 1281853
10 16 4773690
15 21 179904
13 5 15937081
0 6 3683657
1 7 1553570
2 4 4311
5 9 164005
4 18 5097
5 19 39977
16 21 11110
21 16 138244
19 0 5802876
17 16 5363
8 1 541162
15 18 4260
11 18 2022
12 21 444076
16 12 39554
6 19 236311
19 9 14838
17 9 1420
20 2 203363
18 14 711
21 3 10633
22 8 36991
9 5 190159
10 2 483931
0 20 11751662
1 17 1451128
15 1 106502
13 17 37242
2 22 763600
0 10 753964
3 7 12827
1 11 1986392
4 0 2673974
19 14 265
17 2 5663
7 19 149645
20 9 750897
18 9 96656
21 12 259693
8 15 234213
22 3 107
9 14 15463
10 13 4175182
8 21 13005
11 0 2041135
9 16 12873
14 15 92
12 11 550115
13 10 592619
2 17 5337
0 1 2403662
3 12 88298
1 12 3452952
4 15 265696
2 11 8970
5 14 40
3 18 40
6 13 6184558
4 21 56944
7 8 67203
20 16 3195261
18 0 6588312
12 2 493073
13 3 326
1 5 532150
6 4 306434
7 1 286983
5 17 4278
19 2 36578
20 5 1472457
18 21 66642
8 3 146
9 2 396055
11 20 1546174
14 3 2620
13 22 3261
3 0 170096
16 14 64
6 17 133585
19 11 810235
7 20 1479675
22 20 389285
20 12 1682461
18 12 95314
21 1 123816
8 10 62537
22 14 52
9 11 135624
10 0 30284002
8 16 2840
11 13 1704714
0 22 580229
14 10 260
12 14 10327
15 3 46100
13 15 560467
2 20 633941
0 12 3444867
3 9 80
1 9 536683
4 2 8039
2 14 12266
5 3 4528
6 8 158827
19 16 131
17 0 954327
7 13 4205364
20 11 1460677
18 7 223645
21 10 97947
22 1 254409
9 12 790275
10 11 897789
11 2 8228
9 22 38858
14 13 498305
12 5 167866
10 21 2236714
15 8 1122836
13 8 103900
0 3 46941
3 14 490
1 2 2301932
4 9 6947
2 9 1185921
5 12 32015
3 20 142387
6 3 70623
7 10 542045
5 22 5152
20 18 2655862
16 18 2892
21 19 219850
17 19 224900
14 20 1978118
13 1 1675527
2 0 2427098
