461
7 3 5794
16 9 28989
19 4 12603713
17 20 1165508
22 19 571625
20 7 176502
18 19 59442
21 6 143810
8 5 8900
9 0 2053600
10 7 22780
0 17 417877
14 1 4498
12 17 395815
15 4 251955
13 20 1839973
4 5 7641
16 0 245752
19 13 230295
17 13 69863
7 22 13572
20 14 10669
18 10 306766
21 15 15785
8 12 46511
22 12 2327
10 14 2832109
8 18 139
9 19 9048
14 8 7980
12 8 116476
1 21 701590
15 13 60374
0 14 142
1 15 793591
4 12 11080
2 12 491467
5 1 106259
3 17 40
16 7 118489
6 14 40
19 18 6079
17 6 31702
7 15 2977472
20 21 375586
18 5 63531
21 8 32703
22 7 3984
10 9 1201375
11 4 42886
9 20 3990153
14 19 6748
12 7 274635
10 19 23735234
15 10 5514
13 6 2182934
0 5 8708848
1 0 5221546
4 11 74537
2 7 3888
5 10 8240
3 22 15000
4 17 2221
7 4 1126
5 20 1299393
16 20 3180477
21 17 3155
19 1 188560
18 22 21673
8 0 3660485
15 19 431354
11 19 437899
12 20 509001
16 11 944
6 18 8358
19 6 252452
17 10 18104
20 1 1376212
18 17 7570
21 4 3252
8 7 864414
9 6 3130438
10 5 493240
11 8 252164
0 19 381389
14 7 9571
12 19 56524
1 18 14777
15 6 100283
13 18 19522
0 9 3721
3 4 1500
4 7 1176942
5 6 67409
16 2 56
6 21 202703
19 15 33790
17 3 232
7 16 5178
20 8 17165652
18 8 198653
21 13 773123
8 14 40
22 2 878367
9 15 178540
10 12 1149138
8 20 42637649
11 1 239313
9 17 493
12 10 56637
10 22 139262
13 11 97783
2 16 4109
3 13 111324
1 13 4764470
2 10 17895
5 15 1180
3 19 7628
6 12 13394990
4 20 29060134
19 20 52613240
17 4 10953
7 9 25264
18 3 938
21 22 6437
22 5 4472
11 6 449871
12 1 37299
10 17 582239
15 20 410555
13 4 20983
0 7 977092
1 6 120
2 5 343
5 8 36262
6 7 389644
4 19 27740372
7 6 408322
5 18 473
16 22 52
19 3 2716
20 4 18343
18 20 65039111
8 2 83956
9 3 227
11 21 68470
14 2 40
12 22 118
3 1 3813
16 13 575967
6 16 51343
19 8 143524
17 8 161603
7 21 129664
20 3 3692
18 15 91887
21 2 14692
8 9 1500
9 4 9516
10 3 542446
11 10 89222
0 21 301741
14 5 40
12 13 733300
1 16 174413
15 0 225915
13 16 205725
0 11 2578587
3 6 117328
4 1 22832
5 4 3954
16 4 52
6 11 355578
19 17 64382
17 1 430393
7 18 2533
20 10 171039
18 6 67299
21 11 93744
22 0 646135
9 13 247301
8 22 7143
11 3 892
14 12 392
12 4 4443
10 20 4477908
15 9 16512
13 9 9584
0 2 368418
3 15 10198
1 3 36453
4 8 68318
2 8 6198
5 13 4251872
3 21 52
6 2 145278
4 22 75320
19 22 2546622
7 11 17273
20 17 66007
18 1 266776
16 17 716
21 20 3440129
12 3 18164
13 2 20884
1 4 151271
2 3 38
6 5 14926
7 0 2618170
5 16 168
16 8 77
19 5 15769
17 21 13895
22 18 40
20 6 1529326
21 7 150066
8 4 90066
9 1 127496
0 16 18144
14 0 304533
12 16 15434
15 5 543
13 21 220214
16 15 137
6 22 118331
19 10 220091
22 21 6629
20 13 259034
18 13 12800364
21 0 1279858
8 11 512484
9 10 38295
8 17 316119
11 12 224603
14 11 332
12 15 68236
1 22 245062
15 2 531636
13 14 1019463
2 21 42456
0 13 5654661
3 8 1008
1 8 1072221
4 3 80
2 15 1954488
5 2 53
16 6 27951
6 9 4681
17 7 7437
7 12 5543035
18 4 110777
21 9 207039
22 6 60296
10 8 19252884
11 5 29761
9 21 76115
12 6 4657148
10 18 1260038
13 7 197080
0 4 144046
4 10 118681
2 6 1847060
5 11 20331
6 0 715643
7 5 1249535
5 21 15488
20 19 231285
16 19 445
21 18 10243
14 21 34367
13 0 8368064
11 16 1914
2 1 16502
7 2 7048
16 10 2702
19 7 2485379
22 16 1500
20 0 14098671
18 16 2331
21 5 16245
8 6 125723
22 10 53381
9 7 640803
10 4 12211123
11 9 87
0 18 9000
12 18 9105
1 19 766272
15 7 1197434
13 19 78221
0 8 343021
3 5 56
4 6 109765
5 7 163795
16 1 536
6 20 1026094
19 12 299354
17 12 26456
7 17 7078
20 15 521305
18 11 66344
21 14 1141
8 13 126939
22 13 4634
9 8 24076
10 15 547662
8 19 9442812
11 14 2932
9 18 17363
14 9 65
12 9 13791
1 20 6577379
15 12 72345
13 12 59668
2 19 2192
0 15 936379
3 10 1757
1 14 521
4 13 37761
2 13 19815
5 0 16154974
3 16 84
6 15 234553
19 21 33608
17 5 37132
7 14 463
20 22 1669
18 2 5098
22 4 5931
11 7 38370
12 0 508188
10 16 4894275
15 21 15708
13 5 4987384
0 6 1708749
1 7 217964
2 4 266
5 9 66113
5 19 6519
16 21 3708
21 16 7060
19 0 4054590
17 16 209
8 1 343528
15 18 1552
11 18 1065
12 21 110409
16 12 14719
6 19 151042
19 9 1666
20 2 82875
18 14 48
22 8 39517
9 5 37961
10 2 39520
0 20 5790647
14 4 145
1 17 1357325
15 1 125416
13 17 15771
2 22 13422
0 10 252044
3 7 984
1 11 1003068
4 0 2589433
19 14 3000
17 2 1061
7 19 120711
20 9 274302
18 9 375
21 12 60776
8 15 451209
22 3 208
10 13 1442565
8 21 15591
11 0 3068234
9 16 12575
12 11 393746
15 14 136
13 10 163511
2 17 11856
0 1 3677435
3 12 757
1 12 1501144
4 15 46798
2 11 275123
5 14 149
3 18 112
6 13 2541872
4 21 2010
7 8 43297
20 16 1709807
18 0 5008609
14 22 128
12 2 83700
1 5 252166
6 4 37692
7 1 1230413
5 17 20450
19 2 16153
20 5 321652
18 21 24380
9 2 554069
11 20 572204
13 22 4200
3 0 78449
16 14 40
6 17 26603
19 11 176376
7 20 3502694
22 20 14833
20 12 897318
18 12 31642
21 1 26198
8 10 9513
9 11 58055
10 0 15239207
8 16 536
11 13 127999
0 22 472973
12 14 6508
15 3 552
13 15 52753
2 20 2016776
0 12 1004044
1 9 20726
4 2 1625
2 14 1386
5 3 215
6 8 125765
19 16 14830
17 0 571449
7 13 193157
20 11 430405
18 7 631259
21 10 32616
22 1 29673
9 12 55279
10 11 333287
11 2 17757
9 22 180666
14 13 287926
12 5 14958
10 21 657682
15 8 201298
13 8 87202
0 3 27366
1 2 1058631
4 9 5876
2 9 326
5 12 919
3 20 163014
6 3 3477
7 10 4217
5 22 1709
20 18 944659
21 19 244152
17 19 383544
14 20 931695
13 1 646076
2 0 2132523
