470
7 3 4312
16 9 34119
19 4 15945684
17 20 947949
22 19 140147
20 7 165970
18 19 37992
21 6 203160
8 5 6421
9 0 752622
10 7 53883
0 17 1080030
14 1 3615
12 17 369816
15 4 224659
13 20 2110659
3 2 56
4 5 21045
16 0 238110
19 13 445434
17 13 45692
7 22 2836
20 14 12229
18 10 282417
21 15 22472
8 12 44992
22 12 4558
9 9 16988
10 14 2407067
8 18 1599
9 19 7670
14 8 2262
12 8 115603
1 21 824365
15 13 89417
13 13 89697
0 14 3230
3 11 39000
1 15 774902
4 12 2557
2 12 551950
5 1 112798
3 17 6000
16 7 89062
19 18 2920
17 6 45264
7 15 3067048
20 21 612539
18 5 79902
21 8 32694
22 7 6366
10 9 1113726
11 4 83229
9 20 4885272
14 19 11691
12 7 225443
10 19 26715935
15 10 9577
13 6 2506277
0 5 8040769
1 0 4600934
4 11 82750
2 7 10583
5 10 2758
4 17 438868
7 4 1326
5 20 1426040
16 20 2871339
21 17 2585
19 1 94859
17 17 1812
18 22 6723
8 0 3087801
15 19 600413
11 19 453302
12 20 825748
16 11 886
6 18 12437
19 6 175663
17 10 16777
20 1 1288143
18 17 7326
21 4 847
8 7 616755
9 6 1533871
10 5 601943
11 8 254964
0 19 1803702
14 7 9694
12 19 35465
1 18 23255
15 6 73571
13 18 6667
0 9 2283
4 7 1343284
5 6 66603
16 2 262
6 21 211923
19 15 31516
17 3 132
7 16 6526
20 8 16562879
18 8 189744
21 13 877170
8 14 3144
22 2 734412
9 15 251306
10 12 428762
8 20 41943346
11 1 190495
9 17 6845
12 10 109071
10 22 124617
15 15 3086
13 11 41771
2 16 2230
0 0 31609311
3 13 52243
1 13 5202351
4 14 40
2 10 9928
5 15 1244
3 19 211692
6 12 13981137
4 20 28769919
19 20 54466877
17 4 14274
7 9 3420
18 3 2629
21 22 3462
22 5 1536
11 6 555334
12 1 502958
10 17 232203
15 20 414338
13 4 15341
0 7 1038144
5 8 6915
6 7 559949
4 19 28152757
7 6 669223
5 18 58
16 22 52
19 3 7278
20 4 27644
18 20 64661316
8 2 1117
9 3 455
11 21 31615
12 22 137569
3 1 7276
16 13 697157
6 16 31218
19 8 116148
17 8 259793
7 21 160519
20 3 817
18 15 79778
21 2 16842
8 9 253
9 4 2421
10 3 520932
11 10 94458
0 21 80915
12 13 742025
1 16 212431
15 0 366186
13 16 228672
0 11 3914137
3 6 117596
4 1 62274
5 4 2927
6 11 386600
19 17 60825
17 1 216153
7 18 4555
20 10 211042
18 6 73532
21 11 80796
22 0 900341
9 13 215131
8 22 12387
11 3 1912
14 12 172
12 4 8912
10 20 3738215
15 9 19327
13 9 132
0 2 332221
3 15 5936
1 3 40912
4 8 141727
2 8 2932
5 13 4402223
3 21 52
6 2 115452
4 22 52980
19 22 330614
7 11 20058
20 17 101829
18 1 270355
16 17 247
21 20 3357917
12 3 16301
13 2 11438
1 4 137771
6 5 24790
7 0 2534002
5 16 55
16 8 208
19 5 8600
17 21 8502
22 18 1572
20 6 1321472
18 18 72719
21 7 123385
8 4 165338
9 1 138390
0 16 25755
14 0 180248
12 16 35607
15 5 3340
13 21 195926
6 22 132885
19 10 224472
22 21 10048
20 13 305352
18 13 13096692
21 0 1258815
8 11 1137419
9 10 20804
8 17 428543
11 12 263315
14 11 816
12 15 65438
1 22 210180
15 2 400998
13 14 1379502
2 21 53330
0 13 4779889
3 8 672
1 8 1015597
4 3 120
2 15 1846036
5 2 53
16 6 26743
6 9 4016
19 19 63261352
17 7 9343
7 12 6856692
20 20 935257
18 4 90693
21 9 158746
22 6 35730
10 8 18275236
11 5 29747
9 21 76428
14 18 38
12 6 5935288
10 18 1075566
13 7 234044
0 4 110153
4 10 40592
2 6 1836495
5 11 40478
6 0 725072
7 5 1336245
5 21 19968
20 19 209854
16 19 7780
21 18 13756
14 21 15238
15 16 160
13 0 9099815
11 16 5118
2 1 151795
7 2 8231
16 10 14257
19 7 2416765
22 16 126
20 0 12827570
18 16 8967
21 5 28757
8 6 124712
22 10 65957
9 7 313959
10 4 15753010
11 9 384
0 18 6612
14 6 170
12 18 112803
1 19 576260
15 7 1194469
13 19 108965
0 8 249489
3 5 1617
4 6 42776
5 7 158607
16 1 1431
6 20 958719
19 12 313386
17 12 47530
7 17 11293
20 15 854263
18 11 101333
21 14 8230
8 13 304317
22 13 10768
9 8 14156
10 15 633976
8 19 9687310
11 14 3067
9 18 14127
12 9 3123
1 20 6200238
15 12 1107451
13 12 118966
2 19 4867
0 15 855420
3 10 5596
1 14 4424
4 13 42254
2 13 13188
5 0 15722316
6 15 157886
19 21 29643
17 5 37380
7 14 2287
20 22 1154
18 2 3407
22 4 68519
11 7 27727
12 0 715991
10 16 5080509
15 21 30180
13 5 4601152
0 6 1818919
1 7 357376
2 4 210
5 9 76199
6 6 3000
4 18 391
7 7 1665764
5 19 14515
16 21 10673
21 16 3593
19 0 3371554
17 16 531
8 1 72498
15 18 8483
11 18 2016
12 21 143454
16 12 3091
6 19 76211
19 9 1587
17 9 80
20 2 88027
18 14 1420
21 3 649
22 8 28229
9 5 3777
10 2 52721
0 20 4116633
12 12 964
1 17 1656617
15 1 148749
13 17 12190
2 22 8888
0 10 259258
3 7 361
1 11 851956
4 0 2467650
19 14 160
17 2 12357
7 19 90735
20 9 335062
18 9 709
21 12 100733
8 15 458560
22 3 52
10 13 1957003
8 21 13671
11 0 2139761
9 16 17276
14 15 97
12 11 505404
15 14 362
13 10 456639
2 17 80
0 1 3441807
3 12 21110
1 12 3080348
4 15 95246
2 11 34956
5 14 103
6 13 1851066
4 21 4458
7 8 25212
20 16 2026286
18 0 4548074
21 21 161659
12 2 57785
1 5 304622
6 4 28935
7 1 1185077
5 17 25245
19 2 2269
20 5 355029
18 21 21577
8 3 52
9 2 501257
11 20 958957
14 3 56
13 22 4672
3 0 51680
6 17 62325
19 11 176244
7 20 3280780
22 20 19489
20 12 905801
18 12 39078
21 1 24987
8 10 17423
9 11 66378
10 0 15438432
8 16 270
11 13 110910
0 22 74978
12 14 156
15 3 305
13 15 85349
2 20 1642601
0 12 1176091
1 9 28659
4 2 53
2 14 564
5 3 213
16 5 40
6 8 114692
19 16 7444
17 0 459321
7 13 224126
20 11 263094
18 7 452818
21 10 452345
22 1 14543
9 12 63014
10 11 401486
11 2 10796
9 22 121974
14 13 259298
12 5 51219
10 21 786885
15 8 136732
13 8 121892
0 3 23573
3 14 38
1 2 576802
4 9 3543
5 12 2638
3 20 165949
6 3 4479
7 10 40167
20 18 1160006
16 18 104
21 19 174106
17 19 91460
14 20 1050357
13 1 393869
2 0 1757887
