485
7 3 2684
16 9 14786
19 4 9388922
17 20 1597850
22 19 55471
20 7 374587
18 19 52482
21 6 223940
8 5 7871
9 0 1187190
10 7 347788
0 17 157443
14 1 2708
12 17 57025
15 4 251046
13 20 1674001
3 2 344
4 5 1846
16 0 576324
19 13 72594
17 13 18365
7 22 3894
20 14 5660
18 10 262110
21 15 15555
8 12 14290
22 12 6195
9 9 1971
10 14 1958208
8 18 92
9 19 25884
12 8 74172
1 21 688515
15 13 16626
13 13 52453
2 18 1584
0 14 1715
3 11 89626
1 15 693015
4 12 8500
2 12 1052995
5 1 3973
3 17 3264
16 7 109344
6 14 1919
19 18 2277
17 6 261754
7 15 2210385
20 21 278542
18 5 38987
21 8 50282
22 7 3460
10 9 1102138
11 4 12032
9 20 3211663
14 19 7060
12 7 354776
10 19 21914135
15 10 58765
13 6 2413412
0 5 4223051
1 0 3741387
4 11 35227
2 7 7703
5 10 4794
4 17 13219
7 4 1326
5 20 948097
16 20 2340839
21 17 808
19 1 66079
17 17 1612
18 22 1748
8 0 4269581
15 19 472360
11 19 169056
12 20 472234
16 11 2371
6 18 3625
19 6 152142
17 10 21614
20 1 1287327
18 17 123040
21 4 3602
8 7 705033
9 6 3017597
10 5 47546
11 8 270193
0 19 239565
14 7 15987
12 19 82010
1 18 37554
15 6 61717
13 18 8547
0 9 11771
4 7 1032395
5 6 25541
6 21 91831
19 15 64369
17 3 160
7 16 25396
20 8 14110372
18 8 32235
21 13 978385
8 14 414
22 2 93
9 15 115439
10 12 4041509
8 20 32509237
11 1 232926
9 17 30120
12 10 50660
10 22 6480
15 15 1469
13 11 41772
2 16 760
0 0 32510691
3 13 432
1 13 3356670
2 10 81703
5 15 2405
3 19 1540
6 12 544807
4 20 22996933
19 20 44992075
17 4 9204
7 9 26042
18 3 1826
21 22 11311
22 5 237
11 6 632118
14 17 128
12 1 25581
10 17 70876
15 20 301894
13 4 12711
0 7 987596
1 6 52
2 5 148776
5 8 32001
6 7 2904422
4 19 17904192
7 6 335878
5 18 211
19 3 1200
20 4 7316
18 20 50308351
8 2 2172
9 3 148
11 21 20116
14 2 2262
12 22 3146
3 1 3345
16 13 489340
6 16 42162
19 8 154030
17 8 127497
7 21 182883
20 3 1113
18 15 32428
21 2 970
8 9 120
22 9 40
9 4 6682
10 3 56708
11 10 61540
0 21 58065
12 13 260212
1 16 439753
15 0 372349
13 16 403340
0 11 755276
3 6 432148
4 1 196766
5 4 530
16 4 53
6 11 150776
19 17 108187
17 1 42251
7 18 3165
20 10 108216
18 6 110379
21 11 96394
22 0 54063
9 13 312720
8 22 6170
11 3 2264
14 12 1035
12 4 2762
10 20 6081757
15 9 60652
13 9 7134
0 2 988179
3 15 4628
1 3 104441
4 8 254207
2 8 3665
5 13 4095465
3 21 465000
6 2 309190
4 22 788875
19 22 12485
7 11 15543
20 17 39152
18 1 281318
16 17 208
21 20 2597155
12 3 9310
15 22 252
13 2 9871
1 4 99067
2 3 40
6 5 10460
7 0 2651581
5 16 70
16 8 245
19 5 13881
17 21 9731
22 18 304
20 6 845241
18 18 132923
21 7 382530
8 4 366561
9 1 38347
0 16 36332
14 0 110265
12 16 37961
15 5 960
13 21 142580
16 15 103
6 22 15489
19 10 69739
22 21 3564
20 13 210717
18 13 10826593
21 0 1391092
8 11 90256
22 15 302
9 10 115656
8 17 18969
11 12 133615
14 11 1660
12 15 123792
1 22 79996
15 2 591165
13 14 1858391
2 21 10537
0 13 5910166
3 8 5372
1 8 304793
2 15 1634656
5 2 4018
16 6 38187
6 9 8896
19 19 53078559
17 7 5995
7 12 7766623
20 20 2042496
18 4 14777
21 9 38266
22 6 5474
10 8 18468099
11 5 11275
9 21 76684
12 6 337568
10 18 854119
15 11 427
13 7 249409
0 4 32689
4 10 50885
2 6 1864796
5 11 18940
6 0 512952
7 5 1308575
5 21 13276
20 19 202191
16 19 145
21 18 7642
17 18 1592
14 21 218
15 16 153498
13 0 14423051
11 16 14578
2 1 74882
7 2 13818
16 10 16932
19 7 1894342
22 16 172
20 0 9670990
18 16 21115
21 5 32811
8 6 114038
22 10 100702
9 7 638401
10 4 7855626
11 9 1936
0 18 4859
14 6 24238
12 18 28793
1 19 595294
15 7 2447845
13 19 577603
0 8 177137
3 5 116
4 6 123175
5 7 112770
16 1 3835
6 20 877563
19 12 8655
17 12 6104
7 17 24336
20 15 449715
18 11 116991
8 13 1950
22 13 5123
9 8 13994
10 15 735340
8 19 8462912
11 14 21922
9 18 7703
12 9 13021
1 20 5185025
15 12 5301
13 12 118277
2 19 192
0 15 656252
3 10 501943
1 14 9914
4 13 26611
2 13 25985
5 0 13346656
3 16 42
6 15 50482
19 21 8969
17 5 24334
7 14 7406
20 22 22800
18 2 7385
22 4 12743
11 7 9404
14 16 2580
12 0 783030
10 16 5918289
15 21 77663
13 5 4113607
0 6 2097090
1 7 453019
2 4 668751
5 9 54018
6 6 231
4 18 56
7 7 2512121
5 19 3648
16 21 9201
21 16 4157
19 0 7450626
17 16 20119
8 1 15478
15 18 340
11 18 2401
12 21 78695
16 12 26593
6 19 163131
19 9 333
17 9 433
20 2 58400
18 14 11892
21 3 148
22 8 525
9 5 3225
10 2 58508
0 20 5923868
14 4 40
12 12 88032
1 17 633071
15 1 192048
13 17 43168
2 22 52
0 10 111738
3 7 1012
1 11 763633
4 0 4754357
16 3 56
19 14 5356
17 2 2337
7 19 59834
20 9 395541
18 9 52
21 12 57266
8 15 160858
9 14 112
10 13 813290
8 21 6831
11 0 2399046
9 16 13809
14 15 220
12 11 374114
15 14 1547
13 10 163243
2 17 323
0 1 1636985
3 12 730
1 12 1047274
4 15 25218
2 11 5914
6 13 1244406
4 21 9586
7 8 34186
20 16 3309882
18 0 8379838
21 21 72858
14 22 1484
12 2 116056
13 3 2069
1 5 497270
6 4 150585
7 1 43861
5 17 19168
19 2 1617
17 22 105
20 5 1341459
18 21 43579
8 3 151044
9 2 49870
11 20 1260431
13 22 1739
3 0 268085
16 14 63
6 17 34734
19 11 153359
7 20 4202971
22 20 15656
20 12 889711
18 12 389900
21 1 44250
8 10 20807
9 11 35362
10 0 10009721
8 16 162
11 13 103206
0 22 88100
14 10 59
12 14 15256
15 3 2986
13 15 65855
2 20 456541
0 12 1559426
1 9 95675
4 2 21112
2 14 13722
5 3 144
16 5 126
6 8 70034
19 16 647
17 0 517919
7 13 1358553
20 11 75160
18 7 405604
21 10 271860
22 1 15645
9 12 44729
10 11 344349
11 2 3274
9 22 12445
14 13 226839
12 5 25755
10 21 1641668
15 8 786074
13 8 10864
0 3 5266
1 2 1004690
4 9 3190
2 9 1677
5 12 341
3 20 31022
6 3 4476
7 10 26068
5 22 279
20 18 907959
16 18 52
21 19 321579
17 19 29282
14 20 883462
13 1 320637
2 0 2481676
