474
7 3 3476
16 9 16863
19 4 9944929
17 20 255934
22 19 66957
20 7 84044
18 19 115832
21 6 393511
8 5 33099
9 0 3509651
10 7 221525
0 17 1204202
14 1 702
12 17 53174
15 4 108010
13 20 3710149
3 2 1500
4 5 2204
16 0 122851
19 13 195239
17 13 174688
7 22 11692
20 14 13375
18 10 314180
21 15 12511
8 12 15407
22 12 44373
9 9 5093
10 14 1061415
8 18 196
9 19 10316
12 8 142485
1 21 1146398
15 13 30969
13 13 32760
2 18 52
0 14 3353
3 11 4500
1 15 442558
4 12 9944
2 12 353537
5 1 13900
3 17 1500
16 7 64261
6 14 550
19 18 2090
17 6 68922
7 15 3215959
20 21 207818
18 5 45349
21 8 66998
22 7 4930
10 9 1369463
11 4 59832
9 20 6931434
14 19 4789
12 7 200175
10 19 18849886
15 10 7033
13 6 2511960
0 5 9158848
1 0 2978900
4 11 32907
2 7 32954
5 10 7240
4 17 2637
7 4 672
5 20 961497
16 20 2571160
21 17 36323
19 1 132130
17 17 1154
18 22 3705
8 0 1632800
15 19 235657
11 19 508440
12 20 734634
16 11 115
6 18 2096
19 6 212620
17 10 126636
20 1 146799
18 17 15876
21 4 7178
8 7 868591
9 6 3763731
10 5 172454
11 8 231541
0 19 1053801
14 7 5976
12 19 53131
1 18 14872
15 6 139654
13 18 6891
0 9 1350
3 4 40
4 7 777925
5 6 50493
16 2 312
6 21 421289
19 15 11565
17 3 166
7 16 13605
20 8 13975311
18 8 117609
21 13 903483
8 14 40
9 15 129238
10 12 346846
8 20 43329849
11 1 232054
9 17 117167
12 10 49820
10 22 41841
15 15 1847
13 11 105115
2 16 1920
0 0 33657694
3 13 402
1 13 6479728
4 14 1416
2 10 15011
5 15 5854
3 19 1500
6 12 9749134
4 20 29589978
19 20 48264191
17 4 52339
7 9 17136
18 3 728
21 22 6496
22 5 3273
11 6 552221
12 1 113570
10 17 89144
15 20 644328
13 4 24606
0 7 1291285
2 5 29435
5 8 25269
6 7 766998
4 19 20883138
7 6 229028
5 18 64
16 22 52
19 3 4184
20 4 21595
18 20 57805782
8 2 55014
9 3 577
11 21 108950
12 22 458333
3 1 8259
16 13 587663
6 16 769803
19 8 92173
17 8 137197
7 21 187147
20 3 941
18 15 35659
21 2 31651
8 9 3805
9 4 1422
10 3 352422
11 10 247236
0 21 626010
14 5 224
12 13 503391
1 16 92741
15 0 441121
13 16 379900
0 11 533017
3 6 569867
4 1 702279
5 4 3654
16 4 52
6 11 281154
19 17 78465
17 1 80282
7 18 55284
20 10 615674
18 6 70252
21 11 111650
22 0 631661
9 13 328382
8 22 15443
11 3 440
14 12 149
12 4 30604
10 20 4460408
13 9 1892
0 2 1055284
3 15 129
1 3 227279
4 8 115184
2 8 1972
5 13 3800865
3 21 1512
6 2 401497
4 22 203
19 22 6925
7 11 70765
20 17 345627
18 1 95987
21 20 4369660
12 3 8787
13 2 17506
1 4 152568
6 5 54094
7 0 1703025
16 8 270
19 5 14612
17 21 14907
22 18 196
20 6 12061682
18 18 391412
21 7 317482
8 4 304583
9 1 56288
0 16 46458
14 0 10371
12 16 63878
15 5 532
13 21 362036
16 15 202
6 22 234638
19 10 130619
22 21 2288
20 13 2227249
18 13 9267872
21 0 630204
8 11 264591
9 10 26081
8 17 23475
11 12 83392
14 11 80
12 15 68985
1 22 618343
15 2 590921
13 14 775733
2 21 816735
0 13 4691314
3 8 4460
1 8 837820
2 15 1943684
5 2 1128
16 6 46856
6 9 52878
19 19 56577889
17 7 696332
7 12 1461283
20 20 2038608
18 4 47833
21 9 31129
22 6 97583
10 8 19117234
11 5 31649
9 21 187946
14 18 47
12 6 2369117
10 18 1047312
15 11 114340
13 7 134601
0 4 21989
4 10 20984
2 6 1741466
5 11 132490
6 0 1139616
7 5 1441546
5 21 26277
20 19 409159
16 19 499
21 18 5855
17 18 94
14 21 52
13 0 11106848
11 16 6590
2 1 25138
7 2 8474
16 10 10026
19 7 701589
17 11 50728
22 16 1500
20 0 9767253
18 16 77228
21 5 97194
8 6 126887
22 10 28339
9 7 1079157
10 4 9622133
11 9 16705
0 18 5161
14 6 5378
12 18 179464
1 19 515261
15 7 1708428
13 19 490738
0 8 143184
3 5 40
4 6 384425
5 7 90321
16 1 7996
6 20 2777628
19 12 43550
17 12 30023
7 17 16353
20 15 294109
18 11 103335
21 14 1392
8 13 45410
22 13 3238
9 8 31671
10 15 286567
8 19 8641232
11 14 1843
9 18 12227
12 9 11223
1 20 8894053
15 12 160771
13 12 511108
2 19 100
0 15 1028478
3 10 5699
1 14 503
4 13 42785
2 13 22257
5 0 15436789
6 15 126332
19 21 28741
17 5 39933
7 14 128
20 22 5541
18 2 5956
22 4 4096
11 7 8824
12 0 2483571
10 16 4213370
15 21 4588
13 5 5668264
0 6 2158000
1 7 287540
2 4 56
5 9 56159
6 6 2020
7 7 309606
5 19 8720
16 21 6347
21 16 7114
19 0 1949792
17 16 52
8 1 290379
15 18 186
11 18 17340
12 21 115793
16 12 26143
6 19 162188
19 9 8141
17 9 3106
20 2 39003
18 14 11332
21 3 286
22 8 17644
9 5 7753
10 2 17593
0 20 5419912
14 4 184
12 12 100440
1 17 935066
15 1 18033
13 17 12428
2 22 104
0 10 526300
3 7 407
1 11 1783962
4 0 895302
19 14 208
17 2 5081
7 19 92786
20 9 223321
18 9 1260
21 12 964706
8 15 27898
9 14 147
10 13 1831775
8 21 30462
11 0 1916421
9 16 38974
12 11 314692
15 14 1332
13 10 339003
2 17 647
0 1 29504058
3 12 1881
1 12 1660857
4 15 21770
2 11 9896
5 14 1500
3 18 2994
6 13 3388941
4 21 9705
7 8 39194
20 16 813099
18 0 2133902
21 21 158254
14 22 137
12 2 89890
1 5 520323
6 4 361888
7 1 47480
5 17 56078
19 2 165
20 5 862486
18 21 37044
9 2 447485
11 20 2013984
13 22 7492
3 0 192344
6 17 22043
19 11 134671
7 20 988032
22 20 51799
20 12 257560
18 12 35481
21 1 37823
8 10 48848
9 11 37065
10 0 12341425
8 16 2810
11 13 96509
0 22 705004
14 10 46
12 14 2970
15 3 2021
13 15 27349
2 20 105316
0 12 257083
1 9 25800
4 2 53
2 14 256
5 3 69
16 5 5276
6 8 447485
19 16 104
17 0 1680189
7 13 601362
20 11 258546
18 7 259028
21 10 79816
22 1 17637
9 12 41360
10 11 407715
11 2 11304
9 22 774
14 13 227115
12 5 67377
10 21 741050
15 8 154674
13 8 56738
0 3 3133
1 2 663610
4 9 268
2 9 52
5 12 46728
3 20 264363
6 3 6946
7 10 25503
5 22 164
20 18 1114248
16 18 3052
21 19 853958
17 19 234364
14 20 1084806
13 1 400082
2 0 1549969
