459
7 3 4147
16 9 8607
19 4 6798146
17 20 170319
22 19 26663
20 7 444548
18 19 61490
21 6 340919
8 5 52103
9 0 1116220
10 7 103636
0 17 375375
14 1 778
12 17 9043
15 4 128088
13 20 1384361
4 5 15553
16 0 487548
19 13 49586
17 13 431699
7 22 26384
20 14 4702
18 10 853208
21 15 8709
8 12 10182
22 12 15896
10 14 923991
8 18 4339
9 19 10756
12 8 112852
1 21 769149
15 13 70647
2 18 111
0 14 4581
3 11 49462
1 15 296696
4 12 454
2 12 372037
5 1 13163
3 17 1861
16 7 94592
19 18 10589
17 6 271752
7 15 2326655
20 21 226988
18 5 24877
21 8 22855
22 7 20909
10 9 766240
11 4 30952
9 20 1762742
14 19 182
12 7 545422
10 19 21795578
15 10 210724
13 6 3966921
0 5 6901425
1 0 3153032
4 11 40725
2 7 15845
5 10 5104
3 22 3401
4 17 53586
7 4 681
5 20 1228984
16 20 3228340
21 17 20098
19 1 34187
18 22 51720
8 0 4359983
15 19 450942
11 19 710871
12 20 589368
16 11 180
6 18 7893
19 6 119690
17 10 403065
20 1 630999
18 17 84996
21 4 38604
8 7 478962
9 6 1106029
10 5 646770
11 8 161316
0 19 235801
14 7 11387
12 19 52619
1 18 24672
15 6 46489
13 18 11163
0 9 13828
3 4 80
4 7 895874
5 6 26174
16 2 107
6 21 303336
19 15 41452
17 3 53
7 16 6683
20 8 13676725
18 8 105579
21 13 1309655
9 15 141664
10 12 2321687
8 20 35749140
11 1 264904
9 17 406439
12 10 205372
10 22 31271
13 11 43185
2 16 864
3 13 4658
1 13 3220190
2 10 42951
5 15 8650
3 19 1552
6 12 13756788
4 20 29092053
19 20 55375770
17 4 4799
7 9 4581
18 3 352
21 22 57367
22 5 1877
11 6 406435
12 1 4787
10 17 329869
15 20 263504
13 4 57696
0 7 1029770
2 5 222
5 8 21184
6 7 741222
4 19 14330661
7 6 83532
5 18 89
16 22 52
19 3 834
20 4 77197
18 20 64910867
8 2 12143
9 3 465
11 21 64768
14 2 233
12 22 16813
3 1 4412
16 13 490516
6 16 70112
19 8 139755
17 8 16698
7 21 315922
20 3 79040
18 15 23729
21 2 10126
8 9 123
9 4 6003
10 3 20181
11 10 167893
0 21 549842
12 13 525899
1 16 390955
15 0 615499
13 16 109827
0 11 234398
3 6 525117
4 1 12883
5 4 5754
16 4 52
6 11 106759
19 17 696710
17 1 477958
7 18 7430
20 10 268009
18 6 199134
21 11 153953
22 0 305088
9 13 252054
8 22 7363
11 3 2230
14 12 6982
12 4 9409
10 20 4637727
15 9 129
13 9 9911
0 2 435250
3 15 61041
1 3 96122
4 8 164805
2 8 14596
5 13 4035550
3 21 8888
6 2 579950
4 22 217
19 22 412685
7 11 23633
20 17 126632
18 1 64805
16 17 1420
21 20 4244412
12 3 2747
13 2 17697
1 4 215061
2 3 235
6 5 42945
7 0 3477797
16 8 292
19 5 82576
17 21 4348
22 18 72
20 6 3291393
21 7 150361
8 4 35591
9 1 56264
0 16 92066
14 0 72021
12 16 27371
15 5 4041
13 21 499610
6 22 14750
19 10 65388
22 21 1132
20 13 1449684
18 13 11355050
21 0 965973
8 11 694667
9 10 147479
8 17 17078
11 12 92223
14 11 2813
12 15 28225
1 22 190160
15 2 547018
13 14 682500
2 21 26652
0 13 4367899
1 8 395034
4 3 2720
2 15 1399699
5 2 133
16 6 43956
6 9 694
17 7 34401
7 12 1301238
18 4 41296
21 9 587215
22 6 6410
10 8 16552490
11 5 31486
9 21 233085
14 18 318
12 6 566140
10 18 1894787
13 7 606543
0 4 21547
4 10 30215
2 6 1803269
5 11 27260
6 0 1146632
4 16 64
7 5 1479702
5 21 15543
20 19 95504
16 19 315
21 18 12185
17 18 14131
14 21 2620
13 0 16482055
11 16 1631
2 1 95540
7 2 25841
16 10 9177
19 7 1028922
20 0 14940581
18 16 12500
21 5 32080
8 6 67400
22 10 41565
9 7 174892
10 4 5590421
11 9 1676
0 18 4746
14 6 1571
12 18 2466
1 19 587985
15 7 2019252
13 19 75714
0 8 258822
4 6 40450
5 7 143747
16 1 3185
6 20 2297717
19 12 6524
17 12 6028
7 17 21373
20 15 507127
18 11 115252
21 14 217
8 13 41824
22 13 2918
9 8 11146
10 15 63168
8 19 6942214
11 14 6123
9 18 7775
12 9 916
1 20 7299303
15 12 166415
13 12 272828
2 19 346666
0 15 1816668
3 10 354661
1 14 7836
4 13 11308
2 13 11765
5 0 13862200
3 16 1420
6 15 441850
19 21 19969
17 5 2149
7 14 40
20 22 16335
18 2 5731
22 4 4968
11 7 21253
12 0 1358717
10 16 4235543
15 21 38553
13 5 5892621
0 6 1808673
1 7 467505
2 4 632944
5 9 76412
5 19 4318
16 21 3988
21 16 9451
19 0 7035446
17 16 4998
8 1 102086
15 18 48795
11 18 100
12 21 92032
16 12 14870
6 19 61865
19 9 5386
17 9 60
20 2 533986
18 14 52
21 3 190
22 8 41249
9 5 59072
10 2 309917
0 20 2847462
1 17 481766
15 1 264561
13 17 1330364
0 10 1163528
3 7 19701
1 11 818428
4 0 4407062
19 14 121
17 2 82092
7 19 100340
20 9 300820
18 9 843
21 12 76370
8 15 61269
22 3 94
9 14 6904
10 13 3438703
8 21 17629
11 0 2815364
9 16 26220
14 15 366
12 11 122225
15 14 14838
13 10 466139
2 17 2393
0 1 41047058
3 12 1207
1 12 1360006
4 15 19198
2 11 9234
6 13 1799016
4 21 44905
7 8 44046
20 16 1644484
18 0 8310399
12 2 211605
13 3 40
1 5 119011
6 4 32419
7 1 9019
5 17 4199
19 2 15895
20 5 2514593
18 21 29825
9 2 117867
11 20 812744
14 3 184
13 22 3621
3 0 84727
6 17 11545
19 11 299835
7 20 4180218
22 20 327953
20 12 1100351
18 12 21748
21 1 27810
8 10 127537
9 11 71343
10 0 15277100
8 16 7100
11 13 231638
0 22 32833
14 10 396
12 14 12988
15 3 2727
13 15 22237
2 20 384425
0 12 1009801
3 9 343
1 9 262637
4 2 16736
2 14 7881
5 3 52
16 5 52
6 8 95501
19 16 624
17 0 835654
7 13 447306
20 11 704329
18 7 230412
21 10 122908
22 1 419870
9 12 105515
10 11 305935
11 2 561752
9 22 762
14 13 254596
12 5 50678
10 21 1035314
15 8 273904
13 8 460494
0 3 685
3 14 38
1 2 4116837
4 9 91
5 12 11502
3 20 85218
6 3 4154
7 10 156917
5 22 122
20 18 1770645
16 18 52
21 19 175060
17 19 302361
14 20 1241047
13 1 458205
2 0 3497361
