452
7 3 7152
16 9 55339
19 4 8826402
17 20 174427
22 19 34623
20 7 1552328
18 19 153901
21 6 417462
9 0 964683
10 7 132116
0 17 745863
14 1 392
12 17 17632
15 4 255810
13 20 7274229
3 2 1259352
16 0 196679
19 13 130615
17 13 502591
7 22 19572
20 14 4256
18 10 62794
21 15 48365
8 12 10396
22 12 30787
10 14 1250719
8 18 1606
9 19 27494
12 8 60459
1 21 895979
15 13 27314
2 18 180
0 14 428
3 11 33175
1 15 666265
4 12 9884
2 12 443498
5 1 21804
3 17 1319
16 7 27921
6 14 2120
19 18 12104
17 6 361992
7 15 2751237
20 21 1473841
21 8 50298
22 7 7290
10 9 917826
11 4 143980
9 20 1525418
14 19 56
12 7 1257157
10 19 14741808
15 10 14687
13 6 3803949
0 5 298024
1 0 3403195
4 11 11244
2 7 25839
5 10 27605
3 22 3076
4 17 43369
7 4 200
5 20 497710
16 20 2803785
21 17 88204
19 1 147732
18 22 8779
8 0 3171075
15 19 253707
11 19 86361
12 20 1005519
16 11 4350
6 18 16014
19 6 543096
17 10 41739
20 1 1209445
18 17 73915
21 4 203543
8 7 380803
9 6 3310304
10 5 840
11 8 752871
0 19 985186
14 7 4632
12 19 64264
1 18 136293
15 6 86695
13 18 6333
0 9 3450
3 4 528
4 7 558062
5 6 22223
6 21 360208
19 15 64050
17 3 2634
7 16 6995
20 8 9132229
18 8 62804
21 13 948099
22 2 178548
9 15 196672
10 12 913326
8 20 46119499
11 1 323350
9 17 117960
12 10 41738
10 22 15190
13 11 383836
2 16 288
3 13 26028
1 13 6076460
2 10 215769
5 15 3084
3 19 16612
6 12 21727112
4 20 37692897
19 20 63270524
17 4 102553
7 9 1716
18 3 132
21 22 23918
11 6 519862
12 1 14526
10 17 166440
15 20 277140
13 4 69408
0 7 1172002
5 8 10244
6 7 1432916
4 19 21072432
7 6 239727
16 22 52
19 3 4200
20 4 5597
18 20 71703673
8 2 3412
9 3 482
11 21 87289
12 22 20050
3 1 9889
16 13 486748
6 16 1529315
19 8 82209
17 8 1099777
7 21 368323
20 3 6102
18 15 42339
21 2 35241
8 9 207
9 4 15610
10 3 204186
11 10 338310
0 21 240890
12 13 791560
1 16 74133
15 0 640206
13 16 371233
0 11 506311
3 6 97620
4 1 55185
5 4 140
16 4 509
6 11 463234
19 17 214880
17 1 51287
7 18 35697
20 10 772836
18 6 265252
21 11 144005
22 0 121160
9 13 423742
8 22 1196089
11 3 11348
14 12 606
12 4 38664
10 20 5005097
15 9 2392
13 9 52247
0 2 1447912
3 15 87443
1 3 27640
4 8 160529
2 8 14441
5 13 1691322
3 21 25851
6 2 514036
4 22 304121
19 22 216433
7 11 864
20 17 25150
18 1 168861
16 17 695
21 20 5069489
12 3 4472
13 2 69257
1 4 134373
2 3 15516
6 5 112
7 0 4164563
5 16 202
16 8 6884
17 21 115115
22 18 1696
20 6 1522804
21 7 108327
8 4 96616
9 1 31479
0 16 42227
14 0 178245
12 16 71576
13 21 315617
16 15 208
6 22 115492
19 10 32837
22 21 1656
20 13 984047
18 13 15047215
21 0 804964
8 11 150727
9 10 50558
8 17 23591
11 12 590074
14 11 40
12 15 50610
1 22 90689
15 2 409277
13 14 558976
2 21 221549
0 13 5129547
1 8 702700
4 3 1488
2 15 1800802
5 2 53
16 6 52602
6 9 79408
17 7 3031
7 12 5150190
18 4 32708
21 9 91788
22 6 119740
10 8 15422048
11 5 175
9 21 2222815
14 18 1548
12 6 2892921
10 18 1003119
15 11 27080
13 7 1608393
0 4 17672
4 10 20462
2 6 1850652
5 11 5265
6 0 1061924
4 16 454
7 5 57
5 21 24434
20 19 95168
16 19 156
21 18 25761
17 18 35693
14 21 3471
15 16 4500
13 0 9276845
11 16 2529
2 1 30208
7 2 3622
16 10 11625
19 7 1276829
22 16 1846
20 0 11669485
18 16 7349
21 5 168
8 6 110471
22 10 117871
9 7 1000097
10 4 7435002
11 9 172
0 18 9960
14 6 464
12 18 17937
1 19 1160473
15 7 1484065
13 19 341243
0 8 247470
4 6 221409
5 7 68285
16 1 1853
6 20 3989016
19 12 58739
17 12 449
7 17 5389
20 15 217313
18 11 232795
21 14 2965
8 13 57116
22 13 15516
9 8 21302
10 15 79319
8 19 8846445
11 14 127
9 18 13830
12 9 49105
1 20 7060223
15 12 236319
13 12 939517
2 19 459173
0 15 1096867
3 10 113439
1 14 7380
4 13 53310
2 13 256130
5 0 6355867
6 15 121977
19 21 27158
17 5 20500
7 14 128
20 22 13338
18 2 3307
22 4 11472
11 7 29423
14 16 83
12 0 2321223
10 16 2079589
15 21 50857
13 5 180761
0 6 2064834
1 7 560485
2 4 15725
5 9 34430
4 18 60
5 19 3973
16 21 13476
21 16 10445
19 0 3280001
17 16 17098
8 1 52528
15 18 30943
11 18 15091
12 21 181659
16 12 5858
6 19 194075
19 9 4204
17 9 80
20 2 30965
18 14 3441
21 3 701
22 8 24746
10 2 250860
0 20 6526633
14 4 1654
1 17 507876
15 1 191513
13 17 363847
2 22 3288
0 10 899087
3 7 6324
1 11 1829574
4 0 2085790
17 2 3113
7 19 174995
20 9 157671
18 9 1393
21 12 289116
8 15 42250
9 14 48
10 13 1554266
8 21 23427
11 0 1454135
9 16 26115
14 15 110
12 11 270119
15 14 100
13 10 662088
2 17 688
0 1 32279275
3 12 1674
1 12 1322917
4 15 112496
2 11 2084
5 14 748
6 13 3481473
4 21 376212
7 8 65483
20 16 787944
18 0 2881113
12 2 135177
13 3 157
1 5 981
6 4 169966
7 1 1039655
5 17 5792
19 2 16003
20 5 31134
18 21 182628
9 2 526042
11 20 1080521
13 22 12457
3 0 64363
6 17 177791
19 11 1007768
7 20 11630683
22 20 78508
20 12 1836852
18 12 56982
21 1 41586
8 10 49577
9 11 27449
10 0 12537534
8 16 40
11 13 220754
0 22 93293
12 14 8370
15 3 73686
13 15 33686
2 20 99699
0 12 682836
1 9 24369
4 2 6992
2 14 48
6 8 114250
19 16 3508
17 0 665807
7 13 6014033
20 11 476031
18 7 315898
21 10 220383
22 1 22456
9 12 42653
10 11 645725
11 2 5555
9 22 696
14 13 251957
12 5 632
10 21 714109
15 8 95918
13 8 472250
0 3 1713
1 2 1177374
4 9 1647
5 12 1584
3 20 152030
6 3 3202
7 10 40068
5 22 156
20 18 1190147
16 18 52
21 19 859622
17 19 127733
14 20 1205683
13 1 1557593
2 0 2866573
