461
7 3 2809
16 9 59516
19 4 11854626
17 20 185126
22 19 171278
20 7 181954
18 19 756650
21 6 532321
8 5 19271
9 0 1094709
10 7 37257
0 17 1057630
14 1 436
12 17 21709
15 4 12931122
13 20 2612751
4 5 7063
16 0 243259
19 13 122267
17 13 223391
7 22 9937
20 14 23011
18 10 312178
21 15 28135
8 12 4260
22 12 8035
10 14 2897602
8 18 1592
9 19 47390
14 8 48
12 8 96581
1 21 1144452
15 13 93635
2 18 8780
0 14 4441
3 11 5600
1 15 682108
4 12 42472
2 12 390035
5 1 14299
3 17 40
16 7 23961
6 14 57816
19 18 8780
17 6 235342
7 15 2602885
20 21 497855
18 5 12124
21 8 100433
22 7 8003
10 9 1369800
11 4 207686
9 20 2477889
14 19 88551
12 7 1803266
10 19 16766434
15 10 54646
13 6 2664921
0 5 7829767
1 0 1140004
4 11 172769
2 7 6964
5 10 25904
6 1 204074
4 17 37750
7 4 5227
5 20 4701548
16 20 2984247
21 17 19335
19 1 1232751
18 22 3679
8 0 1347556
15 19 17186384
11 19 371348
12 20 1129126
16 11 1859
6 18 17815
19 6 82561
17 10 4377
20 1 574974
18 17 4770
21 4 44751
8 7 542152
9 6 2779608
10 5 139103
11 8 217054
0 19 1573386
14 7 1632
12 19 130759
1 18 3290
15 6 135604
13 18 4735
0 9 5954
4 7 583023
5 6 27736
16 2 108
6 21 2001864
19 15 13426558
7 16 9793
20 8 12507176
18 8 28292
21 13 1261686
22 2 658
9 15 232929
10 12 918498
8 20 41607221
11 1 419407
9 17 11407
12 10 72375
10 22 8422
13 11 300790
2 16 84
3 13 302
1 13 1087613
2 10 230552
5 15 3608
3 19 1714
6 12 3996103
4 20 34492910
19 20 55931773
17 4 12247
7 9 130590
18 3 456
21 22 5440
22 5 13824
11 6 592717
12 1 255204
10 17 98156
15 20 779950
13 4 53561
0 7 1274923
2 5 80
5 8 20234
6 7 2688953
4 19 16041285
7 6 545777
19 3 7337
20 4 56734
18 20 11697545
8 2 17294
9 3 561
11 21 118041
14 2 702
12 22 26747
3 1 9468
16 13 157584
6 16 2090566
19 8 404822
17 8 471451
7 21 247198
20 3 82731
18 15 984082
21 2 44174
9 4 806
10 3 409374
11 10 87038
0 21 195177
12 13 548947
1 16 13251
15 0 2122379
13 16 14034
0 11 449744
3 6 61681
4 1 68381
5 4 1868
16 4 80
6 11 1019690
19 17 268999
17 1 1027474
7 18 5035
20 10 430214
18 6 28943
21 11 124131
22 0 139992
9 13 154523
8 22 70475
11 3 328
14 12 228
12 4 38698
10 20 4104261
15 9 251815
13 9 30780
0 2 564412
3 15 2943
1 3 5558
4 8 121730
2 8 2020
5 13 2690384
3 21 35640
6 2 830792
4 22 15227
19 22 238367
7 11 338889
20 17 142344
18 1 8285
21 20 4295489
12 3 1651
13 2 33701
1 4 369363
2 3 52
6 5 278083
7 0 4931850
5 16 2068
16 8 4177
19 5 47664
17 21 41137
22 18 72
20 6 1736924
21 7 117048
8 4 50110
9 1 725219
0 16 11761
14 0 261792
12 16 5635
15 5 700
13 21 155959
16 15 234891
6 22 83237
19 10 387260
22 21 9664
20 13 1309304
18 13 1189028
21 0 896384
8 11 527518
22 15 1590
9 10 167262
8 17 290435
11 12 116758
14 11 53
12 15 99615
1 22 21211
15 2 458353
13 14 1030776
2 21 17781
0 13 3791116
1 8 2339013
4 3 146
2 15 1835394
5 2 2193
16 6 106909
6 9 81351
17 7 48259
7 12 346343
18 4 23597
21 9 82849
22 6 67605
10 8 16635929
11 5 30392
9 21 94569
12 6 3171008
10 18 188874
15 11 1552
13 7 552281
0 4 152252
4 10 51582
2 6 1948561
5 11 34021
6 0 3789156
4 16 192
7 5 1363173
5 21 34278
20 19 571002
16 19 70156
21 18 3032
17 18 1420
14 21 2906
15 16 1460
13 0 8208054
11 16 31064
2 1 480702
7 2 1708
16 10 17691
19 7 720613
17 11 40
20 0 6923256
18 16 725
21 5 78768
8 6 74928
22 10 21783
9 7 2834280
10 4 9174832
11 9 25930
0 18 8521
14 6 4476
12 18 3010
1 19 1898995
15 7 2786576
13 19 46026
0 8 307164
3 5 76
4 6 319135
5 7 43377
16 1 3325
6 20 9110496
19 12 200534
17 12 52245
7 17 22527
20 15 319120
18 11 12606
21 14 7520
8 13 190748
22 13 630
9 8 45179
10 15 47817
8 19 9342050
11 14 10999
9 18 8680
12 9 43317
1 20 1662696
15 12 224446
13 12 324139
2 19 295781
0 15 931964
3 10 130002
1 14 192
4 13 15725
2 13 446465
5 0 11608845
6 15 517018
19 21 31617
17 5 9599
7 14 1715
20 22 9061
18 2 9532
22 4 33885
11 7 38766
12 0 794536
10 16 2229201
15 21 154893
13 5 4129053
0 6 2088421
1 7 103735
2 4 19702
5 9 26317
4 18 36
5 19 719624
16 21 4080
21 16 47486
19 0 2513699
8 1 82083
15 18 332342
11 18 2983
12 21 400577
16 12 1851
6 19 763433
19 9 10020
20 2 28801
18 14 42
21 3 18058
22 8 10058
9 5 583385
10 2 211554
0 20 9260684
14 4 138
1 17 1375339
15 1 113251
13 17 642329
2 22 177
0 10 830004
3 7 8149
1 11 611563
4 0 1435670
19 14 8512
17 2 19953
7 19 206764
20 9 113752
21 12 129112
8 15 11644731
9 14 79
10 13 3194155
8 21 560717
11 0 1452208
9 16 10111
14 15 185
12 11 334301
15 14 196
13 10 631420
2 17 2252
0 1 38526005
3 12 16609
1 12 491971
4 15 7971430
2 11 498985
5 14 1440
6 13 10376184
4 21 19133
7 8 23075
20 16 1402536
18 0 477973
12 2 47867
13 3 99
1 5 96838
6 4 164472
7 1 200468
5 17 12731
19 2 32617
20 5 55055
18 21 17765
9 2 275381
11 20 979006
13 22 335
3 0 699108
6 17 1721644
19 11 832845
7 20 2936988
22 20 198415
20 12 521124
18 12 5673
21 1 97835
8 10 18987
9 11 124569
10 0 4021309
8 16 247
11 13 155326
0 22 99064
14 10 485
12 14 1815
15 3 913
13 15 68472
2 20 718432
0 12 1422198
3 9 60
1 9 193
4 2 41642
2 14 5656
5 3 1004
16 5 151
6 8 392008
19 16 402
17 0 982804
7 13 231596
20 11 358117
18 7 77443
21 10 170871
22 1 76723
9 12 306806
10 11 332153
11 2 24189
9 22 1033
14 13 363417
12 5 61783
10 21 590334
15 8 15356313
13 8 49243
0 3 876
3 14 38
1 2 280842
4 9 399
2 9 60
5 12 34007
3 20 3372956
6 3 92162
7 10 104225
5 22 2676
20 18 385296
16 18 52
21 19 966880
17 19 936115
14 20 2110404
13 1 1342173
2 0 2779174
