456
7 3 4411
16 9 8344
19 4 8882680
17 20 260217
22 19 29994
20 7 567610
18 19 2987485
21 6 245934
8 5 6880
9 0 766965
10 7 127338
0 17 272948
14 1 12107
12 17 5950
15 4 7217340
13 20 1855535
3 2 1458
16 0 228284
19 13 104307
17 13 358166
7 22 113046
20 14 23247
18 10 292384
21 15 32019
8 12 9216
22 12 20802
10 14 1557784
8 18 52
9 19 81978
14 8 40
12 8 88412
1 21 27498
15 13 23240
2 18 944
0 14 4129
3 11 51880
1 15 49057
4 12 15173
2 12 400005
5 1 7776
16 7 17050
6 14 4880
19 18 3072
17 6 89046
7 15 2975288
20 21 605783
18 5 34421
21 8 44130
22 7 43435
10 9 1321376
11 4 96063
9 20 1565094
14 19 82150
12 7 901812
10 19 14800659
15 10 244652
13 6 1397005
0 5 5032907
1 0 950567
4 11 43859
2 7 4546
5 10 13184
6 1 85918
4 17 14886
7 4 3868
5 20 3337560
16 20 3383304
21 17 29475
19 1 221467
18 22 1015
8 0 1293109
15 19 15712543
11 19 183241
12 20 474955
16 11 10584
6 18 59186
19 6 148612
17 10 15803
20 1 803954
18 17 1065
21 4 6823
8 7 205639
9 6 3175779
10 5 376241
11 8 158982
0 19 1081493
14 7 8450
12 19 51969
1 18 22178
15 6 86727
13 18 21999
0 9 938149
4 7 562327
5 6 38772
16 2 275
6 21 667009
19 15 10802486
7 16 10209
20 8 9433771
18 8 61498
21 13 710445
9 15 139598
10 12 663523
8 20 34701289
11 1 271341
9 17 7905
12 10 12491
10 22 38743
13 11 180772
2 16 1660
3 13 5024
1 13 323089
2 10 4963
5 15 2528
3 19 10596
6 12 3266455
4 20 24898941
19 20 42708612
17 4 7983
7 9 9801
18 3 34084
21 22 2163
22 5 35919
11 6 573226
12 1 63327
10 17 221877
15 20 837094
13 4 39521
0 7 1244620
2 5 40
5 8 73261
6 7 2964343
4 19 14521650
7 6 709382
16 22 104
19 3 853
20 4 19318
18 20 57960455
8 2 6438
9 3 882
11 21 64220
14 2 336
12 22 14115
3 1 47504
16 13 157311
6 16 1813507
19 8 139124
17 8 14103
7 21 2531540
20 3 798
18 15 5224931
21 2 22745
8 9 652
9 4 30089
10 3 88721
11 10 65569
0 21 99953
12 13 293459
1 16 8296
15 0 8106208
13 16 9939
0 11 941495
3 6 156481
4 1 55355
5 4 80
16 4 40
6 11 663510
19 17 193551
17 1 70403
7 18 9418
20 10 49805
18 6 127207
21 11 79330
22 0 38404
9 13 137892
8 22 4073
11 3 888
14 12 1644
12 4 26703
10 20 4108762
15 9 460509
13 9 837202
0 2 305842
3 15 87715
1 3 1268
4 8 1117508
2 8 23695
5 13 2441227
3 21 9193
6 2 830028
4 22 10857
19 22 8703
7 11 11300
20 17 74903
18 1 99709
21 20 2925675
12 3 987
13 2 102105
1 4 22790
6 5 191970
7 0 3693591
16 8 40
19 5 395
17 21 133220
22 18 72
20 6 1503372
21 7 135762
8 4 36196
9 1 26502
0 16 191014
14 0 21845
12 16 112552
15 5 18766
13 21 98844
16 15 193932
6 22 183209
19 10 211731
17 14 128
22 21 336
20 13 773118
18 13 4199598
21 0 671541
8 11 54930
9 10 46620
8 17 17459
11 12 114860
14 11 2990
12 15 59992
1 22 88237
15 2 526513
13 14 1036071
2 21 26869
0 13 2594831
3 8 1500
1 8 602144
2 15 1741834
5 2 53
16 6 84007
6 9 91471
17 7 3750
7 12 407052
18 4 118634
21 9 696257
22 6 16021
10 8 13199865
11 5 21528
9 21 1131921
14 18 56
12 6 293029
10 18 845004
15 11 1500
13 7 309980
0 4 22126
4 10 6066
2 6 1998490
5 11 3794
6 0 3091576
4 16 125
7 5 1443114
5 21 7565
20 19 133863
16 19 158718
21 18 13721
17 18 1420
14 21 2644
15 16 1623
13 0 7218660
11 16 20254
2 1 71439
7 2 9828
16 10 11216
19 7 1071782
20 0 6399115
18 16 7910
21 5 40028
8 6 73781
22 10 109947
9 7 1226228
10 4 7658772
11 9 6405
0 18 26460
14 6 9917
12 18 32659
1 19 150172
15 7 1818050
13 19 61423
0 8 97941
3 5 3160
4 6 111667
5 7 129931
16 1 3378
6 20 5212100
19 12 76656
17 12 9524
7 17 38121
20 15 515668
18 11 231312
21 14 1516
8 13 63790
22 13 5878
9 8 37387
10 15 55043
8 19 7515555
11 14 202
9 18 20178
12 9 59048
1 20 1290063
15 12 10661
13 12 429940
2 19 38428
0 15 1095000
3 10 7669
1 14 10876
4 13 26383
2 13 16599
5 0 11916512
6 15 429041
19 21 19803
17 5 9141
7 14 76
20 22 6498
18 2 43824
22 4 14064
11 7 155349
12 0 1057403
10 16 2209689
15 21 742954
13 5 2784322
0 6 1585030
1 7 75619
2 4 4500
5 9 39589
5 19 723021
16 21 20899
21 16 5854
19 0 2549157
8 1 63585
15 18 1339653
11 18 30018
12 21 258509
16 12 7377
6 19 355656
19 9 22678
17 9 1064
20 2 25323
18 14 92
21 3 13344
22 8 1827
9 5 8720
10 2 67305
0 20 8050423
14 4 2275
1 17 146036
15 1 279642
13 17 27805
0 10 148872
3 7 7796
1 11 170268
4 0 1734262
19 14 60
17 2 527
7 19 137338
20 9 193642
18 9 1307
21 12 94727
8 15 10159697
22 3 52
9 14 40
10 13 1047489
8 21 12142
11 0 2062537
9 16 6883
12 11 176561
13 10 83703
2 17 7366
0 1 40119068
3 12 7766
1 12 30121
4 15 6277249
2 11 4676
6 13 4800833
4 21 4451
7 8 28947
20 16 1220077
18 0 2498598
14 22 38
12 2 29426
13 3 52
1 5 170672
6 4 218055
7 1 240334
5 17 18359
19 2 6329
20 5 4176
18 21 57003
8 3 40
9 2 71588
11 20 409048
13 22 4828
3 0 115905
6 17 489413
19 11 231656
7 20 3815305
22 20 94223
20 12 130602
18 12 29787
21 1 29981
8 10 16704
9 11 73521
10 0 9713320
8 16 72
11 13 100049
0 22 38107
14 10 48
12 14 2996
15 3 6021
13 15 183695
2 20 46132
0 12 365379
3 9 34359
1 9 768
4 2 228
2 14 13147
5 3 537
16 5 52
6 8 223409
19 16 3126
17 0 231847
7 13 246550
20 11 160195
18 7 437373
21 10 28080
22 1 40824
9 12 73168
10 11 457721
11 2 7382
9 22 42719
14 13 413503
12 5 19968
10 21 1086397
15 8 10643802
13 8 73286
0 3 13479
1 2 449487
2 9 7483
5 12 43226
3 20 2062565
6 3 28251
7 10 52990
5 22 716
20 18 858193
21 19 153971
17 19 973591
14 20 2063108
13 1 713826
2 0 2054686
