472
7 3 7618
16 9 24320
19 4 6976544
17 20 1899754
22 19 13211
20 7 123837
18 19 3119841
21 6 372331
8 5 23567
9 0 911253
10 7 24323
0 17 68056
12 17 4309
15 4 4840579
13 20 1541865
3 2 112
4 5 138
16 0 178962
19 13 201397
17 13 606691
7 22 19435
20 14 2352
18 10 392857
21 15 33830
8 12 2023
22 12 10025
9 9 251
10 14 974560
8 18 47
9 19 22426
14 8 4984
12 8 64141
1 21 119603
15 13 20753
13 13 51682
2 18 500
0 14 4392
1 15 24272
4 12 1822
2 12 406247
5 1 11099
16 7 18926
6 14 1492
19 18 3797
17 6 304233
7 15 1815872
20 21 206004
18 5 18488
21 8 38359
22 7 6717
10 9 818900
11 4 22939
9 20 1061993
14 19 15576
12 7 719769
10 19 11023609
15 10 16856
13 6 2325647
0 5 4548970
1 0 1145717
4 11 85570
2 7 12251
5 10 12635
3 22 56
6 1 115374
4 17 16697
7 4 4867
5 20 3133587
16 20 2305997
21 17 4795
19 1 122460
17 17 7418
18 22 8949
8 0 801344
15 19 9709087
11 19 68235
12 20 192605
16 11 178
6 18 222416
19 6 119425
17 10 19784
20 1 163231
18 17 7543
21 4 96362
8 7 242219
9 6 2631609
10 5 155997
11 8 141501
0 19 1132380
14 7 5739
12 19 35276
1 18 6272
15 6 76207
13 18 13029
0 9 3028
4 7 436543
5 6 40509
16 2 2944
6 21 760090
19 15 11397899
17 3 117
7 16 13804
20 8 7298979
18 8 48610
21 13 791881
8 14 174
22 2 1500
9 15 129441
10 12 288984
8 20 29398023
11 1 245916
9 17 3276
12 10 7379
10 22 22458
15 15 830
13 11 109712
2 16 976
0 0 19339024
3 13 110
1 13 311978
4 14 48
2 10 21279
5 15 1442
3 19 29880
6 12 2157559
4 20 22713582
19 20 39288255
17 4 24027
7 9 15471
18 3 11464
21 22 724
22 5 480
11 6 430745
12 1 55188
10 17 119302
15 20 596524
13 4 3434
0 7 1207775
2 5 176
5 8 26309
6 7 2383401
4 19 14839934
7 6 429441
5 18 128
16 22 243
19 3 128
20 4 16656
18 20 66028407
8 2 261
9 3 487540
11 21 67019
14 2 5460
12 22 2674
3 1 210191
16 13 295269
6 16 397764
19 8 30350
17 8 16791
7 21 345172
20 3 5827
18 15 6202849
21 2 15306
8 9 3273
9 4 3403
10 3 15039
11 10 106351
0 21 151959
14 5 189
12 13 133694
1 16 6836
15 0 6790569
13 16 15964
0 11 254081
3 6 94369
4 1 9075
5 4 89
6 11 519610
19 17 426274
17 1 116777
7 18 5873
20 10 81496
18 6 201164
21 11 42135
22 0 126656
9 13 207273
8 22 1455
11 3 240
14 12 328
12 4 33023
10 20 2987307
15 9 158443
13 9 3339
0 2 263733
3 15 2206
1 3 14143
4 8 115407
2 8 12132
5 13 2591213
3 21 4312
6 2 570559
4 22 34064
19 22 8626
7 11 28760
20 17 68546
18 1 201343
16 17 311
21 20 3582831
12 3 8038
13 2 15464
1 4 17867
2 3 52
6 5 160683
7 0 3393365
5 16 1904
16 8 13036
19 5 2848
17 21 4489
22 18 1388
20 6 1575617
18 18 75012
21 7 106215
8 4 192675
9 1 131701
0 16 15444
14 0 23983
12 16 4384
15 5 11728
13 21 251627
16 15 327047
6 22 96066
19 10 48226
17 14 134
22 21 3885
20 13 262065
18 13 5313786
21 0 409266
8 11 93265
22 15 1500
9 10 39382
8 17 2520
11 12 33918
14 11 172
12 15 37753
1 22 20836
15 2 554925
13 14 631781
2 21 338197
0 13 1924557
3 8 7500
1 8 47072
2 15 1304618
5 2 366
16 6 36715
6 9 8668
19 19 32908290
17 7 5173
7 12 180311
20 20 878090
18 4 142770
21 9 31255
22 6 6714
10 8 10721717
11 5 43919
9 21 60812
12 6 186029
10 18 872255
13 7 286242
0 4 49217
4 10 29506
2 6 1968293
5 11 19936
6 0 2780400
7 5 1305992
5 21 5164
20 19 222800
16 19 33484
21 18 7946
17 18 3000
14 21 2238
15 16 7590
13 0 6147726
11 16 7943
2 1 37296
7 2 2524
16 10 14283
19 7 383716
22 16 7352
20 0 6421995
18 16 3273
21 5 29274
8 6 71515
22 10 11201
9 7 484718
10 4 4426351
11 9 2308
0 18 2874
14 6 101
12 18 6310
1 19 749638
15 7 2434971
13 19 30744
0 8 181195
3 5 89
4 6 80916
5 7 128081
16 1 5994
6 20 6188087
19 12 52648
17 12 268
7 17 16545
20 15 323298
18 11 93054
21 14 1266
8 13 31063
22 13 1401
9 8 244612
10 15 178102
8 19 6641171
11 14 5636
9 18 18386
12 9 28672
1 20 2085326
15 12 2644
13 12 185888
2 19 1143
0 15 653984
1 14 308
4 13 6810
2 13 101492
5 0 11844456
3 16 72
6 15 590786
19 21 113561
17 5 5693
7 14 38
20 22 4820
18 2 41339
22 4 1046
11 7 32103
12 0 881484
10 16 1895878
15 21 117400
13 5 3467284
0 6 2288604
1 7 29898
2 4 496
5 9 10411
6 6 3463
4 18 1500
7 7 592289
5 19 677735
16 21 4013
21 16 8936
19 0 2071907
17 16 3025
8 1 26336
15 18 840624
11 18 7989
12 21 125062
16 12 3545
6 19 549625
19 9 866
20 2 13310
21 3 112
22 8 18915
9 5 56459
10 2 521758
0 20 4755358
12 12 64352
1 17 83885
15 1 244978
13 17 19835
0 10 324730
3 7 20102
1 11 823873
4 0 1241786
19 14 11158
17 2 121
7 19 118468
20 9 131340
18 9 13553
21 12 90746
8 15 10243631
22 3 38
9 14 167
10 13 1671029
8 21 7475
11 0 1151854
9 16 26715
12 11 129488
13 10 867037
2 17 3126
0 1 36229874
3 12 407284
1 12 46367
4 15 6110396
2 11 10941
3 18 56
6 13 7175070
4 21 17289
7 8 6564
20 16 558477
18 0 2621671
21 21 38724
12 2 4718
1 5 55208
6 4 515769
7 1 70940
5 17 6112
19 2 1791
20 5 21403
18 21 60948
8 3 348
9 2 95432
11 20 327047
13 22 207
3 0 149103
6 17 2038296
19 11 95479
7 20 3128280
22 20 48478
20 12 1889498
18 12 25979
21 1 25808
8 10 5614
22 14 38
9 11 25390
10 0 8986167
8 16 80
11 13 60706
0 22 71486
14 10 96
12 14 13340
15 3 570
13 15 21511
2 20 187168
0 12 113162
1 9 351
4 2 423
2 14 180
5 3 531
6 8 153418
19 16 10191
17 0 299778
7 13 1311333
20 11 177441
18 7 543865
21 10 399735
22 1 288051
9 12 87882
10 11 429753
11 2 5619
9 22 688
14 13 204132
12 5 98566
10 21 522807
15 8 7538201
13 8 43078
0 3 5466
1 2 516502
5 12 17817
3 20 1952922
6 3 36307
7 10 29735
5 22 124
20 18 852597
16 18 108
21 19 130422
17 19 33295
14 20 1104548
13 1 255646
2 0 3260533
