465
7 3 4120
16 9 7076
19 4 9149666
17 20 116987
22 19 122600
20 7 125013
18 19 2626611
21 6 107269
8 5 2520
9 0 4048821
10 7 189326
0 17 737416
14 1 132
12 17 5770
15 4 25244246
13 20 924743
3 2 1513
4 5 78190
16 0 200068
19 13 50693
17 13 264463
7 22 9812
20 14 242
18 10 56927
21 15 23361
8 12 3599
22 12 22021
10 14 2364526
8 18 864
9 19 28271
14 8 1080
12 8 78938
1 21 14671
15 13 29452
2 18 1004
0 14 1399
1 15 7204
4 12 19015
2 12 478715
5 1 14107
3 17 1056570
16 7 24831
6 14 5921
19 18 340
17 6 1161061
7 15 2662675
20 21 162105
18 5 24259
21 8 35950
22 7 13474
10 9 771475
11 4 149297
9 20 3820717
14 19 50633
12 7 91241
10 19 10736274
15 10 11800
13 6 1961083
0 5 4391722
1 0 1339111
4 11 28592
2 7 13778
5 10 6936
3 22 1420
6 1 261298
4 17 53243
7 4 5268
5 20 3356982
16 20 3033663
21 17 10249
19 1 360793
18 22 785
8 0 1273041
15 19 9842338
11 19 127035
12 20 466806
16 11 7279
6 18 20685
19 6 188764
17 10 2510
20 1 1551147
18 17 132641
21 4 108120
8 7 235166
9 6 4277228
10 5 118274
11 8 173211
0 19 2387589
14 7 851
12 19 64921
1 18 16047
15 6 51623
13 18 7497
0 9 52463
3 4 48
4 7 196264
5 6 30156
16 2 1844
6 21 557447
19 15 13868968
17 3 9534
7 16 9326
20 8 8283801
18 8 108084
21 13 557310
8 14 69560
22 2 899
9 15 222261
10 12 513071
8 20 31064921
11 1 466170
9 17 6354
12 10 35707
10 22 1276
13 11 44630
2 16 607
3 13 3132
1 13 667372
2 10 2345
5 15 3556
3 19 1645
6 12 5928660
4 20 20303519
19 20 38422437
17 4 12125
7 9 884
18 3 2840
21 22 749
22 5 296
11 6 497888
12 1 169461
10 17 55246
15 20 769909
13 4 43105
0 7 1043097
2 5 1522
5 8 14725
6 7 1847789
4 19 19006614
7 6 400357
5 18 169
16 22 52
19 3 222
20 4 33537
18 20 62158599
8 2 132
9 3 294687
11 21 32621
14 2 62
12 22 6392
3 1 11121
16 13 185604
6 16 1827817
19 8 79665
17 8 201808
7 21 301445
20 3 532
18 15 5434784
21 2 20295
8 9 53
9 4 948
10 3 98271
11 10 180812
0 21 757341
14 5 188
12 13 1367725
1 16 7252
15 0 7701632
13 16 5346
0 11 687578
3 6 136497
4 1 25702
5 4 1780
16 4 122
6 11 686955
19 17 255658
17 1 106930
7 18 7830
20 10 122057
18 6 177015
21 11 23282
22 0 102540
9 13 147571
8 22 12090
11 3 559
12 4 1566
10 20 4040434
15 9 344703
13 9 2142
0 2 962399
3 15 31514
1 3 892
4 8 41542
2 8 3032
5 13 2384380
3 21 3665
6 2 574963
4 22 272
19 22 103748
7 11 11026
20 17 33476
18 1 230916
16 17 139
21 20 3020438
12 3 1622
13 2 14707
1 4 7354
2 3 52
6 5 121528
7 0 3573784
5 16 1616
16 8 48
19 5 22205
17 21 17788
22 18 72
20 6 1134773
21 7 300551
8 4 6395
9 1 122593
0 16 60274
14 0 31234
12 16 6323
15 5 388
13 21 216752
16 15 206986
6 22 107440
19 10 34194
17 14 147
22 21 2712
20 13 349272
18 13 5543954
21 0 795627
8 11 951361
9 10 57867
8 17 12666
11 12 64622
12 15 49577
1 22 70401
15 2 291102
13 14 626244
2 21 14756
0 13 2708019
3 8 21596
1 8 66753
2 15 1883360
5 2 404
16 6 63687
6 9 45450
17 7 7017
7 12 42109
18 4 35748
21 9 65891
22 6 38350
10 8 11275078
11 5 27500
9 21 50129
12 6 2727891
10 18 769899
13 7 379414
0 4 127587
4 10 16077
2 6 1999707
5 11 20020
6 0 3411002
7 5 1495905
5 21 10185
20 19 177486
16 19 74909
21 18 7913
17 18 276
14 21 51
15 16 11040
13 0 6935612
11 16 2140
2 1 21780
7 2 7538
16 10 4738
19 7 301834
22 16 5158
20 0 8363871
18 16 3511
21 5 241170
8 6 129008
22 10 3414
9 7 259869
10 4 7814656
11 9 4928
0 18 5310
14 6 59
12 18 9270
1 19 690754
15 7 1566331
13 19 276308
0 8 153062
3 5 38
4 6 13389
5 7 100614
16 1 1483
6 20 5767657
19 12 32825
17 12 38810
7 17 19607
20 15 395747
18 11 170037
21 14 1887
8 13 27105
22 13 9539
9 8 40546
10 15 38485
8 19 6874970
11 14 425
9 18 14263
12 9 4713
1 20 601716
15 12 3581
13 12 505918
2 19 16032
0 15 787308
3 10 1803
1 14 421
4 13 28603
2 13 7384
5 0 9913040
3 16 52
6 15 753223
19 21 51892
17 5 300
7 14 112
20 22 1439
18 2 46462
22 4 1611
11 7 276563
12 0 831708
10 16 2359716
15 21 212669
13 5 2218058
0 6 1473053
1 7 50223
2 4 1627
5 9 8575
4 18 3060
5 19 463920
16 21 9678
21 16 23151
19 0 2881535
17 16 168
8 1 27708
15 18 1554410
11 18 9011
12 21 66487
16 12 5409
6 19 455705
19 9 92
20 2 36072
18 14 96
21 3 156
22 8 14820
9 5 76136
10 2 456595
0 20 7491089
14 4 40
1 17 118282
15 1 208113
13 17 305120
2 22 100
0 10 266725
3 7 6710
1 11 277127
4 0 1282238
17 2 2024
7 19 119135
20 9 121561
18 9 2900
21 12 298168
8 15 9553253
9 14 717
10 13 3205141
8 21 37608
11 0 1614227
9 16 9373
14 15 59
12 11 161421
15 14 96
13 10 989536
2 17 2023
0 1 1739154
3 12 81379
1 12 448974
4 15 6681936
2 11 11964
5 14 1440
3 18 1420
6 13 9034952
4 21 94457
7 8 28863
20 16 1078584
18 0 2363252
12 2 21126
1 5 97487
6 4 164244
7 1 88825
5 17 3084
19 2 4367
20 5 20832
18 21 39911
8 3 91824
9 2 561424
11 20 424784
14 3 38
13 22 12633
3 0 315039
6 17 719919
19 11 73701
7 20 1832462
22 20 34410
20 12 955894
18 12 39554
21 1 34247
8 10 16053
9 11 3495
10 0 8528205
8 16 605
11 13 102322
0 22 52532
14 10 48
12 14 3032
15 3 7030
13 15 6121
2 20 130994
0 12 629096
1 9 1357
4 2 85621
5 3 208
6 8 230991
19 16 48
17 0 469022
7 13 91176
20 11 108933
18 7 372323
21 10 52654
22 1 5915
9 12 37135
10 11 277603
11 2 3029
9 22 349
14 13 246716
12 5 4414
10 21 405372
15 8 9630405
13 8 275845
0 3 843
3 14 38
1 2 115957
5 12 3224
3 20 2299321
6 3 61207
7 10 13332
5 22 4746
20 18 806410
16 18 1500
21 19 1323542
17 19 510227
14 20 1538889
13 1 1477255
2 0 3177706
