485
7 3 378196
16 9 35337
19 4 28290875
17 20 2768702
22 19 680433
20 7 1474494
18 19 8289922
21 6 1208373
8 5 131907
9 0 2902870
10 7 1568111
0 17 4660211
14 1 12609
12 17 490470
15 4 146590045
13 20 7286333
3 2 305445
4 5 133152
16 0 823642
19 13 759536
17 13 514512
7 22 5498430
20 14 43111
18 10 577985
21 15 181639
8 12 25603
22 12 35954
10 14 6518345
8 18 12309
9 19 231333
14 8 52
12 8 157404
1 21 4282342
15 13 1264759
2 18 3618968
0 14 1539
3 11 13352
1 15 2239362
4 12 87617
2 12 380689847
5 1 77378
3 17 5452
16 7 87514
6 14 12520
19 18 13409
17 6 1647318
7 15 263790582
20 21 2869558
18 5 253437
21 8 194119
22 7 26175
10 9 3558409
11 4 303126
9 20 7899143
14 19 120889
12 7 7585048
10 19 46352715
15 10 5445821
13 6 3943895
0 5 29400440
1 0 12383272
4 11 104235
2 7 163781936
5 10 83088
3 22 52
4 17 51747
7 4 11599394
5 20 8979855
16 20 7220089
21 17 62263
19 1 880622
18 22 52900
8 0 4289078
15 19 198107860
11 19 598490
12 20 3558835
16 11 8277
6 18 35036
19 6 824734
17 10 111472
20 1 2128598
18 17 101396
21 4 157204
8 7 891956
9 6 9234813
10 5 586107
11 8 560142
0 19 3214384
14 7 56053
12 19 270639
1 18 224833
15 6 3224339
13 18 57892
0 9 508540
4 7 534332
5 6 52840
16 2 5438
6 21 1040351
19 15 20272341
17 3 49744
7 16 852530
20 8 28697462
18 8 257702
21 13 1841890
8 14 1898
22 2 5359
9 15 837871
10 12 5549035
8 20 82920924
11 1 1330334
9 17 433505
12 10 98779
10 22 162295
13 11 350617
2 16 333838
3 13 31849
1 13 24215812
4 14 2977
2 10 2127092
5 15 33701
3 19 23318
6 12 12374047
4 20 65632695
19 20 79601559
17 4 52115
7 9 37585054
18 3 45184
21 22 30077
22 5 14928
11 6 1672750
14 17 12410
12 1 300335
10 17 478591
15 20 21009061
13 4 134526
0 7 2643724
2 5 5148954
5 8 43202
6 7 37240392
4 19 36763596
7 6 61333750
5 18 1427
16 22 6220
19 3 29176
20 4 315717
18 20 133618234
8 2 9261
9 3 41301
11 21 195521
14 2 16475
12 22 82637
3 1 82636
16 13 489566
6 16 2756737
19 8 351687
17 8 479318
7 21 171172189
20 3 61953
18 15 13385063
21 2 373397
8 9 863
22 9 1500
9 4 38916
10 3 386723
11 10 107795
0 21 1979414
14 5 424
12 13 1699409
1 16 462080
15 0 193378686
13 16 61952
0 11 1102677
3 6 565618
4 1 245876
5 4 14133
16 4 461
6 11 581598
19 17 903990
17 1 658105
7 18 184605
20 10 859318
18 6 362113
21 11 205321
22 0 246850
9 13 1057175
8 22 55766
11 3 224487
14 12 66544
12 4 97017
10 20 15779187
15 9 6320562
13 9 1414902
0 2 1753095
3 15 17310
1 3 926412
4 8 502586
2 8 1139159
5 13 7230273
3 21 147494
6 2 1362895
4 22 1562
19 22 2419755
7 11 28627285
20 17 709855
18 1 950556
16 17 1764
21 20 8309903
12 3 101841
13 2 693068
1 4 2808294
2 3 1468648
6 5 279122
7 0 375542022
5 16 9774
16 8 1172
19 5 116174
17 21 84814
22 18 2384
20 6 4849118
21 7 1816376
8 4 450618
9 1 2970633
0 16 109858
14 0 146210
12 16 93761
15 5 39587
13 21 1805912
16 15 804727
6 22 126054
19 10 374959
17 14 1004
22 21 441770
20 13 4533638
18 13 13628037
21 0 2680358
8 11 1117629
9 10 125252
8 17 2519287
11 12 259600
14 11 8291
12 15 202289
1 22 402454
15 2 2473144
13 14 3635193
2 21 11620298
0 13 13812651
3 8 2623
1 8 1439345
2 15 301673100
5 2 7614
16 6 209961
6 9 244279
17 7 156268
7 12 4273297599
18 4 443681
21 9 2924774
22 6 92902
10 8 37976349
11 5 381313
9 21 4314710
14 18 2792
12 6 3484807
10 18 3002168
15 11 52
13 7 1841009
0 4 408427
4 10 35180
2 6 626231949
5 11 82284
6 0 2452725
4 16 7326
7 5 131163037
5 21 392664
20 19 602796
16 19 268929
21 18 105572
17 18 2118
14 21 12312
15 16 2281
13 0 24533050
11 16 13896
2 1 108275340
7 2 48958336
16 10 20832
19 7 2382538
17 11 484
22 16 5350
20 0 37096836
18 16 26166
21 5 621004
8 6 207469
22 10 10414
9 7 7558796
10 4 26293378
11 9 16141
0 18 46143
14 6 6283
12 18 51688
1 19 1710705
15 7 23356914
13 19 206669
0 8 401888
3 5 34813
4 6 373878
5 7 283132
16 1 21018
6 20 25353761
19 12 214092
17 12 1004186
7 17 9301698
20 15 6574607
18 11 313594
21 14 3221
8 13 316983
22 13 94176
9 8 69157
10 15 896281
8 19 18194595
11 14 77729
9 18 35437
14 9 596
12 9 349894
1 20 32882166
15 12 183480
13 12 2188514
2 19 3232818
0 15 1699079
3 10 41648
1 14 55277
4 13 52580
2 13 257615052
5 0 27602133
3 16 1574
6 15 669114
19 21 236494
17 5 116667
7 14 29841
20 22 65556
18 2 440661
22 4 19506
11 7 254421
12 0 2426286
10 16 9958601
15 21 5216005
13 5 16114200
0 6 2848192
1 7 1875854
2 4 401482
5 9 214470
4 18 12896
5 19 1663909
16 21 14858
21 16 20993
19 0 6631093
17 16 852
8 1 1335923
15 18 22835084
11 18 35650
12 21 1556547
16 12 52199
6 19 402809
19 9 7628
17 9 9760
20 2 728557
18 14 12490
21 3 32088
22 8 278912
9 5 159102
10 2 793898
0 20 34177395
14 4 1486
1 17 2351798
15 1 1943486
13 17 146987
2 22 82253
0 10 1132344
3 7 29355
1 11 2645710
4 0 4359734
16 3 8768
19 14 222
17 2 54078
7 19 41270995
20 9 1025784
18 9 48174
21 12 499318
8 15 21555546
22 3 162
9 14 3164
10 13 6047999
8 21 25110
11 0 4488323
9 16 40721
14 15 4046
12 11 347488
15 14 332
13 10 1051942
2 17 750973
0 1 6637757
3 12 482448
1 12 5881775
4 15 17052276
2 11 46394446
3 18 1540
6 13 10942433
4 21 21945
7 8 6887703
20 16 4643854
18 0 6360433
12 2 826505
13 3 4610
1 5 1219338
6 4 495792
7 1 28189114
5 17 40627
19 2 47813
20 5 958857
18 21 313872
8 3 10484
9 2 575556
11 20 5265658
14 3 6076
13 22 25206
3 0 950389
16 14 52
6 17 1769013
19 11 733761
7 20 1053142649
22 20 279361
20 12 4645409
18 12 341667
21 1 306564
8 10 24084
22 14 40
9 11 280613
10 0 38992366
8 16 10385
11 13 577519
0 22 1145711
14 10 20424
12 14 22802
15 3 539901
13 15 381155
2 20 158895939
0 12 1601004
3 9 63396
1 9 983703
4 2 10684
2 14 15155
5 3 4196
16 5 2445
6 8 369212
19 16 9572
17 0 2012260
7 13 154738827
20 11 2883506
18 7 1179737
21 10 226134
22 1 2045875
9 12 999391
10 11 474666
11 2 99942
9 22 12973
14 13 779186
12 5 215948
10 21 4414510
15 8 158304825
13 8 333321
0 3 47647
3 14 3260
1 2 7582809
4 9 375
2 9 939172
5 12 28705
3 20 6082697
6 3 212810
7 10 1688258
5 22 20105
20 18 2811415
16 18 2972
21 19 415247
17 19 736432
14 20 4418625
13 1 2793414
2 0 585301111
