478
7 3 1911
16 9 9677
19 4 12411269
17 20 592968
22 19 1218632
20 7 389745
18 19 4500111
21 6 548942
8 5 66690
9 0 1979571
10 7 478000
0 17 2065587
14 1 3841
12 17 402665
15 4 13283335
13 20 2641464
3 2 4772
4 5 30895
16 0 423390
19 13 274089
17 13 119318
7 22 54539
20 14 23778
18 10 372844
21 15 92935
8 12 48720
22 12 19908
10 14 2227906
8 18 13575
9 19 132798
14 8 131
12 8 96594
1 21 1973846
15 13 94345
2 18 1368
0 14 152
3 11 3044
1 15 926093
4 12 17264
2 12 383298
5 1 29379
3 17 30132
16 7 46300
6 14 391
19 18 84
17 6 383803
7 15 2456935
20 21 1321695
18 5 114622
21 8 59834
22 7 5098
10 9 2630615
11 4 97345
9 20 3281704
14 19 73834
12 7 1531141
10 19 20639286
15 10 36071
13 6 3750603
0 5 13953913
1 0 7629420
4 11 52789
2 7 4838
5 10 73247
3 22 9000
4 17 42613
7 4 15923
5 20 5803007
16 20 3640188
21 17 12425
19 1 474324
18 22 87782
8 0 2490779
15 19 20839989
11 19 1300410
12 20 1514962
16 11 643
6 18 13719
19 6 216993
17 10 43466
20 1 328934
18 17 198461
21 4 62920
8 7 343605
9 6 4566934
10 5 801612
11 8 377918
0 19 2161958
14 7 6908
12 19 54312
1 18 100534
15 6 298784
13 18 54814
0 9 35347
4 7 458061
5 6 79968
16 2 1775
6 21 1833747
19 15 12367294
17 3 1603
7 16 17264
20 8 14225605
18 8 140784
21 13 684852
8 14 237
22 2 867
9 15 306319
10 12 1309987
8 20 41247120
11 1 3343958
9 17 8563
12 10 218985
10 22 38987
13 11 57041
2 16 335
3 13 163972
1 13 7206856
2 10 151581
5 15 92615
3 19 15080
6 12 3908341
4 20 35490875
19 20 48524330
17 4 18855
7 9 20913
18 3 2179
21 22 29685
22 5 21380
11 6 567151
14 17 129
12 1 76298
10 17 303774
15 20 2411378
13 4 47115
0 7 1550199
2 5 9147
5 8 55938
6 7 23161676
4 19 19658392
7 6 1080009
5 18 1586
16 22 169
19 3 1239
20 4 39459
18 20 79790881
8 2 6681
9 3 3479
11 21 257454
14 2 797
12 22 18455
3 1 18519
16 13 198148
6 16 443525
19 8 2720671
17 8 140802
7 21 702314
20 3 35489
18 15 6846309
21 2 48165
8 9 34089
22 9 60
9 4 170156
10 3 632381
11 10 143253
0 21 1136602
14 5 1626
12 13 572623
1 16 234874
15 0 17101143
13 16 53756
0 11 2767890
3 6 126269
4 1 88324
5 4 2457
16 4 120
6 11 880574
19 17 475980
17 1 353951
7 18 11040
20 10 440818
18 6 175106
21 11 67943
22 0 192797
9 13 428983
8 22 63562
11 3 58012
14 12 3204
12 4 7428
10 20 6368445
15 9 496031
13 9 69414
0 2 539870
3 15 4650
1 3 227277
4 8 115616
2 8 11390
5 13 4592909
3 21 355333
6 2 544563
4 22 17874
19 22 564087
7 11 739746
20 17 330053
18 1 383666
16 17 4040
21 20 4430268
12 3 39812
13 2 46940
1 4 468485
2 3 8811
6 5 531732
7 0 5139066
5 16 167
16 8 2799
19 5 30281
17 21 18784
22 18 296
20 6 3266809
21 7 838325
8 4 79880
9 1 335444
0 16 43997
14 0 85227
12 16 76899
15 5 273977
13 21 1027281
16 15 344289
6 22 81935
19 10 311030
17 14 177
22 21 73832
20 13 1605324
18 13 9534227
21 0 1385339
8 11 337891
9 10 446252
8 17 76142
11 12 129717
14 11 432
12 15 572445
1 22 205988
15 2 476006
13 14 1429323
2 21 779716
0 13 5225073
3 8 9063
1 8 1763528
2 15 1393204
5 2 2073
16 6 68819
6 9 61111
17 7 26200
7 12 36234853
18 4 194543
21 9 134085
22 6 47688
10 8 20172358
11 5 168082
9 21 779762
14 18 128
12 6 675766
10 18 1413306
13 7 1760795
0 4 668649
4 10 50218
2 6 1666484
5 11 44890
6 0 1539485
4 16 2520
7 5 1955864
5 21 647678
20 19 921159
16 19 233290
21 18 15180
17 18 4808
14 21 6454
15 16 140
13 0 13440156
11 16 2642
2 1 45644
7 2 17508
16 10 31159
19 7 497796
22 16 4560
20 0 15990032
18 16 3689
21 5 521023
8 6 182377
22 10 172971
9 7 887446
10 4 13297843
11 9 4357
0 18 10055
14 6 11592
12 18 2561
1 19 3562138
15 7 3449357
13 19 91241
0 8 332089
3 5 75361
4 6 186734
5 7 219087
16 1 3265
6 20 3543388
19 12 103356
17 12 163612
7 17 7310
20 15 793491
18 11 143210
21 14 1350
8 13 46950
22 13 75532
9 8 118043
10 15 178837
8 19 11817567
11 14 32206
9 18 15404
12 9 137757
1 20 11749779
15 12 250160
13 12 595088
2 19 6708
0 15 1110951
3 10 17834
1 14 5162
4 13 129650
2 13 280757
5 0 17665279
3 16 229
6 15 531934
19 21 50620
17 5 101729
7 14 4818
20 22 16646
18 2 56103
22 4 19891
11 7 122051
12 0 2190512
10 16 3549806
15 21 415420
13 5 9711575
0 6 2973621
1 7 1077886
2 4 520
5 9 83305
5 19 1349120
16 21 20132
21 16 14036
19 0 3994100
17 16 150064
8 1 122180
15 18 1804730
11 18 5755
12 21 309297
16 12 1880
6 19 386019
19 9 24751
17 9 13607
20 2 221039
18 14 9854
21 3 33874
22 8 64296
9 5 85226
10 2 99720
0 20 12438216
14 4 47
1 17 1680886
15 1 93387
13 17 58238
2 22 341
0 10 686347
3 7 3826
1 11 1438541
4 0 3037306
16 3 155
17 2 12790
7 19 390226
20 9 145700
18 9 6836
21 12 122535
8 15 10228441
22 3 408
9 14 1339
10 13 3968017
8 21 28842
11 0 2649351
9 16 10609
14 15 4013
12 11 294510
15 14 171
13 10 576908
2 17 6269
0 1 3444044
3 12 37843
1 12 1563350
4 15 8710090
2 11 18062
3 18 1420
6 13 5320185
4 21 8374
7 8 121258
20 16 1585647
18 0 3455439
14 22 1420
12 2 48978
1 5 972994
6 4 164017
7 1 487424
5 17 13920
19 2 10466
20 5 422656
18 21 166286
8 3 3401
9 2 382753
11 20 2007505
14 3 38
13 22 35785
3 0 1005563
16 14 71
6 17 278296
19 11 191150
7 20 5362796
22 20 135009
20 12 564933
18 12 29094
21 1 162912
8 10 28552
22 14 40
9 11 66627
10 0 17767493
8 16 179
11 13 105844
0 22 171620
14 10 1290
12 14 4609
15 3 552
13 15 240706
2 20 387139
0 12 159620
3 9 94
1 9 262444
4 2 17738
2 14 79
5 3 5231
16 5 5672
6 8 219830
19 16 4063
17 0 3479890
7 13 17055703
20 11 726590
18 7 381181
21 10 139458
22 1 45922
9 12 453918
10 11 404222
11 2 14253
9 22 17942
14 13 410429
12 5 143397
10 21 1095873
15 8 17748532
13 8 37866
0 3 6994
1 2 1531139
4 9 12785
2 9 104
5 12 28204
3 20 3252411
6 3 37759
7 10 119110
5 22 5632
20 18 1447343
16 18 2956
21 19 82799
17 19 630448
14 20 2395011
13 1 530846
2 0 2083979
