467
7 3 5965
16 9 6683
19 4 10231265
17 20 273621
22 19 303859
20 7 277648
18 19 4153500
21 6 426091
8 5 28107
9 0 3376267
10 7 469289
0 17 347210
14 1 742
12 17 115066
15 4 8604266
13 20 1352252
3 2 116
4 5 8430
16 0 195479
19 13 296258
17 13 354172
7 22 19267
20 14 677
18 10 261200
21 15 24344
8 12 56768
22 12 12636
10 14 1590722
8 18 5558
9 19 331135
14 8 40
12 8 115047
1 21 995947
15 13 29524
2 18 1272
0 14 6409
3 11 31452
1 15 557475
4 12 4052
2 12 298194
5 1 26757
3 17 18000
16 7 32471
6 14 52
19 18 3451
17 6 196966
7 15 2193535
20 21 650718
18 5 195642
21 8 107962
22 7 4222
10 9 1313870
11 4 74604
9 20 4805790
14 19 116574
12 7 1336938
10 19 15303421
15 10 60068
13 6 2096072
0 5 7375220
1 0 5222983
4 11 83154
2 7 61610
5 10 82871
3 22 4540
4 17 4772
7 4 4329
5 20 4779839
16 20 2576149
21 17 22581
19 1 3071337
18 22 42215
8 0 1644921
15 19 14619977
11 19 122349
12 20 970804
16 11 1500
6 18 57763
19 6 213086
17 10 30121
20 1 222691
18 17 24615
21 4 124562
8 7 505315
9 6 3613045
10 5 1108355
11 8 1034947
0 19 2903695
14 7 2249
12 19 131462
1 18 76703
15 6 101849
13 18 61227
0 9 44075
3 4 2676
4 7 301032
5 6 7992
6 21 547288
19 15 14891828
17 3 896
7 16 8848
20 8 13105852
18 8 256149
21 13 907495
8 14 260
22 2 393492
9 15 213925
10 12 1042690
8 20 33718111
11 1 525047
9 17 10016
12 10 207868
10 22 32520
13 11 90363
2 16 124
3 13 6991
1 13 5186060
4 14 4470
2 10 32321
5 15 5864
3 19 152796
6 12 2867900
4 20 32169022
19 20 47664552
17 4 14852
7 9 8790
18 3 7508
21 22 14908
22 5 58548
11 6 578758
12 1 96840
10 17 147368
15 20 1503808
13 4 41339
0 7 970790
2 5 283
5 8 44310
6 7 1660496
4 19 20215250
7 6 464197
5 18 41774
16 22 104
19 3 1862
20 4 164638
18 20 76242216
8 2 9754
9 3 812
11 21 516099
14 2 40
12 22 8389
3 1 5035
16 13 152481
6 16 3214408
19 8 241759
17 8 107584
7 21 458185
20 3 55673
18 15 5873967
21 2 34848
8 9 251
22 9 2023
9 4 12969
10 3 19789
11 10 64777
0 21 357260
12 13 360233
1 16 224820
15 0 12665278
13 16 13934
0 11 346923
3 6 250326
4 1 209720
5 4 973
16 4 144
6 11 184741
19 17 392859
17 1 130895
7 18 10812
20 10 574197
18 6 225542
21 11 86219
22 0 59520
9 13 397231
8 22 65702
11 3 7679
14 12 56
12 4 3406
10 20 3745726
15 9 281521
13 9 14084
0 2 884181
3 15 19034
1 3 96624
4 8 97631
2 8 33385
5 13 4033681
3 21 116008
6 2 368038
4 22 2307
19 22 54758
7 11 6970
20 17 67151
18 1 343522
21 20 4444861
12 3 562
13 2 23832
1 4 300540
2 3 785
6 5 76923
7 0 2924436
5 16 1420
16 8 6728
19 5 30134
17 21 3637
22 18 2920
20 6 2959117
21 7 206975
8 4 1018148
9 1 115874
0 16 55907
14 0 213316
12 16 7608
15 5 6856
13 21 449857
16 15 159020
6 22 60183
19 10 315054
22 21 6689
20 13 12915363
18 13 9098865
21 0 1065177
8 11 198243
9 10 100733
8 17 74474
11 12 136776
14 11 1077
12 15 327258
1 22 235461
15 2 432004
13 14 1182148
2 21 16665
0 13 2598123
3 8 52
1 8 1083557
4 3 3288
2 15 1266786
5 2 24169
16 6 114453
6 9 2586
17 7 10344
7 12 7785385
18 4 65691
21 9 61120
22 6 17771
10 8 16677146
11 5 68363
9 21 97304
12 6 5886668
10 18 824673
13 7 490134
0 4 57604
4 10 38430
2 6 1527858
5 11 15168
6 0 702585
4 16 841
7 5 1250781
5 21 53933
20 19 776620
16 19 203354
21 18 2681
17 18 3272
14 21 1382
15 16 110
13 0 10051002
11 16 1126
2 1 68185
7 2 11535
16 10 141619
19 7 535112
20 0 10922580
18 16 5108
21 5 88951
8 6 72834
22 10 252470
9 7 149355
10 4 8214226
11 9 194
0 18 64010
14 6 3795
12 18 3423
1 19 1012275
15 7 1411351
13 19 319319
0 8 290482
3 5 4240
4 6 192113
5 7 181258
16 1 8322
6 20 1724063
19 12 22747
17 12 10549
7 17 8623
20 15 398797
18 11 164842
21 14 209
8 13 78644
22 13 6064
9 8 9580
10 15 140872
8 19 9575820
11 14 24993
9 18 14323
12 9 15725
1 20 7997939
15 12 1332265
13 12 414017
2 19 3808
0 15 901829
3 10 19551
1 14 20190
4 13 18266
2 13 19073
5 0 15344684
6 15 116484
19 21 35124
17 5 28354
7 14 45000
20 22 1129
18 2 95006
22 4 44525
11 7 32328
12 0 905199
10 16 3080517
15 21 237822
13 5 4343675
0 6 2863011
1 7 509363
2 4 1888
5 9 31656
5 19 1098355
16 21 10841
21 16 8704
19 0 2620273
8 1 225618
15 18 1245261
11 18 20142
12 21 390202
16 12 9573
6 19 168749
19 9 2766
17 9 112
20 2 790894
18 14 1210
21 3 313
22 8 30298
9 5 64287
10 2 35085
0 20 10209551
1 17 878679
15 1 25808
13 17 64845
2 22 141000
0 10 1019033
3 7 2058
1 11 2018217
4 0 1787166
16 3 144
17 2 3504
7 19 308253
20 9 125952
18 9 12680
21 12 86574
8 15 13081390
9 14 156
10 13 2901687
8 21 6628
11 0 2307360
9 16 12013
14 15 5280
12 11 458324
15 14 8724
13 10 721208
2 17 22637
0 1 2184337
3 12 10838
1 12 586641
4 15 7823915
2 11 23262
5 14 130
3 18 136
6 13 3946755
4 21 9757
7 8 57154
20 16 1346431
18 0 3481872
14 22 110
12 2 96848
13 3 40
1 5 549308
6 4 104970
7 1 19654
5 17 8554
19 2 33249
20 5 142981
18 21 203913
8 3 3000
9 2 476491
11 20 1012481
13 22 8140
3 0 467977
6 17 152808
19 11 171753
7 20 4026452
22 20 24933
20 12 659502
18 12 28716
21 1 80456
8 10 17787
9 11 18943
10 0 14266648
8 16 462
11 13 137128
0 22 1361691
14 10 8070
12 14 435
15 3 1027
13 15 45796
2 20 340880
0 12 1211938
1 9 70985
4 2 2540
5 3 376
16 5 279
6 8 199002
19 16 460
17 0 1022103
7 13 901068
20 11 555084
18 7 319788
21 10 115203
22 1 12596
9 12 229526
10 11 221460
11 2 38739
9 22 156528
14 13 224727
12 5 41427
10 21 878816
15 8 12867266
13 8 127113
0 3 666
1 2 1002819
4 9 106
2 9 82896
5 12 8030
3 20 3893498
6 3 13433
7 10 147904
5 22 1122
20 18 782650
16 18 60
21 19 146775
17 19 4361205
14 20 1690673
13 1 732910
2 0 2092548
