475
7 3 22933
16 9 12847
19 4 11745530
17 20 496221
22 19 21450
20 7 740152
18 19 4485946
21 6 231665
8 5 69852
9 0 1056183
10 7 18747
0 17 1390917
14 1 8340
12 17 19655
15 4 10020007
13 20 1254553
3 2 319500
4 5 1701
16 0 245222
19 13 15379
17 13 8109
7 22 10476
20 14 11515
18 10 343341
21 15 23826
8 12 1264
22 12 1230
9 9 7183
8 18 1538
9 19 59991
14 8 301
12 8 97012
1 21 781771
15 13 7944
13 13 99092
2 18 52
0 14 308
3 11 7202
1 15 754178
4 12 1008
2 12 399831
5 1 19419
16 7 14642
6 14 4528
19 18 4084
17 6 75815
7 15 978600
20 21 583161
18 5 15973
21 8 24357
22 7 5665
10 9 1350
11 4 90078
9 20 3549705
14 19 41487
12 7 447940
10 19 299979
15 10 7931
13 6 2079913
0 5 7815943
1 0 4012556
4 11 65623
2 7 5833
5 10 2527
3 22 38
4 17 451
7 4 8926
5 20 3433787
16 20 2985359
21 17 4839
19 1 409395
17 17 1344
18 22 6764
8 0 1080156
15 19 18353439
11 19 46305
12 20 307168
6 18 15176
19 6 333027
17 10 3250
20 1 438287
18 17 2401
21 4 793
8 7 209205
9 6 2237432
10 5 171800
11 8 53059
0 19 1677736
14 7 15334
12 19 12093
1 18 12714
15 6 126715
13 18 8636
0 9 12734
3 4 4628
4 7 211845
5 6 46223
16 2 5581
6 21 166474
19 15 11081480
17 3 64
7 16 28810
20 8 12659058
18 8 113532
21 13 1844409
8 14 2400
22 2 522518
9 15 329704
10 12 136715
8 20 27272451
11 1 264294
9 17 506
12 10 179608
10 22 23467
15 15 2166
13 11 3415
2 16 5673
0 0 22546607
3 13 395
1 13 5741271
2 10 7140
5 15 2690
3 19 52895
6 12 16193501
4 20 34352209
19 20 35683618
17 4 573
7 9 104404
18 3 2064
21 22 2631
22 5 210
11 6 499410
12 1 26788
10 17 22966
15 20 934433
13 4 18970
0 7 1154988
2 5 215
5 8 22750
6 7 567115
4 19 18858923
7 6 538352
5 18 1420
16 22 320
19 3 19688
20 4 10585
18 20 60327622
8 2 76
9 3 714
11 21 14357
14 2 141
12 22 14351
3 1 3789
16 13 173454
6 16 744162
19 8 172186
17 8 15532
7 21 65652459
20 3 380
18 15 5707230
21 2 43584
8 9 103
9 4 13952
10 3 109071
11 10 31605
0 21 141621
12 13 162048
1 16 244212
15 0 11591900
13 16 15262
0 11 340865
3 6 71008
4 1 49790
5 4 6965
16 4 34
6 11 83186
19 17 486358
17 1 50492
7 18 5358
20 10 388050
18 6 111971
21 11 19906
22 0 91242
9 13 112333
8 22 759
11 3 2121
14 12 38
12 4 25150
10 20 1647297
15 9 690708
13 9 2428
0 2 863624
3 15 787
1 3 33585
4 8 108144
2 8 42
5 13 2659662
3 21 1524
6 2 430503
4 22 8303
19 22 25342
7 11 5814
20 17 51430
18 1 293181
16 17 932
21 20 3191908
12 3 826
13 2 33789
1 4 290187
2 3 6952
6 5 26475
7 0 3358646
5 16 323
16 8 182
19 5 29231
17 21 3644
22 18 305
20 6 1811422
18 18 76187
21 7 967882
8 4 38529
9 1 54079
0 16 4317211
14 0 175485
12 16 35778
15 5 196
13 21 61723
16 15 242831
6 22 41225
19 10 20274
22 21 1572
20 13 252463
18 13 6118374
21 0 467009
8 11 53906
9 10 33737
8 17 192
11 12 92017
14 11 1342
12 15 161583
1 22 173488
15 2 410020
13 14 2182164
2 21 90530
0 13 2379698
3 8 1588
1 8 355448
4 3 8758
2 15 651572
5 2 53
16 6 86594
6 9 5464
19 19 31500095
17 7 4664
7 12 40891162
20 20 1640641
18 4 16065
21 9 30325
22 6 18275
10 8 55064
11 5 19169
9 21 76030
14 18 38
12 6 489614
13 7 276914
0 4 181277
4 10 23144
2 6 1676044
5 11 5330
6 0 685463
4 16 40
7 5 2011
5 21 36731
20 19 231503
16 19 74713
21 18 3415
17 18 88
15 16 1172
13 0 8486193
11 16 2802
2 1 91107
7 2 13770
16 10 10957
19 7 693165
22 16 7835
20 0 11115975
18 16 3674
21 5 42723
8 6 362567
22 10 3060
9 7 157208
10 4 13603
11 9 10100
0 18 4977
14 6 1445
12 18 26835
1 19 985653
15 7 957613
13 19 54413
0 8 75609
3 5 61
4 6 60092
5 7 82561
16 1 5642
6 20 1333182
19 12 16153
17 12 1491
7 17 2733
20 15 721453
18 11 51728
21 14 283
8 13 139236
22 13 6144
9 8 10522
10 15 33939
8 19 7920969
11 14 3067
9 18 15101
12 9 16650
1 20 6101776
15 12 176564
13 12 139102
2 19 58
0 15 522234
3 10 27136
1 14 21071
4 13 18133
2 13 139759
5 0 11369180
3 16 48
6 15 72644
19 21 5607
17 5 19500
7 14 1556
20 22 6142
18 2 8190
22 4 18940
11 7 35620
12 0 825240
10 16 540723
15 21 231985
13 5 3547258
0 6 1557707
1 7 433705
2 4 216
5 9 57296
4 18 377
7 7 613511
5 19 755298
16 21 17525
21 16 28949
19 0 1875244
17 16 39760
8 1 747569
15 18 1293280
11 18 3418
12 21 121571
16 12 3258
6 19 230753
19 9 223
20 2 154535
18 14 194
21 3 152
22 8 14563
9 5 130720
10 2 141001
0 20 6785687
14 4 66
12 12 90808
1 17 1122269
15 1 221186
13 17 6564
2 22 141412
0 10 231548
3 7 7143
1 11 331339
4 0 1862720
19 14 2378
17 2 816336
7 19 78263
20 9 164848
18 9 7685
21 12 113658
8 15 8867092
22 3 121
9 14 1599
10 13 1058819
8 21 17061
11 0 790751
9 16 70652
14 15 1781
12 11 134290
15 14 1531
13 10 236817
2 17 12844
0 1 2376972
3 12 1631
1 12 777153
4 15 9924414
2 11 3103
6 13 2489387
4 21 337
7 8 130288
20 16 1622108
18 0 2994295
21 21 31986
12 2 18079
13 3 52
1 5 311414
6 4 62451
7 1 40307
5 17 5265
19 2 96
20 5 17658
18 21 25803
8 3 6040
9 2 228934
11 20 728534
14 3 38
13 22 75524
3 0 558180
6 17 50278
19 11 309151
7 20 52973946
22 20 20635
20 12 101291
18 12 37738
21 1 48930
8 10 18568
9 11 41192
10 0 1111820
11 13 31016
0 22 122524
12 14 300
15 3 1375
13 15 19181
2 20 181300
0 12 420697
1 9 69762
4 2 323
2 14 7104
5 3 87
16 5 44
6 8 86644
17 0 154555
7 13 313431
20 11 250862
18 7 308267
21 10 126262
22 1 2497
9 12 60075
10 11 91952
11 2 3008
9 22 5697
14 13 235073
12 5 52548
10 21 86035
15 8 17637300
13 8 52607
0 3 138964
3 14 38
1 2 749212
4 9 94
5 12 324
3 20 2263968
6 3 9000
7 10 37323
5 22 312
20 18 1124454
16 18 206
21 19 132548
17 19 117237
14 20 1658985
13 1 482812
2 0 2736325
