492
7 3 185626
16 9 29158
19 4 20050307
17 20 798186
22 19 386588
20 7 2022368
18 19 4872938
21 6 320546
8 5 169175
9 0 1995616
10 7 288182
0 17 369762
14 1 3129
12 17 2264510
15 4 28018462
13 20 1873729
3 2 15472
4 5 41657
16 0 362374
19 13 237508
17 13 274896
7 22 107282
20 14 23656
18 10 263045
21 15 71358
8 12 17343
22 12 27880
9 9 3254
10 14 20039
8 18 10624
9 19 103139
14 8 3046
12 8 97967
1 21 2170190
15 13 173551
13 13 134783
2 18 251
0 14 16292
3 11 48258
1 15 583425
4 12 1900
2 12 872877
5 1 30952
3 17 1548
16 7 37905
6 14 17535
19 18 27846
17 6 235298
7 15 1956166
20 21 5707431
18 5 31098
21 8 48014
22 7 4469
10 9 195531
11 4 97247
9 20 1981220
14 19 62536
12 7 3258360
10 19 361506
15 10 18184
13 6 2193833
0 5 15971298
1 0 4496802
4 11 15002
2 7 190140
5 10 5412
3 22 1500
4 17 14215
7 4 11363
5 20 2880427
16 20 4434430
21 17 84732
19 1 394229
17 17 1680
18 22 20499
8 0 1215569
15 19 40353284
11 19 262911
12 20 1495170
16 11 24910
6 18 14965
19 6 172845
17 10 15577
20 1 684599
18 17 119768
21 4 29088
8 7 305139
9 6 1819497
10 5 431217
11 8 174094
0 19 2122235
14 7 18140
12 19 166524
1 18 122596
15 6 202422
13 18 112454
0 9 43956
3 4 5648
4 7 464530
5 6 137755
16 2 3052
6 21 982157
19 15 12182676
17 3 4420
7 16 23332
20 8 19467163
18 8 89639
21 13 2026130
8 14 9345
22 2 675429
9 15 185670
10 12 1338013
8 20 28300031
11 1 153200
9 17 676830
12 10 184466
10 22 194027
15 15 19447
13 11 109269
2 16 6434
0 0 29072933
3 13 25389
1 13 6293563
4 14 175
2 10 4060
5 15 24150
3 19 14777
6 12 24508858
4 20 33038536
19 20 42772552
17 4 43363
7 9 125275
18 3 156
21 22 35619
22 5 3578
11 6 850589
14 17 4760
12 1 340220
10 17 106621
15 20 5713506
13 4 59657
0 7 1981717
2 5 13941
5 8 24074
6 7 5199207
4 19 18344561
7 6 585284
19 3 3880
20 4 557682
18 20 70286635
8 2 17909
9 3 46770
11 21 731432
14 2 7930
12 22 12693
3 1 43485
16 13 224697
6 16 235825
19 8 160864
17 8 61454
7 21 17742106
20 3 32399
18 15 7023370
21 2 107625
8 9 17680
22 9 49510
9 4 1037664
10 3 44450
11 10 33798
0 21 1181388
14 5 3010
12 13 1171467
1 16 425232
15 0 32204883
13 16 44208
0 11 661155
3 6 267840
4 1 71765
5 4 113250
16 4 88
6 11 453121
19 17 317540
17 1 305882
7 18 27638
20 10 2776990
18 6 135688
21 11 132626
22 0 183653
9 13 1161004
8 22 1802
11 3 97329
14 12 10305
12 4 71638
10 20 6557040
15 9 1556126
13 9 46832
0 2 543981
3 15 1174
1 3 204607
4 8 280815
2 8 119598
5 13 2421368
3 21 37828
6 2 817269
4 22 18792
19 22 289928
7 11 161770
20 17 1015609
18 1 152059
16 17 13642
21 20 4207331
12 3 132236
13 2 122617
1 4 1122582
2 3 3100
6 5 105155
7 0 3830230
5 16 957
16 8 116
19 5 27321
17 21 2713488
22 18 834
20 6 1829881
18 18 663532
21 7 1665747
8 4 140011
9 1 271323
0 16 10470634
14 0 296536
12 16 84244
15 5 1740
13 21 3443115
16 15 366745
6 22 73406
19 10 24611
17 14 1492
22 21 4034
20 13 3933405
18 13 6441574
21 0 1447541
8 11 272810
22 15 50
9 10 38710
8 17 4675
11 12 119420
14 11 11848
12 15 221467
1 22 271386
15 2 465390
13 14 8771568
2 21 77372
0 13 3789871
3 8 3040
1 8 566269
4 3 8507
2 15 903426
5 2 3474
16 6 155262
6 9 92652
19 19 51031013
17 7 18459
7 12 1044142
20 20 5111870
18 4 646415
21 9 7224321
22 6 18225
10 8 51172
11 5 36056
9 21 305871
14 18 1378
12 6 1058511
10 18 29879
13 7 982370
0 4 172079
4 10 283518
2 6 2041995
5 11 1717
6 0 1969657
7 5 19694
5 21 340794
20 19 1033250
16 19 145743
21 18 84319
17 18 3283
14 21 5657
15 16 23708
13 0 13770641
11 16 4438
2 1 469126
7 2 231410
16 10 12948
19 7 587551
22 16 1924
20 0 28710501
18 16 104761
21 5 216015
8 6 118789
22 10 104282
9 7 617209
10 4 95539
11 9 8325
0 18 127441
14 6 1470
12 18 26391
1 19 746770
15 7 1797664
13 19 393315
0 8 278449
3 5 261104
4 6 83503
5 7 72241
16 1 12346
6 20 6833537
19 12 110976
17 12 209078
7 17 47355
20 15 1663074
18 11 120312
21 14 1749
8 13 86215
22 13 17851
9 8 34045
10 15 139731
8 19 6974993
11 14 3647
9 18 23203
14 9 2022
12 9 202583
1 20 19512102
15 12 140794
13 12 1585294
2 19 365103
0 15 1726174
3 10 11236
1 14 81197
4 13 76806
2 13 106748
5 0 11309050
6 15 218107
19 21 142949
17 5 14899
7 14 3180
20 22 100102
18 2 17622
22 4 69698
11 7 57943
14 16 3930
12 0 2343524
10 16 191495
15 21 971396
13 5 8399430
0 6 1758559
1 7 1257358
2 4 707363
5 9 82531
6 6 164
4 18 27081
7 7 3998936
5 19 559342
16 21 125717
21 16 22846
19 0 3277119
17 16 20032
8 1 89025
15 18 4715350
11 18 180
12 21 833360
16 12 26588
6 19 370921
19 9 16901
17 9 8525
20 2 358994
18 14 4065
21 3 42142
22 8 10368
9 5 51742
10 2 877464
0 20 11869807
14 4 3970
12 12 74236
1 17 947954
15 1 106713
13 17 20564
2 22 14430
0 10 164148
3 7 19094
1 11 1085335
4 0 2635089
16 3 52
19 14 1192
17 2 3547
7 19 230462
20 9 1147368
18 9 18284
21 12 597180
8 15 10736594
22 3 130
9 14 495
10 13 5069622
8 21 359540
11 0 1623484
9 16 29358
14 15 6824
12 11 277968
15 14 6661
13 10 177092
2 17 12272
0 1 2129150
3 12 780417
1 12 4224053
4 15 10063574
2 11 14714
5 14 80
6 13 2528239
4 21 224188
7 8 63186
20 16 4052897
18 0 3837098
21 21 262495
14 22 1651
12 2 384503
13 3 2253
1 5 521068
6 4 136638
7 1 1115093
5 17 8406
19 2 20672
20 5 559264
18 21 227405
8 3 1325
9 2 159748
11 20 1615051
13 22 7041
3 0 512231
6 17 267595
19 11 175290
7 20 68416380
22 20 703268
20 12 1736556
18 12 52777
21 1 173182
8 10 15264
9 11 175850
10 0 2902972
11 13 97361
0 22 135943
14 10 1195
12 14 17294
15 3 28712
13 15 133849
2 20 2539883
0 12 2135543
3 9 197528
1 9 358652
4 2 15014
2 14 26825
5 3 3829
16 5 1475
6 8 109200
19 16 6625
17 0 531162
7 13 1266375
20 11 389592
18 7 506709
21 10 220086
22 1 65858
9 12 2129335
10 11 948559
11 2 64923
9 22 8116
14 13 566299
12 5 33237
10 21 1252037
15 8 29865137
13 8 57989
0 3 1632193
3 14 56
1 2 1057824
4 9 47
2 9 9519
5 12 62006
3 20 2922607
6 3 56488
7 10 27029
5 22 2086
20 18 4207968
16 18 3088
21 19 152056
17 19 151341
14 20 2669111
13 1 2658599
2 0 2265561
