495
7 3 22818
16 9 232118
19 4 22774491
17 20 892491
22 19 92081
20 7 3246684
18 19 4992746
21 6 607295
8 5 18665
9 0 1980539
10 7 301626
0 17 502432
14 1 8198
12 17 65059
15 4 27179905
13 20 5583320
3 2 12168
4 5 18986
16 0 384017
19 13 301942
17 13 208513
7 22 111253
20 14 675925
18 10 233979
21 15 508241
8 12 22953
22 12 36243
9 9 4025
10 14 4852
8 18 182577
11 15 3000
9 19 413094
14 8 1544
12 8 74370
1 21 2608755
15 13 341181
13 13 194144
2 18 1600
0 14 1291
3 11 8212
1 15 1603079
4 12 19998
2 12 1616190
5 1 61942
3 17 77360
16 7 104176
6 14 10878
19 18 28710
17 6 161628
7 15 1940967
20 21 5233048
18 5 50440
21 8 65344
22 7 9384
10 9 328274
11 4 41673
9 20 4486984
14 19 63968
12 7 3898727
10 19 267946
15 10 26932
13 6 2622244
0 5 19035401
1 0 5062667
4 11 43465
2 7 506690
5 10 7217
3 22 7180
4 17 135314
7 4 20583
5 20 3353931
16 20 3968505
21 17 11164
19 1 189666
17 17 1764
18 22 41456
8 0 1790332
15 19 39885615
11 19 152716
12 20 2703142
16 11 1691
6 18 52033
19 6 428045
17 10 362001
20 1 1463916
18 17 32171
21 4 45432
8 7 210940
9 6 2540578
10 5 233535
11 8 206211
0 19 2141336
14 7 38477
12 19 73584
1 18 98750
15 6 214084
13 18 15959
0 9 71162
3 4 37016
4 7 409651
5 6 27942
16 2 3708
6 21 559869
19 15 11636627
17 3 13955
7 16 129527
20 8 20431890
18 8 308716
21 13 1322933
8 14 273
22 2 493000
9 15 664924
10 12 2010526
8 20 32110743
11 1 448658
9 17 27403
12 10 199310
10 22 86054
15 15 1512
13 11 116940
2 16 6988
0 0 30007702
3 13 20061
1 13 8659113
4 14 199
2 10 220326
5 15 1211037
3 19 263175
6 12 32955143
4 20 39618553
19 20 45488774
17 4 71938
7 9 690923
18 3 980
21 22 19160
22 5 3105
11 6 752941
12 1 451380
10 17 116228
15 20 3798636
13 4 95843
0 7 1659730
2 5 62366
5 8 30356
6 7 3330482
4 19 21981407
7 6 454621
5 18 200
16 22 99545
19 3 5150
20 4 381436
18 20 79444926
8 2 4480
9 3 58536
11 21 136537
14 2 7764
12 22 253852
3 1 15739
16 13 188311
6 16 213786
19 8 63439
17 8 638141
7 21 53774895
20 3 179919
18 15 6763992
21 2 119279
8 9 628
22 9 3428
9 4 6645
10 3 143391
11 10 48307
0 21 885286
14 5 92
12 13 1193810
1 16 714902
15 0 31810285
13 16 66480
0 11 1230331
3 6 267029
4 1 260394
5 4 10980
16 4 6784
6 11 489545
19 17 914381
17 1 307895
7 18 15945
20 10 398525
18 6 127054
21 11 202976
22 0 181146
9 13 740784
8 22 6085
11 3 59892
14 12 66778
12 4 33155
10 20 7208774
15 9 1825294
13 9 67784
0 2 436468
3 15 2025
1 3 677346
4 8 518022
2 8 134435
5 13 1361770
3 21 72452
6 2 623141
4 22 19756
19 22 402088
7 11 448152
20 17 154019
18 1 202337
16 17 52
21 20 4142207
12 3 10711
13 2 186655
1 4 357343
2 3 1705
6 5 171773
7 0 3141219
5 16 3000
16 8 8700
19 5 10164
17 21 14363
22 18 4180
20 6 3275577
18 18 452985
21 7 1391126
8 4 622452
9 1 646528
0 16 9148359
14 0 274484
12 16 36150
15 5 22497
13 21 798057
16 15 388307
6 22 158131
19 10 65848
17 14 170
22 21 21999
20 13 2665682
18 13 8125556
21 0 1565707
8 11 233250
9 10 64583
8 17 56436
11 12 256961
14 11 4101
12 15 241561
1 22 608949
15 2 532114
13 14 8131858
2 21 824206
0 13 3892826
3 8 7336
1 8 977028
4 3 4671
2 15 1237792
5 2 3662
16 6 67216
6 9 152983
19 19 47485309
17 7 153364
7 12 7655847
20 20 4580440
18 4 123561
21 9 539778
22 6 8369
10 8 207762
11 5 56562
9 21 608399
14 18 6450
12 6 2604304
10 18 28913
13 7 1654034
0 4 1269523
4 10 13385
2 6 1467290
5 11 33333
6 0 2181205
4 16 14220
7 5 131131
5 21 388104
20 19 361675
16 19 317125
21 18 16058
17 18 3000
14 21 13395
15 16 3219
13 0 13309242
11 16 38506
2 1 326835
7 2 85521
16 10 55971
19 7 1157824
22 16 936
20 0 28403603
18 16 9227
21 5 830778
8 6 136942
22 10 184984
9 7 1056274
10 4 70515
11 9 5208
0 18 90207
14 6 5806
12 18 9143
1 19 1562169
15 7 2980164
13 19 452963
0 8 169028
3 5 265556
4 6 69887
5 7 57384
16 1 3731
6 20 3765460
19 12 92381
17 12 316413
7 17 240905
20 15 955838
18 11 152689
21 14 16090
8 13 58352
22 13 9792
9 8 50212
10 15 323610
8 19 7732188
11 14 8577
9 18 97950
14 9 284
12 9 327217
1 20 16309414
15 12 304558
13 12 4151238
2 19 12137
0 15 2181654
3 10 55066
1 14 31096
4 13 49637
2 13 327263
5 0 12816249
3 16 159000
6 15 128930
19 21 106456
17 5 8915
7 14 6574
20 22 308979
18 2 23471
22 4 4059
11 7 34046
12 0 1862354
10 16 267684
15 21 1048205
13 5 10162461
0 6 1515349
1 7 1940019
2 4 3329
5 9 119406
6 6 28500
4 18 2344
7 7 5721366
5 19 637417
16 21 24145
21 16 13013
19 0 3218276
17 16 3308
8 1 295265
15 18 5047740
11 18 9788
12 21 432364
16 12 51370
6 19 561749
19 9 814
20 2 204793
18 14 2035
21 3 14541
22 8 49002
9 5 82404
10 2 399589
0 20 10450385
14 4 1290
12 12 69988
1 17 2021993
15 1 236520
13 17 50648
2 22 12176
0 10 324504
3 7 15243
1 11 830939
4 0 2212167
16 3 5363
19 14 240
17 2 6773
7 19 198660
20 9 1180706
18 9 6170
21 12 645096
8 15 9765632
22 3 240
9 14 1374
10 13 6234836
8 21 13268
11 0 2009140
9 16 29815
14 15 187424
12 11 240064
15 14 29209
13 10 124219
2 17 16604
0 1 3706129
3 12 119470
1 12 3135132
4 15 10771543
2 11 79566
3 18 41780
6 13 5039868
4 21 14799
7 8 33063
20 16 3877938
18 0 3500200
21 21 202499
12 2 341732
13 3 2280
1 5 692271
6 4 182595
7 1 1235719
5 17 11823
19 2 116733
20 5 98859
18 21 156446
8 3 4622
9 2 201846
11 20 966536
14 3 128
13 22 253212
3 0 449130
16 14 64
6 17 311086
19 11 310097
7 20 88169302
22 20 106756
20 12 1272134
18 12 81437
21 1 1016386
8 10 42202
22 14 116
9 11 334830
10 0 1640470
8 16 266
11 13 169622
0 22 284218
14 10 88
12 14 13844
15 3 1952
13 15 390444
2 20 5120595
0 12 1868658
3 9 3000
1 9 280600
4 2 13376
2 14 5610
5 3 3184
6 8 283898
19 16 7692
17 0 812679
7 13 3146236
20 11 403799
18 7 451357
21 10 111900
22 1 139300
9 12 1411386
10 11 818564
11 2 307606
9 22 186090
14 13 388535
12 5 97919
10 21 1325383
15 8 35379518
13 8 57356
0 3 1723481
3 14 38
1 2 1144654
4 9 12144
2 9 6687
5 12 42365
3 20 5770139
6 3 228001
7 10 18478
5 22 160
20 18 2874903
16 18 1420
21 19 195991
17 19 504605
14 20 2751291
13 1 1349433
2 0 2424653
