474
7 3 8810
16 9 32988
19 4 10270933
17 20 142183
22 19 80753
20 7 576696
18 19 230354
21 6 519926
8 5 32621
9 0 1173738
10 7 95082
0 17 53059
14 1 458
12 17 160950
15 4 14461889
13 20 4010173
4 5 38090
16 0 410882
19 13 166501
17 13 544359
7 22 12406
20 14 5744
18 10 1266774
21 15 183966
8 12 21954
22 12 3248
9 9 10006
8 18 9524
9 19 17692
14 8 40
12 8 161148
1 21 2497969
15 13 281595
13 13 129182
0 14 276
3 11 2444
1 15 688744
4 12 12427
2 12 346173
5 1 91594
16 7 157717
6 14 136080
19 18 3092
17 6 32788
7 15 1374621
20 21 929758
18 5 64514
21 8 58320
22 7 116571
10 9 29526
11 4 58732
9 20 3829099
14 19 10139
12 7 192735
10 19 64615
15 10 37202
13 6 2716742
0 5 10373793
1 0 5497443
4 11 39482
2 7 2557
5 10 24689
7 4 6049
5 20 4780412
16 20 3417090
21 17 8515
19 1 105496
17 17 1614
18 22 1055
8 0 2429013
15 19 15953950
11 19 252777
12 20 1381308
16 11 668
6 18 45001
19 6 327211
17 10 41333
20 1 1264120
18 17 115445
21 4 20148
8 7 2659853
9 6 1736050
10 5 180267
11 8 437440
0 19 208015
14 7 46259
12 19 16764
1 18 53594
15 6 124968
13 18 8037
0 9 2585
4 7 533321
5 6 20715
16 2 5075
6 21 100588
19 15 14815285
17 3 38
7 16 221685
20 8 14745865
18 8 140546
21 13 1261660
8 14 1666
22 2 224
9 15 235058
10 12 516608
8 20 23963476
11 1 447306
9 17 1216
12 10 320489
10 22 33869
15 15 1416
13 11 24009
2 16 632
0 0 23517478
3 13 63230
1 13 5025507
4 14 8446
2 10 2694
5 15 1382489
3 19 688
6 12 2152389
4 20 35130208
19 20 39721297
17 4 11055
7 9 10883
18 3 2515
21 22 574
22 5 12530
11 6 507617
14 17 59
12 1 104619
10 17 318788
15 20 1204042
13 4 89545
0 7 2110984
1 6 160
2 5 48
5 8 11649
6 7 713428
4 19 21777312
7 6 273802
5 18 2880
19 3 41822
20 4 96731
18 20 68630349
8 2 133
9 3 327
11 21 40027
14 2 242
12 22 12922
3 1 1084
16 13 187371
6 16 119804
19 8 115367
17 8 349321
7 21 10987767
20 3 2096
18 15 6727022
21 2 39897
8 9 1647
9 4 11366
10 3 80875
11 10 281186
0 21 864086
14 5 60
12 13 472991
1 16 120307
15 0 15837959
13 16 17938
0 11 563529
3 6 166103
4 1 98628
5 4 9171
16 4 88
6 11 256603
17 1 672436
7 18 7039
20 10 180615
18 6 258363
21 11 26223
22 0 81510
9 13 466160
8 22 14737
11 3 8456
14 12 160
12 4 51834
10 20 3694377
15 9 962924
13 9 3661
0 2 426535
3 15 643
1 3 86799
4 8 173898
2 8 1974
5 13 1076657
3 21 29944
6 2 414686
4 22 216239
19 22 25035
7 11 6248
20 17 66938
18 1 178432
16 17 1687
21 20 3264153
12 3 1106
13 2 43760
1 4 412411
6 5 173638
7 0 2875869
5 16 48
16 8 340
19 5 105784
17 21 4061
22 18 2912
20 6 2918269
18 18 92372
21 7 323719
8 4 27376
9 1 59013
0 16 305754
14 0 107933
12 16 12353
15 5 5530
13 21 436123
16 15 384579
6 22 43734
19 10 56348
22 21 136
20 13 9310575
18 13 7510911
21 0 864051
8 11 112271
22 15 152
9 10 137345
11 12 39987
14 11 40
12 15 47089
1 22 296097
15 2 500316
13 14 2002628
2 21 36626
0 13 2443866
3 8 120
1 8 3782553
2 15 804927
5 2 53
16 6 109637
6 9 25414
19 19 42498431
17 7 10206
7 12 4598722
20 20 3790246
18 4 21927
21 9 336243
22 6 24957
10 8 84829
11 5 13918
9 21 90827
14 18 206
12 6 434450
10 18 17190
15 11 30000
13 7 1434139
0 4 72353
4 10 39323
2 6 2027686
5 11 11687
6 0 2098867
4 16 147
7 5 192547
5 21 50346
20 19 718048
16 19 2898
21 18 13772
17 18 16272
14 21 137
15 16 3511070
13 0 7365245
11 16 2443
2 1 38840
7 2 6760
16 10 12919
19 7 936476
20 0 17975843
18 16 1382
21 5 68739
8 6 139525
22 10 11603
9 7 312700
10 4 12544
11 9 2055
0 18 18344
14 6 3169
12 18 51439
1 19 1090194
15 7 1471351
13 19 55075
0 8 271782
3 5 84449
4 6 291004
5 7 984576
16 1 6116
6 20 3160857
19 12 21618
17 12 277581
7 17 4665
20 15 1824298
18 11 113743
21 14 424
8 13 327267
22 13 4459
9 8 28280
10 15 50906
8 19 5548986
11 14 1568
9 18 19018
12 9 84625
1 20 8487829
15 12 17211
13 12 2858547
2 19 2556
0 15 1638653
3 10 10536
1 14 5481
4 13 79275
2 13 1158786
5 0 11642920
3 16 1633
6 15 156157
19 21 35676
17 5 416
7 14 254
20 22 66891
18 2 2612
22 4 8487
11 7 75097
12 0 1020314
10 16 724520
15 21 51351
13 5 5932799
0 6 2747607
1 7 438248
2 4 411
5 9 69876
6 6 494
4 18 9227
7 7 1606711
5 19 78987
16 21 14163
21 16 14544
19 0 5737352
17 16 85
8 1 194939
15 18 2437032
11 18 16063
12 21 113300
16 12 4136
6 19 235311
19 9 63
17 9 576
20 2 53652
18 14 466
21 3 1604
22 8 11488
9 5 80760
10 2 379290
0 20 7904684
14 4 2460
12 12 61400
1 17 1252772
15 1 738079
13 17 22031
2 22 3454
0 10 296141
3 7 5332
1 11 652667
4 0 3049179
16 3 242
19 14 90
17 2 429666
7 19 103080
20 9 363782
18 9 27878
21 12 276096
8 15 11311434
22 3 52
9 14 59
10 13 3631527
8 21 22693
11 0 796821
9 16 17429
14 15 78288
12 11 268162
13 10 306215
2 17 7016
0 1 2306690
3 12 15267
1 12 794620
4 15 11350014
2 11 4309
3 18 1500
6 13 2390852
4 21 274402
7 8 63858
20 16 1700758
18 0 6301373
21 21 319133
12 2 328351
13 3 620
1 5 436928
6 4 131796
7 1 96708
5 17 6860
19 2 43050
20 5 37635
18 21 33538
8 3 6580
9 2 129127
11 20 797029
13 22 2862
3 0 250529
19 11 129018
7 20 23442370
22 20 25977
20 12 1386594
18 12 98550
21 1 239157
8 10 44097
9 11 62508
10 0 1410005
8 16 1472
11 13 132024
0 22 11759
14 10 146
12 14 10416
15 3 1024
13 15 96804
2 20 1152932
0 12 659986
1 9 22227
4 2 1508
2 14 7032
5 3 2190
6 8 127646
19 16 3172
17 0 737351
7 13 1613787
20 11 296957
18 7 4628113
21 10 297505
22 1 10749
9 12 520396
10 11 330315
11 2 127887
9 22 584
14 13 124067
12 5 173868
10 21 309310
15 8 22767036
13 8 76323
0 3 220915
1 2 495297
4 9 199
5 12 3080
3 20 2405653
6 3 16607
7 10 55025
5 22 854
20 18 1668143
21 19 84108
17 19 441643
14 20 1515583
13 1 392825
2 0 2909802
