477
7 3 4078
16 9 19108
19 4 9939856
17 20 2226126
22 19 231187
20 7 418177
18 19 399152
21 6 269796
8 5 28958
9 0 1275417
10 7 309876
0 17 106967
14 1 2865
12 17 39120
15 4 10462590
13 20 3028530
3 2 43747
4 5 100637
16 0 543439
19 13 309575
17 13 556043
7 22 14728
20 14 1096
18 10 1061139
21 15 270961
8 12 24245
22 12 6140
9 9 5376
10 14 622
8 18 12936
11 15 7750
9 19 9360
14 8 337
12 8 92988
1 21 845234
15 13 13400
13 13 111876
0 14 221
3 11 5306
1 15 212328
4 12 19292
2 12 340443
5 1 65714
3 17 1500
16 7 116610
6 14 171808
19 18 2015
17 6 395890
7 15 1350684
20 21 848942
18 5 94777
21 8 94736
22 7 108236
10 9 760
11 4 16901
9 20 3715829
14 19 1624
12 7 171252
10 19 60215
15 10 8304
13 6 2787608
0 5 10047996
1 0 5632045
4 11 16253
2 7 274556
5 10 26102
3 22 56
7 4 4351
5 20 3734923
16 20 2997221
21 17 1291
19 1 139077
17 17 2836
18 22 188
8 0 2193911
15 19 13665387
11 19 162716
12 20 707744
16 11 4953
6 18 28856
19 6 536443
17 10 16661
20 1 443661
18 17 657
21 4 15183
8 7 2489356
9 6 2702541
10 5 109206
11 8 207838
0 19 205134
14 7 27479
12 19 37893
1 18 42178
15 6 96727
13 18 10404
0 9 1818
4 7 432805
5 6 29845
16 2 621
6 21 83264
19 15 14907103
7 16 11572
20 8 12732224
18 8 109884
21 13 928305
8 14 212
22 2 2936
9 15 253993
10 12 58915
8 20 21908328
11 1 185069
9 17 313714
12 10 334635
10 22 31901
15 15 885
13 11 31922
2 16 1920
0 0 20548985
3 13 28056
1 13 3897563
4 14 1527
2 10 20374
5 15 1360724
3 19 1154
6 12 2361351
4 20 29732925
19 20 37421060
17 4 4557
7 9 1797
18 3 4778
21 22 428
22 5 3377
11 6 472146
12 1 34325
10 17 585597
15 20 1102632
13 4 16332
0 7 1922233
2 5 517589
5 8 18533
6 7 20766015
4 19 19313582
7 6 855342
5 18 128
19 3 36024
20 4 16614
18 20 65357559
8 2 40
9 3 1036
11 21 28043
14 2 96
12 22 336
3 1 10931
16 13 147881
6 16 87736
19 8 190366
17 8 24521
7 21 16279390
20 3 22005
18 15 6483343
21 2 21947
8 9 687
9 4 11098
10 3 83182
11 10 437983
0 21 94200
12 13 592223
1 16 825758
15 0 13043847
13 16 25837
0 11 875474
3 6 236399
4 1 165907
5 4 13157
16 4 40
6 11 178998
17 1 173758
7 18 17117
20 10 156237
18 6 288138
21 11 48098
22 0 108303
9 13 147000
8 22 1960
11 3 2855
14 12 8142
12 4 81978
10 20 3137160
15 9 396885
13 9 4453
0 2 642897
3 15 15639
1 3 52868
4 8 132385
2 8 153
5 13 974606
3 21 6012
6 2 459515
4 22 40
19 22 173430
7 11 9036
20 17 3259129
18 1 388537
16 17 104
21 20 3737547
12 3 2403
15 22 1381
13 2 77007
1 4 354780
2 3 717
6 5 172366
7 0 2772912
5 16 1464
16 8 5539
19 5 40783
17 21 11029
22 18 1500
20 6 3072296
18 18 89983
21 7 425453
8 4 26264
9 1 98739
0 16 352351
14 0 101727
12 16 31194
15 5 148
13 21 396584
16 15 405932
6 22 48687
19 10 91926
17 14 38
22 21 1870
20 13 13390166
18 13 6377413
21 0 759636
8 11 249913
22 15 137774
9 10 35040
11 12 16184
12 15 40096
1 22 1248254
15 2 175369
13 14 1773263
2 21 5173
0 13 1852240
3 8 1540
1 8 548212
2 15 609812
5 2 14352
16 6 89655
6 9 31949
19 19 37951654
17 7 9649
7 12 2188724
20 20 2920417
18 4 15484
21 9 64959
22 6 29680
10 8 97113
11 5 39724
9 21 78779
14 18 38
12 6 1577491
10 18 2920
15 11 66000
13 7 677415
0 4 13986
4 10 69731
2 6 1784085
5 11 12647
6 0 1523081
4 16 811
7 5 195818
5 21 29734
20 19 330885
16 19 12633
21 18 6472
17 18 99
14 21 1465
15 16 2651070
13 0 8426040
11 16 3647
2 1 84853
7 2 11972
16 10 8934
19 7 1034754
22 16 1500
20 0 15091334
18 16 1700
21 5 71532
8 6 253474
22 10 15496
9 7 269978
10 4 7364
11 9 9412
0 18 5564
14 6 3332
12 18 21380
1 19 853101
15 7 840311
13 19 353613
0 8 133040
3 5 18470
4 6 313172
5 7 908120
16 1 19027
6 20 2573638
19 12 21690
17 12 327521
7 17 6491
20 15 269203
18 11 159897
21 14 5024
8 13 124511
22 13 5549
9 8 24958
10 15 15322
8 19 4041336
11 14 4272
9 18 16658
12 9 7046
1 20 9523043
15 12 277617
13 12 3008851
2 19 194393
0 15 1669768
3 10 25510
1 14 8945
4 13 88602
2 13 27961
5 0 11830867
3 16 108
6 15 39328
19 21 8300
17 5 53599
20 22 6083
18 2 1980
22 4 114
11 7 158923
12 0 1324643
10 16 23619
15 21 173876
13 5 4524504
0 6 1594293
1 7 165635
2 4 2680
5 9 11019
6 6 3071
4 18 218
7 7 2429837
5 19 135075
16 21 10966
21 16 17948
19 0 4157537
17 16 52
8 1 75289
15 18 1944186
11 18 5041
12 21 113540
16 12 12812
6 19 270622
19 9 4797
17 9 1089
20 2 108737
18 14 280
21 3 772
22 8 31088
9 5 222443
10 2 322432
0 20 9180604
14 4 144
12 12 72112
1 17 1222611
15 1 57211
13 17 10415
2 22 4986
0 10 913158
3 7 4843
1 11 520804
4 0 3111550
19 14 3182
17 2 5308
7 19 117274
20 9 464535
18 9 63224
21 12 182117
8 15 11173610
9 14 214
10 13 2872981
8 21 10604
11 0 666198
9 16 16463
14 15 113091
12 11 184925
15 14 156
13 10 272429
2 17 1381
0 1 1807644
3 12 14956
1 12 1019382
4 15 10603245
2 11 9204
3 18 80
6 13 2963761
4 21 3413
7 8 26719
20 16 1136336
18 0 5858152
21 21 217606
12 2 410578
1 5 162588
6 4 277228
7 1 17375
5 17 3445
19 2 49103
20 5 12135
18 21 26436
8 3 128
9 2 144103
11 20 379034
13 22 277
3 0 479113
19 11 271652
17 15 159
7 20 1358639
22 20 435883
20 12 1971360
18 12 63866
21 1 162454
8 10 54984
9 11 90373
10 0 1283358
8 16 345
11 13 27182
0 22 30359
14 10 176
12 14 20002
15 3 2620
13 15 218104
2 20 417175
0 12 680228
1 9 13533
4 2 103
5 3 2782
16 5 114
6 8 106964
19 16 1239
17 0 298693
7 13 1829071
20 11 276562
18 7 4225526
21 10 171688
22 1 30864
9 12 115287
10 11 727317
11 2 72697
9 22 465
14 13 127950
12 5 198437
10 21 102415
15 8 17293335
13 8 37341
0 3 164428
1 2 913591
2 9 4163
5 12 16299
3 20 4792840
6 3 7668
7 10 70575
5 22 128
20 18 1233945
16 18 1420
21 19 64980
17 19 278475
14 20 1509565
13 1 213781
2 0 3437103
