484
7 3 10810
16 9 14825
19 4 16019994
17 20 702342
22 19 489863
20 7 2502057
18 19 926126
21 6 567680
8 5 22542
9 0 1620867
10 7 204626
0 17 1059203
14 1 3318
12 17 350697
15 4 24497314
13 20 7555122
3 2 6092
4 5 27006
16 0 328336
19 13 116622
17 13 213061
7 22 45565
20 14 116292
18 10 76416
21 15 430960
8 12 40178
22 12 26997
9 9 2485
10 14 17180
8 18 7956
9 19 46675
14 8 8510
12 8 260321
1 21 1564608
15 13 139412
13 13 136935
0 14 2122
3 11 6765
1 15 1248431
4 12 5365
2 12 1129682
5 1 23505
3 17 104
16 7 119489
6 14 135380
19 18 13516
17 6 272439
7 15 1576570
20 21 951410
18 5 46639
21 8 97812
22 7 7395
10 9 411504
11 4 103671
9 20 3361876
14 19 37703
12 7 1862310
10 19 539675
15 10 59943
13 6 6872958
0 5 15227433
1 0 7792211
4 11 73485
2 7 219402
5 10 7574
3 22 11054
7 4 11073
5 20 3291282
16 20 3360377
21 17 35780
19 1 140128
17 17 6339
18 22 50325
8 0 1973759
15 19 42612877
11 19 59292
12 20 1730268
16 11 1535
6 18 25631
19 6 191338
17 10 8040
20 1 1722146
18 17 3398
21 4 89419
8 7 3288479
9 6 6517835
10 5 496602
11 8 226650
0 19 593307
14 7 94062
12 19 58824
1 18 72349
15 6 351748
13 18 19375
0 9 713093
3 4 39136
4 7 710534
5 6 100210
16 2 6869
6 21 395546
19 15 14064654
17 3 220
7 16 20069
20 8 22959807
18 8 363327
21 13 4015443
8 14 4032
22 2 3770
9 15 515607
10 12 1061002
8 20 32807583
11 1 781673
9 17 567429
12 10 169158
10 22 95860
15 15 4384
13 11 67785
2 16 2349
0 0 19171706
3 13 32206
1 13 6236193
4 14 1516
2 10 16890
5 15 1653820
3 19 2701
6 12 12541500
4 20 36077351
19 20 42957407
17 4 297478
7 9 287963
18 3 3728
21 22 6944
22 5 1606
11 6 1576855
14 17 86
12 1 97488
10 17 313962
15 20 5076609
13 4 61910
0 7 2168785
2 5 9168
5 8 5048
6 7 1767001
4 19 22809034
7 6 367584
16 22 215
19 3 37092
20 4 60796
18 20 74259757
8 2 4480
9 3 3159
11 21 211376
14 2 1055
12 22 53792
3 1 620079
16 13 162418
6 16 370616
19 8 88198
17 8 369026
7 21 33242478
20 3 551805
18 15 9945996
21 2 94995
8 9 49590
22 9 56641
9 4 17267
10 3 31328
11 10 392718
0 21 1178805
14 5 2790
12 13 579340
1 16 342950
15 0 31095769
13 16 60302
0 11 616294
3 6 326851
4 1 140765
5 4 23656
16 4 1491
6 11 454963
17 1 489281
7 18 14475
20 10 505626
18 6 494618
21 11 131119
22 0 161723
9 13 803805
8 22 19974
11 3 2061
14 12 45250
12 4 22987
10 20 5595791
15 9 1205973
13 9 46209
0 2 692152
3 15 70714
1 3 234485
4 8 526437
2 8 307
5 13 1300176
3 21 75973
6 2 612979
4 22 22202
19 22 990376
7 11 289195
20 17 86463
18 1 276075
21 20 3533725
12 3 198058
13 2 80119
1 4 615712
2 3 1592
6 5 100835
7 0 4568328
16 8 40
19 5 7520
17 21 688189
22 18 264
20 6 16258495
18 18 284221
21 7 701134
8 4 1003050
9 1 2237841
0 16 252177
14 0 325727
12 16 10056
15 5 8781
13 21 929979
16 15 583450
6 22 191053
19 10 57571
20 13 2200053
18 13 7430213
21 0 838715
8 11 113525
22 15 284
9 10 97680
11 12 90576
14 11 2920
12 15 1202806
1 22 410698
15 2 546503
13 14 8023824
2 21 79970
0 13 2665609
3 8 9154
1 8 624019
4 3 1807
2 15 1007648
5 2 2313
16 6 58043
6 9 92026
19 19 39586336
17 7 106413
7 12 10023860
20 20 6126586
18 4 317718
21 9 519605
22 6 29370
10 8 205042
11 5 283201
9 21 218065
14 18 5200
12 6 1930310
10 18 19531
15 11 52
13 7 2067766
0 4 710766
4 10 86383
2 6 1716006
5 11 59919
6 0 1567021
4 16 244
7 5 152801
5 21 48070
20 19 254434
16 19 31355
21 18 36575
17 18 101
14 21 3836
15 16 9403303
13 0 8777244
11 16 7035
2 1 185297
7 2 141939
16 10 15810
19 7 1075561
22 16 1575
20 0 26187792
18 16 21383
21 5 518364
8 6 268456
22 10 12425
9 7 752562
10 4 22652
11 9 7279
0 18 13695
14 6 12913
12 18 44184
1 19 947885
15 7 2723059
13 19 171407
0 8 170849
3 5 4924
4 6 175094
5 7 1052919
16 1 8808
6 20 5798966
19 12 29041
17 12 36685
7 17 100959
20 15 1527127
18 11 115655
21 14 2701
8 13 27842
22 13 17444
9 8 310747
10 15 245580
8 19 6190238
11 14 230
9 18 26229
14 9 2760
12 9 125358
1 20 14022318
15 12 159432
13 12 1485198
2 19 7136
0 15 1801765
3 10 10840
1 14 68195
4 13 53740
2 13 447276
5 0 12050870
3 16 676
6 15 373472
17 5 19777
7 14 747
20 22 1450867
18 2 36804
22 4 470217
11 7 212915
12 0 1959040
10 16 253417
15 21 601497
13 5 8713847
0 6 1491005
1 7 1045814
2 4 114719
5 9 90290
6 6 260
4 18 6340
7 7 3919303
5 19 179916
16 21 8702
21 16 10129
19 0 2663017
8 1 338679
15 18 4986284
11 18 3592
12 21 528886
16 12 90676
6 19 393514
19 9 1727
17 9 2288
20 2 200987
18 14 7486
21 3 5085
22 8 5427
9 5 14825
10 2 378423
0 20 12371747
14 4 3948
12 12 98317
1 17 1034446
15 1 136851
13 17 26198
2 22 3120
0 10 492129
3 7 17417
1 11 1623108
4 0 2203254
19 14 560
17 2 2712
7 19 770230
20 9 1005755
18 9 25717
21 12 313061
8 15 14668650
22 3 1640
9 14 13702
10 13 3079868
8 21 695
11 0 1500289
9 16 19875
14 15 199441
12 11 187120
15 14 1803
13 10 144266
2 17 393
0 1 2883691
3 12 72024
1 12 3453948
4 15 13217041
2 11 50500
5 14 40
6 13 4218321
7 8 39384
20 16 4153815
18 0 3895245
21 21 185990
14 22 1290
12 2 545710
13 3 100
1 5 1026931
6 4 283858
7 1 163262
5 17 1579
19 2 21876
20 5 78313
18 21 46447
8 3 144
9 2 468937
11 20 871844
14 3 128
13 22 5242
3 0 364402
19 11 623739
7 20 65883425
22 20 181125
20 12 2417312
18 12 63114
21 1 371847
8 10 50904
22 14 456
9 11 57569
10 0 3015576
8 16 459
11 13 177274
0 22 768056
14 10 3366
12 14 18023
15 3 22227
13 15 220436
2 20 2559347
0 12 3030057
3 9 9892
1 9 449213
4 2 2807
2 14 22353
5 3 4652
6 8 416972
19 16 740
17 0 854901
7 13 2023209
20 11 534973
18 7 5195080
21 10 190474
22 1 57688
9 12 324597
10 11 903965
11 2 12981
9 22 62806
14 13 164715
12 5 55944
10 21 665523
15 8 36236722
13 8 369194
0 3 1010944
3 14 40
1 2 1057218
4 9 10816
2 9 60564
5 12 35499
3 20 3639001
6 3 61457
7 10 101156
5 22 39
20 18 3655830
16 18 52
21 19 51231
17 19 288922
14 20 2151298
13 1 1366997
2 0 2872844
