479
7 3 4720
16 9 49146
19 4 18785974
17 20 2836119
22 19 29935
20 7 2334882
18 19 878734
21 6 529929
8 5 144157
9 0 2607262
10 7 368729
0 17 327004
14 1 9289
12 17 483553
15 4 25136754
13 20 3207042
3 2 180
4 5 153425
16 0 853608
19 13 130472
17 13 200723
7 22 52866
20 14 18513
18 10 256232
21 15 303774
8 12 16481
22 12 23264
10 14 4130
8 18 21830
11 15 103
9 19 97392
14 8 138
12 8 175306
1 21 2007414
15 13 147301
2 18 7865
0 14 164
3 11 9415
1 15 1245664
4 12 7333
2 12 2141501
5 1 95036
3 17 2880
16 7 137587
6 14 34071
19 18 2175
17 6 852722
7 15 1678069
20 21 1904323
18 5 238106
21 8 104982
22 7 13270
10 9 105585
11 4 147794
9 20 4576878
14 19 9519
12 7 3685519
10 19 129543
15 10 39111
13 6 4136206
0 5 23424386
1 0 6775025
4 11 49487
2 7 87038
5 10 29930
3 22 56
7 4 365047
5 20 5409663
16 20 3825850
21 17 15685
19 1 470518
18 22 145463
8 0 1822844
15 19 33604925
11 19 104494
12 20 1416489
16 11 1491
6 18 27645
19 6 544134
17 10 27608
20 1 5904284
18 17 41003
21 4 60594
8 7 4200373
9 6 2670943
10 5 646482
11 8 221021
0 19 562735
14 7 129326
12 19 76406
1 18 92344
15 6 158746
13 18 14715
0 9 292363
3 4 1580
4 7 759235
5 6 105071
16 2 249374
6 21 1030576
19 15 14498129
17 3 120
7 16 44250
20 8 20815420
18 8 253944
21 13 1861064
8 14 4257
22 2 1973
9 15 938912
10 12 1566140
8 20 30141194
11 1 208529
9 17 17972
12 10 529503
10 22 27669
13 11 139893
2 16 9584
3 13 38962
1 13 8713450
4 14 1420
2 10 17537
5 15 1794754
3 19 13428
6 12 9907079
4 20 40458981
19 20 47273538
17 4 2175
7 9 482093
18 3 252
21 22 11277
22 5 6286
11 6 552386
14 17 1330
12 1 105643
10 17 1041226
15 20 3149780
13 4 555911
0 7 2635663
2 5 238108
5 8 19856
6 7 1588974
4 19 21732933
7 6 449443
5 18 1755
16 22 44
19 3 38
20 4 320696
18 20 77601495
8 2 4241
9 3 15008
11 21 342059
14 2 2512
12 22 97022
3 1 16627
16 13 163058
6 16 332579
19 8 588092
17 8 503881
7 21 70310976
20 3 281510
18 15 12653393
21 2 93284
8 9 53471
22 9 2646
9 4 11789
10 3 251234
11 10 98655
0 21 1024747
14 5 58
12 13 2921274
1 16 629134
15 0 32230351
13 16 43287
0 11 367278
3 6 130761
4 1 256681
5 4 6076
16 4 1592
6 11 463042
17 1 236321
7 18 79817
20 10 784908
18 6 343855
21 11 113947
22 0 172110
9 13 2149720
8 22 131376
11 3 3908
14 12 12819
12 4 46172
10 20 8321434
15 9 2012380
13 9 842688
0 2 666175
3 15 44516
1 3 199615
4 8 1593250
2 8 215
5 13 1697559
3 21 18669
6 2 758181
4 22 10069
19 22 13642
7 11 364434
20 17 1484734
18 1 210672
16 17 1420
21 20 4111017
12 3 197524
13 2 317918
1 4 914103
2 3 140
6 5 131550
7 0 4458052
5 16 212
16 8 930
19 5 17426
17 21 15785
22 18 20669
20 6 17090735
21 7 1446368
8 4 1839485
9 1 344737
0 16 473500
14 0 221756
12 16 46502
15 5 16563
13 21 1583666
16 15 623597
6 22 83150
19 10 58732
17 14 86
22 21 77
20 13 7830198
18 13 8273175
21 0 1420281
8 11 92608
22 15 9693
9 10 108606
11 12 124294
14 11 1690
12 15 35973
1 22 188341
15 2 424527
13 14 4755599
2 21 71165
0 13 3778667
3 8 5102
1 8 718987
4 3 1500
2 15 918100
5 2 7321
16 6 218698
6 9 91905
17 7 16221
7 12 48451301
18 4 37218
21 9 706689
22 6 125323
10 8 160150
11 5 91090
9 21 643812
12 6 3279450
10 18 93798
13 7 1900069
0 4 221083
4 10 32807
2 6 2541596
5 11 5297
6 0 1663974
4 16 243
7 5 1894706
5 21 99881
20 19 809030
16 19 21967
21 18 28655
17 18 484
14 21 1935
15 16 8093900
13 0 10705267
11 16 8225
2 1 120049
7 2 148449
16 10 35223
19 7 1269099
17 11 529
22 16 1560
20 0 25217066
18 16 46929
21 5 203265
8 6 142424
22 10 150981
9 7 975903
10 4 36324
11 9 18297
0 18 65524
14 6 3065
12 18 19674
1 19 1597686
15 7 2028941
13 19 120768
0 8 230111
3 5 6251
4 6 207651
5 7 1337719
16 1 43598
6 20 6985716
19 12 119206
17 12 361921
7 17 90198
20 15 1330017
18 11 137047
21 14 1073
8 13 567991
22 13 341301
9 8 83683
10 15 293157
8 19 7998947
11 14 13881
9 18 31217
14 9 816
12 9 126834
1 20 19851461
15 12 102205
13 12 1965379
2 19 2396
0 15 2044815
3 10 63676
1 14 102851
4 13 69522
2 13 196014
5 0 13935952
3 16 80
6 15 619201
17 5 79801
7 14 349
20 22 62161
18 2 23854
22 4 3284
11 7 79580
12 0 1797384
10 16 326694
15 21 502525
13 5 14099957
0 6 4782619
1 7 1184336
2 4 1166
5 9 91557
4 18 11082
5 19 212745
16 21 70028
21 16 283174
19 0 2748667
17 16 210
8 1 493596
15 18 3959020
11 18 16773
12 21 973009
16 12 39195
6 19 367551
19 9 95
17 9 552040
20 2 1322552
18 14 3520
21 3 8314
22 8 8428
9 5 27131
10 2 581028
0 20 17815864
1 17 570877
15 1 140950
13 17 17675
2 22 229
0 10 948963
3 7 10785
1 11 1165916
4 0 1909812
16 3 92
19 14 246
17 2 16551
7 19 494981
20 9 1064333
18 9 53501
21 12 351973
8 15 13835756
22 3 245
9 14 1099
10 13 2524157
8 21 52
11 0 1780817
9 16 20195
14 15 247316
12 11 177345
15 14 209
13 10 328998
2 17 325
0 1 3447853
3 12 182695
1 12 3672338
4 15 15625328
2 11 51321
5 14 168
3 18 2840
6 13 6190522
7 8 111272
20 16 2858326
18 0 5049704
14 22 593
12 2 256733
13 3 208
1 5 935121
6 4 53595
7 1 161151
5 17 2273
19 2 7672
20 5 675485
18 21 65467
8 3 658
9 2 555282
11 20 1217272
14 3 38
13 22 10859
3 0 602856
19 11 197607
7 20 45080822
22 20 389856
20 12 1250434
18 12 44651
21 1 631002
8 10 196962
22 14 948
9 11 266364
10 0 2098345
8 16 149
11 13 385144
0 22 39550
14 10 147
12 14 5560
15 3 820
13 15 235702
2 20 374061
0 12 2853310
1 9 142470
4 2 6601
2 14 24126
5 3 80
6 8 134992
19 16 1375
17 0 968061
7 13 5864652
20 11 1877177
18 7 5845387
21 10 118614
22 1 40674
9 12 1992695
10 11 424884
11 2 16826
9 22 16835
14 13 157895
12 5 203062
10 21 912228
15 8 30011906
13 8 172834
0 3 1598026
3 14 420
1 2 1287010
4 9 120
2 9 63120
5 12 30376
3 20 3517373
6 3 287954
7 10 67638
5 22 550
20 18 3009560
16 18 2770
21 19 118864
17 19 127893
14 20 1876013
13 1 845875
2 0 2194045
