452
7 3 6898
16 9 6902
19 4 9599104
17 20 1506854
22 19 27787
20 7 229412
18 19 423338
21 6 486541
8 5 37450
9 0 906548
10 7 356513
0 17 760879
14 1 582
12 17 3419
15 4 10202743
13 20 3323487
4 5 73136
16 0 305980
19 13 93615
17 13 207895
7 22 16357
20 14 979
18 10 893535
21 15 475890
8 12 5437
22 12 16599
10 14 40
8 18 309
9 19 39581
12 8 176047
1 21 507498
15 13 88232
0 14 3022
3 11 4863
1 15 326737
4 12 1900
2 12 273377
5 1 35147
3 17 4500
16 7 93185
6 14 1440
19 18 321
17 6 400257
7 15 1413301
20 21 1403027
18 5 19978
21 8 69719
22 7 13081
10 9 540
11 4 20126
9 20 1769990
14 19 1236
12 7 747512
10 19 138068
15 10 51540
13 6 3823649
0 5 8849683
1 0 2893164
4 11 40152
2 7 2493023
5 10 188
7 4 9972
5 20 3675593
16 20 1967049
21 17 47103
19 1 57972
18 22 14821
8 0 1797599
15 19 15063451
11 19 274731
12 20 374702
16 11 1472
6 18 25465
19 6 192306
17 10 30153
20 1 200125
18 17 14968
21 4 40538
8 7 2213770
9 6 2833677
10 5 55393
11 8 55850
0 19 660826
14 7 35255
12 19 68422
1 18 16992
15 6 99786
13 18 14005
0 9 1641
3 4 266
4 7 509298
5 6 82786
6 21 83150
19 15 16148525
17 3 104
7 16 5279
20 8 11431047
18 8 67169
21 13 451013
22 2 492357
9 15 420201
10 12 98281
8 20 24557139
11 1 191421
9 17 137132
12 10 411705
10 22 13724
13 11 82589
2 16 939
3 13 48262
1 13 3642078
2 10 8986
5 15 1417146
6 12 5208822
4 20 31166246
19 20 36659661
17 4 373
7 9 2442
18 3 4391
21 22 7112
22 5 1660
11 6 753068
14 17 44
12 1 22946
10 17 280552
15 20 3474826
13 4 17812
0 7 2063748
5 8 33064
6 7 1439419
4 19 14318366
7 6 691883
5 18 86
19 3 70
20 4 17325
18 20 70759411
8 2 200
9 3 9226
11 21 29926
14 2 320
12 22 1971
3 1 35792
16 13 107938
6 16 69970
19 8 96965
17 8 11486
7 21 13639376
20 3 21667
18 15 12222898
21 2 39320
8 9 420
9 4 12196
10 3 45921
11 10 52654
0 21 60243
12 13 282167
1 16 311438
15 0 14757074
13 16 9778
0 11 138194
3 6 495526
4 1 105162
5 4 3609
16 4 122
6 11 118044
17 1 89565
7 18 16569
20 10 912485
18 6 191120
21 11 42688
22 0 271237
9 13 189385
8 22 9055
11 3 201
14 12 124
12 4 94279
10 20 1355470
15 9 623117
13 9 2176
0 2 747590
3 15 41237
1 3 17618
4 8 56347
2 8 12076
5 13 1477863
3 21 8840
6 2 462646
4 22 129
19 22 25172
7 11 5231
20 17 2751354
18 1 474193
16 17 331
21 20 2947091
12 3 1700
13 2 101682
1 4 199398
2 3 28
6 5 125485
7 0 2263412
5 16 52
16 8 1662
19 5 9717
17 21 9170
22 18 42616
20 6 3762176
21 7 556107
8 4 58467
9 1 60909
0 16 417672
14 0 254091
12 16 14914
15 5 14236
13 21 128136
16 15 384400
6 22 58069
19 10 56371
20 13 363819
18 13 5359385
21 0 565401
8 11 72867
9 10 36922
11 12 21423
14 11 1955
12 15 56217
1 22 96528
15 2 565028
13 14 1902533
2 21 14901
0 13 2929055
3 8 1600
1 8 248201
4 3 187
2 15 841268
5 2 154
16 6 54143
6 9 7235
17 7 49222
7 12 1659896
18 4 28549
21 9 56567
22 6 52193
10 8 64780
11 5 7142
9 21 92830
12 6 673385
10 18 1508
13 7 1069444
0 4 38266
4 10 84974
2 6 1796469
5 11 4818
6 0 930054
7 5 1664636
5 21 21758
20 19 91022
16 19 24295
21 18 10072
17 18 1685
15 16 2599694
13 0 7283873
11 16 6867
2 1 38440
7 2 548409
16 10 30140
19 7 1008414
20 0 13568093
18 16 2112
21 5 73337
8 6 430337
22 10 3830
9 7 727655
10 4 18570
11 9 5421
0 18 4439
14 6 276
12 18 118
1 19 585188
15 7 1907453
13 19 20465
0 8 804370
3 5 152
4 6 208680
5 7 1010175
16 1 1469
6 20 2397785
19 12 13251
17 12 4830
7 17 15213
20 15 1301517
18 11 56060
21 14 126
8 13 36594
22 13 48
9 8 35253
10 15 36605
8 19 4307694
11 14 3705
9 18 18332
12 9 3135
1 20 8751617
15 12 31104
13 12 2043479
2 19 1308
0 15 2166372
3 10 13955
1 14 3442
4 13 34726
2 13 26185
5 0 10631174
6 15 208223
17 5 15666
7 14 125
20 22 4008
18 2 8049
22 4 392
11 7 120786
12 0 1968009
10 16 146512
15 21 139416
13 5 4419789
0 6 1648994
1 7 2460122
2 4 188
5 9 34634
4 18 292
5 19 108153
16 21 4082
21 16 3041
19 0 6132135
17 16 1574
8 1 40377
15 18 1489195
11 18 15554
12 21 100309
16 12 10063
6 19 440455
19 9 123
17 9 427
20 2 129968
18 14 97
21 3 611
22 8 9215
9 5 33447
10 2 207150
0 20 10455599
1 17 383871
15 1 26849
13 17 14336
2 22 201708
0 10 486219
3 7 3446
1 11 676766
4 0 2917542
16 3 92
7 19 159315
20 9 311584
18 9 418
21 12 97308
8 15 11597680
22 3 56
9 14 40
10 13 1814934
11 0 589124
9 16 76482
14 15 120204
12 11 129593
15 14 8830
13 10 275441
2 17 180
0 1 1978894
3 12 19511
1 12 730801
4 15 11730619
2 11 5581
3 18 152
6 13 4023383
7 8 20025
20 16 1250539
18 0 5637588
12 2 54652
13 3 156
1 5 185515
6 4 101618
7 1 1707339
5 17 552
19 2 71701
20 5 933635
18 21 63100
8 3 1616
9 2 86477
11 20 449242
14 3 208
13 22 802
3 0 159259
19 11 270010
17 15 337
7 20 10442494
22 20 8064
20 12 658719
18 12 25654
21 1 361724
8 10 24599
9 11 23666
10 0 2146252
8 16 1634
11 13 214346
0 22 25270
14 10 357
12 14 3036
15 3 2536
13 15 361148
2 20 602334
0 12 649062
1 9 4708
4 2 3374
2 14 14028
5 3 232
16 5 417
6 8 37586
19 16 1547
17 0 1576531
7 13 351300
20 11 233816
18 7 3904943
21 10 118730
22 1 5334
9 12 32095
10 11 339018
11 2 48869
9 22 700
14 13 54782
12 5 48400
10 21 38852
15 8 17066070
13 8 22234
0 3 172206
3 14 6096
1 2 887013
2 9 246
5 12 3954
3 20 4562590
6 3 7653
7 10 120900
5 22 40
20 18 1397910
16 18 52
21 19 53231
17 19 24084
14 20 1889528
13 1 190411
2 0 2423652
