479
7 3 7156
16 9 35705
19 4 18226206
17 20 616009
22 19 156376
20 7 2356613
18 19 5259824
21 6 582618
8 5 176635
9 0 1706179
10 7 317311
0 17 438794
14 1 3416
12 17 74590
15 4 25457981
13 20 4599259
3 2 61961
4 5 162821
16 0 379311
19 13 242226
17 13 313754
7 22 21191
20 14 25227
18 10 852060
21 15 365122
8 12 53512
22 12 114196
10 14 28636
8 18 8720
9 19 307199
14 8 1540
12 8 130287
1 21 1643479
15 13 126891
2 18 25623
0 14 4158
3 11 106225
1 15 1534630
4 12 20458
2 12 734191
5 1 31381
3 17 205856
16 7 130111
6 14 1113724
19 18 5062
17 6 93553
7 15 1232904
20 21 2981113
18 5 39148
21 8 91041
22 7 12503
10 9 94800
11 4 117344
9 20 5162333
14 19 62662
12 7 1940746
10 19 427060
15 10 15943
13 6 3673235
0 5 12896663
1 0 5524789
4 11 201348
2 7 915866
5 10 18893
3 22 4578
7 4 30755
5 20 3946156
16 20 3240574
21 17 265376
19 1 159886
18 22 22898
8 0 2090859
15 19 41868061
11 19 188458
12 20 2450060
16 11 101
6 18 90994
19 6 381331
17 10 12847
20 1 741284
18 17 43668
21 4 45411
8 7 672491
9 6 3145369
10 5 336105
11 8 206706
0 19 2103958
14 7 43472
12 19 98076
1 18 88238
15 6 805908
13 18 41271
0 9 46926
3 4 127376
4 7 476275
5 6 56121
16 2 1472
6 21 373518
19 15 16075251
17 3 3720
7 16 139305
20 8 20933405
18 8 143305
21 13 2160390
8 14 184
22 2 571
9 15 685818
10 12 1274016
8 20 27305010
11 1 259190
9 17 179236
12 10 385203
10 22 242727
13 11 261778
2 16 4746
3 13 29392
1 13 4997925
4 14 40
2 10 8308
5 15 1474920
3 19 20214
6 12 10362827
4 20 34637169
19 20 48382446
17 4 14163
7 9 214589
18 3 1000
21 22 9618
22 5 9144
11 6 496107
14 17 1290
12 1 205747
10 17 596419
15 20 4840977
13 4 45484
0 7 1672929
2 5 280764
5 8 83984
6 7 2575862
4 19 16226944
7 6 368748
5 18 1232
16 22 417
19 3 10240
20 4 882313
18 20 63477239
8 2 4267
9 3 17117
11 21 67004
14 2 8483
12 22 26537
3 1 9660
16 13 157976
6 16 321477
19 8 166240
17 8 143280
7 21 28710786
20 3 161315
18 15 12173942
21 2 60361
8 9 1627
22 9 550739
9 4 64865
10 3 37964
11 10 60766
0 21 1520089
14 5 1470
12 13 827987
1 16 699261
15 0 29817076
13 16 37010
0 11 1000950
3 6 541566
4 1 72628
5 4 17360
16 4 192
6 11 370013
17 1 221254
7 18 51493
20 10 496934
18 6 262504
21 11 40450
22 0 161634
9 13 611963
8 22 19164
11 3 28956
14 12 19439
12 4 25167
10 20 7563928
15 9 1981939
13 9 38544
0 2 1105814
3 15 116577
1 3 220051
4 8 258721
2 8 5647
5 13 1527505
3 21 43154
6 2 1825258
4 22 14416
19 22 477777
7 11 259677
20 17 787625
18 1 164007
16 17 5765
21 20 3640388
12 3 42621
13 2 150337
1 4 1349785
2 3 4569
6 5 222029
7 0 3133248
16 8 1480
19 5 14924
17 21 92567
22 18 5234
20 6 2982631
21 7 1040144
8 4 971688
9 1 2532736
0 16 336024
14 0 304454
12 16 34388
15 5 40596
13 21 868675
16 15 917980
6 22 354236
19 10 31165
22 21 147
20 13 1700058
18 13 5937508
21 0 1013615
8 11 209180
22 15 1387
9 10 69623
11 12 238364
14 11 2828
12 15 864841
1 22 616875
15 2 980076
13 14 8788324
2 21 43710
0 13 3091654
3 8 4795
1 8 515268
4 3 2395
2 15 722914
5 2 9532
16 6 76219
6 9 129077
17 7 210533
7 12 28027835
18 4 121692
21 9 541483
22 6 624153
10 8 76900
11 5 22291
9 21 271833
14 18 2700
12 6 727524
10 18 30375
13 7 2489835
0 4 927711
4 10 18085
2 6 1848849
5 11 20664
6 0 2702906
4 16 167
7 5 985574
5 21 59307
20 19 516895
16 19 104301
21 18 18179
17 18 3000
14 21 12790
15 16 9385792
13 0 15792135
11 16 5353
2 1 558254
7 2 136252
16 10 4782
19 7 1044269
17 11 40
22 16 13500
20 0 25079718
18 16 4950
21 5 170520
8 6 391508
22 10 38915
9 7 1624028
10 4 82971
11 9 40069
0 18 8781
14 6 17096
12 18 12651
1 19 967027
15 7 2075492
13 19 660938
0 8 215266
3 5 21328
4 6 278632
5 7 153015
16 1 9481
6 20 4402718
19 12 76419
17 12 64581
7 17 49662
20 15 1218999
18 11 228883
21 14 3257
8 13 153438
22 13 24154
9 8 40564
10 15 652192
8 19 8874628
11 14 2338
9 18 15032
14 9 4500
12 9 306884
1 20 17114202
15 12 165854
13 12 1381308
2 19 18649
0 15 2833929
3 10 17644
1 14 24075
4 13 84817
2 13 157896
5 0 10901940
3 16 1019
6 15 524529
19 21 1050
17 5 61664
7 14 1606
20 22 111209
18 2 34704
22 4 5421
11 7 189645
12 0 1587953
10 16 170084
15 21 399000
13 5 9535167
0 6 1846878
1 7 2132780
2 4 6682
5 9 29200
4 18 3164
5 19 877383
16 21 6163
21 16 12867
19 0 4806580
17 16 23579
8 1 214192
15 18 5537946
11 18 23170
12 21 484858
16 12 14859
6 19 408290
19 9 47976
17 9 744
20 2 262677
18 14 6588
21 3 15012
22 8 17237
9 5 16857
10 2 1292236
0 20 18707596
14 4 2580
1 17 686499
15 1 328495
13 17 268934
2 22 15000
0 10 497956
3 7 13436
1 11 1314182
4 0 3350905
16 3 1250
19 14 294
17 2 3363
7 19 476479
20 9 1027602
18 9 6575
21 12 290736
8 15 12086969
22 3 435
9 14 2404
10 13 3200397
11 0 1164068
9 16 18613
14 15 259097
12 11 259451
15 14 1985
13 10 161557
2 17 24895
0 1 8375721
3 12 132286
1 12 5545345
4 15 13352459
2 11 37896
5 14 108
3 18 1798
6 13 4748264
4 21 40
7 8 109412
20 16 3023227
18 0 5580765
14 22 1290
12 2 530764
13 3 104
1 5 368761
6 4 114686
7 1 942867
5 17 5700
19 2 2648
20 5 313404
18 21 73094
9 2 164832
11 20 1012830
14 3 1290
13 22 991634
3 0 694086
16 14 224
19 11 464586
7 20 53274702
22 20 82599
20 12 2824627
18 12 50084
21 1 546182
8 10 8438
22 14 113
9 11 280363
10 0 3142072
11 13 369198
0 22 386246
14 10 597
12 14 28064
15 3 6435
13 15 135978
2 20 527830
0 12 1868567
1 9 283041
4 2 34619
2 14 35514
5 3 472
16 5 108
6 8 142999
19 16 6246
17 0 996579
7 13 1380043
20 11 845313
18 7 754996
21 10 35096
22 1 161469
9 12 386140
10 11 463944
11 2 301093
9 22 34037
14 13 185107
12 5 316448
10 21 1239136
15 8 33485627
13 8 75886
0 3 1816213
3 14 94
1 2 1119502
4 9 1408
2 9 1347
5 12 14082
3 20 5062932
6 3 126522
7 10 25812
5 22 160
20 18 3275055
16 18 1762
21 19 183660
17 19 102994
14 20 2341467
13 1 775490
2 0 2526675
