484
7 3 317713
16 9 33079
19 4 15890278
17 20 5448534
22 19 150157
20 7 1998060
18 19 884931
21 6 752976
8 5 126125
9 0 1394428
10 7 450057
0 17 445456
14 1 4739
12 17 12999
15 4 26282222
13 20 3588171
3 2 22848
4 5 157838
16 0 748789
19 13 108904
17 13 635552
7 22 19085
20 14 84179
18 10 872555
21 15 375597
8 12 34417
22 12 18511
9 9 27510
10 14 44526
8 18 8949
9 19 75662
14 8 1936
12 8 224878
1 21 1708069
15 13 119012
13 13 124271
2 18 1080
0 14 60479
3 11 173659
1 15 3005665
4 12 30522
2 12 946398
5 1 47991
3 17 19663
16 7 213328
6 14 3600
19 18 1542
17 6 82159
7 15 1216887
20 21 730333
18 5 40565
21 8 68517
22 7 124128
10 9 205919
11 4 194732
9 20 4608279
14 19 9399
12 7 2144024
10 19 159851
15 10 16606
13 6 5281259
0 5 21155991
1 0 4542453
4 11 117307
2 7 50706
5 10 7988
3 22 215
7 4 6463
5 20 4789849
16 20 4817047
21 17 67850
19 1 352749
17 17 10435
18 22 78319
8 0 2410900
15 19 32753915
11 19 76111
12 20 1861614
16 11 2611
6 18 15483
19 6 401016
17 10 35493
20 1 1666760
18 17 648276
21 4 40087
8 7 4141837
9 6 4102929
10 5 459059
11 8 217150
0 19 674824
14 7 199475
12 19 44542
1 18 110546
15 6 194074
13 18 49770
0 9 150722
3 4 304
4 7 938253
5 6 141140
16 2 2604
6 21 326838
19 15 16025463
17 3 200
7 16 21048
20 8 20660168
18 8 222861
21 13 1111351
8 14 6541
22 2 118
9 15 763973
10 12 1544710
8 20 27848678
11 1 360443
9 17 76988
12 10 325909
10 22 25969
15 15 6942
13 11 118670
2 16 11668
0 0 26715981
3 13 33113
1 13 7403635
2 10 10697
5 15 1737658
3 19 54895
6 12 29194479
4 20 41060118
19 20 42682892
17 4 35017
7 9 125314
18 3 6533
21 22 3759
22 5 1500
11 6 637982
12 1 88986
10 17 608639
15 20 4370442
13 4 85650
0 7 2640207
1 6 528
2 5 6943
5 8 69258
6 7 9668010
4 19 20460578
7 6 866300
16 22 1058
19 3 15164
20 4 967465
18 20 78937661
8 2 8176
9 3 14011
11 21 108453
14 2 5044
12 22 64979
3 1 17732
16 13 505612
6 16 151833
19 8 179852
17 8 205924
7 21 42762589
20 3 101730
18 15 11833356
21 2 62936
8 9 27567
9 4 25375
10 3 892335
11 10 187090
0 21 1776863
14 5 287
12 13 1258267
1 16 457947
15 0 28174569
13 16 58358
0 11 1382661
3 6 222118
4 1 798136
5 4 33647
16 4 80
6 11 255008
17 1 237663
7 18 11266
20 10 720575
18 6 582242
21 11 237813
22 0 403930
9 13 813471
8 22 86857
11 3 557508
14 12 12409
12 4 862724
10 20 5086222
15 9 1604042
13 9 1717941
0 2 959400
3 15 98690
1 3 379177
4 8 647120
2 8 241
5 13 1744943
3 21 199744
6 2 534193
4 22 99596
19 22 92730
7 11 516745
20 17 735515
18 1 174800
16 17 1644
21 20 4064688
12 3 31267
13 2 138523
1 4 436382
2 3 9127
6 5 295438
7 0 2900467
5 16 1178
16 8 3996
19 5 163460
17 21 10330
22 18 72
20 6 3537690
18 18 543845
21 7 927524
8 4 1820074
9 1 95002
0 16 370442
14 0 403347
12 16 11444
15 5 5249
13 21 1162878
16 15 805971
6 22 84399
19 10 283411
17 14 1492
20 13 1569652
18 13 8607970
21 0 1327847
8 11 342827
22 15 157
9 10 185634
11 12 137805
14 11 4512
12 15 213078
1 22 230679
15 2 301310
13 14 4857673
2 21 31549
0 13 6178472
3 8 4540
1 8 2900695
4 3 4501
2 15 804999
5 2 108342
16 6 41446
6 9 35484
19 19 37573083
17 7 168491
7 12 11782409
20 20 5061971
18 4 78334
21 9 283910
22 6 188154
10 8 90594
11 5 128652
9 21 423115
12 6 2174607
10 18 7508
13 7 4802285
0 4 170967
4 10 28523
2 6 2160693
5 11 27284
6 0 2249441
7 5 1457809
5 21 249323
20 19 748833
16 19 36725
21 18 26904
17 18 7472
14 21 2997
15 16 8983404
13 0 12167370
11 16 17927
2 1 172980
7 2 140527
16 10 9521
19 7 2054653
22 16 370
20 0 24029430
18 16 10790
21 5 215799
8 6 238858
22 10 8931
9 7 1067271
10 4 231971
11 9 4768
0 18 10361
14 6 69632
12 18 25935
1 19 1197083
15 7 929720
13 19 148119
0 8 189562
3 5 237977
4 6 210336
5 7 1234770
16 1 35847
6 20 4911794
19 12 144979
17 12 260589
7 17 16997
20 15 1209274
18 11 163812
21 14 1487
8 13 306405
22 13 15448
9 8 54359
10 15 689931
8 19 6055390
11 14 5864
9 18 36850
14 9 264
12 9 331149
1 20 16655724
15 12 308104
13 12 1803842
2 19 50482
0 15 2886788
3 10 63338
1 14 50524
4 13 25277
2 13 161949
5 0 12988625
3 16 27305
6 15 867262
17 5 22029
7 14 12793
20 22 42391
18 2 31442
22 4 39701
11 7 80817
14 16 120
12 0 2079340
10 16 128401
15 21 378567
13 5 17183607
0 6 3638060
1 7 1161034
2 4 603
5 9 66832
6 6 356
4 18 34089
7 7 95826458
5 19 96799
16 21 23977
21 16 8213
19 0 4931154
17 16 40
8 1 835000
15 18 4787802
11 18 21695
12 21 305462
16 12 33074
6 19 462911
19 9 4847
17 9 3156
20 2 1869969
18 14 9602
21 3 13051
22 8 57042
9 5 36487
10 2 685864
0 20 16369886
12 12 93174
1 17 2515572
15 1 275303
13 17 130825
0 10 621617
3 7 35382
1 11 928410
4 0 4321824
16 3 2056
19 14 1440
17 2 2015748
7 19 293979
20 9 1420363
18 9 19657
21 12 399585
8 15 14146758
22 3 313
9 14 6363
10 13 3191153
8 21 268
11 0 2572236
9 16 12046
14 15 207358
12 11 245792
15 14 1859
13 10 367766
2 17 40759
0 1 2123612
3 12 37579
1 12 3239214
4 15 15173920
2 11 7043
3 18 38
6 13 5984460
4 21 40
7 8 64131
20 16 3276035
18 0 6632006
21 21 371216
14 22 1908
12 2 400680
13 3 2344
1 5 995792
6 4 188466
7 1 491082
5 17 132748
19 2 199007
20 5 590183
18 21 128312
8 3 873
9 2 407230
11 20 1033906
13 22 393119
3 0 1209076
19 11 290551
7 20 23107711
22 20 53718
20 12 2183260
18 12 71905
21 1 311803
8 10 61006
22 14 549
9 11 85957
10 0 1333578
8 16 40
11 13 369148
0 22 779051
14 10 96
12 14 4243
15 3 4187
13 15 245376
2 20 530039
0 12 1669291
1 9 258884
4 2 23215
2 14 6416
5 3 4524
16 5 11197
6 8 183293
19 16 3201
17 0 861057
7 13 9561234
20 11 930414
18 7 5928436
21 10 172835
22 1 27993
9 12 475866
10 11 451761
11 2 71108
9 22 10954
14 13 234100
12 5 88410
10 21 934396
15 8 35360980
13 8 112073
0 3 2048712
3 14 38
1 2 3589423
4 9 47
2 9 296965
5 12 21489
3 20 3728806
6 3 366303
7 10 43463
5 22 1455
20 18 5500075
16 18 512
21 19 153091
17 19 196227
14 20 2558286
13 1 1884930
2 0 2278031
