463
7 3 4020
16 9 14194
19 4 12643710
17 20 470924
22 19 56748
20 7 343465
18 19 559935
21 6 943369
8 5 45180
9 0 1626383
10 7 58446
0 17 719604
14 1 1225
12 17 54664
15 4 17496838
13 20 2281563
3 2 1532
4 5 137214
16 0 460871
19 13 319864
17 13 179608
7 22 136388
20 14 102504
18 10 248100
21 15 222519
8 12 64281
22 12 5039
10 14 88
8 18 104
9 19 62859
14 8 41
12 8 523214
1 21 668426
15 13 44550
2 18 52
0 14 429
3 11 22819
1 15 587828
4 12 3994
2 12 463236
5 1 35521
3 17 2232
16 7 642141
6 14 3413
19 18 1679
17 6 492631
7 15 1197096
20 21 271637
18 5 52557
21 8 55425
22 7 10912
10 9 17037
11 4 19146
9 20 3725156
14 19 2299
12 7 653975
10 19 110637
15 10 14161
13 6 4770641
0 5 9813238
1 0 5537341
4 11 18589
2 7 28413
5 10 5759
3 22 1703
7 4 1420
5 20 4490288
16 20 4052942
21 17 21051
19 1 256139
18 22 52020
8 0 3286531
15 19 22829667
11 19 230761
12 20 492072
16 11 3935
6 18 28687
19 6 235595
17 10 13263
20 1 1570774
18 17 11367
21 4 19860
8 7 3550757
9 6 4993995
10 5 635665
11 8 529994
0 19 285573
14 7 208126
12 19 46909
1 18 71660
15 6 319039
13 18 15727
0 9 4586
3 4 1824
4 7 794016
5 6 316396
16 2 1420
6 21 180631
19 15 17801579
17 3 268
7 16 197220
20 8 15851526
18 8 171889
21 13 399866
22 2 13723
9 15 425351
10 12 858721
8 20 28895630
11 1 151412
9 17 62489
12 10 296417
10 22 22045
13 11 39009
2 16 799
3 13 25543
1 13 5032561
4 14 2780
2 10 9397
5 15 431407
3 19 51022
6 12 26058488
4 20 40869205
19 20 43449497
17 4 1672
7 9 153261
18 3 271
21 22 12619
22 5 247
11 6 495559
14 17 135
12 1 19403
10 17 55769
15 20 2291518
13 4 8866
0 7 2240652
1 6 80
2 5 198
5 8 8943
6 7 10531863
4 19 19482002
7 6 340143
5 18 248
19 3 636
20 4 33202
18 20 75387028
8 2 109093
9 3 118
11 21 46146
14 2 256
12 22 9986
3 1 45275
16 13 300084
6 16 120786
19 8 534444
17 8 459798
7 21 28346925
20 3 3599
18 15 7067180
21 2 29688
8 9 1773
9 4 12325
10 3 777956
11 10 146495
0 21 64233
14 5 263
12 13 3137440
1 16 167256
15 0 16447200
13 16 403555
0 11 705314
3 6 95160
4 1 146146
5 4 18668
16 4 115
6 11 196751
17 1 76967
7 18 9908
20 10 368329
18 6 394676
21 11 42290
22 0 570888
9 13 1072683
8 22 31040
11 3 671
14 12 3218
12 4 61312
10 20 3971135
15 9 791659
13 9 6615
0 2 270695
3 15 207439
1 3 32840
4 8 329031
2 8 3343
5 13 2606441
3 21 1552
6 2 465846
4 22 8462
19 22 18149
7 11 1427837
20 17 1130304
18 1 372885
16 17 95
21 20 2512284
12 3 829
13 2 31443
1 4 209725
2 3 187
6 5 19722
7 0 2117103
16 8 2955
19 5 6202
17 21 7829
20 6 5463537
21 7 699527
8 4 100916
9 1 65018
0 16 66137
14 0 228233
12 16 7695
15 5 1751
13 21 643353
16 15 403494
6 22 61035
19 10 72442
22 21 422
20 13 372159
18 13 7687317
21 0 853339
8 11 223884
22 15 12328
9 10 62093
11 12 155884
14 11 2900
12 15 102230
1 22 157674
15 2 388490
13 14 2766353
2 21 118425
0 13 1826730
3 8 17404
1 8 3656913
4 3 129
2 15 401500
5 2 92
16 6 75231
6 9 10088
17 7 126807
7 12 1003325
18 4 180986
21 9 153689
22 6 126880
10 8 68501
11 5 141876
9 21 374219
14 18 59
12 6 3507680
10 18 15247
13 7 1824880
0 4 225615
4 10 23450
2 6 2020701
5 11 91664
6 0 1378213
4 16 132
7 5 1471533
5 21 41252
20 19 261193
16 19 36997
21 18 7581
17 18 1552
14 21 6992
15 16 6360878
13 0 8950602
11 16 316
2 1 216154
7 2 5066
16 10 72501
19 7 1010042
20 0 14283445
18 16 1820
21 5 335955
8 6 392175
22 10 3750
9 7 883213
10 4 118424
11 9 17541
0 18 6659
14 6 1227
12 18 17251
1 19 720862
15 7 691589
13 19 66724
0 8 237099
3 5 100560
4 6 447696
5 7 934677
16 1 17326
6 20 3215671
19 12 121033
17 12 5611
7 17 143699
20 15 323682
18 11 48174
21 14 1736
8 13 192235
22 13 964
9 8 36174
10 15 150373
8 19 7749848
11 14 106030
9 18 18133
12 9 27551
1 20 7430269
15 12 479841
13 12 1018999
2 19 79440
0 15 1085218
3 10 3890
1 14 7571
4 13 54290
2 13 76765
5 0 11336040
3 16 1420
6 15 493929
17 5 7014
7 14 3477
20 22 25859
18 2 20707
22 4 1173
11 7 37624
12 0 3371812
10 16 17872
15 21 142915
13 5 6766199
0 6 2604249
1 7 519705
2 4 530
5 9 25281
4 18 6943
5 19 133741
16 21 14917
21 16 20563
19 0 3684585
8 1 107828
15 18 3153074
11 18 9181
12 21 209343
16 12 1285
6 19 368622
19 9 867
17 9 156
20 2 27118
18 14 4525
21 3 340
22 8 10678
9 5 28913
10 2 11217
0 20 13261629
14 4 52
1 17 905508
15 1 179700
13 17 10695
2 22 208864
0 10 306313
3 7 23090
1 11 755485
4 0 3525234
16 3 135
19 14 3778
17 2 9816
7 19 257513
20 9 508776
18 9 12660
21 12 575821
8 15 14837909
22 3 38
9 14 124
10 13 2810193
11 0 740184
9 16 11886
14 15 61526
12 11 517419
15 14 135
13 10 211669
2 17 1425
0 1 2251514
3 12 3504
1 12 1645406
4 15 17477734
2 11 18020
3 18 128
6 13 4782984
7 8 77636
20 16 1291858
18 0 4923279
14 22 128
12 2 127823
1 5 277166
6 4 51176
7 1 45027
5 17 4724
19 2 14910
20 5 15817
18 21 21137
8 3 282
9 2 390459
11 20 420790
13 22 187
3 0 493588
19 11 402249
17 15 65
7 20 4069702
22 20 55829
20 12 668650
18 12 38856
21 1 529163
8 10 121338
9 11 25875
10 0 2289002
8 16 1360
11 13 39028
0 22 863007
12 14 9145
15 3 4876
13 15 219050
2 20 555863
0 12 2712590
1 9 41544
4 2 7413
2 14 15450
5 3 2780
6 8 186496
19 16 17286
17 0 1403751
7 13 2624569
20 11 341320
18 7 4789771
21 10 99051
22 1 3182
9 12 201827
10 11 574397
11 2 34135
9 22 8265
14 13 94293
12 5 48306
10 21 129244
15 8 24974088
13 8 75702
0 3 426845
1 2 1090716
2 9 1600
5 12 3673
3 20 2784165
6 3 3151
7 10 26335
20 18 1907690
16 18 4392
21 19 95284
17 19 803500
14 20 1331556
13 1 1903303
2 0 3252113
