470
7 3 4105
16 9 46022
19 4 10316507
17 20 47756
22 19 63925
20 7 1104535
18 19 547573
21 6 419698
8 5 18397
9 0 839769
10 7 320974
0 17 486247
14 1 22629
12 17 114755
15 4 11537078
13 20 4539498
4 5 24760
16 0 187717
19 13 169130
17 13 167394
7 22 451584
20 14 26330
18 10 447411
21 15 57048
8 12 8293
22 12 13721
9 9 3604
10 14 138
8 18 40
9 19 20971
14 8 158
12 8 140229
1 21 940198
15 13 9247
13 13 107006
2 18 315
0 14 1490
3 11 341567
1 15 931227
4 12 905
2 12 276379
5 1 9200
16 7 316930
6 14 352
19 18 1811
17 6 61644
7 15 1686245
20 21 355846
18 5 69541
21 8 57027
22 7 18333
10 9 591010
11 4 15322
9 20 3879744
14 19 4083
12 7 388583
10 19 286676
15 10 176822
13 6 2436671
0 5 9786940
1 0 7843255
4 11 17996
2 7 9475
5 10 47214
3 22 3668
7 4 2427
5 20 3874704
16 20 3220577
21 17 58374
19 1 128300
17 17 2486
18 22 36559
8 0 1304817
15 19 19514107
11 19 157363
12 20 593963
16 11 1641
6 18 47176
19 6 188905
17 10 320377
20 1 477958
18 17 284413
21 4 4002
8 7 2816031
9 6 5586288
10 5 549189
11 8 197769
0 19 428566
14 7 194658
12 19 357429
1 18 7765
15 6 91026
13 18 12162
0 9 24343
4 7 436990
5 6 108687
16 2 635
6 21 232563
19 15 17292593
7 16 10114
20 8 15299750
18 8 50264
21 13 517575
22 2 613101
9 15 155322
10 12 280508
8 20 25754897
11 1 523766
9 17 2490
12 10 985209
10 22 37692
15 15 36980
13 11 126483
2 16 796
0 0 22263858
3 13 41873
1 13 4889323
4 14 2927
2 10 496187
5 15 59945
3 19 372144
6 12 7279738
4 20 30647179
19 20 40331275
17 4 2781
7 9 97110
18 3 140
21 22 9686
11 6 711662
14 17 88
12 1 36856
10 17 29971
15 20 2867449
13 4 174525
0 7 2148166
2 5 616
5 8 13583
6 7 7497249
4 19 14459930
7 6 238634
5 18 912
16 22 52
19 3 4508
20 4 18735
18 20 70938301
8 2 48472
9 3 310
11 21 82278
14 2 629
12 22 6939
3 1 33612
16 13 255810
6 16 79873
19 8 151508
17 8 116576
7 21 72257677
20 3 2337
18 15 2501319
21 2 19117
8 9 5945
22 9 53
9 4 2272
10 3 856689
11 10 253911
0 21 392377
14 5 125
12 13 9822857
1 16 669902
15 0 15604095
13 16 14001
0 11 899564
3 6 120053
4 1 38173
5 4 30133
16 4 118
6 11 170120
17 1 293309
7 18 582817
20 10 1525008
18 6 327865
21 11 127093
22 0 56234
9 13 836602
8 22 212
11 3 363127
14 12 240
12 4 37234
10 20 3414570
15 9 960763
13 9 9631
0 2 610100
3 15 35838
1 3 49245
4 8 99685
2 8 14517
5 13 2508120
3 21 2972
6 2 460049
4 22 5937
19 22 13564
7 11 1548000
20 17 47155
18 1 297066
16 17 168
21 20 2097569
12 3 256
13 2 76195
1 4 146741
6 5 22136
7 0 3140979
16 8 576
19 5 6833
17 21 45891
22 18 3128
20 6 3248621
18 18 153030
21 7 1184543
8 4 84866
9 1 55956
0 16 143816
14 0 87216
12 16 6365
15 5 196
13 21 137685
16 15 235942
6 22 72961
19 10 147057
17 14 96
20 13 1638434
18 13 6404452
21 0 441319
8 11 78841
22 15 40
9 10 558971
11 12 50593
12 15 22206
1 22 150122
15 2 339198
13 14 3193988
2 21 26373
0 13 2961428
3 8 7724
1 8 809022
2 15 733285
5 2 1553
16 6 46677
6 9 6888
19 19 29631549
17 7 591231
7 12 339480
20 20 3653129
18 4 3773
21 9 223183
22 6 63881
10 8 82666
11 5 8186
9 21 3967131
14 18 38
12 6 4057584
10 18 7880
15 11 1500
13 7 1714582
0 4 70317
4 10 159226
2 6 1984092
5 11 11245
6 0 2008721
7 5 1517249
5 21 34673
20 19 97332
16 19 23621
21 18 13315
17 18 265
14 21 80
15 16 3899838
13 0 6784414
11 16 1428
2 1 100943
7 2 18645
16 10 170372
19 7 1562948
22 16 418
20 0 13358379
18 16 3224
21 5 110263
8 6 111817
22 10 60357
9 7 1423387
10 4 69453
11 9 4308
0 18 122033
14 6 3415
12 18 18306
1 19 513262
15 7 1103210
13 19 268390
0 8 91893
3 5 717
4 6 39234
5 7 950720
16 1 12337
6 20 2309036
19 12 23911
17 12 10089
7 17 16501
20 15 461490
18 11 66163
21 14 240
8 13 161107
22 13 701
9 8 40701
10 15 243103
8 19 4868360
11 14 200
9 18 9247
14 9 85
12 9 86335
1 20 7932317
15 12 408605
13 12 2244180
2 19 17345
0 15 778599
3 10 291368
1 14 2765
4 13 12324
2 13 2874137
5 0 12136319
3 16 73
6 15 210266
17 5 6389
7 14 104
20 22 25471
18 2 12935
22 4 1304
11 7 166762
12 0 1039990
10 16 273267
13 5 6837867
0 6 2400800
1 7 623665
2 4 120
5 9 26048
6 6 225213
4 18 1500
7 7 14133748
5 19 70498
16 21 10944
21 16 5194
19 0 2824808
17 16 165
8 1 106475
15 18 1997904
11 18 700
12 21 607224
16 12 1817
6 19 342173
19 9 54292
20 2 95721
18 14 94
21 3 208
22 8 8064
9 5 222502
10 2 301907
0 20 9522925
12 12 90667
1 17 1050783
15 1 169411
13 17 9002
2 22 190127
0 10 3512054
3 7 35606
1 11 639864
4 0 2454254
16 3 52
17 2 3179
7 19 1332152
20 9 482805
18 9 13228
21 12 668324
8 15 13086303
22 3 118
9 14 104
10 13 2178814
8 21 44
11 0 575561
9 16 25501
14 15 3932
12 11 96191
15 14 168
13 10 2751457
2 17 38
0 1 1539043
3 12 2371
1 12 2469921
4 15 13542117
2 11 24377
6 13 5730218
7 8 24673
20 16 1567301
18 0 4263980
21 21 248678
12 2 46882
1 5 120994
6 4 77719
7 1 29717
5 17 312
19 2 121708
20 5 68072
18 21 23994
8 3 144
9 2 457837
11 20 1023904
13 22 5844
3 0 223695
19 11 155322
7 20 5659019
22 20 49265
20 12 453702
18 12 387390
21 1 489195
8 10 144428
22 14 90
9 11 58982
10 0 2464432
8 16 132
11 13 1137511
0 22 138406
14 10 56236
12 14 2154
15 3 328
13 15 4380
2 20 190492
0 12 803635
1 9 163267
4 2 1003
2 14 1552
5 3 96
6 8 162735
19 16 1706
17 0 318077
7 13 3695351
20 11 298898
18 7 4699241
21 10 481429
22 1 882
9 12 49477
10 11 82648
11 2 2552
9 22 938
14 13 85242
12 5 170252
10 21 854863
15 8 21600556
13 8 95048
0 3 349470
3 14 204
1 2 1237615
4 9 8500
2 9 100
5 12 9283
3 20 2390940
6 3 3106
7 10 280363
5 22 136
20 18 1364236
21 19 16434
17 19 551158
14 20 1315607
13 1 346679
2 0 2040108
