474
7 3 5820
16 9 57184
19 4 11630104
17 20 2743677
22 19 105870
20 7 1234817
18 19 629501
21 6 275102
8 5 16690
9 0 775964
10 7 162988
0 17 899634
14 1 511
12 17 17367
15 4 14332486
13 20 9817176
3 2 40
4 5 520
16 0 153215
19 13 262312
17 13 411918
7 22 5385
20 14 3376
18 10 305406
21 15 91346
8 12 7346
22 12 7509
9 9 12284
10 14 52
8 18 58
9 19 21359
14 8 48
12 8 115617
1 21 651902
15 13 39948
13 13 116946
2 18 1500
0 14 16670
3 11 4444
1 15 552459
4 12 1740
2 12 392152
5 1 57280
3 17 4556
16 7 528993
6 14 21093
19 18 12537
17 6 192804
7 15 1415584
20 21 685252
18 5 27570
21 8 62760
22 7 6874
10 9 6415
11 4 62127
9 20 2510258
14 19 4146
12 7 495368
10 19 274606
15 10 79012
13 6 4210494
0 5 9038733
1 0 4444395
4 11 28664
2 7 11589
5 10 53216
3 22 1500
7 4 6239
5 20 4293888
16 20 3407218
21 17 8233
19 1 254618
17 17 11574
18 22 5653
8 0 1468865
15 19 23202880
11 19 399596
12 20 668004
16 11 148
6 18 3666
19 6 78857
17 10 98508
20 1 358718
18 17 15239
21 4 79299
8 7 2534159
9 6 1424802
10 5 349107
11 8 149590
0 19 497571
14 7 233963
12 19 42237
1 18 56796
15 6 280140
13 18 13747
0 9 5563
4 7 611117
5 6 16794
16 2 328
6 21 179988
19 15 14800289
17 3 208
7 16 16347
20 8 18680190
18 8 133627
21 13 544011
8 14 194
9 15 204664
10 12 350370
8 20 26982911
11 1 79727
9 17 14004
12 10 910424
10 22 14195
15 15 21358
13 11 72416
2 16 1131
0 0 22891704
3 13 35121
1 13 5419718
4 14 47
2 10 228918
5 15 251013
3 19 1578
6 12 7752085
4 20 29105214
19 20 37899017
17 4 2352
7 9 219022
18 3 345
21 22 259096
22 5 424
11 6 512801
14 17 59
12 1 243458
10 17 519934
15 20 2225187
13 4 62554
0 7 2723494
2 5 86
5 8 14202
6 7 2721485
4 19 13718197
7 6 443957
5 18 3116
16 22 52
19 3 1896
20 4 23366
18 20 75876029
8 2 90000
9 3 2099
11 21 28613
14 2 507
12 22 32113
3 1 24058
16 13 219605
6 16 1683975
19 8 112010
17 8 127951
7 21 83198040
20 3 11937
18 15 3079774
21 2 45194
8 9 75182
9 4 11819
10 3 991787
11 10 202790
0 21 196238
12 13 834230
1 16 125467
15 0 17383658
13 16 15291
0 11 290643
3 6 67194
4 1 67652
5 4 31768
6 11 169230
17 1 292645
7 18 12030
20 10 4490653
18 6 341512
21 11 86773
22 0 171569
9 13 258615
8 22 9007
11 3 144
14 12 170
12 4 18434
10 20 2199139
15 9 823053
13 9 14860
0 2 866350
3 15 33862
1 3 67867
4 8 1181353
2 8 340
5 13 2444061
3 21 52
6 2 498340
4 22 1742
19 22 6432
7 11 24554
20 17 96900
18 1 763928
16 17 84
21 20 2963284
12 3 3283
13 2 37721
1 4 219926
6 5 118879
7 0 23623201
5 16 323
16 8 252
19 5 7982
17 21 13383
22 18 264
20 6 2640100
18 18 346612
21 7 1529969
8 4 76137
9 1 64660
0 16 188471
14 0 102064
12 16 7949
15 5 2897
13 21 747467
16 15 106258
6 22 79619
19 10 104451
20 13 1081274
18 13 6698345
21 0 1611902
8 11 145751
9 10 498777
11 12 38178
14 11 1418
12 15 58615
1 22 75901
15 2 740090
13 14 3902063
2 21 17255
0 13 3948813
3 8 4580
1 8 1034912
2 15 881811
5 2 3388
16 6 48972
6 9 20589
19 19 32456995
17 7 7383
7 12 1225167
20 20 2637659
18 4 107399
21 9 87848
22 6 19983
10 8 31192
11 5 9632
9 21 168878
12 6 2950043
10 18 2373
15 11 92
13 7 1228969
0 4 46346
4 10 64587
2 6 1760047
5 11 15308
6 0 570100
4 16 84
7 5 1668067
5 21 19726
20 19 52966
16 19 17488
21 18 16992
17 18 4509
14 21 263
15 16 5734473
13 0 6346791
11 16 5164
2 1 122096
7 2 19586
16 10 84675
19 7 960883
20 0 14370932
18 16 13130
21 5 145201
8 6 189069
22 10 9369
9 7 510235
10 4 26200
11 9 14267
0 18 27897
14 6 7133
12 18 18127
1 19 1101561
15 7 1386477
13 19 34758
0 8 330396
3 5 865
4 6 529817
5 7 1280613
16 1 13881
6 20 3934775
19 12 43087
17 12 4903
7 17 22037
20 15 124126
18 11 58601
21 14 3295
8 13 27874
22 13 5568
9 8 43631
10 15 230124
8 19 6096893
11 14 1694
9 18 18174
14 9 3764
12 9 39619
1 20 7781960
15 12 6791
13 12 238283
2 19 533
0 15 591426
3 10 79955
1 14 13882
4 13 68352
2 13 106654
5 0 11313560
3 16 1420
6 15 246329
19 21 14384
17 5 9753
7 14 2061
20 22 4464
18 2 49660
22 4 3228
11 7 16504
12 0 357881
10 16 49983
13 5 6067620
0 6 1293500
1 7 478711
2 4 112
5 9 79621
6 6 3380
4 18 107
7 7 647862
5 19 129863
16 21 12577
21 16 7082
19 0 3609769
17 16 1641
8 1 161326
15 18 2015617
11 18 489
12 21 769882
16 12 6099
6 19 134028
19 9 86475
17 9 783
20 2 835616
18 14 120
21 3 409
22 8 10676
9 5 33863
10 2 117032
0 20 12550178
12 12 91353
1 17 784380
15 1 12764
13 17 33033
0 10 3266230
3 7 5519
1 11 940564
4 0 3652328
19 14 59
17 2 52326
7 19 151306
20 9 630287
18 9 44285
21 12 75077
8 15 13918850
9 14 52
10 13 1819389
8 21 1500
11 0 431955
9 16 17693
14 15 4842
12 11 343754
15 14 741
13 10 1537804
2 17 29554
0 1 1730671
3 12 3442
1 12 852119
4 15 12898006
2 11 29510
5 14 48
3 18 38
6 13 2512321
7 8 71109
20 16 1732360
18 0 4655356
21 21 99310
14 22 3192
12 2 56877
1 5 385130
6 4 93349
7 1 105043
5 17 549
19 2 666
20 5 269994
18 21 114395
8 3 236
9 2 68510
11 20 856077
13 22 4763
3 0 248466
19 11 58383
7 20 21781526
22 20 34216
20 12 653881
18 12 134372
21 1 198674
8 10 277108
22 14 7452
9 11 20360
10 0 447313
8 16 5400
11 13 53177
0 22 169504
14 10 41244
12 14 5935
15 3 749
13 15 41781
2 20 132587
0 12 596037
1 9 106838
4 2 146
2 14 1408
16 5 99
6 8 84338
19 16 3327
17 0 299807
7 13 508536
20 11 596775
18 7 4464183
21 10 579594
22 1 268113
9 12 110472
10 11 137004
11 2 1215406
9 22 5846
14 13 216574
12 5 110825
10 21 550437
15 8 27853552
13 8 118222
0 3 420624
3 14 59
1 2 3831693
4 9 38598
2 9 104
5 12 4447
3 20 2167340
6 3 22114
7 10 461738
5 22 136
20 18 1653528
16 18 52
21 19 76665
17 19 304032
14 20 1999960
13 1 319266
2 0 1900265
