459
7 3 4872
16 9 39418
19 4 5549137
17 20 191297
22 19 17084
20 7 641887
18 19 547149
21 6 751617
8 5 6950
9 0 1101915
10 7 52373
0 17 388440
14 1 4273
12 17 15143
15 4 8915634
13 20 779247
16 0 170826
19 13 29997
17 13 170921
7 22 369928
20 14 1828
18 10 675256
21 15 58314
8 12 11251
22 12 132
9 9 4138
10 14 1521
8 18 40
9 19 7339
12 8 167029
1 21 680533
15 13 14756
13 13 46689
2 18 1540
0 14 6916
1 15 491556
4 12 5504
2 12 280676
5 1 82658
3 17 130640
16 7 327876
6 14 40
19 18 9120
17 6 407325
7 15 1235824
20 21 44823
18 5 21514
21 8 49504
22 7 16047
10 9 926
11 4 5499
9 20 1673203
14 19 1616
12 7 130906
10 19 343960
15 10 41089
13 6 2844861
0 5 6975774
1 0 2789943
4 11 31483
2 7 14193
5 10 31282
3 22 56
7 4 218
5 20 3624035
16 20 3254176
21 17 1554
19 1 236971
17 17 5892
18 22 197488
8 0 1372091
15 19 13291604
11 19 16237
12 20 560090
6 18 7576
19 6 331715
17 10 16000
20 1 392320
18 17 8298
21 4 11236
8 7 2174940
9 6 1594357
10 5 13608
11 8 159353
0 19 264313
14 7 214052
12 19 37254
1 18 25433
15 6 69533
13 18 10398
0 9 1005
4 7 446899
5 6 8235
16 2 655
6 21 98810
19 15 14602723
17 3 3972
7 16 5023
20 8 10134554
18 8 49913
21 13 325408
9 15 278717
10 12 360440
8 20 20511145
11 1 465632
9 17 6319
12 10 879618
10 22 6956
15 15 36923
13 11 14598
2 16 2203
0 0 18610491
3 13 159607
1 13 3473613
2 10 314604
5 15 199434
3 19 17629
6 12 22822816
4 20 23756857
19 20 32957662
17 4 1605
7 9 3665
18 3 52
21 22 124
11 6 410209
14 17 182
12 1 16322
10 17 152583
15 20 900270
13 4 1675
0 7 1910627
1 6 60
2 5 6900
5 8 11414
6 7 12300427
4 19 11348556
7 6 487509
5 18 4644
19 3 146
20 4 45532
18 20 72926680
8 2 158
9 3 362
11 21 119406
14 2 3281
12 22 4786
3 1 30192
16 13 293974
6 16 199963
19 8 80890
17 8 1380177
7 21 47384929
20 3 1632
18 15 2354813
21 2 26078
8 9 41276
9 4 96
10 3 985194
11 10 647579
0 21 67554
12 13 993662
1 16 88292
15 0 11639482
13 16 16383
0 11 156164
3 6 27302
4 1 1638
5 4 88
6 11 129875
17 1 614384
7 18 12102
20 10 2405545
18 6 176704
21 11 43466
22 0 12392
9 13 171063
8 22 1462
12 4 52060
10 20 2038972
15 9 435084
13 9 33920
0 2 347256
3 15 8226
1 3 19979
4 8 24328
2 8 60
5 13 2327628
3 21 1576
6 2 485707
4 22 1433
19 22 1748
7 11 379463
20 17 2298854
18 1 242755
16 17 111
21 20 2494398
12 3 502
13 2 20669
1 4 113723
2 3 38
6 5 164462
7 0 1702281
5 16 277
19 5 20501
17 21 152
22 18 1552
20 6 2172275
18 18 196656
21 7 1025273
8 4 1214
9 1 86423
0 16 438421
14 0 87669
12 16 9433
15 5 187
13 21 31241
16 15 96219
6 22 62428
19 10 100775
20 13 677449
18 13 6147686
21 0 1518494
8 11 70345
9 10 581311
11 12 18877
14 11 1330
12 15 23720
1 22 161047
15 2 412800
13 14 1871664
2 21 4950
0 13 1560456
1 8 781828
2 15 868870
5 2 160
16 6 20414
6 9 8661
19 19 22514232
17 7 6122
7 12 222393
20 20 2053734
18 4 44273
21 9 293970
22 6 110854
10 8 71170
11 5 41017
9 21 47938
14 18 87
12 6 10259338
10 18 58
13 7 3123643
0 4 238133
4 10 92572
2 6 1847182
5 11 14344
6 0 643033
7 5 2048018
5 21 16110
20 19 800344
16 19 9837
21 18 17879
17 18 1461
14 21 139
15 16 2680155
13 0 4765559
11 16 4494
2 1 21315
7 2 6905
16 10 53388
19 7 965131
22 16 52
20 0 9772250
18 16 8580
21 5 46936
8 6 49907
22 10 4509
9 7 759610
10 4 17974
11 9 1525
0 18 14763
14 6 4765
12 18 15402
1 19 1672819
15 7 1481817
13 19 20388
0 8 70722
3 5 166
4 6 181203
5 7 1093850
16 1 2298
6 20 2485136
19 12 8104
17 12 607
7 17 7197
20 15 598220
18 11 108670
21 14 534
8 13 122270
22 13 236256
9 8 7329
10 15 267590
8 19 4391403
11 14 112
9 18 2245
14 9 567
12 9 15086
1 20 6485206
15 12 3929
13 12 460496
2 19 48080
0 15 1259744
3 10 147057
1 14 12825
4 13 34754
2 13 18646
5 0 11114689
3 16 40
6 15 186131
19 21 2208
17 5 60
7 14 120
20 22 2641
18 2 22366
22 4 436
11 7 22235
12 0 1088216
10 16 101779
15 21 25296
13 5 4219353
0 6 1987134
1 7 293160
5 9 56891
6 6 79078
4 18 8168
7 7 819053
5 19 161164
16 21 5202
21 16 7277
19 0 2545997
17 16 40
8 1 57668
15 18 1365519
11 18 6507
12 21 93777
16 12 14967
6 19 436409
19 9 66523
17 9 238
20 2 14632
18 14 58
21 3 312
22 8 12392
9 5 48572
10 2 1053475
0 20 8807013
12 12 68918
1 17 486100
15 1 12928
13 17 7255
2 22 40
0 10 1814167
3 7 4008
1 11 989650
4 0 1873474
17 2 52
7 19 68426
20 9 291721
18 9 36906
21 12 269734
8 15 11206576
9 14 359
10 13 1196306
8 21 4108
11 0 381561
9 16 8828
14 15 11081
12 11 169237
13 10 1719592
2 17 3883
0 1 1852124
3 12 11835
1 12 692934
4 15 12121397
2 11 344
6 13 2848434
4 21 140
7 8 37986
20 16 816163
18 0 4558871
21 21 123569
12 2 30290
1 5 92277
6 4 38329
7 1 26149
5 17 104
19 2 3348
20 5 20549
18 21 91948
8 3 57
9 2 477816
11 20 298607
13 22 12176
3 0 116548
19 11 58044
7 20 18234515
22 20 40279
20 12 895672
18 12 40494
21 1 186149
8 10 114099
9 11 15082
10 0 693875
8 16 1500
11 13 99806
0 22 7713
14 10 51791
12 14 97
15 3 201
13 15 52462
2 20 123697
0 12 324425
1 9 23783
4 2 316
2 14 300
5 3 136
16 5 1352
6 8 82243
19 16 362
17 0 987364
7 13 30225463
20 11 519132
18 7 3601500
21 10 279767
22 1 540
9 12 47894
10 11 35690
11 2 1059
9 22 357
14 13 99582
12 5 25465
10 21 234321
15 8 15954863
13 8 172898
0 3 146581
1 2 300195
4 9 6088
2 9 40
5 12 5059
3 20 1654584
6 3 8649
7 10 896602
5 22 232
20 18 1129896
16 18 1500
21 19 37605
17 19 30312
14 20 1211525
13 1 617269
2 0 1366934
