440
7 3 3376
16 9 20795
19 4 4663369
17 20 156577
22 19 11210
20 7 1110637
18 19 476703
21 6 865681
8 5 4028
9 0 880695
10 7 289193
0 17 149581
14 1 1935
12 17 7258
15 4 7612357
13 20 1072231
3 2 38
4 5 283
16 0 166742
19 13 35767
17 13 172818
7 22 10108
20 14 104
18 10 737962
21 15 60466
8 12 5361
22 12 52
9 19 3732
12 8 206582
1 21 676851
15 13 21937
0 14 166
3 11 48
1 15 498469
4 12 1044
2 12 241895
5 1 20219
16 7 182021
6 14 1540
19 18 19747
17 6 634424
7 15 1566549
20 21 238041
18 5 32251
21 8 79361
22 7 5229
10 9 128800
11 4 31051
9 20 2497751
14 19 1265
12 7 301143
10 19 254952
15 10 102388
13 6 7573749
0 5 5900913
1 0 2678191
4 11 27221
2 7 27435
5 10 15099
3 22 140
7 4 3203
5 20 3525620
16 20 3039297
21 17 3019
19 1 255845
18 22 174528
8 0 1157529
15 19 11452114
11 19 11028
12 20 396935
16 11 117
6 18 2891
19 6 533875
17 10 59624
20 1 674393
18 17 11125
21 4 12351
8 7 2134369
9 6 6335639
10 5 13258
11 8 77254
0 19 153842
14 7 162481
12 19 44390
1 18 27850
15 6 64348
13 18 13894
0 9 193642
4 7 260480
5 6 9718
16 2 112
6 21 79011
19 15 14625465
7 16 23994
20 8 8727312
18 8 34806
21 13 364516
22 2 206
9 15 50878
10 12 303835
8 20 16682904
11 1 78378
9 17 9714
12 10 862744
10 22 13114
13 11 15363
2 16 1200
3 13 131676
1 13 2600069
2 10 395022
5 15 257506
3 19 8880
6 12 20977049
4 20 24492180
19 20 31565773
17 4 1020
7 9 25671
18 3 224
21 22 455
22 5 140
11 6 513484
12 1 16446
10 17 30865
15 20 988290
13 4 1400
0 7 1844774
5 8 1793
6 7 6117487
4 19 9326366
7 6 249508
5 18 531
19 3 40
20 4 29005
18 20 70802211
9 3 218
11 21 13802
12 22 363
3 1 886
16 13 174905
6 16 33941
19 8 29122
17 8 47267
7 21 48045238
20 3 962
18 15 2422541
21 2 8472
8 9 14600
9 4 462
10 3 1075183
11 10 270921
0 21 53745
12 13 804787
1 16 77711
15 0 10235045
13 16 7735
0 11 264445
3 6 35405
4 1 8147
16 4 64
6 11 159136
17 1 38801
7 18 12802
20 10 2507386
18 6 175262
21 11 57735
22 0 31306
9 13 130153
8 22 9814
11 3 60
14 12 292
12 4 29048
10 20 2826151
15 9 350225
13 9 4364
0 2 325582
3 15 24076
1 3 20177
4 8 19605
5 13 2351622
6 2 462195
4 22 3893
19 22 3805
7 11 306760
20 17 2614342
18 1 129603
16 17 123
21 20 2507102
12 3 644
13 2 31699
1 4 95810
2 3 128
6 5 159013
7 0 2621070
5 16 40
16 8 40
19 5 8722
17 21 40661
22 18 108
20 6 1977180
21 7 931037
8 4 5218
9 1 33326
0 16 18579
14 0 70027
12 16 14389
15 5 2229
13 21 53054
16 15 95130
6 22 66555
19 10 140573
20 13 276364
18 13 5147767
21 0 239136
8 11 90586
9 10 230574
11 12 8695
14 11 156
12 15 576335
1 22 166432
15 2 456183
13 14 1773442
2 21 9752
0 13 1921560
3 8 794402
1 8 253228
2 15 929857
16 6 14235
6 9 7001
17 7 1454
7 12 220974
18 4 27112
21 9 66172
22 6 60385
10 8 105523
11 5 8106
9 21 84801
14 18 128
12 6 4369582
10 18 164
13 7 2369984
0 4 743188
4 10 147679
2 6 1805109
5 11 4572
6 0 537699
4 16 36
7 5 1768419
5 21 12102
20 19 69146
16 19 12114
21 18 7584
17 18 267
14 21 1627
15 16 2935096
13 0 3572393
11 16 5987
2 1 22330
7 2 17738
16 10 38958
19 7 968283
20 0 9302435
18 16 5996
21 5 50044
8 6 97828
22 10 9326
9 7 336895
10 4 18795
0 18 17506
14 6 336
12 18 13331
1 19 199313
15 7 1500973
13 19 40208
0 8 81986
4 6 46077
5 7 1126071
16 1 1059
6 20 1818544
19 12 13454
17 12 1676
7 17 6127
20 15 1802298
18 11 56060
21 14 53919
8 13 53468
22 13 424684
9 8 11202
10 15 195939
8 19 3389995
11 14 2751
9 18 18310
14 9 48
12 9 35319
1 20 3626868
15 12 21144
13 12 378270
2 19 81735
0 15 696210
3 10 299095
1 14 20006
4 13 25830
2 13 17506
5 0 11175641
3 16 2840
6 15 208290
19 21 84
7 14 302
20 22 2685
18 2 8612
22 4 323
11 7 43520
12 0 996110
10 16 13207
13 5 3645189
0 6 1925110
1 7 300390
5 9 34304
4 18 1500
5 19 156691
16 21 3810
21 16 8180
19 0 3147573
17 16 3068
8 1 54811
15 18 1204041
11 18 1780
12 21 254397
16 12 1647
6 19 183237
19 9 68940
20 2 17264
18 14 92
21 3 40
22 8 17873
9 5 14494
10 2 1007305
0 20 7162538
1 17 368664
15 1 43568
13 17 11019
2 22 120
0 10 1686017
3 7 5562
1 11 602327
4 0 1470567
16 3 72
19 14 102
17 2 176
7 19 52855
20 9 282281
18 9 65175
21 12 215354
8 15 9546791
9 14 3052
10 13 1564621
8 21 1420
11 0 524885
9 16 14605
14 15 15131
12 11 159715
15 14 64
13 10 2450054
2 17 440
0 1 1542302
3 12 7000
1 12 812057
4 15 11912035
2 11 4445
3 18 1420
6 13 4667359
7 8 35884
20 16 570885
18 0 4381128
12 2 47328
1 5 76731
6 4 40075
7 1 30324
5 17 484
19 2 3376
20 5 38957
18 21 104620
8 3 14821
9 2 440626
11 20 169826
13 22 8117
3 0 143527
19 11 17197
7 20 34472125
22 20 38719
20 12 1618338
18 12 15196
21 1 171797
8 10 104133
22 14 112
9 11 31918
10 0 1046952
11 13 40365
0 22 530641
14 10 36577
12 14 8433
15 3 2632
13 15 47380
2 20 68181
0 12 296127
1 9 5749
4 2 53
2 14 58
5 3 124
16 5 220
6 8 133980
19 16 12509
17 0 1302046
7 13 24764818
20 11 495298
18 7 3612336
21 10 294476
22 1 893
9 12 39191
10 11 385327
11 2 5066
9 22 250
14 13 147100
12 5 27519
10 21 249073
15 8 14818546
13 8 28167
0 3 119316
1 2 287629
4 9 13208
5 12 6149
3 20 1903749
6 3 12302
7 10 280093
5 22 40
20 18 1047184
21 19 6253
17 19 14169
14 20 1265429
13 1 342568
2 0 1778993
