474
7 3 2196
16 9 122500
19 4 12555800
17 20 806492
22 19 23218
20 7 1299136
18 19 598639
21 6 312526
8 5 8690
9 0 880477
10 7 56520
0 17 1380605
14 1 636
12 17 32040
15 4 12759028
13 20 3324905
3 2 10860
4 5 200
16 0 238839
19 13 107405
17 13 235275
7 22 6614
20 14 8968
18 10 794361
21 15 109613
8 12 17110
22 12 296
9 9 24945
10 14 312
8 18 241
9 19 138414
14 8 1502
12 8 160477
1 21 547006
15 13 15766
13 13 67218
2 18 52
0 14 258
3 11 247
1 15 505903
4 12 24540
2 12 386142
5 1 7068
3 17 154935
16 7 683644
6 14 1721
19 18 13941
17 6 466964
7 15 1288694
20 21 1635997
18 5 19143
21 8 42533
22 7 6864
10 9 23420
11 4 15533
9 20 2603248
14 19 6140
12 7 156303
10 19 470864
15 10 48461
13 6 2078923
0 5 5583800
1 0 3747298
4 11 8293
2 7 27820
5 10 76706
3 22 1590
7 4 7736
5 20 3670802
16 20 4162278
21 17 771733
19 1 426348
17 17 4020
18 22 15845
8 0 1301510
15 19 22976758
11 19 177612
12 20 666925
16 11 4446
6 18 2054
19 6 462183
17 10 117892
20 1 1201567
18 17 84509
21 4 19171
8 7 2673344
9 6 1222465
10 5 800794
11 8 82145
0 19 452086
14 7 209053
12 19 41687
1 18 49296
15 6 36239
13 18 11915
0 9 2116
3 4 3000
4 7 302371
5 6 11627
16 2 2256
6 21 174163
19 15 14296386
17 3 3727
7 16 61224
20 8 15028486
18 8 98330
21 13 575446
8 14 87
22 2 171
9 15 127091
10 12 621741
8 20 22105262
11 1 56338
9 17 39200
12 10 755691
10 22 25867
15 15 38340
13 11 34423
2 16 3413
0 0 18936578
3 13 34420
1 13 2737241
2 10 189331
5 15 87832
3 19 19078
6 12 31834068
4 20 25314824
19 20 35870648
17 4 27673
7 9 15308
18 3 176
21 22 1330
22 5 1177
11 6 378684
12 1 27869
10 17 1052950
15 20 3020919
13 4 14100
0 7 2236205
2 5 707
5 8 19723
6 7 8662005
4 19 15253011
7 6 141971
16 22 52
19 3 218
20 4 32202
18 20 68870304
8 2 40
9 3 48
11 21 12245
14 2 543
12 22 1656
3 1 3327
16 13 200173
6 16 178487
19 8 132265
17 8 13725
7 21 63523733
20 3 6358
18 15 2726818
21 2 17375
8 9 30180
9 4 2194
10 3 964219
11 10 157323
0 21 201088
12 13 273256
1 16 370361
15 0 13123750
13 16 134074
0 11 174856
3 6 17527
4 1 16164
5 4 1541
6 11 170164
17 1 868622
7 18 9325
20 10 5813524
18 6 126794
21 11 58517
22 0 21889
9 13 275843
8 22 5674
11 3 885
14 12 555
12 4 550808
10 20 3513448
15 9 714568
13 9 2775
0 2 147185
3 15 6476
1 3 14576
4 8 109940
2 8 80
5 13 2016498
3 21 217
6 2 302352
4 22 7290
19 22 14157
7 11 325693
20 17 43858
18 1 183386
21 20 3089529
12 3 522
13 2 37893
1 4 186217
2 3 11592
6 5 270620
7 0 2087277
5 16 96
16 8 190
19 5 8373
17 21 2089
20 6 2458550
18 18 137484
21 7 1298074
8 4 801625
9 1 89898
0 16 222476
14 0 127263
12 16 29743
15 5 1705
13 21 74200
16 15 123510
6 22 31557
19 10 90035
20 13 1393909
18 13 6166596
21 0 456169
8 11 55739
9 10 549764
11 12 16893
14 11 6724
12 15 46910
1 22 100389
15 2 608803
13 14 3929936
2 21 21806
0 13 1972247
1 8 270707
4 3 200
2 15 1020651
5 2 59
16 6 31816
6 9 7189
19 19 25071726
17 7 213449
7 12 905523
20 20 3194037
18 4 31313
21 9 72360
22 6 3894
10 8 57616
11 5 15237
9 21 62784
12 6 1378189
10 18 269
13 7 3957653
0 4 26631
4 10 119302
2 6 1927233
5 11 647
6 0 688792
7 5 1430199
5 21 8904
20 19 540302
16 19 56017
21 18 4771
17 18 1500
14 21 1630
15 16 9556827
13 0 5117100
11 16 5700
2 1 664051
7 2 11522
16 10 146112
19 7 1010155
22 16 1500
20 0 11118980
18 16 77844
21 5 62388
8 6 58720
22 10 9201
9 7 610222
10 4 210737
11 9 62
0 18 14649
14 6 80
12 18 7795
1 19 451538
15 7 1802659
13 19 409953
0 8 1153109
3 5 811
4 6 79424
5 7 910913
16 1 6790
6 20 2327814
19 12 10475
17 12 6564
7 17 5357
20 15 203177
18 11 126752
21 14 529
8 13 16431
22 13 101
9 8 32689
10 15 43591
8 19 3844191
11 14 2872
9 18 22737
14 9 2131
12 9 20785
1 20 6363493
15 12 3719
13 12 374527
2 19 10670
0 15 732896
3 10 79588
1 14 15495
4 13 21665
2 13 20050
5 0 11544946
3 16 2800
6 15 91075
17 5 454
7 14 919
20 22 780
18 2 37652
22 4 441
11 7 22580
14 16 604
12 0 655426
10 16 159320
13 5 3967553
0 6 1209274
1 7 372776
2 4 94804
5 9 46825
6 6 5847
4 18 172
7 7 632461
5 19 58725
16 21 13614
21 16 16834
19 0 2455931
17 16 3459
8 1 43545
15 18 1449599
11 18 11669
12 21 444306
16 12 25154
6 19 185239
19 9 58790
20 2 43297
18 14 47
21 3 336
22 8 3284
9 5 8304
10 2 468311
0 20 8369682
14 4 732
12 12 80404
1 17 822462
15 1 236002
13 17 4656
0 10 2611494
3 7 9278
1 11 730182
4 0 1454566
16 3 52
19 14 75
17 2 308
7 19 97237
20 9 436389
18 9 38639
21 12 60558
8 15 13429292
22 3 1476
9 14 678
10 13 1389943
8 21 172
11 0 629497
9 16 15589
14 15 1947
12 11 134766
13 10 1823021
2 17 4661
0 1 2073460
3 12 910
1 12 970752
4 15 12952392
2 11 21156
5 14 457
3 18 76
6 13 2414375
4 21 1260
7 8 13220
20 16 3527741
18 0 4022712
21 21 52644
12 2 25937
13 3 52
1 5 57207
6 4 90157
7 1 36317
5 17 1784
19 2 260
20 5 199709
18 21 23912
8 3 40
9 2 77651
11 20 562728
14 3 1290
13 22 319
3 0 147057
19 11 59714
7 20 30351725
22 20 16186
20 12 190899
18 12 58748
21 1 204952
8 10 113335
22 14 46
9 11 13144
10 0 983898
8 16 1500
11 13 49482
0 22 27546
14 10 72869
12 14 9957
15 3 134
13 15 251332
2 20 919256
0 12 63126
1 9 32652
4 2 5977
2 14 1650
5 3 147
6 8 117366
19 16 6709
17 0 1263311
7 13 35124845
20 11 1684004
18 7 4194298
21 10 520162
22 1 11220
9 12 56580
10 11 81471
11 2 5873
9 22 156
14 13 64601
12 5 74445
10 21 252496
15 8 24851426
13 8 27524
0 3 211324
3 14 52
1 2 456075
4 9 44436
2 9 70
5 12 5669
3 20 2055834
6 3 21371
7 10 185840
5 22 258
20 18 1084847
16 18 3162
21 19 91145
17 19 25449
14 20 1750446
13 1 2286780
2 0 1784169
