469
7 3 315
16 9 53947
19 4 16686703
17 20 1468265
22 19 2068194
20 7 1006562
18 19 138481
21 6 2182922
8 5 51737
9 0 2607137
10 7 285323
0 17 768405
14 1 2323
12 17 70870
15 4 1282442
13 20 1952187
3 2 1500
4 5 38229
16 0 2541252
19 13 87497
17 13 625589
7 22 393619
20 14 142730
21 15 44963
8 12 44662
22 12 43632
9 9 1536202
10 14 5716
8 18 36128
11 15 1594
9 19 212116
14 8 5452
12 8 131258
1 21 2792877
15 13 23594
13 13 105608
2 18 15334
0 14 11645
3 11 412564
1 15 1761726
4 12 55583
2 12 661111
5 1 7517
3 17 7500
16 7 5874
6 14 3496
19 18 31974
17 6 1201403
7 15 1231702
20 21 1774189
18 5 50772
21 8 31212
22 7 75031
10 9 859753
11 4 409037
9 20 1691465
14 19 6841
12 7 663232
10 19 961428
13 6 10792819
0 5 56452
1 0 6127238
4 11 156342
2 7 189920
3 22 38
4 17 83567
7 4 16449871
5 20 4932085
16 20 1337163
21 17 538155
19 1 505363
18 22 25327
8 0 28626377
15 19 1303723
11 19 435379
12 20 1285646
16 11 4724
6 18 506775
19 6 858003
20 1 886103
18 17 91714
21 4 15472
8 7 214067
9 6 6807294
10 5 366564
11 8 290616
0 19 371126
14 7 3197
12 19 287996
1 18 1600727
15 6 584455
13 18 241444
0 9 720980
3 4 1500
4 7 139676
5 6 184696
16 2 3116
6 21 674648
19 15 90798
17 3 344
7 16 74749
20 8 23441872
18 8 464238
21 13 1463847
8 14 6252
22 2 1599
9 15 257734
10 12 12195521
8 20 13955561
11 1 420771
9 17 99620
10 22 248646
15 15 2344
13 11 187880
2 16 892
0 0 40101041
3 13 40535
1 13 7427139
4 14 3052
5 15 36558
3 19 217713
6 12 15388901
4 20 13682622
19 20 16692529
17 4 30002
7 9 376904
18 3 1213
21 22 14847
22 5 21180
11 6 2221172
14 17 4257
12 1 380516
10 17 178917
15 20 390455
13 4 217715
0 7 1260691
2 5 443
5 8 18248
6 7 23945593
4 19 12862508
7 6 4638139
5 18 209473
16 22 261
19 3 6101
20 4 69863
18 20 16004249
8 2 16285
9 3 1319792
11 21 239559
14 2 9733
12 22 106974
3 1 11115
16 13 450895
6 16 145852
19 8 50227
17 8 251780
7 21 1509527
20 3 3214
18 15 44038
21 2 21148
8 9 10257
22 9 147
9 4 249208
0 21 1550059
14 5 69
12 13 434836
1 16 332285
15 0 190859
13 16 31187
0 11 1672370
3 6 3952
4 1 38821
5 4 35368
6 11 432216
19 17 563939
17 1 473189
7 18 396677
18 6 1357609
21 11 528866
22 0 171538
9 13 1054056
8 22 38730
11 3 7824
14 12 13719
12 4 27925
10 20 2805943
15 9 3688
13 9 142714
0 2 692454
3 15 212663
1 3 45712
4 8 288847
2 8 10358
5 13 4002321
3 21 20961
6 2 1235681
4 22 14032
19 22 763833
7 11 1776354
20 17 356731
18 1 1578786
16 17 4125
21 20 549846
12 3 19717
13 2 97521
1 4 406870
2 3 144
6 5 154799
7 0 4687316
16 8 3398
19 5 9088
17 21 29108
22 18 39935
20 6 5268083
18 18 366913
21 7 806161
8 4 2779569
9 1 97260
0 16 14248
14 0 1449569
12 16 218017
15 5 13447
13 21 717751
16 15 1299
6 22 197001
17 14 424
22 21 12201
20 13 2211526
18 13 9637858
21 0 2781854
8 11 315114
22 15 80
8 17 157217
11 12 166160
14 11 3419
12 15 333347
1 22 1333505
15 2 559365
13 14 1547152
2 21 50878
0 13 5599912
3 8 1500
1 8 1934497
4 3 120
2 15 738839
5 2 158
16 6 174878
6 9 87960
19 19 42778953
17 7 319384
7 12 13144830
20 20 462946
18 4 135113
21 9 3762459
22 6 269953
10 8 213709
11 5 38690
9 21 1256917
14 18 3156
12 6 4613161
10 18 575153
13 7 2458284
0 4 299916
2 6 1956546
5 11 92324
6 0 3546570
7 5 1918632
5 21 30560
20 19 1951129
16 19 1472
21 18 32096
17 18 40686
14 21 5623
15 16 57860
13 0 18413951
11 16 6051
2 1 1240869
7 2 120507
19 7 1312586
22 16 184
20 0 2134687
18 16 5266
21 5 310547
8 6 1210112
9 7 1101857
10 4 152489
11 9 158090
0 18 777982
14 6 236906
12 18 714921
1 19 2128597
15 7 3229244
13 19 2079888
0 8 723918
3 5 304
4 6 576075
5 7 99828
16 1 4622
6 20 3070759
19 12 49320
17 12 1427130
7 17 401981
20 15 877627
18 11 202436
21 14 725
8 13 311259
22 13 16361
9 8 72093
10 15 197888
8 19 15979987
11 14 1463
9 18 21956572
12 9 55309
1 20 17483981
15 12 304981
13 12 680779
2 19 52668
0 15 547655
1 14 98477
4 13 40667
2 13 231817
5 0 13021754
3 16 90
6 15 284009
19 21 122031
17 5 22563
7 14 2152863
20 22 293386
18 2 288774
22 4 20962
11 7 86614
12 0 1179154
10 16 141586
15 21 25187
13 5 6463238
0 6 11077058
1 7 1231301
2 4 96
5 9 3103
4 18 63198
7 7 6369229
5 19 7839
16 21 7070
21 16 76156
19 0 40580430
17 16 1620
8 1 452528
15 18 12156
11 18 89833
12 21 285978
16 12 9211
6 19 312021
19 9 35111
17 9 59310
20 2 680839
18 14 714
21 3 1571
22 8 63085
9 5 7768806
10 2 1187538
0 20 11006204
14 4 40
12 12 81260
1 17 1556956
15 1 74743
13 17 662989
2 22 80
3 7 10738
1 11 2941415
4 0 32422691
16 3 80
19 14 198
17 2 3546
7 19 32503175
20 9 2538127
18 9 253277
21 12 568627
8 15 140569
22 3 48
9 14 670
10 13 2728248
8 21 34487
11 0 1452595
9 16 4854159
14 15 3208
12 11 733999
15 14 422
2 17 39221
0 1 3162778
3 12 98141
1 12 3051524
4 15 58905
2 11 280533
3 18 8642
6 13 3029513
4 21 156387
7 8 24814787
20 16 4030467
18 0 44976475
21 21 129020
14 22 2787
12 2 180184
13 3 152
1 5 493823
6 4 262315
7 1 4898535
5 17 2386
19 2 149864
20 5 31263
18 21 71864
9 2 172991
11 20 2168748
13 22 125677
3 0 702743
16 14 40
6 17 407575
19 11 196781
17 15 80
7 20 2106599
22 20 43033
20 12 1722380
18 12 84731
21 1 1225690
22 14 48
9 11 59609
10 0 3087464
8 16 1889
11 13 168604
0 22 161497
12 14 23747
15 3 5849
13 15 190889
2 20 246412
0 12 2283209
3 9 54756
1 9 1429250
4 2 392
2 14 29383
6 8 315304
19 16 4218
17 0 572960
7 13 2781115
20 11 1762246
18 7 61427
22 1 18596
9 12 314276
10 11 638582
11 2 71951
9 22 55464
14 13 468728
12 5 69963
10 21 1536026
15 8 882249
13 8 234462
0 3 26999
1 2 2502597
4 9 3572
2 9 1640
5 12 7096
3 20 146161
6 3 288
5 22 31196
20 18 16349511
16 18 2238
21 19 85523
17 19 257141
14 20 385463
13 1 861317
2 0 2514351
