473
7 3 3714
16 9 70708
19 4 9726610
17 20 329319
22 19 16215
20 7 2122349
18 19 507045
21 6 614576
8 5 10925
9 0 584377
10 7 97152
0 17 798264
14 1 187
12 17 29887
15 4 14956350
13 20 3191953
3 2 320
4 5 1255
16 0 253689
19 13 235211
17 13 178410
7 22 11404
20 14 199498
18 10 609726
21 15 66504
8 12 5108
22 12 3361
9 9 37931
10 14 148
8 18 120
9 19 29747
14 8 104
12 8 105603
1 21 510727
15 13 34483
13 13 40173
0 14 1806
3 11 2940
1 15 696226
4 12 6376
2 12 347702
5 1 6290
3 17 133443
16 7 523474
6 14 5179
19 18 2958
17 6 590043
7 15 1256111
20 21 85373
18 5 4202
21 8 39369
22 7 6756
10 9 24134
11 4 49979
9 20 1916492
14 19 9041
12 7 345200
10 19 310858
15 10 239645
13 6 2329615
0 5 7488880
1 0 4299867
4 11 35721
2 7 22486
5 10 38078
3 22 38
7 4 60
5 20 3800920
16 20 4044459
21 17 18123
19 1 154004
17 17 4222
18 22 10695
8 0 1556313
15 19 9228943
11 19 63839
12 20 572221
16 11 555
6 18 10356
19 6 416442
17 10 665388
20 1 535594
18 17 68326
21 4 9333
8 7 3061821
9 6 363713
10 5 11119
11 8 228594
0 19 568633
14 7 224104
12 19 50509
1 18 23749
15 6 69866
13 18 16098
0 9 4580
3 4 3000
4 7 426742
5 6 28812
16 2 3952
6 21 107108
19 15 9165105
17 3 2832
7 16 5911
20 8 18151802
18 8 142657
21 13 582302
9 15 114674
10 12 149518
8 20 26893469
11 1 924192
9 17 31934
12 10 693216
10 22 20347
15 15 3861
13 11 350223
2 16 30685
0 0 20341312
3 13 78708
1 13 4272508
4 14 48
2 10 162932
5 15 93044
3 19 1678
6 12 12749088
4 20 27965286
19 20 23175135
17 4 1000
7 9 7273
18 3 1485
21 22 43483
22 5 264
11 6 560873
12 1 89672
10 17 107776
15 20 1729347
13 4 104601
0 7 2221484
2 5 6831
5 8 1642
6 7 1227676
4 19 15190452
7 6 109160
16 22 394
19 3 5462
20 4 26419
18 20 70031705
8 2 134
9 3 39140
11 21 12057
14 2 1651
12 22 25168
3 1 2816
16 13 303012
6 16 279220
19 8 9169
17 8 242500
7 21 73957965
20 3 3198
18 15 2413174
21 2 80573
8 9 47193
22 9 1500
9 4 3411
10 3 1221167
11 10 186325
0 21 49872
12 13 1734833
1 16 140622
15 0 12046250
13 16 28706
0 11 1370008
3 6 33280
4 1 34308
5 4 29456
6 11 127071
17 1 43219
7 18 8215
20 10 4707585
18 6 442432
21 11 48489
22 0 212019
9 13 352600
8 22 31498
11 3 88
14 12 680
12 4 38803
10 20 2380936
15 9 682370
13 9 1719
0 2 178418
3 15 236253
1 3 64284
4 8 168027
2 8 3040
5 13 2178258
3 21 197
6 2 485726
4 22 5956
19 22 264182
7 11 19568
20 17 592293
18 1 211780
16 17 3115
21 20 2401788
12 3 6296
13 2 38392
1 4 193887
2 3 18328
6 5 20784
7 0 1971984
5 16 182
16 8 323
19 5 2887
17 21 7887
22 18 418
20 6 2352688
18 18 211859
21 7 1241945
8 4 1023210
9 1 35569
0 16 32801
14 0 110437
12 16 27335
15 5 3391
13 21 57010
16 15 87090
6 22 43403
19 10 35897
17 14 60
20 13 1025945
18 13 6276600
21 0 390599
8 11 1029334
22 15 576
9 10 709270
11 12 27354
14 11 3044
12 15 104419
1 22 362188
15 2 476564
13 14 3831657
2 21 51873
0 13 2380391
3 8 13159
1 8 641153
4 3 160
2 15 697162
5 2 576
16 6 43045
6 9 19104
19 19 15050640
17 7 14094
7 12 202134
20 20 2811276
18 4 17807
21 9 51940
22 6 4952
10 8 47174
11 5 9137
9 21 56603
12 6 2823990
10 18 4990
13 7 519779
0 4 97529
4 10 198147
2 6 1835397
5 11 14550
6 0 1081095
7 5 1338563
5 21 21513
20 19 343507
16 19 34890
21 18 9850
14 21 6450
15 16 6019439
13 0 8509621
11 16 6228
2 1 29974
7 2 33538
16 10 112904
19 7 328678
20 0 11975370
18 16 5110
21 5 308943
8 6 39655
22 10 21002
9 7 620937
10 4 35802
11 9 40
0 18 4998
14 6 408
12 18 6502
1 19 1221054
15 7 936033
13 19 60647
0 8 478145
3 5 3593
4 6 34551
5 7 810538
16 1 5223
6 20 1919431
19 12 678
17 12 22827
7 17 22331
20 15 423385
18 11 174867
21 14 345
8 13 38761
22 13 117264
9 8 15059
10 15 462043
8 19 6380062
11 14 228
9 18 12294
14 9 3964
12 9 198041
1 20 6062398
15 12 6431
13 12 760424
2 19 29924
0 15 1550302
3 10 63229
1 14 4872
4 13 29615
2 13 44687
5 0 11331525
3 16 12000
6 15 114005
17 5 762
20 22 3504
18 2 4707
22 4 2105
11 7 14186
12 0 408004
10 16 153525
15 21 76
13 5 4128063
0 6 1385779
1 7 563775
2 4 128
5 9 60950
6 6 15422
4 18 36
7 7 883076
5 19 251118
16 21 81902
21 16 17524
19 0 806757
17 16 3938
8 1 47627
15 18 1376890
11 18 10003
12 21 899348
16 12 9297
6 19 433451
19 9 31549
17 9 3000
20 2 62075
18 14 4550
21 3 111
22 8 7788
9 5 465
10 2 87600
0 20 8175364
14 4 181
12 12 84356
1 17 478510
15 1 231384
13 17 27408
0 10 6714001
3 7 5194
1 11 1063474
4 0 1727207
16 3 104
19 14 48
17 2 3402
7 19 106609
20 9 521307
18 9 52555
21 12 130798
8 15 14552051
9 14 1340
10 13 1517361
8 21 972
11 0 416593
9 16 17531
14 15 15107
12 11 149228
15 14 2298
13 10 2069434
2 17 9270
0 1 2104430
3 12 2101
1 12 857395
4 15 13649185
2 11 9685
3 18 2840
6 13 4382690
4 21 6000
7 8 105179
20 16 2640586
18 0 3793750
21 21 47771
14 22 505
12 2 44711
1 5 130973
6 4 24838
7 1 252906
5 17 80
19 2 2764
20 5 114140
18 21 60684
8 3 842
9 2 111600
11 20 379167
14 3 128
13 22 2061
3 0 267416
19 11 44473
7 20 3248206
22 20 131188
20 12 156660
18 12 161855
21 1 693090
8 10 169315
9 11 5120
10 0 1541222
8 16 48
11 13 40662
0 22 374921
14 10 55781
12 14 3146
15 3 5264
13 15 42052
2 20 61379
0 12 86953
1 9 82896
4 2 1540
2 14 576
5 3 1787
16 5 1495
6 8 228667
17 0 1871459
7 13 449402
20 11 99705
18 7 4537617
21 10 623516
22 1 85198
9 12 160847
10 11 206221
11 2 46057
9 22 2968
14 13 127558
12 5 76251
10 21 484063
15 8 25744160
13 8 52884
0 3 183485
1 2 691701
4 9 28846
2 9 644
5 12 111901
3 20 2733554
6 3 6834
7 10 408214
5 22 116
20 18 1254679
16 18 171
21 19 56638
17 19 19507
14 20 2153480
13 1 956480
2 0 1959625
