467
7 3 7136
16 9 80705
19 4 10714748
17 20 154592
22 19 55670
20 7 2154561
18 19 548817
21 6 1436948
8 5 4453
9 0 1180226
10 7 31355
0 17 4830804
14 1 1679
12 17 157669
15 4 14246140
13 20 1970127
3 2 1400
4 5 542
16 0 192536
19 13 16674
17 13 113490
7 22 25991
20 14 1069
18 10 506140
21 15 54883
8 12 6063
22 12 841
9 9 4844
10 14 100
8 18 676
9 19 110465
14 8 240
12 8 150413
1 21 544002
15 13 64914
13 13 31535
0 14 1570
3 11 1907
1 15 1008613
4 12 4868
2 12 460607
5 1 14167
3 17 85396
16 7 506423
6 14 214
19 18 899
17 6 436706
7 15 888964
20 21 55039
18 5 17858
21 8 24645
22 7 6247
10 9 11312
11 4 15984
9 20 1830507
14 19 9236
12 7 324691
10 19 396749
15 10 178827
13 6 2289979
0 5 6104354
1 0 4608264
4 11 112715
2 7 62723
5 10 46586
3 22 38
7 4 2495
5 20 3677381
16 20 3068512
21 17 28449
19 1 588510
17 17 8921
18 22 3354
8 0 1330355
15 19 22107669
11 19 527626
12 20 414556
16 11 162
6 18 8392
19 6 444443
17 10 237366
20 1 1345373
18 17 16125
21 4 6199
8 7 2892467
9 6 2438742
10 5 396868
11 8 166729
0 19 423889
14 7 226532
12 19 38260
1 18 20468
15 6 37028
13 18 11974
0 9 6629
4 7 548488
5 6 22726
16 2 5755
6 21 208093
19 15 18790017
17 3 2144
7 16 33748
20 8 16597250
18 8 68081
21 13 806540
8 14 7224
22 2 127
9 15 210891
10 12 1205522
8 20 22695045
11 1 248742
9 17 6095
12 10 771319
10 22 5852
15 15 33715
13 11 41714
2 16 1377
0 0 21444418
3 13 57127
1 13 3915739
4 14 49
2 10 253511
5 15 84123
3 19 52499
6 12 12089835
4 20 31471889
19 20 44152794
17 4 119757
7 9 18295
18 3 6484
21 22 12749
22 5 113
11 6 739704
12 1 66076
10 17 241321
15 20 950247
13 4 24709
0 7 2486409
2 5 11748
5 8 17361
6 7 16088175
4 19 14409059
7 6 97772
5 18 1500
16 22 52
19 3 2091
20 4 27688
18 20 67030147
8 2 5776
9 3 165
11 21 25793
14 2 293
12 22 21647
3 1 1829
16 13 169745
6 16 1078764
19 8 72789
17 8 98270
7 21 63253818
20 3 560
18 15 2275613
21 2 75216
8 9 50218
9 4 547
10 3 770875
11 10 520244
0 21 172857
14 5 159
12 13 833745
1 16 178483
15 0 11187166
13 16 28899
0 11 191097
3 6 19418
4 1 57755
5 4 13580
6 11 126583
17 1 46456
7 18 2038
20 10 1321763
18 6 95273
21 11 133440
22 0 381010
9 13 190873
8 22 1560
11 3 1607
14 12 749
12 4 70161
10 20 3580928
15 9 582960
13 9 2924
0 2 57479
3 15 107988
1 3 62782
4 8 2075126
2 8 7800
5 13 2026162
3 21 4260
6 2 442458
4 22 9837
19 22 692588
7 11 8224
20 17 46372
18 1 144425
21 20 3225157
12 3 5661
13 2 27704
1 4 174794
6 5 6734
7 0 85872068
5 16 57
16 8 1796
19 5 18424
17 21 7660
22 18 162
20 6 2781818
18 18 259315
21 7 1291775
8 4 97590
9 1 123316
0 16 77734
14 0 73928
12 16 28456
15 5 4883
13 21 101053
16 15 103441
6 22 93851
19 10 200160
17 14 38
20 13 450983
18 13 6596346
21 0 524238
8 11 145082
22 15 78
9 10 453841
11 12 22048
14 11 1540
12 15 198827
1 22 82403
15 2 505081
13 14 3359729
2 21 188858
0 13 3066829
1 8 391053
4 3 47
2 15 482650
5 2 1047
16 6 76674
6 9 23268
19 19 35056028
17 7 7027
7 12 106270
20 20 2127167
18 4 24403
21 9 69621
22 6 10120
10 8 41026
11 5 9094
9 21 88637
12 6 3959017
10 18 4634
15 11 172
13 7 690344
0 4 511352
4 10 166982
2 6 1572428
5 11 3391
6 0 942436
7 5 1354173
5 21 28503
20 19 223563
16 19 34205
21 18 6211
14 21 171
15 16 4618992
13 0 5676634
11 16 6013
2 1 40947
7 2 10042
16 10 77299
19 7 1461482
20 0 9045943
18 16 5285
21 5 62830
8 6 54018
22 10 8078
9 7 577232
10 4 17534
11 9 678
0 18 3994
14 6 40
12 18 7412
1 19 323823
15 7 1391848
13 19 38454
0 8 105383
3 5 12042
4 6 171096
5 7 935302
16 1 4381
6 20 1775988
19 12 30381
17 12 19141
7 17 9629
20 15 930959
18 11 65781
21 14 242
8 13 272361
22 13 33478
9 8 27340
10 15 303280
8 19 6326800
9 18 14550
14 9 3263
12 9 42606
1 20 6867201
15 12 21865
13 12 175634
2 19 6924
0 15 501597
3 10 144928
1 14 17049
4 13 7374
2 13 44250
5 0 11140728
6 15 105541
17 5 9040
7 14 265
20 22 1166
18 2 13933
22 4 10864
11 7 10859
12 0 213761
10 16 68276
15 21 6000
13 5 4435444
0 6 852914
1 7 249934
2 4 40
5 9 80947
6 6 40516
4 18 50
7 7 1294810
5 19 51175
16 21 20402
21 16 16035
19 0 3932840
8 1 1474475
15 18 1909794
11 18 3952
12 21 75038
16 12 13148
6 19 385504
19 9 116471
20 2 26925
18 14 1870
21 3 329
22 8 1696
9 5 4564
10 2 46074
0 20 7357564
12 12 81030
1 17 1141488
15 1 156923
13 17 247817
0 10 3900484
3 7 167402
1 11 1357622
4 0 2153667
19 14 264
17 2 3000
7 19 58067
20 9 483732
18 9 54914
21 12 99072
8 15 12823363
9 14 147
10 13 3923540
8 21 3040
11 0 537982
9 16 14261
14 15 7764
12 11 231411
15 14 2948
13 10 2278401
2 17 462
0 1 1728713
3 12 4335
1 12 1438377
4 15 14578376
2 11 15756
3 18 1616
6 13 5092748
4 21 48
7 8 38460
20 16 1660514
18 0 3714461
21 21 38815
14 22 38
12 2 30848
13 3 3048
1 5 214699
6 4 103571
7 1 29814
5 17 204
19 2 132098
20 5 195718
18 21 31636
9 2 205096
11 20 243986
13 22 9028
3 0 282822
19 11 236477
7 20 2042063
22 20 16034
20 12 968673
18 12 19239
21 1 24375
8 10 169613
9 11 8870
10 0 1794026
8 16 4752
11 13 452234
0 22 20541
14 10 97946
12 14 4572
15 3 1818
13 15 33953
2 20 193403
0 12 178911
1 9 12416
4 2 100
2 14 1478
5 3 3468
6 8 119474
19 16 707
17 0 826759
7 13 374049
20 11 1427122
18 7 4549647
21 10 322003
22 1 52498
9 12 107922
10 11 214210
11 2 2593
9 22 636
14 13 139202
12 5 77963
10 21 377276
15 8 23009705
13 8 50912
0 3 261255
1 2 1424287
4 9 30826
2 9 160
5 12 1220
3 20 2707016
6 3 16630
7 10 210352
5 22 52
20 18 1199622
16 18 1564
21 19 70733
17 19 16474
14 20 1911212
13 1 3629503
2 0 249597
