451
7 3 4913
16 9 93298
19 4 7040626
17 20 303274
22 19 170471
20 7 3395164
18 19 579765
21 6 1402917
8 5 7224
9 0 1270784
10 7 75401
0 17 387855
14 1 12595
12 17 107870
15 4 9317574
13 20 1012939
3 2 76
4 5 42353
16 0 180041
19 13 55121
17 13 186850
7 22 822118
20 14 9498
18 10 216130
21 15 70206
8 12 15668
22 12 361
9 9 18511
10 14 53
8 18 749
9 19 22300
14 8 80
12 8 133863
1 21 611185
15 13 41133
13 13 45708
0 14 7516
3 11 404
1 15 811580
4 12 650
2 12 336901
5 1 12703
3 17 167560
16 7 354384
6 14 1480
19 18 4588
17 6 230782
7 15 1002400
20 21 971025
18 5 4269
21 8 16735
22 7 21192
10 9 468465
11 4 5353
9 20 3617579
14 19 868
12 7 397716
10 19 142881
15 10 284287
13 6 2152254
0 5 6834516
1 0 2719243
4 11 83633
2 7 7628
5 10 18569
7 4 116
5 20 3236353
16 20 2979080
21 17 9489
19 1 184161
17 17 7260
18 22 21331
8 0 1419286
15 19 18075539
11 19 26156
12 20 331673
16 11 1500
6 18 6073
19 6 484203
17 10 155532
20 1 582480
18 17 23015
21 4 12645
8 7 2437540
9 6 2774935
10 5 53389
11 8 746875
0 19 1103294
14 7 154161
12 19 75714
1 18 19381
15 6 115668
13 18 7515
0 9 192389
4 7 473903
5 6 51622
16 2 4600
6 21 171252
19 15 20192574
17 3 3768
7 16 16732
20 8 13176848
18 8 63876
21 13 693444
8 14 1440
22 2 166
9 15 81412
10 12 133777
8 20 23089585
11 1 244183
9 17 2656
12 10 813317
10 22 29268
15 15 26198
13 11 25611
2 16 52096
0 0 21466672
3 13 37156
1 13 2761023
2 10 277446
5 15 104934
3 19 644
6 12 11997506
4 20 22943900
19 20 46997526
17 4 24320
7 9 2821
18 3 587
21 22 1946
22 5 416
11 6 986958
12 1 75194
10 17 33813
15 20 998725
13 4 26643
0 7 2303735
2 5 1556
5 8 7146
6 7 1089246
4 19 10895481
7 6 108253
5 18 384
20 4 26500
18 20 61057807
8 2 48
9 3 104
11 21 15011
12 22 228
3 1 4983
16 13 271034
6 16 105245
19 8 64089
17 8 110923
7 21 45678938
20 3 591
18 15 2460385
21 2 70319
8 9 23293
9 4 440
10 3 47661
11 10 460214
0 21 62219
12 13 817971
1 16 135850
15 0 9365532
13 16 29981
0 11 103136
3 6 34535
4 1 3512
5 4 32085
6 11 77986
17 1 20500
7 18 9749
20 10 1829418
18 6 513148
21 11 13513
22 0 118952
9 13 542126
8 22 236
11 3 210
14 12 1633
12 4 47737
10 20 2232892
15 9 476506
13 9 3488
0 2 62143
3 15 144494
1 3 20351
4 8 67905
5 13 2092950
3 21 186
6 2 472138
4 22 3840
19 22 4624
7 11 18052
20 17 1949475
18 1 228571
21 20 2503724
12 3 1196
13 2 73013
1 4 101468
6 5 13873
7 0 86782141
16 8 40
19 5 13610
17 21 1456
22 18 556
20 6 2374571
18 18 123376
21 7 1045881
8 4 95674
9 1 48317
0 16 17186
14 0 78116
12 16 15671
15 5 18079
13 21 41914
16 15 77390
6 22 34452
19 10 232432
17 14 38
20 13 436408
18 13 6070337
21 0 575162
8 11 62944
22 15 286
9 10 427808
11 12 19962
14 11 3860
12 15 42994
1 22 29964
15 2 555909
13 14 2064575
2 21 21665
0 13 1705228
1 8 231745
2 15 534541
5 2 100
16 6 55016
6 9 5068
19 19 30151286
17 7 308083
7 12 62984
20 20 1391046
18 4 74226
21 9 60157
22 6 52118
10 8 16342
11 5 26582
9 21 40301
12 6 6976252
10 18 8230
13 7 1205299
0 4 345683
4 10 178230
2 6 1837229
5 11 2860
6 0 794600
7 5 1399855
5 21 9986
20 19 955163
16 19 39616
21 18 6453
15 16 4107339
13 0 4213761
11 16 9937
2 1 18485
7 2 30997
16 10 90094
19 7 995572
22 16 595
20 0 9419536
18 16 3730
21 5 22700
8 6 15996
22 10 9689
9 7 543629
10 4 76279
0 18 4889
14 6 192
12 18 4706
1 19 305247
15 7 1550439
13 19 67971
0 8 228507
3 5 4372
4 6 86432
5 7 971276
16 1 4646
6 20 1447561
19 12 26121
17 12 54265
7 17 13119
20 15 443893
18 11 99127
21 14 337
8 13 30982
22 13 408
9 8 26258
10 15 274816
8 19 4789501
11 14 2722
9 18 15661
12 9 70590
1 20 6542494
15 12 17385
13 12 938079
2 19 219954
0 15 609880
3 10 180364
1 14 12330
4 13 4498
2 13 18736
5 0 10291001
6 15 291067
20 22 4791
18 2 5717
22 4 8901
11 7 20226
12 0 267742
10 16 430199
15 21 63
13 5 3658342
0 6 1652797
1 7 135877
2 4 4542
5 9 72074
6 6 149718
7 7 516745
5 19 249662
16 21 23547
21 16 20359
19 0 3586651
17 16 74
8 1 42725
15 18 1404352
11 18 16365
12 21 349952
16 12 12766
6 19 119385
19 9 94655
20 2 29652
21 3 161
22 8 4157
9 5 1756
10 2 227080
0 20 6844323
12 12 88655
1 17 282501
15 1 228342
13 17 10070
2 22 38
0 10 3574801
3 7 17425
1 11 788356
4 0 2166176
19 14 116
17 2 284
7 19 392224
20 9 336696
18 9 28149
21 12 309483
8 15 12013498
22 3 56
9 14 2816
10 13 2316412
8 21 80
11 0 305991
9 16 12595
14 15 6523
12 11 104906
13 10 1623262
2 17 109
0 1 2097671
3 12 24262
1 12 675305
4 15 11998804
2 11 4863
3 18 1420
6 13 4000497
7 8 700047
20 16 2144805
18 0 3861270
21 21 45636
12 2 79351
13 3 52
1 5 112468
6 4 40691
7 1 13277
5 17 40
19 2 5050
20 5 682498
18 21 15440
9 2 110692
11 20 1121190
13 22 148
3 0 211927
19 11 59365
7 20 22610012
22 20 14158
20 12 1359131
18 12 37713
21 1 30530
8 10 190150
9 11 9364
10 0 1338493
8 16 1400
11 13 44361
0 22 24853
14 10 110415
12 14 10972
15 3 1352
13 15 115204
2 20 116344
0 12 495881
1 9 5065
4 2 460
16 5 179
6 8 71392
19 16 2677
17 0 935006
7 13 320912
20 11 57282
18 7 3858824
21 10 525635
22 1 12858
9 12 219400
10 11 121128
11 2 2816
9 22 192
14 13 82071
12 5 160860
10 21 467504
15 8 20849499
13 8 62699
0 3 211035
3 14 94
1 2 689583
4 9 3687
2 9 1500
5 12 5511
3 20 2781821
6 3 17505
7 10 434103
20 18 895319
16 18 3077
21 19 90696
17 19 352466
14 20 1627580
13 1 232814
2 0 227608
