475
7 3 6849
16 9 123038
19 4 19900729
17 20 987128
22 19 160393
20 7 552467
18 19 1101957
21 6 1077227
8 5 31298
9 0 1123567
10 7 890099
0 17 171871
14 1 12435
12 17 42950
15 4 26064541
13 20 4359270
3 2 10712
4 5 14664
16 0 716785
19 13 143962
17 13 1048929
7 22 30105
20 14 36143
18 10 889169
21 15 202018
8 12 16549
22 12 17897
9 9 23242
10 14 7432
8 18 5099
9 19 164411
14 8 241
12 8 134087
1 21 1856115
15 13 61690
13 13 114098
2 18 2082
0 14 4486
3 11 42271
1 15 1233670
4 12 2789
2 12 1079188
5 1 93819
16 7 636276
6 14 1727
19 18 4443
17 6 200089
7 15 1612131
20 21 1131332
18 5 37281
21 8 77470
22 7 92201
10 9 393519
11 4 181406
9 20 6430447
14 19 5208
12 7 1327802
10 19 581862
15 10 206400
13 6 3338303
0 5 22456441
1 0 5420159
2 7 88704
5 10 90073
3 22 136
6 1 48
7 4 43017
5 20 7903603
16 20 5300352
21 17 40000
19 1 943549
17 17 9496
18 22 29579
8 0 1785858
15 19 36818584
11 19 366788
12 20 1136930
6 18 14523
19 6 884995
17 10 150375
20 1 2822517
18 17 86030
21 4 65359
8 7 3284338
9 6 863058
10 5 365518
11 8 437173
0 19 774006
14 7 319589
12 19 70118
1 18 133655
15 6 140918
13 18 128401
0 9 70590
3 4 10591
4 7 496118
5 6 24173
16 2 3794
6 21 839927
19 15 18112401
17 3 12080
7 16 63826
20 8 21916731
18 8 281202
21 13 3066598
8 14 1422
9 15 366740
10 12 2625618
8 20 25976544
11 1 267833
9 17 76224
12 10 1163345
10 22 11535
15 15 98894
13 11 160511
2 16 5694
0 0 20119268
3 13 139061
1 13 10560824
4 14 138
2 10 222275
5 15 200192
3 19 7211
6 12 3944702
4 20 41596753
19 20 41506835
17 4 1261276
7 9 561012
18 3 224
21 22 6950
22 5 4586
11 6 580666
14 17 120
12 1 157490
10 17 675461
15 20 2982226
13 4 102558
0 7 1639509
2 5 97450
5 8 62890
6 7 7538958
4 19 21749805
7 6 295894
5 18 9163
16 22 116
19 3 3433
20 4 65320
18 20 73410611
8 2 178025
9 3 10079
11 21 43887
14 2 4598
12 22 860
3 1 70995
16 13 290947
6 16 398656
19 8 135790
17 8 149163
7 21 1865195
20 3 22283
18 15 2886257
21 2 64981
8 9 304768
22 9 52
9 4 13262
10 3 48778
11 10 444015
0 21 899556
14 5 2056
12 13 1388918
1 16 351104
15 0 27668487
13 16 47947
0 11 1322631
3 6 84806
4 1 112791
5 4 20585
16 4 1500
17 1 100709
7 18 9876
20 10 2592031
18 6 338805
22 0 38978
9 13 1103570
8 22 58147
11 3 145585
14 12 26911
12 4 28521
10 20 6824294
15 9 1637789
13 9 66999
0 2 416679
3 15 808262
1 3 436952
4 8 300243
2 8 3057
5 13 2774875
3 21 306606
6 2 442091
4 22 34952
19 22 458744
20 17 246385
18 1 306324
16 17 188
21 20 8688588
12 3 74316
13 2 146060
1 4 601338
2 3 4842
6 5 667906
7 0 1534885
5 16 6454
16 8 292288
19 5 28816
17 21 835925
22 18 5920
20 6 5254004
18 18 250154
21 7 658017
8 4 4200000
9 1 167422
0 16 74306
14 0 213841
12 16 13629
15 5 21516
13 21 1287606
16 15 217469
6 22 74561
19 10 368327
17 14 3192
20 13 2199961
18 13 7907635
21 0 1513449
22 15 1967
9 10 760633
11 12 37949
14 11 2834
12 15 52998
1 22 125584
15 2 378488
13 14 5439350
2 21 66412
0 13 4226396
3 8 42
1 8 574264
4 3 40
2 15 424673
5 2 8514
16 6 117700
6 9 386868
19 19 41523052
17 7 45070
7 12 4496766
20 20 5016376
18 4 161485
21 9 456126
22 6 54044
10 8 106242
11 5 68227
9 21 1891444
14 18 244
12 6 874740
10 18 4186
13 7 1494364
0 4 203276
4 10 369959
2 6 1866072
5 11 24991
6 0 1670993
4 16 48
7 5 1992822
5 21 104688
20 19 948728
16 19 40801
21 18 122154
17 18 87
14 21 9767
15 16 9401869
13 0 9148146
11 16 3665
2 1 103097
7 2 2424045
16 10 187695
19 7 1403715
22 16 470
20 0 21757243
18 16 6930
21 5 241838
8 6 245855
22 10 43795
9 7 1456876
10 4 400355
11 9 19822
0 18 5561
14 6 6466
12 18 11761
1 19 1031343
15 7 1579504
13 19 115431
0 8 358242
3 5 82890
4 6 109329
5 7 1351849
16 1 84773
6 20 3773694
19 12 21977
17 12 36676
7 17 1047598
20 15 784944
21 14 10093
8 13 50771
22 13 29187
9 8 29661
10 15 520793
8 19 6663245
11 14 661
9 18 10006
14 9 12730
12 9 595117
1 20 16051756
15 12 53965
13 12 1017969
2 19 53270
0 15 1361455
3 10 1028696
1 14 60816
4 13 120781
2 13 1443147
5 0 10739805
3 16 628
6 15 324270
17 5 4582
7 14 164
20 22 15511
18 2 29746
22 4 12546
11 7 186312
12 0 1207630
10 16 121723
15 21 1500
13 5 15210500
0 6 1389097
1 7 1104566
2 4 10254
5 9 321732
6 6 171849
4 18 1767
7 7 5614627
5 19 119814
16 21 19254
21 16 26625
19 0 4326648
8 1 206328
15 18 3918523
11 18 6294
12 21 1368576
16 12 58678
6 19 1485549
19 9 63392
17 9 20578
20 2 1644254
18 14 598
21 3 14220
22 8 4269
9 5 118818
10 2 407481
0 20 12373385
14 4 40
12 12 96038
1 17 1137013
15 1 918562
13 17 69982
0 10 3959713
3 7 10978
1 11 1075000
4 0 2734195
19 14 169
17 2 1748
7 19 797775
20 9 2636070
18 9 95851
21 12 690692
8 15 14543679
22 3 38
9 14 3795
10 13 2715882
8 21 2920
11 0 698187
9 16 50310
14 15 8392
12 11 820895
15 14 2022
13 10 4117027
2 17 185
0 1 3280328
3 12 320516
1 12 3425295
4 15 19171685
2 11 12159
5 14 1492
3 18 1476
6 13 14318832
7 8 86075
20 16 3396297
18 0 4691024
21 21 532824
14 22 333
12 2 95313
13 3 1852
1 5 1274412
6 4 200508
7 1 96849
5 17 462
19 2 15453
20 5 52448
18 21 183682
9 2 318201
11 20 1229087
14 3 1346
13 22 24253
3 0 252010
7 20 5204412
22 20 165821
20 12 2777450
18 12 36360
21 1 191425
8 10 159649
22 14 84
10 0 2181590
8 16 4380
11 13 199516
0 22 43518
14 10 17832
12 14 15022
15 3 14913
13 15 37027
2 20 1814062
0 12 1262088
3 9 157858
1 9 489192
4 2 7605
2 14 23310
5 3 4404
16 5 6787
6 8 108758
17 0 702056
7 13 4739877
18 7 6245877
21 10 1097337
22 1 258632
9 12 482663
11 2 35727
9 22 96215
14 13 162432
12 5 140686
10 21 1816410
15 8 34012903
13 8 114987
0 3 1109075
3 14 40
1 2 998297
4 9 33628
2 9 394775
5 12 12037
3 20 5014078
6 3 178910
7 10 577430
5 22 4810
20 18 3272715
16 18 1141
21 19 287301
17 19 49576
14 20 2091206
13 1 519951
2 0 862804
