481
7 3 6986
16 9 100795
19 4 18161537
17 20 1128989
22 19 444483
20 7 923760
18 19 884687
21 6 835952
8 5 20939
9 0 1753041
10 7 500748
0 17 280173
14 1 32148
12 17 61026
15 4 27497561
13 20 5603043
3 2 78151
4 5 30839
16 0 376951
19 13 355743
17 13 466956
7 22 94981
20 14 267951
18 10 890165
21 15 178212
8 12 23777
22 12 114857
9 9 44993
10 14 95703
8 18 3845
11 15 212
9 19 216434
14 8 1483
12 8 97476
1 21 1441005
15 13 205299
13 13 191688
2 18 45746
0 14 25321
3 11 61863
1 15 1825106
4 12 2401
2 12 2484371
5 1 32476
3 17 17744
16 7 536884
6 14 3424
19 18 1392
17 6 511756
7 15 1172748
20 21 1715854
18 5 37716
21 8 94322
22 7 53890
10 9 353122
11 4 73011
9 20 3661450
14 19 9397
12 7 3524656
10 19 627010
15 10 91401
13 6 2287838
0 5 24698264
1 0 6706202
2 7 96964
5 10 70769
7 4 283378
5 20 9119706
16 20 3882250
21 17 15779
19 1 536860
17 17 9348
18 22 53630
8 0 1928563
15 19 45670780
11 19 867545
12 20 1917660
6 18 10656
19 6 432593
17 10 102243
20 1 832907
18 17 24839
21 4 23177
8 7 3874508
9 6 3501056
10 5 88907
11 8 140364
0 19 1617088
14 7 297332
12 19 176760
1 18 208887
15 6 174073
13 18 24019
0 9 753575
3 4 21264
4 7 474813
5 6 26866
16 2 10336
6 21 448733
19 15 22150838
17 3 224
7 16 78101
20 8 25480100
18 8 414347
21 13 8377682
8 14 871
22 2 2900
9 15 388584
10 12 2435857
8 20 25628595
11 1 133537
9 17 24158
12 10 781487
10 22 69601
15 15 64900
13 11 460815
2 16 5751
0 0 29921617
3 13 90675
1 13 9920097
4 14 145
2 10 161007
5 15 129649
3 19 159503
6 12 18246469
4 20 31947234
19 20 47462864
17 4 126488
7 9 130777
18 3 252
21 22 9629
22 5 5954
11 6 657006
14 17 3399
12 1 156041
10 17 66369
15 20 3543410
13 4 115552
0 7 3750153
1 6 108
2 5 11883
5 8 25592
6 7 2231555
4 19 14871305
7 6 474360
5 18 256
16 22 8091
19 3 2128
20 4 301626
18 20 79236799
8 2 11462
9 3 392198
11 21 248716
14 2 7957
12 22 45574
3 1 18125
16 13 297803
6 16 481964
19 8 216343
17 8 542822
7 21 70614669
20 3 35435
18 15 4018019
21 2 186910
8 9 94493
22 9 3184
9 4 652542
10 3 140967
11 10 346814
0 21 604209
14 5 988
12 13 3257492
1 16 462617
15 0 33594324
13 16 67141
0 11 414636
3 6 77241
4 1 69373
5 4 15079
16 4 307
17 1 196512
7 18 13484
20 10 2231120
18 6 219314
22 0 56322
9 13 884014
8 22 18391
11 3 3768
14 12 20696
12 4 57195
10 20 6392375
15 9 1700874
13 9 62380
0 2 939077
3 15 31992
1 3 215188
4 8 233076
2 8 5056
5 13 2772724
3 21 13756
6 2 514464
4 22 158634
19 22 960970
20 17 363644
18 1 352101
16 17 1366
21 20 3115793
12 3 11606
13 2 188667
1 4 525287
2 3 8080
6 5 257845
7 0 63251131
16 8 366
19 5 44362
17 21 55136
22 18 1192
20 6 2465829
18 18 256221
21 7 2502385
8 4 1846406
9 1 343543
0 16 76945
14 0 232598
12 16 11428
15 5 27851
13 21 1612126
16 15 133352
6 22 146097
19 10 261260
17 14 40
22 21 120
20 13 5718939
18 13 8238427
21 0 1153208
22 15 747
9 10 632089
11 12 203870
14 11 1439
12 15 413976
1 22 253264
15 2 636572
13 14 4719016
2 21 242686
0 13 4706904
3 8 6200
1 8 1078653
4 3 520
2 15 473529
5 2 8931
16 6 73627
6 9 295653
19 19 45724387
17 7 25775
7 12 3366866
20 20 13205830
18 4 75992
21 9 5406794
22 6 39858
10 8 135676
11 5 113787
9 21 370577
14 18 1290
12 6 5607352
10 18 61725
13 7 1965187
0 4 936428
4 10 71187
2 6 1925627
5 11 21042
6 0 1482710
7 5 1705092
5 21 292381
20 19 2056010
16 19 51930
21 18 18866
17 18 2802
14 21 4953
15 16 10488022
13 0 11118880
11 16 159515
2 1 153915
7 2 172453
16 10 395258
19 7 2279269
22 16 640500
20 0 26793993
18 16 38051
21 5 166080
8 6 123754
22 10 58031
9 7 777937
10 4 111645
11 9 18940
0 18 29185
14 6 955
12 18 19537
1 19 894600
15 7 2267951
13 19 392290
0 8 577813
3 5 10516
4 6 271037
5 7 1297004
16 1 18032
6 20 4507666
19 12 178402
17 12 497936
7 17 358905
20 15 1352459
21 14 1450
8 13 139484
22 13 473619
9 8 64803
10 15 322028
8 19 6922491
11 14 2373
9 18 20044
14 9 6133
12 9 266682
1 20 14476073
15 12 204669
13 12 1028900
2 19 55748
0 15 3068270
3 10 127248
1 14 16246
4 13 8646
2 13 78065
5 0 11562688
3 16 34604
6 15 512059
19 21 4540
17 5 2218
7 14 3763
20 22 90800
18 2 122151
22 4 6346
11 7 161236
14 16 4363
12 0 1018852
10 16 146328
15 21 1381
13 5 11939404
0 6 1184940
1 7 1927793
2 4 97592
5 9 306156
6 6 564792
7 7 43285265
5 19 93330
16 21 38530
21 16 21580
19 0 3107209
17 16 203
8 1 277572
15 18 4673530
11 18 328022
12 21 2251168
16 12 46215
6 19 929733
19 9 98316
17 9 144040
20 2 862501
18 14 1222
21 3 2980
22 8 8854
9 5 31220
10 2 237208
0 20 13224474
12 12 75812
1 17 884350
15 1 135862
13 17 172901
2 22 1725
0 10 2771944
3 7 7968
1 11 1341729
4 0 2483119
16 3 1500
19 14 144
17 2 3161
7 19 297461
20 9 1120986
18 9 71586
21 12 930594
8 15 15153867
22 3 52
9 14 1884
10 13 3593264
8 21 3144
11 0 813771
9 16 190221
14 15 19085
12 11 180541
15 14 4026
13 10 1568720
2 17 55432
0 1 1923829
3 12 179971
1 12 2445348
4 15 15483462
2 11 24251
6 13 5761961
4 21 15343
7 8 135458
20 16 3765151
18 0 5765645
21 21 350838
14 22 5560
12 2 258420
13 3 771
1 5 716128
6 4 147627
7 1 1262321
5 17 15598
19 2 42257
20 5 634069
18 21 118099
8 3 340
9 2 312671
11 20 1733495
14 3 1290
13 22 31419
3 0 433177
16 14 64
17 15 1500
7 20 5762623
22 20 1199013
20 12 963941
18 12 626040
21 1 193673
8 10 857108
22 14 3621
10 0 2417679
8 16 1472
11 13 513650
0 22 375508
14 10 87373
12 14 4788
15 3 10887
13 15 603387
2 20 803812
0 12 2923910
3 9 751591
1 9 252175
4 2 6378
2 14 22665
5 3 453
16 5 72
6 8 225399
19 16 2660
17 0 1539818
7 13 2367033
18 7 5921009
21 10 534121
22 1 31323
9 12 252774
11 2 100642
9 22 37226
14 13 268635
12 5 118119
10 21 1266530
15 8 33491455
13 8 96513
0 3 2306989
1 2 1939010
4 9 44723
2 9 34376
5 12 17162
3 20 3508136
6 3 49212
7 10 365641
5 22 6544
20 18 2770224
16 18 2885
21 19 499944
17 19 717709
14 20 2637717
13 1 772506
2 0 207088
