453
7 3 11463
16 9 13094
19 4 20307292
17 20 807283
22 19 304332
20 7 1648048
18 19 925612
21 6 497879
8 5 42058
9 0 1264066
10 7 256118
0 17 302133
14 1 5982
12 17 653408
15 4 22581079
13 20 11609405
3 2 813
4 5 71745
16 0 374158
19 13 372778
17 13 404779
7 22 46423
18 10 875803
21 15 238367
8 12 32507
22 12 3924
9 9 14666
8 18 4356
11 15 60
9 19 285315
14 8 1044
12 8 177577
1 21 2059877
15 13 331574
13 13 243943
2 18 11308
3 11 106662
1 15 12000
4 12 4175
2 12 665919
5 1 48894
3 17 688
16 7 579057
19 18 65725
17 6 707240
7 15 1256611
20 21 2389006
18 5 69055
21 8 234907
22 7 57811
10 9 355075
11 4 86877
9 20 3542718
14 19 8665
12 7 3321267
10 19 1452933
15 10 62207
13 6 2526814
0 5 25136959
1 0 8467849
2 7 24010
5 10 47318
3 22 9040
7 4 60084
5 20 5437550
16 20 3389618
21 17 30380
19 1 341229
17 17 3408
18 22 63487
8 0 2131777
15 19 39250543
11 19 222771
12 20 1020298
6 18 13654
19 6 614279
17 10 74258
20 1 932322
18 17 333005
21 4 157283
8 7 3745873
9 6 3023114
10 5 894824
11 8 390222
0 19 1257946
14 7 369093
12 19 420327
1 18 84324
15 6 129601
13 18 23937
0 9 205418
3 4 4500
4 7 464727
5 6 51620
16 2 3564
6 21 349089
19 15 15040895
17 3 4088
7 16 41389
20 8 24787632
18 8 311078
21 13 2994959
22 2 33404
9 15 263486
10 12 2428809
8 20 29165075
11 1 146097
9 17 220053
12 10 163966
10 22 395598
15 15 109767
13 11 230455
2 16 3435
0 0 32381178
3 13 195632
1 13 7611779
2 10 114035
5 15 343067
3 19 161968
6 12 2617116
4 20 33016585
19 20 35328568
17 4 218491
7 9 243315
18 3 3791
21 22 9820
22 5 2885
11 6 659884
14 17 1715
12 1 2570280
10 17 134247
15 20 4704592
13 4 204586
0 7 2111434
2 5 8522
5 8 39601
6 7 16588217
4 19 16731775
7 6 1504515
5 18 163
16 22 443
19 3 12394
20 4 104950
18 20 79695148
8 2 3484
9 3 27762
11 21 106662
14 2 2560
12 22 19246
3 1 5188
16 13 251182
6 16 598493
19 8 295375
17 8 677713
7 21 36333814
20 3 94431
18 15 3885193
21 2 38824
8 9 3660
22 9 3691
9 4 24037
10 3 113241
11 10 193201
0 21 833340
14 5 1312
12 13 3283880
1 16 693988
15 0 36076344
13 16 398701
0 11 859899
3 6 245970
4 1 336249
5 4 48600
16 4 70
17 1 545673
7 18 73744
20 10 968445
18 6 263529
22 0 83407
9 13 1544497
8 22 170100
11 3 6545
14 12 12316
12 4 11675
10 20 7934722
15 9 1824985
13 9 687276
0 2 51788
3 15 19494
1 3 338333
4 8 109287
2 8 10080
5 13 3555785
3 21 274825
6 2 532885
4 22 11417
19 22 285366
20 17 611585
18 1 490727
16 17 3036
21 20 3283072
12 3 44785
13 2 152183
1 4 681597
2 3 12655
6 5 68000
7 0 71189939
16 8 3000
19 5 75493
17 21 25714
20 6 2613546
18 18 297826
21 7 1351568
8 4 204314
9 1 256230
0 16 132482
14 0 207042
12 16 54189
15 5 31086
13 21 5031972
16 15 109591
6 22 95943
19 10 141293
20 13 2928417
18 13 7593652
21 0 629708
22 15 1993
9 10 561824
11 12 91760
14 11 5762
1 22 417280
15 2 509475
2 21 30977
0 13 5423579
3 8 39377
1 8 1693915
2 15 52
5 2 1687
16 6 78970
6 9 260616
19 19 49455230
17 7 212410
7 12 2414362
20 20 5624488
18 4 78277
21 9 1013451
22 6 50800
10 8 96133
11 5 251578
9 21 376884
14 18 3870
12 6 6166880
10 18 23223
13 7 3325050
0 4 106347
1 1 192
4 10 187029
2 6 1794006
5 11 21789
6 0 1696738
4 16 40
7 5 1460358
5 21 190949
20 19 1439775
16 19 48798
21 18 90034
17 18 18460
14 21 4600
15 16 9379228
13 0 12844163
11 16 3299
2 1 729719
7 2 67774
16 10 263374
19 7 665765
20 0 29754764
18 16 63381
21 5 328836
8 6 635446
22 10 20685
9 7 1972404
10 4 220779
11 9 23226
0 18 11468
14 6 226
12 18 36927
1 19 1000968
15 7 1905178
13 19 295495
0 8 842646
3 5 27087
4 6 52947
5 7 1201626
16 1 35344
6 20 7346113
19 12 230495
17 12 1648904
7 17 37541
20 15 2405243
8 13 75127
22 13 126294
9 8 43479
10 15 369530
8 19 7243362
9 18 15344
14 9 5516
12 9 345367
1 20 14228833
15 12 139177
13 12 2455010
2 19 13545
0 15 116115
3 10 61019
4 13 81817
2 13 132288
5 0 14329828
3 16 1500
6 15 201055
17 5 113335
20 22 68467
18 2 135586
22 4 33777
11 7 61852
12 0 1549548
10 16 507694
13 5 12903409
0 6 801151
1 7 716458
2 4 29475
5 9 76338
6 6 134523
4 18 382
7 7 39313653
5 19 85967
16 21 19351
21 16 18770
19 0 2454075
17 16 1843
8 1 200861
15 18 4323441
11 18 1925
12 21 2200522
16 12 142794
6 19 1161085
19 9 5578
17 9 2318
20 2 97985
21 3 26104
22 8 15917
9 5 105489
10 2 282554
0 20 12563946
14 4 3072
12 12 95682
1 17 745779
15 1 164530
13 17 295760
2 22 845
0 10 2065315
3 7 31802
1 11 1311171
4 0 1689848
16 3 40
17 2 61809
7 19 798055
20 9 1814686
18 9 48852
21 12 515943
8 15 16099062
22 3 234
10 13 3927536
8 21 17129
11 0 1088785
9 16 17851
14 15 5012
12 11 459586
13 10 1463622
2 17 13353
0 1 2915476
3 12 101376
1 12 2296253
4 15 14471385
2 11 25319
3 18 16574
6 13 4265515
4 21 1844
7 8 127145
20 16 4450797
18 0 5878996
21 21 330223
12 2 1741705
13 3 5417
1 5 537192
6 4 195192
7 1 391318
5 17 71105
19 2 26555
20 5 366438
18 21 90323
8 3 6702
9 2 224004
11 20 1683209
14 3 1324
13 22 8244
3 0 742655
7 20 35136430
22 20 2024823
20 12 1365396
18 12 149659
21 1 141087
8 10 2582240
10 0 2996006
8 16 1969
11 13 135902
0 22 792409
14 10 83265
15 3 9743
2 20 969908
0 12 950043
3 9 22258
1 9 602481
4 2 816
5 3 2559
6 8 174219
19 16 593502
17 0 618037
7 13 21048199
18 7 6383187
21 10 410096
22 1 481636
9 12 4816797
11 2 701912
9 22 21441
14 13 220178
12 5 68139
10 21 1625154
15 8 34724857
13 8 85139
0 3 1148680
1 2 804820
4 9 4730
2 9 4472
5 12 11629
3 20 4993608
6 3 60678
7 10 173652
5 22 4837
20 18 3335586
21 19 241006
17 19 607046
14 20 2186968
13 1 2344205
2 0 1023820
