470
7 3 1423
16 9 15150
19 4 16346655
17 20 160837
22 19 83653
20 7 984932
18 19 506006
21 6 779160
8 5 67766
9 0 2123648
10 7 55095
0 17 194621
14 1 2342
12 17 35958
15 4 16669744
13 20 7762107
3 2 1500
4 5 39491
16 0 654867
19 13 380876
17 13 374364
7 22 6501
20 14 19187
18 10 97285
21 15 115258
8 12 12636
22 12 3400
9 9 838
10 14 724
8 18 5440
9 19 69268
14 8 1256
12 8 145861
1 21 800307
15 13 75937
13 13 789495
2 18 1102
0 14 2491137
3 11 1540
1 15 156
4 12 14939
2 12 410954
5 1 12869
3 17 7928
16 7 464052
6 14 2984
19 18 2164
17 6 336984
7 15 831309
20 21 243375
18 5 7589
21 8 65680
22 7 30060
10 9 36789
11 4 33492
9 20 3727241
14 19 3553
12 7 3784675
10 19 1111674
15 10 22878
13 6 1911783
0 5 15422115
1 0 3864788
2 7 19287
5 10 24081
3 22 40
6 1 92
7 4 13475
5 20 5627876
16 20 3340837
21 17 11513
19 1 152233
17 17 5591
18 22 57559
8 0 1514687
15 19 24926387
11 19 339464
12 20 1337659
6 18 14432
19 6 463910
17 10 32305
20 1 528988
18 17 218740
21 4 23817
8 7 4323976
9 6 3032523
10 5 238202
11 8 268382
0 19 201273
14 7 373791
12 19 88422
1 18 30544
15 6 327001
13 18 29079
0 9 7671
3 4 13740
4 7 457809
5 6 24960
16 2 1863
6 21 482630
19 15 17869100
17 3 1508
7 16 19271
20 8 21205140
18 8 98683
21 13 850777
8 14 2842
22 2 6123
9 15 265522
10 12 506872
8 20 26255455
11 1 97475
9 17 26110
12 10 433499
10 22 8622
15 15 147658
13 11 430313
2 16 1849
0 0 31049665
3 13 199531
1 13 4745455
4 14 40
2 10 23271
5 15 51858
3 19 3028
6 12 20521905
4 20 30897401
19 20 36550606
17 4 3540
7 9 18659
18 3 40
21 22 10656
22 5 135132
11 6 330896
14 17 339
12 1 58921
10 17 165920
15 20 2594916
13 4 25715
0 7 2842965
5 8 29486
6 7 5127987
4 19 16855423
7 6 1762186
5 18 1420
16 22 66
19 3 2265
20 4 34892
18 20 76050365
8 2 8563
9 3 13705
11 21 43837
14 2 90
12 22 25490
3 1 10723
16 13 174209
6 16 74339
19 8 76631
17 8 114423
7 21 75105002
20 3 1566
18 15 3444601
21 2 77424
8 9 17507
22 9 2616
9 4 12445
10 3 296108
11 10 246992
0 21 181941
14 5 305
12 13 2013225
1 16 214970
15 0 18650684
13 16 27480
0 11 583735
3 6 87005
4 1 191538
5 4 21595
17 1 448993
7 18 5986
20 10 228830
18 6 585948
22 0 79256
9 13 909000
10 10 34500
8 22 19772
11 3 1410
14 12 2673
12 4 204703
10 20 2802602
15 9 1190249
13 9 147735
0 2 54286
3 15 99433
1 3 57992
4 8 1026661
2 8 3260
5 13 3383519
3 21 19705
6 2 171696
4 22 1363
19 22 1737630
20 17 153610
18 1 314807
21 20 2896357
12 3 16160
13 2 176410
1 4 2034547
6 5 26292
7 0 59849648
5 16 251
19 5 8172
17 21 12458
22 18 246
20 6 2679153
18 18 100350
21 7 1498151
8 4 101699
9 1 125401
0 16 73546
14 0 269075
12 16 12060
15 5 14648
13 21 415234
16 15 156014
6 22 54884
19 10 11647
17 14 104
20 13 1383586
18 13 8992188
21 0 951398
22 15 160
9 10 86276
11 12 146174
14 11 2643
1 22 254348
15 2 429413
13 14 1808399
2 21 72313
0 13 5762110
3 8 12000
1 8 507873
4 3 724180
5 2 106
16 6 49278
6 9 123828
19 19 35418510
17 7 17418
7 12 28828322
20 20 2558240
18 4 56708
21 9 185722
22 6 38114
10 8 202438
11 5 12443
9 21 437078
12 6 1388207
10 18 1510
13 7 3050306
0 4 119357
1 1 3997
4 10 41275
2 6 195819
5 11 17912
6 0 1607627
4 16 108
7 5 1456168
5 21 66064
20 19 3240572
16 19 21406
21 18 12012
17 18 1596
14 21 1650
15 16 5811428
13 0 10903376
11 16 2355
2 1 166634
7 2 44285
16 10 46890
19 7 946191
22 16 73
20 0 20070710
18 16 3135
21 5 702772
8 6 145782
22 10 146934
9 7 1176952
10 4 267205
11 9 9418
0 18 13143
14 6 143
12 18 272217
1 19 707072
15 7 1002537
13 19 48750
0 8 374887
3 5 35593
4 6 281297
5 7 1405712
16 1 8792
6 20 2392089
19 12 61864
17 12 58949
7 17 20901
20 15 672887
21 14 101
8 13 67526
22 13 146939
9 8 141983
10 15 50092
8 19 9192833
11 14 52
9 18 270080
12 9 518826
1 20 5565624
15 12 9015
13 12 1426182
2 19 95648
0 15 60774
3 10 48293
1 14 9841
4 13 349184
2 13 113359
5 0 16164379
3 16 1420
6 15 159287
19 21 36552
17 5 19440
20 22 10779
18 2 177022
22 4 137
11 7 33872
14 16 40
12 0 2400613
10 16 274590
15 21 3098
13 5 7745623
0 6 1866040
1 7 603351
2 4 2222
5 9 47260
6 6 16028
4 18 2307
7 7 22867260
5 19 110767
16 21 16757
21 16 6677
19 0 2646018
17 16 533
8 1 314866
15 18 2141877
11 18 3181
12 21 659467
16 12 8963
6 19 535704
19 9 1768
17 9 7700
20 2 238753
18 14 1620
21 3 2882
22 8 10288
9 5 62611
10 2 184036
0 20 9877653
12 12 74584
1 17 1405525
15 1 326536
13 17 24824
2 22 104
0 10 665109
3 7 4722
1 11 1066216
4 0 2552510
17 2 53129
7 19 252204
20 9 722670
18 9 26251
21 12 68947
8 15 17447994
22 3 1668
9 14 237
10 13 1317286
8 21 10481
11 0 1054648
9 16 20337
14 15 17668
12 11 430381
15 14 246
13 10 579125
2 17 31336
0 1 3471745
3 12 30421
1 12 704687
4 15 15088848
2 11 4705
3 18 128
6 13 4520242
4 21 21300
7 8 76617
20 16 2223491
18 0 6112230
21 21 585444
12 2 244835
13 3 52
1 5 513153
6 4 78486
7 1 57885
5 17 40128
19 2 7590
20 5 27479
18 21 70285
8 3 64
9 2 268259
11 20 393120
14 3 56
13 22 13507
3 0 1009940
16 14 1552
17 15 80
7 20 51592444
22 20 72110
20 12 307501
18 12 32829
21 1 204593
8 10 30006
10 0 1126867
11 13 160566
0 22 32513
14 10 1540
12 14 89
15 3 1548
13 15 272
2 20 108887
0 12 117137
3 9 246
1 9 28326
4 2 1593
2 14 1480
5 3 1040
16 5 144
6 8 167753
19 16 1500
17 0 1709124
7 13 12248207
18 7 6362251
21 10 187002
22 1 4218
9 12 5098922
11 2 17737
9 22 457
14 13 182755
12 5 26203
10 21 1128858
15 8 26366271
13 8 152704
0 3 420713
1 2 1641498
4 9 1592
2 9 1588
5 12 9433
3 20 4199768
6 3 13316
7 10 26378
5 22 17706
20 18 2324215
21 19 219128
17 19 161913
14 20 2120772
13 1 1689219
2 0 1088647
