456
7 3 4926
16 9 5826
19 4 14716665
17 20 141789
22 19 75638
20 7 1659077
18 19 459922
21 6 697289
8 5 112699
9 0 2229606
10 7 24001
0 17 407145
14 1 131
12 17 33265
15 4 15717110
13 20 5433845
3 2 3059
4 5 36461
16 0 338232
19 13 825758
17 13 624135
7 22 9567
20 14 22549
18 10 163774
21 15 113376
8 12 4423
22 12 838
10 14 316
8 18 3876
9 19 63763
14 8 3908
12 8 155245
1 21 719321
15 13 51034
2 18 1800
0 14 2358992
3 11 7047
1 15 3546
4 12 4124
2 12 915970
5 1 19764
3 17 17572
16 7 451227
6 14 47
19 18 1548
17 6 268692
7 15 972277
20 21 163964
18 5 27180
21 8 97140
22 7 25482
10 9 40926
11 4 20885
9 20 2919674
14 19 597
12 7 2310748
10 19 980446
15 10 35386
13 6 2137700
0 5 15522287
1 0 4953892
2 7 41707
5 10 34966
3 22 117
6 1 40
7 4 5571
5 20 5643156
16 20 3382700
21 17 10795
19 1 108128
18 22 20544
8 0 1681767
15 19 23569713
11 19 447783
12 20 1443057
6 18 5955
19 6 251267
17 10 182301
20 1 631880
18 17 40457
21 4 40348
8 7 4179904
9 6 6338879
10 5 217293
11 8 188803
0 19 281020
14 7 385026
12 19 108655
1 18 28727
15 6 302963
13 18 22875
0 9 20329
3 4 6504
4 7 250747
5 6 25922
16 2 419
6 21 295336
19 15 17873465
17 3 208
7 16 8809
20 8 20243599
18 8 115449
21 13 964415
8 14 200
22 2 3825
9 15 243710
10 12 584660
8 20 26628179
11 1 114849
9 17 14380
12 10 513629
10 22 21951
13 11 440186
2 16 1173
3 13 200629
1 13 7360511
4 14 4320
2 10 17463
5 15 53364
3 19 26338
6 12 17283245
4 20 30067737
19 20 37389259
17 4 4542
7 9 40313
18 3 3269
21 22 12785
22 5 106700
11 6 407041
14 17 120
12 1 70967
10 17 107726
15 20 2859561
13 4 46156
0 7 2563080
2 5 281
5 8 20616
6 7 7730610
4 19 15707195
7 6 1350740
5 18 149
16 22 54
19 3 856
20 4 27346
18 20 75898952
8 2 1440
9 3 40
11 21 67468
12 22 20314
3 1 3931
16 13 166428
6 16 81655
19 8 102938
17 8 26252
7 21 64237548
20 3 6470
18 15 3213989
21 2 71275
8 9 5455
22 9 1606
9 4 13107
10 3 12040
11 10 265080
0 21 90612
14 5 1592
12 13 1708621
1 16 214636
15 0 18604947
13 16 27144
0 11 1087155
3 6 114505
4 1 631425
5 4 14470
17 1 716721
7 18 8278
20 10 269739
18 6 712627
22 0 40584
9 13 1142516
8 22 10850
11 3 1490
14 12 531
12 4 8245
10 20 3210066
15 9 1070049
13 9 120519
0 2 44693
3 15 78191
1 3 71560
4 8 215076
2 8 713
5 13 3383598
3 21 24476
6 2 215838
4 22 3040
19 22 1147194
20 17 326676
18 1 194874
16 17 445
21 20 3012027
12 3 30805
13 2 60735
1 4 1844153
2 3 52
6 5 81087
7 0 55174773
5 16 118
19 5 18393
17 21 26540
20 6 3600444
21 7 1534832
8 4 142645
9 1 76734
0 16 45016
14 0 227910
12 16 8872
15 5 27693
13 21 1246816
16 15 150913
6 22 104969
19 10 12718
17 14 144
22 21 40
20 13 1071546
18 13 8956895
21 0 994027
22 15 132
9 10 71032
11 12 191276
12 15 184
1 22 180663
15 2 502154
13 14 1728047
2 21 50301
0 13 5233622
3 8 10500
1 8 833829
4 3 61540
2 15 52
5 2 53
16 6 42769
6 9 162174
17 7 11449
7 12 27804352
18 4 53360
21 9 1037327
22 6 18634
10 8 113170
11 5 15411
9 21 175181
12 6 1425164
10 18 1888
13 7 2376449
0 4 54997
4 10 72877
2 6 181404
5 11 7333
6 0 1411116
7 5 1574502
5 21 74128
20 19 2728282
16 19 32365
21 18 22753
17 18 1548
14 21 2858
15 16 5325032
13 0 9426550
11 16 3313
2 1 187703
7 2 62707
16 10 10612
19 7 830638
20 0 19951417
18 16 3385
21 5 588453
8 6 277011
22 10 441870
9 7 954464
10 4 40105
11 9 3706
0 18 23852
14 6 3035
12 18 109383
1 19 533507
15 7 1759140
13 19 127381
0 8 364070
3 5 67578
4 6 306540
5 7 1377351
16 1 7552
6 20 2045838
19 12 13287
17 12 70101
7 17 18564
20 15 586410
21 14 389
8 13 233517
22 13 167558
9 8 78444
10 15 65815
8 19 7811091
11 14 148
9 18 231478
12 9 238650
1 20 5771651
15 12 17835
13 12 1412133
2 19 146741
0 15 70894
3 10 20327
1 14 6219
4 13 455005
2 13 102637
5 0 15911092
3 16 5320
6 15 198153
19 21 1868
17 5 11977
7 14 38
20 22 10863
18 2 105497
22 4 221
11 7 17631
12 0 2122267
10 16 180453
15 21 1500
13 5 7647484
0 6 1484175
1 7 284226
2 4 4515
5 9 42176
4 18 1727
5 19 80626
16 21 26778
21 16 6015
19 0 2501399
17 16 261
8 1 270036
15 18 2489546
11 18 496
12 21 481510
16 12 15841
6 19 644218
19 9 267
17 9 2182
20 2 225917
18 14 2057
21 3 3554
22 8 24324
9 5 46853
10 2 203944
0 20 11746322
14 4 104
1 17 1003134
15 1 210827
13 17 286780
2 22 294
0 10 1027471
3 7 5433
1 11 975696
4 0 2902756
16 3 40
19 14 92
17 2 112920
7 19 297260
20 9 764643
18 9 15984
21 12 41289
8 15 16038169
9 14 193
10 13 1172783
8 21 4453
11 0 1054422
9 16 12674
14 15 6542
12 11 453355
15 14 38
13 10 865843
2 17 2441
0 1 3769466
3 12 23886
1 12 866579
4 15 14581706
2 11 2766
5 14 1520
3 18 184
6 13 4638074
4 21 2984
7 8 56301
20 16 2294107
18 0 5669528
12 2 459628
13 3 52
1 5 408770
6 4 90673
7 1 50351
5 17 29593
19 2 3498
20 5 16797
18 21 84443
9 2 183812
11 20 510589
14 3 38
13 22 18266
3 0 1205055
7 20 80372088
22 20 55947
20 12 348107
18 12 37483
21 1 167901
8 10 18129
10 0 1120537
11 13 234340
0 22 464061
14 10 108
12 14 10052
15 3 158
13 15 100
2 20 114711
0 12 801584
1 9 50346
4 2 156
5 3 1144
16 5 52
6 8 317375
19 16 155
17 0 743873
7 13 19926631
18 7 6723671
21 10 134614
22 1 2977
9 12 5228985
11 2 11206
9 22 768
14 13 214539
12 5 62914
10 21 1498789
15 8 25951801
13 8 779978
0 3 263603
1 2 1258500
4 9 5118
2 9 4632
5 12 45371
3 20 4405686
6 3 13057
7 10 29293
5 22 3567
20 18 2220179
16 18 104
21 19 189511
17 19 158906
14 20 2044426
13 1 515072
2 0 1090330
