450
7 3 6381
16 9 21588
19 4 10494861
17 20 1484307
22 19 527708
20 7 1239986
18 19 638685
21 6 795518
8 5 39340
9 0 2294572
10 7 71545
0 17 570315
14 1 1143
12 17 69117
15 4 12341504
13 20 4036085
3 2 1688
4 5 73528
16 0 559054
19 13 17500
17 13 998806
7 22 6097
20 14 2923
18 10 124234
21 15 134248
8 12 7273
22 12 9778
8 18 40
11 15 3654
9 19 78451
12 8 105016
1 21 652195
15 13 49990
2 18 88
0 14 1393935
3 11 7458
1 15 2085
4 12 4210
2 12 441190
5 1 9290
3 17 10500
16 7 299825
6 14 1636
19 18 2550
17 6 228120
7 15 765975
20 21 287661
18 5 53475
21 8 59313
22 7 28187
10 9 338
11 4 32885
9 20 2008935
14 19 360
12 7 1585616
10 19 649028
15 10 56529
13 6 1644566
0 5 11488566
1 0 3721989
2 7 57240
5 10 17875
3 22 38
7 4 7894
5 20 4858154
16 20 2757082
21 17 12559
19 1 79747
18 22 33517
8 0 1444995
15 19 16468790
11 19 425769
12 20 591908
6 18 50335
19 6 74465
17 10 19713
20 1 598779
18 17 55824
21 4 10111
8 7 3529107
9 6 8051264
10 5 179668
11 8 170783
0 19 248630
14 7 159710
12 19 104079
1 18 44448
15 6 138224
13 18 16174
0 9 58286
3 4 48
4 7 300396
5 6 57322
16 2 1371
6 21 174774
19 15 16473945
17 3 298
7 16 45087
20 8 15321529
18 8 51396
21 13 1058484
8 14 80
22 2 663204
9 15 233364
10 12 397928
8 20 22729569
11 1 95645
9 17 7973
12 10 415524
10 22 15892
13 11 33419
2 16 1844
3 13 245250
1 13 8870954
2 10 35556
5 15 59517
3 19 4649
6 12 16553886
4 20 25641290
19 20 33148435
17 4 203804
7 9 3599
18 3 198
21 22 20671
22 5 86080
11 6 762125
14 17 90
12 1 75955
10 17 104503
15 20 2279312
13 4 17004
0 7 2053868
2 5 1276
5 8 20859
6 7 4056427
4 19 14906787
7 6 1379125
5 18 14398
19 3 1468
20 4 29504
18 20 73099902
8 2 803
9 3 1066
11 21 106192
14 2 756
12 22 36367
3 1 11562
16 13 149030
6 16 545962
19 8 194485
17 8 1293933
7 21 64119357
20 3 575
18 15 3437654
21 2 24550
8 9 9333
22 9 128
9 4 7937
10 3 27364
11 10 76455
0 21 431364
14 5 1492
12 13 1071083
1 16 467211
15 0 16387096
13 16 65458
0 11 3340966
3 6 103876
1 10 208
4 1 317340
5 4 10297
16 4 48
17 1 69672
7 18 31483
20 10 248507
18 6 590481
22 0 52402
9 13 854021
8 22 13991
11 3 14080
14 12 194
12 4 12514
10 20 2542186
15 9 795849
13 9 22078
0 2 84622
3 15 4230
1 3 229827
4 8 74281
2 8 13500
5 13 3600558
3 21 22476
6 2 194358
4 22 1540
19 22 9586
20 17 100712
18 1 120738
21 20 2619904
12 3 1295
13 2 25545
1 4 583290
2 3 52
6 5 45527
7 0 70834216
5 16 48
16 8 1340
19 5 7699
17 21 177293
22 18 324
20 6 2386445
21 7 1551999
8 4 49773
9 1 61643
0 16 52524
14 0 289093
12 16 34567
15 5 13024
13 21 441013
16 15 67687
6 22 83936
19 10 17311
17 14 522
22 21 7396
20 13 556924
18 13 8816357
21 0 1260568
22 15 225
9 10 83900
11 12 200781
14 11 52
12 15 261
1 22 111126
15 2 220554
13 14 1152016
2 21 67640
0 13 3634259
1 8 381087
5 2 469
16 6 51963
6 9 122108
17 7 19713
7 12 26335827
18 4 38690
21 9 90557
22 6 17256
10 8 59135
11 5 40352
9 21 113399
14 18 83
12 6 4450523
10 18 307
13 7 2713224
0 4 62939
4 10 33539
2 6 92213
5 11 11327
6 0 1072517
7 5 1303708
5 21 58779
20 19 747964
16 19 10763
21 18 23126
17 18 1772
14 21 1840
15 16 3436081
13 0 7979383
11 16 3476
2 1 73777
7 2 25502
16 10 5100
19 7 849782
22 16 70
20 0 17816150
18 16 22800
21 5 84883
8 6 47756
22 10 41754
9 7 1122446
10 4 18513
11 9 10905
0 18 42952
14 6 165
12 18 12904
1 19 615083
15 7 1089242
13 19 27229
0 8 182618
3 5 72644
4 6 219633
5 7 1276096
16 1 6847
6 20 1500384
19 12 23198
17 12 3559
7 17 89506
20 15 262563
21 14 812
8 13 49221
22 13 10481
9 8 64702
10 15 142066
8 19 6958280
9 18 35818
12 9 38547
1 20 6560188
15 12 14454
13 12 767167
2 19 20445
0 15 44516
3 10 107523
1 14 12731
4 13 40251
2 13 2507705
5 0 15846761
6 15 404026
19 21 204
17 5 129
20 22 1431
18 2 17370
22 4 1581
11 7 33121
12 0 1777406
10 16 596333
13 5 5759725
0 6 1130992
1 7 558428
2 4 146
5 9 68369
4 18 1322
5 19 61407
16 21 24627
21 16 26013
19 0 4043324
8 1 50369
15 18 2644763
11 18 12399
12 21 282559
16 12 10301
6 19 757919
20 2 144695
18 14 300
21 3 4770
22 8 726
9 5 26226
10 2 180133
0 20 10797325
1 17 982562
15 1 281611
13 17 33773
2 22 12780
0 10 952895
3 7 4354
1 11 1044306
4 0 2221945
19 14 228
17 2 8905
7 19 135342
20 9 390482
18 9 5299
21 12 72054
8 15 14410807
22 3 128
9 14 764
10 13 1447292
8 21 1762
11 0 1060640
9 16 6628
14 15 3280
12 11 453847
15 14 152
13 10 205787
2 17 808
0 1 2353650
3 12 3310
1 12 4862575
4 15 12687107
2 11 209641
6 13 5102631
4 21 14641
7 8 40907
20 16 1671702
18 0 6358449
12 2 59296
1 5 388087
6 4 89273
7 1 50237
5 17 2685
19 2 2593
20 5 11297
18 21 91355
8 3 40
9 2 544797
11 20 475373
14 3 198
13 22 190769
3 0 539843
7 20 96314427
22 20 181398
20 12 343238
18 12 142521
21 1 70236
8 10 32488
22 14 93
10 0 2144377
8 16 709
11 13 70602
0 22 42639
14 10 1621
12 14 1492
15 3 516
13 15 52
2 20 99654
0 12 163974
1 9 30793
4 2 3202
2 14 43905
5 3 1207
16 5 52
6 8 107285
19 16 5660
17 0 698352
7 13 23679809
18 7 5049562
21 10 226023
22 1 1712
9 12 67700
11 2 45341
9 22 23642
14 13 126841
12 5 98938
10 21 682301
15 8 18502818
13 8 201556
0 3 766920
3 14 4500
1 2 426809
4 9 156
2 9 1654
5 12 43754
3 20 3178264
6 3 5051
7 10 55524
5 22 7569
20 18 1916897
16 18 118
21 19 117381
17 19 290290
14 20 1836390
13 1 265669
2 0 1227862
