464
7 3 2052
16 9 51170
19 4 17285835
17 20 927704
22 19 233393
20 7 1520335
18 19 622359
21 6 978198
8 5 28035
9 0 3616543
10 7 347559
0 17 237900
14 1 9148
12 17 12255
15 4 17505552
13 20 2409295
3 2 30253
4 5 135859
16 0 528457
19 13 85531
17 13 424782
7 22 69334
20 14 9678
18 10 162128
21 15 168930
8 12 26700
22 12 10026
10 14 3636
8 18 1983
9 19 208514
14 8 63
12 8 220701
1 21 1469229
15 13 201772
2 18 3233
0 14 2998321
3 11 54375
1 15 15946
4 12 17411
2 12 758524
5 1 100909
3 17 8970
16 7 753967
6 14 3325
19 18 62477
17 6 267158
7 15 1360669
20 21 362061
18 5 14376
21 8 90261
22 7 154720
10 9 103872
11 4 20232
9 20 2359624
14 19 7404
12 7 2955577
10 19 1425663
15 10 43272
13 6 1384104
0 5 11468795
1 0 6112254
2 7 23261
5 10 9863
3 22 4500
7 4 13158
5 20 806026
16 20 3571206
21 17 55068
19 1 99854
18 22 3454
8 0 1230511
15 19 35974725
11 19 413581
12 20 1174163
6 18 39275
19 6 186940
17 10 63799
20 1 428475
18 17 180332
21 4 76657
8 7 2592716
9 6 6937496
10 5 267900
11 8 168686
0 19 597105
14 7 408152
12 19 58767
1 18 74083
15 6 315137
13 18 32676
0 9 438581
4 7 285894
5 6 17935
16 2 3415
6 21 655687
19 15 20986540
17 3 248
7 16 29687
20 8 17132183
18 8 204521
21 13 1246340
8 14 150
22 2 3191
9 15 585006
10 12 458781
8 20 18035514
11 1 170685
9 17 17755
12 10 268042
10 22 29726
13 11 90587
2 16 17158
3 13 80188
1 13 4818946
4 14 4212
2 10 23685
5 15 106180
3 19 84310
6 12 3631261
4 20 22703953
19 20 34313661
17 4 6028
7 9 24928
18 3 3400
21 22 59925
22 5 40
11 6 430539
14 17 2568
12 1 36790
10 17 213951
15 20 3958385
13 4 12208
0 7 2948300
2 5 308
5 8 9602
6 7 16877907
4 19 11702468
7 6 370218
5 18 92
16 22 1668
19 3 2554
20 4 105304
18 20 68230367
8 2 11109
9 3 3322
11 21 65995
14 2 3947
12 22 85915
3 1 12289
16 13 186815
6 16 175806
19 8 161911
17 8 48640
7 21 62831545
20 3 15360
18 15 522148
21 2 56077
8 9 1514
22 9 200
9 4 183914
10 3 46138
11 10 85402
0 21 851392
14 5 3870
12 13 1170597
1 16 716142
15 0 26620066
13 16 33152
0 11 698293
3 6 504138
4 1 95156
5 4 177880
17 1 36472
7 18 7461
20 10 872289
18 6 325729
22 0 65199
9 13 338657
8 22 275400
11 3 8433
14 12 2065
12 4 45548
10 20 5901895
15 9 1654274
13 9 34933
0 2 467511
3 15 465984
1 3 211356
4 8 69140
2 8 3040
5 13 2756437
3 21 72634
6 2 1298088
4 22 9048
19 22 58276
20 17 292752
18 1 819121
16 17 2512
21 20 2934167
12 3 24565
13 2 702073
1 4 474174
2 3 4360
6 5 20990
7 0 59347680
5 16 1500
16 8 495
19 5 3329
17 21 228476
22 18 2313
20 6 14437346
21 7 1420698
8 4 44005
9 1 457529
0 16 63432
14 0 245543
12 16 144709
15 5 9945
13 21 4649107
16 15 64445
6 22 140688
19 10 145954
17 14 128
20 13 1565748
18 13 4916142
21 0 951433
22 15 123
9 10 83309
11 12 88646
14 11 3909
12 15 116
1 22 473126
15 2 407805
13 14 2456566
2 21 92850
0 13 3521087
3 8 4500
1 8 1167430
4 3 40
5 2 3098
16 6 49321
6 9 271044
17 7 302179
7 12 30467701
18 4 104742
21 9 872697
22 6 112200
10 8 222519
11 5 13561
9 21 1350230
14 18 2710
12 6 1066655
10 18 21279
13 7 1709404
0 4 255117
4 10 12490
2 6 114524
5 11 2114
6 0 1199600
7 5 1597216
5 21 27654
20 19 1069577
16 19 32223
21 18 4298666
17 18 1618
14 21 16601
15 16 8621787
13 0 12028676
11 16 19010
2 1 279132
7 2 121064
16 10 21663
19 7 968465
22 16 118572
20 0 20564725
18 16 3880
21 5 58694
8 6 50648
22 10 130520
9 7 1318237
10 4 148599
11 9 11579
0 18 75076
14 6 508
12 18 29252
1 19 687248
15 7 2272428
13 19 233636
0 8 223526
3 5 2732
4 6 25015
5 7 1421804
16 1 2599
6 20 11686805
19 12 33479
17 12 38324
7 17 74214
20 15 680370
21 14 3642
8 13 52696
22 13 426095
9 8 76383
10 15 100017
8 19 6441279
11 14 2451
9 18 18537
14 9 2580
12 9 82430
1 20 10593048
15 12 19367
13 12 899815
2 19 69498
0 15 221284
3 10 148186
1 14 222569
4 13 21577
2 13 225427
5 0 15212374
3 16 9000
6 15 732163
19 21 89
17 5 248
7 14 17096
20 22 79808
18 2 39608
22 4 978
11 7 37161
12 0 1110837
10 16 992446
13 5 4718576
0 6 612211
1 7 990642
2 4 241658
5 9 146002
4 18 3466
5 19 30210
16 21 9996
21 16 20323
19 0 2468781
17 16 8560
8 1 366606
15 18 4869811
11 18 4060
12 21 341645
16 12 11419
6 19 716723
19 9 12935
17 9 290
20 2 593668
18 14 1496
21 3 4983
22 8 77052
9 5 153873
10 2 128309
0 20 9425632
14 4 1484
1 17 737303
15 1 196223
13 17 57993
2 22 1484
0 10 303223
3 7 30379
1 11 1183235
4 0 1434399
16 3 104
19 14 1041
17 2 6418
7 19 155865
20 9 1106998
18 9 19926
21 12 79229
8 15 13776696
22 3 124
9 14 3943
10 13 2485225
8 21 143
11 0 1170887
9 16 17676
14 15 12675
12 11 180776
15 14 1500
13 10 577668
2 17 12891
0 1 2251315
3 12 51864
1 12 1314642
4 15 15623471
2 11 242804
3 18 7420
6 13 3775646
4 21 892
7 8 394376
20 16 3548285
18 0 4297743
12 2 96586
13 3 232
1 5 79426
6 4 145608
7 1 174131
5 17 222
19 2 4776
20 5 22778
18 21 238089
8 3 40
9 2 578455
11 20 841932
14 3 166
13 22 87489
3 0 642798
16 14 52
7 20 64254028
22 20 547272
20 12 224395
18 12 77361
21 1 52271
8 10 46215
22 14 40
10 0 3000911
8 16 14375
11 13 135509
0 22 488571
14 10 5420
12 14 20903
15 3 4859
13 15 1255
2 20 858852
0 12 124146
3 9 9299
1 9 467761
4 2 51852
2 14 47807
5 3 248
16 5 56
6 8 124556
19 16 25091
17 0 1216309
7 13 3720767
18 7 4165142
21 10 233209
22 1 131933
9 12 92534
11 2 384417
9 22 31451
14 13 146814
12 5 31206
10 21 1031477
15 8 29118751
13 8 29880
0 3 542026
1 2 1009143
4 9 12112
2 9 1169
5 12 8759
3 20 4881416
6 3 229072
7 10 87439
5 22 116
20 18 2635719
16 18 1548
21 19 262683
17 19 284790
14 20 2554487
13 1 1145834
2 0 1157756
