468
7 3 2846
16 9 54179
19 4 12717224
17 20 714793
22 19 232413
20 7 3210059
18 19 595344
21 6 460812
8 5 15964
9 0 3758537
10 7 398200
0 17 1308046
14 1 7297
12 17 33647
15 4 15280087
13 20 3181477
3 2 63619
4 5 23271
16 0 417722
19 13 148785
17 13 313553
7 22 188060
20 14 16280
18 10 231334
21 15 41457
8 12 19554
22 12 14389
9 9 23498
10 14 11136
8 18 2659
11 15 347
9 19 250010
14 8 146
12 8 71953
1 21 964300
15 13 30924
13 13 172591
2 18 1520
0 14 3101289
1 15 3050
4 12 125311
2 12 603321
5 1 20063
3 17 69
16 7 743229
6 14 10760
19 18 4417
17 6 158481
7 15 1059132
20 21 412426
18 5 18740
21 8 71897
22 7 33238
10 9 62645
11 4 89931
9 20 3044351
14 19 13165
12 7 2206500
10 19 1341555
15 10 4427
13 6 2279239
0 5 9275677
1 0 5340992
2 7 90303
5 10 2351
7 4 627
5 20 726999
16 20 3907639
21 17 82488
19 1 157699
17 17 4014
18 22 33128
8 0 1038820
15 19 31663001
11 19 55980
12 20 1477269
6 18 79098
19 6 844480
17 10 18649
20 1 332874
18 17 33550
21 4 7880
8 7 2435388
9 6 3674356
10 5 109877
11 8 238061
0 19 1774985
14 7 297342
12 19 395672
1 18 57873
15 6 240130
13 18 29853
0 9 11333
3 4 40
4 7 192108
5 6 51241
16 2 3940
6 21 1540777
19 15 21453461
7 16 22181
20 8 15223550
18 8 101040
21 13 1132836
8 14 630
22 2 11549
9 15 254622
10 12 462747
8 20 19202225
11 1 384483
9 17 14674
12 10 32007
10 22 103770
15 15 2822522
13 11 4693
2 16 4178
0 0 32286837
3 13 143450
1 13 3455573
4 14 451
2 10 78756
5 15 105200
3 19 59049
6 12 1212368
4 20 18034420
19 20 29329425
17 4 41012
7 9 22140
18 3 1770
21 22 12907
22 5 18329
11 6 925718
14 17 213
12 1 60779
10 17 139635
15 20 1990047
13 4 19533
0 7 2893198
2 5 2555
5 8 24342
6 7 24668994
4 19 9919182
7 6 769843
19 3 1336
20 4 70330
18 20 62555464
8 2 84361
9 3 5751
11 21 82034
14 2 9542
12 22 18310
3 1 36641
16 13 402410
6 16 95569
19 8 29534
17 8 423016
7 21 57301737
20 3 16628
18 15 426983
21 2 49315
8 9 1999
22 9 6846
9 4 36411
10 3 47708
11 10 62169
0 21 2525743
14 5 1663
12 13 380747
1 16 190959
15 0 24511711
13 16 23358
0 11 25742
3 6 61484
4 1 13487
5 4 8445
16 4 1492
17 1 197306
7 18 19697
20 10 137206
18 6 604349
22 0 256286
9 13 586666
8 22 87494
11 3 6008
14 12 2297
12 4 12341
10 20 4277101
15 9 847157
13 9 33941
0 2 1260780
3 15 7977
1 3 38942
4 8 362257
2 8 897031
5 13 2622280
3 21 60169
6 2 1280466
4 22 2278
19 22 78218
20 17 480451
18 1 126674
16 17 14515
21 20 2494506
12 3 33341
13 2 105288
1 4 420611
2 3 532
6 5 184982
7 0 102846928
5 16 5216
16 8 13700
19 5 4970
17 21 731875
22 18 110
20 6 6507115
18 18 1053847
21 7 1161339
8 4 194129
9 1 68137
0 16 73885
14 0 138633
12 16 30595
15 5 2434
13 21 6102062
16 15 24288
6 22 559414
19 10 50326
17 14 827
22 21 80
20 13 1019386
18 13 4962780
21 0 1178427
22 15 48
9 10 78405
11 12 298232
1 22 239773
15 2 457311
13 14 2779745
2 21 165385
0 13 2968313
3 8 80
1 8 828376
5 2 53653
16 6 63584
6 9 348192
19 19 35814542
17 7 350612
7 12 23144774
20 20 5096232
18 4 64665
21 9 481141
22 6 184135
10 8 69252
11 5 31599
9 21 223007
14 18 999
12 6 519849
10 18 13448
13 7 1441579
0 4 179364
4 10 9319
2 6 122521
5 11 59
6 0 1727751
4 16 1400
7 5 1945497
5 21 20861
20 19 808611
16 19 21187
21 18 12822
17 18 386
14 21 14345
15 16 6071089
13 0 9413296
11 16 9679
2 1 113457
7 2 73453
16 10 16767
19 7 545732
20 0 22453259
18 16 6003
21 5 52696
8 6 239321
22 10 4673
9 7 604892
10 4 152910
11 9 29024
0 18 29372
14 6 4435
12 18 13697
1 19 2351829
15 7 1893432
13 19 487812
0 8 184252
3 5 96
4 6 293597
5 7 905496
16 1 7020
6 20 3711520
19 12 24269
17 12 35678
7 17 39850
20 15 623254
21 14 1431
8 13 183039
22 13 139400
9 8 17477
10 15 65419
8 19 3995092
11 14 8671
9 18 43170
14 9 1370
12 9 86684
1 20 8833913
15 12 44665
13 12 3891628
2 19 104160
0 15 114774
3 10 7668
1 14 18537
4 13 24565
2 13 3279413
5 0 15388303
3 16 60
6 15 488533
19 21 2220
17 5 2199
7 14 10679
20 22 43987
18 2 132925
22 4 33360
11 7 264347
12 0 1045842
10 16 79920
13 5 5436122
0 6 1665876
1 7 783299
2 4 2140
5 9 114902
6 6 48297
4 18 4336
7 7 43656237
5 19 111671
16 21 19968
21 16 18979
19 0 2228353
17 16 2247
8 1 95855
15 18 4211879
11 18 3624
12 21 390267
16 12 6646
6 19 982786
19 9 40069
17 9 95
20 2 227522
18 14 1278
21 3 2083
22 8 1400
9 5 30113
10 2 277778
0 20 7360056
14 4 1290
12 12 86708
1 17 1327783
15 1 101623
13 17 23490
2 22 63946
0 10 387515
3 7 71809
1 11 388488
4 0 895928
19 14 3101
17 2 1738
7 19 425858
20 9 736647
18 9 43119
21 12 4740091
8 15 14879977
9 14 1599
10 13 3696463
8 21 97
11 0 1037487
9 16 8297
14 15 6202
12 11 2246
15 14 4166
13 10 348824
2 17 7839
0 1 2540179
3 12 116929
1 12 1430254
4 15 13710145
2 11 3344
5 14 80
6 13 3415276
4 21 48
7 8 140857
20 16 2562703
18 0 3183127
21 21 196322
12 2 208188
13 3 52
1 5 282094
6 4 68785
7 1 303128
5 17 96
19 2 22692
20 5 15804
18 21 98106
8 3 202
9 2 440287
11 20 933879
13 22 4783
3 0 448160
16 14 40
7 20 78508016
22 20 354140
20 12 485527
18 12 37944
21 1 97465
8 10 29997
22 14 48
10 0 2294303
8 16 776
11 13 161973
0 22 464202
14 10 714
12 14 16791
15 3 71178
2 20 2316532
0 12 499510
3 9 16240
1 9 661310
4 2 4141
2 14 116594
16 5 20478
6 8 71266
19 16 801
17 0 1296241
7 13 7280176
18 7 4595501
21 10 63801
22 1 4790
9 12 131222
11 2 4852
9 22 21965
14 13 187207
12 5 12332
10 21 2066455
15 8 24911407
13 8 66684
0 3 441502
3 14 56
1 2 1167190
4 9 80
2 9 5646
5 12 19933
3 20 2897755
6 3 23938
7 10 25175
5 22 27820
20 18 2800037
16 18 1718
21 19 193771
17 19 213718
14 20 2208750
13 1 910019
2 0 1016233
