444
7 3 2920
16 9 18356
19 4 8405542
17 20 1574567
22 19 253311
20 7 885599
18 19 343704
21 6 165449
8 5 18588
9 0 1804010
10 7 91778
0 17 246014
14 1 4024
12 17 184080
15 4 12071644
13 20 6462455
3 2 276
4 5 1702
16 0 280193
19 13 80356
17 13 379824
7 22 8221
20 14 28341
18 10 739087
21 15 28742
8 12 27215
22 12 346
10 14 56
8 18 497
11 15 80
9 19 162384
14 8 391
12 8 73819
1 21 380446
15 13 58251
2 18 52
0 14 2031682
1 15 1644
4 12 5472
2 12 446635
5 1 13993
3 17 24056
16 7 442873
6 14 4405
19 18 8501
17 6 118440
7 15 617698
20 21 126483
18 5 11635
21 8 45647
22 7 26216
10 9 4134
11 4 9832
9 20 2575560
14 19 8467
12 7 533825
10 19 619121
15 10 146921
13 6 1642815
0 5 6867236
1 0 5552936
2 7 9973
5 10 113185
7 4 176
5 20 611262
16 20 4211350
21 17 101651
19 1 699518
18 22 2508
8 0 1188416
15 19 22333075
11 19 56326
12 20 1406863
6 18 5980
19 6 557554
17 10 30087
20 1 231673
18 17 24758
21 4 13828
8 7 203539
9 6 5073373
10 5 218069
11 8 99179
0 19 749437
14 7 187487
12 19 115431
1 18 17029
15 6 42510
13 18 12117
0 9 81595
3 4 1500
4 7 188705
5 6 36006
16 2 3752
6 21 78048
19 15 21019235
17 3 732
7 16 339279
20 8 14750719
18 8 76227
21 13 478738
8 14 7185
22 2 40
9 15 144556
10 12 218085
8 20 19917953
11 1 134851
9 17 7494
12 10 144389
10 22 10212
13 11 4476
2 16 2231
3 13 298
1 13 4042782
2 10 146540
5 15 53577
3 19 40645
6 12 382965
4 20 17744669
19 20 33104464
17 4 952
7 9 848
18 3 3513
21 22 761
22 5 212
11 6 436365
12 1 17484
10 17 33565
15 20 396399
13 4 5817
0 7 1423271
2 5 358
5 8 47565
6 7 13439751
4 19 8961786
7 6 216356
16 22 52
19 3 100
20 4 24932
18 20 65426246
8 2 70
9 3 578
11 21 42951
14 2 40
12 22 24560
3 1 3465
16 13 216462
6 16 233832
19 8 142687
17 8 252652
7 21 26484108
20 3 821
18 15 448866
21 2 26881
8 9 657
9 4 275456
10 3 145229
11 10 413655
0 21 106701
12 13 449003
1 16 568460
15 0 13370382
13 16 40098
0 11 40015
3 6 47187
4 1 19385
5 4 80
17 1 481003
7 18 2948
20 10 805911
18 6 131193
22 0 50828
9 13 299693
8 22 8249
11 3 1532
14 12 5568
12 4 44729
10 20 2172276
15 9 556271
13 9 21129
0 2 71981
1 3 838989
4 8 175933
2 8 114
5 13 1988720
3 21 11721
6 2 121730
4 22 1589
19 22 3958
20 17 402445
18 1 340952
16 17 3960
21 20 2846269
12 3 3132
13 2 138235
1 4 234520
2 3 5596
6 5 28866
7 0 87089787
5 16 2987
16 8 9640
19 5 31266
17 21 11330
22 18 3458
20 6 664588
21 7 669181
8 4 34999
9 1 64230
0 16 122966
14 0 42163
12 16 221685
15 5 3056
13 21 327176
16 15 41136
6 22 102392
19 10 370927
17 14 127
22 21 4884
20 13 1382670
18 13 6668809
21 0 359541
22 15 480
9 10 156794
11 12 15554
14 11 52
12 15 2732
1 22 55179
15 2 238776
13 14 1890057
2 21 25593
0 13 3741034
3 8 1500
1 8 446594
4 3 120
5 2 378
16 6 27429
6 9 28404
17 7 6045
7 12 39408078
18 4 1014156
21 9 75109
22 6 11406
10 8 39027
11 5 7003
9 21 87121
12 6 9224050
10 18 20427
13 7 1704125
0 4 71624
4 10 507018
2 6 40768
6 0 1246445
4 16 80
7 5 2176132
5 21 9613
20 19 2650866
16 19 63212
21 18 9007
17 18 3371
14 21 261
15 16 10802770
13 0 6485356
11 16 14097
2 1 266388
7 2 94955
16 10 29690
19 7 510452
22 16 1608
20 0 10193754
18 16 18126
21 5 15068
8 6 498229
22 10 37884
9 7 829614
10 4 21433
11 9 1839
0 18 13321
14 6 582
12 18 9534
1 19 1452039
15 7 1957353
13 19 273143
0 8 248060
3 5 448
4 6 25122
5 7 294327
16 1 5968
6 20 1372911
19 12 16957
17 12 506847
7 17 6115
20 15 119848
21 14 4737
8 13 33171
22 13 2124
9 8 27666
10 15 109179
8 19 6684663
11 14 24116
9 18 13981
12 9 17502
1 20 6488855
15 12 8926
13 12 389551
2 19 94035
0 15 112978
3 10 87337
1 14 38945
4 13 4502
2 13 28912
5 0 14467953
6 15 181460
19 21 11573
17 5 5873
7 14 8643
20 22 1262
18 2 304
22 4 1019
11 7 12830
12 0 472329
10 16 194503
15 21 571
13 5 3581706
0 6 881799
1 7 570360
2 4 648568
5 9 67201
4 18 166
5 19 91596
16 21 14206
21 16 14227
19 0 2482902
17 16 176548
8 1 68921
15 18 1851906
11 18 6176
12 21 214175
16 12 13720
6 19 702476
19 9 2207
17 9 214
20 2 34368
18 14 3004
21 3 4861
22 8 32843
9 5 40005
10 2 376057
0 20 4875057
1 17 539636
15 1 168854
13 17 19924
0 10 1303990
3 7 1161
1 11 129597
4 0 954312
17 2 1676
7 19 105808
20 9 407969
18 9 4088
21 12 89596
8 15 16565735
22 3 86
9 14 117
10 13 1282139
8 21 1592
11 0 490726
9 16 26911
14 15 2197
12 11 13418
15 14 1362
13 10 1586408
2 17 8672
0 1 1940179
3 12 3047
1 12 699721
4 15 12426342
2 11 411
6 13 3348253
4 21 7451
7 8 48032
20 16 3725542
18 0 3320920
12 2 32066
1 5 405879
6 4 86059
7 1 2071269
5 17 40
19 2 2411
20 5 10667
18 21 24533
9 2 152992
11 20 537611
13 22 3166
3 0 30066
7 20 60525267
22 20 62458
20 12 558823
18 12 41312
21 1 126205
8 10 143527
10 0 1276946
8 16 1864
11 13 204605
0 22 392735
14 10 2152
12 14 10724
15 3 4735
13 15 156
2 20 135036
0 12 267532
1 9 19497
4 2 7614
2 14 83
16 5 116
6 8 146874
19 16 120
17 0 1734641
7 13 543890
18 7 409447
21 10 87090
22 1 32310
9 12 54330
11 2 5124
9 22 2714
14 13 103637
12 5 42689
10 21 543101
15 8 24210196
13 8 18675
0 3 172975
1 2 592944
2 9 114
5 12 466
3 20 26047
6 3 1712
7 10 255172
5 22 979
20 18 1146622
16 18 1863
21 19 67074
17 19 381004
14 20 1802437
13 1 472502
2 0 1239778
