462
7 3 7056
16 9 60184
19 4 11725053
17 20 770128
22 19 171724
20 7 1767255
18 19 363972
21 6 164078
8 5 32514
9 0 1414800
10 7 664520
0 17 223990
14 1 10483
12 17 132928
15 4 13883063
13 20 5133973
3 2 23864
4 5 9744
16 0 295689
19 13 33516
17 13 285455
7 22 29944
20 14 50440
18 10 596976
21 15 33366
8 12 182
9 9 19800
10 14 2840
8 18 1261
9 19 233263
14 8 624
12 8 49983
1 21 1146396
15 13 62676
13 13 537032
2 18 3000
0 14 2997921
1 15 23322
4 12 46
2 12 1052597
5 1 18290
3 17 9078
16 7 528082
6 14 11172
19 18 78821
17 6 76005
7 15 1250953
20 21 460628
18 5 9101
21 8 43192
22 7 40932
10 9 61534
11 4 108809
9 20 2289319
14 19 8617
12 7 2432247
10 19 636368
15 10 140558
13 6 2311147
0 5 7958485
1 0 4807974
2 7 920288
5 10 94298
3 22 5599
7 4 9008
5 20 568456
16 20 4096263
21 17 9425
19 1 200630
17 17 5622
18 22 152271
8 0 689146
15 19 34588352
11 19 553724
12 20 2413907
6 18 12918
19 6 97393
17 10 99841
20 1 1636373
18 17 97970
21 4 36138
8 7 139528
9 6 7058317
10 5 34173
11 8 98409
0 19 1849898
14 7 213334
12 19 279383
1 18 218205
15 6 66520
13 18 19392
0 9 144666
3 4 1500
4 7 359297
5 6 51541
16 2 3502
6 21 191379
19 15 21952344
17 3 212
7 16 140405
20 8 494913
18 8 118317
21 13 799386
8 14 39751
22 2 3153
9 15 136817
8 20 649056
11 1 114781
9 17 140556
12 10 371296
10 22 32251
15 15 1297257
13 11 5516
2 16 1932
0 0 34507473
3 13 19687
1 13 5318120
4 14 121
2 10 217351
5 15 24977
3 19 97120
6 12 113
4 20 16202815
19 20 31068465
17 4 8823
7 9 63446
18 3 2964
21 22 35468
22 5 156
11 6 407271
14 17 2087
12 1 137906
10 17 386318
15 20 852054
13 4 24541
0 7 3401448
2 5 611
5 8 6298
6 7 5241429
4 19 9644613
7 6 423466
5 18 1552
16 22 5732
19 3 931
20 4 24459
18 20 62685328
8 2 3337
9 3 3787
11 21 71449
14 2 2459
12 22 98754
3 1 24712
16 13 246684
6 16 239357
19 8 382855
17 8 12785
7 21 68330589
20 3 60245
18 15 491838
21 2 54408
8 9 8945
22 9 198
9 4 157186
10 3 35813
11 10 446779
0 21 379430
12 13 1433307
1 16 973321
15 0 27544269
13 16 132019
0 11 11466
3 6 78014
4 1 49466
5 4 821
16 4 122
17 1 255955
7 18 10603
20 10 742617
18 6 145754
22 0 904425
9 13 339143
8 22 85636
11 3 1724
14 12 166833
12 4 1713
10 20 4976351
15 9 1188722
13 9 22519
0 2 614654
1 3 189003
4 8 117435
2 8 246
5 13 2099540
3 21 98054
6 2 299272
4 22 1017626
19 22 15096
20 17 128407
18 1 211936
16 17 14986
21 20 3096509
12 3 5526
13 2 94956
1 4 240437
2 3 8008
6 5 485969
7 0 846335
16 8 88
19 5 3125
17 21 32525
22 18 312
20 6 805428
18 18 474381
21 7 1243337
8 4 53598
9 1 570828
0 16 28482
14 0 86019
12 16 19084
15 5 3468
13 21 3172545
16 15 56366
6 22 27613
19 10 392972
17 14 450
22 21 189
20 13 650059
18 13 5428693
21 0 589504
22 15 5237
9 10 239419
11 12 277557
14 11 1382
12 15 2016
1 22 240303
15 2 440641
13 14 2645058
2 21 73356
0 13 4391562
1 8 378650
4 3 128
16 6 32951
6 9 181889
19 19 35073664
17 7 13950
7 12 56922786
20 20 3354732
18 4 53365
21 9 171196
22 6 18612
10 8 57573
11 5 99710
9 21 217546
12 6 445904
10 18 15489
13 7 2887969
0 4 992892
4 10 454850
2 6 125991
5 11 1204
6 0 1322415
4 16 48
7 5 1430898
5 21 64006
20 19 2408555
16 19 53242
21 18 8957
17 18 64034
14 21 10867
15 16 7245872
13 0 10293103
11 16 13520
2 1 374612
7 2 82682
16 10 30860
19 7 509034
22 16 371
20 0 26317110
18 16 13941
21 5 41587
8 6 266144
22 10 154085
9 7 784945
10 4 28264
11 9 122371
0 18 48618
14 6 553
12 18 19632
1 19 1889313
15 7 1819255
13 19 401443
0 8 159720
3 5 30829
4 6 31212
5 7 103571
16 1 3989
6 20 3112463
19 12 2720
17 12 93716
7 17 5343
20 15 1643543
21 14 868
8 13 90325
22 13 177685
9 8 9601
10 15 1451940
8 19 1079140
11 14 24084
9 18 21981
14 9 4257
12 9 53511
1 20 14143815
15 12 1037
13 12 2181234
2 19 109677
0 15 105190
3 10 76547
1 14 24932
4 13 51125
2 13 47650
5 0 13393514
3 16 40
6 15 3899843
19 21 40
17 5 24289
7 14 74
20 22 55905
18 2 8768
22 4 424181
11 7 355200
12 0 1458431
10 16 1269512
13 5 4821640
0 6 948663
1 7 4151390
2 4 8862
5 9 105761
6 6 12663
7 7 25188458
5 19 105844
16 21 602562
21 16 23578
19 0 1359650
17 16 345
8 1 147183
15 18 4333584
11 18 9162
12 21 301921
16 12 9576
6 19 512197
19 9 544
17 9 12773
20 2 283457
18 14 2058
21 3 4636
22 8 18149
9 5 16929
10 2 287556
0 20 7083916
12 12 90120
1 17 1429498
15 1 287389
13 17 80025
2 22 81309
0 10 1860517
3 7 126146
1 11 80721
4 0 666290
16 3 52
19 14 52
17 2 29549
7 19 846785
20 9 1012067
18 9 1902
21 12 141213
8 15 301572
22 3 290
9 14 4663
10 13 2705472
8 21 2348
11 0 1102471
9 16 21266
14 15 4069
12 11 39084
15 14 7374
13 10 1409957
2 17 39014
0 1 1913141
3 12 80310
1 12 2640026
4 15 13997400
6 13 5885885
4 21 7313
7 8 7154
20 16 3357481
18 0 2931532
21 21 86336
12 2 180907
13 3 2120
1 5 379507
6 4 18503
7 1 261532
5 17 638
19 2 6364
20 5 32644
18 21 189325
9 2 141405
11 20 682275
13 22 15622
3 0 346238
7 20 38156103
22 20 42809
20 12 1315354
18 12 6990
21 1 159177
8 10 642955
10 0 2286881
8 16 80
11 13 561729
0 22 928048
14 10 8301
12 14 20982
15 3 2544
13 15 3718
2 20 1274742
0 12 1372799
3 9 2833
1 9 176991
4 2 3482
2 14 57888
5 3 544
16 5 44
6 8 137753
19 16 1644
17 0 647465
7 13 4379370
18 7 457424
21 10 86453
22 1 7255
9 12 385412
11 2 4652
9 22 15957
14 13 169188
12 5 8353
10 21 1557137
15 8 863531
13 8 17377
0 3 585038
1 2 902471
4 9 9414
2 9 3128
5 12 22996
3 20 334642
6 3 5864
7 10 256079
5 22 53
20 18 2850540
21 19 177285
17 19 171025
14 20 2066746
13 1 1260552
2 0 2162225
