472
7 3 3676
16 9 46395
19 4 8763571
17 20 3521129
22 19 112518
20 7 1338831
18 19 488074
21 6 204531
8 5 12243
9 0 2179920
10 7 300972
0 17 323491
14 1 3887
12 17 16032
15 4 13432092
13 20 2756929
3 2 6061
4 5 89
16 0 264738
19 13 80289
17 13 749628
7 22 9116
20 14 147936
18 10 1050832
21 15 92643
9 9 12662
10 14 48
8 18 8836
11 15 208
9 19 159133
14 8 728
12 8 27403
1 21 1206598
15 13 42863
13 13 462220
2 18 158848
0 14 3086513
1 15 12790
2 12 408952
5 1 32524
3 17 7633
16 7 420260
6 14 4470
19 18 27691
17 6 101837
7 15 1806011
20 21 616503
18 5 15496
21 8 89525
22 7 31471
10 9 205531
11 4 169720
9 20 3026128
14 19 6808
12 7 963242
10 19 781375
15 10 169147
13 6 2310074
0 5 8414672
1 0 5851066
2 7 39181
5 10 136421
3 22 112
6 1 1420
7 4 10540
5 20 515298
16 20 4101454
21 17 150446
19 1 39178
17 17 3302
18 22 103007
8 0 788094
15 19 31609450
11 19 84311
12 20 308168
6 18 115950
19 6 493077
17 10 173662
20 1 1330805
18 17 128091
21 4 24980
8 7 219327
9 6 2020961
10 5 8036
11 8 195579
0 19 1979620
14 7 265434
12 19 124382
1 18 60440
15 6 66839
13 18 30530
0 9 137417
3 4 4594
4 7 232287
5 6 32780
16 2 2223
6 21 340513
19 15 20955685
17 3 261
7 16 22897
20 8 14093152
18 8 172173
21 13 692988
8 14 4372
22 2 48
9 15 333848
10 12 552
8 20 17009054
11 1 72378
9 17 191621
12 10 350104
10 22 33381
15 15 939483
13 11 52379
2 16 5058
0 0 39800864
3 13 13529
1 13 2922377
4 14 16453
2 10 235331
5 15 86320
3 19 31905
6 12 8305
4 20 17209800
19 20 27494822
17 4 1533
7 9 147495
18 3 1420
21 22 14216
22 5 10530
11 6 762376
14 17 2890
12 1 48035
10 17 133782
15 20 1040849
13 4 30499
0 7 3990604
2 5 264
5 8 434
6 7 1989268
4 19 9737918
7 6 533527
5 18 183
16 22 66
19 3 23264
20 4 20747
18 20 72837995
8 2 396000
9 3 5678
11 21 34500
14 2 1621
12 22 371
3 1 22827
16 13 151699
6 16 204328
19 8 347398
17 8 7243
7 21 77456695
20 3 5513
18 15 521893
21 2 29371
9 4 4550
10 3 70904
11 10 562648
0 21 268797
12 13 756217
1 16 353683
15 0 26138635
13 16 55386
0 11 71507
3 6 38086
4 1 39627
5 4 2644
16 4 96
17 1 345629
7 18 12786
20 10 1121859
18 6 174588
22 0 27014
9 13 353698
8 22 1960
11 3 2063
14 12 14198
12 4 2558
10 20 7507846
15 9 695577
13 9 26924
0 2 367467
1 3 35158
4 8 180560
2 8 6076
5 13 2427940
3 21 26815
6 2 1581725
4 22 496433
19 22 64262
20 17 109596
18 1 105413
16 17 311
21 20 2220204
12 3 1456
13 2 362166
1 4 148054
2 3 3074
6 5 35803
7 0 171366689
5 16 40
16 8 53
19 5 91860
17 21 15713
22 18 3556
20 6 2302644
18 18 505742
21 7 1428756
8 4 26839
9 1 120861
0 16 147338
14 0 53262
12 16 81833
15 5 30452
13 21 493922
16 15 23189
6 22 188440
19 10 228005
17 14 140
22 21 40
20 13 516455
18 13 6266788
21 0 984767
22 15 13076
9 10 276641
11 12 311181
14 11 92
12 15 319
1 22 315802
15 2 581560
13 14 1951465
2 21 27333
0 13 3242367
3 8 1500
1 8 516482
5 2 2098
16 6 47452
6 9 4789
19 19 30847268
17 7 6473
7 12 19535935
20 20 1667405
18 4 120124
21 9 283461
22 6 20374
10 8 97346
11 5 25668
9 21 195733
12 6 2350660
10 18 3292
13 7 1385438
0 4 690956
1 1 126
4 10 228058
2 6 137634
6 0 1504311
4 16 253
7 5 1429013
5 21 74339
20 19 1544788
16 19 24912
21 18 11221
17 18 12544
14 21 7267
15 16 8139822
13 0 10821608
11 16 4813
2 1 109672
7 2 56076
16 10 26832
19 7 352735
22 16 52
20 0 19623642
18 16 4444
21 5 28761
8 6 216506
22 10 66321
9 7 882999
10 4 32665
11 9 9356
0 18 23832
14 6 1512
12 18 16574
1 19 1578741
15 7 1850855
13 19 392589
0 8 235063
4 6 91408
5 7 126606
16 1 20094
6 20 2344673
19 12 268
17 12 23133
7 17 17272
20 15 657281
21 14 1867
8 13 37558
22 13 3681
9 8 24371
10 15 1043631
8 19 4761923
11 14 175
9 18 12058
14 9 3216
12 9 46530
1 20 13337045
13 12 2471548
2 19 578495
0 15 145621
3 10 204751
1 14 51118
4 13 23373
2 13 139403
5 0 14146004
3 16 40
6 15 12444264
19 21 286
17 5 2985
7 14 4425
20 22 23964
18 2 49715
22 4 8806
11 7 27986
14 16 1338
12 0 2312782
10 16 872115
15 21 114
13 5 5601912
0 6 746410
1 7 1701471
2 4 120040
5 9 138344
6 6 12816
4 18 507
7 7 27700019
5 19 37494
16 21 23559
21 16 35026
19 0 1475269
17 16 1566
8 1 14753
15 18 4198103
11 18 54548
12 21 291367
16 12 56915
6 19 786703
17 9 32049
20 2 2459588
18 14 17766
21 3 992
22 8 39759
9 5 3117
10 2 191182
0 20 6744956
14 4 1950
12 12 5002
1 17 447049
15 1 58178
13 17 30214
2 22 63
0 10 1760352
3 7 4024
1 11 255637
4 0 1168192
16 3 52
19 14 621
17 2 617
7 19 766270
20 9 678465
18 9 4009
21 12 2931437
8 15 16716980
22 3 104
9 14 1000
10 13 900863
8 21 6863
11 0 1133886
9 16 20417
14 15 5272
12 11 205643
15 14 3000
13 10 1401836
2 17 673
0 1 2852535
3 12 50003
1 12 2028195
4 15 14186290
2 11 669
3 18 1420
6 13 3330635
4 21 5977
7 8 34777
20 16 2516469
18 0 4342928
21 21 177322
14 22 2684
12 2 147070
13 3 288
1 5 317611
6 4 117005
7 1 141297
5 17 10182
19 2 9003
20 5 16534
18 21 50444
9 2 341774
11 20 728605
14 3 2580
13 22 28016
3 0 554825
16 14 40
17 15 36
7 20 65321957
22 20 30892
20 12 1319256
18 12 1500
21 1 319283
8 10 258777
22 14 40
10 0 2727478
8 16 80
11 13 60776
0 22 52852
14 10 5804
12 14 87880
15 3 4172
13 15 1656
2 20 757893
0 12 1882489
3 9 8776
1 9 469163
4 2 1740
2 14 4680
5 3 286
16 5 1308
6 8 158585
19 16 8651
17 0 916435
7 13 1499668
18 7 709926
21 10 217025
22 1 46425
9 12 282289
11 2 7478
9 22 11831
14 13 113576
12 5 2421
10 21 2137369
15 8 24166618
13 8 34431
0 3 473601
3 14 52
1 2 808378
2 9 2137
5 12 68596
3 20 479433
6 3 17298
7 10 332631
5 22 424
20 18 2431442
16 18 4416
21 19 205139
17 19 47889
14 20 2145157
13 1 1090765
2 0 3323208
