476
7 3 8773
16 9 37891
19 4 15974675
17 20 2837070
22 19 545572
20 7 1133688
18 19 1014641
21 6 234853
8 5 66111
9 0 1623671
10 7 332228
0 17 997432
14 1 6055
12 17 25501
15 4 19786804
13 20 4994534
3 2 19260
4 5 3458
16 0 245696
19 13 75156
17 13 170473
7 22 11069
20 14 22945
18 10 750472
21 15 134241
8 12 124
9 9 24127
10 14 9693
8 18 3189
9 19 190835
14 8 8512
12 8 2591
1 21 556644
15 13 82587
13 13 651840
2 18 222708
0 14 3979943
3 11 104
1 15 1798
2 12 508423
5 1 25505
3 17 7652
16 7 531697
6 14 25785
19 18 4427
17 6 51276
7 15 987942
20 21 910828
18 5 36697
21 8 71584
22 7 41105
10 9 231675
11 4 14215
9 20 5005740
14 19 9617
12 7 1368074
10 19 575421
15 10 119724
13 6 1958835
0 5 22273381
1 0 1904302
2 7 44536
5 10 11548
3 22 2062
7 4 9816
5 20 841085
16 20 4813779
21 17 315019
19 1 334153
17 17 4961
18 22 59040
8 0 1133761
15 19 38325292
11 19 254265
12 20 775410
6 18 69195
19 6 104420
17 10 35329
20 1 993952
18 17 80425
21 4 66138
8 7 424350
9 6 4614835
10 5 177617
11 8 278039
0 19 2705294
14 7 259459
12 19 96797
1 18 26990
15 6 59871
13 18 32391
0 9 167727
3 4 60
4 7 578167
5 6 14326
16 2 5616
6 21 2704437
19 15 20800520
17 3 340
7 16 16409
20 8 20417844
18 8 108505
21 13 1020972
8 14 54713
22 2 1926
9 15 124439
10 12 11816
8 20 28375408
11 1 175055
9 17 199570
12 10 251214
10 22 213357
15 15 3360459
13 11 75242
2 16 21476
0 0 44482574
3 13 7447
1 13 2164315
4 14 14800
2 10 16996
5 15 150257
3 19 332589
6 12 27706
4 20 23275017
19 20 29200531
17 4 345651
7 9 160483
18 3 11944
21 22 12347
22 5 161431
11 6 524409
14 17 2799
12 1 93754
10 17 132041
15 20 1274913
13 4 66775
0 7 1927155
1 6 40
2 5 18962
5 8 60866
6 7 21631894
4 19 11971706
7 6 47035159
5 18 1748
16 22 167
19 3 15395
20 4 633786
18 20 84668920
8 2 741
9 3 5925
11 21 108289
14 2 24219
12 22 24803
3 1 10796
16 13 325598
6 16 754546
19 8 80910
17 8 563989
7 21 2717015
20 3 64858
18 15 763770
21 2 67549
8 9 103
9 4 302486
10 3 721301
11 10 117825
0 21 1027105
14 5 1330
12 13 842342
1 16 15032
15 0 36784754
13 16 38485
0 11 221611
3 6 22509
4 1 51009
5 4 1780
16 4 4346
17 1 226606
7 18 8608
20 10 299310
18 6 171967
22 0 70290
9 13 1200099
8 22 20893
11 3 4700
14 12 6736
12 4 9902
10 20 6641584
15 9 2028154
13 9 311331
0 2 547142
3 15 1099
1 3 27108
4 8 101512
2 8 6365
5 13 2930768
3 21 350856
6 2 1180069
4 22 95228
19 22 629616
20 17 225887
18 1 158160
16 17 111
21 20 4132640
12 3 30974
13 2 242929
1 4 26828
2 3 7965
6 5 709546
7 0 4799851
5 16 4187
16 8 3384
19 5 20032
17 21 390495
22 18 23432
20 6 2452128
18 18 1232742
21 7 474136
8 4 887253
9 1 147022
0 16 105504
14 0 82333
12 16 24033
15 5 1544
13 21 247967
16 15 33903
6 22 441537
19 10 20702
17 14 80
22 21 15601
20 13 2373985
18 13 10886028
21 0 966401
22 15 21690
9 10 91097
11 12 663218
12 15 60
1 22 34414
15 2 282678
13 14 2463884
2 21 78820
0 13 8688212
3 8 10917
1 8 321322
5 2 3565
16 6 40692
6 9 50727
19 19 39362604
17 7 44099
7 12 1183672
20 20 4961624
18 4 109553
21 9 354139
22 6 99962
10 8 169131
11 5 178005
9 21 206101
12 6 831811
10 18 10994
13 7 1796114
0 4 690801
1 1 1786
4 10 25071
2 6 162727
5 11 3998
6 0 7127869
4 16 6829
7 5 2245774
5 21 182301
20 19 767855
16 19 59912
21 18 19226
17 18 7080
14 21 12656
15 16 9544023
13 0 12263635
11 16 23298
2 1 210486
7 2 220071
16 10 21451
19 7 608173
22 16 1058
20 0 25095047
18 16 8549
21 5 194154
8 6 44912
22 10 27556
9 7 994330
10 4 46030
11 9 15450
0 18 15960
14 6 99
12 18 159113
1 19 666382
15 7 1363689
13 19 876463
0 8 1289271
3 5 1097
4 6 32684
5 7 241205
16 1 2923
6 20 13011480
19 12 9104
17 12 28274
7 17 311657
20 15 1287946
21 14 4755
8 13 58498
22 13 19188
9 8 33141
10 15 1051309
8 19 5544693
11 14 13759
9 18 21109
14 9 2620
12 9 72381
1 20 3970098
13 12 1066940
2 19 585102
0 15 319715
3 10 245344
1 14 5538
4 13 37135
2 13 217074
5 0 19748515
3 16 1611
6 15 4540285
19 21 4441
17 5 134596
7 14 1632
20 22 82726
18 2 20746
22 4 9825
11 7 51780
12 0 2213820
10 16 471556
15 21 209
13 5 10621728
0 6 1605014
1 7 927787
2 4 260
5 9 210965
6 6 163825
4 18 10796
7 7 105712868
5 19 142238
16 21 13060
21 16 15867
19 0 2388459
17 16 1379
8 1 209390
15 18 4517997
11 18 40828
12 21 452745
16 12 21017
6 19 3457426
19 9 308
17 9 4887
20 2 155468
18 14 3503
21 3 29161
22 8 7916
9 5 163949
10 2 408283
0 20 9981075
14 4 80
12 12 102051
1 17 201315
15 1 97372
13 17 44534
2 22 259
0 10 526743
3 7 12459
1 11 16729
4 0 1341434
16 3 243
19 14 2672
17 2 2864
7 19 899522
20 9 1482509
18 9 18599
21 12 392341
8 15 18325410
22 3 52
9 14 722
10 13 3602614
8 21 6129
11 0 1331523
9 16 20351
14 15 12075
12 11 5554
15 14 1796
13 10 284380
2 17 2738
0 1 2927383
3 12 61033
1 12 1328330
4 15 14395073
2 11 132
3 18 437916
6 13 17232579
4 21 895
7 8 87681
20 16 3676917
18 0 4630630
21 21 227216
14 22 40
12 2 151178
13 3 172
1 5 216225
6 4 214688
7 1 151620
5 17 12421
19 2 8553
20 5 491582
18 21 227389
8 3 4308
9 2 209189
11 20 1016712
14 3 4934
13 22 42201
3 0 418722
16 14 52
17 15 40
7 20 6219478
22 20 44241
20 12 2017522
21 1 213604
8 10 41148
22 14 80
10 0 2432563
8 16 1819
11 13 211613
0 22 133392
14 10 6004
12 14 5778
15 3 2826
2 20 558830
0 12 1011921
3 9 107
1 9 31816
4 2 296
2 14 5946
5 3 28530
16 5 3013
6 8 623980
19 16 17782
17 0 804473
7 13 1982285
18 7 715707
21 10 36643
22 1 400213
9 12 6312116
11 2 19170
9 22 23845
14 13 184670
12 5 35865
10 21 1334609
15 8 32430103
13 8 46897
0 3 2065665
3 14 104
1 2 408628
2 9 5341
5 12 39290
3 20 572944
6 3 932816
7 10 94640
5 22 12938
20 18 2625320
16 18 104
21 19 319795
17 19 468301
14 20 2438256
13 1 1030576
2 0 4816789
