461
7 3 4494
16 9 40275
19 4 16218357
17 20 264053
22 19 120910
20 7 1426631
18 19 889786
21 6 246360
8 5 87293
9 0 1698935
10 7 326844
0 17 404197
14 1 10879
12 17 53681
15 4 20113401
13 20 4673569
3 2 9178
4 5 27339
16 0 454926
19 13 112150
17 13 58122
7 22 36899
20 14 79642
18 10 739219
21 15 250719
10 14 5417
8 18 1957
9 19 324793
14 8 10078
12 8 18501
1 21 183717
15 13 147996
2 18 80
0 14 4013051
1 15 177
2 12 705104
5 1 32233
16 7 486769
6 14 24437
19 18 92686
17 6 67097
7 15 1058577
20 21 561431
18 5 59393
21 8 64333
22 7 104483
10 9 416631
11 4 53011
9 20 4568848
14 19 8334
12 7 2148213
10 19 624011
15 10 103809
13 6 2135498
0 5 20066619
1 0 2721072
2 7 33276
5 10 7766
3 22 3805
6 1 292
7 4 1794
5 20 949588
16 20 5222269
21 17 356779
19 1 349852
18 22 94212
8 0 1492718
15 19 41651686
11 19 274616
12 20 782413
6 18 132311
19 6 128427
17 10 79702
20 1 574883
18 17 271174
21 4 40386
8 7 305538
9 6 3447605
10 5 310164
11 8 292178
0 19 4073648
14 7 226047
12 19 81412
1 18 31143
15 6 62545
13 18 75904
0 9 264575
3 4 47
4 7 696331
5 6 12502
16 2 16328
6 21 1840284
19 15 20156167
17 3 138
7 16 58042
20 8 20197078
18 8 186576
21 13 1391114
8 14 37057
22 2 154
9 15 326196
10 12 14664
8 20 27968205
11 1 98356
9 17 99833
12 10 165231
10 22 182027
13 11 67739
2 16 11973
3 13 61207
1 13 835046
4 14 7400
2 10 22498
5 15 121837
3 19 380389
6 12 45654
4 20 20556500
19 20 29289313
17 4 10787
7 9 41703
18 3 3753
21 22 12833
22 5 76587
11 6 558502
14 17 90
12 1 134634
10 17 123195
15 20 612210
13 4 257428
0 7 1425089
2 5 1608
5 8 67663
6 7 16244776
4 19 11963346
7 6 59433882
5 18 1557
16 22 7493
19 3 29282
20 4 46526
18 20 86076313
8 2 74852
9 3 5230
11 21 42929
14 2 4015
12 22 12017
3 1 36982
16 13 308683
6 16 1284557
19 8 44266
17 8 353316
7 21 432305
20 3 172009
18 15 882713
21 2 92235
8 9 48
9 4 255081
10 3 676705
11 10 62425
0 21 2267051
14 5 38
12 13 1038510
1 16 441127
15 0 34200855
13 16 58431
0 11 189821
3 6 13485
4 1 107060
5 4 27738
16 4 425
17 1 478263
7 18 57102
20 10 556384
18 6 202208
22 0 82991
9 13 929257
8 22 12290
11 3 4393
14 12 34508
12 4 4236
10 20 6869757
15 9 1416544
13 9 422714
0 2 156572
3 15 885
1 3 3759
4 8 148788
2 8 4740
5 13 2759203
3 21 41064
6 2 1475121
4 22 14852
19 22 224853
20 17 201776
18 1 205733
16 17 4667
21 20 3671505
12 3 19284
13 2 389980
1 4 74775
2 3 18316
6 5 605928
7 0 4581546
5 16 42160
16 8 1224
19 5 18723
17 21 346013
22 18 2920
20 6 4923342
21 7 335572
8 4 602161
9 1 157157
0 16 105648
14 0 58166
12 16 15110
15 5 5657
13 21 244218
16 15 50232
6 22 175858
19 10 31936
22 21 20254
20 13 4263896
18 13 9855843
21 0 1083098
22 15 45383
9 10 105352
10 1 30559
11 12 118110
14 11 2580
1 22 6998
15 2 297291
13 14 2533068
2 21 49248
0 13 7488929
3 8 27160
1 8 1028826
5 2 1408
16 6 81521
6 9 55638
17 7 138047
7 12 1713336
18 4 273012
21 9 416785
22 6 37242
10 8 173658
11 5 578835
9 21 288665
12 6 8828539
10 18 31299
13 7 2337649
0 4 209773
4 10 24335
2 6 108729
5 11 4743
6 0 7160213
4 16 49
7 5 2422164
5 21 78060
20 19 1224998
16 19 56549
21 18 18242
17 18 1644
14 21 31061
15 16 9844666
13 0 13483763
11 16 24541
2 1 159827
7 2 254951
16 10 29820
19 7 580935
17 11 22500
22 16 1540
20 0 25458191
18 16 4808
21 5 186016
8 6 36425
22 10 29947
9 7 915359
10 4 38545
11 9 21417
0 18 18409
14 6 8244
12 18 285475
1 19 1457676
15 7 1290470
13 19 576403
0 8 421762
3 5 31590
4 6 62256
5 7 163767
16 1 17536
6 20 14086567
19 12 224
17 12 8100
7 17 348035
20 15 1344526
21 14 1237
8 13 95656
22 13 11651
9 8 30342
10 15 1939206
8 19 5605085
11 14 4816
9 18 35038
14 9 48
12 9 74317
1 20 3194896
15 12 80
13 12 3617686
2 19 549607
0 15 314709
3 10 196665
1 14 3300
4 13 50136
2 13 246360
5 0 19268244
3 16 4332
6 15 5403709
19 21 124
17 5 41094
7 14 4825
20 22 207614
18 2 25144
22 4 10231
11 7 154241
12 0 2072446
10 16 626633
15 21 4969
13 5 9928763
0 6 1049057
1 7 717710
2 4 2180
5 9 195210
4 18 20928
5 19 98157
16 21 28973
21 16 23360
19 0 2177805
17 16 387
8 1 235285
15 18 4112366
11 18 10833
12 21 326063
16 12 40073
6 19 3619620
19 9 432
17 9 1323
20 2 1630896
18 14 16253
21 3 5682
22 8 4709
9 5 143439
10 2 336148
0 20 9954814
14 4 120
1 17 111267
15 1 184323
13 17 79714
2 22 5400
0 10 1138614
3 7 18666
1 11 26670
4 0 1724954
16 3 208
19 14 201
17 2 5262
7 19 1318007
20 9 1562270
18 9 58134
21 12 213427
8 15 19673175
22 3 116
9 14 2899
10 13 3622297
8 21 668
11 0 1456586
9 16 42189
14 15 23989
12 11 7023
15 14 713
13 10 370854
2 17 24665
0 1 2581456
3 12 529515
1 12 559632
4 15 14912912
2 11 227
3 18 5746
6 13 13487247
4 21 1296
7 8 49798
20 16 3660564
18 0 4351238
12 2 272879
13 3 2424
1 5 49833
6 4 301894
7 1 458801
5 17 7893
19 2 740728
20 5 576968
18 21 88043
8 3 6746
9 2 271056
11 20 1120224
14 3 1290
13 22 44781
3 0 245642
16 14 944
17 15 40
7 20 15949985
22 20 73175
20 12 1070655
21 1 156528
8 10 33457
10 0 2143726
8 16 2874
11 13 125290
0 22 111703
12 14 5036
15 3 1930
13 15 64
2 20 1367179
0 12 1140043
3 9 10703
1 9 11069
4 2 4777
2 14 17270
5 3 508
16 5 8168
6 8 659481
19 16 2938
17 0 2407617
7 13 1263878
18 7 729629
21 10 37361
22 1 19236
9 12 6440781
11 2 29739
9 22 9537
14 13 213638
12 5 18966
10 21 1466101
15 8 30171738
13 8 63306
0 3 1225325
3 14 158
1 2 558670
4 9 183
2 9 6176
5 12 35370
3 20 447259
6 3 222299
7 10 84721
5 22 2584
20 18 2597307
16 18 4584
21 19 413501
17 19 488687
14 20 2806003
13 1 1342789
2 0 4388094
