474
7 3 15991
16 9 35318
19 4 11749624
17 20 595535
22 19 113396
20 7 2719366
18 19 833296
21 6 353591
8 5 174927
9 0 1596377
10 7 566703
0 17 312746
14 1 27181
12 17 36199
15 4 13873138
13 20 7081362
3 2 4070
4 5 44033
16 0 422286
19 13 117353
17 13 79495
7 22 31492
20 14 34617
18 10 729951
21 15 156823
9 9 24721
10 14 463
8 18 374
11 15 70
9 19 318424
14 8 48
12 8 23929
1 21 103380
15 13 76417
13 13 531283
2 18 102
0 14 3783356
3 11 160
1 15 48
2 12 217007
5 1 68403
3 17 7254
16 7 445720
6 14 75601
19 18 33248
17 6 350467
7 15 1393281
20 21 827043
18 5 69696
21 8 42939
22 7 80926
10 9 187001
11 4 23809
9 20 3170434
14 19 29227
12 7 1650184
10 19 564450
15 10 35507
13 6 2636897
0 5 26110780
1 0 3408520
2 7 27806
5 10 31218
3 22 88
6 1 6880
7 4 12531
5 20 872530
16 20 5871972
21 17 31305
19 1 495964
17 17 8405
18 22 214483
8 0 1804912
15 19 35863793
11 19 81893
12 20 907022
6 18 137781
19 6 159493
17 10 80589
20 1 447957
18 17 69784
21 4 56079
8 7 347394
9 6 5053439
10 5 480848
11 8 131413
0 19 2178451
14 7 211063
12 19 213265
1 18 45675
15 6 72804
13 18 26663
0 9 601007
4 7 383715
5 6 25638
16 2 8508
6 21 2117219
19 15 20045590
17 3 182
7 16 13223
20 8 18341469
18 8 79704
21 13 945154
22 2 5780
9 15 440738
10 12 10915
8 20 21257942
11 1 237209
9 17 163966
12 10 128134
10 22 26047
15 15 2006064
13 11 34892
2 16 1804
0 0 43612256
3 13 28290
1 13 2427348
4 14 10956
2 10 173107
5 15 76123
3 19 116616
6 12 46166
4 20 19839947
19 20 28756574
17 4 1361
7 9 47595
18 3 1563
21 22 29834
22 5 3256
11 6 1311251
14 17 108
12 1 131540
10 17 106334
15 20 635236
13 4 71254
0 7 1612412
2 5 3348
5 8 23822
6 7 16527592
4 19 10959818
7 6 71007244
5 18 1539
16 22 1617
19 3 20855
20 4 139460
18 20 86008326
8 2 5095
9 3 4562
11 21 119625
14 2 13454
12 22 2062
3 1 38497
16 13 268307
6 16 747333
19 8 51288
17 8 62637
7 21 66979599
20 3 43638
18 15 650108
21 2 38365
8 9 56
9 4 3889
10 3 155414
11 10 98021
0 21 819636
14 5 1512
12 13 1285857
1 16 28400
15 0 29352254
13 16 53093
0 11 411798
3 6 120965
4 1 52867
5 4 8916
16 4 192
17 1 509027
7 18 15021
20 10 452618
18 6 238618
22 0 58083
9 13 1479881
8 22 392820
11 3 4534
14 12 14942
12 4 10720
10 20 5110011
15 9 1052382
13 9 315402
0 2 245317
3 15 40
1 3 28669
4 8 159954
2 8 2211
5 13 3577169
3 21 371463
6 2 1196573
4 22 4956
19 22 149049
20 17 718180
18 1 358120
21 20 6153683
12 3 88594
13 2 149787
1 4 83597
2 3 196908
6 5 1080769
7 0 4245375
5 16 1578
16 8 6170
19 5 41507
17 21 961390
22 18 136
20 6 2169511
18 18 267650
21 7 1172594
8 4 88315
9 1 133040
0 16 103981
14 0 80805
12 16 25534
15 5 8733
13 21 531437
16 15 33448
6 22 259396
19 10 30409
17 14 40
22 21 13739
20 13 6489737
18 13 8072306
21 0 1069145
22 15 13058
9 10 81396
10 1 2328
11 12 180216
14 11 52
1 22 641026
15 2 255343
13 14 2353387
2 21 28710
0 13 7962050
3 8 1051
1 8 352885
4 3 52
5 2 11466
16 6 57204
6 9 45250
19 19 36031540
17 7 2000882
7 12 1123437
20 20 2469085
18 4 376871
21 9 386621
22 6 10806
10 8 113431
11 5 824776
9 21 347570
12 6 2131127
10 18 23239
13 7 1912508
0 4 79983
1 1 326
4 10 21562
2 6 261311
5 11 3781
6 0 6120139
4 16 4340
7 5 1806940
5 21 158654
20 19 930336
16 19 30955
21 18 23783
17 18 17346
14 21 7949
15 16 8560792
13 0 12966653
11 16 13247
2 1 144676
7 2 203524
16 10 47946
19 7 456274
17 11 4500
22 16 1420
20 0 25091592
18 16 7896
21 5 652052
8 6 117362
22 10 21032
9 7 1430853
10 4 44332
11 9 4560
0 18 56785
14 6 1796
12 18 92049
1 19 1572452
15 7 1080230
13 19 351522
0 8 333562
3 5 13554
4 6 45469
5 7 178308
16 1 19456
6 20 12303859
19 12 40
17 12 572035
7 17 76987
20 15 813378
21 14 702
8 13 44285
22 13 14770
9 8 62288
10 15 2610542
8 19 5777792
11 14 14533
9 18 17541
14 9 3870
12 9 96220
1 20 3343540
15 12 40
13 12 1538555
2 19 575010
0 15 166869
3 10 122273
1 14 3059
4 13 20013
2 13 1135810
5 0 21998974
3 16 2515
6 15 7557049
19 21 35011
17 5 98377
7 14 8833
20 22 23340
18 2 21491
22 4 1434
11 7 42777
12 0 2801042
10 16 177916
15 21 12490
13 5 13742484
0 6 1563032
1 7 688062
2 4 210
5 9 316393
6 6 251761
7 7 77760196
5 19 205918
16 21 30302
21 16 16738
19 0 2266157
17 16 263
8 1 118341
15 18 3670113
11 18 20843
12 21 415809
16 12 14794
6 19 6400097
17 9 103452
20 2 1275174
18 14 2976
21 3 10071
22 8 38738
9 5 66677
10 2 273955
0 20 10082308
14 4 80
12 12 98054
1 17 1139730
15 1 60706
13 17 105819
2 22 5323
0 10 642521
3 7 415221
1 11 10668
4 0 1551780
16 3 40
19 14 8000
17 2 4525
7 19 1013780
20 9 1266438
18 9 49248
21 12 448674
8 15 18282360
22 3 1420
9 14 3151
10 13 4638607
8 21 355
11 0 1934642
9 16 11196
14 15 15609
12 11 24662
15 14 734
13 10 307544
2 17 3931
0 1 2427298
3 12 55286
1 12 1652387
4 15 13579975
2 11 801
5 14 292
3 18 1420
6 13 14105429
4 21 5893
7 8 42086
20 16 4344101
18 0 5460991
21 21 414372
14 22 74
12 2 259725
13 3 6384
1 5 119858
6 4 302613
7 1 164026
5 17 4933
19 2 23725
20 5 171850
18 21 199526
8 3 6000
9 2 205008
11 20 1241420
13 22 43282
3 0 493741
7 20 30028933
22 20 266292
20 12 1227830
18 12 4403
21 1 292500
8 10 13809
22 14 311
10 0 2059112
8 16 1260
11 13 235767
0 22 31773
14 10 309
12 14 8746
15 3 9836
2 20 1177195
0 12 1257831
3 9 23500
1 9 10415
4 2 441
2 14 21810
5 3 1593
16 5 5688
6 8 567852
19 16 4548
17 0 1362161
7 13 6535204
18 7 1018373
21 10 576844
22 1 239464
9 12 6998967
11 2 60775
9 22 6176
14 13 158011
12 5 65156
10 21 1943360
15 8 28775057
13 8 56525
0 3 2915620
3 14 56
1 2 775297
2 9 7324
5 12 60855
3 20 169415
6 3 498004
7 10 157138
5 22 3426
20 18 2274930
16 18 66
21 19 191123
17 19 376944
14 20 2667692
13 1 1632731
2 0 2661943
