449
7 3 571
16 9 111484
19 4 12400655
17 20 150724
22 19 2540523
20 7 1619408
18 19 590690
21 6 761558
8 5 15089
9 0 1299456
10 7 217888
0 17 505947
14 1 3660
12 17 8306
15 4 13171411
13 20 2189119
4 5 3328
16 0 406317
19 13 47032
17 13 349261
7 22 12516
20 14 62272
18 10 520761
21 15 18969
8 18 3001
11 15 130
9 19 114653
14 8 178
12 8 32818
1 21 2094973
15 13 16551
0 14 3707438
1 15 100
2 12 145650
5 1 77629
16 7 449817
6 14 1072
19 18 6571
17 6 44424
7 15 793500
20 21 643215
18 5 21424
21 8 136750
22 7 33794
10 9 107298
11 4 581581
9 20 3901006
14 19 23871
12 7 1297934
10 19 491373
15 10 50044
13 6 4630172
0 5 15622453
1 0 7771456
2 7 33945
5 10 6780
3 22 52
6 1 809
7 4 2054
5 20 756844
16 20 6295659
21 17 44771
19 1 991100
18 22 35306
8 0 1655144
15 19 27981546
11 19 92315
12 20 892910
6 18 5531
19 6 168719
17 10 4594
20 1 741875
18 17 60290
21 4 37610
8 7 346229
9 6 4538733
10 5 261321
11 8 213800
0 19 1145704
14 7 261314
12 19 372323
1 18 71430
15 6 603292
13 18 20673
0 9 4575
3 4 3162
4 7 347706
5 6 74678
16 2 4046
6 21 680136
19 15 21810753
17 3 38
7 16 176347
20 8 19914673
18 8 143259
21 13 504694
8 14 173
22 2 576
9 15 247834
10 12 552
8 20 28898649
11 1 400591
9 17 16464
12 10 80434
10 22 14459
13 11 27145
2 16 1134
3 13 7593
1 13 6280728
4 14 992
2 10 18541
5 15 50615
3 19 119051
6 12 663
4 20 18609151
19 20 26885372
17 4 10251
7 9 18857
18 3 64
21 22 8274
22 5 6392
11 6 493771
14 17 184
12 1 281949
10 17 54495
15 20 209614
13 4 43019
0 7 1010514
1 6 87
2 5 5318
5 8 12891
6 7 13243334
4 19 10023801
7 6 80955043
5 18 4456
16 22 139
19 3 1512
20 4 229272
18 20 79456153
8 2 100559
9 3 5247
11 21 105236
14 2 130
12 22 201
3 1 16926
16 13 414386
6 16 113228
19 8 1376178
17 8 230634
7 21 86764233
20 3 17570
18 15 803178
21 2 31078
8 9 5362
9 4 679
10 3 35512
11 10 98155
0 21 244385
12 13 227436
1 16 290352
15 0 19268805
13 16 17768
0 11 47184
3 6 330438
4 1 66087
5 4 40
16 4 176
17 1 344563
7 18 10236
20 10 234063
18 6 531783
22 0 58124
9 13 506480
8 22 8018
11 3 2208
14 12 128
12 4 210
10 20 4343535
15 9 1108668
13 9 240709
0 2 389873
3 15 7448
1 3 242962
4 8 94768
2 8 4862
5 13 3280202
3 21 140848
6 2 288871
4 22 160
19 22 40379
20 17 318390
18 1 208776
16 17 890
21 20 3056245
12 3 10275
13 2 408542
1 4 240852
2 3 1596
6 5 117338
7 0 2067887
5 16 424
16 8 4383
19 5 46639
17 21 87458
22 18 1457
20 6 3887096
21 7 1620164
8 4 49583
9 1 137276
0 16 69849
14 0 32891
12 16 7813
15 5 30991
13 21 227046
16 15 38812
6 22 61502
19 10 55944
22 21 40
20 13 2706854
18 13 7741720
21 0 785014
22 15 255
9 10 60223
10 1 420
11 12 39606
14 11 1290
1 22 211233
15 2 550794
13 14 2066545
2 21 68747
0 13 4015807
3 8 44
1 8 2221774
4 3 18648
5 2 1795
16 6 182707
6 9 5035
17 7 2921
7 12 52320630
18 4 18242
21 9 195606
22 6 51811
10 8 73034
11 5 65958
9 21 119938
14 18 357
12 6 3894028
10 18 6344
13 7 1778333
0 4 120651
4 10 27743
2 6 141367
5 11 40
6 0 1124254
4 16 411
7 5 1661941
5 21 79634
20 19 951357
16 19 199810
21 18 62700
17 18 5259
14 21 3149
15 16 7080439
13 0 12478757
11 16 5129
2 1 349436
7 2 40128
16 10 26756
19 7 413461
20 0 21039509
18 16 2643
21 5 1275011
8 6 87060
22 10 53654
9 7 889071
10 4 22401
11 9 788
0 18 149360
14 6 6253
12 18 118215
1 19 3605556
15 7 1671502
13 19 364821
0 8 154078
3 5 22664
4 6 229724
5 7 199540
16 1 8996
6 20 2443445
17 12 23476
7 17 1634
20 15 815204
21 14 12755
8 13 51351
22 13 31890
9 8 13953
10 15 1240113
8 19 7545489
11 14 1498
9 18 33245
14 9 1486
12 9 28993
1 20 11295982
13 12 595849
2 19 12511
0 15 270828
3 10 123265
1 14 56558
4 13 199684
2 13 78387
5 0 19603174
6 15 2313197
19 21 1867
17 5 6697
7 14 739
20 22 77953
18 2 27637
22 4 2128
11 7 10991
12 0 2431918
10 16 178435
15 21 33120
13 5 8145572
0 6 1807987
1 7 1770989
2 4 80
5 9 271985
4 18 104
5 19 130015
16 21 20162
21 16 12507
19 0 2257233
17 16 1431
8 1 208343
15 18 2336621
11 18 38242
12 21 196786
16 12 4448
6 19 649456
17 9 60
20 2 976108
18 14 138742
21 3 2260
22 8 19419
9 5 221539
10 2 370511
0 20 7694891
14 4 80
1 17 2791693
15 1 476480
13 17 64866
0 10 643475
3 7 1396
1 11 403471
4 0 1065985
19 14 9706
17 2 11049
7 19 501617
20 9 762092
18 9 21693
21 12 333072
8 15 15475964
22 3 180
9 14 192
10 13 1510245
8 21 15641
11 0 1547964
9 16 17296
14 15 6484
12 11 2429
15 14 197
13 10 958128
2 17 142
0 1 2094503
3 12 536
1 12 2107455
4 15 14122366
2 11 64
6 13 3902858
4 21 70062
7 8 82123
20 16 2229840
18 0 4986703
14 22 38
12 2 16010
13 3 104
1 5 381285
6 4 14118
7 1 65596
5 17 681
19 2 77013
20 5 231715
18 21 195444
8 3 1500
9 2 805773
11 20 953689
13 22 3549
3 0 655092
7 20 2592742
22 20 64110
20 12 339200
21 1 145855
8 10 51507
10 0 1617300
8 16 5645
11 13 200659
0 22 41730
14 10 243
12 14 3228
15 3 260
13 15 10312
2 20 357667
0 12 437510
3 9 151
1 9 260888
4 2 314
5 3 80
16 5 12570
6 8 203674
19 16 4480
17 0 1396895
7 13 529863
18 7 938764
21 10 69428
22 1 706245
9 12 3883464
11 2 6967
9 22 14819
14 13 159653
12 5 107497
10 21 1342134
15 8 28730344
13 8 341726
0 3 428160
3 14 38
1 2 800565
2 9 1500
5 12 82020
3 20 47450
6 3 62524
7 10 224229
5 22 172
20 18 1603511
16 18 1562
21 19 214095
17 19 381701
14 20 2159442
13 1 1131219
2 0 2245712
