455
7 3 7457
16 9 44963
19 4 8214018
17 20 143874
22 19 50490
20 7 1262383
18 19 374979
21 6 270879
8 5 8177
9 0 800114
10 7 133033
0 17 3538512
14 1 6106
12 17 64352
15 4 6868444
13 20 2527117
3 2 14572
4 5 37876
16 0 294106
19 13 18752
17 13 437972
7 22 394255
20 14 32973
18 10 730813
21 15 8464
9 9 12115
8 18 175
9 19 122830
14 8 1640
12 8 343
1 21 1000435
15 13 3721
13 13 313421
2 18 1252
0 14 1194791
3 11 1500
1 15 671
2 12 63647
5 1 9109
3 17 18000
16 7 470610
6 14 1520
19 18 8606
17 6 348081
7 15 942886
20 21 430590
18 5 19601
21 8 49868
22 7 41979
10 9 48974
11 4 27675
9 20 4115131
14 19 14523
12 7 575354
10 19 257323
15 10 6106
13 6 3843162
0 5 10000118
1 0 5161172
2 7 9961
5 10 3441
3 22 1500
6 1 10434
7 4 796
5 20 606086
16 20 2932365
21 17 22112
19 1 1710553
17 17 5232
18 22 4749
8 0 809051
15 19 13686580
11 19 1470339
12 20 230530
6 18 13595
19 6 458516
17 10 106166
20 1 356955
18 17 23721
21 4 21555
8 7 306524
9 6 4359976
10 5 125717
11 8 168552
0 19 1232170
14 7 176529
12 19 11993
1 18 44785
15 6 59822
13 18 13205
0 9 812
3 4 4500
4 7 243005
5 6 59289
16 2 506
6 21 142890
19 15 18083558
17 3 364
7 16 128732
20 8 11127707
18 8 146229
21 13 302647
8 14 44
22 2 5996
9 15 159288
10 12 772700
8 20 15872301
11 1 345879
9 17 23810
12 10 64643
10 22 13745
15 15 1145027
13 11 9868
2 16 3204
0 0 33046919
3 13 7811
1 13 4126197
2 10 24074
5 15 43865
3 19 87524
4 20 17181461
19 20 24126429
17 4 94386
7 9 32239
18 3 12998
21 22 2620
22 5 66
11 6 593791
14 17 224
12 1 31178
10 17 293067
15 20 402585
13 4 64032
0 7 2106924
1 6 4892
2 5 78661
5 8 51931
6 7 3687058
4 19 10017256
7 6 37519875
5 18 391
16 22 52
19 3 1792
20 4 11617
18 20 67622621
8 2 73504
9 3 6710
11 21 27571
12 22 3936
3 1 31178
16 13 380964
6 16 73970
19 8 33083
17 8 86258
7 21 64721254
20 3 46552
18 15 354347
21 2 12734
8 9 1340
22 9 40
9 4 1772
10 3 62859
11 10 86270
0 21 623438
12 13 1479572
1 16 248141
15 0 13163537
13 16 12735
0 11 26911
3 6 279756
4 1 8842
5 4 3680
16 4 225
17 1 493325
7 18 4420
20 10 3806126
18 6 315971
22 0 63344
9 13 257455
8 22 1395
11 3 9670
12 4 41
10 20 2921349
15 9 409735
13 9 307124
0 2 152422
1 3 331880
4 8 15428
2 8 1492
5 13 2627218
3 21 22395
6 2 82985
4 22 40
19 22 13613
20 17 3259719
18 1 337069
16 17 231
21 20 11234530
12 3 9128
13 2 8544
1 4 224724
2 3 272
6 5 118433
7 0 151063454
16 8 78
19 5 21905
17 21 17154
22 18 1975
20 6 1960882
18 18 175952
21 7 912706
8 4 23617
9 1 72605
0 16 9999
14 0 28599
12 16 4787
15 5 6139
13 21 296736
16 15 6382
6 22 2290
19 10 21082
17 14 6062
20 13 3295534
18 13 5822062
21 0 482708
22 15 826
9 10 134645
10 1 20420
11 12 6522
14 11 413
12 15 3131
1 22 207413
15 2 474615
13 14 1007407
2 21 26767
0 13 2416934
3 8 25500
1 8 490432
4 3 156
5 2 1925
16 6 96046
6 9 221
19 19 21170993
17 7 302511
7 12 36482713
20 20 2297422
18 4 52127
21 9 144651
22 6 48627
10 8 39261
11 5 8007
9 21 54453
12 6 1250970
10 18 4064
13 7 941700
0 4 65681
1 1 176
4 10 7440
2 6 104847
5 11 40
6 0 402935
7 5 1598720
5 21 34296
20 19 1462028
16 19 5951
21 18 19106
14 21 1330
15 16 2777775
13 0 7420286
11 16 11960
2 1 51079
7 2 6451
16 10 7185
19 7 506717
20 0 15115383
18 16 1935
21 5 97684
8 6 47502
22 10 400603
9 7 905757
10 4 3601
11 9 25184
0 18 103575
14 6 1993
12 18 8422
1 19 1473152
15 7 2248067
13 19 337430
0 8 105361
3 5 184
4 6 157381
5 7 135783
16 1 3178
6 20 1776550
17 12 42792
7 17 10372
20 15 165793
21 14 89
8 13 17147
22 13 21979
9 8 10925
10 15 224251
8 19 5048104
11 14 15896
9 18 23202
12 9 60755
1 20 6066293
13 12 1319693
2 19 377568
0 15 164236
3 10 35975
1 14 2396
4 13 62766
2 13 12065
5 0 16039964
3 16 1420
6 15 3936872
19 21 5067
17 5 2429
7 14 317
20 22 44464
18 2 2618
22 4 100
11 7 69377
12 0 1082887
10 16 365398
15 21 57
13 5 5058160
0 6 1486468
1 7 1115575
2 4 1605
5 9 283122
6 6 5503
4 18 195
7 7 78199961
5 19 87171
16 21 10823
21 16 23461
19 0 1361069
17 16 1552
8 1 98529
15 18 1627364
11 18 18371
12 21 935010
16 12 2862
6 19 622180
17 9 66
20 2 694820
18 14 2680
21 3 1020
22 8 818
9 5 336532
10 2 220111
0 20 5387386
12 12 73158
1 17 1216205
15 1 25935
13 17 8140
2 22 249188
0 10 1311548
3 7 35150
1 11 125002
4 0 1051211
16 3 172
19 14 293
17 2 82
7 19 181639
20 9 367539
18 9 41171
21 12 1112406
8 15 16744420
9 14 1646
10 13 3265812
8 21 8665
11 0 1253818
9 16 19167
14 15 1014
12 11 967
15 14 6760
13 10 173840
2 17 234
0 1 1370665
3 12 195982
1 12 1349853
4 15 11314667
2 11 52
6 13 2820255
4 21 3056
7 8 26426
20 16 1126017
18 0 3680416
21 21 118718
14 22 40
12 2 55382
13 3 208
1 5 407759
6 4 45320
7 1 690477
5 17 163
19 2 1054
20 5 317995
18 21 37989
8 3 2156
9 2 98173
11 20 677371
14 3 38
13 22 9673
3 0 772051
17 15 26675
7 20 13944427
22 20 25303
20 12 797577
21 1 79520
8 10 4845
10 0 851430
11 13 408806
0 22 30393
12 14 59
15 3 2960
13 15 2066
2 20 52058
0 12 296980
3 9 5556
1 9 8122
4 2 106
5 3 38
6 8 61888
19 16 1089
17 0 694774
7 13 417283
18 7 613468
21 10 79637
22 1 4563
9 12 5607754
11 2 12992
9 22 5446
14 13 92756
12 5 16396
10 21 441505
15 8 16772877
13 8 8101
0 3 222025
3 14 94
1 2 310085
5 12 182780
3 20 738095
6 3 9395
7 10 75139
20 18 1137349
16 18 148
21 19 113902
17 19 351770
14 20 1431650
13 1 723512
2 0 1313994
