457
7 3 53531
16 9 61765
19 4 9652514
17 20 563549
22 19 51616
20 7 739909
18 19 692461
21 6 113556
8 5 65649
9 0 1432647
10 7 129813
0 17 989954
14 1 6756
12 17 58435
15 4 11954304
13 20 5159739
4 5 5089
16 0 498870
19 13 514077
17 13 9132
7 22 135726
20 14 17128
18 10 165795
21 15 155305
8 12 9236
22 12 1672
10 14 947
11 15 73870
9 19 51406
14 8 274
12 8 140303
1 21 38473
15 13 45185
0 14 3332398
3 11 64475
1 15 98532
4 12 4812
2 12 716130
5 1 30702
3 17 40
16 7 96853
6 14 14417
19 18 2015
17 6 67314
7 15 112419685
20 21 1161060
18 5 32405
21 8 38998
22 7 34439
10 9 204700
11 4 51895
9 20 2984481
14 19 8750
12 7 875607
10 19 457013
15 10 100995
13 6 756370
0 5 16700239
1 0 1343376
2 7 17024
5 10 1176
3 22 3056
6 1 2370
7 4 5005
5 20 871399
16 20 3750010
21 17 5182
19 1 539392
18 22 4136
8 0 1600358
15 19 26896928
11 19 563407
12 20 2079726
6 18 26850
19 6 47064
17 10 18541
20 1 1887777
18 17 148913
21 4 44531
8 7 485555
9 6 153564
10 5 686606
11 8 168659
0 19 1337322
14 7 25597
12 19 64207
1 18 11110
15 6 96276
13 18 21275
0 9 22383
4 7 343832
5 6 10356
16 2 12124
6 21 1700999
19 15 50654824
17 3 372
7 16 18064
20 8 18974439
18 8 76322
21 13 353926
8 14 8999
22 2 108
9 15 585015
10 12 47143
8 20 6834233
11 1 530655
9 17 241968
12 10 282162
10 22 208867
13 11 157481
2 16 4132
3 13 70654
1 13 682770
4 14 46
2 10 4112
5 15 143749
3 19 1132
6 12 19992
4 20 4942928
19 20 10172699
17 4 9132
7 9 24674
18 3 843
21 22 21671
22 5 1966
11 6 403312
14 17 223
12 1 1093483
10 17 189879
15 20 321078
13 4 15814
0 7 2340442
1 6 285
2 5 1580
5 8 18603
6 7 3313321
4 19 9253297
7 6 354737
5 18 40
19 3 71519
20 4 149355
18 20 82517201
8 2 5111
9 3 1499
11 21 209332
14 2 437
12 22 5348
3 1 111908
16 13 338344
6 16 607417
19 8 117160
17 8 97080
7 21 93570620
20 3 24715
18 15 1308986
21 2 28337
9 4 3020
10 3 239715
11 10 78584
0 21 1451694
12 13 1276136
1 16 153065
15 0 19703871
13 16 28338
0 11 1450140
3 6 145177
1 10 1518
4 1 179780
5 4 782
16 4 142
17 1 1455705
7 18 12136
20 10 261249
18 6 45561
22 0 267189
9 13 666932
8 22 6502
11 3 4225
14 12 9150
12 4 36460
10 20 7499328
15 9 990832
13 9 121199
0 2 69498
3 15 120
1 3 12104
4 8 69350
2 8 12360
5 13 1360607
3 21 18021
6 2 1021927
4 22 2680
19 22 50523
20 17 94370
18 1 604588
16 17 313
21 20 20050968
12 3 67707
13 2 15709
1 4 44716
2 3 136
6 5 495310
7 0 53187554
5 16 418
16 8 3862
19 5 83312
17 21 9322
22 18 2920
20 6 951484
21 7 1495655
8 4 25716
9 1 1046142
0 16 88279
14 0 16590
12 16 17413
15 5 13302
13 21 677547
16 15 34801
6 22 551300
19 10 111389
17 14 10464
22 21 156
20 13 661099
18 13 7855450
21 0 9582129
22 15 11816
9 10 80326
10 1 40522
11 12 64607
14 11 1121
12 15 101699
1 22 175493
15 2 361323
13 14 1957956
2 21 50089
0 13 3111273
3 8 7950
1 8 1862738
2 15 172985
5 2 161
16 6 108671
6 9 10085
17 7 522369
7 12 19764397
18 4 80616
21 9 210270
22 6 6557
10 8 87401
11 5 46009
9 21 958647
14 18 63
12 6 134204
10 18 4972
13 7 1409075
0 4 20605
4 10 3881
2 6 13396
5 11 17394
6 0 3802419
7 5 1412743
5 21 120732
20 19 751371
16 19 43039
21 18 16931
17 18 1986
14 21 5644
15 16 5921666
13 0 12750304
11 16 28831
2 1 175517
7 2 10508
16 10 17954
19 7 428891
22 16 73
20 0 19551973
18 16 5328
21 5 126147
8 6 34423
22 10 5360
9 7 3431057
10 4 24298
11 9 19923
0 18 49319
14 6 330
12 18 1037
1 19 307712
15 7 1030103
13 19 105748
0 8 263633
3 5 23201
4 6 286207
5 7 128869
16 1 269097
6 20 7766722
19 12 9871
17 12 10841
7 17 28039
20 15 4649510
21 14 20417
8 13 54208
22 13 72726
9 8 38406
10 15 5415906
8 19 5364128
11 14 9295
9 18 28252
14 9 366
12 9 105763
1 20 2875969
15 12 2290
13 12 482997
2 19 2469
0 15 775565
3 10 16104
1 14 4132
4 13 1953
2 13 246866
5 0 18815237
6 15 7477401
19 21 10486
17 5 11282
7 14 252
20 22 4033
18 2 22124
22 4 120
11 7 65677
12 0 2284844
10 16 50629
15 21 51
13 5 8717065
0 6 614047
1 7 38048
2 4 40
5 9 507737
4 18 424
5 19 44112
16 21 10960
21 16 17030
19 0 2364793
17 16 51
8 1 261367
15 18 2165371
11 18 5059
12 21 212842
16 12 13518
6 19 3004687
17 9 1788
20 2 917607
18 14 204
21 3 3112
22 8 40523
9 5 19032
10 2 125615
0 20 5819024
1 17 469046
15 1 146910
13 17 1072332
0 10 1575530
3 7 8358
1 11 301223
4 0 1010394
19 14 276
17 2 784860
7 19 217472
20 9 904828
18 9 45194
21 12 262112
8 15 38588886
22 3 96
9 14 79233
10 13 1553894
8 21 55396
11 0 1335089
9 16 27198
14 15 2820
12 11 264802
15 14 2978
13 10 314815
2 17 14082
0 1 4449199
3 12 2824
1 12 249200
4 15 33277053
2 11 4456
3 18 6048
6 13 7609254
4 21 24618
7 8 109537
20 16 2022665
18 0 3834128
12 2 41237
13 3 1400
1 5 12151
6 4 279437
7 1 1028890
5 17 9214
19 2 4089
20 5 167819
18 21 140799
8 3 1461
9 2 455922
11 20 1264545
13 22 1668
3 0 536315
17 15 413674
7 20 45905105
22 20 216683
20 12 2830156
18 12 3553
21 1 251962
8 10 13355
10 0 523986
8 16 3190
11 13 267891
0 22 534564
14 10 1290
12 14 99425
15 3 1810
13 15 66829
2 20 87858
0 12 1355591
3 9 1500
1 9 5059
4 2 311
2 14 5767
5 3 995
6 8 577001
19 16 4447
17 0 969777
7 13 2072254
20 11 40
18 7 497970
21 10 64209
22 1 45724
9 12 172979
11 2 12661
9 22 481
14 13 120303
12 5 38311
10 21 1159545
15 8 27588532
13 8 75038
0 3 1152590
3 14 112
1 2 201964
2 9 3974
5 12 16145
3 20 1227787
6 3 633534
7 10 34376
5 22 380
20 18 1461612
21 19 313386
17 19 328849
14 20 2595113
13 1 2502456
2 0 732264
