466
7 3 5886
16 9 60641
19 4 7349300
17 20 689501
22 19 1140865
20 7 220362
18 19 422711
21 6 177223
8 5 976
9 0 1015439
10 7 195034
0 17 257814
14 1 4493
12 17 11562
15 4 5258900
13 20 2127866
3 2 90
4 5 454
16 0 309150
19 13 9817
17 13 2474
7 22 53806
20 14 1495
18 10 460437
21 15 202198
8 12 3769
22 12 1724
9 9 25650
10 14 138
11 15 358738
9 19 34711
12 8 5313
1 21 25354
15 13 41135
13 13 255144
2 18 1500
0 14 1235683
3 11 3622
1 15 27416
2 12 2274110
5 1 35114
3 17 56
16 7 29868
6 14 23566
19 18 5505
17 6 14093
7 15 101953358
20 21 462946
18 5 2823
21 8 21417
22 7 55278
10 9 390943
11 4 11564
9 20 2416111
14 19 847
12 7 782361
10 19 487932
15 10 119018
13 6 417079
0 5 8987416
1 0 1086586
2 7 13415
5 10 1688
3 22 56
6 1 423
7 4 2849
5 20 589747
16 20 2588833
21 17 27211
19 1 246778
17 17 8436
18 22 20946
8 0 1026677
15 19 14325832
11 19 130117
12 20 295850
6 18 15874
19 6 34770
17 10 1992
20 1 8215267
18 17 24116
21 4 17671
8 7 361478
9 6 69481
10 5 475633
11 8 150247
0 19 153007
14 7 8766
12 19 16973
1 18 3463
15 6 171530
13 18 13617
0 9 29671
4 7 176490
5 6 4886
16 2 6314
6 21 993433
19 15 45488119
17 3 47
7 16 12706
20 8 11048472
18 8 53620
21 13 608511
22 2 48
9 15 287324
10 12 218404
8 20 3555206
11 1 354606
9 17 13248
12 10 66703
10 22 2739
15 15 867873
13 11 37473
2 16 3060
0 0 27602991
3 13 7610
1 13 77964
2 10 3227
5 15 43566
3 19 1850
6 12 2823
4 20 3461750
19 20 7446792
17 4 1700
7 9 4215
18 3 17723
21 22 9333
22 5 1917
11 6 47327
14 17 4485
12 1 1147291
10 17 47927
15 20 578876
13 4 13972
0 7 2045295
1 6 40
2 5 69
5 8 9563
6 7 3271868
4 19 6956309
7 6 87550
5 18 70
19 3 20874
20 4 81925
18 20 65871750
8 2 107
9 3 427
11 21 38223
12 22 917
3 1 67997
16 13 96761
6 16 332132
19 8 49684
17 8 49037
7 21 40331129
20 3 2403
18 15 354817
21 2 3365
9 4 15415
10 3 125258
11 10 35591
0 21 491260
14 5 80
12 13 658766
1 16 618502
15 0 10832939
13 16 17783
0 11 385492
3 6 26365
1 10 160
4 1 58175
5 4 24174
16 4 197
17 1 269881
7 18 15944
20 10 486624
18 6 348721
22 0 103085
9 13 318581
8 22 1500
11 3 461
14 12 540
12 4 713
10 20 5005028
15 9 366239
13 9 102246
0 2 296309
3 15 1340
1 3 825
4 8 17101
5 13 948375
3 21 1622
6 2 1568535
4 22 2567
19 22 159866
20 17 2718894
18 1 292550
16 17 52
21 20 2325902
12 3 354
13 2 21061
1 4 10526
2 3 84
6 5 180322
7 0 44236224
5 16 2978
16 8 2900
19 5 1905
17 21 19122
22 18 72
20 6 622081
18 18 114734
21 7 2140674
8 4 21962
9 1 1468448
0 16 41021
14 0 17589
12 16 2609
15 5 2209
13 21 317589
16 15 19873
6 22 39627
19 10 313360
17 14 160
22 21 168
20 13 505327
18 13 5230529
21 0 453464
22 15 2583
9 10 40705
10 1 139662
11 12 47298
14 11 103
12 15 24697
1 22 4148
15 2 338069
13 14 871006
2 21 19991
0 13 1698617
1 8 62605
4 3 94
2 15 126806
5 2 91
16 6 19095
6 9 1071
19 19 19185542
17 7 82109
7 12 39125098
20 20 3683950
18 4 2988
21 9 123598
22 6 4168
10 8 29073
11 5 62551
9 21 369693
14 18 40
12 6 47422
10 18 6191
13 7 1361386
0 4 12306
1 1 11148
4 10 5802
2 6 2824
5 11 6761
6 0 2768419
7 5 1564439
5 21 131092
20 19 619946
16 19 13947
21 18 13493
17 18 120
14 21 1225
15 16 2903926
13 0 6359550
11 16 6438
2 1 65652
7 2 15850
16 10 18674
19 7 445425
20 0 12127357
18 16 12593
21 5 108598
8 6 85832
22 10 1335
9 7 586110
10 4 715
11 9 2516
0 18 32086
14 6 83
12 18 14437
1 19 54224
15 7 773260
13 19 13939
0 8 96985
3 5 179426
4 6 13471
5 7 496415
16 1 41470
6 20 3809057
19 12 5996
17 12 271704
7 17 13508
20 15 1400772
21 14 19976
8 13 22576
22 13 954
9 8 17631
10 15 3982382
8 19 3026826
11 14 580
9 18 57407
14 9 4028
12 9 317
1 20 721378
15 12 13331
13 12 292889
2 19 3034
0 15 1211937
3 10 6360
1 14 154
4 13 3191
2 13 11550
5 0 15398266
6 15 5146387
19 21 19012
17 5 1674
7 14 1538
20 22 12597
18 2 7183
22 4 296
11 7 30133
12 0 659803
10 16 98115
15 21 113
13 5 3579063
0 6 257518
1 7 48241
5 9 184134
6 6 5070
4 18 362
7 7 97293757
5 19 17160
16 21 27064
21 16 18739
19 0 1256590
17 16 1500
8 1 261349
15 18 1428348
11 18 3453
12 21 41173
16 12 10149
6 19 1201511
19 9 1420
17 9 4560
20 2 27386
21 3 56
22 8 234
9 5 1650
10 2 182150
0 20 5487890
12 12 176815
1 17 8117
15 1 129346
13 17 1891404
2 22 3900
0 10 175853
3 7 3818
1 11 299117
4 0 644602
16 3 52
19 14 38
17 2 380
7 19 91085
20 9 369071
18 9 83433
21 12 552106
8 15 30226047
22 3 136
9 14 12567
10 13 1267867
8 21 4953
11 0 549552
9 16 21799
14 15 427
12 11 263690
13 10 260225
2 17 327
0 1 3927451
3 12 2934
1 12 204669
4 15 24849427
2 11 5538
3 18 1548
6 13 3505352
4 21 128
7 8 22327
20 16 1182179
18 0 2120391
21 21 88052
14 22 274
12 2 54772
13 3 480
1 5 192727
6 4 455768
7 1 113619
5 17 1028
19 2 98
20 5 10664
18 21 23539
9 2 81122
11 20 495797
14 3 47
13 22 922
3 0 474717
17 15 566622
7 20 9395729
22 20 23044
20 12 1664203
18 12 5884
21 1 432623
8 10 6112
22 14 1272
10 0 1100131
8 16 147
11 13 67031
0 22 51204
12 14 3035
15 3 1809
13 15 16854
2 20 85297
0 12 174249
1 9 442
4 2 4597
2 14 37
5 3 5407
16 5 1580
6 8 358198
19 16 1542
17 0 1282846
7 13 1302441
18 7 658440
21 10 169003
22 1 13152
9 12 85514
11 2 12603
9 22 20706
14 13 67877
12 5 2096
10 21 976995
15 8 14969581
13 8 15994
0 3 211582
1 2 437566
2 9 3594
5 12 13726
3 20 227644
6 3 856468
7 10 19212
5 22 136
20 18 949626
16 18 1420
21 19 152105
17 19 679848
14 20 1718948
13 1 1874755
2 0 607715
