477
7 3 11200
16 9 85846
19 4 8665560
17 20 2589177
22 19 701452
20 7 1186098
18 19 158530
21 6 426137
8 5 9053
9 0 79332
10 7 216275
0 17 395088
14 1 6781
12 17 27022
15 4 9280515
13 20 7182136
3 2 591
4 5 4762
16 0 65928
19 13 13580
17 13 357454
7 22 72751
20 14 90274
18 10 572887
21 15 565425
8 12 6682
22 12 105
9 9 37792
10 14 10643
8 18 510
11 15 63866
9 19 295902
14 8 300
12 8 157587
1 21 564491
15 13 30555
13 13 417210
2 18 92
0 14 2878417
3 11 7605
1 15 470985
4 12 388
2 12 479762
5 1 88196
3 17 3000
16 7 23193
6 14 8158
19 18 5316
17 6 44541
7 15 111418060
20 21 385186
18 5 25875
21 8 153526
22 7 35368
10 9 38467
11 4 34840
9 20 4669242
14 19 2733
12 7 2012073
10 19 470842
15 10 66446
13 6 582643
0 5 8291592
1 0 1110689
2 7 47676
5 10 2897
3 22 15038
6 1 415
7 4 1922
5 20 835744
16 20 2267969
21 17 110592
19 1 1637957
17 17 6216
18 22 218421
8 0 594190
15 19 30029654
11 19 201698
12 20 1367214
6 18 229184
19 6 40179
17 10 8595
20 1 3006239
18 17 66299
21 4 32558
8 7 375756
9 6 87071
10 5 340184
11 8 109222
0 19 428898
14 7 30944
12 19 148506
1 18 1538
15 6 103417
13 18 16586
0 9 27575
4 7 432848
5 6 7987
16 2 8974
6 21 1209406
19 15 51228904
17 3 38
7 16 27984
20 8 14642884
18 8 100275
21 13 794336
8 14 8392
22 2 10369
9 15 1544769
10 12 110271
8 20 4004101
11 1 515915
9 17 5553
12 10 94337
10 22 23565
15 15 2869343
13 11 52455
2 16 512
0 0 34037125
3 13 16665
1 13 103598
4 14 52
2 10 2224
5 15 86178
3 19 36882
6 12 27801
4 20 3234443
19 20 7629418
17 4 12316
7 9 7423
18 3 7320
21 22 7383
22 5 136
11 6 56767
14 17 511
12 1 9299035
10 17 535230
15 20 380220
13 4 14055
0 7 2262315
2 5 794
5 8 18598
6 7 4835762
4 19 5867849
7 6 87766
5 18 1540
16 22 160
19 3 40960
20 4 11387
18 20 69577965
8 2 2795
9 3 1380362
11 21 42484
14 2 5483
12 22 595
3 1 151406
16 13 199271
6 16 220721
19 8 117794
17 8 957920
7 21 46051161
20 3 12736
18 15 1566787
21 2 14426
8 9 47
9 4 7706
10 3 66303
11 10 38094
0 21 660128
14 5 40
12 13 1267597
1 16 83046
15 0 18853339
13 16 24315
0 11 241500
3 6 43255
1 10 240
4 1 21212
5 4 9040
6 11 48
17 1 772819
7 18 17090
20 10 208405
18 6 78192
22 0 33725
9 13 951822
8 22 357410
11 3 571
14 12 27144
12 4 39632
10 20 6776846
15 9 803988
13 9 148941
0 2 341833
3 15 40
1 3 3030
4 8 190099
2 8 132143
5 13 932097
3 21 16695
6 2 1564324
4 22 16196
19 22 38434
20 17 146617
18 1 226658
16 17 1251
21 20 2593673
12 3 44582
13 2 18799
1 4 53842
2 3 124
6 5 338713
7 0 49715048
16 8 5636
19 5 1977
17 21 6520
22 18 160
20 6 704543
18 18 168886
21 7 1189080
8 4 202374
9 1 3554388
0 16 30921
14 0 23048
12 16 20935
15 5 300
13 21 278128
16 15 198637
6 22 512571
19 10 33731
17 14 614
22 21 172
20 13 517647
18 13 6531444
21 0 490025
8 11 120
22 15 49732
9 10 30905
10 1 148
11 12 121196
14 11 4347
12 15 74696
1 22 5850
15 2 410793
13 14 1860950
2 21 2597
0 13 1532191
3 8 1500
1 8 195792
4 3 2970
2 15 103650
5 2 225
16 6 27489
6 9 9985
19 19 29437966
17 7 70531
7 12 37597415
20 20 2713642
18 4 255689
21 9 202853
22 6 6499
10 8 52998
11 5 17822
9 21 774360
14 18 995
12 6 222747
10 18 19284
13 7 1209037
0 4 68521
1 1 5639
4 10 3150
2 6 79786
5 11 34325
6 0 4054347
7 5 1355692
5 21 118354
20 19 821779
16 19 22515
21 18 8194
17 18 409
14 21 1615
15 16 4366485
13 0 8938631
11 16 903
2 1 184928
7 2 12231
16 10 17357
19 7 462083
17 11 106
22 16 3859
20 0 12996728
18 16 37571
21 5 53902
8 6 10989
22 10 4548
9 7 2103472
10 4 10252
11 9 5149
0 18 12208
14 6 2840
12 18 321
1 19 455048
15 7 1816456
13 19 300084
0 8 87129
3 5 119680
4 6 5636
5 7 100090
16 1 29572
6 20 7692597
19 12 3472
17 12 325278
7 17 137928
20 15 5766985
21 14 3336
8 13 87755
22 13 8741
9 8 39866
10 15 4304729
8 19 3709824
11 14 1177
9 18 20377
14 9 1413
12 9 369772
1 20 2421461
15 12 16453
13 12 721073
2 19 21446
0 15 533078
3 10 10924
1 14 1102
4 13 536
2 13 21355
5 0 15541162
3 16 1490
6 15 8151330
19 21 14695
17 5 120
7 14 2261
20 22 367465
18 2 5140
22 4 1640
11 7 74205
12 0 954216
10 16 105841
13 5 4558388
0 6 782691
1 7 185538
2 4 1540
5 9 272559
6 6 7365
7 7 19998688
5 19 15753
16 21 194768
21 16 32354
19 0 958370
17 16 5448
8 1 196415
15 18 3680225
11 18 4689
12 21 224236
16 12 14339
6 19 2214368
17 9 1582
20 2 61531
18 14 849
21 3 2105
22 8 6470
9 5 158300
10 2 230551
0 20 5899148
12 12 72016
1 17 184153
15 1 263880
13 17 2160829
2 22 395
0 10 425294
3 7 7006
1 11 101103
4 0 318815
19 14 128
17 2 184017
7 19 673152
20 9 661992
18 9 126492
21 12 288777
8 15 29194161
22 3 364
9 14 1081
10 13 1110054
8 21 33898
11 0 958187
9 16 13887
14 15 17189
12 11 121996
15 14 33371
13 10 276660
2 17 10057
0 1 3013782
3 12 169050
1 12 128749
4 15 23366609
2 11 10758
6 13 3981138
4 21 134
7 8 48521
20 16 1821584
18 0 2195276
21 21 138406
12 2 24776
13 3 659
1 5 36653
6 4 193058
7 1 480019
5 17 1646
19 2 233025
20 5 2074400
18 21 34932
8 3 52
9 2 132776
11 20 2122037
13 22 4915
3 0 913561
17 15 740960
7 20 76974639
22 20 65832
20 12 1324377
18 12 11210
21 1 763052
8 10 46825
22 14 48
10 0 983569
8 16 1468
11 13 56481
0 22 79268
14 10 74
12 14 5381
15 3 3906
13 15 63368
2 20 138825
0 12 1327171
1 9 4505
4 2 9500
2 14 50139
5 3 2288
6 8 458908
19 16 1548
17 0 557647
7 13 1286515
18 7 554586
21 10 120605
22 1 27119
9 12 905303
10 11 2012
11 2 13458
9 22 6560
14 13 159485
12 5 13933
10 21 1469690
15 8 22198258
13 8 30324
0 3 186621
3 14 150
1 2 358936
2 9 44867
5 12 16567
3 20 953946
6 3 27314
7 10 21983
5 22 164
20 18 1965567
16 18 3367
21 19 191607
17 19 239137
14 20 2475383
13 1 2053302
2 0 638780
