488
7 3 100856
16 9 83717
19 4 13488890
17 20 11137510
22 19 1144720
20 7 2782474
18 19 653130
21 6 343662
8 5 20760
9 0 651917
10 7 486121
0 17 546092
14 1 9158
12 17 149307
15 4 15716958
13 20 9584779
3 2 14441
4 5 1800
16 0 218732
19 13 29236
17 13 115564
7 22 283292
20 14 78243
18 10 752827
21 15 831025
8 12 8025
22 12 4795
9 9 41765
10 14 19600
8 18 4086
11 15 89604
9 19 243767
14 8 205
12 8 98582
1 21 403782
15 13 37810
13 13 580346
2 18 100
0 14 2718760
3 11 12192
1 15 248143
4 12 316
2 12 709903
5 1 76935
3 17 140292
16 7 123370
6 14 53702
19 18 8971
17 6 123704
7 15 89558743
20 21 10746172
18 5 36322
21 8 122202
22 7 38705
10 9 110730
11 4 35682
9 20 6030068
14 19 17771
12 7 2335269
10 19 1145534
15 10 152571
13 6 435413
0 5 15679759
1 0 2840555
2 7 76794
5 10 14373
3 22 10500
6 1 414
7 4 10499
5 20 790492
16 20 3392418
21 17 49300
19 1 1708081
17 17 8469
18 22 202369
8 0 867684
15 19 41351365
11 19 69137
12 20 1251602
6 18 201995
19 6 53474
17 10 27990
20 1 2376443
18 17 81059
21 4 64553
8 7 339581
9 6 77899
10 5 549392
11 8 232524
0 19 1381146
14 7 36020
12 19 62491
1 18 26595
15 6 50818
13 18 49740
0 9 45994
3 4 41972
4 7 259018
5 6 11939
16 2 2025
6 21 2841018
19 15 52609802
17 3 2494
7 16 18140
20 8 17907514
18 8 558706
21 13 1183701
8 14 3102
22 2 5350
9 15 1308816
10 12 263058
8 20 4001443
11 1 673199
9 17 54632
12 10 30305
10 22 77694
15 15 4090763
13 11 229688
2 16 4876
0 0 40014638
3 13 5264
1 13 345809
2 10 15851
5 15 60633
3 19 3930
6 12 202112
4 20 4455791
19 20 7931696
17 4 32258
7 9 1797409
18 3 12041
21 22 11055
22 5 7642
11 6 299483
14 17 52
12 1 13064052
10 17 1241378
15 20 521843
13 4 50584
0 7 1989784
1 6 136
2 5 4221
5 8 35812
6 7 4437677
4 19 7718551
7 6 96125
5 18 3287
16 22 757
19 3 38227
20 4 595324
18 20 80380381
8 2 1810664
9 3 7046
11 21 82069
14 2 7387
12 22 45595
3 1 47698
16 13 301772
6 16 455351
19 8 178017
17 8 38857
7 21 13021897
20 3 39361
18 15 1953424
21 2 54310
9 4 37277
10 3 79859
11 10 37674
0 21 818808
14 5 1330
12 13 1888468
1 16 288211
15 0 28070515
13 16 20783
0 11 682684
3 6 11725
1 10 160
4 1 79088
5 4 19110
6 11 4182
17 1 845028
7 18 1025958
20 10 305334
18 6 111431
22 0 380699
9 13 1140831
8 22 62204
11 3 3788
14 12 66768
12 4 13308
10 20 8659045
15 9 1462924
13 9 201634
0 2 357906
3 15 1496
1 3 10925
4 8 34309
2 8 39275
5 13 1073191
3 21 19995
6 2 1978074
4 22 27599
19 22 515726
7 11 18000
20 17 333465
18 1 530380
16 17 92
21 20 2723391
12 3 77466
13 2 44818
1 4 25290
2 3 20000
6 5 579742
7 0 42721788
5 16 52
16 8 270
19 5 61655
17 21 56242
22 18 1694
20 6 712802
18 18 413243
21 7 484082
8 4 120536
9 1 2365165
0 16 160087
14 0 56772
12 16 14160
15 5 2777
13 21 574655
16 15 312228
6 22 179728
19 10 13274
17 14 2178
22 21 520
20 13 3110966
18 13 6939072
21 0 191649
8 11 6154
22 15 757225
9 10 47182
10 1 46958
11 12 97934
14 11 12975
12 15 1110057
1 22 115729
15 2 399703
13 14 2455935
2 21 24569
0 13 2400018
3 8 5802
1 8 130743
4 3 1643
2 15 162074
5 2 908
16 6 15453
6 9 31342
19 19 32014624
17 7 64006
7 12 32403750
20 20 4069472
18 4 69939
21 9 799919
22 6 12631
10 8 123995
11 5 115933
9 21 244677
14 18 3950
12 6 76273
10 18 21579
13 7 2035841
0 4 106944
1 1 7022
4 10 3283
2 6 9873
5 11 83237
6 0 4890297
4 16 402
7 5 1589046
5 21 64886
20 19 1659136
16 19 65005
21 18 6191
17 18 15673
14 21 2356
15 16 6147176
13 0 11788795
11 16 2431
2 1 381434
7 2 77826
16 10 16337
19 7 601055
17 11 4216
22 16 12000
20 0 17568870
18 16 16061
21 5 359382
8 6 38029
22 10 3860
9 7 1151843
10 4 15696
11 9 21156
0 18 43339
14 6 4378
12 18 31638
1 19 944734
15 7 1155682
13 19 208826
0 8 220839
3 5 375344
4 6 12893
5 7 134443
16 1 45696
6 20 11271565
19 12 11292
17 12 349800
7 17 3689380
20 15 5596951
18 11 80
21 14 7318
8 13 41059
22 13 1352
9 8 31762
10 15 2824599
8 19 5806501
11 14 1479
9 18 15853
14 9 3635
12 9 120967
1 20 2139610
15 12 24174
13 12 3222598
2 19 837562
0 15 481225
3 10 659
1 14 1863
4 13 19309
2 13 82316
5 0 17123121
6 15 9898393
19 21 12503
17 5 21774
7 14 204668
20 22 133651
18 2 344978
22 4 3728
11 7 60402
12 0 1435001
10 16 117113
15 21 1598
13 5 10615460
0 6 235959
1 7 170184
2 4 194
5 9 458736
6 6 12395
4 18 1587
7 7 97716850
5 19 81815
16 21 72996
21 16 18639
19 0 1413555
8 1 274945
15 18 4916751
11 18 27772
12 21 656153
16 12 13360
6 19 6192385
17 9 2360
20 2 516139
18 14 2039
21 3 18193
22 8 7476
9 5 38110
10 2 209558
0 20 6704159
12 12 67644
1 17 582321
15 1 289555
13 17 95961
2 22 5014
0 10 184963
3 7 17245
1 11 598583
4 0 555424
16 3 1512
19 14 611
17 2 3500
7 19 245883
20 9 990545
18 9 228203
21 12 230573
8 15 34619762
22 3 1964
9 14 1424
10 13 1976537
8 21 8222
11 0 1363964
9 16 58634
14 15 8664
12 11 200529
15 14 14673
13 10 189802
2 17 3515
0 1 2849710
3 12 29090
1 12 155055
4 15 25774792
2 11 21703
3 18 1488
6 13 8315938
4 21 2050
7 8 18469
20 16 2657334
18 0 3325763
21 21 328490
14 22 176
12 2 128918
13 3 412
1 5 136462
6 4 258532
7 1 1085559
5 17 29541
19 2 20631
20 5 629631
18 21 50740
8 3 70
9 2 119779
11 20 1508142
14 3 2682
13 22 20387
3 0 819578
17 15 2301823
7 20 115967910
22 20 191626
20 12 2659221
18 12 28526
21 1 867246
8 10 6243
22 14 914
9 11 899
10 0 1407150
8 16 2286
11 13 372319
0 22 1208125
12 14 65426
15 3 4588
13 15 566297
2 20 275730
0 12 1276470
3 9 3052
1 9 32362
4 2 4871
2 14 339743
5 3 8430
16 5 3408
6 8 539306
19 16 5005
17 0 247306
7 13 2941659
20 11 224
18 7 654461
21 10 221868
22 1 103880
9 12 407129
10 11 7459
11 2 20229
9 22 7240
14 13 251282
12 5 183009
10 21 1212839
15 8 30415784
13 8 50830
0 3 1097977
3 14 112380
1 2 485822
2 9 2536
5 12 12204
3 20 796843
6 3 422672
7 10 19798
5 22 1885
20 18 3275149
16 18 4258
21 19 196306
17 19 1793041
14 20 3141671
13 1 7160359
2 0 550776
