476
7 3 2620
16 9 56033
19 4 9103742
17 20 1249229
22 19 156721
20 7 1810384
18 19 636284
21 6 172920
8 5 9909
9 0 131115
10 7 111774
0 17 361901
14 1 20479
12 17 36182
15 4 12141532
13 20 3060947
3 2 40
4 5 51561
16 0 82169
19 13 69239
17 13 39776
7 22 8425
20 14 22820
18 10 361603
21 15 1137070
8 12 1738
22 12 2347
9 9 12600
10 14 324
8 18 145
11 15 78892
9 19 101672
14 8 2649
12 8 93730
1 21 28211
15 13 49162
13 13 345214
2 18 996
0 14 1852374
3 11 5950
1 15 453420
4 12 132
2 12 313202
5 1 35100
3 17 4832
16 7 31578
6 14 28346
19 18 33966
17 6 37260
7 15 83614676
20 21 2518218
18 5 14051
21 8 57695
22 7 28749
10 9 4093
11 4 249013
9 20 4360615
14 19 4340
12 7 1092794
10 19 524875
15 10 71430
13 6 612701
0 5 10393972
1 0 1649909
4 11 40
2 7 97629
5 10 1626
3 22 38
6 1 5211
7 4 7644
5 20 621107
16 20 2961452
21 17 9795
19 1 1732339
17 17 7263
18 22 198210
8 0 1152537
15 19 20641656
11 19 86151
12 20 538805
6 18 111634
19 6 250980
17 10 5541
20 1 3719436
18 17 75750
21 4 149977
8 7 258081
9 6 53837
10 5 193727
11 8 152842
0 19 914910
14 7 29895
12 19 75104
1 18 4645
15 6 32596
13 18 19876
0 9 21226
3 4 3000
4 7 265677
5 6 5689
16 2 2992
6 21 1134983
19 15 51415924
17 3 158
7 16 11334
20 8 26689184
18 8 85990
21 13 851490
8 14 80
22 2 136
9 15 880073
10 12 164345
8 20 6695623
11 1 829889
9 17 2103
12 10 13703
10 22 49413
15 15 1849322
13 11 56397
2 16 3478
0 0 35777716
3 13 22822
1 13 1287397
2 10 2236
5 15 35784
3 19 562
6 12 23532
4 20 3615531
19 20 9431989
17 4 1456
7 9 60214
18 3 3430
21 22 17749
22 5 344
11 6 499533
14 17 38
12 1 4200242
10 17 67328
15 20 233217
13 4 15740
0 7 2707525
1 6 60
2 5 200
5 8 8850
6 7 21219092
4 19 8604201
7 6 123255
5 18 106
19 3 50552
20 4 22569
18 20 68596139
8 2 47
9 3 212
11 21 26711
14 2 408
12 22 2614
3 1 247228
16 13 164631
6 16 274769
19 8 73177
17 8 25958
7 21 66291144
20 3 5181
18 15 1037471
21 2 13529
9 4 42602
10 3 27095
11 10 37818
0 21 57541
12 13 3006074
1 16 6010
15 0 16246862
13 16 187706
0 11 227263
3 6 32628
1 10 154
4 1 41046
5 4 21511
16 4 1580
6 11 189
17 1 342043
7 18 13693
20 10 424677
18 6 338788
21 11 80
22 0 114040
9 13 272377
8 22 860
11 3 1104
14 12 37657
12 4 118
10 20 8052738
15 9 982117
13 9 2506
0 2 381541
3 15 5322
1 3 4848
4 8 85810
2 8 1540
5 13 1208502
3 21 45511
6 2 464377
4 22 55864
19 22 23119
20 17 160541
18 1 439795
21 20 3281283
12 3 40746
13 2 16372
1 4 21682
2 3 1500
6 5 483196
7 0 39723811
5 16 1540
16 8 576
19 5 49120
17 21 42979
22 18 3916
20 6 413158
18 18 134099
21 7 1132408
8 4 43042
9 1 991756
0 16 31936
14 0 30752
12 16 6764
15 5 11045
13 21 567390
16 15 152151
6 22 429413
19 10 19831
17 14 63
22 21 5212
20 13 1266412
18 13 6763482
21 0 124515
8 11 1625
22 15 475257
9 10 74631
10 1 756
11 12 46524
14 11 1734
12 15 44642
1 22 18701
15 2 394804
13 14 1202803
2 21 27740
0 13 2457318
3 8 1500
1 8 1077581
4 3 172
2 15 135516
5 2 299
16 6 14890
6 9 4556
19 19 25904089
17 7 15098
7 12 31112958
20 20 2291149
18 4 37092
21 9 146415
22 6 73162
10 8 79217
11 5 9327
9 21 629069
12 6 101105
10 18 6308
13 7 1488411
0 4 47541
1 1 24059
4 10 2416
2 6 3864
5 11 12359
6 0 4748948
4 16 1380
7 5 1698942
5 21 73032
20 19 733293
16 19 30172
21 18 11090
17 18 232
14 21 922
15 16 3667633
13 0 11343185
11 16 21204
2 1 128304
7 2 8141
16 10 320119
19 7 597912
17 11 18364
20 0 12389538
18 16 13247
21 5 641817
8 6 20138
22 10 4244
9 7 1015030
10 4 20487
11 9 3596
0 18 9953
14 6 793
12 18 13198
1 19 114276
15 7 920956
13 19 221234
0 8 206873
3 5 225804
4 6 32176
5 7 134591
16 1 14785
6 20 8547985
19 12 13046
17 12 1084512
7 17 27048
20 15 5311305
18 11 7245
21 14 1633
8 13 32038
22 13 1500
9 8 12853
10 15 3940328
8 19 7100287
11 14 2728
9 18 18179
14 9 1440
12 9 173547
1 20 1206261
15 12 5393
13 12 1609811
2 19 22741
0 15 721272
3 10 13717
1 14 1663
4 13 11297
2 13 71381
5 0 14678867
6 15 5180293
19 21 67259
17 5 600
7 14 108
20 22 3480
18 2 92657
22 4 10050
11 7 22126
12 0 3044708
10 16 147066
15 21 718
13 5 5512511
0 6 823503
1 7 49565
2 4 148
5 9 286232
6 6 6086
4 18 1472
7 7 79723763
5 19 41797
16 21 9693
21 16 18027
19 0 1251190
17 16 1552
8 1 462413
15 18 1989770
11 18 5395
12 21 794501
16 12 24709
6 19 2200054
20 2 38182
18 14 89
21 3 509
22 8 5904
9 5 2879
10 2 159208
0 20 6431946
12 12 77906
1 17 252438
15 1 203277
13 17 28324
2 22 1326
0 10 184790
3 7 7124
1 11 236032
4 0 835245
16 3 164
19 14 220
17 2 9252
7 19 811028
20 9 746160
18 9 90193
21 12 225990
8 15 33691510
9 14 80
10 13 2006901
8 21 4503
11 0 873376
9 16 15563
14 15 4510
12 11 206848
13 10 567831
2 17 659
0 1 2612546
3 12 3406
1 12 748318
4 15 30694069
2 11 13223
6 13 13873848
4 21 1196
7 8 15575
20 16 1984550
18 0 2111855
21 21 199866
12 2 27731
13 3 260
1 5 266193
6 4 93730
7 1 413110
5 17 8549
19 2 187977
20 5 28774
18 21 34127
8 3 92
9 2 170374
11 20 565611
13 22 1552
3 0 276775
17 15 2550056
7 20 84332022
22 20 26884
20 12 1653084
18 12 21294
21 1 866147
8 10 85572
10 0 791597
8 16 362
11 13 63025
0 22 90145
12 14 9123
15 3 3256
13 15 27099
2 20 1157820
0 12 323151
3 9 40
1 9 65139
4 2 106
2 14 13040
5 3 6133
6 8 303464
19 16 317
17 0 162298
7 13 7783863
20 11 1356
18 7 342042
21 10 27458
22 1 637190
9 12 104913
11 2 25932
9 22 2336
14 13 161379
12 5 19453
10 21 196485
15 8 24488587
13 8 36157
0 3 421265
1 2 252322
4 9 2916
2 9 977
5 12 11975
3 20 156873
6 3 60913
7 10 66926
5 22 72
20 18 1478132
16 18 1472
21 19 113268
17 19 432448
14 20 2397621
13 1 2188048
2 0 2280859
