471
7 3 2861
16 9 55705
19 4 6568863
17 20 401702
22 19 33090
20 7 1183200
18 19 428970
21 6 11292
8 5 9437
9 0 806953
10 7 79443
0 17 1021614
14 1 5748
12 17 7681
15 4 8170888
13 20 1144574
3 2 3038
4 5 16522
16 0 79551
19 13 17851
17 13 16896
7 22 17726
20 14 10832
18 10 369492
21 15 847352
8 12 2430
22 12 2275
9 9 25767
10 14 245
11 15 11083
9 19 87535
14 8 249
12 8 53569
1 21 16169
15 13 48463
13 13 238230
2 18 3341
0 14 1796714
3 11 10770
1 15 41439
4 12 200
2 12 247527
5 1 16615
3 17 3000
16 7 40800
6 14 6648
19 18 453
17 6 5493
7 15 89821341
20 21 94282
18 5 56128
21 8 92342
22 7 33604
10 9 94006
11 4 242672
9 20 4550476
14 19 8075
12 7 1182281
10 19 241541
15 10 6787
13 6 228351
0 5 7377164
1 0 686483
2 7 8307
5 10 737
3 22 1500
6 1 305
7 4 316
5 20 766910
16 20 2236316
21 17 4019
19 1 250994
17 17 7291
18 22 12156
8 0 767861
15 19 21133299
11 19 1765541
12 20 472028
6 18 40238
19 6 18728
17 10 27644
20 1 3384006
18 17 3969
21 4 17386
8 7 386363
9 6 49870
10 5 313466
11 8 735730
0 19 374724
14 7 7456
12 19 487330
1 18 5605
15 6 5727
13 18 14901
0 9 31653
4 7 140214
5 6 10589
16 2 4669
6 21 1399510
19 15 50957856
17 3 168
7 16 11858
20 8 11888327
18 8 84749
21 13 567706
8 14 3155
9 15 496687
10 12 136044
8 20 4024265
11 1 698611
9 17 3485
12 10 52160
10 22 151154
15 15 1326209
13 11 47908
2 16 2458
0 0 34066324
3 13 16527
1 13 208172
4 14 47
2 10 5500
5 15 39815
3 19 2711
6 12 11666
4 20 2904100
19 20 8047334
17 4 349675
7 9 2169
18 3 496
21 22 478
22 5 1635
11 6 59868
14 17 2963
12 1 678729
10 17 510580
15 20 103654
13 4 5238
0 7 2947600
1 6 72
2 5 382
5 8 6308
6 7 2501006
4 19 6799540
7 6 35316
5 18 102
16 22 52
19 3 56699
20 4 4444
18 20 61592271
8 2 1500
9 3 160
11 21 20575
14 2 1559
12 22 3300
3 1 413481
16 13 285162
6 16 158474
19 8 115716
17 8 28599
7 21 61270549
20 3 270
18 15 794484
21 2 23770
8 9 52
9 4 109140
10 3 65389
11 10 12266
0 21 53265
14 5 1728
12 13 91045
1 16 3773
15 0 13026505
13 16 109328
0 11 216312
3 6 296652
1 10 200
4 1 14077
5 4 1108
16 4 116
6 11 1343
17 1 1326722
7 18 1195
20 10 70797
18 6 120707
21 11 379
22 0 36439
9 13 271245
8 22 8569
11 3 2995
14 12 2504
12 4 4188
10 20 4081488
15 9 726396
13 9 11961
0 2 526113
1 3 2868
4 8 30929
5 13 813282
3 21 34349
6 2 487012
4 22 11776
19 22 5590
20 17 50309
18 1 210466
16 17 52
21 20 2667661
12 3 700
13 2 53938
1 4 19956
2 3 92
6 5 173944
7 0 40790336
5 16 4500
16 8 1472
19 5 1600
17 21 20552
22 18 5174
20 6 532181
18 18 75708
21 7 920670
8 4 11427
9 1 2915922
0 16 94542
14 0 33315
12 16 35573
15 5 3939
13 21 256188
16 15 114723
6 22 234196
19 10 3456
17 14 80
20 13 136085
18 13 3965873
21 0 51178
8 11 116
22 15 217880
9 10 8818
10 1 56028
11 12 34014
14 11 359
12 15 19274
1 22 31964
15 2 426033
13 14 1220119
2 21 4559
0 13 2907204
1 8 63665
2 15 107581
5 2 172
16 6 10950
6 9 28345
19 19 22798817
17 7 8179
7 12 64714836
20 20 1523210
18 4 10204
21 9 107728
22 6 1398
10 8 132223
11 5 15493
9 21 94437
12 6 79595
10 18 205
13 7 1309531
0 4 82896
1 1 10221
4 10 12701
2 6 7900
5 11 1107
6 0 1915731
7 5 1464756
5 21 24515
20 19 826208
16 19 13824
21 18 6280
17 18 202
14 21 6513
15 16 3518464
13 0 7349311
11 16 1699
2 1 31455
7 2 5272
16 10 5243
19 7 593613
17 11 1216
20 0 10076462
18 16 7334
21 5 86195
8 6 194797
22 10 20528
9 7 941485
10 4 8057
11 9 8681
0 18 17806
12 18 5655
1 19 41338
15 7 1263571
13 19 170535
0 8 100733
3 5 122
4 6 769
5 7 534103
16 1 11456
6 20 5472811
19 12 4184
17 12 47879
7 17 6378
20 15 3559809
18 11 1256
21 14 282
8 13 8913
22 13 352
9 8 13109
10 15 2204522
8 19 3848044
11 14 112
9 18 38595
14 9 2263
12 9 113355
1 20 533887
15 12 15120
13 12 116021
2 19 3942
0 15 359070
3 10 299894
1 14 5992
4 13 10914
2 13 9023
5 0 13666479
3 16 1493
6 15 4999983
19 21 22266
17 5 665
7 14 1492
20 22 21052
18 2 62478
22 4 539
11 7 285808
12 0 1409851
10 16 25266
15 21 47
13 5 4636304
0 6 232021
1 7 32371
2 4 1104
5 9 220300
6 6 3569
7 7 81298370
5 19 85529
16 21 23366
21 16 16899
19 0 905318
8 1 659574
15 18 1720851
11 18 10001
12 21 246328
16 12 7497
6 19 1772924
20 2 49165
21 3 396
22 8 1680
9 5 2735
10 2 49415
0 20 4322974
14 4 47
12 12 3791
1 17 46904
15 1 329165
13 17 13197
2 22 156
0 10 181298
3 7 3884
1 11 98011
4 0 344188
17 2 13067
7 19 90388
20 9 491854
18 9 202421
21 12 108783
8 15 27745621
22 3 38
9 14 493
10 13 1228835
8 21 8240
11 0 528661
9 16 22275
14 15 844
12 11 82363
15 14 986
13 10 210790
2 17 13809
0 1 2415810
3 12 4745
1 12 47575
4 15 21491264
2 11 236909
5 14 212
6 13 10976390
4 21 1586
7 8 79245
20 16 1208373
18 0 1603920
21 21 32111
14 22 130
12 2 17886
13 3 48
1 5 7404
6 4 287281
7 1 769608
5 17 28798
19 2 234
20 5 10707
18 21 29238
9 2 100347
11 20 291928
13 22 216
3 0 346987
19 11 48
17 15 857152
7 20 88319469
22 20 976726
20 12 1919303
18 12 11411
21 1 147862
8 10 8855
22 14 3063
9 11 52
10 0 821164
8 16 7592
11 13 40111
0 22 40360
14 10 159
12 14 121090
15 3 2109
13 15 23398
2 20 1704499
0 12 249192
1 9 3377
2 14 2880
6 8 244777
19 16 598
17 0 37893
7 13 1144190
20 11 1540
18 7 373712
21 10 12069
22 1 19031
9 12 130962
10 11 135
11 2 16992
9 22 312
14 13 178863
12 5 48187
10 21 363564
15 8 20973984
13 8 19409
0 3 198439
1 2 181244
2 9 1807
5 12 13967
3 20 56509
6 3 38561
7 10 9352
5 22 804
20 18 1231406
16 18 112
21 19 87403
17 19 399304
14 20 2009506
13 1 1943696
2 0 2588592
