466
7 3 20239
16 9 63556
19 4 7712203
17 20 122436
22 19 44970
20 7 1593994
18 19 587399
21 6 96037
8 5 15579
9 0 1699278
10 7 213659
0 17 499607
14 1 1692
12 17 39583
15 4 9269682
13 20 1650204
4 5 190777
16 0 46327
19 13 25808
17 13 4391
7 22 13932
20 14 3026
18 10 61636
21 15 540913
8 12 5432
22 12 1500
9 9 12640
10 14 523
8 18 3160
11 15 161388
9 19 64102
12 8 111727
1 21 68456
15 13 170491
13 13 478130
2 18 38
0 14 1877255
3 11 9291
1 15 151702
4 12 3652
2 12 573736
5 1 63017
3 17 573572
16 7 24303
6 14 1291
19 18 3080
17 6 8850
7 15 115861196
20 21 1310518
18 5 19018
21 8 115484
22 7 26520
10 9 5462
11 4 218223
9 20 4761020
14 19 3093
12 7 1016357
10 19 586902
15 10 35326
13 6 444633
0 5 10296346
1 0 1882806
2 7 63718
5 10 10700
3 22 56
6 1 1248
7 4 5489
5 20 668229
16 20 2254855
21 17 100899
19 1 429935
17 17 3090
18 22 11580
8 0 924559
15 19 20856547
11 19 33331
12 20 1465763
6 18 36776
19 6 168339
17 10 50753
20 1 11004996
18 17 10242
21 4 36898
8 7 385275
9 6 48552
10 5 432859
11 8 169070
0 19 321440
14 7 19252
12 19 142261
1 18 10234
15 6 167501
13 18 48875
0 9 18610
3 4 30153
4 7 217588
5 6 31177
16 2 2083
6 21 2052135
19 15 62417541
17 3 32199
7 16 6755
20 8 13064148
18 8 187212
21 13 741696
8 14 94
22 2 492846
9 15 1183557
10 12 5666
8 20 5820800
11 1 758237
9 17 6352
12 10 25057
10 22 1638
15 15 1938056
13 11 310184
2 16 3362
0 0 35957869
3 13 14950
1 13 2620089
2 10 49429
5 15 41929
3 19 5027
6 12 8140
4 20 3232713
19 20 9155862
17 4 5686
7 9 4189
18 3 1764
21 22 16528
22 5 57651
11 6 85520
12 1 2690940
10 17 53368
15 20 149542
13 4 14897
0 7 3374609
1 6 60
2 5 56
5 8 5434
6 7 5295146
4 19 7005723
7 6 221964
5 18 1500
19 3 52
20 4 12217
18 20 65966635
9 3 1837
11 21 36955
12 22 104
3 1 26081
16 13 121985
6 16 241016
19 8 75297
17 8 72236
7 21 75827016
20 3 2630
18 15 1058215
21 2 16739
9 4 3365
10 3 9758
11 10 68560
0 21 52066
12 13 756431
1 16 6383
15 0 15119121
13 16 515830
0 11 182507
3 6 17684
1 10 160
4 1 48317
5 4 9160
16 4 40
6 11 2489
17 1 232993
7 18 3856
20 10 3958495
18 6 62173
22 0 35028
9 13 532864
8 22 30018
11 3 1184
14 12 46
12 4 48659
10 20 4337468
15 9 954769
13 9 7194
0 2 262183
3 15 6000
1 3 10154
4 8 38068
2 8 55
5 13 1147154
3 21 4578
6 2 633506
4 22 124
19 22 33539
20 17 174754
18 1 277602
16 17 2025
21 20 37888499
12 3 10342
13 2 94672
1 4 12832
6 5 435000
7 0 53214977
16 8 170
19 5 21446
17 21 23164
22 18 1744
20 6 792578
18 18 84785
21 7 1079123
8 4 16954
9 1 4375318
0 16 21978
14 0 68535
12 16 28850
15 5 12798
13 21 163298
16 15 137181
6 22 64412
19 10 45222
17 14 47
22 21 48
20 13 187992
18 13 7702826
21 0 92139
8 11 4246
22 15 208458
9 10 38143
10 1 78732
11 12 139212
14 11 1517
12 15 207578
1 22 5499
15 2 291974
13 14 1118914
2 21 90393
0 13 2710704
1 8 168391
4 3 35460
2 15 97770
16 6 20329
6 9 905
19 19 32513428
17 7 155062
7 12 23273338
20 20 1908054
18 4 5942
21 9 113775
22 6 1852
10 8 19449
11 5 23905
9 21 103805
12 6 68372
10 18 49
13 7 1703729
0 4 91539
1 1 4866
4 10 2967
2 6 18933
5 11 21025
6 0 2840003
7 5 1160261
5 21 40977
20 19 195082
16 19 22336
21 18 1033525
17 18 647
14 21 12083
15 16 4291595
13 0 8439040
11 16 31796
2 1 96107
7 2 12477
16 10 5112
19 7 976169
22 16 66
20 0 10674220
18 16 238
21 5 391311
8 6 36277
22 10 570
9 7 653411
10 4 97986
11 9 778
0 18 13949
14 6 80
12 18 12345
1 19 605354
15 7 466022
13 19 38911
0 8 47175
3 5 104
4 6 266247
5 7 73437
16 1 28119
6 20 7709231
19 12 16632
17 12 179597
7 17 7381
20 15 2754411
21 14 5714
8 13 16559
22 13 13593
9 8 15776
10 15 4041629
8 19 6366615
11 14 1575
9 18 19217
14 9 1864
12 9 93774
1 20 512460
15 12 2324
13 12 773754
2 19 7610
0 15 1006502
3 10 96802
1 14 1732
4 13 8076
2 13 225308
5 0 14479782
6 15 4585923
19 21 4260
17 5 3080
7 14 76
20 22 5055
18 2 6734
22 4 1596
11 7 22778
12 0 1580971
10 16 282668
13 5 5083536
0 6 482889
1 7 47388
2 4 19363
5 9 386157
6 6 9265
7 7 71688596
5 19 68703
16 21 8855
21 16 21645
19 0 1816299
17 16 1725
8 1 182597
15 18 1830417
11 18 11742
12 21 250783
16 12 7184
6 19 2004048
17 9 147
20 2 91937
18 14 177
21 3 361
22 8 987
9 5 63469
10 2 16511
0 20 5844441
12 12 2975
1 17 177964
15 1 185946
13 17 14563
2 22 9756
0 10 283102
3 7 8858
1 11 213418
4 0 626362
16 3 52
17 2 451
7 19 95077
20 9 432360
18 9 154445
21 12 1629237
8 15 37153663
9 14 384
10 13 1060295
8 21 3824
11 0 1233418
9 16 14849
14 15 3957
12 11 349813
15 14 144
13 10 323183
2 17 3000
0 1 11608931
3 12 9961
1 12 253586
4 15 25575928
2 11 384332
6 13 21826391
4 21 10808
7 8 80486
20 16 1986953
18 0 2138115
21 21 187685
14 22 40
12 2 81136
13 3 1604
1 5 67229
6 4 192674
7 1 297338
5 17 7288
19 2 2750
20 5 461874
18 21 40201
9 2 742410
11 20 607361
13 22 8655
3 0 352933
16 14 46
17 15 827458
7 20 57513571
22 20 17311
20 12 844777
18 12 28074
21 1 677296
8 10 49122
22 14 48
9 11 142
10 0 630095
8 16 148
11 13 109320
0 22 484759
14 10 4920
12 14 114
15 3 3458
13 15 12275
2 20 126605
0 12 825975
1 9 32782
4 2 660
2 14 3159
5 3 361
6 8 629017
19 16 189
17 0 64941
7 13 128301
20 11 2052
18 7 380214
21 10 160064
22 1 61177
9 12 69617
11 2 7590
9 22 736
14 13 179559
12 5 40187
10 21 496480
15 8 24368539
13 8 16836
0 3 363453
3 14 46
1 2 1146504
2 9 7221
5 12 6345
3 20 112237
6 3 54788
7 10 13431
5 22 4806
20 18 1399448
16 18 1420
21 19 145343
17 19 1418163
14 20 2794724
13 1 8080029
2 0 2087872
