459
7 3 4028
16 9 47502
19 4 5613416
17 20 289605
22 19 59179
20 7 460485
18 19 712043
21 6 39108
8 5 355
9 0 203478
10 7 61168
0 17 33543
14 1 4972
12 17 85731
15 4 6422146
13 20 1594011
3 2 130
4 5 166845
16 0 32450
19 13 21582
17 13 6393
7 22 425532
20 14 39052
18 10 65330
21 15 560449
8 12 3081
22 12 124
10 14 3937
8 18 5834
11 15 359189
9 19 110174
14 8 2248
12 8 14316
1 21 47119
15 13 1374
2 18 85
0 14 1134595
3 11 2275
1 15 20894
4 12 660
2 12 358726
5 1 37364
3 17 23898
16 7 53143
6 14 1501
19 18 1644
17 6 21925
7 15 96046728
20 21 715326
18 5 70990
21 8 110466
22 7 40559
10 9 1169
11 4 226398
9 20 4860189
14 19 12802
12 7 1279362
10 19 348659
15 10 34479
13 6 699985
0 5 7891727
1 0 409509
2 7 12219
5 10 9355
3 22 38
6 1 476
7 4 2401
5 20 483247
16 20 1842574
21 17 65647
19 1 155505
18 22 17802
8 0 679018
15 19 15887873
11 19 470706
12 20 1129466
6 18 43649
19 6 59303
17 10 10313
20 1 15014484
18 17 28790
21 4 2947
8 7 286858
9 6 261461
10 5 26361
11 8 530245
0 19 258601
14 7 30555
12 19 33856
1 18 3717
15 6 72205
13 18 529196
0 9 25857
3 4 94
4 7 275327
5 6 8908
16 2 6276
6 21 565059
19 15 57160807
17 3 14788
7 16 12118
20 8 10433422
18 8 99043
21 13 771720
8 14 1546
9 15 839368
10 12 3574
8 20 3931553
11 1 572174
9 17 8002
12 10 49668
10 22 2469
13 11 48639
2 16 252
3 13 21220
1 13 804865
4 14 47
2 10 9018
5 15 34507
3 19 108
6 12 11789
4 20 3140298
19 20 7937240
17 4 240
7 9 15269
18 3 276
21 22 15392
22 5 298
11 6 104262
14 17 47
12 1 159201
10 17 84986
15 20 1090369
13 4 19121
0 7 2959061
1 6 40
2 5 161
5 8 6115
6 7 5770450
4 19 5978349
7 6 85316
5 18 160
19 3 202
20 4 28912
18 20 62817482
8 2 183
9 3 1268
11 21 28098
14 2 21398
12 22 1566
3 1 41269
16 13 70925
6 16 117374
19 8 501023
17 8 24603
7 21 59773261
20 3 1952
18 15 1458083
21 2 17063
9 4 3323
10 3 19031
11 10 42045
0 21 17266
14 5 140
12 13 441385
1 16 832
15 0 11437284
13 16 552688
0 11 248223
3 6 17582
1 10 1678
4 1 33035
5 4 12052
16 4 46
6 11 1696
17 1 54213
7 18 6543
20 10 106730
18 6 110957
21 11 40
22 0 8388
9 13 902209
8 22 2877
11 3 884
14 12 183
12 4 43032
10 20 2624272
15 9 791042
13 9 7842
0 2 498107
3 15 126
1 3 3433
4 8 15839
2 8 42
5 13 1518806
3 21 9748
6 2 1074251
19 22 18701
20 17 3311814
18 1 191414
16 17 186
21 20 30763719
12 3 2166
13 2 115338
1 4 12923
2 3 278
6 5 172620
7 0 43479308
5 16 399
16 8 1548
19 5 2151
17 21 2373
22 18 12448
20 6 351616
21 7 831763
8 4 12826
9 1 2595781
0 16 16178
14 0 46276
12 16 2523
15 5 1524
13 21 104274
16 15 150119
6 22 52438
19 10 34297
17 14 234
22 21 7260
20 13 167663
18 13 6688336
21 0 51531
8 11 8492
22 15 85552
9 10 38148
10 1 721
11 12 24373
14 11 1883
12 15 91636
1 22 5570
15 2 351218
13 14 973317
2 21 32537
0 13 3319171
1 8 72594
4 3 156
2 15 96134
5 2 53
16 6 19625
6 9 455
17 7 14496
7 12 52255901
18 4 13729
21 9 168293
22 6 11567
10 8 25539
11 5 7760
9 21 69192
12 6 113612
10 18 417
13 7 604375
0 4 11130
4 10 434
2 6 76018
5 11 14319
6 0 2572685
4 16 46
7 5 1576118
5 21 20528
20 19 4186948
16 19 10357
21 18 8166
17 18 40
14 21 6591
15 16 2297959
13 0 8553858
11 16 2882
2 1 97812
7 2 60238
16 10 8314
19 7 754860
22 16 159
20 0 7078477
18 16 3794
21 5 268293
8 6 11703
22 10 1587
9 7 660546
10 4 23795
11 9 463
0 18 9248
14 6 10906
12 18 12383
1 19 157700
15 7 1192292
13 19 28325
0 8 44850
3 5 49
4 6 5780
5 7 187072
16 1 18122
6 20 8376608
19 12 16479
17 12 59229
7 17 12852
20 15 2958655
18 11 7796
21 14 6699
8 13 8954
22 13 4914
9 8 28424
10 15 1391745
8 19 9114819
11 14 16077
9 18 14556
12 9 37178
1 20 655163
15 12 2947
13 12 898414
0 15 588958
3 10 10748
1 14 13443
4 13 18490
2 13 334925
5 0 13139816
3 16 7540
6 15 4813552
19 21 48
20 22 5517
18 2 1014
22 4 48
11 7 15726
12 0 1098211
10 16 268983
15 21 36
13 5 3644260
0 6 563259
1 7 16137
5 9 270551
4 18 40
5 19 41037
16 21 6223
21 16 10641
19 0 1460575
17 16 97
8 1 58863
15 18 1563254
11 18 20417
12 21 182116
16 12 4182
6 19 1630695
17 9 121
20 2 70666
18 14 8799
21 3 98050
22 8 2693
9 5 22352
10 2 9106
0 20 5926306
1 17 6016
15 1 89545
13 17 14062
0 10 552565
3 7 17124
1 11 506173
4 0 474631
16 3 60
19 14 223
17 2 1753
7 19 108559
20 9 377008
18 9 100300
21 12 209098
8 15 28464299
9 14 4754
10 13 1046924
8 21 14703
11 0 529455
9 16 22547
14 15 2162
12 11 74354
15 14 14283
13 10 130886
2 17 270
0 1 1607739
3 12 28463
1 12 72493
4 15 21906838
2 11 6037
3 18 192
6 13 23501297
4 21 11270
7 8 19549
20 16 981747
18 0 1683522
14 22 259
12 2 20989
13 3 208
1 5 25425
6 4 100349
7 1 321165
5 17 108
20 5 13696
18 21 23273
8 3 69
9 2 98919
11 20 550474
13 22 2932
3 0 214957
17 15 725486
7 20 34238197
22 20 30215
20 12 1691293
18 12 29320
21 1 713119
8 10 20029
10 0 307905
8 16 1889
11 13 103751
0 22 175707
14 10 9850
12 14 1530
15 3 348
13 15 13496
2 20 76004
0 12 130054
3 9 1420
1 9 32599
4 2 211
2 14 507
5 3 499
16 5 276
6 8 564384
19 16 533
17 0 27903
7 13 90707
20 11 3432
18 7 476666
21 10 18850
22 1 14244
9 12 88068
10 11 52
11 2 3333
9 22 2448
14 13 110373
12 5 55762
10 21 190547
15 8 20168348
13 8 31830
0 3 219353
1 2 167150
5 12 100837
3 20 186955
6 3 33895
7 10 15389
20 18 1174318
21 19 111136
17 19 24893
14 20 1781242
13 1 4595304
2 0 2291597
