479
7 3 7354
16 9 165516
19 4 7989430
17 20 1659155
22 19 51736
20 7 680229
18 19 932535
21 6 148969
8 5 22359
9 0 488646
10 7 316252
0 17 682681
14 1 3207
12 17 2614880
15 4 11155102
13 20 3404148
3 2 3086
4 5 6418
16 0 44167
19 13 92550
17 13 1651959
7 22 41546
20 14 11560
18 10 73961
21 15 1133322
8 12 18714
22 12 1749
9 9 40014
10 14 973
8 18 3125
11 15 152793
9 19 210929
12 8 102184
1 21 378216
15 13 192411
13 13 834287
0 14 2792461
3 11 45765
1 15 1375663
4 12 3453
2 12 550275
5 1 60776
3 17 120136
16 7 42911
6 14 54700
19 18 6091
17 6 80370
7 15 87949739
20 21 1460296
18 5 14019
21 8 217418
22 7 32015
10 9 90797
11 4 91744
9 20 8697961
14 19 12142
12 7 4318205
10 19 643621
15 10 128534
13 6 1126475
0 5 17383134
1 0 1554475
4 11 640
2 7 89802
5 10 9158
6 1 998
7 4 4447
5 20 1028944
16 20 3970701
21 17 21394
19 1 472774
17 17 19768
18 22 37051
8 0 965831
15 19 30681889
11 19 53820
12 20 2409035
6 18 36422
19 6 86620
17 10 2540
20 1 9847867
18 17 101095
21 4 30108
8 7 513529
9 6 169042
10 5 405640
11 8 290911
0 19 833322
14 7 31170
12 19 57982
1 18 156112
15 6 104645
13 18 30444
0 9 23923
4 7 291244
5 6 110780
16 2 6114
6 21 829428
19 15 58476596
17 3 3780
7 16 10712
20 8 14861230
18 8 43524
21 13 622591
22 2 195
9 15 1817485
10 12 7138
8 20 4888704
11 1 928478
9 17 18525
12 10 40741
10 22 86341
15 15 3466285
13 11 97315
2 16 30039
0 0 41092671
3 13 36055
1 13 1582613
4 14 94
2 10 9278
5 15 88553
3 19 7228
6 12 57549
4 20 3363820
19 20 7591960
17 4 3853
7 9 24431
18 3 3006
21 22 25232
22 5 7396
11 6 188626
14 17 1537
12 1 2974019
10 17 57650
15 20 1193747
13 4 36042
0 7 3492778
1 6 572
2 5 401803
5 8 12373
6 7 9275365
4 19 8379214
7 6 41473
5 18 7604
16 22 104
19 3 235
20 4 27766
18 20 78266034
8 2 7420
9 3 5071
11 21 481494
14 2 1114
12 22 484
3 1 447434
16 13 296932
6 16 1163800
19 8 234034
17 8 11659
7 21 84212602
20 3 24659
18 15 1561777
21 2 9292
9 4 13682
10 3 51998
11 10 202354
0 21 129327
12 13 330387
1 16 11406
15 0 21537649
13 16 284351
0 11 1150160
3 6 35405
1 10 152
4 1 107426
5 4 2437
6 11 1495
17 1 1121494
7 18 10127
20 10 376326
18 6 158026
21 11 15653
22 0 132584
9 13 805453
8 22 41929
11 3 2989
14 12 4178
12 4 27303
10 20 7529009
15 9 994374
13 9 11657
0 2 853037
1 3 74093
4 8 283365
2 8 4028
5 13 2341164
3 21 16304
6 2 1043259
4 22 4959
19 22 93675
7 11 1500
20 17 793828
18 1 378969
16 17 321
21 20 3513165
12 3 6234
13 2 101819
1 4 55720
2 3 650
6 5 677991
7 0 44718537
5 16 140
16 8 286
19 5 25743
17 21 19344
22 18 92
20 6 552961
18 18 155569
21 7 2594040
8 4 340046
9 1 4700894
0 16 76717
14 0 33987
12 16 40736
15 5 12158
13 21 953781
16 15 467041
6 22 206325
19 10 79818
17 14 2924
22 21 1911
20 13 4502354
18 13 8229093
21 0 184121
8 11 12058
22 15 173931
9 10 37752
10 1 163710
11 12 415366
14 11 331
12 15 181600
1 22 47172
15 2 305955
13 14 1746066
2 21 30794
0 13 2796629
3 8 6052
1 8 1591312
2 15 132451
5 2 14907
16 6 26231
6 9 2712
19 19 35004660
17 7 19228
7 12 38822545
20 20 2875294
18 4 61976
21 9 1017364
22 6 10043
10 8 51833
11 5 23323
9 21 250876
12 6 138822
10 18 22878
13 7 1530510
0 4 61610
1 1 20513
4 10 2610
2 6 178179
5 11 8616
6 0 4032889
4 16 40
7 5 1413765
5 21 109580
20 19 1031020
16 19 38297
21 18 19915
17 18 5964
14 21 8657
15 16 6380459
13 0 13317145
11 16 47737
2 1 168536
7 2 54810
16 10 15610
19 7 369013
17 11 12932
22 16 1500
20 0 13962121
18 16 4343
21 5 133332
8 6 39022
22 10 16536
9 7 1794017
10 4 54324
11 9 10812
0 18 19573
14 6 3805
12 18 25188
1 19 555951
15 7 767392
13 19 52714
0 8 233635
3 5 24060
4 6 9100
5 7 124012
16 1 208447
6 20 11026010
19 12 83304
17 12 88774
7 17 19613
20 15 5605120
18 11 6912
21 14 3170
8 13 81524
22 13 29339
9 8 23999
10 15 4826982
8 19 5400129
11 14 272
9 18 44001
14 9 11659
12 9 236362
1 20 3765337
15 12 5279
13 12 1171531
2 19 17490
0 15 1742478
3 10 351591
1 14 2283
4 13 17107
2 13 178917
5 0 20246698
3 16 5213
6 15 10663253
19 21 35303
17 5 4170
7 14 76
20 22 192830
18 2 39064
22 4 1481
11 7 100802
12 0 1165573
10 16 101313
15 21 96
13 5 9289182
0 6 1275830
1 7 320140
2 4 18088
5 9 680724
6 6 110941
4 18 175626
7 7 88680495
5 19 132972
16 21 12675
21 16 8996
19 0 1976138
8 1 356451
15 18 2337744
11 18 4232
12 21 1364299
16 12 34768
6 19 2988550
19 9 52
17 9 1203
20 2 135574
18 14 40
21 3 3508
22 8 89323
9 5 13083
10 2 81194
0 20 4887254
12 12 36834
1 17 2708387
15 1 1185453
13 17 392526
0 10 376337
3 7 12296
1 11 167704
4 0 675170
16 3 4876
19 14 5454
17 2 1607
7 19 407810
20 9 783817
18 9 88461
21 12 711133
8 15 37589601
22 3 1222
9 14 2400
10 13 2983623
8 21 22521
11 0 1377583
9 16 25765
14 15 2724
12 11 253402
15 14 4755
13 10 371045
2 17 92
0 1 3232725
3 12 9635
1 12 2401021
4 15 31095495
2 11 8059
3 18 894
6 13 21297597
4 21 26812
7 8 99726
20 16 3032118
18 0 2719483
21 21 692707
12 2 86775
13 3 1790
1 5 59164
6 4 126518
7 1 548635
5 17 40058
19 2 1049
20 5 192289
18 21 199671
8 3 1632
9 2 254576
11 20 1445673
13 22 108898
3 0 194093
16 14 46
17 15 900935
7 20 45510880
22 20 33295
20 12 2362660
18 12 35816
21 1 524219
8 10 18595
9 11 490
10 0 2492822
8 16 1420
11 13 287419
0 22 395004
14 10 1188
12 14 98936
15 3 6202
13 15 63775
2 20 704526
0 12 225210
1 9 17992
4 2 5101
2 14 13564
5 3 1856
16 5 1632
6 8 317896
19 16 13869
17 0 157099
7 13 1973185
20 11 160
18 7 494367
21 10 33163
22 1 22910
9 12 316216
11 2 42130
9 22 2323
14 13 173871
12 5 69467
10 21 578433
15 8 28601701
13 8 154082
0 3 690818
1 2 1442530
2 9 1723
5 12 53901
3 20 266033
6 3 486692
7 10 20632
5 22 18942
20 18 1790286
16 18 72
21 19 199302
17 19 16995
14 20 2912670
13 1 6700486
2 0 2543931
