479
7 3 7537
16 9 252130
19 4 8831162
17 20 1405966
22 19 63798
20 7 1792559
18 19 682510
21 6 171012
8 5 12102
9 0 226910
10 7 798155
0 17 168306
14 1 3698
12 17 978350
15 4 9108635
13 20 4789337
3 2 1976
4 5 364
16 0 72840
19 13 344518
17 13 138433
7 22 15992
20 14 16980
18 10 71394
21 15 1050330
8 12 104029
22 12 79755
9 9 17359
10 14 2081
8 18 4222
11 15 87357
9 19 55943
14 8 40
12 8 173135
1 21 643254
15 13 122096
13 13 1319998
0 14 3419095
3 11 66840
1 15 441312
4 12 833
2 12 481018
5 1 41922
16 7 35825
6 14 22110
19 18 12930
17 6 32554
7 15 91422168
20 21 1406573
18 5 59771
21 8 39439
22 7 52440
10 9 112403
11 4 20178
9 20 8611832
14 19 16974
12 7 11928509
10 19 337103
15 10 14131
13 6 900865
0 5 17513376
1 0 2144713
4 11 128
2 7 66069
5 10 1644
3 22 38
6 1 1105
7 4 12093
5 20 724009
16 20 4217783
21 17 14746
19 1 353431
18 22 36118
8 0 781347
15 19 27710265
11 19 60351
12 20 1802342
6 18 47185
19 6 95660
17 10 56688
20 1 10534694
18 17 32477
21 4 149258
8 7 456590
9 6 79471
10 5 636856
11 8 284074
0 19 518693
14 7 21176
12 19 82503
1 18 11817
15 6 76171
13 18 146001
0 9 85214
4 7 354722
5 6 94978
16 2 7423
6 21 1429395
19 15 64685238
17 3 1538
7 16 8917
20 8 15810384
18 8 177421
21 13 3986129
9 15 1561902
10 12 263886
8 20 5399453
11 1 513588
9 17 28495
12 10 225146
10 22 23031
15 15 2646591
13 11 100174
2 16 41348
0 0 41692159
3 13 108071
1 13 2889696
2 10 35144
5 15 73330
3 19 890
6 12 573575
4 20 3481312
19 20 8919479
17 4 3169
7 9 29386
18 3 3503
21 22 6184
22 5 992
11 6 130629
14 17 708
12 1 3506791
10 17 780011
15 20 1119076
13 4 41723
0 7 3506570
1 6 90
2 5 40
5 8 14624
6 7 6559261
4 19 7987414
7 6 148712
5 18 117
16 22 175
19 3 2960
20 4 34522
18 20 74543563
8 2 4551
9 3 53818
11 21 51416
14 2 7556
12 22 4368
3 1 124557
16 13 392118
6 16 941513
19 8 137558
17 8 56495
7 21 99832427
20 3 29442
18 15 1902244
21 2 17591
9 4 172197
10 3 60922
11 10 837764
0 21 678637
14 5 453
12 13 1471210
1 16 40313
15 0 24362278
13 16 227467
0 11 1106583
3 6 83873
1 10 80
4 1 137567
5 4 5329
6 11 98969
17 1 2263264
7 18 20093
20 10 555858
18 6 94580
21 11 12879
22 0 371056
9 13 1750453
8 22 17752
11 3 844
14 12 6942
12 4 52920
10 20 8081051
15 9 1236339
13 9 62591
0 2 479949
3 15 539
1 3 95374
4 8 30902
2 8 6403
5 13 1742647
3 21 46223
6 2 1350134
4 22 3628
19 22 132075
20 17 92901
18 1 321496
16 17 668
21 20 3884823
12 3 18288
13 2 70348
1 4 14183
2 3 26222
6 5 840227
7 0 49023931
5 16 1560
16 8 145
19 5 25052
17 21 55077
22 18 1500
20 6 1084705
18 18 321044
21 7 4409023
8 4 22263
9 1 8519467
0 16 118004
14 0 34850
12 16 44535
15 5 15678
13 21 730313
16 15 273447
6 22 162340
19 10 103372
22 21 127
20 13 1051012
18 13 6707325
21 0 214424
8 11 21232
22 15 65603
9 10 71943
10 1 143088
11 12 320065
14 11 360
12 15 445908
1 22 141089
15 2 751535
13 14 1646306
2 21 16673
0 13 4435092
3 8 48
1 8 116126
2 15 62211
5 2 1953
16 6 18262
6 9 26371
19 19 34210975
17 7 379695
7 12 30016880
20 20 1907158
18 4 56412
21 9 199187
22 6 6800
10 8 249946
11 5 112372
9 21 193758
12 6 70136
10 18 24232
13 7 1688493
0 4 45406
1 1 5346
4 10 7493
2 6 212062
5 11 16269
6 0 4028575
7 5 1410764
5 21 153953
20 19 371753
16 19 22521
21 18 203171
17 18 2846
14 21 6727
15 16 6874504
13 0 16312251
11 16 11357
2 1 950552
7 2 76987
16 10 10880
19 7 337324
22 16 1420
20 0 15175851
18 16 12056
21 5 942164
8 6 81974
22 10 3157
9 7 38794104
10 4 17550
11 9 68279
0 18 8117
14 6 2070
12 18 265631
1 19 173548
15 7 779929
13 19 98148
0 8 278294
3 5 43552
4 6 31774
5 7 116798
16 1 184959
6 20 9426696
19 12 73726
17 12 150467
7 17 28806
20 15 8033355
18 11 19780
21 14 5182
8 13 152606
22 13 4829
9 8 555289
10 15 6335295
8 19 6059180
11 14 186
9 18 20906
14 9 8693
12 9 354675
1 20 1885105
15 12 85761
13 12 1902927
2 19 21715
0 15 1000808
3 10 45543
1 14 2827
4 13 151340
2 13 93620
5 0 16438538
3 16 1468
6 15 12137645
19 21 106959
17 5 8001
7 14 1084
20 22 3433
18 2 3901
22 4 650
11 7 59267
12 0 936402
10 16 75355
15 21 3161
13 5 9559870
0 6 1072851
1 7 1273606
2 4 17471
5 9 606383
6 6 17467
4 18 37672
7 7 27576443
5 19 49231
16 21 11809
21 16 25758
19 0 1575881
8 1 144344
15 18 3580907
11 18 82128
12 21 316738
16 12 9441
6 19 3186676
19 9 52
17 9 269
20 2 119402
18 14 225
21 3 3624
22 8 7105
9 5 10975
10 2 1013912
0 20 9268394
12 12 2040
1 17 387812
15 1 608357
13 17 667284
2 22 56
0 10 1603480
3 7 14385
1 11 756930
4 0 826860
16 3 204
19 14 51
17 2 1803981
7 19 1576370
20 9 824641
18 9 129186
21 12 329048
8 15 36275257
9 14 3906
10 13 3284382
8 21 13278
11 0 1011699
9 16 145977
14 15 5750
12 11 281850
15 14 628
13 10 732656
2 17 30620
0 1 3664390
3 12 117193
1 12 172900
4 15 25603096
2 11 67443
5 14 259
3 18 3064
6 13 11552657
4 21 194
7 8 22382
20 16 3124005
18 0 2715197
21 21 329943
12 2 259211
13 3 1036
1 5 120626
6 4 119970
7 1 859587
5 17 47979
19 2 35040
20 5 298696
18 21 75514
9 2 183634
11 20 1238223
14 3 1806
13 22 9852
3 0 947134
19 11 1724
17 15 605144
7 20 69709098
22 20 91924
20 12 2203031
18 12 229056
21 1 1384685
8 10 42860
22 14 96
9 11 2980
10 0 1368607
8 16 73
11 13 352245
0 22 29686
14 10 4702
12 14 8005
15 3 6781
13 15 41044
2 20 177612
0 12 1166926
3 9 160
1 9 19257
4 2 21240
2 14 2882
5 3 983
16 5 147
6 8 767931
19 16 6903
17 0 210823
7 13 3615790
20 11 17654
18 7 855424
21 10 49545
22 1 41456
9 12 239214
10 11 1714
11 2 17109
9 22 10882
14 13 145820
12 5 110609
10 21 1532416
15 8 28746055
13 8 76781
0 3 1395928
3 14 501
1 2 273396
2 9 7337
5 12 48053
3 20 452291
6 3 312653
7 10 18308
20 18 2952313
16 18 34080
21 19 263089
17 19 442549
14 20 1914738
13 1 4677364
2 0 2583220
