471
7 3 37968
16 9 180849
19 4 6873470
17 20 644867
22 19 368145
20 7 1535463
18 19 1095095
21 6 135959
8 5 25850
9 0 126230
10 7 249106
0 17 1129936
14 1 2214
12 17 274460
15 4 7793464
13 20 1138576
3 2 3000
4 5 372
16 0 63773
19 13 35529
17 13 28775
7 22 41770
20 14 4148
18 10 74283
21 15 475728
8 12 1888
22 12 1448
10 14 4902
8 18 92
11 15 615411
9 19 73707
14 8 4170
12 8 125447
1 21 45284
15 13 18649
2 18 142
0 14 2200797
3 11 258612
1 15 76229
4 12 8673
2 12 372259
5 1 11382
3 17 16586
16 7 43264
6 14 17168
19 18 8812
17 6 15694
7 15 102216575
20 21 345732
18 5 148075
21 8 34531
22 7 29342
10 9 65328
11 4 76361
9 20 5478835
14 19 10580
12 7 966658
10 19 499387
15 10 26886
13 6 522647
0 5 6744531
1 0 2854467
4 11 88
2 7 69935
5 10 2999
6 1 6980
7 4 20526
5 20 472660
16 20 4709372
21 17 13875
19 1 391549
18 22 994
8 0 878622
15 19 29316714
11 19 544754
12 20 977753
6 18 53881
19 6 102548
17 10 22784
20 1 1119553
18 17 27466
21 4 1731
8 7 344375
9 6 112249
10 5 406225
11 8 183890
0 19 1155788
14 7 18322
12 19 26976
1 18 12637
15 6 144287
13 18 19883
0 9 52628
4 7 119256
5 6 32913
16 2 6420
6 21 1134666
19 15 57230514
17 3 292
7 16 33019
20 8 12542936
18 8 103117
21 13 1827665
8 14 40
22 2 17334
9 15 1125005
10 12 210152
8 20 3763975
11 1 1579674
9 17 41956
12 10 51658
10 22 9401
13 11 239296
2 16 3438
3 13 13733
1 13 168773
2 10 85242
5 15 38971
3 19 5156
6 12 397298
4 20 2174397
19 20 7302694
17 4 29626
7 9 82270
18 3 3005
21 22 8544
22 5 48
11 6 68097
14 17 52
12 1 7583381
10 17 244727
15 20 830446
13 4 12560
0 7 3538112
1 6 2808
2 5 14260
5 8 16207
6 7 8417690
4 19 6621620
7 6 112026
5 18 1601
16 22 250
19 3 1667
20 4 49848
18 20 61801357
8 2 184
9 3 6863
11 21 42987
14 2 972
12 22 92947
3 1 170872
16 13 136888
6 16 1280837
19 8 159609
17 8 78282
7 21 84497428
20 3 8730
18 15 1098926
21 2 28300
22 9 14268
9 4 77635
10 3 42597
11 10 36607
0 21 482193
12 13 421507
1 16 40765
15 0 18617679
13 16 96222
0 11 456458
3 6 61611
1 10 80
4 1 21563
5 4 11174
16 4 52
6 11 36492
17 1 800634
7 18 10071
20 10 106990
18 6 151538
21 11 10935
22 0 13014
9 13 351229
8 22 6408
11 3 3596
14 12 17159
12 4 19313
10 20 5817783
15 9 743085
13 9 69164
0 2 472709
1 3 4616
4 8 286837
2 8 92
5 13 1353642
3 21 44610
6 2 905359
19 22 596645
20 17 3876847
18 1 186129
21 20 2539661
12 3 8810
13 2 156235
1 4 152913
2 3 556
6 5 379087
7 0 47895759
5 16 93
16 8 163
19 5 15604
17 21 4108
22 18 1560
20 6 1085593
21 7 1603053
8 4 23235
9 1 3081435
0 16 201565
14 0 26329
12 16 21120
15 5 52
13 21 1577862
16 15 254131
6 22 431739
19 10 93674
17 14 3955
22 21 1614
20 13 1736137
18 13 6712618
21 0 228119
8 11 18271
22 15 222113
9 10 223631
10 1 420
11 12 48900
14 11 5597
12 15 93146
1 22 11785
15 2 395138
13 14 1679053
2 21 20026
0 13 2125187
3 8 3000
1 8 67890
4 3 47
2 15 178238
5 2 10112
16 6 72596
6 9 5754
17 7 16998
7 12 53893729
18 4 49186
21 9 358413
22 6 8769
10 8 102080
11 5 48294
9 21 140275
14 18 40
12 6 145727
10 18 6115
15 11 40
13 7 890760
0 4 31548
4 10 11511
2 6 52261
5 11 6759
6 0 3292033
4 16 7180
7 5 1411849
5 21 98571
20 19 531749
16 19 52652
21 18 261365
17 18 616
14 21 3318
15 16 8518309
13 0 11844046
11 16 8985
2 1 235422
7 2 442339
16 10 6971
19 7 433720
22 16 1573
20 0 11057774
18 16 20564
21 5 60679
8 6 33797
22 10 7567
9 7 1938204
10 4 20597
11 9 27581
0 18 7091
14 6 861
12 18 194505
1 19 366522
15 7 1115260
13 19 149459
0 8 1262187
3 5 107
4 6 5510
5 7 115540
16 1 162468
6 20 6821758
19 12 19728
17 12 25074
7 17 39778
20 15 5055904
18 11 7842
21 14 6347
8 13 407869
22 13 12535
9 8 38120
10 15 2910751
8 19 3619420
11 14 8527
9 18 25334
14 9 4526
12 9 30406
1 20 3094330
15 12 50746
13 12 524962
2 19 1756841
0 15 272599
3 10 8340
1 14 13999
4 13 3285
2 13 55153
5 0 12264774
6 15 16210858
19 21 15125
17 5 6156
7 14 831
20 22 299007
18 2 99366
22 4 473
11 7 16422
14 16 1388
12 0 979590
10 16 376816
15 21 154
13 5 4164168
0 6 649070
1 7 168626
2 4 297
5 9 411224
4 18 1716
5 19 41766
16 21 130138
21 16 41848
19 0 1102669
17 16 4573
8 1 167828
15 18 4303078
11 18 48240
12 21 663580
16 12 8110
6 19 2574257
17 9 44260
20 2 410780
18 14 4853
21 3 812
22 8 47819
9 5 588942
10 2 439829
0 20 4685873
1 17 372196
15 1 228753
13 17 402806
2 22 858484
0 10 423569
3 7 13838
1 11 1041204
4 0 482485
16 3 104
19 14 26240
17 2 286600
7 19 1094005
20 9 527160
18 9 103094
21 12 567856
8 15 29662788
9 14 2475
10 13 896010
8 21 9464
11 0 594587
9 16 31738
14 15 5279
12 11 122011
15 14 294
13 10 1176390
2 17 8486
0 1 2806454
3 12 101825
1 12 120986
4 15 20382969
2 11 538002
3 18 1650
6 13 18477559
4 21 294
7 8 72062
20 16 4766695
18 0 1594890
14 22 38
12 2 339467
13 3 1704
1 5 4068
6 4 101577
7 1 2545694
5 17 216478
19 2 49682
20 5 18052
18 21 81187
8 3 134
9 2 113945
11 20 552188
13 22 19583
3 0 238520
16 14 104
19 11 1105
17 15 964214
7 20 53465934
22 20 18316
20 12 2290049
18 12 52266
21 1 370492
8 10 10114
9 11 6540
10 0 533726
8 16 1506
11 13 112331
0 22 138983
12 14 3780
15 3 3802
13 15 1082856
2 20 158687
0 12 2261802
3 9 4500
1 9 23169
4 2 4480
2 14 7676
5 3 1469
16 5 60
6 8 373692
19 16 11040
17 0 51564
7 13 521210
20 11 15808
18 7 307931
21 10 47328
22 1 28672
9 12 127640
10 11 65944
11 2 86472
9 22 6667
14 13 111859
12 5 23466
10 21 1996335
15 8 26794607
13 8 40852
0 3 279036
3 14 128
1 2 714147
2 9 11023
5 12 9512
3 20 329030
6 3 28475
7 10 28436
20 18 2340247
21 19 258118
17 19 494389
14 20 1999355
13 1 3472472
2 0 1821434
