462
7 3 3428
16 9 63500
19 4 5631945
17 20 466755
22 19 17576
20 7 3413042
18 19 326058
21 6 348476
8 5 30404
9 0 1165449
10 7 45809
0 17 523915
14 1 2534
12 17 139147
15 4 4352460
13 20 769826
4 5 4500
16 0 260716
19 13 12697
17 13 2418
7 22 793776
20 14 112700
18 10 71037
21 15 583186
8 12 4326
22 12 14387
9 9 8815
10 14 3001
8 18 168
11 15 191942
9 19 64607
14 8 5230
12 8 55053
1 21 20870
15 13 58928
13 13 346325
2 18 3072
0 14 742064
3 11 2515
1 15 77161
4 12 440
2 12 350591
5 1 54329
3 17 1500
16 7 20797
6 14 11932
19 18 2347
17 6 54030
7 15 85502445
20 21 339746
18 5 7992
21 8 46542
22 7 45086
10 9 759
11 4 246108
9 20 2463658
14 19 3640
12 7 224873
10 19 255994
15 10 12018
13 6 696689
0 5 5837642
1 0 717189
2 7 22064
5 10 2343
6 1 475
7 4 1370
5 20 449679
16 20 1936150
21 17 9256
19 1 131944
18 22 239
8 0 1772220
15 19 6225149
11 19 50385
12 20 705288
6 18 64846
19 6 19985
17 10 22001
20 1 698793
18 17 3551
21 4 76667
8 7 297199
9 6 65566
10 5 481909
11 8 304735
0 19 147233
14 7 4071
12 19 2047
1 18 16913
15 6 40129
13 18 96716
0 9 16849
3 4 1223
4 7 236862
5 6 6649
16 2 6558
6 21 649624
19 15 50663734
17 3 104
7 16 9943
20 8 8539804
18 8 24264
21 13 5096359
8 14 80
9 15 933092
10 12 568490
8 20 2638724
11 1 527541
9 17 12447
12 10 22086
10 22 1665
15 15 1418747
13 11 88148
2 16 2370
0 0 29696418
3 13 22853
1 13 241386
2 10 12396
5 15 73138
3 19 225
6 12 17480
4 20 1555765
19 20 5337464
17 4 47178
7 9 2131
18 3 1755
21 22 397
22 5 1540
11 6 261016
12 1 2150368
10 17 32590
15 20 1058786
13 4 69797
0 7 2898366
2 5 176
5 8 1971
6 7 12364232
4 19 5454355
7 6 36003
16 22 52
19 3 64
20 4 3068
18 20 63439351
8 2 52
9 3 1188
11 21 43350
12 22 20325
3 1 168420
16 13 77067
6 16 169616
19 8 294711
17 8 1334782
7 21 27213564
20 3 2024
18 15 679443
21 2 5447
9 4 3029
10 3 43896
11 10 59366
0 21 388724
12 13 800339
1 16 7276
15 0 11601670
13 16 28083
0 11 1108177
3 6 7979
1 10 212
4 1 27649
5 4 56
6 11 4174
17 1 312448
7 18 7445
20 10 587340
18 6 162873
21 11 63
22 0 4683
9 13 316312
8 22 3179
11 3 903
14 12 1648
12 4 8760
10 20 5313541
15 9 715675
13 9 5008
0 2 367515
1 3 4015
4 8 10814
2 8 136
5 13 1043866
3 21 5875
6 2 454914
4 22 2128
19 22 173776
7 11 320
20 17 2263476
18 1 206856
21 20 2164774
12 3 1419
13 2 47671
1 4 13187
2 3 78
6 5 522548
7 0 45623109
16 8 3743
19 5 31463
17 21 3945
22 18 63
20 6 429144
18 18 127094
21 7 407618
8 4 3627
9 1 9450283
0 16 26312
14 0 11870
12 16 9984
15 5 796
13 21 4099329
16 15 106958
6 22 35773
19 10 45767
22 21 3000
20 13 4254300
18 13 5842565
21 0 65014
8 11 80
22 15 45642
9 10 49984
10 1 1880
11 12 26100
14 11 1330
12 15 31719
1 22 7867
15 2 412059
13 14 693071
2 21 171
0 13 2458819
1 8 163517
4 3 1736
2 15 47117
5 2 2281
16 6 13047
6 9 9681
19 19 21345561
17 7 849923
7 12 2203379
20 20 2888075
18 4 16460
21 9 194474
22 6 3678
10 8 8819
11 5 3112
9 21 1667729
12 6 215421
10 18 3000
13 7 1136545
0 4 10240
1 1 6617
4 10 3476
2 6 22147
5 11 13015
6 0 2534300
7 5 1403586
5 21 19569
20 19 1169240
16 19 12603
21 18 61072
17 18 116
14 21 3684
15 16 2280160
13 0 8338385
11 16 435
2 1 83331
7 2 6403
16 10 5386
19 7 575094
17 11 3000
20 0 7109467
18 16 6263
21 5 246699
8 6 5508
22 10 10895
9 7 1179831
10 4 12062
11 9 1044
0 18 2661
14 6 102
12 18 17672
1 19 98730
15 7 1276507
13 19 9396
0 8 86814
3 5 5896
4 6 19639
5 7 287550
16 1 16491
6 20 7556679
19 12 60363
17 12 200487
7 17 26375
20 15 4431939
18 11 5864
21 14 4923
8 13 11861
22 13 4355
9 8 18051
10 15 4864564
8 19 5059763
9 18 56377
14 9 1419
12 9 4219
1 20 3831798
15 12 2723
13 12 466203
2 19 52
0 15 466135
3 10 10379
1 14 5701
4 13 17143
2 13 69507
5 0 10257237
3 16 2920
6 15 10660590
19 21 15421
17 5 758
20 22 2942
18 2 22527
22 4 267
11 7 51591
12 0 411025
10 16 334094
15 21 69
13 5 3753338
0 6 602539
1 7 307680
5 9 132811
6 6 313359
4 18 104
7 7 7454287
5 19 103428
16 21 16783
21 16 7857
19 0 3194428
17 16 1500
8 1 196700
15 18 1896998
11 18 63086
12 21 74544
16 12 2430
6 19 1516031
17 9 169
20 2 29107
21 3 340
22 8 4651
9 5 246209
10 2 496213
0 20 3360839
12 12 4499
1 17 697548
15 1 166743
13 17 6413
2 22 38
0 10 99917
3 7 6468
1 11 315230
4 0 955407
16 3 52
19 14 40
17 2 104
7 19 1495981
20 9 261555
18 9 111151
21 12 428163
8 15 27541585
22 3 53
9 14 104
10 13 961961
8 21 7601
11 0 597612
9 16 11917
14 15 9494
12 11 190061
15 14 40
13 10 218682
2 17 76
0 1 1423683
3 12 24576
1 12 71059
4 15 21354662
2 11 6591
3 18 6016
6 13 5309200
7 8 17007
20 16 983799
18 0 3242701
21 21 103059
12 2 169739
13 3 3040
1 5 992378
6 4 87808
7 1 432279
5 17 3831
19 2 8606
20 5 529282
18 21 69787
9 2 201318
11 20 331252
13 22 5668
3 0 198162
19 11 52
17 15 733644
7 20 2351723
22 20 7878
20 12 3349459
18 12 29515
21 1 306765
8 10 5453
10 0 806127
8 16 504
11 13 62412
0 22 200922
14 10 4058
12 14 4692
15 3 212
13 15 8299
2 20 650764
0 12 223404
1 9 2172
4 2 53
5 3 464
6 8 228101
19 16 168
17 0 54444
7 13 1384791
20 11 6796
18 7 556246
21 10 15562
22 1 25430
9 12 124962
10 11 160
11 2 4765
9 22 388
14 13 140436
12 5 27574
10 21 608398
15 8 18860179
13 8 33699
0 3 123696
1 2 163107
2 9 60
5 12 84633
3 20 149562
6 3 16741
7 10 11907
5 22 76
20 18 1064773
16 18 3164
21 19 47461
17 19 169376
14 20 1319370
13 1 2650532
2 0 3025430
