463
7 3 5510
16 9 125207
19 4 6254191
17 20 403060
22 19 28091
20 7 75987
18 19 461382
21 6 74391
8 5 3628
9 0 73217
10 7 66030
0 17 515559
14 1 3936
12 17 79145
15 4 7496300
13 20 1012692
3 2 30388
4 5 6666
16 0 97411
19 13 49224
17 13 5042
7 22 24200
20 14 99563
18 10 47118
21 15 443210
8 12 5822
22 12 2518
9 9 43474
8 18 1220
11 15 116139
9 19 37031
14 8 48
12 8 124356
1 21 17755
15 13 99520
13 13 217120
0 14 1899982
3 11 14324
1 15 27027
4 12 286
2 12 609410
5 1 36773
3 17 320672
16 7 38282
6 14 10319
19 18 6789
17 6 30411
7 15 84506124
20 21 50586
18 5 12170
21 8 32839
22 7 775784
10 9 3505
11 4 2624
9 20 5187219
14 19 3495
12 7 304593
10 19 423595
15 10 19489
13 6 302946
0 5 5119305
1 0 1292143
4 11 126
2 7 33673
5 10 2501
3 22 52
6 1 588
7 4 13160
5 20 433505
16 20 3252003
21 17 54707
19 1 278965
8 0 1671960
15 19 20177986
11 19 232816
12 20 367705
6 18 40348
19 6 48587
17 10 11829
20 1 939381
18 17 19733
21 4 271
8 7 217183
9 6 140973
10 5 451098
11 8 231093
0 19 142486
14 7 42139
12 19 17831
1 18 12374
15 6 60440
13 18 26569
0 9 13390
4 7 83374
5 6 5963
16 2 2101
6 21 617676
19 15 47218772
17 3 7612
7 16 15336
20 8 13375181
18 8 112134
21 13 322314
8 14 623
22 2 94
9 15 1197228
10 12 3753
8 20 2708905
11 1 826866
9 17 3697
12 10 14003
10 22 260711
15 15 1956382
13 11 247435
2 16 344
0 0 24466872
3 13 140
1 13 2604807
2 10 8458
5 15 19860
3 19 112
6 12 6801
4 20 1608727
19 20 3970128
17 4 4760
7 9 26236
18 3 1968
21 22 2987
22 5 40
11 6 150249
12 1 452639
10 17 826827
15 20 187850
13 4 33329
0 7 2854475
2 5 96
5 8 3230
6 7 21808251
4 19 5642178
7 6 65663
5 18 368
16 22 126
20 4 144111
18 20 62178706
8 2 40
9 3 390
11 21 19935
14 2 50
12 22 42714
3 1 38192
16 13 140453
6 16 999608
19 8 64136
17 8 113928
7 21 30244623
20 3 383
18 15 1038436
21 2 15506
9 4 360
10 3 24944
11 10 44269
0 21 29987
12 13 275275
1 16 110428
15 0 11524435
13 16 148615
0 11 1135060
3 6 5405
1 10 84
4 1 38162
5 4 200
16 4 48
6 11 9658
17 1 1074493
7 18 13323
20 10 176328
18 6 85770
21 11 7882
22 0 25205
9 13 379838
8 22 1714036
11 3 1660
14 12 428
12 4 1252
10 20 2419332
15 9 1165397
13 9 9427
0 2 830278
3 15 117
1 3 5194
4 8 62070
2 8 152
5 13 602784
3 21 4906
6 2 495420
4 22 60
19 22 7175
7 11 3959
20 17 328659
18 1 473776
21 20 2420911
12 3 600
13 2 40053
1 4 11563
2 3 932
6 5 28941
7 0 45949880
5 16 58673
16 8 47
19 5 16656
17 21 671
22 18 1500
20 6 478243
18 18 365072
21 7 1033005
8 4 6164
9 1 1895569
0 16 211253
14 0 18118
12 16 32594
15 5 504
13 21 51494
16 15 317005
6 22 70689
19 10 4567
20 13 3130158
18 13 6157686
21 0 78372
8 11 5421
22 15 12019
9 10 27031
10 1 146190
11 12 17629
14 11 808
12 15 105570
1 22 1481
15 2 305279
13 14 1565864
2 21 9421
0 13 2448387
1 8 275124
2 15 93750
5 2 1380
16 6 29230
6 9 196643
19 19 26123312
17 7 9584
7 12 1953494
20 20 962726
18 4 98986
21 9 126634
22 6 2014
10 8 24105
11 5 11442
9 21 57420
12 6 24921
10 18 591
13 7 215351
0 4 36280
1 1 10090
4 10 15418
2 6 48332
5 11 14483
6 0 3410582
7 5 1972570
5 21 14272
20 19 449803
16 19 62373
21 18 5616
17 18 1420
14 21 160
15 16 8693113
13 0 6063707
11 16 8071
2 1 546730
7 2 8190
16 10 5355
19 7 525898
20 0 7113864
18 16 11730
21 5 631685
8 6 14666
22 10 946
9 7 1351334
10 4 16978
11 9 10693
0 18 6154
14 6 292
12 18 28688
1 19 26033
15 7 1776519
13 19 18094
0 8 137973
3 5 40
4 6 15475
5 7 210958
16 1 33312
6 20 6910055
19 12 9034
17 12 37230
7 17 8178
20 15 2689405
18 11 4550
21 14 176
8 13 12513
22 13 5631
9 8 13627
10 15 4747019
8 19 6031790
11 14 1592
9 18 21918
14 9 80
12 9 25752
1 20 1227723
15 12 4506
13 12 600048
2 19 86
0 15 180740
3 10 1490
1 14 9340
4 13 27361
2 13 59678
5 0 9293027
3 16 1552
6 15 6206652
17 5 200
7 14 172
20 22 22035
18 2 8452
11 7 32161
12 0 884839
10 16 357066
13 5 2762854
0 6 202293
1 7 656832
2 4 56
5 9 266792
6 6 308644
4 18 47
7 7 1677809
5 19 79277
16 21 23836
21 16 23752
19 0 3168231
17 16 7260
8 1 117074
15 18 1400882
11 18 4398
12 21 139457
16 12 8174
6 19 2259552
17 9 51160
20 2 137386
21 3 1074
22 8 35668
9 5 13974
10 2 500415
0 20 4128332
12 12 3166
1 17 14924
15 1 158618
13 17 10246
0 10 96304
3 7 14414
1 11 440742
4 0 1385636
16 3 611
19 14 86
17 2 560
7 19 162086
20 9 1019879
18 9 121161
21 12 52798
8 15 32091915
22 3 40
9 14 1221
10 13 904862
8 21 344
11 0 619014
9 16 252790
14 15 5758
12 11 151345
15 14 110
13 10 134998
2 17 2007
0 1 2597852
3 12 11432
1 12 25335
4 15 18641110
2 11 2180
3 18 9457
6 13 9547613
7 8 43155
20 16 4627105
18 0 3801079
21 21 40999
12 2 23331
13 3 156
1 5 49611
6 4 64318
7 1 263260
5 17 4652
19 2 1600
20 5 2134
18 21 14870
9 2 408200
11 20 484590
13 22 4813
3 0 241104
19 11 52
17 15 367187
7 20 442971
22 20 20618
20 12 522398
18 12 30917
21 1 464462
8 10 17344
9 11 168
10 0 509747
8 16 293
11 13 50995
0 22 154176
14 10 54
15 3 543
13 15 24578
2 20 60933
0 12 908886
1 9 1867865
4 2 53
2 14 409
5 3 368
16 5 960
6 8 258798
19 16 5261
17 0 853901
7 13 138378
20 11 1027
18 7 278476
21 10 13807
22 1 7521
9 12 52743
10 11 60
11 2 15593
9 22 613
14 13 143839
12 5 129870
10 21 1312308
15 8 26922488
13 8 25872
0 3 263388
1 2 264913
2 9 552
5 12 18570
3 20 18751
6 3 25328
7 10 5128
5 22 331
20 18 802615
21 19 218708
17 19 29721
14 20 2061265
13 1 3354990
2 0 2289084
