470
7 3 2944
16 9 179104
19 4 5928983
17 20 60859
22 19 59245
20 7 171600
18 19 327371
21 6 26670
8 5 43186
9 0 227151
10 7 31098
11 22 139136
0 17 263658
14 1 1614
12 17 235566
15 4 6849898
13 20 2254653
3 2 4500
4 5 350
16 0 83020
19 13 11499
17 13 4430
7 22 11806
20 14 8997
18 10 54189
21 15 413783
8 12 2256
22 12 1230
9 9 14329
10 14 2282
8 18 1720
11 15 50074
9 19 56325
14 8 1616
12 8 176762
1 21 361126
15 13 22725
13 13 245009
2 18 60
0 14 2775567
3 11 21768
1 15 278117
4 12 3175
2 12 426578
5 1 76999
16 7 67294
6 14 25801
19 18 1644
17 6 30910
7 15 93765245
20 21 67052
18 5 3820
21 8 42372
22 7 30318
10 9 5950
11 4 1075
9 20 5233878
14 19 9743
12 7 379981
10 19 704472
15 10 383186
13 6 249900
0 5 5207638
1 0 4126233
4 11 96
2 7 36400
5 10 160
6 1 84
7 4 950
5 20 722030
16 20 3456805
21 17 27687
19 1 340283
18 22 29292
8 0 2874618
15 19 19516799
11 19 109860
12 20 560436
16 11 87
6 18 16602
19 6 84386
17 10 1180
20 1 3800339
18 17 27491
21 4 1945
8 7 526388
9 6 66922
10 5 318476
11 8 106640
0 19 179464
14 7 7963
12 19 46183
1 18 221853
15 6 51504
13 18 20998
0 9 7392
3 4 112
4 7 211088
5 6 4231
16 2 10600
6 21 573812
19 15 50305095
17 3 157
7 16 817326
20 8 15208181
18 8 101059
21 13 387186
8 14 3108
22 2 1066
9 15 1192811
10 12 73749
8 20 3079962
11 1 991276
9 17 7321
12 10 34971
10 22 4791
15 15 1151999
13 11 148196
2 16 364840
0 0 33064075
3 13 1306
1 13 382781
2 10 7047
5 15 20027
3 19 3336
6 12 21118
4 20 2023445
19 20 5447117
17 4 1150
7 9 797
18 3 946
21 22 5289
22 5 64
11 6 84198
12 1 3605868
10 17 606200
15 20 158200
13 4 3296
0 7 3902847
5 8 8319
6 7 12843552
4 19 5485745
7 6 48081
5 18 1650
19 3 4380
20 4 21922
18 20 67880115
8 2 9120
9 3 720
11 21 107928
14 2 2542
12 22 29892
3 1 24901
16 13 275319
6 16 1066679
19 8 33301
17 8 35513
7 21 25726112
20 3 6572
18 15 904798
21 2 3398
9 4 572
10 3 10731
11 10 80576
0 21 310574
12 13 368852
1 16 11889
15 0 11788745
13 16 71184
0 11 994303
3 6 15789
4 1 62437
5 4 116
6 11 246816
17 1 72326
7 18 5939
20 10 3121909
18 6 88016
21 11 1766
22 0 2093693
9 13 306395
10 10 1420
8 22 71280
11 3 6351
14 12 5799
12 4 225
10 20 3939029
15 9 558703
13 9 7009
0 2 395369
3 15 7716
1 3 11096
4 8 31532
2 8 6858
5 13 630358
3 21 2458
6 2 404590
4 22 1960
19 22 11649
7 11 5143
20 17 83598
18 1 296498
16 17 376
21 20 4077182
12 3 625
13 2 32312
1 4 6361
2 3 40
6 5 84290
7 0 46435946
16 8 4139
19 5 1487
17 21 4465
22 18 52
20 6 558561
18 18 133523
21 7 1134981
8 4 17953
9 1 712966
0 16 135290
14 0 29406
12 16 24569
15 5 1739
13 21 113789
16 15 210399
6 22 34476
19 10 14360
17 14 135
22 21 44
20 13 4381008
18 13 8170251
21 0 322468
8 11 22660
22 15 27162
9 10 34323
10 1 170088
11 12 22457
14 11 2931
12 15 109923
1 22 39953
15 2 440891
13 14 1323136
2 21 12298
0 13 2754459
1 8 173198
2 15 69689
16 6 17808
6 9 6739
19 19 26366237
17 7 263690
7 12 272348
20 20 1784663
18 4 89212
21 9 913581
22 6 2201
10 8 36958
11 5 14624
9 21 112612
12 6 333483
10 18 9629
13 7 619537
0 4 45258
1 1 3142
4 10 49693
2 6 23473
5 11 10996
6 0 2211674
7 5 1298454
5 21 40040
20 19 224300
16 19 31623
21 18 170733
17 18 3071
14 21 1640
15 16 7096503
13 0 8192129
11 16 112567
2 1 98499
7 2 9804
16 10 12623
19 7 756896
17 11 2472970
20 0 8077077
18 16 4644
21 5 1207687
8 6 47988
22 10 11238
9 7 409981
10 4 5621
11 9 2984
0 18 11393
14 6 4106
12 18 8614
1 19 440472
15 7 986265
13 19 30403
0 8 300934
3 5 38
4 6 7050
5 7 88530
16 1 38401
6 20 6116060
19 12 23762
17 12 26896
7 17 21449
20 15 3929438
18 11 4259
21 14 3427
8 13 282742
22 13 443
9 8 3982
10 15 3242728
8 19 8002535
11 14 545
9 18 21964
14 9 200
12 9 3800
1 20 1530030
15 12 2911
13 12 791016
2 19 1636
0 15 310731
3 10 2253
1 14 3294
4 13 3856
2 13 76548
5 0 10290933
3 16 4420
6 15 6736465
19 21 11544
17 5 914
20 22 12704
18 2 4058
22 4 546
11 7 22866
12 0 789334
10 16 418775
15 21 115
13 5 3412166
0 6 268164
1 7 37599
2 4 303
5 9 194947
6 6 442812
7 7 783997
5 19 53988
16 21 14077
21 16 11811
19 0 3031998
17 16 143
8 1 249806
15 18 1714244
11 18 733
12 21 589813
16 12 6895
6 19 2287999
20 2 192657
18 14 1440
21 3 1222
22 8 2866
9 5 3688
10 2 30023
0 20 5270683
12 12 2590
1 17 190638
15 1 322349
13 17 4420
2 22 1092
0 10 288563
3 7 17052
1 11 619464
4 0 1136122
16 3 118
19 14 40
17 2 199
7 19 339984
20 9 538804
18 9 110141
21 12 277503
8 15 38509239
9 14 12282
10 13 1413674
8 21 2206
11 0 735505
9 16 24539
14 15 5946
12 11 89166
15 14 300
13 10 108117
2 17 47
0 1 2595229
3 12 11643
1 12 46567
4 15 19926579
2 11 179
3 18 4259
6 13 8746241
4 21 382
7 8 26125
20 16 2620273
18 0 3943500
21 21 97825
12 2 97098
1 5 601066
6 4 47676
7 1 235600
5 17 18585
19 2 530
20 5 10365
18 21 20149
9 2 188487
11 20 187775
14 3 80
13 22 1270
3 0 178643
19 11 150
17 15 417681
7 20 226527
22 20 23116
20 12 393615
18 12 40592
21 1 515589
8 10 8707
9 11 1500
10 0 647731
8 16 52
11 13 62857
0 22 149204
14 10 5801
12 14 635
15 3 128
13 15 214704
2 20 110037
0 12 48796
1 9 10506
4 2 5714
2 14 148508
6 8 301198
19 16 180
17 0 178528
7 13 831471
20 11 17917
18 7 674788
21 10 23404
22 1 20977
9 12 75986
10 11 284
11 2 5809
9 22 539
14 13 96395
12 5 1059
10 21 1753527
15 8 26160528
13 8 38262
0 3 837584
3 14 1440
1 2 254222
5 12 16619
3 20 268892
6 3 239840
7 10 5784
5 22 128
20 18 1065480
16 18 15700
21 19 98611
17 19 46415
14 20 2453026
13 1 4349204
11 17 950265
2 0 2472830
