475
7 3 22028
16 9 20541
19 4 27447386
17 20 412335
22 19 171591
20 7 3862849
18 19 127415
21 6 2202382
8 5 25908
9 0 3856599
10 7 302439
0 17 1413719
14 1 5084
12 17 162160
15 4 593197
13 20 3031634
3 2 26375
4 5 18096
16 0 1730020
19 13 1128520
17 13 734255
7 22 125134
20 14 20127
21 15 249099
8 12 402065
22 12 10191
9 9 2677095
10 14 8616
8 18 112341
11 15 700
9 19 87278
14 8 4288
12 8 226679
1 21 5118247
15 13 185947
13 13 203264
2 18 2281
0 14 4766
3 11 57930
1 15 1412176
4 12 22686
2 12 1158504
5 1 77870
3 17 7338
16 7 11740
6 14 1632
19 18 1407926
17 6 462346
7 15 1021836
20 21 2044808
18 5 62748
21 8 83447
22 7 39467
10 9 3104688
11 4 263884
9 20 1777015
14 19 1514
12 7 4165356
10 19 804967
13 6 9491479
0 5 527585
1 0 7985658
4 11 350753
2 7 472456
3 22 3565
4 17 153117
7 4 22696732
5 20 6912327
16 20 844932
21 17 472979
19 1 1362454
18 22 48733
8 0 33311563
15 19 1600661
11 19 913280
12 20 2067496
16 11 6033
6 18 442241
19 6 1240414
20 1 2093370
18 17 83363
21 4 47505
8 7 157595
9 6 6128000
10 5 1115952
11 8 1409732
0 19 1298335
14 7 8328
12 19 1340929
1 18 1906611
15 6 545913
13 18 1047142
0 9 1986378
3 4 5920
4 7 349943
5 6 336013
16 2 420
6 21 2385493
19 15 310576
17 3 452
7 16 8340
20 8 29857132
18 8 120963
21 13 888715
8 14 556
22 2 769500
9 15 198340
10 12 3452140
8 20 14469655
11 1 1108071
9 17 499528
10 22 39639
15 15 5034
13 11 640782
2 16 334
0 0 40703693
3 13 36610
1 13 14585288
4 14 47
5 15 7404
3 19 218357
6 12 6211303
4 20 16308861
19 20 23798399
17 4 485708
7 9 1121721
18 3 21670
21 22 141346
22 5 12194
11 6 2281043
14 17 2968
12 1 132544
10 17 667371
15 20 1389289
13 4 83750
0 7 3823019
2 5 202611
5 8 20009
6 7 34040695
4 19 15918241
7 6 502653
5 18 48535
16 22 1500
19 3 26589
20 4 262430
18 20 21723944
8 2 166308
9 3 91488
11 21 300729
14 2 23629
12 22 51609
3 1 33549
16 13 389081
6 16 121521
19 8 1207285
17 8 357353
7 21 974297
20 3 74209
18 15 86218
21 2 87291
8 9 633
22 9 5957
9 4 26258
0 21 2296192
14 5 5833
12 13 1962778
1 16 144186
15 0 401316
13 16 22654
0 11 1533393
3 6 11860
4 1 69438
5 4 44115
16 4 4464
6 11 473945
19 17 1002000
17 1 366201
7 18 400375
18 6 847467
21 11 417362
22 0 91349
9 13 706327
8 22 11296
11 3 9518
14 12 25864
12 4 463158
10 20 3995828
15 9 24260
13 9 186035
0 2 789791
3 15 160559
1 3 43020
4 8 462976
2 8 14251
5 13 5604100
3 21 129045
6 2 4383840
4 22 34272
19 22 275790
7 11 846315
20 17 866288
18 1 375541
16 17 7224
21 20 2633940
12 3 107536
13 2 219358
1 4 1032096
2 3 6134
6 5 286868
7 0 4193488
5 16 104
16 8 1549
19 5 14121
17 21 258186
22 18 250855
20 6 10914306
18 18 580225
21 7 783019
8 4 3681901
9 1 554754
0 16 28466
14 0 1209702
12 16 8748
15 5 12375
13 21 2892201
16 15 9061
6 22 90022
17 14 543
22 21 65930
20 13 3196584
18 13 12453519
21 0 1989258
8 11 581967
8 17 627523
11 12 137565
14 11 23621
12 15 475986
1 22 1062171
15 2 332847
13 14 1704263
2 21 640686
0 13 7554570
3 8 52
1 8 904595
4 3 248
2 15 546886
5 2 7220
16 6 154327
6 9 309085
19 19 62638942
17 7 84223
7 12 9552361
20 20 574486
18 4 165222
21 9 2152995
22 6 261297
10 8 192794
11 5 195395
9 21 2873319
14 18 5684
12 6 1464197
10 18 723137
13 7 4431061
0 4 777355
2 6 5458038
5 11 64775
6 0 2085714
4 16 859
7 5 1703633
5 21 198260
20 19 2477116
16 19 1375
21 18 234210
17 18 132104
14 21 4508
15 16 2008
13 0 19007160
11 16 3161
2 1 231949
7 2 44353
19 7 5563304
17 11 358
22 16 48
20 0 2395040
18 16 5432
21 5 1253359
8 6 569553
9 7 4712979
10 4 80774
11 9 135631
0 18 873662
14 6 15332
12 18 239837
1 19 1709621
15 7 2684125
13 19 244769
0 8 506546
3 5 15135
4 6 806477
5 7 123644
16 1 14709
6 20 3735914
19 12 349216
17 12 83026
7 17 2581703
20 15 2774927
18 11 185916
21 14 212
8 13 351964
22 13 31986
9 8 48093
10 15 383831
8 19 17216241
11 14 1921
9 18 37281573
14 9 1483
12 9 429634
1 20 15885879
15 12 309023
13 12 1991891
2 19 41144
0 15 660801
1 14 29731
4 13 108903
2 13 546502
5 0 14619589
3 16 73
6 15 444889
19 21 109752
17 5 28413
7 14 2731245
20 22 17041
18 2 46790
22 4 224109
11 7 64018
12 0 1268642
10 16 407289
15 21 120369
13 5 22521450
0 6 7631382
1 7 1969554
2 4 5164
5 9 33452
6 6 481
4 18 69548
7 7 9456641
5 19 17457
16 21 33186
21 16 18111
19 0 55331876
17 16 286
8 1 179489
15 18 65782
11 18 697162
12 21 630368
16 12 18015
6 19 1223256
19 9 8460
17 9 1394561
20 2 1134685
18 14 895
21 3 31065
22 8 80336
9 5 24985683
10 2 301724
0 20 14067067
12 12 78064
1 17 4638005
15 1 234634
13 17 2251289
2 22 7501
3 7 496100
1 11 3336965
4 0 36172791
16 3 60
19 14 52
17 2 24519
7 19 46926609
20 9 6588000
18 9 136578
21 12 1224582
8 15 102676
22 3 52
9 14 1115
10 13 5716193
8 21 128186
11 0 2254732
9 16 4173144
14 15 2028
12 11 855062
15 14 12029
2 17 11807
0 1 4249576
3 12 537761
1 12 3776812
4 15 168668
2 11 203829
3 18 39458
6 13 8314482
4 21 60365
7 8 30244609
20 16 4325315
18 0 55244064
21 21 313646
14 22 38
12 2 214996
13 3 1524
1 5 847826
6 4 480634
7 1 514666
5 17 1015336
19 2 55705
20 5 403133
18 21 177642
8 3 3000
9 2 151134
11 20 965882
14 3 1290
13 22 77343
3 0 545152
6 17 236939
19 11 370659
17 15 64
7 20 3931593
22 20 81984
20 12 3557604
18 12 81924
21 1 139635
9 11 269175
10 0 2849199
8 16 144
11 13 990740
0 22 505958
12 14 21950
15 3 3434
13 15 656655
2 20 699560
0 12 1279459
3 9 85202
1 9 5782282
4 2 11323
2 14 743943
5 3 556
16 5 1605
6 8 243159
19 16 305
17 0 958534
7 13 8184090
20 11 1728509
18 7 203086
22 1 43163
9 12 534116
10 11 714946
11 2 192837
9 22 268698
14 13 295280
12 5 382807
10 21 2466525
15 8 957306
13 8 139552
0 3 409433
1 2 2821116
4 9 4662
2 9 7663
5 12 42111
3 20 111592
6 3 1040
5 22 6596
20 18 33507007
16 18 2658
21 19 91678
17 19 2942691
14 20 334365
13 1 2369451
2 0 1815495
