462
7 3 17519
16 9 240331
19 4 4783433
17 20 79923
22 19 25538
20 7 146412
18 19 362729
21 6 34524
8 5 9188
9 0 168623
10 7 20239
11 22 346937
0 17 1986610
14 1 303
12 17 1011
15 4 5830377
13 20 2208073
3 2 10678
4 5 8026
16 0 45379
19 13 144040
17 13 52812
7 22 785935
20 14 8346
18 10 124750
21 15 380655
8 12 1166
22 12 1201
9 9 15353
8 18 127
11 15 7231
9 19 33090
12 8 166733
1 21 44542
15 13 41721
13 13 186174
2 18 744
0 14 1312489
3 11 38212
1 15 450311
4 12 838
2 12 445136
5 1 16195
16 7 30551
6 14 10677
19 18 3052
17 6 22821
7 15 85582014
20 21 540197
18 5 51996
21 8 32204
22 7 55099
10 9 302
11 4 1903
9 20 2642575
14 19 6022
12 7 1262846
10 19 456947
15 10 16557
13 6 821699
0 5 5045750
1 0 3015363
2 7 26811
5 10 4514
3 22 56
6 1 118
7 4 677
5 20 1192483
16 20 2104802
21 17 8902
19 1 179071
18 22 193921
8 0 1918751
15 19 12983960
11 19 195602
12 20 909694
16 11 55
6 18 25461
19 6 30442
17 10 28232
20 1 1120087
18 17 4383
21 4 7589
8 7 210729
9 6 135103
10 5 35346
11 8 112533
0 19 545836
14 7 3473
12 19 31708
1 18 11271
15 6 109832
13 18 14761
0 9 37921
4 7 177550
5 6 21946
16 2 3898
6 21 1101337
19 15 47705459
17 3 325
7 16 13219
20 8 10121180
18 8 52551
21 13 445723
22 2 59
9 15 1603027
10 12 6750
8 20 6438130
11 1 997776
9 17 6081
12 10 72888
10 22 468
15 15 954373
13 11 60430
2 16 4928
0 0 26097105
3 13 230
1 13 1463106
4 14 40
2 10 20767
5 15 42697
3 19 5689
6 12 6187
4 20 1422741
19 20 4887167
17 4 49
7 9 23666
18 3 476
21 22 5035
22 5 14549
11 6 33532
12 1 2761369
10 17 30294
15 20 350792
13 4 1896
0 7 3025353
2 5 56
5 8 21240
6 7 12141144
4 19 5754646
7 6 51903
5 18 1032
19 3 38860
20 4 5230
18 20 61715827
9 3 772
11 21 7514
12 22 48017
3 1 23162
16 13 111906
6 16 1133131
19 8 22489
17 8 24747
7 21 32945379
20 3 847
18 15 1246891
21 2 3000
8 9 40
9 4 2432
10 3 154673
11 10 20103
0 21 21541
14 5 62
12 13 113028
1 16 14122
15 0 9045832
13 16 316945
0 11 1241104
3 6 70056
1 10 1478
4 1 37294
5 4 14670
6 11 21947
17 1 414436
7 18 13571
20 10 417109
18 6 164298
21 11 2579
22 0 9674
9 13 412273
8 22 14043
11 3 844
14 12 735
12 4 42702
10 20 1773173
15 9 391940
13 9 5468
0 2 420059
1 3 2838
4 8 76287
5 13 1214756
3 21 5004
6 2 755625
4 22 52
19 22 67829
7 11 127
20 17 923435
18 1 601743
16 17 104
21 20 2456393
12 3 615
13 2 58229
1 4 19266
2 3 260
6 5 356401
7 0 43743162
5 16 40
16 8 8426
19 5 1799
17 21 6683
20 6 372134
18 18 104276
21 7 460057
8 4 34682
9 1 5176355
0 16 12602
14 0 24241
12 16 81790
15 5 3947
13 21 40553
16 15 125424
6 22 129249
19 10 115461
17 14 336
20 13 8154663
18 13 5814721
21 0 251989
8 11 760
22 15 22827
9 10 44357
10 1 64790
11 12 72723
14 11 358
12 15 86438
1 22 909
15 2 393066
13 14 997418
2 21 356
0 13 2680464
3 8 7518
1 8 610979
2 15 74796
5 2 114
16 6 13794
6 9 525
19 19 21924931
17 7 4814
7 12 251452
20 20 3530706
18 4 366
21 9 70007
22 6 72422
10 8 61475
11 5 2037
9 21 224588
12 6 184748
10 18 1120
13 7 456916
0 4 12452
1 1 40667
4 10 1190
2 6 10076
5 11 1515
6 0 2078378
7 5 1200853
5 21 17678
20 19 743390
16 19 18504
21 18 215929
17 18 5706
14 21 2727
15 16 3207065
13 0 6521328
11 16 732
2 1 51559
7 2 12731
16 10 6104
19 7 452330
17 11 1781646
22 16 1560
20 0 8695525
18 16 2140
21 5 91514
8 6 23774
22 10 360
9 7 467635
10 4 843
11 9 3970
0 18 20404
12 18 9170
1 19 278843
15 7 1038331
13 19 31016
0 8 88748
3 5 7556
4 6 8134
5 7 222736
16 1 21707
6 20 5138532
19 12 9804
17 12 10168
7 17 1776
20 15 4495016
18 11 2040
21 14 1556
8 13 17162
22 13 10491
9 8 8630
10 15 2608720
8 19 6100645
11 14 70
9 18 22076
14 9 183
12 9 5144
1 20 846615
15 12 3190
13 12 210152
2 19 618
0 15 149765
3 10 91644
1 14 6179
4 13 8308
2 13 69644
5 0 8938215
6 15 4897402
19 21 219
7 14 52
20 22 5863
18 2 2383
22 4 49
11 7 13621
12 0 572891
10 16 615065
13 5 2967733
0 6 464309
1 7 751149
5 9 176021
6 6 191565
4 18 3516
7 7 1560417
5 19 43479
16 21 8698
21 16 12343
19 0 2290468
17 16 1489
8 1 36134
15 18 1482335
11 18 2924
12 21 43841
16 12 2818
6 19 1819762
20 2 60118
21 3 1532
22 8 2099
9 5 2221
10 2 48331
0 20 6855581
14 4 48
12 12 3675
1 17 547228
15 1 205538
13 17 8219
0 10 513544
3 7 15683
1 11 487228
4 0 647618
16 3 156
19 14 7460
17 2 52
7 19 62878
20 9 230034
18 9 80022
21 12 134766
8 15 29681317
22 3 96
9 14 4270
10 13 998494
8 21 735
11 0 407236
9 16 13978
14 15 332
12 11 76824
13 10 157258
2 17 38
0 1 1733340
3 12 26432
1 12 37635
4 15 23810359
2 11 471725
3 18 4942
6 13 5503565
7 8 94800
20 16 1980963
18 0 3933201
21 21 17376
12 2 64087
1 5 339926
6 4 109798
7 1 262992
19 2 93
20 5 3666
18 21 37144
8 3 3753
9 2 742256
11 20 306156
13 22 9404
3 0 32881
19 11 59
17 15 625464
7 20 224666
22 20 16679
20 12 1640379
18 12 31228
21 1 466537
8 10 11737
9 11 326
10 0 549550
8 16 132
11 13 45767
0 22 152048
14 10 45
12 14 20836
15 3 590
13 15 57410
2 20 137372
0 12 276027
1 9 3342
4 2 231
2 14 275
6 8 279524
19 16 126
17 0 188312
7 13 419450
20 11 1644
18 7 585240
21 10 21063
22 1 9628
9 12 79850
10 11 265
11 2 8303
9 22 497
14 13 96457
12 5 65651
10 21 1262777
15 8 21124690
13 8 34809
0 3 169722
1 2 245038
2 9 686
5 12 339
3 20 38889
6 3 25888
7 10 59761
5 22 536
20 18 776390
16 18 1616
21 19 63041
17 19 340003
14 20 1681357
13 1 2924004
11 17 238239
2 0 3283087
