488
7 3 43528
16 9 312876
19 4 9003873
17 20 1252377
22 19 110469
20 7 435312
18 19 931820
21 6 178284
8 5 7125
9 0 280288
10 7 102790
0 17 446036
14 1 7316
12 17 835855
15 4 9380524
13 20 5159420
3 2 3040
4 5 1556
16 0 111830
19 13 255153
17 13 104560
7 22 211281
20 14 12564
18 10 100523
21 15 860463
8 12 3522
22 12 52
9 9 37492
10 14 9977
8 18 11314
11 15 52554
9 19 168797
14 8 96
12 8 87694
1 21 233692
15 13 54927
13 13 731673
2 18 764
0 14 2722670
3 11 6384
1 15 473195
4 12 9996
2 12 795150
5 1 38810
3 17 4911
16 7 88698
6 14 31786
19 18 4963
17 6 249602
7 15 3666624
20 21 803647
18 5 35343
21 8 27784
22 7 32931
10 9 247367
11 4 191452
9 20 4363956
14 19 2075
12 7 1512459
10 19 433540
15 10 68602
13 6 531593
0 5 14115321
1 0 2439630
4 11 48
2 7 27563
5 10 16128
3 22 90
6 1 9170
7 4 10134
5 20 738018
16 20 3651205
21 17 9218
19 1 304998
17 17 5287
18 22 2337
8 0 2226293
15 19 30864269
11 19 383192
12 20 1856083
6 18 22253
19 6 89614
17 10 7515
20 1 4852518
18 17 29798
21 4 148948
8 7 1667427
9 6 105209
10 5 476538
11 8 347438
0 19 392726
14 7 22827
12 19 27060
1 18 22413
15 6 60728
13 18 18065
0 9 29760
4 7 227081
5 6 11708
16 2 4664
6 21 1801089
19 15 49734192
17 3 168
7 16 82476
20 8 15452124
18 8 28455
21 13 4364416
8 14 293
22 2 6410
9 15 2376975
10 12 265245
8 20 2986463
11 1 759332
9 17 65420
12 10 328402
10 22 316565
15 15 2759254
13 11 58860
2 16 17396
0 0 41220229
3 13 10540
1 13 652443
4 14 48
2 10 82297
5 15 85711
3 19 1780
6 12 134980
4 20 2170879
19 20 6586506
17 4 4430
7 9 1680184
18 3 496
21 22 23840
22 5 2952
11 6 160939
12 1 4220949
10 17 628862
15 20 591123
13 4 32360
0 7 2386006
1 6 115
2 5 305353
5 8 21134
6 7 11681934
4 19 6244952
7 6 121619
5 18 1540
19 3 11254
20 4 15115
18 20 62724008
8 2 207
9 3 4436
11 21 63201
14 2 804
12 22 19457
3 1 107261
16 13 254774
6 16 1000786
19 8 97694
17 8 109070
7 21 49973308
20 3 178913
18 15 1243576
21 2 51671
8 9 40
9 4 161020
10 3 33312
11 10 399323
0 21 503786
14 5 2632
12 13 939595
1 16 116794
15 0 19629358
13 16 30352
0 11 723953
3 6 127635
1 10 1478
4 1 465880
5 4 729
16 4 1468
6 11 189114
17 1 677984
7 18 15882
20 10 441510
18 6 123665
21 11 36644
22 0 6084
9 13 503314
10 10 8277
8 22 3630
11 3 104
14 12 19885
12 4 75900
10 20 7638397
15 9 1078787
13 9 50641
0 2 440470
3 15 120
1 3 9969
4 8 80675
2 8 6275
5 13 1481614
3 21 11555
6 2 884812
4 22 10982
19 22 5082
7 11 11008
20 17 44386
18 1 613135
21 20 41317535
12 3 2658
13 2 222652
1 4 5632
2 3 252
6 5 618504
7 0 3565997
5 16 281
16 8 180
19 5 11516
17 21 55273
22 18 1500
20 6 893025
18 18 126672
21 7 1299883
8 4 30175
9 1 5256868
0 16 142828
14 0 44027
12 16 48254
15 5 10927
13 21 327474
16 15 356835
6 22 82699
19 10 27962
17 14 38
22 21 139
20 13 1649721
18 13 8144766
21 0 149801
8 11 10309
22 15 195219
9 10 454912
10 1 2132
11 12 68152
14 11 40
12 15 307024
1 22 39153
15 2 319222
13 14 1854403
2 21 15573
0 13 4973579
3 8 156
1 8 186618
2 15 32354
5 2 13402
16 6 124204
6 9 9343
19 19 34057823
17 7 352226
7 12 3430897
20 20 2921295
18 4 14200
21 9 551504
22 6 8382
10 8 99927
11 5 23029
9 21 301042
12 6 103340
10 18 4536
13 7 2254851
0 4 32402
1 1 46465
4 10 6548
2 6 35716
5 11 29708
6 0 4633925
4 16 80
7 5 1556961
5 21 484277
20 19 310517
16 19 17947
21 18 60513
17 18 2972
14 21 5451
15 16 6332881
13 0 12829248
11 16 1613
2 1 912999
7 2 51693
16 10 19492
19 7 670887
17 11 3507
20 0 11122060
18 16 7069
21 5 208942
8 6 35640
22 10 8274
9 7 1509906
10 4 16872
11 9 3734
0 18 12306
14 6 221
12 18 15201
1 19 304783
15 7 740470
13 19 1275626
0 8 288430
3 5 6012
4 6 20885
5 7 191103
16 1 149500
6 20 11430125
19 12 97297
17 12 467507
7 17 183836
20 15 7650980
18 11 17770
21 14 9110
8 13 102033
22 13 3591
9 8 94570
10 15 3892603
8 19 4909442
11 14 4991
9 18 19464
14 9 167
12 9 38245
1 20 2069049
15 12 3256
13 12 875173
2 19 28692
0 15 1624381
3 10 180139
1 14 3209
4 13 43516
2 13 203248
5 0 16533360
3 16 66800
6 15 10640439
19 21 7620
17 5 330656
7 14 108
20 22 13779
18 2 16982
22 4 24784
11 7 39754
12 0 947616
10 16 281903
13 5 7527959
0 6 1456420
1 7 339799
2 4 288
5 9 336320
6 6 599546
4 18 104
7 7 4029114
5 19 202862
16 21 26074
21 16 169131
19 0 2717276
8 1 805441
15 18 2987943
11 18 12929
12 21 233310
16 12 5589
6 19 4567592
17 9 1092612
20 2 690144
18 14 200
21 3 1605
22 8 4523
9 5 12669
10 2 491741
0 20 8400260
12 12 2460
1 17 755822
15 1 842701
13 17 37419
2 22 112
0 10 609677
3 7 19119
1 11 335480
4 0 616270
16 3 4456
19 14 5015
17 2 5795
7 19 1151080
20 9 2094475
18 9 112716
21 12 275265
8 15 36573405
22 3 136
9 14 1457
10 13 2678091
8 21 18348
11 0 1339944
9 16 49713
14 15 5807
12 11 206893
15 14 2172
13 10 252589
2 17 5587
0 1 3236418
3 12 32868
1 12 127063
4 15 24808907
2 11 5681
5 14 196
3 18 4500
6 13 12876953
4 21 3420
7 8 148906
20 16 3544465
18 0 3761679
21 21 591773
14 22 620
12 2 74869
13 3 13412
1 5 25024
6 4 202996
7 1 687738
5 17 193747
19 2 51871
20 5 443727
18 21 27440
8 3 7100
9 2 141126
11 20 785730
13 22 13648
3 0 600866
19 11 688
17 15 637345
7 20 6845178
22 20 205819
20 12 1519431
18 12 37416
21 1 1212279
8 10 9106
22 14 15560
9 11 19650
10 0 1410840
8 16 5034
11 13 245979
0 22 30441
14 10 2328
12 14 14229
15 3 763
13 15 116551
2 20 596471
0 12 991464
3 9 16908
1 9 64926
4 2 5306
2 14 6073
5 3 1627
16 5 95
6 8 469959
19 16 1516
17 0 224204
7 13 13251617
20 11 110699
18 7 876746
21 10 56667
22 1 41245
9 12 4238835
10 11 157311
11 2 5141
9 22 3612
14 13 144170
12 5 315686
10 21 1617428
15 8 30047941
13 8 45972
0 3 603456
1 2 660670
2 9 117
5 12 50116
3 20 357247
6 3 156797
7 10 25718
5 22 1632
20 18 1874627
16 18 2498
21 19 132470
17 19 488124
14 20 2603343
13 1 5109839
2 0 4327889
