468
7 3 9812
16 9 265748
19 4 8286413
17 20 264449
22 19 91498
20 7 503478
18 19 743743
21 6 109309
8 5 5989
9 0 266320
10 7 597964
0 17 478053
14 1 4614
12 17 799107
15 4 8925382
13 20 2694388
3 2 59
4 5 236
16 0 87870
19 13 503899
17 13 100622
7 22 10206
20 14 6261
18 10 104172
21 15 875648
8 12 9868
22 12 3292
10 14 2485
8 18 3314
11 15 53421
9 19 131223
14 8 250
12 8 54559
1 21 177293
15 13 23191
0 14 2349429
3 11 6152
1 15 142582
4 12 596
2 12 507611
5 1 60188
3 17 1734
16 7 36335
6 14 13263
19 18 1795
17 6 207191
7 15 3348098
20 21 1141093
18 5 20164
21 8 45098
22 7 32727
10 9 176530
11 4 16762
9 20 3044432
14 19 4163
12 7 472812
10 19 283746
15 10 38297
13 6 679693
0 5 11297589
1 0 2021009
4 11 136
2 7 14481
5 10 6893
6 1 164928
7 4 17347
5 20 545330
16 20 3351512
21 17 18920
19 1 338490
18 22 13441
8 0 1945210
15 19 26553627
11 19 188667
12 20 1549446
16 11 40
6 18 20132
19 6 103388
17 10 23971
20 1 2270257
18 17 8868
21 4 47710
8 7 476970
9 6 57202
10 5 1045089
11 8 247369
0 19 404798
14 7 16426
12 19 45754
1 18 7346
15 6 82851
13 18 15807
0 9 17847
4 7 294825
5 6 11098
16 2 4172
6 21 2150099
19 15 54357016
17 3 78
7 16 460990
20 8 16248418
18 8 64504
21 13 3870021
8 14 1500
22 2 1484
9 15 1532556
10 12 181906
8 20 2786977
11 1 623821
9 17 3862
12 10 331558
10 22 5695
13 11 64690
2 16 23354
3 13 15027
1 13 847236
2 10 48157
5 15 69902
3 19 4548
6 12 122639
4 20 2392225
19 20 5803072
17 4 7533
7 9 1949121
18 3 761
21 22 12524
22 5 294
11 6 345893
12 1 5164748
10 17 566947
15 20 676566
13 4 26656
0 7 1300784
1 6 294
2 5 4501
5 8 13956
6 7 11321430
4 19 7822885
7 6 124628
5 18 1540
16 22 40
19 3 92
20 4 20105
18 20 64406475
8 2 552
9 3 5314
11 21 26030
14 2 784
12 22 21224
3 1 177663
16 13 113917
6 16 1151597
19 8 90109
17 8 55102
7 21 18216071
20 3 19600
18 15 1414126
21 2 41420
9 4 2200
10 3 33649
11 10 329913
0 21 557966
14 5 1290
12 13 852727
1 16 5929
15 0 15892310
13 16 42166
0 11 750095
3 6 58933
4 1 431359
5 4 40
16 4 60
6 11 435975
17 1 180332
7 18 15788
20 10 724297
18 6 159726
21 11 1606
22 0 2557
9 13 1631514
8 22 6540
11 3 1514
14 12 49105
12 4 27134
10 20 8693834
15 9 909856
13 9 71914
0 2 554325
3 15 60000
1 3 6086
4 8 17708
2 8 191
5 13 1847851
3 21 76519
6 2 799755
4 22 15343
19 22 23651
7 11 6641
20 17 81233
18 1 919165
16 17 202
21 20 37149950
12 3 4806
13 2 459187
1 4 9665
6 5 876978
7 0 3320412
16 8 1500
19 5 9216
17 21 11590
22 18 4500
20 6 950877
21 7 2046159
8 4 9174
9 1 6073407
0 16 57297
14 0 20879
12 16 35582
15 5 3384
13 21 280352
16 15 258176
6 22 80768
19 10 34390
17 14 69
22 21 4644
20 13 1876970
18 13 6142900
21 0 177398
8 11 13137
22 15 28860
9 10 68586
10 1 187690
11 12 77752
14 11 3050
12 15 60085
1 22 97940
15 2 322264
13 14 1906887
2 21 96082
0 13 4398817
1 8 152002
2 15 825102
5 2 264
16 6 127662
6 9 6507
17 7 431115
7 12 3302242
18 4 59766
21 9 357627
22 6 12184
10 8 75412
11 5 19291
9 21 296210
12 6 107234
10 18 20720
13 7 2286550
0 4 38563
4 10 60798
2 6 23906
5 11 18796
6 0 3387039
4 16 52
7 5 1485020
5 21 106955
20 19 556471
16 19 12452
21 18 381547
17 18 116
14 21 19861
15 16 5934602
13 0 11567415
11 16 4544
2 1 178275
7 2 57881
16 10 28787
19 7 768114
17 11 4953
20 0 11971946
18 16 7188
21 5 188620
8 6 19830
22 10 13760
9 7 939804
10 4 86338
11 9 13655
0 18 16126
14 6 264
12 18 44750
1 19 1086052
15 7 1107509
13 19 1261963
0 8 202040
3 5 8868
4 6 23572
5 7 120799
16 1 132703
6 20 11073499
19 12 1198
17 12 68154
7 17 199773
20 15 7152302
18 11 10638
21 14 1005
8 13 239555
22 13 42088
9 8 40747
10 15 5688136
8 19 5648235
11 14 1643
9 18 42695
14 9 366
12 9 111932
1 20 2245046
15 12 30608
13 12 409570
2 19 28403
0 15 1902474
3 10 7021
1 14 5916
4 13 96427
2 13 90493
5 0 14662287
3 16 211806
6 15 13421389
19 21 21477
17 5 290797
7 14 8792
20 22 609432
18 2 13947
22 4 18752
11 7 33834
14 16 984
12 0 1247062
10 16 291853
15 21 2981
13 5 7646815
0 6 1011438
1 7 57840
2 4 145
5 9 285225
4 18 2110
5 19 81809
16 21 43351
21 16 17298
19 0 4215116
17 16 100
8 1 242359
15 18 2656600
11 18 3836
12 21 632877
16 12 18423
6 19 3458793
17 9 84
20 2 57210
18 14 1389
21 3 958
22 8 18202
9 5 7912
10 2 480339
0 20 6844967
1 17 159292
15 1 411372
13 17 1151873
0 10 601687
3 7 10100
1 11 204125
4 0 1028820
16 3 3504
19 14 128
17 2 40
7 19 1084520
20 9 642311
18 9 54647
21 12 119101
8 15 34981396
9 14 200
10 13 3100064
8 21 7628
11 0 1210820
9 16 21760
14 15 1984
12 11 258969
15 14 1552
13 10 396307
0 1 2546414
3 12 58236
1 12 139100
4 15 26193536
2 11 8939
5 14 449
3 18 246
6 13 9253576
4 21 2600
7 8 53775
20 16 2452893
18 0 2982302
14 22 158
12 2 53516
13 3 10212
1 5 26608
6 4 294394
7 1 615770
5 17 124047
19 2 1427
20 5 53095
18 21 53025
9 2 129508
11 20 414673
13 22 69419
3 0 136774
16 14 2018
19 11 451
17 15 411282
7 20 2328508
22 20 70967
20 12 1189058
18 12 45353
21 1 729166
8 10 31036
22 14 2560
9 11 104
10 0 1956894
8 16 178
11 13 207450
0 22 18184
14 10 1548
12 14 61568
15 3 336
13 15 30203
2 20 294985
0 12 1680244
3 9 7500
1 9 50857
4 2 106
2 14 31600
5 3 194
16 5 52
6 8 544168
19 16 353
17 0 346445
7 13 15087936
20 11 7868
18 7 1044633
21 10 81789
22 1 32251
9 12 77786
10 11 27236
11 2 17973
9 22 1240
14 13 168445
12 5 481527
10 21 2424776
15 8 29116067
13 8 96100
0 3 378887
1 2 766796
2 9 4580
5 12 41736
3 20 220688
6 3 126648
7 10 14642
20 18 1679547
16 18 2840
21 19 138963
17 19 2673871
14 20 2385068
13 1 7054517
2 0 3676197
