458
7 3 11135
16 9 63301
19 4 7610532
17 20 167517
22 19 691147
20 7 85638
18 19 1268810
21 6 59531
8 5 5222
9 0 977602
10 7 440723
0 17 1024079
14 1 1473
12 17 216024
15 4 8134166
13 20 2543212
3 2 166
4 5 40
16 0 124390
19 13 13454
17 13 11987
7 22 9929
20 14 4363
18 10 161597
21 15 543141
8 12 2384
22 12 132
10 14 3553
8 18 3357
11 15 13373
9 19 210183
12 8 106584
1 21 160597
15 13 106586
2 18 48
0 14 1509439
3 11 51133
1 15 110512
4 12 470
2 12 389968
5 1 41733
3 17 169
16 7 18436
6 14 13468
19 18 7792
17 6 437180
7 15 2741394
20 21 472136
18 5 52799
21 8 25349
22 7 27213
10 9 1689
11 4 19152
9 20 2887602
14 19 692
12 7 325938
10 19 602621
15 10 83787
13 6 1318717
0 5 6100284
1 0 2686256
4 11 437
2 7 12283
5 10 119862
6 1 545
7 4 1971
5 20 573642
16 20 3604203
21 17 5965
19 1 250173
18 22 40465
8 0 1676234
15 19 18977015
11 19 3280236
12 20 1365081
6 18 11844
19 6 87285
17 10 63047
20 1 5409371
18 17 28464
21 4 58501
8 7 243464
9 6 76862
10 5 499416
11 8 137432
0 19 1062582
14 7 12941
12 19 18711
1 18 8560
15 6 107159
13 18 15060
0 9 51011
4 7 113219
5 6 3716
16 2 168
6 21 1063863
19 15 50540800
7 16 7141
20 8 12698188
18 8 33161
21 13 560844
9 15 1231845
10 12 178860
8 20 3206127
11 1 658730
9 17 5089
12 10 29131
10 22 799
13 11 35015
2 16 1192
3 13 124
1 13 607369
2 10 132621
5 15 45665
3 19 123488
6 12 22529
4 20 2102816
19 20 5554988
17 4 1540
7 9 15851
18 3 295
21 22 7087
22 5 166
11 6 120989
14 17 80
12 1 4004344
10 17 742358
15 20 153851
13 4 41322
0 7 1183979
2 5 1559
5 8 20536
6 7 3222904
4 19 6335820
7 6 53917
5 18 2840
19 3 716
20 4 6697
18 20 60725587
8 2 8128
9 3 506
11 21 104614
14 2 120
12 22 25933
3 1 23045
16 13 178880
6 16 575359
19 8 53373
17 8 1741463
7 21 50510361
20 3 20161
18 15 886168
21 2 52635
9 4 11598
10 3 110210
11 10 331549
0 21 421387
14 5 232
12 13 1075974
1 16 11274
15 0 12255533
13 16 37567
0 11 291974
3 6 10446
1 10 84
4 1 39197
5 4 181
16 4 1742
6 11 200532
17 1 1211207
7 18 14603
20 10 828325
18 6 564550
21 11 9776
22 0 2450118
9 13 367520
8 22 3558
11 3 1450
14 12 446
12 4 9717
10 20 5905746
15 9 442747
13 9 11562
0 2 455016
1 3 1115
4 8 17081
2 8 40
5 13 1241254
3 21 103287
6 2 519114
4 22 1622
19 22 28485
7 11 4516
20 17 679531
18 1 639233
16 17 112
21 20 48943249
12 3 992
13 2 37427
1 4 2795
6 5 319142
7 0 3665934
5 16 121
16 8 8942
19 5 3000
17 21 23539
22 18 2920
20 6 728568
21 7 982853
8 4 7624
9 1 3448283
0 16 8093
14 0 33244
12 16 5219
15 5 568
13 21 64449
16 15 189047
6 22 45682
19 10 57290
22 21 9260
20 13 1787849
18 13 6091472
21 0 171616
8 11 8283
22 15 62361
9 10 54959
10 1 125384
11 12 39111
14 11 196
12 15 148611
1 22 20267
15 2 396021
13 14 1126589
2 21 41976
0 13 3391806
1 8 137169
2 15 7438
16 6 18452
6 9 445
17 7 8904
7 12 2564185
18 4 682
21 9 218833
22 6 12579
10 8 77457
11 5 3856
9 21 383563
12 6 151878
10 18 74
13 7 1028917
0 4 6651
4 10 16181
2 6 12289
5 11 23262
6 0 2828911
4 16 574
7 5 1385368
5 21 34141
20 19 397843
16 19 18360
21 18 452356
14 21 224
15 16 3614615
13 0 8455625
11 16 7869
2 1 134074
7 2 18261
16 10 10452
19 7 593184
17 11 4540
22 16 88
20 0 9914834
18 16 3605
21 5 85513
8 6 256595
22 10 2176
9 7 964738
10 4 23403
11 9 4380
0 18 3937
14 6 80
12 18 10773
1 19 126901
15 7 914426
13 19 692065
0 8 417335
3 5 40
4 6 17763
5 7 100533
16 1 154464
6 20 5884709
19 12 6295
17 12 22471
7 17 8315
20 15 5056106
18 11 36036
21 14 1760
8 13 6720
22 13 6101
9 8 7300
10 15 3174436
8 19 4416864
11 14 8389
9 18 24991
14 9 40
12 9 284476
1 20 1751861
15 12 24547
13 12 1147366
2 19 2288
0 15 428083
3 10 49022
1 14 6726
4 13 1332
2 13 61708
5 0 13706632
3 16 1500
6 15 13886213
19 21 13527
17 5 3919
7 14 81
20 22 30353
18 2 13139
22 4 224
11 7 38166
12 0 598022
10 16 133684
15 21 12533
13 5 3789886
0 6 736124
1 7 48009
2 4 75
5 9 192951
5 19 63090
16 21 25035
21 16 5978
19 0 3940160
8 1 35568
15 18 2032864
11 18 6577
12 21 864429
16 12 1698
6 19 2358519
17 9 41
20 2 902976
18 14 8040
21 3 400
22 8 4642
9 5 11404
10 2 408124
0 20 4129824
14 4 56
1 17 2023843
15 1 228189
13 17 13856
0 10 200564
3 7 11367
1 11 546745
4 0 710681
16 3 104
19 14 47
17 2 60
7 19 1360078
20 9 268684
18 9 59695
21 12 118214
8 15 28027555
22 3 124
9 14 232
10 13 2148562
8 21 27821
11 0 1056121
9 16 8384
14 15 5009
12 11 140474
15 14 118
13 10 944574
2 17 214
0 1 2410683
3 12 6780
1 12 70020
4 15 31182569
2 11 272973
3 18 3112
6 13 12181070
4 21 7748
7 8 88285
20 16 1451781
18 0 3095552
14 22 2996
12 2 10433
1 5 258296
6 4 216062
7 1 93786
5 17 112008
19 2 218
20 5 10493
18 21 20224
9 2 869365
11 20 634695
13 22 3123
3 0 739390
19 11 58604
17 15 367345
7 20 206198
22 20 21109
20 12 526341
18 12 34323
21 1 656670
8 10 3473
22 14 143
9 11 780
10 0 1207963
8 16 1644
11 13 73755
0 22 398354
14 10 52
12 14 1362
15 3 1585
13 15 5620
2 20 144359
0 12 995313
1 9 1379
4 2 883
2 14 8432
5 3 229
16 5 126
6 8 341595
19 16 1552
17 0 838157
7 13 264738
20 11 2010
18 7 737299
21 10 30143
22 1 26954
9 12 4544385
10 11 613
11 2 16738
9 22 2485
14 13 134503
12 5 23197
10 21 2647455
15 8 22026294
13 8 68904
0 3 770363
1 2 573137
5 12 4864
3 20 50034
6 3 19840
7 10 40560
5 22 136
20 18 1609842
16 18 66
21 19 88332
17 19 5958792
14 20 2193892
13 1 4923391
2 0 3001728
