486
7 3 37770
16 9 73803
19 4 8518397
17 20 1585203
22 19 143212
20 7 324525
18 19 595600
21 6 78140
8 5 19954
9 0 333783
10 7 52716
0 17 125902
14 1 3350
12 17 10882
15 4 10465529
13 20 1696853
3 2 3346
4 5 629
16 0 105560
19 13 71929
17 13 9682
7 22 11498
20 14 14685
18 10 128076
21 15 1009129
8 12 40803
22 12 60
9 9 10287
10 14 1451
8 18 1772
11 15 54095
9 19 35089
14 8 7036
12 8 1162
1 21 116933
15 13 44978
13 13 611625
0 14 2041539
3 11 10480
1 15 60915
4 12 1500
2 12 196426
5 1 55364
3 17 117
16 7 20886
6 14 33208
19 18 5762
17 6 81201
7 15 2076258
20 21 891284
18 5 43390
21 8 42966
22 7 28630
10 9 75889
11 4 12664
9 20 5403121
14 19 6120
12 7 1216832
10 19 862106
15 10 76453
13 6 1053762
0 5 9005433
1 0 3002085
4 11 92
2 7 13908
5 10 3917
6 1 442
7 4 31520
5 20 1692182
16 20 3296957
21 17 137293
19 1 370491
17 17 7410
18 22 5006
8 0 2376889
15 19 22809285
11 19 626042
12 20 466504
16 11 64
6 18 24015
19 6 225810
17 10 18687
20 1 2679685
18 17 35308
21 4 171805
8 7 263487
9 6 49804
10 5 264559
11 8 641676
0 19 305400
14 7 14062
12 19 16557
1 18 5899
15 6 59370
13 18 30929
0 9 16814
4 7 192584
5 6 13052
16 2 1604
6 21 356147
19 15 59840856
17 3 38
7 16 20037
20 8 14793336
18 8 109686
21 13 593071
8 14 4349
22 2 13080
9 15 1157478
10 12 321
8 20 3763323
11 1 745062
9 17 96219
12 10 167758
10 22 8834
15 15 2152580
13 11 102213
2 16 14072
0 0 38931655
3 13 56930
1 13 522094
2 10 21104
5 15 37222
3 19 14157
6 12 56868
4 20 2495850
19 20 5368240
17 4 3984
7 9 18978
18 3 9114
21 22 3454
22 5 1205
11 6 406102
14 17 40
12 1 1760033
10 17 41065
15 20 607118
13 4 100728
0 7 1420386
2 5 1484
5 8 29042
6 7 6053610
4 19 8273515
7 6 19244
5 18 251
16 22 52
19 3 7926
20 4 53331
18 20 59590867
8 2 3675
9 3 5516
11 21 234594
14 2 928
12 22 1733
3 1 315052
16 13 181665
6 16 738170
19 8 79240
17 8 90639
7 21 24839939
20 3 9743
18 15 1257238
21 2 44232
8 9 4750
9 4 539
10 3 83026
11 10 85862
0 21 156289
14 5 4698
12 13 549951
1 16 14642
15 0 15250608
13 16 32836
0 11 488457
3 6 23925
4 1 36247
16 4 985
6 11 574415
17 1 2137374
7 18 7945
20 10 299536
18 6 77379
21 11 36472
22 0 7552
9 13 348469
8 22 7516
11 3 27052
14 12 2102
12 4 4009
10 20 5775784
15 9 444928
13 9 11789
0 2 378175
3 15 40
1 3 8245
4 8 97758
2 8 11853
5 13 1539542
3 21 25444
6 2 636153
4 22 29306
19 22 19882
7 11 144
20 17 794827
18 1 432300
16 17 52
21 20 3125280
12 3 9790
13 2 147228
1 4 74403
2 3 698
6 5 341008
7 0 3646459
5 16 59
19 5 60461
17 21 37603
22 18 52
20 6 679665
18 18 398938
21 7 366441
8 4 15620
9 1 1024794
0 16 59395
14 0 94787
12 16 15776
15 5 380
13 21 179614
16 15 196529
6 22 102339
19 10 49694
17 14 7216
22 21 3110
20 13 688266
18 13 6378338
21 0 372395
8 11 20257
22 15 93349
9 10 120849
10 1 45380
11 12 4661
14 11 423
12 15 34747
1 22 29151
15 2 407762
13 14 1914462
2 21 9249
0 13 3299955
3 8 40
1 8 358384
4 3 48
2 15 22148
5 2 217
16 6 27848
6 9 8375
19 19 29803454
17 7 211890
7 12 3179759
20 20 1499505
18 4 11813
21 9 694704
22 6 97832
10 8 188508
11 5 41648
9 21 201217
12 6 492448
10 18 24143
13 7 2618954
0 4 43065
1 1 8838
4 10 2039
2 6 297586
5 11 1648
6 0 3811456
4 16 51762
7 5 1728191
5 21 170274
20 19 1562965
16 19 17892
21 18 164982
17 18 75
14 21 5173
15 16 5357963
13 0 11787747
11 16 4773
2 1 508888
7 2 18383
16 10 86675
19 7 1098754
17 11 1552
22 16 1500
20 0 9221656
18 16 2610
21 5 194249
8 6 36261
22 10 6427
9 7 361040
10 4 59352
11 9 12982
0 18 2154
14 6 38
12 18 61377
1 19 205663
15 7 884290
13 19 1076942
0 8 227351
3 5 3100
4 6 45354
5 7 596287
16 1 30633
6 20 10594924
19 12 3584
17 12 6652
7 17 51028
20 15 8090711
18 11 39142
21 14 1081
8 13 23210
22 13 229997
9 8 11091
10 15 6849228
8 19 5526696
11 14 604
9 18 36182
14 9 1129
12 9 31388
1 20 2176686
13 12 465440
2 19 321884
0 15 315198
3 10 346759
1 14 270
4 13 99265
2 13 79670
5 0 16324785
3 16 6626
6 15 16145487
19 21 13348
17 5 48221
7 14 38
20 22 30105
18 2 15614
22 4 15761
11 7 22204
12 0 1263298
10 16 188578
15 21 25148
13 5 4745941
0 6 1131606
1 7 38235
2 4 576
5 9 193128
6 6 297438
4 18 1500
7 7 2266835
5 19 51924
16 21 20492
21 16 26840
19 0 2736422
17 16 165
8 1 704382
15 18 2031590
11 18 4756
12 21 343469
16 12 2542
6 19 2804468
19 9 1500
17 9 411
20 2 64034
18 14 3058
21 3 7314
22 8 15385
9 5 157756
10 2 699325
0 20 5056265
12 12 8708
1 17 108270
15 1 134992
13 17 51973
2 22 11962
0 10 377840
3 7 18633
1 11 496530
4 0 1005194
16 3 538
17 2 7562
7 19 108391
20 9 455823
18 9 69956
21 12 55612
8 15 36416118
9 14 156
10 13 1862832
8 21 22850
11 0 3079813
9 16 123561
14 15 2956
12 11 16080
15 14 143
13 10 631210
2 17 357
0 1 4228989
3 12 7216
1 12 48253
4 15 25750393
2 11 112191
5 14 5840
3 18 5208
6 13 11324035
4 21 704
7 8 30487
20 16 2067784
18 0 4095814
21 21 746371
14 22 168
12 2 71734
13 3 2584
1 5 36538
6 4 112915
7 1 601763
5 17 274705
19 2 17581
20 5 22439
18 21 73239
8 3 1460
9 2 744520
11 20 960022
14 3 40
13 22 11028
3 0 846036
17 15 530550
7 20 536179
22 20 722808
20 12 1028512
18 12 7481
21 1 987660
8 10 9802
22 14 418
9 11 145
10 0 1290216
11 13 160931
0 22 28914
14 10 2984
12 14 8914
15 3 3000
13 15 21104
2 20 636751
0 12 37510
1 9 5061
4 2 154
2 14 41212
5 3 1138
16 5 2840
6 8 714969
19 16 48
17 0 984487
7 13 687504
20 11 5267
18 7 241913
21 10 44947
22 1 48547
9 12 6349830
10 11 20144
11 2 12543
9 22 6672
14 13 155978
12 5 6741
10 21 1405541
15 8 27179583
13 8 61100
0 3 839634
3 14 40
1 2 588885
4 9 1089
2 9 142
5 12 6178
3 20 55772
6 3 149857
7 10 65319
5 22 155
20 18 1392798
16 18 1856
21 19 211042
17 19 227985
14 20 3288165
13 1 6516447
2 0 2990454
