473
7 3 6874
16 9 78248
19 4 5272224
17 20 1205336
22 19 54704
20 7 126221
18 19 465620
21 6 32864
8 5 3732
9 0 424495
10 7 143410
0 17 80005
14 1 40
12 17 9308
15 4 4864422
13 20 2441290
3 2 1770
4 5 5728
16 0 56643
19 13 11047
17 13 4427
7 22 721111
20 14 2719
18 10 219311
21 15 594463
22 12 1607
9 9 16022
10 14 138
8 18 1691
11 15 87727
9 19 52382
14 8 48
12 8 239
1 21 18427
15 13 11866
13 13 361155
0 14 1991965
3 11 70
1 15 1304226
4 12 160
2 12 78390
5 1 30091
16 7 20683
6 14 10249
19 18 1681
17 6 63927
7 15 1860655
20 21 492806
18 5 14026
21 8 25954
22 7 59885
10 9 104386
11 4 5730
9 20 3204221
14 19 976
12 7 2014725
10 19 333784
15 10 49392
13 6 1010380
0 5 7809596
1 0 1706016
4 11 5408
2 7 24174
5 10 29806
6 1 1943
7 4 16432
5 20 1500676
16 20 2115208
21 17 5467
19 1 200223
17 17 4977
18 22 8233
8 0 2060338
15 19 14085988
11 19 68797
12 20 523553
16 11 52
6 18 25742
19 6 81084
17 10 41531
20 1 1424575
18 17 5685
21 4 68325
8 7 331980
9 6 70941
10 5 228234
11 8 120038
0 19 258388
14 7 7517
12 19 3050
1 18 20978
15 6 68550
13 18 35323
0 9 28615
4 7 187886
5 6 8295
16 2 7996
6 21 412315
19 15 52252479
7 16 217714
20 8 8956257
18 8 91226
21 13 436880
8 14 138
22 2 18664
9 15 822920
10 12 1998
8 20 2534699
11 1 490230
9 17 59498
12 10 47475
10 22 9621
15 15 1685975
13 11 709975
2 16 3692
0 0 32491690
3 13 53326
1 13 499836
2 10 6134
5 15 52823
3 19 47322
6 12 42885
4 20 2061532
19 20 5492170
17 4 404
7 9 8110
18 3 9660
21 22 1794
22 5 172
11 6 209426
14 17 132
12 1 3510219
10 17 145573
15 20 283718
13 4 113810
0 7 1641665
1 6 274
2 5 69
5 8 20046
6 7 1417317
4 19 4997939
7 6 245882
16 22 112
19 3 9668
20 4 24490
18 20 54094891
8 2 117
9 3 5588
11 21 54369
12 22 1706
3 1 329350
16 13 63732
6 16 504361
19 8 193018
17 8 859696
7 21 51953696
20 3 3488
18 15 1061075
21 2 47049
9 4 276
10 3 67146
11 10 195141
0 21 33537
12 13 2457611
1 16 647224
15 0 10404758
13 16 40458
0 11 897575
3 6 8595
4 1 20677
5 4 269
16 4 44
6 11 85373
17 1 955004
7 18 10755
20 10 583764
18 6 99914
21 11 28790
22 0 15842
9 13 412432
8 22 128
14 12 248
12 4 6488
10 20 2007281
15 9 245117
13 9 3012
0 2 398734
3 15 40
1 3 4482
4 8 15064
5 13 1492157
3 21 68185
6 2 354171
4 22 19398
19 22 41800
7 11 186
20 17 2169455
18 1 365342
16 17 66
21 20 1456823
12 3 3854
13 2 31238
1 4 28437
2 3 918
6 5 367526
7 0 3610354
5 16 105
16 8 1645
19 5 4801
17 21 4736
22 18 110
20 6 384595
18 18 121281
21 7 663208
8 4 442
9 1 2943913
0 16 69215
14 0 57882
12 16 7282
15 5 6647
13 21 7014900
16 15 118901
6 22 45180
19 10 96495
17 14 4356
22 21 1897
20 13 792995
18 13 5568913
21 0 78913
8 11 1402
22 15 291927
9 10 167014
10 1 4875
11 12 22074
14 11 152
12 15 11499
1 22 1227
15 2 325521
13 14 977452
2 21 299930
0 13 2732746
1 8 98678
4 3 48
2 15 3972
5 2 60
16 6 11722
6 9 7520
19 19 23517133
17 7 11680
7 12 3842135
20 20 2801894
18 4 8623
21 9 154303
22 6 22605
10 8 28345
11 5 12335
9 21 952157
14 18 76
12 6 148340
10 18 70
13 7 564491
0 4 13999
1 1 3496
4 10 1956
2 6 14280
5 11 16896
6 0 2483731
4 16 40
7 5 1597904
5 21 20910
20 19 642807
16 19 14350
21 18 41343
14 21 7188
15 16 3239417
13 0 8843146
11 16 18791
2 1 349290
7 2 9600
16 10 17233
19 7 922731
17 11 3401
20 0 7467896
18 16 32496
21 5 32331
8 6 12958
22 10 6833
9 7 1065032
10 4 16891
11 9 110
0 18 18341
14 6 196
12 18 7992
1 19 757761
15 7 1138978
13 19 125860
0 8 74050
3 5 40
4 6 1250
5 7 126856
16 1 37140
6 20 10551254
19 12 790
17 12 276365
7 17 4932
20 15 5128375
18 11 7154
21 14 355
8 13 7397
22 13 1997
9 8 29359
10 15 2859163
8 19 4047539
11 14 12300
9 18 32557
14 9 239
12 9 1918
1 20 2571891
13 12 980993
2 19 1662
0 15 487255
3 10 7904
1 14 363
4 13 66534
2 13 48060
5 0 15498300
3 16 6724
6 15 13558317
19 21 9293
17 5 6756
7 14 60
20 22 11776
18 2 2124
22 4 488
11 7 18109
12 0 891273
10 16 248149
15 21 15000
13 5 3797399
0 6 671997
1 7 30299
2 4 40
5 9 260927
6 6 107181
4 18 516
7 7 1300172
5 19 80965
16 21 4002
21 16 25016
19 0 2796994
8 1 71549
15 18 2210535
11 18 5696
12 21 65766
16 12 2669
6 19 2082550
17 9 4618
20 2 63870
18 14 3000
21 3 2278
22 8 3605
9 5 580474
10 2 414065
0 20 4967904
14 4 53
12 12 11548
1 17 18749
15 1 120339
13 17 10223
2 22 1024
0 10 156238
3 7 20058
1 11 489486
4 0 504888
16 3 1236
19 14 294
17 2 237
7 19 85981
20 9 221798
18 9 104955
21 12 231958
8 15 27298708
22 3 56
9 14 103
10 13 1562631
8 21 7433
11 0 570676
9 16 18048
14 15 7834
12 11 1915
13 10 250427
2 17 1931
0 1 2567118
3 12 12312
1 12 19723
4 15 25837552
2 11 6366
3 18 7374
6 13 11603957
7 8 52190
20 16 1187061
18 0 2434228
21 21 117661
12 2 54235
13 3 468
1 5 7910
6 4 83806
7 1 545687
5 17 156246
19 2 3834
20 5 86117
18 21 47168
8 3 40
9 2 168252
11 20 179411
14 3 56
13 22 1770
3 0 153172
19 11 987
17 15 301048
7 20 532339
22 20 14283
20 12 527924
18 12 1775
21 1 608033
8 10 20747
22 14 379
9 11 105
10 0 869255
11 13 118574
0 22 14868
14 10 2128
12 14 108
15 3 252
13 15 11154
2 20 75052
0 12 358063
1 9 1087
4 2 924
2 14 317
5 3 282
16 5 1466
6 8 382029
17 0 194778
7 13 196181
20 11 6924
18 7 316375
21 10 48397
22 1 37902
9 12 64711
10 11 7289
11 2 1712
9 22 11472
14 13 120803
12 5 1946
10 21 792451
15 8 16851797
13 8 85449
0 3 234491
1 2 133274
2 9 208
5 12 4628
3 20 215921
6 3 294808
7 10 80553
5 22 1562
20 18 981936
16 18 2920
21 19 168649
17 19 35291
14 20 2458761
13 1 10376805
2 0 2901889
