490
7 3 780551
16 9 143313
19 4 7426583
17 20 402833
22 19 475097
20 7 1496572
18 19 1417645
21 6 39662
8 5 22442
9 0 190694
10 7 644443
0 17 893853
14 1 5609
12 17 13230
15 4 12612208
13 20 2435516
3 2 24731
4 5 52
16 0 112053
19 13 28529
17 13 33666
7 22 12849
20 14 55173
18 10 99685
21 15 392431
9 9 29702
10 14 6520
8 18 1628
11 15 155107
9 19 198318
14 8 1290
12 8 4825
1 21 57227
15 13 51143
13 13 698570
2 18 50705
0 14 2499521
3 11 7082
1 15 442223
2 12 113021
5 1 37954
3 17 6401
16 7 68257
6 14 34443
19 18 244963
17 6 35945
7 15 4826457
20 21 2350650
18 5 54292
21 8 79272
22 7 31916
10 9 585665
11 4 11003
9 20 2618398
14 19 5507
12 7 885073
10 19 787733
15 10 35298
13 6 240724
0 5 13705081
1 0 912391
4 11 235
2 7 18609
5 10 2346
3 22 306
6 1 8828
7 4 11640
5 20 508246
16 20 3973577
21 17 58505
19 1 946470
17 17 8438
18 22 83824
8 0 1151324
15 19 38454933
11 19 771771
12 20 810967
16 11 52
6 18 60725
19 6 101367
17 10 12296
20 1 3569952
18 17 75514
21 4 25374
8 7 555751
9 6 68060
10 5 537414
11 8 330330
0 19 1578608
14 7 54539
12 19 430668
1 18 8670
15 6 37074
13 18 341274
0 9 62286
4 7 197069
5 6 12073
16 2 6288
6 21 1552487
19 15 53832878
17 3 668
7 16 25532
20 8 18172323
18 8 155927
21 13 1311785
8 14 329
22 2 13108
9 15 6141231
10 12 101094
8 20 2798616
11 1 717045
9 17 18855
12 10 55739
10 22 45511
15 15 3586188
13 11 111250
2 16 6372
0 0 48194700
3 13 42004
1 13 540416
2 10 33164
5 15 52980
3 19 5845
6 12 172406
4 20 1581156
19 20 5020943
17 4 1885
7 9 430513
18 3 400
21 22 14334
22 5 13899
11 6 104830
14 17 1632
12 1 6797547
10 17 855869
15 20 1475028
13 4 50497
0 7 1854779
2 5 1725
5 8 11001
6 7 17570167
4 19 7327172
7 6 215451
5 18 1560
16 22 47
19 3 778
20 4 624092
18 20 57845577
8 2 6667
9 3 12676
11 21 64975
14 2 4793
12 22 2408
3 1 277064
16 13 160750
6 16 1115561
19 8 73774
17 8 28702
7 21 28075039
20 3 131879
18 15 1053016
21 2 46596
9 4 6173
10 3 116289
11 10 225622
0 21 351120
14 5 1046
12 13 435762
1 16 19631
15 0 20902601
13 16 122493
0 11 343141
3 6 3959
1 10 652
4 1 44500
5 4 180
16 4 58
6 11 145462
17 1 475202
7 18 749137
20 10 292315
18 6 83782
21 11 3217
22 0 821821
9 13 550786
8 22 29351
11 3 3564
14 12 3642
12 4 80066
10 20 8015891
15 9 1074286
13 9 302683
0 2 234520
3 15 7750
1 3 25669
4 8 130150
2 8 44116
5 13 1694223
3 21 260369
6 2 788149
4 22 32554
19 22 41475
7 11 290
20 17 112119
18 1 508414
16 17 200
21 20 3499861
12 3 58230
13 2 346182
1 4 104589
2 3 5784
6 5 245978
7 0 3649437
5 16 52
19 5 17216
17 21 85809
22 18 1500
20 6 462686
18 18 202584
21 7 1025029
8 4 40641
9 1 4798913
0 16 417742
14 0 36463
12 16 26102
15 5 670
13 21 816208
16 15 456176
6 22 410788
19 10 46358
17 14 2828
22 21 16944
20 13 3123952
18 13 6410148
21 0 225294
8 11 18117
22 15 241925
9 10 52549
10 1 133078
11 12 38551
14 11 2796
12 15 250179
1 22 46334
15 2 394694
13 14 1738371
2 21 93601
0 13 4310511
3 8 6000
1 8 1028997
4 3 48
2 15 59271
5 2 1741
16 6 11499
6 9 81941
19 19 34775219
17 7 115158
7 12 632795
20 20 2885664
18 4 19480
21 9 345923
22 6 26811
10 8 96093
11 5 52755
9 21 440415
14 18 122
12 6 340449
10 18 142304
15 11 48
13 7 2391047
0 4 11982
1 1 141615
4 10 34416
2 6 9463
5 11 69227
6 0 4774460
4 16 1588
7 5 1736672
5 21 30779
20 19 2072459
16 19 47456
21 18 26982
17 18 155
14 21 7838
15 16 8410023
13 0 13991789
11 16 17257
2 1 661417
7 2 31224
16 10 9345
19 7 991678
17 11 40
22 16 1500
20 0 13435589
18 16 17939
21 5 73962
8 6 24235
22 10 5068
9 7 1811672
10 4 46539
11 9 5593
0 18 9084
14 6 328
12 18 189005
1 19 481137
15 7 1195441
13 19 233918
0 8 134573
3 5 4420
4 6 17496
5 7 244789
16 1 116875
6 20 12580275
19 12 10646
17 12 4797
7 17 55158
20 15 7815667
18 11 24922
21 14 421
8 13 24997
22 13 7652
9 8 32301
10 15 4761260
8 19 5149111
11 14 3839
9 18 34831
14 9 3275
12 9 79985
1 20 3381711
15 12 10620
13 12 2587920
2 19 16935
0 15 804372
3 10 13504
1 14 1466
4 13 77755
2 13 96950
5 0 14530422
3 16 58292
6 15 19720309
19 21 894
17 5 79685
7 14 463
20 22 29577
18 2 42010
22 4 16044
11 7 30067
14 16 1443
12 0 1321325
10 16 681432
15 21 12182
13 5 6909201
0 6 379790
1 7 73911
2 4 132
5 9 351604
6 6 385462
4 18 1500
7 7 4282737
5 19 26526
16 21 22395
21 16 35612
19 0 3149674
17 16 96
8 1 253602
15 18 4386416
11 18 9592
12 21 455805
16 12 2109
6 19 4596174
19 9 47
17 9 393
20 2 135797
18 14 1353
21 3 12158
22 8 391173
9 5 1729054
10 2 406528
0 20 4575598
12 12 4703
1 17 314188
15 1 219442
13 17 40294
2 22 265584
0 10 173120
3 7 28507
1 11 491413
4 0 685175
16 3 951
17 2 3043
7 19 393257
20 9 781845
18 9 112167
21 12 86080
8 15 33234818
22 3 184
9 14 242
10 13 4011719
8 21 6606
11 0 1360094
9 16 17653
14 15 27665
12 11 67029
15 14 60
13 10 144548
2 17 26952
0 1 3025501
3 12 28938
1 12 29485
4 15 22776700
2 11 20640
5 14 52
3 18 6056
6 13 12578934
7 8 44770
20 16 3452719
18 0 2996183
21 21 176950
14 22 1398
12 2 146935
13 3 22888
1 5 88835
6 4 389024
7 1 459602
5 17 195038
19 2 167824
20 5 124990
18 21 71443
9 2 134047
11 20 568852
14 3 1290
13 22 36103
3 0 273623
16 14 538
19 11 79252
17 15 654519
7 20 60693328
22 20 135661
20 12 1015993
18 12 1760
21 1 1455127
8 10 19241
22 14 461
9 11 342
10 0 2984670
8 16 2484
11 13 74580
0 22 1623082
14 10 504
12 14 4514
15 3 13807
13 15 1053565
2 20 429119
0 12 270472
3 9 26500
1 9 5188
4 2 1708
2 14 23376
5 3 4604
16 5 64
6 8 707033
19 16 5983
17 0 74456
7 13 2728388
20 11 469293
18 7 846952
21 10 41001
22 1 13638
9 12 119711
10 11 268060
11 2 13784
9 22 1030
14 13 173237
12 5 18680
10 21 1382902
15 8 35450031
13 8 92181
0 3 1568219
1 2 507529
2 9 803
5 12 3658
3 20 188709
6 3 1259637
7 10 35026
5 22 1448
20 18 2441001
21 19 167282
17 19 134724
14 20 2641117
13 1 6206628
2 0 2685329
