458
7 3 130470
16 9 92190
19 4 6769965
17 20 632381
22 19 211562
20 7 6651183
18 19 801745
21 6 55991
8 5 7098
9 0 943499
10 7 1019583
0 17 502819
14 1 11667
12 17 15638
15 4 11117141
13 20 3960670
3 2 113963
4 5 172
16 0 90113
19 13 87092
17 13 191354
7 22 153935
18 10 83640
21 15 530754
8 18 758
11 15 84939
9 19 217926
14 8 10050
12 8 7006
1 21 36847
15 13 114927
2 18 1480
3 11 58585
1 15 281606
4 12 3000
2 12 381534
5 1 50615
3 17 1000
16 7 38637
19 18 20063
17 6 70724
7 15 2396808
20 21 1166104
18 5 47729
21 8 74250
22 7 85582
10 9 182847
11 4 36456
9 20 4528430
14 19 12607
12 7 1083005
10 19 410005
15 10 28958
13 6 382557
0 5 13819706
1 0 1981223
4 11 4228
2 7 175501
5 10 6914
6 1 2017
7 4 8850
5 20 569251
16 20 4290160
21 17 60113
19 1 416138
18 22 39085
8 0 2931990
15 19 31630358
11 19 336617
12 20 1375838
16 11 66
6 18 92377
19 6 97168
17 10 128688
20 1 7712621
18 17 22903
21 4 13146
8 7 777615
9 6 130834
10 5 148199
11 8 340826
0 19 791468
14 7 60612
12 19 113189
1 18 190287
15 6 43335
13 18 125348
0 9 58931
4 7 171617
5 6 4334
16 2 10561
6 21 1027175
19 15 49179504
17 3 1592
7 16 15215
20 8 18117988
18 8 162509
21 13 989122
22 2 2644
9 15 6604449
10 12 16866
8 20 4213826
11 1 811317
9 17 671878
12 10 215896
10 22 13051
13 11 148015
2 16 100603
3 13 68237
1 13 1186689
2 10 383786
5 15 39133
3 19 214298
6 12 779261
4 20 3985299
19 20 5477842
17 4 40726
7 9 90482
18 3 7148
21 22 6307
22 5 3210
11 6 120945
14 17 5596
12 1 4783127
10 17 558286
15 20 597882
13 4 17974
0 7 2111385
1 6 128
2 5 2175
5 8 2075
6 7 17981996
4 19 6445893
7 6 226730
5 18 190
16 22 36
19 3 22614
20 4 34022
18 20 63282048
8 2 15977
9 3 11251
11 21 26280
14 2 3019
12 22 52
3 1 216044
16 13 347598
6 16 828965
19 8 243874
17 8 219270
7 21 41897247
20 3 67686
18 15 1370110
21 2 56610
9 4 29332
10 3 391495
11 10 211532
0 21 173482
12 13 792604
1 16 42312
15 0 18972240
13 16 47077
0 11 746116
3 6 75728
1 10 84
4 1 53794
5 4 165
6 11 153321
17 1 3408068
7 18 80602
20 10 950740
18 6 115670
21 11 1358
22 0 148235
9 13 540051
8 22 327601
11 3 11732
14 12 18240
12 4 251
10 20 7902872
15 9 979813
13 9 258554
0 2 3031518
3 15 52
1 3 37191
4 8 155011
2 8 6876
5 13 1496967
3 21 59723
6 2 1407655
4 22 17927
19 22 150443
7 11 924
20 17 160071
18 1 611001
16 17 7432
21 20 2765962
12 3 7006
13 2 256818
1 4 23432
2 3 11324
6 5 435608
7 0 3963547
5 16 10323
19 5 5286
17 21 45052
22 18 3010
20 6 605539
21 7 4344698
8 4 46697
9 1 3120137
0 16 117604
14 0 47067
12 16 2518
15 5 5235
13 21 6889699
16 15 396528
6 22 185168
19 10 41768
22 21 59930
20 13 2422272
18 13 6892371
21 0 275912
8 11 63655
22 15 74949
9 10 50874
10 1 2222
11 12 106969
14 11 1338
12 15 184607
1 22 85532
15 2 395451
13 14 1679
2 21 71340
0 13 3245170
3 8 4964
1 8 377736
4 3 88
2 15 380771
5 2 1862
16 6 64687
6 9 58258
17 7 752053
7 12 416547
18 4 25778
21 9 315040
22 6 31970
10 8 85111
11 5 48934
9 21 667998
14 18 1290
12 6 455391
10 18 15084
15 11 8432
13 7 4248092
0 4 65455
4 10 18573
2 6 74635
5 11 17552
6 0 5193731
7 5 1690836
5 21 61280
20 19 1600201
16 19 39962
21 18 6321
17 18 1540
14 21 5843
15 16 8648284
13 0 17453342
11 16 20488
2 1 505987
7 2 136472
16 10 13938
19 7 382776
22 16 3104
20 0 13395946
18 16 6576
21 5 135921
8 6 48125
22 10 160971
9 7 3665539
10 4 869157
11 9 25195
0 18 96324
14 6 92
12 18 15864
1 19 240064
15 7 1150581
13 19 84011
0 8 540802
3 5 1420
4 6 8789
5 7 124969
16 1 39074
6 20 17098175
19 12 2346
17 12 220745
7 17 317931
20 15 9556739
18 11 17294
8 13 28581
22 13 7836
9 8 56913
10 15 4786204
8 19 8708208
9 18 28979
14 9 3204
12 9 54442
1 20 4500908
15 12 6000
13 12 3035891
2 19 49081
0 15 480569
3 10 344520
1 14 60
4 13 22435
2 13 163107
5 0 16158604
3 16 1500
6 15 18021679
19 21 13020
17 5 499
20 22 784990
18 2 89490
22 4 1066
11 7 51283
12 0 1874983
10 16 243482
15 21 10899
13 5 8190773
0 6 1209068
1 7 813941
2 4 1540
5 9 319981
5 19 62243
16 21 22480
21 16 16215
19 0 3189164
17 16 4500
8 1 934636
15 18 3198084
11 18 7217
12 21 603699
16 12 18888
6 19 3562305
19 9 2125
17 9 18000
20 2 177196
21 3 3239
22 8 73659
9 5 28396
10 2 605938
0 20 12119785
14 4 84
1 17 529485
15 1 273113
13 17 69466
2 22 82
0 10 215451
3 7 39423
1 11 713572
4 0 1369650
16 3 1719
17 2 2675
7 19 527842
20 9 1978157
18 9 96243
21 12 150419
8 15 38456144
22 3 2423
10 13 4310216
8 21 2423
11 0 1774255
9 16 17482
14 15 21707
12 11 117961
13 10 303746
2 17 64317
0 1 4034301
3 12 164329
1 12 505697
4 15 20167355
2 11 8805
3 18 108094
6 13 10544957
4 21 3387
7 8 47371
20 16 3045656
18 0 3632651
14 22 128
12 2 77840
13 3 1468
1 5 22813
6 4 222653
7 1 397166
5 17 16879
19 2 55545
20 5 161207
18 21 49196
8 3 132
9 2 140893
11 20 1172971
14 3 1290
13 22 9312
3 0 813566
19 11 4542
17 15 764721
7 20 3407653
22 20 51842
20 12 1297433
18 12 10070
21 1 924479
8 10 3686
9 11 4524
10 0 3405269
11 13 345337
0 22 204918
14 10 104
15 3 47285
13 15 1422093
2 20 742157
0 12 781710
3 9 6000
1 9 807502
4 2 40
5 3 212
16 5 3989
6 8 716827
19 16 10071
17 0 288687
7 13 1730592
20 11 39652
18 7 804996
21 10 363482
22 1 175785
9 12 146876
10 11 3711
11 2 15800
9 22 18095
14 13 173901
12 5 111072
10 21 918191
15 8 35840844
13 8 173133
0 3 2055859
1 2 1499625
2 9 205654
5 12 4315
3 20 281410
6 3 269256
7 10 96231
5 22 1709
20 18 2281866
16 18 2920
21 19 83245
17 19 38130
14 20 2735930
13 1 8912888
2 0 2954716
