470
7 3 63313
16 9 104783
19 4 5362996
17 20 828365
22 19 761196
20 7 1987487
18 19 693143
21 6 62651
8 5 5233
9 0 146219
10 7 333871
0 17 1363612
14 1 7414
12 17 1503635
15 4 5758032
13 20 4086207
3 2 10868
4 5 40
16 0 94988
19 13 30764
17 13 636057
7 22 19200
18 10 48405
21 15 555549
8 12 345
9 9 15361
8 18 16695
11 15 26858
9 19 167658
14 8 2520
12 8 6558
1 21 50000
15 13 71347
13 13 501453
2 18 92
3 11 61456
1 15 394876
2 12 30891
5 1 20931
3 17 10784
16 7 51313
19 18 2497
17 6 210682
7 15 4052492
20 21 505773
18 5 13745
21 8 52094
22 7 41147
10 9 521220
11 4 50227
9 20 2631452
14 19 7728
12 7 1398076
10 19 337424
15 10 22985
13 6 301613
0 5 10734259
1 0 1738654
4 11 420
2 7 37955
5 10 8467
3 22 4260
6 1 551
7 4 29220
5 20 718419
16 20 3153445
21 17 164363
19 1 470167
17 17 5485
18 22 42938
8 0 2069297
15 19 34597490
11 19 1236014
12 20 804410
16 11 140
6 18 152341
19 6 26020
17 10 40590
20 1 4947852
18 17 46913
21 4 17779
8 7 301564
9 6 191574
10 5 412266
11 8 141206
0 19 2560569
14 7 29853
12 19 30853
1 18 66652
15 6 60872
13 18 62512
0 9 130598
3 4 80
4 7 108165
5 6 26854
6 21 693450
19 15 47899657
17 3 687
7 16 11420
20 8 16035420
18 8 145385
21 13 603980
22 2 661713
9 15 6340920
10 12 14452
8 20 2761413
11 1 586589
9 17 96965
12 10 30994
10 22 21642
15 15 3774802
13 11 123722
2 16 3024
0 0 51178344
3 13 6269
1 13 269638
2 10 14078
5 15 25895
3 19 6555
6 12 72392
4 20 1459332
19 20 5738321
17 4 4856
7 9 156129
18 3 8380
21 22 10980
22 5 8118
11 6 154297
14 17 40
12 1 4479846
10 17 1139434
15 20 361840
13 4 107442
0 7 1720779
2 5 14464
5 8 17241
6 7 11357271
4 19 4985550
7 6 91556
5 18 80
19 3 972
20 4 30313
18 20 66844643
8 2 86090
9 3 5656
11 21 57897
14 2 12274
12 22 1826
3 1 230891
16 13 213455
6 16 377197
19 8 68750
17 8 150512
7 21 1082645
20 3 26320
18 15 1152862
21 2 52417
9 4 7244
10 3 387650
11 10 45297
0 21 197105
14 5 1616
12 13 450763
1 16 12413
15 0 18069949
13 16 24923
0 11 516168
3 6 298490
1 10 1478
4 1 44421
5 4 52
6 11 297282
17 1 321377
7 18 161328
20 10 265324
18 6 96078
21 11 2173
22 0 34922
9 13 1457925
8 22 3772
11 3 3496
14 12 31322
12 4 509
10 20 5427921
15 9 900558
13 9 48064
0 2 1036768
3 15 16700
1 3 5183
4 8 92428
2 8 437922
5 13 1117013
3 21 37732
6 2 2543011
4 22 25396
19 22 17532
7 11 12639
20 17 3004038
18 1 392472
16 17 2892
21 20 2491206
12 3 16256
13 2 172708
1 4 32742
2 3 7583
6 5 583086
7 0 3743452
16 8 108
19 5 24225
17 21 350315
22 18 1450
20 6 577155
18 18 122555
21 7 2045206
8 4 1094003
9 1 1758242
0 16 33847
14 0 43987
12 16 20074
15 5 2376
13 21 297653
16 15 296816
6 22 529266
19 10 34909
22 21 88
20 13 1341425
18 13 5558937
21 0 158671
8 11 14351
22 15 73594
9 10 66541
10 1 526
11 12 39842
14 11 1961
12 15 84626
1 22 420420
15 2 420717
13 14 84
2 21 354807
0 13 2907753
3 8 57293
1 8 112201
4 3 164
2 15 121835
5 2 19338
16 6 17086
6 9 10760
19 19 35505263
17 7 11017
7 12 274213
20 20 5761145
18 4 24135
21 9 143596
22 6 17782
10 8 136374
11 5 17471
9 21 292391
14 18 40
12 6 100970
10 18 4804
13 7 1620407
0 4 15941
1 1 42112
4 10 4599
2 6 53897
5 11 4504
6 0 4002269
4 16 52
7 5 2324516
5 21 24067
20 19 1656136
16 19 11152
21 18 25182
17 18 1308
14 21 4962
15 16 4932531
13 0 15066983
11 16 3498
2 1 254923
7 2 65777
16 10 6642
19 7 708899
22 16 6063
20 0 13657845
18 16 17526
21 5 99835
8 6 13590
22 10 306307
9 7 2502304
10 4 22533
11 9 7492
0 18 25760
14 6 2258
12 18 6940
1 19 3077098
15 7 1037388
13 19 398912
0 8 338875
3 5 45068
4 6 3164
5 7 170797
16 1 144868
6 20 15480720
19 12 3864
17 12 31301
7 17 37054
20 15 7856554
18 11 49078
8 13 25215
22 13 35014
9 8 103212
10 15 5558369
8 19 5915741
9 18 25749
14 9 2969
12 9 54067
1 20 1273307
15 12 1449
13 12 788712
2 19 301956
0 15 1090424
3 10 268042
1 14 60
4 13 5913
2 13 270371
5 0 13548717
6 15 12548649
19 21 455
17 5 75869
20 22 118758
18 2 16858
22 4 1626
11 7 163676
12 0 2919743
10 16 101359
15 21 40
13 5 4641629
0 6 233372
1 7 483620
2 4 1500
5 9 315283
6 6 150169
4 18 52
7 7 4020891
5 19 57703
16 21 13730
21 16 136160
19 0 2559894
17 16 40
8 1 86309
15 18 4408979
11 18 14674
12 21 584806
16 12 7135
6 19 6760971
19 9 125
17 9 15020
20 2 313170
21 3 4277
22 8 36290
9 5 24005
10 2 388775
0 20 10639987
14 4 203
12 12 2282
1 17 181447
15 1 221545
13 17 83049
2 22 13341
0 10 315155
3 7 26396
1 11 839247
4 0 622174
16 3 120
17 2 2256
7 19 524025
20 9 1136852
18 9 64251
21 12 66966
8 15 32343199
10 13 1566586
8 21 6325
11 0 1063749
9 16 15871
14 15 10716
12 11 38718
13 10 362593
2 17 12152
0 1 2320997
3 12 50003
1 12 79729
4 15 15381301
2 11 66280
3 18 1608
6 13 12609634
4 21 5082
7 8 68215
20 16 2031725
18 0 3483840
21 21 112669
14 22 120
12 2 90891
13 3 3262
1 5 18785
6 4 59685
7 1 692318
5 17 91518
19 2 62476
20 5 208221
18 21 61555
8 3 78497
9 2 161396
11 20 991805
14 3 1328
13 22 39872
3 0 2282429
19 11 3112
17 15 641816
7 20 19337927
22 20 32216
20 12 808015
18 12 925
21 1 1015415
8 10 31658
9 11 4609
10 0 2185095
11 13 224876
0 22 41912
15 3 27759
13 15 258467
2 20 511287
0 12 525677
3 9 1420
1 9 51549
4 2 230
5 3 8402
16 5 1420
6 8 802243
19 16 1680
17 0 508593
7 13 705409
20 11 3414
18 7 921463
21 10 37013
22 1 59580
9 12 142835
10 11 10783
11 2 19033
9 22 2027
14 13 142404
12 5 798
10 21 544143
15 8 35737657
13 8 50245
0 3 2910733
1 2 5757457
4 9 4020
2 9 12110
5 12 6526
3 20 383196
6 3 163117
7 10 40652
5 22 224
20 18 2350097
16 18 2176
21 19 92581
17 19 75711
14 20 2810883
13 1 3077699
2 0 2627532
