440
7 3 13260
16 9 84730
19 4 5974197
17 20 77519
22 19 109598
20 7 1243465
18 19 302102
21 6 26688
8 5 13918
9 0 120684
10 7 108201
0 17 2773413
14 1 2994
12 17 112
15 4 10623540
13 20 1233922
3 2 76
4 5 516
16 0 287508
19 13 49567
17 13 327145
7 22 10059
18 10 31495
21 15 827526
8 18 1860
11 15 32121
9 19 68188
14 8 58
12 8 37308
1 21 208083
15 13 44726
3 11 433097
1 15 68958
2 12 39600
5 1 26418
3 17 13500
16 7 37512
19 18 3000
17 6 30656
7 15 18076843
20 21 256518
18 5 2413
21 8 78236
22 7 6257
10 9 207697
11 4 5864
9 20 2431578
14 19 1410
12 7 763290
10 19 560642
15 10 8237
13 6 173258
0 5 4140039
1 0 3141432
4 11 265
2 7 21459
5 10 790
6 1 2352
7 4 14042
5 20 522767
16 20 3677606
21 17 53697
19 1 314532
18 22 28423
8 0 2509549
15 19 20892051
11 19 26689
12 20 215281
16 11 52
6 18 13717
19 6 40199
17 10 3064
20 1 3712085
18 17 27011
21 4 23612
8 7 241292
9 6 80803
10 5 108574
11 8 305516
0 19 493625
14 7 8909
12 19 11009
1 18 4564
15 6 23257
13 18 100944
0 9 30137
3 4 1584
4 7 89531
5 6 1640
16 2 2200
6 21 435952
19 15 51603558
17 3 248
7 16 75626
20 8 16638011
18 8 133248
21 13 333858
22 2 166
9 15 583218
10 12 92
8 20 4107654
11 1 162924
9 17 6110
12 10 22907
10 22 7376
13 11 76821
2 16 9260
3 13 19552
1 13 568592
2 10 3620
5 15 44111
3 19 22404
6 12 3577
4 20 2340823
19 20 5906369
17 4 673
7 9 6043
18 3 3268
21 22 1033
22 5 52
11 6 48850
14 17 6003
12 1 790292
10 17 245959
15 20 163250
13 4 9320
0 7 2196576
2 5 56
5 8 16284
6 7 10259579
4 19 5729578
7 6 58450
5 18 1420
19 3 442
20 4 44040
18 20 65731683
8 2 155
9 3 824
11 21 13808
14 2 1330
12 22 52
3 1 16517
16 13 189941
6 16 1299561
19 8 309835
17 8 21204
7 21 1207101
20 3 13479
18 15 1213464
21 2 31257
8 9 16726
9 4 298
10 3 643995
11 10 20042
0 21 129884
12 13 44644
1 16 15898
15 0 11185872
13 16 96280
0 11 388386
3 6 12750
4 1 22233
5 4 2810
16 4 52
6 11 345487
17 1 113072
7 18 162667
20 10 483752
18 6 67419
21 11 810
22 0 25518
9 13 786227
8 22 5624
11 3 8325
12 4 152
10 20 2752699
15 9 258284
13 9 877553
0 2 184872
3 15 1863
1 3 3079
4 8 43057
2 8 122
5 13 1180591
3 21 6053
6 2 585737
19 22 7196
7 11 264
20 17 98633
18 1 246635
21 20 2313156
12 3 788
13 2 828058
1 4 8869
2 3 165
6 5 111540
7 0 51979970
5 16 2840
16 8 195
19 5 6823
17 21 15006
22 18 2840
20 6 413503
21 7 2013721
8 4 51118
9 1 3706876
0 16 128354
14 0 21694
12 16 24498
15 5 259
13 21 69757
16 15 200223
6 22 57966
19 10 12276
22 21 1844
20 13 463172
18 13 8038519
21 0 245703
8 11 12397
22 15 93704
9 10 89323
10 1 34249
11 12 4296
14 11 62
12 15 23326
1 22 175858
15 2 302432
13 14 3415
2 21 13581
0 13 4543621
3 8 52500
1 8 174221
2 15 50848
5 2 40
16 6 11662
6 9 75
17 7 21772
7 12 43949
18 4 121363
21 9 67393
22 6 17468
10 8 462597
11 5 2936
9 21 51561
12 6 21912
15 11 1500
13 7 2069935
0 4 23853
4 10 5519
2 6 117594
5 11 28550
6 0 4135393
7 5 1453919
5 21 9798
20 19 417792
16 19 11218
21 18 46693
17 18 1500
14 21 58
15 16 5599621
13 0 11083591
11 16 6152
2 1 81589
7 2 26551
16 10 14692
19 7 1094255
22 16 226
20 0 6463220
18 16 20500
21 5 14884
8 6 38929
22 10 4823
9 7 1510981
10 4 62723
0 18 16107
14 6 150
12 18 100378
1 19 203805
15 7 846116
13 19 73623
0 8 212422
3 5 66
4 6 4568
5 7 110657
16 1 85264
6 20 8343050
17 12 9060
7 17 16372
20 15 5893344
18 11 11005
8 13 21915
22 13 13875
9 8 12903
10 15 1964694
8 19 6755529
9 18 59687
14 9 172
12 9 3426
1 20 2207405
13 12 429264
2 19 132
0 15 2473973
3 10 11350
4 13 3867
2 13 1428813
5 0 12577821
3 16 1584
6 15 28364518
19 21 124
17 5 9628
20 22 19905
18 2 2190
11 7 29292
12 0 1248694
10 16 161834
15 21 1178
13 5 1949569
0 6 213929
1 7 297822
5 9 158369
5 19 30242
16 21 22994
21 16 16691
19 0 2032758
8 1 238926
15 18 961779
11 18 22158
12 21 187540
16 12 2013
6 19 1432876
19 9 91752
20 2 33434
21 3 1232
22 8 20617
9 5 73206
10 2 65493
0 20 5627028
1 17 663284
15 1 66775
13 17 14184
2 22 48
0 10 82385
3 7 18605
1 11 199767
4 0 1281507
16 3 2040
17 2 3263
7 19 159781
20 9 308104
18 9 40033
21 12 77774
8 15 36675397
10 13 1333391
8 21 6783
11 0 695704
9 16 32461
14 15 1969
12 11 95678
13 10 774592
2 17 6496
0 1 5399768
3 12 1710
1 12 18153
4 15 19346715
2 11 2379
3 18 589
6 13 7451204
4 21 104
7 8 37179
20 16 2408978
18 0 2678040
12 2 9201
13 3 480
1 5 21414
6 4 78228
7 1 471566
5 17 140070
19 2 3204
20 5 313038
18 21 44365
8 3 1308
9 2 144113
11 20 245582
14 3 59
13 22 56788
3 0 438064
19 11 3364
17 15 675532
7 20 44723532
22 20 728503
20 12 24583
21 1 151195
8 10 132328
9 11 92
10 0 1827629
8 16 15492
11 13 1241213
0 22 10027
14 10 52
15 3 15860
13 15 1987362
2 20 72987
0 12 75264
1 9 1191
4 2 106
5 3 156
16 5 1578
6 8 574114
19 16 2346
17 0 245387
7 13 1228250
20 11 41964
18 7 313600
21 10 12389
22 1 35836
9 12 17512
10 11 2297
11 2 1554
9 22 605
14 13 313569
12 5 1747
10 21 348381
15 8 30875325
13 8 142562
0 3 627624
1 2 1633622
4 9 9791
2 9 52
5 12 160
3 20 199187
6 3 261850
7 10 38669
5 22 116
20 18 710720
16 18 3036
21 19 35326
17 19 74991
14 20 2295763
13 1 2257974
2 0 3496044
