457
7 3 2530
16 9 13142
19 4 8149575
17 20 32777
22 19 25724
20 7 233805
18 19 97504
21 6 1860898
8 5 101344
9 0 3502573
10 7 272363
0 17 541271
14 1 84
12 17 49684
15 4 200216
13 20 1523357
3 2 143
4 5 133
16 0 1071434
19 13 1029733
17 13 79685
7 22 16023
20 14 427
21 15 10731
8 12 9415
22 12 4248
9 9 927608
8 18 59696
11 15 396
9 19 22346
14 8 1540
12 8 118712
1 21 1085830
15 13 46623
13 13 69346
2 18 2653
3 11 5628
1 15 531599
4 12 5793
2 12 399263
5 1 24019
3 17 83780
16 7 7389
6 14 1790
19 18 73271
17 6 411700
7 15 1199125
20 21 1397321
18 5 62894
21 8 24705
22 7 10305
10 9 710889
11 4 17725
9 20 455610
14 19 181
12 7 714213
10 19 406166
13 6 8020977
0 5 103475
1 0 2737872
4 11 20412
2 7 25168
3 22 1500
4 17 1031
7 4 6324276
5 20 5003550
16 20 694587
21 17 216966
19 1 150107
18 22 25427
8 0 24798737
15 19 401980
11 19 86097
12 20 888910
16 11 284
6 18 157513
19 6 1607681
20 1 425352
18 17 14283
21 4 24768
8 7 73305
9 6 982464
10 5 569043
11 8 136522
0 19 128145
14 7 266
12 19 72197
1 18 717407
15 6 521010
13 18 111154
0 9 307399
4 7 23130
5 6 110869
16 2 336
6 21 372318
19 15 25455
17 3 2220
7 16 6061
20 8 15080172
18 8 48755
21 13 3634001
8 14 1135
22 2 38
9 15 190514
10 12 4903947
8 20 10394146
11 1 200260
9 17 84083
10 22 3535
15 15 65902
13 11 68046
2 16 48
0 0 23771289
3 13 191
1 13 9567563
5 15 2139
3 19 239104
6 12 3111096
4 20 10694517
19 20 20105483
17 4 2928
7 9 40571
18 3 246
21 22 4048
11 6 1285873
12 1 576452
10 17 74710
15 20 84496
13 4 45080
0 7 3031119
1 6 40
2 5 9867
5 8 5374
6 7 3484563
4 19 9715579
7 6 1237343
5 18 38121
16 22 6398
19 3 7938
20 4 23612
18 20 19041214
8 2 25340
9 3 362
11 21 58358
14 2 500
12 22 16864
3 1 293
16 13 139296
6 16 1751569
19 8 3867622
17 8 2224
7 21 2828673
20 3 1546
18 15 46099
21 2 12045
8 9 62
22 9 7500
9 4 2752
0 21 704921
12 13 2608051
1 16 106943
15 0 268236
13 16 16771
0 11 289778
3 6 2159
4 1 42463
5 4 1104
16 4 80
6 11 198461
19 17 312752
17 1 40402
7 18 258626
18 6 1217146
21 11 72533
22 0 19241
9 13 346219
8 22 147541
11 3 920
14 12 9026
12 4 26571
10 20 1824047
15 9 7452
13 9 4192
0 2 627507
3 15 70864
1 3 676
4 8 46898
2 8 1257
5 13 4158412
3 21 52
6 2 5080793
4 22 1334
19 22 5215
7 11 69325
20 17 30275
18 1 123395
21 20 463868
12 3 2150
13 2 52616
1 4 171439
2 3 38
6 5 72442
7 0 3138295
16 8 159
19 5 27103
17 21 1088098
22 18 8244
20 6 10546377
18 18 167512
21 7 225925
8 4 36488
9 1 59761
0 16 13586
14 0 733650
12 16 11766
15 5 3574
13 21 1414477
16 15 44
6 22 62649
22 21 1497
20 13 1694941
18 13 10907517
21 0 1450397
8 11 1448137
8 17 31698
11 12 77171
14 11 1580
12 15 73693
1 22 154978
15 2 521832
13 14 576344
2 21 27846
0 13 4586294
3 8 3000
1 8 261184
2 15 702290
5 2 356
16 6 174768
6 9 734
19 19 26235411
17 7 173278
7 12 1654841
20 20 671902
18 4 63652
21 9 352149
22 6 46162
10 8 22636
11 5 90515
9 21 1031786
14 18 82
12 6 2570906
10 18 178298
13 7 210832
0 4 160074
2 6 5503122
5 11 19787
6 0 711965
4 16 40
7 5 1500292
5 21 37166
20 19 403387
16 19 997
21 18 88981
17 18 2492
14 21 1694
13 0 6957854
11 16 292
2 1 43647
7 2 383
19 7 65112
22 16 489
20 0 263367
18 16 3958
21 5 72465
8 6 330696
9 7 2144945
10 4 5769
11 9 40344
0 18 306056
14 6 162417
12 18 50345
1 19 1051601
15 7 2128802
13 19 37346
0 8 211522
3 5 1500
4 6 459354
5 7 86505
16 1 1947
6 20 1379608
19 12 39342
17 12 10576
7 17 187710
20 15 2019160
18 11 379927
21 14 89
8 13 1603486
22 13 22129
9 8 10565
10 15 27687
8 19 10795496
11 14 52
9 18 11879002
12 9 20620
1 20 3258020
15 12 240596
13 12 892616
2 19 1624
0 15 714368
1 14 10827
4 13 18876
2 13 38648
5 0 12060579
3 16 231
6 15 43636
19 21 21145
17 5 9902
7 14 478303
20 22 1022
18 2 54831
22 4 8107
11 7 9897
12 0 504842
10 16 74253
15 21 20322
13 5 5851830
0 6 9541554
1 7 452332
5 9 5719
6 6 251
4 18 112935
7 7 3441245
5 19 5262
16 21 13199
21 16 4615
19 0 39012521
17 16 52
8 1 7557
15 18 4191
11 18 96123
12 21 1073728
16 12 8483
6 19 243657
19 9 40
17 9 43100
20 2 653090
18 14 115
21 3 56
22 8 3442
9 5 5852024
10 2 316747
0 20 8187085
12 12 73127
1 17 799991
15 1 20370
13 17 19423
2 22 47
3 7 1468
1 11 1182551
4 0 26663586
16 3 422
19 14 41
17 2 71218
7 19 14882069
20 9 480185
18 9 95357
21 12 311106
8 15 25157
22 3 232
9 14 87
10 13 2839128
8 21 35397
11 0 360720
9 16 1606566
14 15 202
12 11 604223
15 14 1500
2 17 1212
0 1 2464551
3 12 2998
1 12 973739
4 15 15629
2 11 1388
3 18 459
6 13 3595587
4 21 19774
7 8 12697594
20 16 1352368
18 0 52685717
21 21 79850
12 2 19883
1 5 678411
6 4 37760
7 1 287244
5 17 15322
19 2 845
20 5 26508
18 21 57134
8 3 168
9 2 128343
11 20 282018
14 3 166
13 22 1805
3 0 468
16 14 120
6 17 386685
19 11 80570
7 20 128959
22 20 5203
20 12 2506088
18 12 29097
21 1 36490
9 11 82358
10 0 999629
8 16 3761
11 13 193814
0 22 19664
12 14 6046
15 3 1019
13 15 53022
2 20 38155
0 12 503788
3 9 106
1 9 647236
4 2 106
2 14 19936
5 3 42
6 8 174762
19 16 281
17 0 204164
7 13 1514299
20 11 130695
18 7 184851
22 1 28221
9 12 165515
10 11 212273
11 2 103827
9 22 300
14 13 202473
12 5 11945
10 21 653406
15 8 114881
13 8 81079
0 3 192
1 2 415654
4 9 40
2 9 40
5 12 42680
3 20 1791
5 22 52
20 18 12060282
16 18 945
21 19 21431
17 19 21288
14 20 140378
13 1 433145
2 0 1784015
