453
7 3 62845
16 9 104401
19 4 3174542
17 20 129581
22 19 68748
20 7 2052665
18 19 284083
21 6 65624
8 5 10580
9 0 105697
10 7 279712
0 17 1657734
14 1 228
12 17 749
15 4 4320729
13 20 1304404
3 2 1538
4 5 40
16 0 136971
19 13 9885
17 13 12841
7 22 10833
18 10 143047
21 15 345483
9 9 25175
8 18 75
11 15 13622
9 19 35993
14 8 229
12 8 17390
1 21 340541
15 13 18316
13 13 104173
2 18 52
3 11 5887
1 15 30270
2 12 14033
5 1 25989
3 17 184
16 7 45671
19 18 3285
17 6 63656
7 15 19296823
20 21 68040
18 5 27224
21 8 29808
22 7 5097
10 9 185146
11 4 3323
9 20 2170998
14 19 2096
12 7 1998722
10 19 54807
15 10 59167
13 6 450847
0 5 5525890
1 0 244076
4 11 10472
2 7 8676
5 10 4773
3 22 64
6 1 1372
7 4 6526
5 20 419970
16 20 2696062
21 17 19083
19 1 259961
17 17 5256
18 22 1798
8 0 1151387
15 19 13386589
11 19 55405
12 20 195930
16 11 136
6 18 42424
19 6 43872
17 10 525160
20 1 4351101
18 17 16671
21 4 16594
8 7 356622
9 6 48202
10 5 672587
11 8 87064
0 19 202965
14 7 16167
12 19 734
1 18 29920
15 6 13534
13 18 405880
0 9 21074
4 7 142474
5 6 14049
16 2 3064
6 21 675152
19 15 51512520
7 16 18517
20 8 8880981
18 8 62991
21 13 319498
22 2 53
9 15 1167744
8 20 5234506
11 1 913142
9 17 14799
12 10 118243
10 22 4812
15 15 1511121
13 11 31159
2 16 1987
0 0 34793323
3 13 7495
1 13 170558
2 10 29530
5 15 42871
3 19 172
6 12 1539
4 20 1896042
19 20 6376676
17 4 24598
7 9 3612
18 3 1041
21 22 7562
22 5 1786
11 6 89049
12 1 763707
10 17 53821
15 20 126476
13 4 393
0 7 2207926
1 6 272
2 5 160
5 8 4552
6 7 13232563
4 19 4320677
7 6 38251
5 18 3032
16 22 52
19 3 487
20 4 11703
18 20 54739260
8 2 7512
9 3 1263
11 21 39003
14 2 135
12 22 312
3 1 261618
16 13 129661
6 16 355817
19 8 86323
17 8 18432
7 21 1055843
20 3 22346
18 15 935632
21 2 18196
8 9 59064
9 4 1500
10 3 544209
11 10 48633
0 21 31835
12 13 108052
1 16 6775
15 0 9615671
13 16 20681
0 11 203874
3 6 207542
1 10 1478
4 1 21030
6 11 80587
17 1 896920
7 18 8136
20 10 322494
18 6 131310
21 11 4316
22 0 3354
9 13 372019
8 22 10240
11 3 1941
14 12 1379
10 20 2765304
15 9 136151
13 9 6980
0 2 506694
3 15 3720
1 3 1611
4 8 18832
2 8 1940
5 13 1131052
3 21 6497
6 2 3826375
4 22 17512
19 22 1886
7 11 4760
20 17 2679490
18 1 224014
21 20 2019159
12 3 1033
13 2 98487
1 4 5522
2 3 111
6 5 312101
7 0 57297267
5 16 211
16 8 3676
19 5 10242
17 21 1909
22 18 116
20 6 1116058
18 18 297115
21 7 3090808
8 4 11389
9 1 7834043
0 16 27124
14 0 7303
12 16 12254
15 5 524
13 21 1491522
16 15 282770
6 22 109993
19 10 72562
22 21 49
20 13 144609
18 13 4504439
21 0 131739
8 11 12191
22 15 100639
9 10 49914
10 1 141236
11 12 9839
14 11 4368
12 15 39369
1 22 6277
15 2 240432
13 14 96
2 21 10988
0 13 2748003
3 8 1500
1 8 2498053
2 15 41144
5 2 2760
16 6 31600
6 9 177
19 19 19791459
17 7 127405
7 12 41847
20 20 4059175
18 4 13184
21 9 119404
22 6 10938
10 8 113434
11 5 14721
9 21 582396
12 6 338467
10 18 105
13 7 999193
0 4 127613
1 1 212495
4 10 1898
2 6 28762
5 11 15655
6 0 3168823
4 16 40
7 5 1764512
5 21 8454
20 19 588418
16 19 9974
21 18 39039
17 18 2371
15 16 2756551
13 0 9826118
11 16 18097
2 1 49942
7 2 31684
16 10 28148
19 7 1451918
22 16 104
20 0 5476029
18 16 5083
21 5 129026
8 6 38832
22 10 26558
9 7 2306892
10 4 3809
11 9 102
0 18 16774
14 6 25733
12 18 37751
1 19 64208
15 7 1150207
13 19 41793
0 8 66158
3 5 928388
4 6 15005
5 7 109272
16 1 51524
6 20 4702644
17 12 2003
7 17 43608
20 15 5151997
18 11 28309
8 13 18466
22 13 5707
9 8 13761
10 15 2082163
8 19 3693146
9 18 135546
14 9 1572
12 9 344
1 20 1000357
13 12 268980
2 19 96
0 15 277291
3 10 95998
1 14 60
4 13 642
2 13 4676
5 0 15528830
3 16 124
6 15 19959853
19 21 24497
17 5 3818
20 22 3569
18 2 1805
22 4 196
11 7 11744
12 0 1075548
10 16 100851
13 5 1659920
0 6 313360
1 7 27412
2 4 167
5 9 138810
6 6 34633
4 18 260
7 7 1618882
5 19 47239
16 21 7178
21 16 21841
19 0 2145741
17 16 62
8 1 97906
15 18 1216524
11 18 70863
12 21 221399
16 12 372
6 19 2626056
19 9 81330
17 9 300
20 2 29539
21 3 680
22 8 5620
9 5 34252
10 2 244952
0 20 4772933
1 17 303722
15 1 44123
13 17 11311
0 10 1195063
3 7 23587
1 11 213858
4 0 716968
16 3 418
17 2 147
7 19 59972
20 9 196060
18 9 44865
21 12 16924
8 15 28437935
22 3 78
10 13 1139872
8 21 1800
11 0 670975
9 16 18818
14 15 1948
12 11 16654
13 10 340504
0 1 1624436
3 12 3014
1 12 15147
4 15 17771379
2 11 1053
3 18 19225
6 13 13998273
7 8 59443
20 16 956566
18 0 2429918
21 21 44699
12 2 8038
1 5 167705
6 4 160949
7 1 207540
5 17 11322
19 2 104
20 5 248659
18 21 77819
9 2 131208
11 20 354232
13 22 47615
3 0 327545
19 11 1356
17 15 448485
7 20 45216358
22 20 30635
20 12 46788
21 1 239280
8 10 37313
9 11 13935
10 0 1331112
8 16 1545
11 13 20554
0 22 81270
14 10 132
15 3 4964
13 15 234748
2 20 57877
0 12 16642
1 9 2890
4 2 1559
5 3 17140
16 5 664
6 8 533045
19 16 126
17 0 1649096
7 13 136992
20 11 3289
18 7 595886
21 10 32664
22 1 9428
9 12 12419
10 11 90
11 2 1816
9 22 409
14 13 183944
12 5 4238
10 21 1080055
15 8 18297414
13 8 11927
0 3 123560
1 2 123993
4 9 111337
2 9 274
5 12 4747
3 20 950594
6 3 984367
7 10 36715
5 22 228
20 18 1219302
16 18 4260
21 19 64746
17 19 7345
14 20 1526572
13 1 2076266
2 0 6939108
