449
7 3 14186
16 9 123257
19 4 8979781
17 20 1313681
22 19 48968
20 7 839112
18 19 480926
21 6 58341
8 5 123893
9 0 263847
10 7 560873
0 17 1701949
14 1 12298
12 17 19810
15 4 11789325
13 20 3488072
3 2 31153
4 5 6000
16 0 90194
19 13 67459
17 13 26292
7 22 48331
18 10 105868
21 15 1294704
8 18 50020
11 15 431561
9 19 51166
14 8 183
12 8 1504
1 21 121800
15 13 34669
3 11 2765
1 15 223024
2 12 26302
5 1 64501
3 17 1500
16 7 55177
19 18 3283
17 6 45493
7 15 43895294
20 21 381381
18 5 8460
21 8 74271
22 7 43648
10 9 10297
11 4 413672
9 20 2567381
14 19 2353
12 7 797845
10 19 955743
15 10 23864
13 6 560911
0 5 8381206
1 0 1300991
4 11 40
2 7 15746
5 10 13163
3 22 1580
6 1 2538
7 4 66190
5 20 537087
16 20 3462125
21 17 26283
19 1 579479
18 22 6197
8 0 2732600
15 19 26497043
11 19 186906
12 20 182362
6 18 46500
19 6 7954
17 10 159094
20 1 6221655
18 17 11882
21 4 30284
8 7 647866
9 6 67656
10 5 153594
11 8 213344
0 19 472378
14 7 26385
12 19 7392
1 18 3994
15 6 49909
13 18 89834
0 9 41266
3 4 47
4 7 323888
5 6 2987
16 2 4700
6 21 939738
19 15 51489182
17 3 99
7 16 5557
20 8 19780084
18 8 73296
21 13 423261
22 2 427
9 15 726395
10 12 132
8 20 8152485
11 1 471652
9 17 6615
12 10 305243
10 22 6349
13 11 63094
2 16 244
3 13 772940
1 13 5140292
2 10 17900
5 15 71471
3 19 440
6 12 9419
4 20 2237760
19 20 6534393
17 4 2211
7 9 21241
18 3 351
21 22 17584
22 5 3052
11 6 63729
12 1 2000138
10 17 100122
15 20 407638
13 4 4368
0 7 2853400
2 5 1803
5 8 12740
6 7 4483595
4 19 8256025
7 6 36774
5 18 52
16 22 6404
19 3 20740
20 4 34130
18 20 68620915
8 2 37672
9 3 1495
11 21 148006
14 2 5439
12 22 3379
3 1 246379
16 13 276240
6 16 586091
19 8 444537
17 8 1420352
7 21 214995
20 3 15725
18 15 1832375
21 2 61688
8 9 58044
9 4 438
10 3 767688
11 10 412230
0 21 144174
12 13 151590
1 16 62121
15 0 13850073
13 16 37433
0 11 2278810
3 6 16469
1 10 3560
4 1 360458
5 4 344
16 4 1003
6 11 492577
17 1 630566
7 18 6488
20 10 670808
18 6 50214
21 11 16597
22 0 232844
9 13 476683
8 22 4059
11 3 884
12 4 1552
10 20 4246920
15 9 398837
13 9 259689
0 2 461030
3 15 435
1 3 18634
4 8 91838
2 8 113176
5 13 1330626
3 21 43395
6 2 3962070
4 22 10554
19 22 465760
7 11 2130
20 17 25531
18 1 407668
21 20 2144901
12 3 8573
13 2 155938
1 4 39203
2 3 7546
6 5 195132
7 0 85740387
5 16 114
16 8 1280
19 5 44626
17 21 5347
22 18 6117
20 6 1422119
21 7 850272
8 4 40861
9 1 10040402
0 16 26105
14 0 37285
12 16 6726
15 5 591
13 21 630700
16 15 348185
6 22 171363
19 10 128207
22 21 48659
20 13 2240600
18 13 6183182
21 0 172455
8 11 10375
22 15 217718
9 10 109515
10 1 162
11 12 23990
14 11 2757
12 15 48739
1 22 7567
15 2 323312
13 14 106
2 21 20054
0 13 3298772
3 8 908
1 8 205169
2 15 25239
5 2 1724
16 6 20085
6 9 188253
17 7 6452
7 12 228245
18 4 15760
21 9 372370
22 6 8613
10 8 258607
11 5 9392
9 21 889726
14 18 144
12 6 105255
10 18 27571
13 7 1417505
0 4 49663
4 10 20495
2 6 11806
5 11 754
6 0 4339234
4 16 51456
7 5 2049320
5 21 93610
20 19 1431308
16 19 28661
21 18 56199
17 18 449
14 21 1674
15 16 6930213
13 0 13339074
11 16 12775
2 1 106508
7 2 20200
16 10 31147
19 7 461608
22 16 1660
20 0 9759599
18 16 7069
21 5 68950
8 6 48856
22 10 12363
9 7 1602330
10 4 151165
11 9 17325
0 18 133253
14 6 191
12 18 69257
1 19 1823627
15 7 1127628
13 19 602355
0 8 417240
3 5 28480
4 6 23147
5 7 149005
16 1 64953
6 20 17691839
17 12 538
7 17 2193
20 15 6206799
18 11 6636
8 13 123355
22 13 10968
9 8 41743
10 15 5245975
8 19 9167146
9 18 102978
14 9 299
12 9 1830
1 20 2474865
13 12 525583
2 19 3915
0 15 1349029
3 10 95801
4 13 2627
2 13 60922
5 0 17179115
3 16 1460
6 15 9814881
19 21 8920
17 5 96
20 22 13715
18 2 5044
22 4 570
11 7 43951
12 0 2233676
10 16 92083
15 21 78
13 5 4603945
0 6 389560
1 7 272690
2 4 572
5 9 445971
4 18 1213
5 19 73033
16 21 11822
21 16 6161
19 0 3113157
17 16 1500
8 1 255458
15 18 1832351
11 18 37644
12 21 416999
16 12 1751
6 19 3571114
19 9 82457
17 9 80
20 2 198795
21 3 3388
22 8 12496
9 5 17333
10 2 139816
0 20 6992042
14 4 40
1 17 167280
15 1 166162
13 17 51812
2 22 1006
0 10 473906
3 7 18384
1 11 886845
4 0 2951316
16 3 222
17 2 3052
7 19 1171520
20 9 476769
18 9 146311
21 12 79767
8 15 42401890
10 13 2029385
8 21 33052
11 0 2524114
9 16 8737
14 15 1074
12 11 28663
13 10 708303
2 17 3041
0 1 2531573
3 12 4374
1 12 30638
4 15 27724605
2 11 9148
3 18 1458
6 13 11505512
4 21 9606
7 8 70052
20 16 2587204
18 0 2913101
12 2 18142
13 3 120
1 5 63011
6 4 304481
7 1 171862
19 2 9424
20 5 353109
18 21 83291
9 2 112618
11 20 912309
13 22 27624
3 0 250255
19 11 10941
17 15 1047389
7 20 69705485
22 20 29511
20 12 101076
18 12 48
21 1 1225186
8 10 28567
9 11 3753
10 0 1865673
8 16 40
11 13 138042
0 22 226271
14 10 218
15 3 6726
13 15 117127
2 20 387803
0 12 428679
1 9 5183
4 2 26764
5 3 594
16 5 203
6 8 842759
19 16 12658
17 0 1712918
7 13 1054111
20 11 15561
18 7 686006
21 10 162055
22 1 17164
9 12 45041
10 11 31738
11 2 328186
9 22 1098
14 13 253649
12 5 5177
10 21 468664
15 8 33182756
13 8 49090
0 3 1346004
1 2 233031
4 9 17523
2 9 92
5 12 38085
3 20 323605
6 3 57616
7 10 30294
5 22 629
20 18 1464055
16 18 1335
21 19 228563
17 19 178036
14 20 2472939
13 1 3059950
2 0 6473280
