446
7 3 5137
16 9 80219
19 4 7143601
17 20 357052
22 19 147174
20 7 1039485
18 19 700981
21 6 68153
8 5 8367
9 0 148522
10 7 741343
0 17 551936
14 1 1887
12 17 578
15 4 10652575
13 20 3138537
3 2 254920
16 0 126281
19 13 95663
17 13 36457
7 22 7816
18 10 347218
21 15 845559
8 18 6982
11 15 3027
9 19 35129
12 8 20400
1 21 23237
15 13 41133
3 11 59791
1 15 1095301
2 12 101807
5 1 25502
3 17 1590
16 7 64568
19 18 4722
17 6 32157
7 15 42128229
20 21 1258278
18 5 25625
21 8 28493
22 7 17082
10 9 5247
11 4 12884
9 20 2580014
14 19 3929
12 7 107513
10 19 252465
15 10 111703
13 6 409842
0 5 6504291
1 0 2237719
2 7 2617005
5 10 24080
3 22 38
6 1 505
7 4 22652
5 20 547611
16 20 3438653
21 17 33013
19 1 409479
18 22 1297
8 0 3310224
15 19 25075979
11 19 966373
12 20 3761748
16 11 358
6 18 128987
19 6 78249
17 10 37896
20 1 3715031
18 17 56164
21 4 19916
8 7 300422
9 6 72941
10 5 116542
11 8 167472
0 19 295615
14 7 14342
12 19 35913
1 18 71759
15 6 35720
13 18 82963
0 9 43536
3 4 1500
4 7 415978
5 6 4764
16 2 21909
6 21 739377
19 15 53479187
17 3 60
7 16 140191
20 8 18035044
18 8 160451
21 13 1295995
9 15 1075489
10 12 5357
8 20 3047891
11 1 606163
9 17 22727
12 10 57481
10 22 37941
13 11 107698
2 16 5668
3 13 61811
1 13 520726
2 10 7892
5 15 50994
3 19 1694
6 12 36715
4 20 2216441
19 20 5027300
17 4 80
7 9 59406
18 3 911
21 22 13074
22 5 384
11 6 348132
14 17 3390
12 1 622598
10 17 401931
15 20 501271
13 4 8922
0 7 2953517
2 5 260
5 8 12305
6 7 21582411
4 19 7810081
7 6 63502
5 18 2228
16 22 52
19 3 18359
20 4 13863
18 20 69606042
8 2 1196
9 3 2100
11 21 127211
14 2 293
12 22 4002
3 1 107825
16 13 244949
6 16 553664
19 8 304550
17 8 55925
7 21 34090793
20 3 1513
18 15 1605425
21 2 51054
8 9 60716
9 4 221
10 3 40466
11 10 182679
0 21 207771
14 5 38
12 13 164302
1 16 27930
15 0 13430572
13 16 35633
0 11 831003
3 6 21351
1 10 431208
4 1 34104
5 4 1733
16 4 63
6 11 127190
17 1 490315
7 18 14245
20 10 806761
18 6 70361
21 11 28069
22 0 31654
9 13 472792
8 22 18114
11 3 3593
14 12 721
12 4 2053
10 20 2708116
15 9 563170
13 9 5672
0 2 461575
3 15 19616
1 3 45243
4 8 73211
2 8 78160
5 13 1381806
3 21 31247
6 2 592955
4 22 16448
19 22 75377
7 11 3380
20 17 1157382
18 1 594220
16 17 44
21 20 1760731
12 3 2290
13 2 339319
1 4 24749
2 3 3702
6 5 161639
7 0 81604709
5 16 1500
16 8 465
19 5 48719
17 21 147752
22 18 641
20 6 368371
21 7 1063926
8 4 31872
9 1 5610103
0 16 66960
14 0 48427
12 16 17082
15 5 12786
13 21 2687685
16 15 367709
6 22 501382
19 10 39845
20 13 2911455
18 13 7423063
21 0 164411
8 11 5654
22 15 73158
9 10 96467
10 1 849
11 12 34758
14 11 2635
12 15 14460
1 22 119144
15 2 310610
13 14 96
2 21 53920
0 13 4830282
1 8 248024
4 3 40
2 15 25588
5 2 325
16 6 14901
6 9 40816
17 7 17658
7 12 612909
18 4 90141
21 9 148409
22 6 7110
10 8 35800
11 5 18398
9 21 125883
12 6 81760
10 18 6139
13 7 3212755
0 4 23730
4 10 25009
2 6 47474
5 11 12378
6 0 4118223
7 5 1572476
5 21 146593
20 19 1675502
16 19 17688
21 18 73719
17 18 2293
14 21 1605
15 16 6896362
13 0 13606403
11 16 13976
2 1 146547
7 2 510077
16 10 25674
19 7 958010
20 0 9279797
18 16 57301
21 5 117333
8 6 62398
22 10 151918
9 7 5069570
10 4 49646
11 9 9914
0 18 8194
14 6 132
12 18 56881
1 19 565547
15 7 1440546
13 19 32243
0 8 484709
3 5 182
4 6 21869
5 7 125193
16 1 55700
6 20 11895063
17 12 2648
7 17 264042
20 15 7297398
18 11 33537
8 13 77720
22 13 9296
9 8 24448
10 15 4695491
8 19 6725934
9 18 84192
14 9 4160
12 9 3985
1 20 3056259
13 12 644347
2 19 22298
0 15 771580
3 10 44083
4 13 7767
2 13 54928
5 0 16577771
3 16 1898
6 15 10686386
19 21 8495
17 5 12208
20 22 167379
18 2 8391
22 4 153240
11 7 54957
12 0 1635225
10 16 93114
15 21 98458
13 5 2893283
0 6 563453
1 7 3500136
2 4 808
5 9 283085
4 18 181
5 19 41498
16 21 23074
21 16 25554
19 0 3083833
17 16 1648
8 1 1023965
15 18 1782167
11 18 57603
12 21 84811
16 12 10283
6 19 3092957
19 9 78424
17 9 1500
20 2 52206
21 3 7069
22 8 1263
9 5 36690
10 2 56065
0 20 6276044
1 17 221414
15 1 191251
13 17 16172
2 22 1128
0 10 306019
3 7 20941
1 11 271307
4 0 1053793
16 3 60
17 2 172
7 19 972241
20 9 617715
18 9 145683
21 12 62223
8 15 43602647
10 13 2654846
8 21 6981
11 0 1432319
9 16 105524
14 15 1980
12 11 29608
13 10 488446
2 17 1590
0 1 3567732
3 12 25733
1 12 65190
4 15 27303055
2 11 2047
3 18 5878
6 13 29861030
4 21 724
7 8 41465
20 16 2197986
18 0 3249292
14 22 2840
12 2 5482
13 3 1340
1 5 13475
6 4 172296
7 1 3766181
5 17 378952
19 2 4796
20 5 628234
18 21 70104
9 2 85074
11 20 733581
13 22 28566
3 0 170331
19 11 5977
17 15 1333632
7 20 5003697
22 20 55354
20 12 1184452
21 1 212339
8 10 7975
9 11 1829
10 0 1894052
8 16 8673
11 13 166877
0 22 5633
14 10 9347
15 3 5146
13 15 13247
2 20 187293
0 12 194393
3 9 52
1 9 3483
4 2 8826
5 3 175
16 5 4388
6 8 526846
19 16 1900
17 0 291180
7 13 992484
20 11 139622
18 7 784457
21 10 162975
22 1 25283
9 12 74691
10 11 87878
11 2 92045
9 22 676
14 13 201587
12 5 6294
10 21 498781
15 8 33377880
13 8 79540
0 3 406984
1 2 378512
4 9 13748
2 9 43562
5 12 10334
3 20 119503
6 3 112137
7 10 33556
20 18 1508405
16 18 27222
21 19 82981
17 19 407336
14 20 2360965
13 1 4666807
2 0 3923353
