451
7 3 9704
16 9 290098
19 4 5484188
17 20 1659219
22 19 46509
20 7 2782438
18 19 574672
21 6 38785
8 5 101393
9 0 368879
10 7 677364
0 17 1451023
14 1 2547
12 17 30938
15 4 6520387
13 20 3384380
16 0 76887
19 13 15813
17 13 5302
7 22 800450
18 10 98684
21 15 325794
9 9 18360
8 18 394
11 15 56218
9 19 66111
14 8 1476
12 8 317
1 21 26320
15 13 10950
13 13 466544
2 18 513
3 11 7600
1 15 70503
2 12 50372
5 1 19351
16 7 57304
19 18 4616
17 6 47554
7 15 51298947
20 21 880572
18 5 206722
21 8 30897
22 7 22575
10 9 65
11 4 7444
9 20 2428352
14 19 316
12 7 61614
10 19 120740
15 10 82266
13 6 618492
0 5 5951774
1 0 1251308
4 11 18660
2 7 2667019
5 10 7857
6 1 3694
7 4 54256
5 20 562105
16 20 2475892
21 17 15426
19 1 354935
17 17 11379
18 22 8361
8 0 2321135
15 19 16256575
11 19 277190
12 20 103494
16 11 226
6 18 13827
19 6 15805
17 10 8877
20 1 4438028
18 17 297470
21 4 17795
8 7 550977
9 6 115633
10 5 146203
11 8 222704
0 19 428995
14 7 27961
12 19 13419
1 18 35123
15 6 68289
13 18 95949
0 9 211379
3 4 1580
4 7 354543
5 6 5435
16 2 6134
6 21 831829
19 15 51779251
17 3 128
7 16 11302
20 8 11711908
18 8 250371
21 13 358749
22 2 3056
9 15 923997
10 12 188
8 20 2440469
11 1 926094
9 17 70299
12 10 38528
10 22 63350
15 15 1121459
13 11 61101
2 16 475
0 0 36592097
3 13 112379
1 13 433720
2 10 2201
5 15 59954
3 19 224
6 12 387
4 20 2446485
19 20 4552243
17 4 3146
7 9 2871
18 3 611
21 22 3455
22 5 66
11 6 97938
12 1 965657
10 17 391201
15 20 536906
13 4 444
0 7 2814970
1 6 216
2 5 52
5 8 14152
6 7 1671788
4 19 5635207
7 6 99366
5 18 152
19 3 3570
20 4 10550
18 20 60067718
8 2 73
9 3 475
11 21 34126
14 2 1356
12 22 267
3 1 23182
16 13 260697
6 16 240233
19 8 541325
17 8 55474
7 21 29177378
20 3 11042
18 15 1191855
21 2 55478
8 9 45355
9 4 130050
10 3 83353
11 10 32058
0 21 559744
12 13 155678
1 16 23678
15 0 10258705
13 16 27038
0 11 777303
3 6 67019
4 1 40749
16 4 52
6 11 219675
17 1 1458241
7 18 6576
20 10 333927
18 6 93022
21 11 9429
22 0 3520
9 13 559808
8 22 24464
11 3 624
14 12 81
12 4 6052
10 20 3647153
15 9 493353
13 9 6659
0 2 415328
1 3 4687
4 8 10839
2 8 1563
5 13 1433269
3 21 71858
6 2 325228
4 22 2696
19 22 44838
7 11 4509
20 17 100760
18 1 233928
16 17 1420
21 20 2858168
12 3 3507
13 2 202411
1 4 15997
2 3 361
6 5 467051
7 0 50065951
16 8 155
19 5 24587
17 21 3792
22 18 1310
20 6 714872
18 18 92794
21 7 1490100
8 4 22052
9 1 3696669
0 16 41362
14 0 27468
12 16 3095
15 5 11990
13 21 400376
16 15 106324
6 22 32262
19 10 77401
22 21 77
20 13 1303650
18 13 6380911
21 0 158545
8 11 15867
22 15 86987
9 10 26423
10 1 22604
11 12 5208
14 11 122
12 15 40236
1 22 130548
15 2 360550
2 21 117544
0 13 2517855
3 8 1830
1 8 523454
4 3 80
2 15 10649
5 2 271
16 6 23767
6 9 1165
19 19 22769885
17 7 5653
7 12 157517
20 20 2351159
18 4 22485
21 9 128023
22 6 9233
10 8 610284
11 5 32649
9 21 115903
12 6 52195
10 18 17470
15 11 1500
13 7 2425036
0 4 30034
1 1 286844
4 10 5776
2 6 28193
5 11 2690
6 0 2196958
7 5 1526204
5 21 68240
20 19 635781
16 19 18582
21 18 15504
17 18 797
14 21 58
15 16 2792218
13 0 11045186
11 16 341
2 1 53886
7 2 528924
16 10 9441
19 7 464943
20 0 8690275
18 16 11292
21 5 162439
8 6 30518
22 10 6534
9 7 4254299
10 4 22531
11 9 8888
0 18 9961
12 18 203500
1 19 25101
15 7 1231929
13 19 142828
0 8 158083
3 5 11526
4 6 19424
5 7 149695
16 1 25101
6 20 17787219
17 12 23143
7 17 6072
20 15 8201795
18 11 19026
8 13 35042
22 13 17288
9 8 50820
10 15 3521404
8 19 6010054
9 18 76210
12 9 1763
1 20 966845
13 12 1601020
2 19 6974
0 15 650173
3 10 24331
4 13 2311
2 13 116881
5 0 14430383
3 16 1748
6 15 9879228
19 21 12585
17 5 12268
20 22 14462
18 2 5155
22 4 151500
11 7 48234
12 0 1141062
10 16 49450
15 21 8590
13 5 2549483
0 6 466125
1 7 1940466
2 4 132
5 9 185176
6 6 85536
4 18 1420
7 7 120112568
5 19 20697
16 21 16883
21 16 17564
19 0 3693744
17 16 2071
8 1 1028805
15 18 1515250
11 18 53723
12 21 160639
16 12 6689
6 19 4420781
19 9 70339
17 9 774
20 2 80625
18 14 81
21 3 722
22 8 15067
9 5 1179767
10 2 184608
0 20 4172774
12 12 2318
1 17 45607
15 1 41267
13 17 19047
2 22 52
0 10 283965
3 7 11963
1 11 236173
4 0 956536
16 3 386
7 19 811055
20 9 200174
18 9 122826
21 12 218365
8 15 32777655
10 13 1436316
8 21 10968
11 0 955841
9 16 29483
14 15 431
12 11 54511
13 10 395036
2 17 243
0 1 2887561
3 12 12370
1 12 547317
4 15 24289329
2 11 1082
3 18 11494
6 13 19532840
4 21 141
7 8 1420982
20 16 1136888
18 0 3165653
21 21 171928
14 22 1420
12 2 4757
13 3 1512
1 5 13180
6 4 206418
7 1 2961187
5 17 65400
19 2 9770
20 5 529491
18 21 39200
8 3 1502
9 2 621413
11 20 511756
14 3 128
13 22 10517
3 0 156794
17 15 648078
7 20 1928286
22 20 42156
20 12 1176523
21 1 153175
8 10 11154
9 11 3268
10 0 1184888
8 16 155
11 13 167439
0 22 22437
15 3 148
13 15 22632
2 20 139272
0 12 356819
1 9 84972
4 2 3584
5 3 382
6 8 971031
19 16 2957
17 0 534991
7 13 272436
20 11 27115
18 7 273537
21 10 23578
22 1 15884
9 12 37325
10 11 91810
11 2 44167
9 22 428
14 13 51868
12 5 13664
10 21 265257
15 8 20274681
13 8 31686
0 3 202665
1 2 189888
4 9 157660
5 12 476
3 20 622330
6 3 106203
7 10 47940
20 18 1142068
16 18 3294
21 19 106587
17 19 219031
14 20 1923101
13 1 5375051
2 0 3550649
