450
7 3 8402
16 9 13284
19 4 15721398
17 20 109519
22 19 54428
20 7 320304
18 19 287369
21 6 2309238
8 5 41129
9 0 3336097
10 7 25697
0 17 1138857
14 1 1506
12 17 326371
15 4 560470
13 20 1236845
3 2 2792
4 5 2829
16 0 1601889
19 13 284421
17 13 597835
7 22 16658
20 14 148270
21 15 108651
8 12 28396
22 12 7694
10 14 557
8 18 27641
11 15 82
9 19 67328
14 8 1289
12 8 126888
1 21 2488504
15 13 64231
2 18 5023
0 14 3196
3 11 50246
1 15 674772
4 12 16328
2 12 391349
5 1 41924
3 17 3000
16 7 5516
6 14 57
19 18 221194
17 6 432745
7 15 896987
20 21 1468766
18 5 29386
21 8 31809
22 7 5019
10 9 235435
11 4 27970
9 20 635189
14 19 220
12 7 1334449
10 19 287784
13 6 11529359
0 5 261643
1 0 5866892
4 11 423023
2 7 118966
3 22 4420
4 17 3907
7 4 12889121
5 20 6162437
16 20 1122928
21 17 66659
19 1 101240
18 22 2511
8 0 32678896
15 19 993241
11 19 180603
12 20 598107
16 11 137
6 18 113410
19 6 798005
20 1 365015
18 17 90638
21 4 10510
8 7 207244
9 6 2628983
10 5 557218
11 8 706314
0 19 2640070
14 7 8562
12 19 130001
1 18 1729893
15 6 432016
13 18 892732
0 9 598584
3 4 708
4 7 11493
5 6 198074
16 2 678
6 21 636930
19 15 76421
17 3 144
7 16 4403
20 8 23833854
18 8 86324
21 13 4114862
8 14 1532
22 2 2496
9 15 193105
10 12 1822179
8 20 13416345
11 1 1449470
9 17 64492
10 22 8834
13 11 316707
2 16 447
3 13 7475
1 13 7726812
4 14 9802
5 15 1981
3 19 393297
6 12 7809996
4 20 13535304
19 20 21750770
17 4 240745
7 9 141456
18 3 3421
21 22 20828
11 6 1076178
14 17 40
12 1 362675
10 17 221871
15 20 262933
13 4 38227
0 7 876282
5 8 13587
6 7 1472845
4 19 14212049
7 6 4250955
5 18 7782
19 3 16396
20 4 38031
18 20 21374559
8 2 14269
9 3 6547
11 21 352973
14 2 1035
12 22 10602
3 1 22950
16 13 367899
6 16 1419190
19 8 4600070
17 8 1953197
7 21 2639055
20 3 7999
18 15 70723
21 2 29827
8 9 390
22 9 76
9 4 16339
0 21 590779
12 13 3112692
1 16 267798
15 0 304913
13 16 8355
0 11 2307753
3 6 116
4 1 50656
5 4 1592
6 11 295106
19 17 801451
17 1 390460
7 18 678483
18 6 615391
21 11 250105
22 0 180498
9 13 1933108
8 22 149370
11 3 5453
14 12 12346
12 4 122016
10 20 2118237
15 9 153
13 9 6932
0 2 439786
3 15 306148
1 3 7724
4 8 539499
2 8 164487
5 13 4710605
3 21 40511
6 2 4960430
4 22 22618
19 22 121216
7 11 123046
20 17 521779
18 1 135571
16 17 412
21 20 788459
12 3 11795
13 2 50851
1 4 501862
2 3 4399
6 5 93055
7 0 3833954
5 16 1624
16 8 4342
19 5 39426
17 21 376663
22 18 17167
20 6 4306365
21 7 213000
8 4 119004
9 1 180834
0 16 189853
14 0 1246187
12 16 3362
15 5 256
13 21 959488
6 22 118785
17 14 737
22 21 7194
20 13 958585
18 13 13215455
21 0 2934574
8 11 2440673
8 17 188489
11 12 139248
14 11 4295
12 15 103235
1 22 561775
15 2 401267
13 14 1001629
2 21 45578
0 13 7500623
3 8 3812
1 8 1738208
4 3 4140
2 15 628020
5 2 197
16 6 201387
6 9 69047
17 7 146128
7 12 1272816
18 4 35203
21 9 466991
22 6 85677
10 8 166977
11 5 375060
9 21 1424597
12 6 1434188
10 18 181868
13 7 1463476
0 4 345260
2 6 5156950
5 11 44292
6 0 1061264
7 5 1777066
5 21 37711
20 19 747844
16 19 3552
21 18 144901
17 18 227256
14 21 445
15 16 1400
13 0 16265095
11 16 674
2 1 567811
7 2 6111
19 7 1211854
22 16 40
20 0 1116719
18 16 75729
21 5 787967
8 6 534812
9 7 989173
10 4 150247
11 9 59961
0 18 190472
14 6 192382
12 18 107417
1 19 1855076
15 7 1608950
13 19 105105
0 8 813376
3 5 1500
4 6 530784
5 7 87776
16 1 83886
6 20 1107145
19 12 165696
17 12 25071
7 17 8035280
20 15 468851
18 11 253033
21 14 247
8 13 203073
22 13 15724
9 8 39061
10 15 147565
8 19 17264049
11 14 264
9 18 16006851
12 9 66176
1 20 6246096
15 12 110855
13 12 613137
2 19 8769
0 15 741455
1 14 15392
4 13 31251
2 13 89318
5 0 13125322
6 15 270832
19 21 61828
17 5 4681
7 14 862258
20 22 416681
18 2 88731
22 4 56196
11 7 4194
12 0 472243
10 16 166487
15 21 103188
13 5 7518963
0 6 6353888
1 7 478723
2 4 731
5 9 38287
4 18 5069
5 19 26930
16 21 24873
21 16 7916
19 0 45804434
17 16 647
8 1 638354
15 18 16635
11 18 151881
12 21 2393685
16 12 6333
6 19 321817
19 9 578
17 9 161577
20 2 497175
18 14 115
21 3 4556
22 8 8399
9 5 7870554
10 2 78690
0 20 9932278
14 4 172
1 17 828783
15 1 48403
13 17 2038169
3 7 567
1 11 2558104
4 0 30817472
19 14 282
17 2 12359
7 19 26482784
20 9 654253
18 9 78984
21 12 534499
8 15 89748
22 3 108
9 14 124
10 13 3378280
8 21 171602
11 0 743159
9 16 3152427
14 15 444
12 11 572665
15 14 18155
2 17 6179
0 1 2146568
3 12 3700
1 12 1059359
4 15 197193
2 11 167719
3 18 1013
6 13 3309173
4 21 18309
7 8 25204155
20 16 2560437
18 0 56952383
12 2 13073
13 3 416
1 5 662944
6 4 439669
7 1 193491
5 17 1841
19 2 325647
20 5 66691
18 21 82648
8 3 12888
9 2 167148
11 20 1392934
13 22 8766
3 0 45831
6 17 63867
19 11 184488
7 20 381908
22 20 21871
20 12 1555924
18 12 252933
21 1 108169
22 14 38
9 11 64347
10 0 2008519
8 16 1891
11 13 253927
0 22 213299
12 14 18472
15 3 5810
13 15 87172
2 20 55080
0 12 2093568
3 9 1934
1 9 1190125
4 2 744
2 14 19567
5 3 200
16 5 561
6 8 132943
19 16 30086
17 0 2025177
7 13 1238946
20 11 963967
18 7 79741
22 1 420942
9 12 56107
10 11 925679
11 2 59298
9 22 4033
14 13 319015
12 5 40189
10 21 484718
15 8 656386
13 8 87188
0 3 84752
3 14 40
1 2 583859
4 9 11030
2 9 403629
5 12 195457
3 20 103534
5 22 364
20 18 15863574
16 18 5468
21 19 63559
17 19 212042
14 20 275731
13 1 1384468
2 0 1933857
