457
7 3 6658
16 9 102019
19 4 3202780
17 20 420114
22 19 100065
20 7 234776
18 19 390974
21 6 44117
8 5 28885
9 0 1305796
10 7 716938
0 17 225806
14 1 2208
12 17 7732
15 4 4841302
13 20 1792119
3 2 52
4 5 339
16 0 46081
19 13 14855
17 13 36961
7 22 3230
18 10 119874
21 15 650129
9 9 43490
8 18 1661
11 15 23374
9 19 23166
14 8 2168
12 8 6246
1 21 25550
15 13 44303
13 13 452329
2 18 4700
3 11 10851
1 15 26353
2 12 42337
5 1 26661
3 17 4500
16 7 152933
19 18 4496
17 6 226645
7 15 22708689
20 21 221513
18 5 8043
21 8 42944
22 7 6058
10 9 26988
11 4 3167
9 20 2681817
14 19 23546
12 7 78795
10 19 473678
15 10 59110
13 6 461620
0 5 5046661
1 0 1475958
2 7 2165479
5 10 14375
3 22 64
6 1 17759
7 4 11772
5 20 446854
16 20 2684162
21 17 24806
19 1 256262
17 17 9347
18 22 2006
8 0 1057179
15 19 16718773
11 19 213223
12 20 549468
6 18 29045
19 6 28104
17 10 6697
20 1 1749551
18 17 59646
21 4 22911
8 7 255307
9 6 48890
10 5 246131
11 8 71155
0 19 701486
14 7 13203
12 19 1001
1 18 15260
15 6 88102
13 18 243885
0 9 49316
4 7 220276
5 6 1894
16 2 96
6 21 358740
19 15 46798139
17 3 90
7 16 15758
20 8 10845994
18 8 44853
21 13 659212
22 2 2016
9 15 492580
10 12 47
8 20 3000725
11 1 1768019
9 17 14958
12 10 229471
10 22 31077
15 15 1409322
13 11 90432
2 16 3236
0 0 37668751
3 13 37177
1 13 407535
2 10 11296
5 15 48285
3 19 1585
6 12 8903
4 20 1322974
19 20 5243108
17 4 2145
7 9 1548
18 3 647
21 22 6182
22 5 149
11 6 112472
14 17 83
12 1 292795
10 17 560300
15 20 341545
13 4 462
0 7 1963689
2 5 94
5 8 43513
6 7 8135348
4 19 4074908
7 6 67901
5 18 1420
16 22 144
19 3 4056
20 4 7966
18 20 47960079
9 3 759
11 21 31553
14 2 40
12 22 1874
3 1 274331
16 13 121222
6 16 304441
19 8 76121
17 8 75904
7 21 757498
20 3 6552
18 15 1288468
21 2 25422
8 9 56403
22 9 48
9 4 35143
10 3 24102
11 10 17661
0 21 41018
12 13 159023
1 16 32197
15 0 9052560
13 16 47814
0 11 275191
3 6 11763
4 1 57986
5 4 2440
6 11 333281
17 1 545634
7 18 6850
20 10 280670
18 6 154467
21 11 13861
22 0 3789
9 13 445365
8 22 4130
11 3 1360
14 12 90
12 4 1917
10 20 3049416
15 9 491927
13 9 1826
0 2 983043
1 3 2710
4 8 13282
5 13 883830
3 21 118804
6 2 303398
4 22 3024
19 22 8187
7 11 876
20 17 1184819
18 1 478081
21 20 1399611
12 3 794
13 2 124236
1 4 8640
2 3 52
6 5 115335
7 0 3595316
16 8 144
19 5 9716
17 21 4028
22 18 122
20 6 801986
18 18 111975
21 7 353584
8 4 15049
9 1 4328535
0 16 109563
14 0 27398
12 16 26247
15 5 79092
13 21 307010
16 15 319615
6 22 104597
19 10 7395
20 13 288512
18 13 3990225
21 0 101990
8 11 20420
22 15 41526
9 10 41487
10 1 51482
11 12 9646
14 11 70
12 15 5063
1 22 2501
15 2 297982
13 14 56
2 21 113903
0 13 1970078
3 8 47
1 8 97336
2 15 26619
5 2 242
16 6 17451
6 9 398
19 19 20348281
17 7 144954
7 12 33555
20 20 1746006
18 4 32413
21 9 117081
22 6 966
10 8 41854
11 5 1811
9 21 177415
12 6 205398
10 18 5340
15 11 1500
13 7 940134
0 4 29673
1 1 236712
4 10 11987
2 6 20009
5 11 1994
6 0 1094692
7 5 1761674
5 21 14845
20 19 301813
16 19 14649
21 18 38640
17 18 3040
14 21 89
15 16 4929168
13 0 10149865
11 16 8896
2 1 388041
7 2 417333
16 10 10486
19 7 447407
22 16 96
20 0 7767186
18 16 7504
21 5 85083
8 6 100393
22 10 5042
9 7 2641195
10 4 20610
11 9 1340
0 18 66677
14 6 40
12 18 78702
1 19 97703
15 7 1403737
13 19 94323
0 8 218771
3 5 1552
4 6 31392
5 7 157694
16 1 50472
6 20 12226392
17 12 11839
7 17 52845
20 15 7124323
18 11 17326
8 13 26258
22 13 7893
9 8 32381
10 15 4199793
8 19 3432788
9 18 97236
14 9 3057
12 9 114
1 20 513864
13 12 443427
2 19 23561
0 15 1212641
3 10 1745
1 14 60
4 13 2435
2 13 25642
5 0 13944719
3 16 3052
6 15 12797575
19 21 17042
17 5 528
20 22 9783
18 2 14730
22 4 138040
11 7 27489
12 0 1072041
10 16 292549
15 21 9522
13 5 1828716
0 6 397830
1 7 4819069
5 9 146879
6 6 376126
4 18 9000
7 7 122090685
5 19 17352
16 21 15252
21 16 21155
19 0 2226413
8 1 816990
15 18 1347630
11 18 15278
12 21 87729
16 12 9567
6 19 2418126
19 9 117366
17 9 264
20 2 2113725
21 3 500
22 8 13572
9 5 505714
10 2 75739
0 20 2592261
12 12 3155
1 17 170243
15 1 173343
13 17 1840571
2 22 101
0 10 301789
3 7 16545
1 11 167560
4 0 759018
16 3 52
17 2 1603
7 19 840325
20 9 199364
18 9 96923
21 12 31693
8 15 30258793
22 3 72
10 13 762285
8 21 7067
11 0 785096
9 16 9216
14 15 1505
12 11 6270
13 10 325606
2 17 1069
0 1 1628276
3 12 6804
1 12 12242
4 15 19839943
2 11 1356
3 18 3835
6 13 23031794
4 21 16100
7 8 29225
20 16 2078954
18 0 1805047
21 21 124171
14 22 4380
12 2 16654
13 3 804
1 5 183502
6 4 232068
7 1 3159234
5 17 17389
19 2 15429
20 5 1013301
18 21 32393
8 3 1450
9 2 58912
11 20 816409
14 3 56
13 22 10701
3 0 93745
19 11 248
17 15 1619791
7 20 1871820
22 20 60595
20 12 158428
21 1 122346
8 10 1940
9 11 475
10 0 517881
8 16 1474
11 13 47871
0 22 6447
15 3 1578
13 15 31270
2 20 83034
0 12 788744
1 9 4120
4 2 114
5 3 283
16 5 56
6 8 592568
19 16 100
17 0 38532
7 13 299315
20 11 5705
18 7 275241
21 10 26641
22 1 13070
9 12 34568
10 11 11529
11 2 61261
9 22 6914
14 13 117122
12 5 1767
10 21 523490
15 8 20436984
13 8 25490
0 3 138566
1 2 3637058
4 9 93162
2 9 10604
5 12 7583
3 20 230322
6 3 68322
7 10 63907
5 22 112
20 18 1169562
16 18 27136
21 19 41274
17 19 293249
14 20 1560623
13 1 2070898
2 0 3180807
