439
7 3 7246
16 9 84263
19 4 3647838
17 20 789005
22 19 50568
20 7 643391
18 19 182006
21 6 35306
8 5 13966
9 0 527710
10 7 428034
0 17 388595
14 1 3356
12 17 26320
15 4 4771367
13 20 1515191
3 2 52
4 5 3372
16 0 40757
19 13 47460
17 13 4821
7 22 12098
18 10 25403
21 15 427339
8 18 1567
11 15 16095
9 19 44176
12 8 50501
1 21 26934
15 13 151687
2 18 100
3 11 8096
1 15 22898
2 12 49432
5 1 20685
3 17 128
16 7 94964
19 18 2920
17 6 29835
7 15 16445185
20 21 318353
18 5 29129
21 8 23919
22 7 16282
10 9 50790
11 4 2799
9 20 5235103
14 19 6166
12 7 134705
10 19 432023
15 10 47932
13 6 220571
0 5 4436170
1 0 805602
4 11 40
2 7 2512759
5 10 5332
3 22 38
6 1 4885
7 4 17476
5 20 581648
16 20 2436324
21 17 29898
19 1 938310
18 22 4206
8 0 1705012
15 19 18500639
11 19 40106
12 20 750364
16 11 1813
6 18 26322
19 6 45667
17 10 36931
20 1 1747117
18 17 33541
21 4 34589
8 7 364602
9 6 47054
10 5 202668
11 8 107649
0 19 218822
14 7 22070
12 19 4871
1 18 7298
15 6 51362
13 18 216857
0 9 120725
4 7 162170
5 6 4983
16 2 24976
6 21 2423063
19 15 46789298
7 16 60333
20 8 10183969
18 8 304595
21 13 411358
22 2 3384
9 15 591083
8 20 2831581
11 1 492524
9 17 3002
12 10 161123
10 22 29395
13 11 47347
2 16 8416
3 13 41975
1 13 222404
2 10 7893
5 15 21429
3 19 1934
6 12 8217
4 20 2114180
19 20 5311370
17 4 1352
7 9 544
18 3 889
21 22 8418
22 5 4164
11 6 390926
14 17 2880
12 1 8265964
10 17 562392
15 20 237890
13 4 111723
0 7 1694241
1 6 72
5 8 12133
6 7 1598999
4 19 5528282
7 6 66892
19 3 3756
20 4 4814
18 20 48240469
8 2 1580
9 3 681
11 21 34626
14 2 279
12 22 660
3 1 120157
16 13 112467
6 16 721133
19 8 89838
17 8 1592
7 21 129813
20 3 8145
18 15 1023580
21 2 22394
8 9 295401
9 4 207
10 3 106943
11 10 41642
0 21 534640
14 5 38
12 13 50338
1 16 10721
15 0 7854694
13 16 56671
0 11 161811
3 6 97642
4 1 13714
5 4 15278
6 11 111671
17 1 54595
7 18 421171
20 10 423109
18 6 238482
21 11 7340
22 0 16184
9 13 370183
8 22 1465
11 3 1276
14 12 132
12 4 1901
10 20 3607984
15 9 226160
13 9 5157
0 2 150068
3 15 40
1 3 4374
4 8 27028
2 8 1540
5 13 810945
3 21 7374
6 2 595021
4 22 52
19 22 4926
7 11 1820
20 17 134213
18 1 154100
16 17 136
21 20 1449516
12 3 1754
13 2 135194
1 4 7993
2 3 52
6 5 293198
7 0 24116247
19 5 135469
17 21 3379
22 18 1500
20 6 780845
21 7 1616974
8 4 2735
9 1 2305481
0 16 75966
14 0 18987
12 16 12709
15 5 38187
13 21 136645
16 15 218006
6 22 132483
19 10 99337
22 21 393
20 13 1379852
18 13 5376733
21 0 81671
8 11 28863
22 15 68737
9 10 68810
10 1 95377
11 12 11262
14 11 834
12 15 31770
1 22 4339
15 2 431478
2 21 29400
0 13 2302850
3 8 10693
1 8 113534
2 15 242563
5 2 165
16 6 16964
6 9 9211
17 7 46211
7 12 42450
18 4 96373
21 9 85881
22 6 20393
10 8 109562
11 5 5754
9 21 81504
14 18 398
12 6 203138
10 18 1539
13 7 1516839
0 4 27189
4 10 15508
2 6 17845
5 11 12179
6 0 1907029
4 16 516
7 5 1365074
5 21 26206
20 19 473761
16 19 27180
21 18 6621
14 21 1290
15 16 2718803
13 0 10250493
11 16 859
2 1 85354
7 2 497103
16 10 19279
19 7 292743
22 16 73
20 0 6453269
18 16 13083
21 5 91461
8 6 54088
22 10 39715
9 7 1601433
10 4 43703
11 9 154
0 18 90553
14 6 286
12 18 51526
1 19 106667
15 7 820703
13 19 29991
0 8 85734
3 5 1420
4 6 21492
5 7 197317
16 1 33469
6 20 6796660
17 12 355543
7 17 4919
20 15 2826824
18 11 19503
8 13 28757
22 13 5812
9 8 16281
10 15 2664942
8 19 4325390
9 18 84334
14 9 1492
12 9 1780
1 20 338308
13 12 736654
2 19 118
0 15 553634
3 10 11999
4 13 11559
2 13 43275
5 0 11499745
6 15 12761732
19 21 32055
17 5 3931
20 22 9575
18 2 12622
11 7 31721
12 0 637523
10 16 262406
15 21 15500
13 5 1779399
0 6 583214
1 7 3891227
2 4 56
5 9 121544
4 18 3000
5 19 9707
16 21 12662
21 16 48688
19 0 2015015
8 1 143379
15 18 1655593
11 18 7109
12 21 36299
16 12 9987
6 19 2652212
19 9 59591
20 2 57693
21 3 1020
22 8 2307
9 5 39726
10 2 82953
0 20 1354825
1 17 20013
15 1 129332
13 17 10885
2 22 4492
0 10 296914
3 7 16241
1 11 138014
4 0 594585
16 3 225
17 2 1852207
7 19 57765
20 9 184586
18 9 84934
21 12 42976
8 15 29982935
22 3 136
10 13 776519
8 21 5682
11 0 953882
9 16 24111
14 15 1954
12 11 4282
13 10 165899
2 17 33321
0 1 3206504
3 12 86822
1 12 15811
4 15 21423460
2 11 2319
3 18 2262
6 13 21747982
4 21 816
7 8 61943
20 16 1729145
18 0 1886612
12 2 16118
13 3 1132
1 5 20638
6 4 32974
7 1 225945
5 17 138153
19 2 1784
20 5 256457
18 21 117540
8 3 332
9 2 74922
11 20 475809
13 22 9847
3 0 147759
19 11 1710
17 15 984180
7 20 3024104
22 20 37502
20 12 216111
21 1 200292
8 10 39156
9 11 553
10 0 327234
11 13 28154
0 22 19470
14 10 2516
15 3 4825
13 15 19634
2 20 85257
0 12 1059196
1 9 1489
4 2 40
5 3 101
16 5 1420
6 8 511408
19 16 3825
17 0 973601
7 13 480328
20 11 6531
18 7 680359
21 10 53022
22 1 163504
9 12 47553
10 11 20880
11 2 41043
9 22 376
14 13 136877
12 5 4260
10 21 212480
15 8 21546518
13 8 137754
0 3 846369
1 2 154432
4 9 69919
2 9 129
5 12 11715
3 20 120113
6 3 18304
7 10 79182
5 22 6814
20 18 860857
16 18 52
21 19 85017
17 19 278462
14 20 1790887
13 1 5098111
2 0 2641330
