456
7 3 20049
16 9 48904
19 4 7134768
17 20 530150
22 19 781670
20 7 3437918
18 19 590733
21 6 169116
8 5 13744
9 0 77739
10 7 295105
0 17 1015749
14 1 9119
12 17 162598
15 4 10885360
13 20 3299937
3 2 15356
4 5 52
16 0 143303
19 13 259919
17 13 73149
7 22 100394
20 14 116
18 10 72905
21 15 555185
8 18 3080
11 15 390194
9 19 55734
14 8 7940
12 8 9761
1 21 50715
15 13 123003
2 18 29325
3 11 148541
1 15 180861
2 12 138715
5 1 57203
3 17 3036
16 7 238980
19 18 576
17 6 27739
7 15 2814735
20 21 1046119
18 5 15009
21 8 49638
22 7 93558
10 9 31901
11 4 20757
9 20 1732894
14 19 4145
12 7 651128
10 19 493665
15 10 52803
13 6 271675
0 5 10567429
1 0 1859718
4 11 32196
2 7 2488661
5 10 1876
6 1 4100
7 4 10388
5 20 494549
16 20 3563680
21 17 13201
19 1 617031
18 22 31445
8 0 3321089
15 19 31420552
11 19 278061
12 20 1648314
6 18 44995
19 6 55516
17 10 4619
20 1 3636468
18 17 22766
21 4 4538
8 7 440015
9 6 81914
10 5 409757
11 8 173599
0 19 908670
14 7 83107
12 19 36627
1 18 72387
15 6 42535
13 18 87642
0 9 93010
3 4 2469
4 7 212478
5 6 8677
16 2 6003
6 21 2304729
19 15 49147767
17 3 144
7 16 132158
20 8 23197619
18 8 211738
21 13 640773
22 2 20112
9 15 1566047
10 12 6052
8 20 9343991
11 1 1113695
9 17 93757
12 10 41260
10 22 27954
13 11 149559
2 16 681
3 13 30338
1 13 1238711
2 10 47250
5 15 44762
3 19 311239
6 12 3234
4 20 1737687
19 20 5752425
17 4 72605
7 9 183118
18 3 3705
21 22 7628
22 5 3176
11 6 95025
14 17 40
12 1 9288579
10 17 487158
15 20 594633
13 4 62599
0 7 1590026
2 5 829
5 8 23098
6 7 4189620
4 19 8037198
7 6 48639
5 18 52
19 3 3790
20 4 213194
18 20 64822741
8 2 269653
9 3 140777
11 21 71739
14 2 7479
12 22 1667
3 1 57680
16 13 132471
6 16 249180
19 8 1925946
17 8 199264
7 21 1399328
20 3 46589
18 15 1146668
21 2 30332
8 9 92157
9 4 3964
10 3 431409
11 10 30093
0 21 123062
14 5 1420
12 13 401142
1 16 223714
15 0 15306884
13 16 23623
0 11 420295
3 6 23361
4 1 74126
5 4 120
16 4 63584
6 11 255911
17 1 171525
7 18 258895
20 10 672437
18 6 128157
21 11 15910
22 0 16293
9 13 597823
8 22 4972
11 3 6232
14 12 8744
12 4 24959
10 20 5340364
15 9 848831
13 9 150528
0 2 429990
3 15 18012
1 3 24012
4 8 48158
2 8 8777
5 13 1448197
3 21 83691
6 2 1175304
4 22 4690
19 22 76339
7 11 10841
20 17 275345
18 1 501238
16 17 1500
21 20 2390474
12 3 25822
13 2 273916
1 4 103849
2 3 22880
6 5 282386
7 0 3483280
16 8 40819
19 5 34623
17 21 14337
22 18 509
20 6 1082629
21 7 1176689
8 4 32377
9 1 2414902
0 16 140675
14 0 138731
12 16 3175
15 5 8663
13 21 185731
16 15 164777
6 22 249233
19 10 23587
22 21 202
20 13 3031197
18 13 6637111
21 0 305550
8 11 12826
22 15 71230
9 10 32372
10 1 1558
11 12 72240
14 11 10187
12 15 68026
1 22 1509245
15 2 341281
13 14 718
2 21 13086
0 13 3957796
3 8 16460
1 8 464311
4 3 156711
2 15 197996
5 2 3035
16 6 10326
6 9 8477
17 7 60360
7 12 3038576
18 4 22990
21 9 150071
22 6 14805
10 8 81703
11 5 11712
9 21 74732
12 6 134085
10 18 1610
13 7 2246010
0 4 43897
4 10 18730
2 6 63490
5 11 17090
6 0 2929418
4 16 1159
7 5 1541966
5 21 212224
20 19 1461655
16 19 16944
21 18 89218
17 18 242
14 21 1462
15 16 5269053
13 0 14808768
11 16 3298
2 1 943608
7 2 538320
16 10 4779
19 7 515394
17 11 1612
22 16 1661
20 0 10039551
18 16 210230
21 5 836038
8 6 66186
22 10 3508
9 7 1946423
10 4 46997
11 9 394
0 18 11915
14 6 709
12 18 73343
1 19 1593016
15 7 1421925
13 19 338415
0 8 441327
3 5 5997
4 6 6045
5 7 167086
16 1 1361860
6 20 18338144
17 12 34477
7 17 607574
20 15 7380294
18 11 11448
8 13 43974
22 13 14283
9 8 75328
10 15 4025298
8 19 9486440
9 18 34071
14 9 283
12 9 33071
1 20 2662598
13 12 895194
2 19 2042
0 15 2747155
3 10 179410
1 14 60
4 13 1738
2 13 142875
5 0 14161717
3 16 10748
6 15 15939459
19 21 35582
17 5 17884
20 22 29481
18 2 17413
22 4 10872
11 7 365593
14 16 420
12 0 1550550
10 16 100096
15 21 29432
13 5 5384260
0 6 576000
1 7 3527234
5 9 138478
4 18 7019
5 19 41165
16 21 14340
21 16 23303
19 0 3883750
17 16 1580
8 1 266523
15 18 2280125
11 18 32495
12 21 123175
16 12 5391
6 19 5491718
19 9 38315
17 9 16582
20 2 246036
21 3 2210
22 8 1476
9 5 7790
10 2 361906
0 20 7778358
1 17 78300
15 1 199481
13 17 70171
2 22 6695
0 10 198785
3 7 11875
1 11 676439
4 0 1442065
16 3 499
17 2 4298
7 19 1726336
20 9 630288
18 9 151545
21 12 576295
8 15 38456564
22 3 136
10 13 3354520
8 21 1196
11 0 1236458
9 16 25043
14 15 7389
12 11 32004
13 10 231808
2 17 11291
0 1 4034613
3 12 419056
1 12 146680
4 15 25162982
2 11 5716
3 18 766
6 13 16775972
4 21 10832
7 8 26151
20 16 2619061
18 0 3923678
14 22 40
12 2 873900
13 3 728
1 5 199044
6 4 119394
7 1 2419044
5 17 89358
19 2 13532
20 5 148766
18 21 43868
8 3 3092
9 2 272471
11 20 690643
14 3 2022
13 22 30007
3 0 447484
19 11 12287
17 15 808420
7 20 18598082
22 20 90167
20 12 1436513
21 1 622049
8 10 28430
9 11 3167
10 0 669988
8 16 4060
11 13 110877
0 22 206130
14 10 480
15 3 49003
13 15 42407
2 20 1193101
0 12 1378805
1 9 9559
4 2 159
5 3 329
16 5 4936
6 8 504927
19 16 1088
17 0 328994
7 13 4008018
20 11 61434
18 7 1049433
21 10 45582
22 1 172299
9 12 100394
10 11 44007
11 2 145047
9 22 11703
14 13 434760
12 5 20570
10 21 1176746
15 8 38105370
13 8 200640
0 3 3228191
1 2 1544317
4 9 22265
2 9 233
5 12 11268
3 20 234073
6 3 351890
7 10 20439
5 22 232
20 18 1492075
16 18 140708
21 19 163988
17 19 367038
14 20 3109099
13 1 3855995
2 0 3025278
