457
7 3 9022
16 9 79053
19 4 7078247
17 20 513769
22 19 119581
20 7 1826769
18 19 5286566
21 6 55773
8 5 14672
9 0 352582
10 7 54189
0 17 337861
14 1 334
12 17 2134
15 4 9996815
13 20 3989673
3 2 3102
4 5 63807
16 0 83100
19 13 83556
17 13 122621
7 22 18899
18 10 79310
21 15 935012
9 9 11690
8 18 3000
11 15 501371
9 19 214740
14 8 131
12 8 7581
1 21 168515
15 13 84769
13 13 360560
2 18 48
3 11 22491
1 15 87017
2 12 59288
5 1 80279
16 7 112481
19 18 1948
17 6 22717
7 15 1052325
20 21 1732049
18 5 26625
21 8 87460
22 7 3468
10 9 28697
11 4 78263
9 20 2495457
14 19 108901
12 7 339567
10 19 739645
15 10 22789
13 6 578466
0 5 9530784
1 0 1518448
4 11 54415
2 7 2141662
5 10 4039
3 22 1628
6 1 1142
7 4 18756
5 20 377663
16 20 3962306
21 17 6362
19 1 735311
18 22 119827
8 0 1795029
15 19 21708228
11 19 125244
12 20 829007
16 11 272
6 18 113692
19 6 32195
17 10 12640
20 1 2645991
18 17 3128
21 4 70286
8 7 595285
9 6 91560
10 5 219857
11 8 852721
0 19 3316571
14 7 33318
12 19 20881
1 18 129820
15 6 25115
13 18 109220
0 9 34410
3 4 7470
4 7 315635
5 6 3314
16 2 449
6 21 2794446
19 15 48404630
7 16 5764
20 8 19122379
18 8 273608
21 13 141320
22 2 4004
9 15 1033760
8 20 7405557
11 1 1912017
9 17 24165
12 10 162233
10 22 24788
15 15 2661796
13 11 83641
2 16 9722
0 0 46125942
3 13 7858
1 13 1197835
2 10 28357
5 15 35710
3 19 2204
6 12 518
4 20 2718947
19 20 4301922
17 4 2604
7 9 11408
18 3 764
21 22 1528
22 5 36
11 6 168849
12 1 10474817
10 17 90722
15 20 281282
13 4 7818
0 7 1265064
1 6 664
2 5 40
5 8 36126
6 7 3205611
4 19 7811164
7 6 172956
5 18 52
19 3 273
20 4 33275
18 20 58326298
8 2 5627
9 3 3598
11 21 30453
14 2 7449
12 22 104
3 1 89474
16 13 11799
6 16 502930
19 8 127006
17 8 191385
7 21 342328
20 3 9812
18 15 1176914
21 2 56675
8 9 42719
9 4 2585
10 3 335985
11 10 145976
0 21 440184
14 5 56
12 13 162256
1 16 87235
15 0 11850946
13 16 42803
0 11 1971422
3 6 17503
1 10 84
4 1 152239
5 4 2953
6 11 117486
17 1 2076025
7 18 44874
20 10 1049623
18 6 109318
21 11 26740
22 0 7491
9 13 492047
10 10 48
8 22 7496
11 3 3151
14 12 169
12 4 1555
10 20 4145447
15 9 580296
13 9 10580
0 2 350008
1 3 17219
4 8 104837
2 8 231
5 13 279221
3 21 25988
6 2 439649
4 22 9949
19 22 14463
7 11 7828
20 17 174151
18 1 762910
16 17 4717
21 20 1762731
12 3 432
13 2 179987
1 4 27870
2 3 18426
6 5 632766
7 0 3115208
16 8 3144
19 5 2885
17 21 10034
22 18 3352
20 6 948565
18 18 275573
21 7 242526
8 4 32083
9 1 766105
0 16 88380
14 0 58658
12 16 11087
15 5 379
13 21 321647
16 15 239814
6 22 62379
19 10 43616
20 13 2040658
18 13 777384
21 0 830201
8 11 59818
22 15 267354
9 10 47553
10 1 111641
11 12 6803
14 11 2027
12 15 55356
1 22 8025
15 2 413031
2 21 37743
0 13 1868757
1 8 215252
4 3 1798
2 15 246084
5 2 53
16 6 15618
6 9 3107
19 19 32311909
17 7 40048
7 12 1613754
20 20 3151672
18 4 14791
21 9 121220
22 6 3270
10 8 130782
11 5 40500
9 21 264723
12 6 334333
10 18 16171
13 7 3626203
0 4 41157
1 1 18166
4 10 5698
2 6 48516
5 11 6566
6 0 2184857
4 16 78
7 5 1497045
5 21 88743
20 19 812502
16 19 93239
21 18 48480
17 18 1420
14 21 318
15 16 3799507
13 0 11983514
11 16 6197
2 1 265507
7 2 414025
16 10 14965
19 7 2130909
22 16 1500
20 0 11249485
18 16 10688
21 5 62500
8 6 23120
22 10 4021
9 7 2100438
10 4 13768
11 9 93
0 18 114789
12 18 114693
1 19 285891
15 7 1105672
13 19 116185
0 8 187472
3 5 3451
4 6 70498
5 7 98663
16 1 72510
6 20 12235297
17 12 33877
7 17 55346
20 15 6347973
18 11 7368
8 13 40026
22 13 7879
9 8 28515
10 15 4932248
8 19 7114600
9 18 81839
14 9 104
12 9 6367
1 20 1268625
13 12 967773
2 19 11618
0 15 745518
3 10 12954
4 13 14695
2 13 2999552
5 0 14314212
3 16 5880
6 15 11685475
19 21 8713
17 5 2840
20 22 94913
18 2 74869
22 4 2973
11 7 52236
12 0 1145187
10 16 168034
15 21 14636
13 5 3604256
0 6 420292
1 7 4109620
2 4 56
5 9 245741
6 6 687179
4 18 16652
7 7 51882675
5 19 1097769
16 21 12573
21 16 14838
19 0 2511681
17 16 85746
8 1 537181
15 18 1532279
11 18 556
12 21 360801
16 12 3226
6 19 2372242
19 9 132252
17 9 260
20 2 436888
21 3 7447
22 8 24541
9 5 24481
10 2 275233
0 20 5237486
14 4 104
12 12 3695
1 17 153529
15 1 163190
13 17 556268
2 22 220
0 10 2142161
3 7 17381
1 11 233819
4 0 859117
16 3 320
17 2 1510
7 19 1284738
20 9 616185
18 9 128720
21 12 143024
8 15 35542614
22 3 80
10 13 2353593
8 21 43275
11 0 1064167
9 16 25095
14 15 2388
12 11 9833
13 10 555329
2 17 1764
0 1 3281132
3 12 9982
1 12 103274
4 15 25936536
2 11 1703
3 18 4267
6 13 24277809
7 8 53708
20 16 1439840
18 0 3022479
21 21 506544
12 2 25991
13 3 364
1 5 79087
6 4 147652
7 1 2048028
5 17 1732
19 2 1686139
20 5 23258
18 21 47979
9 2 160486
11 20 235130
14 3 169
13 22 83612
3 0 1074496
19 11 2634
17 15 927780
7 20 664248
22 20 41010
20 12 2051361
21 1 450671
8 10 31556
9 11 3686
10 0 1156036
8 16 1805
11 13 136345
0 22 39263
14 10 2632
15 3 1924
13 15 22803
2 20 189184
0 12 995917
1 9 2393
4 2 4141
5 3 52
6 8 640512
19 16 52
17 0 232155
7 13 1255758
20 11 64791
18 7 316850
21 10 36090
22 1 40202
9 12 150817
10 11 22437
11 2 238
9 22 15551
14 13 46058
12 5 22538
10 21 441919
15 8 30899908
13 8 80156
0 3 1118300
1 2 1044137
4 9 18323
2 9 204
5 12 5655
3 20 86493
6 3 111808
7 10 27200
5 22 411
20 18 1497474
16 18 125528
21 19 250784
17 19 40176
14 20 2681338
13 1 5456735
2 0 3019756
