460
7 3 5174
16 9 61246
19 4 6974407
17 20 1047251
22 19 75684
20 7 2222947
18 19 4759709
21 6 27516
8 5 114411
9 0 2544072
10 7 640100
0 17 1333319
14 1 4840
12 17 493
15 4 7963385
13 20 3601048
3 2 5064
4 5 731
16 0 53887
19 13 255586
17 13 34152
7 22 10489
20 14 131
18 10 32827
21 15 522614
9 9 10658
8 18 3282
11 15 158194
9 19 172587
12 8 13649
1 21 33219
15 13 70353
13 13 332710
3 11 2290
1 15 2718475
2 12 145640
5 1 11318
3 17 84
16 7 145599
19 18 7045
17 6 10236
7 15 1360958
20 21 177540
18 5 2719
21 8 27540
22 7 9660
10 9 26573
11 4 17878
9 20 3700865
14 19 112918
12 7 120215
10 19 417388
15 10 4469
13 6 132405
0 5 4443836
1 0 2436312
4 11 132
2 7 2076042
5 10 205
6 1 434
7 4 4535
5 20 211927
16 20 2659187
21 17 22525
19 1 253791
18 22 26745
8 0 1355648
15 19 21156667
11 19 23428
12 20 446442
16 11 2920
6 18 55808
19 6 28742
17 10 1188
20 1 3791408
18 17 11381
21 4 5573
8 7 3425159
9 6 50563
10 5 560739
11 8 166702
0 19 4237982
14 7 147621
12 19 96001
1 18 38151
15 6 17438
13 18 147738
0 9 10077
3 4 9189
4 7 295800
5 6 6638
16 2 2658
6 21 504886
19 15 41410968
17 3 40
7 16 19882
20 8 17298932
18 8 109949
21 13 1462489
22 2 1500
9 15 699125
10 12 180
8 20 3452840
11 1 1040474
9 17 20953
12 10 25831
10 22 6189
15 15 2541166
13 11 40207
2 16 11576
0 0 40645632
3 13 6165
1 13 1182497
2 10 6402
5 15 41205
3 19 22852
6 12 10535
4 20 2149092
19 20 4601704
17 4 902
7 9 2127
18 3 5725
21 22 69651
22 5 136
11 6 29327
14 17 142
12 1 1217704
10 17 103220
15 20 765922
13 4 11749
0 7 3053338
1 6 290
2 5 184
5 8 9400
6 7 3064667
4 19 5692780
7 6 9078
5 18 1491
16 22 178
19 3 1294
20 4 45210
18 20 47605932
8 2 13920
9 3 6757
11 21 10207
14 2 3036
12 22 7861
3 1 26787
16 13 7019
6 16 208586
19 8 163428
17 8 208508
7 21 169969
20 3 32262
18 15 1174858
21 2 46673
8 9 65391
9 4 4771
10 3 65023
11 10 12577
0 21 63681
14 5 96
12 13 92933
1 16 29655
15 0 8170301
13 16 38466
0 11 197945
3 6 4255
4 1 37994
5 4 503
16 4 52
6 11 192490
17 1 329513
7 18 8098
20 10 65768
18 6 134534
21 11 4763
22 0 85060
9 13 429524
8 22 664947
11 3 100
12 4 2003
10 20 2781438
15 9 313361
13 9 6042
0 2 794646
3 15 999
1 3 5902
4 8 52554
2 8 6508
5 13 294198
3 21 6456
6 2 654155
4 22 1500
19 22 10798
7 11 4067
20 17 47403
18 1 135034
21 20 1631075
12 3 629
13 2 251882
1 4 26416
2 3 443
6 5 47816
7 0 3587873
5 16 1500
16 8 2112
19 5 21500
17 21 234
22 18 3226
20 6 323556
18 18 89747
21 7 367918
8 4 37329
9 1 862878
0 16 64269
14 0 30468
12 16 713935
15 5 396
13 21 126646
16 15 310991
6 22 188452
19 10 23814
22 21 74
20 13 2374716
18 13 461406
21 0 69829
8 11 1942
22 15 97646
9 10 26125
10 1 112577
11 12 27865
14 11 1338
12 15 11501
1 22 11798
15 2 311817
2 21 50488
0 13 1724224
3 8 6360
1 8 896707
4 3 92
2 15 13117
5 2 6053
16 6 12132
6 9 233
19 19 25458365
17 7 6003
7 12 871042
20 20 2472461
18 4 4380
21 9 279866
22 6 15331
10 8 70473
11 5 3274
9 21 93988
14 18 38
12 6 143653
10 18 10955
15 11 1500
13 7 6069611
0 4 159745
1 1 17318
4 10 3438
2 6 23913
5 11 3090
6 0 2183354
7 5 1743833
5 21 9632
20 19 803438
16 19 141272
21 18 87957
17 18 172
14 21 326
15 16 5105661
13 0 11476139
11 16 18378
2 1 196771
7 2 416343
16 10 3282
19 7 415044
22 16 498
20 0 5860395
18 16 8569
21 5 39167
8 6 41707
22 10 10004
9 7 5170363
10 4 13107
11 9 70
0 18 11783
14 6 40
12 18 132288
1 19 64526
15 7 1022610
13 19 37831
0 8 137050
3 5 3000
4 6 3646
5 7 1488361
16 1 29111
6 20 6660421
17 12 23705
7 17 9613
20 15 2691016
18 11 11114
8 13 3632
22 13 8605
9 8 47069
10 15 2509248
8 19 7634578
9 18 47074
14 9 1469
12 9 1634
1 20 1485834
13 12 290522
2 19 6546
0 15 256177
3 10 2105
4 13 12552
2 13 17944
5 0 10420641
3 16 14200
6 15 10342531
19 21 304
17 5 1816
20 22 28847
18 2 33942
11 7 28443
12 0 523778
10 16 102422
13 5 1744277
0 6 212488
1 7 3821416
5 9 81831
6 6 260353
4 18 1816
7 7 52535718
5 19 744058
16 21 25913
21 16 23993
19 0 2772570
17 16 84
8 1 1006572
15 18 1484320
11 18 5192
12 21 45555
16 12 31495
6 19 1089304
19 9 64443
20 2 481240
21 3 538
22 8 26748
9 5 1624
10 2 119354
0 20 4618908
12 12 4379
1 17 216411
15 1 268429
13 17 12688
2 22 52
0 10 323123
3 7 10363
1 11 58231
4 0 1141775
16 3 1668
17 2 290
7 19 35045
20 9 487571
18 9 50412
21 12 50509
8 15 35840640
22 3 1420
10 13 1178677
8 21 161
11 0 1384893
9 16 18471
14 15 3630
12 11 8239
13 10 151006
2 17 97
0 1 3576341
3 12 5073
1 12 10706
4 15 21617778
2 11 9376
3 18 5400
6 13 27762112
4 21 125
7 8 53363
20 16 1633819
18 0 4026336
21 21 38489
12 2 44058
13 3 104
1 5 185401
6 4 108595
7 1 1501634
5 17 59314
19 2 4415
20 5 408415
18 21 48106
8 3 4894
9 2 137698
11 20 163879
13 22 8632
3 0 439140
19 11 490
17 15 920819
7 20 800123
22 20 64614
20 12 74954
21 1 132877
8 10 16249
9 11 2475
10 0 521810
8 16 4341
11 13 200568
0 22 54620
14 10 80
15 3 702
13 15 6127
2 20 75820
0 12 57015
1 9 10678
4 2 53
5 3 121
16 5 302
6 8 1749453
19 16 3081
17 0 67311
7 13 2066521
20 11 8283
18 7 3805044
21 10 17534
22 1 76506
9 12 45453
10 11 6537
11 2 7694
9 22 435
14 13 32022
12 5 3549
10 21 1506577
15 8 28626547
13 8 79660
0 3 511271
1 2 264754
4 9 18827
2 9 118
5 12 1664
3 20 29056
6 3 315016
7 10 4277
5 22 136
20 18 1336310
16 18 3145
21 19 167638
17 19 333088
14 20 2454657
13 1 3323498
2 0 2839391
