457
7 3 18644
16 9 108071
19 4 7875746
17 20 2004638
22 19 519819
20 7 1618215
18 19 4708200
21 6 44216
8 5 421
9 0 1871968
10 7 607859
0 17 2088888
14 1 2536
12 17 735411
15 4 8255979
13 20 5290579
3 2 3856
4 5 263
16 0 123654
19 13 34825
17 13 383769
7 22 32182
18 10 122033
21 15 790184
9 9 21760
8 18 62
11 15 208351
9 19 321915
14 8 112
12 8 232
1 21 52083
15 13 192236
13 13 373321
2 18 52
3 11 5131
1 15 111879
2 12 54916
5 1 37006
3 17 8842
16 7 210877
19 18 56083
17 6 177492
7 15 1295180
20 21 980326
18 5 12400
21 8 13836
22 7 8377
10 9 3818
11 4 9705
9 20 3852640
14 19 109868
12 7 491031
10 19 294252
15 10 99430
13 6 463540
0 5 3369848
1 0 2031600
2 7 2101980
5 10 7812
6 1 15457
7 4 12155
5 20 368768
16 20 3482064
21 17 10952
19 1 394857
18 22 96776
8 0 1927864
15 19 34574718
11 19 27704
12 20 2368257
6 18 20005
19 6 60064
17 10 47933
20 1 3124140
18 17 104663
21 4 4143
8 7 3217902
9 6 54966
10 5 460189
11 8 60172
0 19 3911076
14 7 216512
12 19 40290
1 18 62201
15 6 35315
13 18 292284
0 9 82788
3 4 7862
4 7 356412
5 6 7566
16 2 3160
6 21 1594975
19 15 49235812
17 3 2898
7 16 7219
20 8 17129485
18 8 59687
21 13 244248
22 2 40653
9 15 1228037
8 20 3113395
11 1 425605
9 17 4041
12 10 24294
10 22 26647
15 15 5439666
13 11 85194
2 16 65790
0 0 41227782
3 13 15136
1 13 809605
2 10 3044
5 15 17400
3 19 17437
6 12 108073
4 20 1163142
19 20 5533371
17 4 7964
7 9 6455324
18 3 3136
21 22 1477
22 5 3568
11 6 89324
14 17 185
12 1 5568921
10 17 720233
15 20 470136
13 4 64210
0 7 3376938
1 6 483
5 8 1805
6 7 3194414
4 19 5428510
7 6 29095
5 18 1500
19 3 89529
20 4 468374
18 20 40188689
8 2 13500
9 3 3928
11 21 91503
14 2 1978
12 22 1668
3 1 54919
16 13 14907
6 16 654659
19 8 136707
17 8 13854
7 21 4345265
20 3 16024
18 15 1115086
21 2 19265
8 9 63805
9 4 3279
10 3 133522
11 10 17692
0 21 246026
14 5 2390
12 13 8570682
1 16 18067
15 0 9801115
13 16 98781
0 11 699182
3 6 204243
4 1 8581
5 4 240
6 11 180682
17 1 166560
7 18 15483
20 10 300073
18 6 66269
21 11 5373
22 0 2847
9 13 622045
8 22 116120
11 3 25732
14 12 3072
12 4 4512
10 20 6879160
15 9 1004170
13 9 11203
0 2 863034
3 15 163632
1 3 22432
4 8 8097
2 8 196
5 13 246635
3 21 5147
6 2 796674
4 22 1540
19 22 20316
7 11 13737
20 17 173680
18 1 206649
16 17 1800
21 20 13359556
12 3 10139
13 2 176874
1 4 19423
2 3 18156
6 5 77027
7 0 3642570
16 8 263
19 5 44487
17 21 234060
22 18 1918
20 6 856422
18 18 108274
21 7 1453876
8 4 46805
9 1 405393
0 16 31531
14 0 47131
12 16 4055
15 5 970
13 21 1294193
16 15 184847
6 22 363774
19 10 11483
22 21 93
20 13 3863027
18 13 238371
21 0 91804
8 11 664
22 15 169504
9 10 40030
10 1 18436
11 12 15107
14 11 4428
12 15 14656
1 22 12390
15 2 323756
13 14 188
2 21 4327
0 13 1345506
3 8 249
1 8 285508
4 3 120
2 15 11308
5 2 115
16 6 15263
6 9 37917
19 19 32886811
17 7 34728
7 12 150306
20 20 2426177
18 4 117267
21 9 76013
22 6 16043
10 8 41083
11 5 10956
9 21 395442
12 6 161196
10 18 3228
15 11 3000
13 7 1868359
0 4 29263
1 1 69636
4 10 28106
2 6 24495
5 11 10320
6 0 1831029
4 16 78
7 5 2199543
5 21 9649
20 19 1391547
16 19 107469
21 18 51170
17 18 63
14 21 2128
15 16 8122315
13 0 12542133
11 16 7317
2 1 203678
7 2 482737
16 10 10680
19 7 2301389
22 16 121
20 0 6129031
18 16 6759
21 5 21091
8 6 32956
22 10 340
9 7 5112290
10 4 22942
11 9 47
0 18 9401
14 6 790
12 18 259380
1 19 262667
15 7 974052
13 19 639960
0 8 219730
3 5 1560
4 6 4760
5 7 1745049
16 1 73692
6 20 10101050
17 12 19259
7 17 74803
20 15 6983358
18 11 27834
8 13 148369
22 13 5549
9 8 12024
10 15 3449174
8 19 5478581
9 18 73859
14 9 4604
12 9 38291
1 20 3708762
13 12 401291
2 19 5398
0 15 837271
3 10 8816
4 13 2770
2 13 102377
5 0 9110215
3 16 4600
6 15 18671844
19 21 12310
17 5 8976
20 22 37898
18 2 6503
22 4 40
11 7 63365
12 0 1072782
10 16 250847
15 21 169
13 5 1635698
0 6 386271
1 7 4034431
2 4 96
5 9 197707
6 6 194363
4 18 156
7 7 45815829
5 19 652346
16 21 20734
21 16 10871
19 0 3645257
17 16 25965
8 1 86128
15 18 866558
11 18 3439
12 21 797905
16 12 5578
6 19 4268012
19 9 87544
20 2 105916
21 3 6415
22 8 21135
9 5 9092
10 2 59431
0 20 5568051
14 4 40
12 12 3868
1 17 645556
15 1 235357
13 17 1682899
2 22 560
0 10 416073
3 7 36243
1 11 193110
4 0 334696
16 3 216
17 2 5222
7 19 339306
20 9 702701
18 9 72512
21 12 58483
8 15 28015920
10 13 2398205
8 21 431
11 0 800676
9 16 19821
14 15 453
12 11 5481
13 10 368334
2 17 195
0 1 3505956
3 12 11347
1 12 60186
4 15 17956397
2 11 736
3 18 7821
6 13 20341998
4 21 155
7 8 46765
20 16 2686436
18 0 2405415
21 21 68641
12 2 34945
13 3 1980
1 5 184596
6 4 57101
7 1 3204963
5 17 202001
19 2 98417
20 5 12395
18 21 29668
8 3 1505
9 2 147858
11 20 1270617
13 22 18798
3 0 305222
19 11 51041
17 15 1748316
7 20 6916359
22 20 65323
20 12 511156
21 1 701264
8 10 27161
9 11 2271
10 0 2019088
11 13 57134
0 22 39252
14 10 40
15 3 15662
13 15 65822
2 20 164850
0 12 582486
1 9 2960
5 3 52
16 5 70
6 8 400635
19 16 11180
17 0 159296
7 13 2969448
20 11 26690
18 7 3266229
21 10 29285
22 1 76325
9 12 44256
10 11 5552
11 2 14904
9 22 11091
14 13 38701
10 21 1264910
15 8 28230188
13 8 80975
0 3 1087039
1 2 992319
4 9 126235
2 9 1811
5 12 3164
3 20 217599
6 3 1079786
7 10 13238
5 22 5812
20 18 956992
16 18 3172
21 19 159651
17 19 251577
14 20 2108413
13 1 4868454
2 0 3066304
