466
7 3 15971
16 9 232065
19 4 7363744
17 20 1461918
22 19 195348
20 7 568805
18 19 4928573
21 6 60872
8 5 1119
9 0 2929926
10 7 327762
0 17 1630749
14 1 18182
12 17 1473304
15 4 7630261
13 20 2688542
3 2 8475
4 5 2435
16 0 110499
19 13 41308
17 13 77146
7 22 19651
18 10 29124
21 15 695536
9 9 29099
8 18 1476
11 15 84003
9 19 377290
14 8 129
12 8 593
1 21 59813
15 13 36505
13 13 294259
3 11 7197
1 15 427279
2 12 149196
5 1 63875
3 17 20573
16 7 216752
19 18 26013
17 6 49349
7 15 3165159
20 21 1094328
18 5 1069
21 8 95998
22 7 9782
10 9 6519
11 4 4589
9 20 4665197
14 19 232168
12 7 335025
10 19 228316
15 10 102856
13 6 228104
0 5 3870290
1 0 1845622
4 11 158
2 7 2241596
5 10 5531
3 22 78780
6 1 900
7 4 5662
5 20 307001
16 20 3333985
21 17 54449
19 1 310133
18 22 42729
8 0 1971771
15 19 36784165
11 19 31486
12 20 2554931
6 18 22190
19 6 66344
17 10 2813
20 1 2683960
18 17 53090
21 4 1512
8 7 3405650
9 6 54312
10 5 857008
11 8 224523
0 19 3221263
14 7 147329
12 19 22025
1 18 91471
15 6 11685
13 18 293256
0 9 29775
3 4 469
4 7 97347
5 6 6652
16 2 9372
6 21 2405604
19 15 52635066
17 3 918
7 16 14985
20 8 17707619
18 8 95659
21 13 780458
22 2 8647
9 15 778117
10 12 48
8 20 3435209
11 1 662443
9 17 1067
12 10 26496
10 22 34436
15 15 5985773
13 11 59938
2 16 130041
0 0 41874452
3 13 16535
1 13 2866724
2 10 25091
5 15 30568
3 19 58598
6 12 1801
4 20 1095323
19 20 4391881
17 4 8025
7 9 287702
18 3 9405
21 22 6572
22 5 1592
11 6 82980
14 17 1290
12 1 543228
10 17 988464
15 20 596164
13 4 81856
0 7 3869662
1 6 366
2 5 4666
5 8 6087
6 7 2909489
4 19 5556554
7 6 70647
5 18 3000
16 22 168
19 3 22034
20 4 16426
18 20 43196216
8 2 251843
9 3 3832
11 21 18837
14 2 4115
12 22 1927
3 1 50698
16 13 20863
6 16 1391106
19 8 504857
17 8 584285
7 21 2190297
20 3 31065
18 15 1248518
21 2 22787
8 9 78499
9 4 1228
10 3 135314
11 10 19113
0 21 631058
14 5 40
12 13 2813981
1 16 11095
15 0 9059672
13 16 60167
0 11 583913
3 6 18008
4 1 7133
5 4 22365
16 4 128
6 11 188922
17 1 237388
7 18 1448
20 10 404425
18 6 113058
21 11 1965
22 0 2919
9 13 542409
8 22 16846
11 3 170312
14 12 296
12 4 4769
10 20 4777954
15 9 1126024
13 9 4267
0 2 662578
3 15 132895
1 3 23116
4 8 30684
2 8 11019
5 13 325393
3 21 7524
6 2 676574
4 22 1540
19 22 37454
7 11 15002
20 17 78184
18 1 352112
16 17 32616
21 20 28954551
12 3 19290
13 2 155398
1 4 16105
2 3 28377
6 5 113235
7 0 3436333
5 16 2779
16 8 2024
19 5 910
17 21 899232
22 18 2455
20 6 753400
18 18 425673
21 7 458120
8 4 16685
9 1 2007264
0 16 70067
14 0 45978
12 16 12205
15 5 560
13 21 3244378
16 15 189604
6 22 238570
19 10 16013
22 21 41
20 13 5355077
18 13 272097
21 0 94751
8 11 146144
22 15 77507
9 10 43014
10 1 107572
11 12 173526
14 11 2960
12 15 35499
1 22 26075
15 2 354371
13 14 150
2 21 12800
0 13 3994496
3 8 184
1 8 415650
4 3 52
2 15 14771
5 2 3775
16 6 8953
6 9 57034
19 19 38929070
17 7 83459
7 12 548373
20 20 2052715
18 4 41138
21 9 255800
22 6 7580
10 8 75375
11 5 10533
9 21 735345
12 6 125842
10 18 1038
13 7 4850370
0 4 972098
1 1 14500
4 10 31167
2 6 23814
5 11 2181
6 0 1496864
4 16 4363
7 5 1455850
5 21 15304
20 19 1289524
16 19 197265
21 18 107369
17 18 1460
15 16 8516144
13 0 13317324
11 16 4237
2 1 455119
7 2 511130
16 10 7585
19 7 709487
17 11 1500
22 16 1596
20 0 6645167
18 16 15202
21 5 51928
8 6 48854
22 10 7991
9 7 1351932
10 4 20492
11 9 7336
0 18 12021
14 6 372
12 18 119232
1 19 224102
15 7 1286689
13 19 220353
0 8 410122
3 5 38
4 6 11472
5 7 1352996
16 1 57777
6 20 9946714
17 12 30667
7 17 416078
20 15 6169710
18 11 9105
8 13 35828
22 13 36860
9 8 16903
10 15 3891141
8 19 5140114
9 18 151535
14 9 8174
12 9 44612
1 20 3736859
13 12 321266
2 19 4579
0 15 767229
3 10 21852
4 13 18414
2 13 123468
5 0 9837902
3 16 225
6 15 18321917
19 21 12684
17 5 2513
20 22 72379
18 2 4519
11 7 58079
12 0 565406
10 16 148958
13 5 2179639
0 6 267646
1 7 3861734
2 4 158
5 9 184238
6 6 182091
4 18 740
7 7 59969003
5 19 794004
16 21 14905
21 16 16446
19 0 2955247
17 16 4109
8 1 858794
15 18 849913
11 18 5468
12 21 3251939
16 12 3054
6 19 5172947
19 9 93853
17 9 1573
20 2 53837
21 3 10670
22 8 22304
9 5 172
10 2 119512
0 20 5490594
12 12 1680
1 17 183000
15 1 336568
13 17 67852
2 22 15713
0 10 204921
3 7 21760
1 11 324881
4 0 451600
16 3 7252
17 2 6737
7 19 243839
20 9 1577511
18 9 24076
21 12 98812
8 15 29097147
22 3 5232
10 13 2920978
8 21 1815
11 0 789320
9 16 18208
14 15 3049
12 11 65092
13 10 269978
2 17 15032
0 1 4842112
3 12 29031
1 12 30270
4 15 17338183
2 11 24928
3 18 5958
6 13 15503655
4 21 183
7 8 44533
20 16 3398077
18 0 2187572
21 21 270283
14 22 1829
12 2 25186
13 3 7516
1 5 189895
6 4 48771
7 1 2241554
5 17 98243
19 2 154025
20 5 3850
18 21 104904
8 3 6220
9 2 198717
11 20 1382067
14 3 67
13 22 40925
3 0 815517
19 11 39509
17 15 1254064
7 20 3335623
22 20 130950
20 12 145312
21 1 825225
8 10 19153
9 11 1792
10 0 916540
8 16 1416
11 13 68419
0 22 120019
15 3 3043
13 15 92258
2 20 124288
0 12 594618
3 9 128
1 9 912
4 2 83
5 3 173
16 5 187
6 8 442957
19 16 4528
17 0 57781
7 13 4331708
20 11 21852
18 7 3167334
21 10 31637
22 1 42386
9 12 46836
10 11 17013
11 2 51058
9 22 3941
14 13 32337
12 5 18596
10 21 1252290
15 8 30637209
13 8 127073
0 3 1350646
1 2 792716
4 9 115431
2 9 1552
5 12 363
3 20 182357
6 3 330329
7 10 17229
5 22 3613
20 18 837214
16 18 1420
21 19 504275
17 19 1712911
14 20 2100027
13 1 2514584
2 0 3112608
