104 107
90 94 2.00
20 100 3.50
96 100 2.00
63 68 4.00
18 94 2.00
4 9 3.00
47 88 2.00
69 94 2.00
55 94 2.00
27 94 2.00
67 81 2.00
71 94 3.00
59 65 2.00
17 22 3.00
8 99 4.00
48 77 3.50
8 95 4.00
57 81 2.00
81 103 2.00
81 97 3.00
58 81 3.00
49 50 2.00
16 22 3.00
63 81 2.00
49 103 7.00
12 22 2.00
50 102 2.00
48 59 2.50
59 88 4.00
14 22 2.00
59 64 3.50
39 52 2.00
43 46 2.00
43 52 2.00
4 21 2.00
39 43 2.00
2 15 2.00
8 84 2.00
48 81 2.00
13 39 2.00
50 64 2.00
94 100 3.50
21 45 2.00
8 59 2.50
13 15 2.00
45 84 4.00
8 63 2.00
22 43 2.00
8 100 2.50
37 39 2.00
37 45 2.00
43 81 5.00
39 70 2.00
10 102 1.00
33 102 1.00
35 84 1.00
51 102 1.00
25 44 1.00
34 70 1.00
15 72 1.00
36 45 1.00
3 84 1.00
56 103 1.00
24 70 1.00
21 32 1.00
6 70 1.00
38 49 1.00
31 84 1.00
44 84 1.00
54 84 1.00
1 2 1.00
41 70 1.00
53 81 1.00
66 84 1.00
62 102 1.00
19 84 1.00
85 103 1.00
42 70 1.00
12 86 1.00
14 60 1.00
16 87 1.00
79 84 1.00
80 84 1.00
78 84 1.00
11 14 1.00
7 8 1.00
28 49 1.00
82 102 1.00
84 89 1.00
84 91 1.00
39 40 1.00
30 84 1.00
14 23 1.00
4 75 1.00
26 70 1.00
29 84 1.00
84 98 1.00
5 70 1.00
61 84 1.00
76 81 1.00
32 92 1.00
101 102 1.00
70 93 1.00
15 83 1.00
70 73 1.00
70 74 1.00
0 40 1.00
