79 90
20 69 5.00
41 77 4.00
24 34 5.00
20 64 2.00
45 61 6.00
45 66 9.00
34 55 2.00
8 71 2.00
9 44 2.50
26 63 2.00
40 58 2.00
14 20 16.00
17 50 4.00
3 75 2.00
15 58 2.00
58 75 5.50
7 71 16.00
8 65 2.50
8 18 2.50
60 64 3.00
19 63 2.00
21 52 4.00
43 78 2.00
1 63 3.00
57 63 4.00
12 41 4.50
6 43 6.00
65 69 4.50
40 74 4.00
27 75 2.50
70 71 5.00
9 60 16.00
16 17 2.50
22 53 5.00
23 48 2.00
0 23 2.00
7 14 4.00
68 75 2.00
5 10 2.00
30 49 4.00
68 71 4.50
32 46 2.50
5 48 2.50
37 52 2.00
23 46 12.00
38 52 5.00
32 51 2.50
46 49 2.00
5 45 2.00
35 69 2.50
23 36 2.00
9 63 14.00
40 62 2.00
6 68 2.00
3 4 3.50
5 11 2.50
12 33 7.50
2 49 2.00
2 23 13.00
5 36 3.50
38 76 2.00
33 59 2.50
28 49 4.00
4 17 4.00
40 68 5.50
22 49 4.00
34 46 8.00
5 23 2.50
4 65 4.50
46 52 2.00
23 47 10.00
29 49 4.50
7 39 7.00
37 47 7.00
23 76 13.00
12 25 3.00
29 42 5.50
23 39 2.00
22 25 2.00
33 46 18.50
9 33 3.50
4 5 14.50
25 68 22.50
42 56 1.00
72 76 1.00
31 52 1.00
23 73 1.00
20 67 1.00
52 54 1.00
9 13 1.00
