380
0 1 36235096.772
0 2 222265245.636
0 3 198238978.023
0 4 40619886.354
0 5 125417877.836
0 6 30812414.816
0 7 190930574.847
0 8 249619505.619
0 9 43553265.169
0 10 126691686.828
0 11 222254639.891
0 12 1705248869.113
0 13 121439065.814
0 14 89975867.475
0 15 1039472129.648
0 16 105483440.532
0 17 105156148.877
0 18 121809557.040
0 19 450042448.282
1 0 93085165.110
1 2 4370441.887
1 3 50768099.832
1 4 16482298.455
1 5 32400464.522
1 6 15639066.931
1 7 20608791.369
1 8 10792273.473
1 9 18242774.121
1 10 25116635.079
1 11 21238180.663
1 12 162437075.458
1 13 13217456.567
1 14 6740671.639
1 15 79247413.240
1 16 77565963.608
1 17 17108670.202
1 18 34600300.521
1 19 34234894.406
2 0 34199722.737
2 1 22956011.291
2 3 80325085.820
2 4 4936483.907
2 5 16600820.247
2 6 58442310.320
2 7 31909103.850
2 8 36230818.384
2 9 9346723.653
2 10 27122164.928
2 11 65069529.251
2 12 113781135.009
2 13 7042048.448
2 14 16457839.002
2 15 252853210.358
2 16 28321527.269
2 17 10150686.135
2 18 53079907.617
2 19 56028878.448
3 0 107481470.973
3 1 9636267.158
3 2 94496182.202
3 4 19913097.521
3 5 68868757.915
3 6 93925661.536
3 7 24994662.413
3 8 141528400.420
3 9 7134953.708
3 10 42446853.780
3 11 42189864.375
3 12 638493711.903
3 13 54262280.938
3 14 25601253.472
3 15 197669374.651
3 16 38328284.255
3 17 51283846.393
3 18 95447342.108
3 19 260987053.020
4 0 66780583.286
4 1 9135484.123
4 2 24052529.822
4 3 42546871.767
4 5 16273200.202
4 6 22880018.094
4 7 27857788.457
4 8 34092697.524
4 9 3590156.924
4 10 17402781.736
4 11 21675530.972
4 12 54974646.801
4 13 15004212.535
4 14 27255072.734
4 15 51518520.816
4 16 88128740.520
4 17 19327545.203
4 18 32181209.667
4 19 79837180.758
5 0 111126088.872
5 1 11785733.549
5 2 22188162.749
5 3 67122842.844
5 4 21465274.049
5 6 20837645.906
5 7 32105943.150
5 8 16493827.442
5 9 27346536.527
5 10 34319155.425
5 11 33665519.086
5 12 224306648.251
5 13 4649117.005
5 14 41894003.601
5 15 58340852.914
5 16 112714658.268
5 17 48497026.454
5 18 19034736.501
5 19 45464476.207
6 0 51628673.286
6 1 16005363.565
6 2 28765003.168
6 3 82510921.415
6 4 36334583.244
6 5 42500120.219
6 7 35831469.610
6 8 79673353.709
6 9 14692983.058
6 10 54828240.981
6 11 34968268.474
6 12 418523284.090
6 13 23555240.407
6 14 10919871.090
6 15 69764059.528
6 16 130665534.145
6 17 38526528.994
6 18 43611108.016
6 19 115243976.267
7 0 73929384.241
7 1 19476137.530
7 2 72862370.146
7 3 109496044.390
7 4 27346706.279
7 5 39567624.047
7 6 50987419.156
7 8 107155528.745
7 9 27541240.573
7 10 70436974.872
7 11 64695321.209
7 12 339256632.019
7 13 26428361.840
7 14 68171900.458
7 15 263576347.834
7 16 92340798.878
7 17 13362498.802
7 18 37622410.220
7 19 63016704.669
8 0 330053762.061
8 1 51177244.724
8 2 65369264.239
8 3 63862638.537
8 4 47227507.120
8 5 86535620.823
8 6 83840357.459
8 7 50697588.375
8 9 30907203.004
8 10 52914201.095
8 11 83533823.854
8 12 137186046.280
8 13 37311386.099
8 14 19204130.864
8 15 264022168.326
8 16 107583971.708
8 17 87122018.777
8 18 32470724.484
8 19 55323148.664
9 0 46352026.651
9 1 6983972.387
9 2 14048473.594
9 3 17718563.449
9 4 3702092.314
9 5 20652456.963
9 6 19953202.165
9 7 6628448.992
9 8 48360331.317
9 10 5669394.922
9 11 13468433.038
9 12 238149288.650
9 13 6638269.262
9 14 15452606.420
9 15 150876100.946
9 16 79108621.096
9 17 17839491.179
9 18 29572492.022
9 19 90269200.458
10 0 195128723.464
10 1 32945845.316
10 2 22732381.448
10 3 38144904.906
10 4 32468914.049
10 5 62805260.395
10 6 51685117.550
10 7 66750747.726
10 8 108300866.102
10 9 24654877.334
10 11 43432453.797
10 12 265482469.891
10 13 10529939.766
10 14 56181573.493
10 15 172287003.106
10 16 26868563.029
10 17 69666671.067
10 18 22315757.047
10 19 71212953.167
11 0 130664595.062
11 1 27303093.689
11 2 36278002.602
11 3 58294424.613
11 4 27460272.480
11 5 50165099.671
11 6 57628163.487
11 7 46503175.727
11 8 19449826.872
11 9 19491181.108
11 10 56899782.831
11 12 79701931.916
11 13 32499216.645
11 14 71585563.448
11 15 230249562.046
11 16 114952924.948
11 17 40833874.672
11 18 23115680.151
11 19 73413552.677
12 0 573088085.664
12 1 243415532.591
12 2 316769399.201
12 3 118088541.422
12 4 159145738.451
12 5 155827580.337
12 6 437174961.884
12 7 268416861.486
12 8 538519100.993
12 9 204963937.594
12 10 418936565.663
12 11 218437812.304
12 13 235783183.997
12 14 136325962.549
12 15 949233039.006
12 16 900467464.333
12 17 220726075.806
12 18 209820359.609
12 19 190874261.564
13 0 122245705.821
13 1 5685282.364
13 2 5027446.318
13 3 39571292.997
13 4 5223850.734
13 5 6341141.054
13 6 13174134.197
13 7 22457543.186
13 8 23614195.933
13 9 5479874.880
13 10 32835089.790
13 11 21951736.128
13 12 101226266.951
13 14 28231748.257
13 15 64385499.698
13 16 77247419.093
13 17 31541640.904
13 18 21041994.088
13 19 46970739.714
14 0 209755846.071
14 1 14461964.004
14 2 65938045.202
14 3 72741937.004
14 4 17065424.331
14 5 45565858.566
14 6 33917143.512
14 7 22025327.342
14 8 89868112.542
14 9 23895185.551
14 10 16371722.279
14 11 57383716.602
14 12 476318714.372
14 13 31718263.494
14 15 260067151.100
14 16 114040470.200
14 17 14848165.185
14 18 60190756.558
14 19 30086991.065
15 0 767146741.700
15 1 137127263.185
15 2 314592978.848
15 3 296064973.263
15 4 117899101.553
15 5 239744623.008
15 6 287052937.514
15 7 213989835.040
15 8 88325369.567
15 9 127831711.262
15 10 314075767.329
15 11 134620713.032
15 12 1823178840.268
15 13 133291428.593
15 14 185048096.510
15 16 791496108.540
15 17 96515085.470
15 18 235167111.601
15 19 554371725.912
16 0 479526547.420
16 1 49079486.595
16 2 22380789.178
16 3 94822024.986
16 4 19516475.033
16 5 39246879.373
16 6 147228309.439
16 7 182008187.737
16 8 155484519.469
16 9 71794001.325
16 10 118725153.796
16 11 127392527.769
16 12 332050337.589
16 13 67163580.199
16 14 74816077.939
16 15 659342967.486
16 17 141542026.600
16 18 149920293.571
16 19 218992166.645
17 0 160854295.441
17 1 16327655.120
17 2 10837409.656
17 3 67740334.818
17 4 12197350.366
17 5 42681541.166
17 6 30814992.083
17 7 64605160.597
17 8 26176041.602
17 9 10016659.859
17 10 71374200.229
17 11 64643660.196
17 12 251201729.161
17 13 20786477.255
17 14 50103820.758
17 15 327598678.990
17 16 156174090.641
17 18 65537921.629
17 19 116486579.328
18 0 34872836.880
18 1 31027151.737
18 2 48296459.350
18 3 73393700.499
18 4 19616983.014
18 5 25712123.346
18 6 71493353.667
18 7 13618613.017
18 8 86689874.598
18 9 23737594.232
18 10 33869024.863
18 11 36125912.029
18 12 467554645.929
18 13 29159883.990
18 14 51327231.668
18 15 225893857.764
18 16 44825353.373
18 17 20422835.251
18 19 162048957.681
19 0 350614881.773
19 1 41357819.883
19 2 20732448.469
19 3 133805279.464
19 4 91167452.039
19 5 112415933.033
19 6 45753248.250
19 7 59428632.077
19 8 65747319.294
19 9 12650988.462
19 10 149152502.874
19 11 53212649.807
19 12 924798106.779
19 13 84076032.156
19 14 143504530.809
19 15 497776112.604
19 16 137216903.555
19 17 140496659.386
19 18 110833225.318
