380
0 1 60474296.589
0 2 147483874.989
0 3 226743394.415
0 4 45176298.445
0 5 135608980.953
0 6 152628598.085
0 7 255419999.847
0 8 85821448.335
0 9 101288691.587
0 10 128908067.219
0 11 113168564.215
0 12 674820981.136
0 13 80223294.769
0 14 162761362.143
0 15 344240658.178
0 16 516295922.630
0 17 163823648.915
0 18 82968783.778
0 19 161758302.703
1 0 51287345.658
1 2 7573409.845
1 3 8205349.275
1 4 15030492.465
1 5 29657408.733
1 6 12577001.451
1 7 35921317.617
1 8 10163999.456
1 9 6811287.389
1 10 16782842.751
1 11 24135596.051
1 12 242545474.452
1 13 7169889.800
1 14 30821820.809
1 15 84440183.307
1 16 70158897.036
1 17 5829073.338
1 18 26091180.697
1 19 13289442.613
2 0 204346991.174
2 1 19234880.374
2 3 40162121.448
2 4 4472975.602
2 5 33961658.795
2 6 12479900.368
2 7 48998345.619
2 8 47385859.086
2 9 14497068.085
2 10 45800362.989
2 11 56264638.937
2 12 440244470.835
2 13 9540349.585
2 14 45898340.822
2 15 93366496.494
2 16 157475887.329
2 17 66614835.365
2 18 66872807.841
2 19 47865330.449
3 0 122741294.728
3 1 20243950.930
3 2 68496333.650
3 4 28938095.083
3 5 12764792.426
3 6 43941921.398
3 7 79536065.255
3 8 74019070.300
3 9 25391533.552
3 10 40400471.736
3 11 84705749.203
3 12 208513644.252
3 13 25643793.746
3 14 46063088.229
3 15 479172191.557
3 16 168238926.676
3 17 22532322.545
3 18 106238884.625
3 19 274554230.004
4 0 57423231.695
4 1 15999421.841
4 2 16996312.338
4 3 50577759.957
4 5 8569490.686
4 6 17729076.783
4 7 25442371.797
4 8 38763054.877
4 9 8960703.935
4 10 5292472.222
4 11 36665576.974
4 12 237186474.093
4 13 10315581.715
4 14 17739445.821
4 15 99411610.345
4 16 64854218.356
4 17 5613016.111
4 18 12930392.579
4 19 78229544.699
5 0 171878597.610
5 1 20591423.259
5 2 62420724.046
5 3 54060486.752
5 4 35433386.619
5 6 45738188.070
5 7 35029431.849
5 8 80231999.671
5 9 33256936.692
5 10 33540997.564
5 11 51723391.469
5 12 138737776.981
5 13 8729715.872
5 14 9282551.601
5 15 75176580.794
5 16 175972642.187
5 17 63040186.110
5 18 71516178.742
5 19 109850258.044
6 0 49369712.199
6 1 18116923.185
6 2 65310357.707
6 3 12401899.456
6 4 6023076.869
6 5 65813910.310
6 7 73560935.340
6 8 85569253.424
6 9 9370045.794
6 10 17394495.736
6 11 41778471.852
6 12 134302308.886
6 13 19698340.054
6 14 24863443.085
6 15 81859365.824
6 16 92616804.584
6 17 14376749.589
6 18 67820840.111
6 19 50273486.642
7 0 238712979.564
7 1 5392900.390
7 2 43872461.946
7 3 107015905.173
7 4 7327134.296
7 5 49893046.911
7 6 26695918.807
7 8 81178912.602
7 9 27433399.291
7 10 66591535.516
7 11 31260011.459
7 12 379506976.288
7 13 30649173.769
7 14 67927404.109
7 15 77621922.982
7 16 174009528.382
7 17 21297267.026
7 18 42368270.677
7 19 53994346.790
8 0 67101378.248
8 1 34554528.259
8 2 41437250.392
8 3 73543094.281
8 4 52440155.051
8 5 79283727.779
8 6 15289646.108
8 7 65202870.755
8 9 40916565.279
8 10 95140165.052
8 11 40827690.935
8 12 446966808.956
8 13 40361341.142
8 14 64767670.005
8 15 276513776.881
8 16 93575536.320
8 17 106288525.678
8 18 19004441.873
8 19 258512017.279
9 0 101640252.358
9 1 14642967.418
9 2 25460227.781
9 3 51895139.553
9 4 2566078.605
9 5 13419748.536
9 6 11190545.012
9 7 16523328.970
9 8 18925875.785
9 10 33561549.844
9 11 6264855.761
9 12 160614385.236
9 13 16339729.722
9 14 22868002.495
9 15 156713697.045
9 16 13128818.163
9 17 18295643.405
9 18 18669396.073
9 19 33863562.772
10 0 209280999.164
10 1 17959416.383
10 2 54715182.505
10 3 108144229.976
10 4 29333405.415
10 5 24459557.765
10 6 16149537.344
10 7 68753187.979
10 8 82091513.815
10 9 33261602.579
10 11 69916987.450
10 12 135738901.383
10 13 34748039.765
10 14 9237895.055
10 15 221821917.987
10 16 75644262.809
10 17 48185304.641
10 18 38963428.763
10 19 113353851.674
11 0 169702676.717
11 1 27543825.341
11 2 23727093.976
11 3 18001078.960
11 4 14420634.175
11 5 40392398.581
11 6 9903308.621
11 7 72840623.613
11 8 56063348.554
11 9 29921808.266
11 10 55102358.221
11 12 468799468.917
11 13 30622887.973
11 14 46991467.920
11 15 167908324.278
11 16 94140613.149
11 17 66921097.100
11 18 42703798.753
11 19 99797804.965
12 0 972218742.756
12 1 216748477.468
12 2 335355797.267
12 3 447809477.643
12 4 250909564.989
12 5 235998801.582
12 6 93500364.758
12 7 187416329.181
12 8 718824268.466
12 9 224663291.995
12 10 455062289.261
12 11 141209720.477
12 13 136189750.981
12 14 215865971.146
12 15 799626174.684
12 16 847210291.511
12 17 420542138.070
12 18 362354886.606
12 19 728297767.545
13 0 48437917.847
13 1 9638731.622
13 2 18825372.459
13 3 52799205.739
13 4 11887582.602
13 5 8865682.601
13 6 11093895.563
13 7 22130383.410
13 8 28286020.735
13 9 3328964.502
13 10 31812605.011
13 11 34063131.232
13 12 60900230.757
13 14 22016001.574
13 15 29809667.943
13 16 14597941.416
13 17 26330629.919
13 18 26219035.353
13 19 53686208.405
14 0 122858792.636
14 1 24591458.369
14 2 29702512.284
14 3 57408461.133
14 4 17695952.435
14 5 21133859.847
14 6 60285332.144
14 7 58568883.227
14 8 110404240.419
14 9 32398581.435
14 10 39159337.737
14 11 67990566.209
14 12 307028230.517
14 13 8349342.797
14 15 127996292.642
14 16 182998226.455
14 17 15921305.723
14 18 27299489.625
14 19 141790559.542
15 0 419541737.365
15 1 21663062.660
15 2 124715060.274
15 3 98340488.769
15 4 69890348.093
15 5 257105447.337
15 6 47011329.805
15 7 255498647.296
15 8 376132284.230
15 9 131229947.738
15 10 284764897.184
15 11 296831964.796
15 12 459240441.354
15 13 143547682.915
15 14 268090096.663
15 16 780018407.805
15 17 136694669.908
15 18 265061487.567
15 19 248678798.842
16 0 217898638.095
16 1 51823772.694
16 2 180102133.850
16 3 31984454.868
16 4 10885416.948
16 5 30999771.169
16 6 95000523.613
16 7 105826518.579
16 8 128286227.437
16 9 67182000.421
16 10 41529175.121
16 11 50296784.115
16 12 452873475.004
16 13 19678303.343
16 14 125320325.300
16 15 786952858.158
16 17 56857479.949
16 18 83392901.585
16 19 181233698.687
17 0 244713629.404
17 1 15400777.846
17 2 40762562.098
17 3 83077047.989
17 4 16322028.773
17 5 19099210.900
17 6 44222422.814
17 7 38012231.400
17 8 85140597.542
17 9 13329807.536
17 10 12839062.719
17 11 9153993.012
17 12 316539272.637
17 13 8293887.654
17 14 56044277.882
17 15 257886180.840
17 16 153834738.578
17 18 52404716.697
17 19 37233701.351
18 0 247671548.570
18 1 16845505.882
18 2 50087680.311
18 3 110049937.184
18 4 35028998.520
18 5 45131181.306
18 6 38313085.834
18 7 44417076.575
18 8 53756052.796
18 9 5496641.442
18 10 31191247.149
18 11 9121685.971
18 12 474629633.677
18 13 33746966.752
18 14 28691620.500
18 15 58510533.995
18 16 118665698.651
18 17 42938581.964
18 19 179256084.276
19 0 364444865.222
19 1 79236025.160
19 2 147463954.574
19 3 78765127.743
19 4 84029214.794
19 5 144848221.501
19 6 131998620.669
19 7 133821360.335
19 8 273355208.202
19 9 52285321.788
19 10 28335960.793
19 11 34109599.264
19 12 1021618219.828
19 13 53684375.772
19 14 91664076.831
19 15 297966325.842
19 16 229401605.355
19 17 166282832.351
19 18 127464152.258
