380
0 1 95330519.914
0 2 39113067.100
0 3 373469894.425
0 4 32102644.312
0 5 129835628.373
0 6 153998575.614
0 7 64459749.181
0 8 90469642.168
0 9 74871529.058
0 10 43722622.896
0 11 155447526.106
0 12 1330724995.814
0 13 120529219.275
0 14 97479790.294
0 15 266211001.479
0 16 133023935.356
0 17 60283824.447
0 18 67209318.574
0 19 580501608.220
1 0 122493519.696
1 2 24648286.009
1 3 33745257.927
1 4 9637947.321
1 5 33410647.781
1 6 29737756.632
1 7 27810306.061
1 8 52139118.129
1 9 8055944.130
1 10 10260645.456
1 11 8297378.218
1 12 218811138.806
1 13 17998954.471
1 14 21539282.896
1 15 50684411.592
1 16 51323884.388
1 17 6862239.537
1 18 16103690.125
1 19 30265113.201
2 0 154317256.792
2 1 33117358.976
2 3 71993976.357
2 4 9289253.377
2 5 71649422.699
2 6 65061502.546
2 7 36595008.660
2 8 31474676.665
2 9 20973629.810
2 10 55550385.844
2 11 72171958.116
2 12 76099686.070
2 13 16325617.991
2 14 53546610.531
2 15 171860363.488
2 16 158413528.666
2 17 40762183.649
2 18 66304724.812
2 19 152712164.220
3 0 165116556.501
3 1 26481644.377
3 2 12626896.155
3 4 18497524.206
3 5 66527311.932
3 6 36872669.536
3 7 72481073.263
3 8 136871038.386
3 9 18160083.245
3 10 81713365.012
3 11 75245495.798
3 12 404787137.849
3 13 52634310.301
3 14 82647382.636
3 15 268422053.768
3 16 111588234.114
3 17 77478065.685
3 18 102979784.191
3 19 261292419.278
4 0 81105418.729
4 1 11979993.069
4 2 26518138.741
4 3 13683392.985
4 5 36275190.834
4 6 26322651.842
4 7 17705183.430
4 8 34110315.076
4 9 9296282.331
4 10 29923531.712
4 11 14033264.396
4 12 163546131.051
4 13 9781156.063
4 14 31238412.749
4 15 131298487.582
4 16 47433700.017
4 17 5559366.292
4 18 7615187.112
4 19 65537662.297
5 0 128692515.646
5 1 5781944.612
5 2 16875143.234
5 3 19839243.110
5 4 25845613.817
5 6 68845501.941
5 7 13857856.046
5 8 65999678.110
5 9 30053740.777
5 10 59273955.807
5 11 56879518.702
5 12 405352494.953
5 13 20101390.440
5 14 16569185.743
5 15 168525560.945
5 16 68079430.075
5 17 14338392.211
5 18 70670736.646
5 19 157309721.479
6 0 48438827.724
6 1 9062871.450
6 2 14301443.727
6 3 102022949.230
6 4 11596884.384
6 5 57572557.299
6 7 23392163.404
6 8 65543425.840
6 9 21810764.302
6 10 31071461.763
6 11 21704646.858
6 12 200098408.513
6 13 32786585.215
6 14 35824977.164
6 15 302365240.528
6 16 76065486.646
6 17 59566821.079
6 18 38439658.936
6 19 61861483.732
7 0 75310713.974
7 1 28567637.119
7 2 8831235.181
7 3 101994882.649
7 4 7579393.267
7 5 18840890.760
7 6 39902179.521
7 8 34455229.891
7 9 14698480.127
7 10 28478778.218
7 11 39224112.115
7 12 137283919.988
7 13 36229507.825
7 14 41582636.829
7 15 290890703.913
7 16 21795814.834
7 17 52050224.031
7 18 9449570.835
7 19 105165274.051
8 0 115220843.136
8 1 8323663.495
8 2 15264708.945
8 3 153851428.149
8 4 23398463.389
8 5 103200164.126
8 6 108379409.532
8 7 14537601.484
8 9 14171702.533
8 10 82316726.632
8 11 43858108.309
8 12 677877701.521
8 13 46002768.448
8 14 92876245.376
8 15 447992003.335
8 16 85889631.435
8 17 55254997.593
8 18 64001202.132
8 19 174598763.604
9 0 115258368.036
9 1 7322216.507
9 2 26521006.097
9 3 14599178.824
9 4 7929223.489
9 5 16298481.456
9 6 31554846.595
9 7 35315492.916
9 8 53061309.630
9 10 10960528.755
9 11 6238681.905
9 12 134015691.587
9 13 10313617.584
9 14 30015207.330
9 15 20489455.050
9 16 30640586.162
9 17 26117757.493
9 18 31678369.371
9 19 23356001.416
10 0 48190047.074
10 1 34001641.005
10 2 59598742.695
10 3 40942321.824
10 4 19450838.396
10 5 60425887.846
10 6 65771048.451
10 7 9287512.556
10 8 105129845.246
10 9 11090122.410
10 11 50125627.225
10 12 131537225.325
10 13 8674503.386
10 14 33956196.989
10 15 241515124.657
10 16 111424179.609
10 17 44588779.240
10 18 14303951.738
10 19 36074553.343
11 0 95860175.165
11 1 18298283.206
11 2 9482694.895
11 3 79939900.334
11 4 16376527.296
11 5 26460394.139
11 6 27546963.714
11 7 68376166.850
11 8 24531391.997
11 9 33012010.401
11 10 13001066.384
11 12 505497628.860
11 13 13215851.360
11 14 62194182.993
11 15 38902317.934
11 16 103612801.347
11 17 11941956.647
11 18 37252688.552
11 19 34966661.481
12 0 1591853757.571
12 1 100010431.545
12 2 226398937.517
12 3 521994283.327
12 4 103473930.796
12 5 91257010.989
12 6 149107326.860
12 7 476690068.959
12 8 562544141.953
12 9 55102765.584
12 10 242590527.423
12 11 79986205.010
12 13 242467895.131
12 14 294549544.038
12 15 1401752084.503
12 16 1217558551.446
12 17 485732574.121
12 18 142443382.346
12 19 393870453.386
13 0 106071577.149
13 1 9752852.602
13 2 11519212.310
13 3 36410322.089
13 4 16403335.611
13 5 35832566.667
13 6 34839778.624
13 7 18145779.232
13 8 42733175.049
13 9 15458538.530
13 10 23696617.505
13 11 31897432.209
13 12 226192073.531
13 14 35073254.973
13 15 30978168.632
13 16 33977563.113
13 17 9379166.439
13 18 24353149.002
13 19 35503424.949
14 0 251808595.938
14 1 9169717.010
14 2 23623922.194
14 3 80363785.559
14 4 19624173.336
14 5 28282420.066
14 6 63144706.567
14 7 52127850.891
14 8 109863110.395
14 9 6038446.822
14 10 54860396.742
14 11 28406943.753
14 12 431833948.572
14 13 24169323.036
14 15 241228299.146
14 16 165676880.718
14 17 27701582.200
14 18 14937507.443
14 19 40468430.988
15 0 972775923.990
15 1 54434306.516
15 2 49044379.652
15 3 92727629.448
15 4 39193133.877
15 5 220335261.939
15 6 101410614.306
15 7 201418368.451
15 8 393175329.146
15 9 19356033.385
15 10 326494559.968
15 11 194042136.984
15 12 1690781487.689
15 13 19014312.015
15 14 192892552.453
15 16 414668470.754
15 17 290373880.263
15 18 208535603.264
15 19 678092440.088
16 0 184640947.649
16 1 10258927.266
16 2 29404466.751
16 3 213837188.977
16 4 52335541.596
16 5 158233319.801
16 6 171472547.919
16 7 37106789.446
16 8 143161930.779
16 9 41803439.705
16 10 173717774.425
16 11 147448814.808
16 12 659210859.015
16 13 70514089.355
16 14 89762143.263
16 15 227051848.554
16 17 143104088.851
16 18 127096273.474
16 19 349955956.292
17 0 103088573.458
17 1 21980976.179
17 2 11146020.364
17 3 78195774.540
17 4 18295405.149
17 5 25432250.455
17 6 71765938.537
17 7 35976978.650
17 8 64510466.705
17 9 35736545.657
17 10 30702749.463
17 11 72216570.126
17 12 479684922.572
17 13 11393478.558
17 14 62076277.004
17 15 314377983.830
17 16 123910614.590
17 18 32038042.299
17 19 100644800.137
18 0 221490062.432
18 1 32591460.312
18 2 41835698.142
18 3 47536365.017
18 4 28988160.712
18 5 46082004.918
18 6 34072952.611
18 7 55110987.462
18 8 12396016.166
18 9 27164545.240
18 10 41184134.141
18 11 58958849.127
18 12 164601582.610
18 13 29858036.382
18 14 38655328.288
18 15 38864436.152
18 16 55470096.040
18 17 63937422.420
18 19 51151331.185
19 0 480336437.318
19 1 27666399.408
19 2 74399194.604
19 3 136112694.482
19 4 11295109.400
19 5 128297525.374
19 6 135619974.387
19 7 91349594.837
19 8 257878127.034
19 9 69393033.332
19 10 146909104.601
19 11 76497388.908
19 12 582891227.561
19 13 86200122.216
19 14 71320862.285
19 15 686658209.833
19 16 307026078.403
19 17 96365441.986
19 18 29883434.049
