380
0 1 122633974.069
0 2 243590999.574
0 3 239377288.428
0 4 26508046.507
0 5 148122669.064
0 6 156818065.027
0 7 232054768.086
0 8 259173474.811
0 9 47403483.286
0 10 120686855.872
0 11 54036249.074
0 12 714644296.316
0 13 91199337.360
0 14 48844947.180
0 15 219027228.125
0 16 242815847.631
0 17 120569024.691
0 18 218373448.126
0 19 522398549.702
1 0 50028519.919
1 2 30818549.187
1 3 52106640.353
1 4 18313648.958
1 5 21086975.003
1 6 10931302.984
1 7 16957945.341
1 8 31066312.959
1 9 7895862.409
1 10 23953391.324
1 11 29694286.923
1 12 223266695.672
1 13 13330862.891
1 14 32982973.783
1 15 155827714.002
1 16 39349645.002
1 17 29787960.778
1 18 30258831.383
1 19 39242421.064
2 0 110961936.933
2 1 22453478.391
2 3 83751095.006
2 4 25367704.517
2 5 10720298.484
2 6 13314633.957
2 7 43914501.377
2 8 91361220.250
2 9 31427126.671
2 10 33744875.479
2 11 44068723.027
2 12 499898796.087
2 13 19907818.223
2 14 72179890.048
2 15 73887373.729
2 16 159368524.665
2 17 52160811.666
2 18 9583939.000
2 19 100462107.344
3 0 257305675.438
3 1 54351513.584
3 2 61926065.604
3 4 46980632.119
3 5 21397519.717
3 6 61046023.379
3 7 74601948.041
3 8 120358071.081
3 9 50309595.547
3 10 79017628.109
3 11 21475809.159
3 12 564133102.566
3 13 7257482.477
3 14 61979917.584
3 15 489893974.727
3 16 234041729.836
3 17 65507811.259
3 18 92189422.145
3 19 182979199.163
4 0 98635779.057
4 1 11487544.648
4 2 4930540.232
4 3 49220936.785
4 5 32948548.556
4 6 21575047.943
4 7 16783495.839
4 8 15798812.318
4 9 6675457.565
4 10 16037647.999
4 11 13758776.173
4 12 207754005.355
4 13 2576938.738
4 14 34297371.971
4 15 154333383.624
4 16 88143768.253
4 17 10314482.698
4 18 9039008.090
4 19 36069477.790
5 0 200814277.287
5 1 10404564.713
5 2 61757226.917
5 3 32391947.503
5 4 11778955.551
5 6 17099304.859
5 7 60674573.748
5 8 92218242.461
5 9 11951733.152
5 10 60449789.809
5 11 34232067.594
5 12 371939195.449
5 13 32974028.556
5 14 27237337.186
5 15 306701285.193
5 16 116487487.389
5 17 15637881.736
5 18 46379704.622
5 19 115038206.948
6 0 163551614.515
6 1 6081034.738
6 2 49168400.027
6 3 98393505.487
6 4 23236712.894
6 5 28163440.726
6 7 26024445.568
6 8 36234966.339
6 9 34829899.211
6 10 25419803.047
6 11 50987960.246
6 12 59085574.065
6 13 27482815.313
6 14 42158335.327
6 15 200628877.802
6 16 95296252.522
6 17 68055768.021
6 18 34198045.067
6 19 146817569.945
7 0 66869986.297
7 1 6314099.521
7 2 54310958.290
7 3 88202621.261
7 4 29690959.556
7 5 11844365.599
7 6 27632074.813
7 8 33340846.372
7 9 19584010.114
7 10 43094732.116
7 11 12257853.119
7 12 228597813.565
7 13 9832039.908
7 14 60142494.745
7 15 192176082.714
7 16 32453126.660
7 17 73244202.440
7 18 39628481.387
7 19 86317694.930
8 0 106940822.365
8 1 44330924.166
8 2 80361974.275
8 3 23153205.425
8 4 35633928.138
8 5 17575974.710
8 6 96483217.052
8 7 71456819.696
8 9 19752204.774
8 10 65924821.233
8 11 16400160.439
8 12 427653192.287
8 13 50504315.085
8 14 41487768.307
8 15 392743019.303
8 16 110131250.324
8 17 51554810.463
8 18 77057619.121
8 19 219206755.175
9 0 128779047.852
9 1 9575138.959
9 2 9465376.944
9 3 34237729.431
9 4 6013542.828
9 5 36647671.706
9 6 9200046.181
9 7 7847812.647
9 8 49448557.612
9 10 7786826.834
9 11 19814797.286
9 12 162493863.255
9 13 11780748.198
9 14 18786272.632
9 15 115321923.927
9 16 66074686.805
9 17 28269606.595
9 18 28842746.475
9 19 51905195.721
10 0 149539796.908
10 1 18501296.632
10 2 45610757.081
10 3 43097776.227
10 4 8548691.839
10 5 68332717.667
10 6 65304461.919
10 7 25326414.240
10 8 64253539.078
10 9 23221436.574
10 11 63133053.594
10 12 365278034.612
10 13 6757837.360
10 14 32119438.036
10 15 114122676.860
10 16 84139516.172
10 17 56907591.788
10 18 8554974.163
10 19 142632029.579
11 0 202322103.542
11 1 8695108.859
11 2 39847148.868
11 3 33691119.786
11 4 5228079.186
11 5 48182454.942
11 6 40183312.929
11 7 33005173.097
11 8 79616217.684
11 9 14462909.021
11 10 65622507.058
11 12 155639063.407
11 13 17488310.172
11 14 22569871.630
11 15 191611927.585
11 16 61516404.781
11 17 18204335.690
11 18 61566422.504
11 19 171824351.752
12 0 238966012.687
12 1 202490205.468
12 2 346466803.873
12 3 769558445.916
12 4 172369949.401
12 5 435322300.308
12 6 68491120.174
12 7 67662518.338
12 8 360619644.761
12 9 216359698.022
12 10 496117745.809
12 11 499774488.700
12 13 210424666.372
12 14 317276173.383
12 15 2088743948.938
12 16 1060420776.455
12 17 121453713.631
12 18 110710121.045
12 19 1278865308.954
13 0 62922113.053
13 1 7404354.479
13 2 9490095.271
13 3 45764768.122
13 4 8704036.250
13 5 34173049.322
13 6 14628942.506
13 7 8126332.094
13 8 50910153.970
13 9 11321901.009
13 10 4791866.831
13 11 10243260.661
13 12 70810411.094
13 14 9884726.886
13 15 164211628.145
13 16 58638083.108
13 17 23112617.199
13 18 11247753.572
13 19 56424201.099
14 0 44509274.244
14 1 30778796.236
14 2 26644154.003
14 3 71066161.792
14 4 16945567.700
14 5 16949983.059
14 6 26718657.465
14 7 52237421.489
14 8 106246046.989
14 9 35684646.854
14 10 49403109.068
14 11 59889040.173
14 12 64456871.561
14 13 25666665.099
14 15 155223038.628
14 16 41148673.507
14 17 29074974.139
14 18 15224683.517
14 19 38262385.477
15 0 1148755633.579
15 1 35105944.611
15 2 172398746.537
15 3 395217598.907
15 4 64281511.684
15 5 278580255.606
15 6 195266887.210
15 7 63266403.895
15 8 143268683.484
15 9 97732870.871
15 10 95528841.453
15 11 185634383.364
15 12 1825753499.613
15 13 146302680.794
15 14 314573065.456
15 16 353520696.809
15 17 264610973.246
15 18 197936494.837
15 19 562405559.369
16 0 216138841.204
16 1 52518532.896
16 2 52899267.683
16 3 79540166.072
16 4 20806728.413
16 5 66016806.103
16 6 45850719.054
16 7 44430737.935
16 8 45881370.577
16 9 50663254.315
16 10 46715522.500
16 11 75994827.602
16 12 499886432.821
16 13 83459338.331
16 14 46638004.326
16 15 357604943.045
16 17 93279686.725
16 18 95998234.685
16 19 154037488.420
17 0 52743915.503
17 1 22044571.656
17 2 38381631.769
17 3 74253052.271
17 4 5945010.702
17 5 54960002.365
17 6 56929576.346
17 7 67263060.822
17 8 89047746.832
17 9 14089327.394
17 10 21696767.172
17 11 15197230.761
17 12 506260565.783
17 13 8835704.084
17 14 70847571.980
17 15 190002329.620
17 16 181815323.216
17 18 14775377.127
17 19 100458733.429
18 0 79321037.328
18 1 11741986.412
18 2 34391184.864
18 3 77965839.188
18 4 35332280.204
18 5 26102538.454
18 6 62190416.202
18 7 55782276.922
18 8 99398259.697
18 9 14419464.311
18 10 40993420.094
18 11 47101134.193
18 12 289930933.105
18 13 13570414.546
18 14 44833417.879
18 15 218202791.628
18 16 127216804.020
18 17 52794438.881
18 19 27289422.465
19 0 595540825.558
19 1 58450633.803
19 2 172883017.542
19 3 65935346.082
19 4 50489482.901
19 5 178383395.370
19 6 33516443.335
19 7 173212884.303
19 8 50681552.894
19 9 39820926.889
19 10 169942128.980
19 11 80988010.351
19 12 1154696630.665
19 13 75623801.433
19 14 157309684.560
19 15 643760112.304
19 16 105797720.911
19 17 63785415.758
19 18 71320541.883
