380
0 1 125234491.084
0 2 52178193.367
0 3 100419148.818
0 4 108014276.482
0 5 43462232.804
0 6 75343092.494
0 7 126969530.846
0 8 69611901.941
0 9 31243343.067
0 10 210481280.551
0 11 209116050.163
0 12 608547686.649
0 13 81034230.671
0 14 118805807.987
0 15 221712481.679
0 16 165307837.777
0 17 216059026.541
0 18 205997952.771
0 19 427342206.361
1 0 67980312.418
1 2 18772818.753
1 3 32502862.092
1 4 5020719.518
1 5 36101652.958
1 6 32382618.981
1 7 12101782.285
1 8 28177252.314
1 9 2928933.299
1 10 34787770.642
1 11 36517392.498
1 12 107681404.270
1 13 10582644.196
1 14 15611552.951
1 15 123185295.327
1 16 30735192.985
1 17 12491929.488
1 18 17313614.788
1 19 43336835.655
2 0 92096646.497
2 1 13898796.595
2 3 83913804.657
2 4 13851858.633
2 5 9322701.035
2 6 69697896.810
2 7 57412286.849
2 8 13870906.695
2 9 22803667.604
2 10 23644537.751
2 11 35221396.945
2 12 491651086.287
2 13 25404347.605
2 14 58753118.623
2 15 248229558.256
2 16 139228424.757
2 17 70554754.668
2 18 64763651.095
2 19 147434394.374
3 0 334099512.596
3 1 36503948.383
3 2 109705117.221
3 4 7471712.639
3 5 58688747.885
3 6 92473726.685
3 7 66823978.308
3 8 21862406.000
3 9 46288908.572
3 10 26307659.487
3 11 67455480.858
3 12 225230237.378
3 13 36349878.966
3 14 79834294.586
3 15 384199067.371
3 16 43419992.408
3 17 14105387.525
3 18 52523707.287
3 19 101813068.967
4 0 108243662.996
4 1 16707124.996
4 2 23896232.100
4 3 39913010.246
4 5 31546001.279
4 6 36641682.783
4 7 11986124.015
4 8 6525808.975
4 9 14704557.427
4 10 26139785.527
4 11 18398750.266
4 12 234202651.683
4 13 16556681.877
4 14 12317346.649
4 15 142773005.033
4 16 71457771.688
4 17 15155045.575
4 18 14940205.544
4 19 65304973.858
5 0 121251476.039
5 1 5054133.581
5 2 70793479.470
5 3 28504785.738
5 4 25157956.660
5 6 45640192.729
5 7 69232105.159
5 8 109547240.715
5 9 28440135.738
5 10 68602473.467
5 11 18462226.449
5 12 377522594.599
5 13 19565769.733
5 14 23437712.366
5 15 118301212.291
5 16 38452828.222
5 17 61838056.655
5 18 47923370.994
5 19 98632323.338
6 0 92435708.370
6 1 23443432.783
6 2 53601786.895
6 3 79178207.794
6 4 35537153.597
6 5 41941158.211
6 7 40483077.727
6 8 49046842.407
6 9 7466009.829
6 10 73263910.046
6 11 25905164.822
6 12 461059999.597
6 13 21703274.962
6 14 17339180.482
6 15 110196552.047
6 16 54708472.255
6 17 42243647.982
6 18 66964896.774
6 19 68784472.872
7 0 232218080.155
7 1 18033088.430
7 2 16497925.120
7 3 88573082.288
7 4 5056834.992
7 5 49721375.717
7 6 44351121.958
7 8 89292242.120
7 9 33520747.979
7 10 43415686.335
7 11 41171822.466
7 12 343932657.195
7 13 5873648.194
7 14 62794200.023
7 15 168228636.635
7 16 125589011.110
7 17 62912026.531
7 18 40700213.558
7 19 55397342.579
8 0 71144804.219
8 1 17793468.759
8 2 108520931.553
8 3 100633340.986
8 4 22770041.735
8 5 97079607.196
8 6 75791701.937
8 7 27037359.145
8 9 12164158.626
8 10 21076984.873
8 11 78194393.297
8 12 135577278.772
8 13 37492893.293
8 14 88408328.672
8 15 137848622.868
8 16 31071588.916
8 17 77436500.352
8 18 66275491.367
8 19 203746070.698
9 0 20588223.423
9 1 10895249.492
9 2 29768079.329
9 3 37507306.668
9 4 16575234.091
9 5 22456342.658
9 6 20910894.560
9 7 15699322.124
9 8 39609360.615
9 10 24092324.753
9 11 16088083.425
9 12 222491216.189
9 13 9853888.553
9 14 6795732.284
9 15 41587374.762
9 16 24700188.619
9 17 13379794.362
9 18 22662734.821
9 19 73930086.021
10 0 131706675.602
10 1 6722567.375
10 2 26033787.027
10 3 81679206.828
10 4 12271994.743
10 5 31180585.931
10 6 48759266.643
10 7 57697280.645
10 8 95965633.496
10 9 14443390.720
10 11 69433616.316
10 12 418612807.546
10 13 32516699.592
10 14 12806027.244
10 15 176600856.492
10 16 143847056.780
10 17 14089005.797
10 18 47147731.457
10 19 167776809.769
11 0 234910484.390
11 1 26924093.631
11 2 21536728.267
11 3 21138485.216
11 4 10251533.786
11 5 62319982.182
11 6 11458384.738
11 7 68689054.606
11 8 13661198.950
11 9 7528358.174
11 10 48653615.167
11 12 194292427.260
11 13 35738191.481
11 14 47540192.242
11 15 275493304.384
11 16 182438743.498
11 17 19694571.081
11 18 17923102.138
11 19 80812212.169
12 0 950475850.957
12 1 85654918.372
12 2 374850386.965
12 3 240443206.286
12 4 63043103.520
12 5 460943675.739
12 6 363642973.023
12 7 454860267.922
12 8 600332673.470
12 9 148363771.148
12 10 488423859.424
12 11 125644930.951
12 13 181202330.493
12 14 196477194.740
12 15 1104301129.416
12 16 1002767949.735
12 17 297756035.849
12 18 360880096.566
12 19 1021226080.122
13 0 78065555.627
13 1 6222612.325
13 2 13856720.122
13 3 28662149.099
13 4 4525928.834
13 5 21929178.650
13 6 25192969.683
13 7 5183792.103
13 8 11841994.997
13 9 3002195.814
13 10 11096419.766
13 11 31173735.763
13 12 60450117.071
13 14 22009389.434
13 15 125232779.041
13 16 14099044.596
13 17 34737056.495
13 18 17778608.563
13 19 38402127.141
14 0 229978751.515
14 1 6840080.278
14 2 39503988.338
14 3 71919191.187
14 4 15820515.861
14 5 22047707.673
14 6 15134216.684
14 7 34490749.714
14 8 42432701.068
14 9 8523124.713
14 10 64991497.712
14 11 59302592.832
14 12 356908919.556
14 13 11481298.971
14 15 322641613.607
14 16 25915432.089
14 17 35853503.403
14 18 42255631.132
14 19 114768264.941
15 0 657018894.504
15 1 134087602.234
15 2 298047345.252
15 3 148672932.195
15 4 85375459.109
15 5 112634554.275
15 6 152538064.775
15 7 228053230.393
15 8 383666012.554
15 9 23704583.964
15 10 220245970.412
15 11 70355580.818
15 12 1918018890.577
15 13 156709760.431
15 14 100809791.571
15 16 527355695.524
15 17 199893732.243
15 18 230108256.508
15 19 650658920.393
16 0 246585542.717
16 1 15031324.930
16 2 99907436.570
16 3 259353884.666
16 4 30573220.355
16 5 157984887.516
16 6 130531811.022
16 7 126500530.342
16 8 202985766.958
16 9 62884349.855
16 10 57417880.821
16 11 47316415.982
16 12 349578902.253
16 13 78362411.549
16 14 21636860.578
16 15 283668389.126
16 17 21345942.976
16 18 65318277.306
16 19 309923350.983
17 0 205466135.755
17 1 23949578.865
17 2 12003321.433
17 3 20186525.531
17 4 10768165.427
17 5 51742919.757
17 6 34802743.237
17 7 47689414.124
17 8 31420272.225
17 9 23409022.031
17 10 33500731.611
17 11 43011167.045
17 12 324386125.423
17 13 25831514.218
17 14 27373025.400
17 15 161938410.699
17 16 82138254.295
17 18 54833861.952
17 19 82415610.865
18 0 149738324.238
18 1 15528717.987
18 2 52746365.630
18 3 15898822.076
18 4 10596988.526
18 5 73294995.507
18 6 63880282.199
18 7 21498847.889
18 8 94405020.032
18 9 17750242.710
18 10 18492617.095
18 11 34391438.982
18 12 189089908.877
18 13 15625839.039
18 14 45714675.773
18 15 130078855.599
18 16 178089226.174
18 17 37980036.384
18 19 151799826.223
19 0 314012177.919
19 1 16461592.010
19 2 54328760.317
19 3 258706108.146
19 4 84335284.295
19 5 51215161.898
19 6 165453255.689
19 7 155999910.434
19 8 57212177.046
19 9 16916258.487
19 10 114529789.263
19 11 20813151.720
19 12 209245694.197
19 13 80699167.593
19 14 124938994.321
19 15 145693778.035
19 16 292542997.579
19 17 145960452.640
19 18 115403056.546
