380
0 1 94176183.464
0 2 113352813.756
0 3 368175286.924
0 4 123814621.971
0 5 204956931.891
0 6 150892302.997
0 7 245876712.725
0 8 127671209.304
0 9 103352807.699
0 10 247749560.329
0 11 77525403.519
0 12 307302726.377
0 13 30804307.350
0 14 238341041.914
0 15 787870883.922
0 16 569314457.925
0 17 204453034.965
0 18 143842894.655
0 19 299231862.208
1 0 57333459.908
1 2 16960798.165
1 3 44793135.676
1 4 13239960.961
1 5 23433278.762
1 6 13633059.210
1 7 6214040.254
1 8 23752357.237
1 9 9600264.253
1 10 33075941.121
1 11 31738048.027
1 12 129687459.359
1 13 3683310.400
1 14 6598619.866
1 15 110901180.729
1 16 59410954.702
1 17 25598102.209
1 18 20485610.890
1 19 41697525.806
2 0 152699679.420
2 1 12726546.302
2 3 97775647.420
2 4 10507366.652
2 5 46518277.798
2 6 23133275.426
2 7 42375222.064
2 8 92988973.751
2 9 12192793.017
2 10 12855466.045
2 11 18487916.423
2 12 424089836.706
2 13 12004955.737
2 14 14751070.302
2 15 205235189.337
2 16 103908244.224
2 17 18523868.133
2 18 25708381.897
2 19 92143938.783
3 0 142183177.225
3 1 47424018.258
3 2 104402966.256
3 4 7212005.363
3 5 30857852.204
3 6 67139427.577
3 7 91170619.663
3 8 54905718.554
3 9 35504367.487
3 10 104951899.378
3 11 109605862.034
3 12 595206962.960
3 13 41620518.145
3 14 109972566.278
3 15 183890447.821
3 16 106261190.782
3 17 71566805.555
3 18 41109580.131
3 19 225078842.426
4 0 38130394.643
4 1 14927536.174
4 2 25092617.760
4 3 33390563.246
4 5 36759675.833
4 6 8285686.816
4 7 9388637.737
4 8 53631483.413
4 9 17621153.402
4 10 12980627.256
4 11 8128168.354
4 12 53030608.341
4 13 17717674.890
4 14 22910977.587
4 15 161303362.512
4 16 40733812.431
4 17 16186384.568
4 18 23785859.438
4 19 69613478.719
5 0 101687993.384
5 1 9167318.322
5 2 23420789.283
5 3 98957125.848
5 4 6725730.397
5 6 69410101.029
5 7 51158804.557
5 8 47903470.155
5 9 14056218.000
5 10 66075523.768
5 11 22878034.883
5 12 133801668.148
5 13 5255213.989
5 14 19105136.542
5 15 314885400.911
5 16 46480831.379
5 17 40921794.599
5 18 23627938.120
5 19 55329318.981
6 0 182380833.697
6 1 18219077.910
6 2 14896024.271
6 3 18266498.819
6 4 28302408.497
6 5 29010096.241
6 7 49641106.182
6 8 71506193.144
6 9 10932103.784
6 10 13667034.559
6 11 25429608.263
6 12 414697554.775
6 13 19448570.404
6 14 37732089.307
6 15 214424394.513
6 16 178803606.515
6 17 44759900.914
6 18 21652599.374
6 19 140505634.864
7 0 178645915.582
7 1 32000530.776
7 2 18448094.952
7 3 64921328.534
7 4 35435142.789
7 5 28715783.065
7 6 11307219.397
7 8 49274652.092
7 9 27388164.641
7 10 34116872.908
7 11 36199078.290
7 12 102972286.564
7 13 33562971.475
7 14 46656432.571
7 15 186279720.670
7 16 172200670.813
7 17 32313066.119
7 18 15183077.391
7 19 147594357.061
8 0 247829554.658
8 1 22236384.920
8 2 57898919.091
8 3 47424371.056
8 4 32852214.602
8 5 80230809.066
8 6 86961870.270
8 7 19187735.695
8 9 34529455.296
8 10 77568282.567
8 11 88427121.435
8 12 644890227.913
8 13 51520578.070
8 14 66865230.620
8 15 184632873.566
8 16 204574589.448
8 17 91328755.949
8 18 108852230.780
8 19 36040754.565
9 0 82939876.790
9 1 6578384.614
9 2 10721154.004
9 3 28085197.226
9 4 2607866.694
9 5 11327349.960
9 6 35170463.498
9 7 11319631.688
9 8 47802173.770
9 10 24877958.555
9 11 25140159.229
9 12 250466959.104
9 13 17262470.753
9 14 5484999.410
9 15 110383784.468
9 16 87939204.369
9 17 35552539.633
9 18 28219831.852
9 19 82332536.399
10 0 257537681.161
10 1 13702391.910
10 2 53287416.779
10 3 13237775.770
10 4 28162024.483
10 5 69504837.634
10 6 57469198.673
10 7 55940720.483
10 8 47060460.155
10 9 13850266.191
10 11 35344874.467
10 12 218047806.893
10 13 36208307.273
10 14 37351802.293
10 15 206057556.856
10 16 79391349.633
10 17 10777267.904
10 18 24583520.767
10 19 63396034.725
11 0 49892183.645
11 1 11839477.613
11 2 29597206.242
11 3 85226745.016
11 4 24299931.800
11 5 32764666.581
11 6 43515861.558
11 7 66844452.988
11 8 64478239.604
11 9 29150395.237
11 10 49671973.954
11 12 370671123.936
11 13 19439922.056
11 14 14509057.893
11 15 56872741.748
11 16 68205359.967
11 17 52187034.662
11 18 16617084.539
11 19 174879503.131
12 0 1202946747.784
12 1 165513922.132
12 2 364186854.640
12 3 143609235.464
12 4 222554867.818
12 5 248355848.002
12 6 440378556.715
12 7 516330523.592
12 8 487157803.672
12 9 214923848.723
12 10 296087110.988
12 11 306600670.370
12 13 138394587.698
12 14 94357018.351
12 15 1105034690.142
12 16 960465987.553
12 17 260505554.179
12 18 339028387.207
12 19 168771621.866
13 0 128997627.155
13 1 17791755.395
13 2 16513239.125
13 3 37995650.130
13 4 14954967.597
13 5 5765401.085
13 6 7165812.519
13 7 17433671.332
13 8 29083844.819
13 9 4877688.580
13 10 27709456.342
13 11 19612562.607
13 12 225877784.421
13 14 25746821.171
13 15 65666197.436
13 16 61968858.919
13 17 20377050.615
13 18 21615730.625
13 19 44173895.370
14 0 206801958.586
14 1 24231100.410
14 2 55017317.594
14 3 101957842.255
14 4 19463622.482
14 5 57567532.579
14 6 42988788.851
14 7 17453186.225
14 8 108578515.596
14 9 30661053.519
14 10 50808156.246
14 11 13792285.789
14 12 385659565.247
14 13 4900365.732
14 15 277439985.320
14 16 92350800.949
14 17 44577678.178
14 18 46667278.833
14 19 145249486.301
15 0 738092380.206
15 1 36640143.067
15 2 259360935.355
15 3 418765631.069
15 4 44415342.702
15 5 148420402.773
15 6 185924485.622
15 7 98786288.076
15 8 78405875.541
15 9 130541511.447
15 10 213920220.478
15 11 181893751.766
15 12 1724106083.430
15 13 140267600.955
15 14 177317979.748
15 16 701424632.305
15 17 63197136.052
15 18 89121419.333
15 19 326254969.499
16 0 294237283.558
16 1 43511659.562
16 2 135786782.541
16 3 64745738.696
16 4 29190670.590
16 5 113052702.115
16 6 160274071.730
16 7 83788924.987
16 8 68186038.726
16 9 52565078.400
16 10 135071290.667
16 11 87322446.422
16 12 1261965068.836
16 13 16445156.525
16 14 76546015.104
16 15 584170038.971
16 17 66722448.956
16 18 171721785.047
16 19 459286312.454
17 0 218315949.878
17 1 11201538.351
17 2 37804554.975
17 3 84670039.293
17 4 36257859.592
17 5 35800553.170
17 6 54514087.464
17 7 29918310.484
17 8 71583683.583
17 9 6017216.193
17 10 16869733.825
17 11 35146774.535
17 12 461645682.063
17 13 36865605.238
17 14 29051472.788
17 15 185713830.041
17 16 105054312.542
17 18 31431354.729
17 19 65439164.871
18 0 242105098.320
18 1 24086525.955
18 2 31156328.417
18 3 88360184.456
18 4 14277886.191
18 5 60977253.651
18 6 41395130.442
18 7 53429422.746
18 8 102264344.037
18 9 35990205.685
18 10 37226275.293
18 11 69284128.751
18 12 230594174.124
18 13 4363160.164
18 14 8857554.181
18 15 309533339.134
18 16 109424520.599
18 17 72917074.159
18 19 124511721.225
19 0 267121634.094
19 1 21456687.141
19 2 145277730.622
19 3 235333436.000
19 4 79316993.451
19 5 57425110.035
19 6 118023909.998
19 7 114348914.970
19 8 215604887.344
19 9 63718052.473
19 10 49761071.796
19 11 53566323.243
19 12 1137694144.734
19 13 67421150.508
19 14 111752967.514
19 15 352076282.926
19 16 252033026.123
19 17 71445583.702
19 18 108141623.787
