380
0 1 88258733.796
0 2 192177129.862
0 3 222234194.187
0 4 45999126.430
0 5 170125249.262
0 6 54272467.058
0 7 198072731.679
0 8 164796504.457
0 9 85077419.522
0 10 106932220.077
0 11 210591919.413
0 12 992791107.984
0 13 117544618.998
0 14 202262392.321
0 15 643479492.651
0 16 604406981.016
0 17 143857752.465
0 18 221186629.895
0 19 635184500.179
1 0 65973408.778
1 2 33177868.550
1 3 42644101.543
1 4 2817974.766
1 5 4658650.779
1 6 18929066.199
1 7 19842356.633
1 8 28282255.366
1 9 11844113.203
1 10 15795467.507
1 11 13105010.207
1 12 185273779.167
1 13 4080973.409
1 14 8281462.477
1 15 62582507.800
1 16 13538919.272
1 17 12143367.601
1 18 19516129.601
1 19 76916590.685
2 0 211827674.994
2 1 13938397.684
2 3 22850336.512
2 4 14917755.138
2 5 62213759.860
2 6 25567352.688
2 7 27937526.614
2 8 77649484.647
2 9 20645061.516
2 10 44511819.501
2 11 15954025.999
2 12 106255209.061
2 13 22520003.056
2 14 46383023.985
2 15 117644820.941
2 16 86971901.059
2 17 36365638.231
2 18 20040144.691
2 19 128754832.127
3 0 119782746.359
3 1 39722358.256
3 2 15769679.249
3 4 27552124.276
3 5 48120425.102
3 6 102866422.250
3 7 108072161.498
3 8 126797717.023
3 9 23587736.285
3 10 52432916.890
3 11 101486690.970
3 12 182724903.048
3 13 46104188.238
3 14 18975764.280
3 15 352699462.687
3 16 111630628.830
3 17 55758040.252
3 18 43526408.264
3 19 239009680.355
4 0 73965884.552
4 1 3669888.829
4 2 18600034.445
4 3 43663540.245
4 5 4752793.072
4 6 36050113.100
4 7 17848093.081
4 8 8282591.786
4 9 12276500.000
4 10 13403372.388
4 11 19764256.270
4 12 54902782.647
4 13 17037841.939
4 14 6501197.586
4 15 59948905.440
4 16 27224383.732
4 17 24759111.005
4 18 7112347.265
4 19 12055306.533
5 0 93755986.273
5 1 29975519.915
5 2 38009673.225
5 3 69007875.293
5 4 35787987.168
5 6 37975151.753
5 7 18539897.928
5 8 20315801.093
5 9 16442268.509
5 10 63411907.273
5 11 35218695.276
5 12 444298499.168
5 13 31089940.068
5 14 55497265.513
5 15 218914520.316
5 16 81176506.588
5 17 63402327.394
5 18 64481311.123
5 19 59050844.505
6 0 60360864.069
6 1 23436894.882
6 2 45156513.466
6 3 12641695.652
6 4 8088412.139
6 5 29398170.858
6 7 51976481.073
6 8 101480710.882
6 9 28283086.390
6 10 40773909.558
6 11 13079380.163
6 12 452559554.689
6 13 28040702.878
6 14 64568776.490
6 15 218488784.320
6 16 125885131.504
6 17 39295276.498
6 18 24606801.680
6 19 61700587.842
7 0 81791161.608
7 1 20694164.913
7 2 31709790.878
7 3 85721296.788
7 4 34089261.491
7 5 64636846.642
7 6 22309571.903
7 8 35579968.734
7 9 13505774.721
7 10 21460609.149
7 11 45913585.658
7 12 185152069.274
7 13 26951540.120
7 14 33414211.397
7 15 259574422.658
7 16 108603352.026
7 17 64264191.175
7 18 42253310.212
7 19 75101696.012
8 0 90797789.377
8 1 24756653.120
8 2 76054882.543
8 3 125706252.638
8 4 32971441.352
8 5 84538864.440
8 6 18820031.119
8 7 101144937.705
8 9 48958831.977
8 10 25456995.532
8 11 69106693.544
8 12 189603467.044
8 13 21810862.082
8 14 19382310.687
8 15 335213903.191
8 16 120984303.740
8 17 35039333.512
8 18 74111743.467
8 19 160593936.004
9 0 122623972.911
9 1 3777411.768
9 2 14703347.021
9 3 46585475.569
9 4 4693632.501
9 5 15236923.292
9 6 5887915.924
9 7 27120052.356
9 8 43143897.559
9 10 21221018.008
9 11 6739899.827
9 12 61889151.017
9 13 5244439.343
9 14 20282927.234
9 15 125338311.500
9 16 43248731.670
9 17 20290125.838
9 18 28145446.841
9 19 77196989.864
10 0 191276774.263
10 1 9829883.775
10 2 72661235.410
10 3 39635218.696
10 4 30375085.872
10 5 35603369.188
10 6 25206391.356
10 7 51105442.385
10 8 91400099.382
10 9 30280920.826
10 11 19443101.170
10 12 448917036.704
10 13 25742097.668
10 14 38744338.896
10 15 243044754.577
10 16 40674331.979
10 17 37246353.766
10 18 59555033.946
10 19 168109914.308
11 0 250235626.169
11 1 9329905.175
11 2 22707389.640
11 3 85305633.120
11 4 34638503.228
11 5 12170042.881
11 6 33658628.307
11 7 62119467.697
11 8 29198870.385
11 9 13665695.902
11 10 12961835.217
11 12 454675345.829
11 13 17183897.887
11 14 55503687.153
11 15 136355196.982
11 16 40867696.428
11 17 40500668.028
11 18 64124887.009
11 19 50478446.081
12 0 1296556764.881
12 1 42309209.847
12 2 260524665.256
12 3 157745930.188
12 4 108421422.444
12 5 340436284.339
12 6 158740607.403
12 7 350747457.244
12 8 487466166.254
12 9 251340015.676
12 10 389831234.313
12 11 443016843.875
12 13 122763744.116
12 14 168680550.279
12 15 2023110641.903
12 16 646188791.748
12 17 367813990.196
12 18 448592675.229
12 19 360314653.601
13 0 102709028.687
13 1 8295644.844
13 2 22503815.000
13 3 19174499.306
13 4 12869913.013
13 5 28451201.496
13 6 28016300.340
13 7 15617703.696
13 8 37957605.930
13 9 12349392.116
13 10 13473788.772
13 11 24402897.507
13 12 59739294.105
13 14 22517490.650
13 15 131297155.723
13 16 16988428.625
13 17 27408566.115
13 18 21408947.116
13 19 84706217.346
14 0 239295431.396
14 1 15262401.939
14 2 38913070.733
14 3 14893998.913
14 4 34516571.861
14 5 16901255.632
14 6 37432148.103
14 7 44660196.149
14 8 18214424.375
14 9 6398359.538
14 10 54482448.991
14 11 51857193.927
14 12 207158192.316
14 13 7993734.494
14 15 112607737.379
14 16 152586257.569
14 17 69191830.290
14 18 23133504.263
14 19 150889735.805
15 0 354357026.082
15 1 93686341.419
15 2 66191838.791
15 3 230997221.178
15 4 130145930.891
15 5 248074906.295
15 6 192416967.424
15 7 296489860.354
15 8 240730312.604
15 9 165896660.784
15 10 189220940.093
15 11 215592765.541
15 12 2132684475.094
15 13 151941643.200
15 14 320384842.750
15 16 600762388.875
15 17 305115866.538
15 18 175150083.525
15 19 263369294.835
16 0 317591940.094
16 1 64717295.277
16 2 41341842.343
16 3 265629803.574
16 4 87455143.603
16 5 169217456.931
16 6 80459891.618
16 7 125640805.899
16 8 100623747.951
16 9 73275686.782
16 10 136336575.632
16 11 104511947.572
16 12 697584530.193
16 13 38893063.613
16 14 154627136.088
16 15 524366619.254
16 17 152775215.970
16 18 118357505.866
16 19 361410179.169
17 0 149406295.655
17 1 24081449.917
17 2 44644573.330
17 3 100834616.002
17 4 21199180.280
17 5 24357417.451
17 6 21909188.967
17 7 60029227.201
17 8 64053897.478
17 9 21544613.919
17 10 72939107.321
17 11 14183213.370
17 12 390853893.416
17 13 33665611.644
17 14 34277354.714
17 15 325609057.610
17 16 70847500.184
17 18 72893461.648
17 19 99660350.860
18 0 249413537.981
18 1 4284356.365
18 2 32361684.041
18 3 41128437.400
18 4 21744490.841
18 5 13863017.560
18 6 23811493.267
18 7 40677904.793
18 8 46880642.953
18 9 5586764.992
18 10 34957033.058
18 11 26387904.898
18 12 356492348.859
18 13 34599032.233
18 14 24015894.805
18 15 197686784.680
18 16 179880425.044
18 17 61121035.289
18 19 134266965.880
19 0 103220188.930
19 1 45350807.556
19 2 76830196.357
19 3 199771094.808
19 4 31719545.133
19 5 167656983.368
19 6 157543578.960
19 7 122799765.538
19 8 102859872.696
19 9 63473727.757
19 10 41622545.824
19 11 32361588.637
19 12 615992995.174
19 13 12278259.853
19 14 44650801.760
19 15 444352955.653
19 16 387192690.031
19 17 67512132.102
19 18 111327507.705
