380
0 1 69006073.239
0 2 210998343.264
0 3 223875892.004
0 4 76691212.735
0 5 204886304.860
0 6 222818734.455
0 7 125142411.051
0 8 50778353.062
0 9 47378616.950
0 10 217719908.016
0 11 175140342.187
0 12 1032576296.561
0 13 69493620.680
0 14 247870878.551
0 15 371425034.142
0 16 272590168.676
0 17 46836980.344
0 18 132490928.432
0 19 162219063.163
1 0 111985629.222
1 2 22514887.225
1 3 21542865.157
1 4 10795898.061
1 5 15504510.587
1 6 31339660.927
1 7 4436338.391
1 8 26924547.758
1 9 10399914.564
1 10 35581266.692
1 11 20629543.984
1 12 214063592.183
1 13 13096596.709
1 14 23307738.889
1 15 149854308.949
1 16 12082162.115
1 17 33496908.729
1 18 13522587.255
1 19 27816278.222
2 0 107044870.531
2 1 29141163.509
2 3 34841557.027
2 4 33352655.369
2 5 43918082.991
2 6 23370330.226
2 7 52401276.115
2 8 96495292.981
2 9 23950233.713
2 10 45798930.276
2 11 39074491.133
2 12 311865219.685
2 13 30020689.127
2 14 16346986.364
2 15 165525375.794
2 16 106042805.382
2 17 40711800.033
2 18 40721764.546
2 19 177968323.370
3 0 310590291.578
3 1 24207668.902
3 2 13078388.619
3 4 53523439.171
3 5 56703005.294
3 6 16099728.326
3 7 65382056.569
3 8 62007571.311
3 9 29533329.419
3 10 89230152.097
3 11 40664205.094
3 12 437978380.225
3 13 26801674.436
3 14 108813751.560
3 15 202595206.457
3 16 81875445.234
3 17 27282309.829
3 18 61180570.527
3 19 258613280.623
4 0 47275497.378
4 1 7422743.649
4 2 14329952.909
4 3 26800359.848
4 5 31485866.060
4 6 25671898.276
4 7 19077174.453
4 8 49916081.570
4 9 8695355.494
4 10 20192165.461
4 11 14720004.187
4 12 87412611.661
4 13 13746983.721
4 14 9265358.148
4 15 156165753.002
4 16 15550188.655
4 17 5569904.686
4 18 34867377.242
4 19 66612092.046
5 0 144206946.499
5 1 13160182.302
5 2 26855956.542
5 3 108243590.961
5 4 33097820.766
5 6 31973913.338
5 7 8654132.872
5 8 95921752.421
5 9 5405548.528
5 10 25375394.291
5 11 48693317.003
5 12 208914214.672
5 13 18417332.226
5 14 13059513.499
5 15 289240835.906
5 16 111979210.009
5 17 21419142.024
5 18 39159153.106
5 19 25044452.586
6 0 111477006.294
6 1 28843402.987
6 2 52907385.498
6 3 55703634.827
6 4 36724969.734
6 5 47997590.066
6 7 68031378.535
6 8 34314527.651
6 9 18153122.182
6 10 69097847.711
6 11 26921318.769
6 12 63411086.444
6 13 19320711.841
6 14 22972935.194
6 15 185188967.732
6 16 178600976.960
6 17 61159856.738
6 18 64832011.681
6 19 178957861.765
7 0 68970132.626
7 1 21935195.849
7 2 22294485.888
7 3 86481427.788
7 4 24004595.306
7 5 52218660.415
7 6 41148394.472
7 8 12751032.212
7 9 36812359.939
7 10 10252715.230
7 11 73445366.964
7 12 374930324.402
7 13 23349979.343
7 14 37865106.611
7 15 267539163.834
7 16 128972059.802
7 17 68274859.881
7 18 13790320.625
7 19 136782667.845
8 0 55857862.841
8 1 9456164.918
8 2 83337835.610
8 3 59318431.756
8 4 38982067.191
8 5 77962874.602
8 6 85360041.399
8 7 79342554.204
8 9 18632414.114
8 10 103109506.371
8 11 18148451.485
8 12 337215592.928
8 13 7603491.697
8 14 43538749.197
8 15 136964034.053
8 16 210554989.412
8 17 40390443.641
8 18 22916581.818
8 19 274559195.969
9 0 34156656.487
9 1 9720869.362
9 2 27844769.382
9 3 38972796.179
9 4 4917707.755
9 5 18536378.376
9 6 9475872.136
9 7 13358900.488
9 8 14347018.449
9 10 27480796.966
9 11 13786729.743
9 12 230340637.260
9 13 10042291.295
9 14 30005004.000
9 15 116191766.497
9 16 77537710.368
9 17 7657177.761
9 18 15028408.687
9 19 29938742.473
10 0 126542594.784
10 1 8748936.383
10 2 47447972.820
10 3 109874173.320
10 4 17209620.083
10 5 56695201.999
10 6 73254262.583
10 7 34860268.151
10 8 52655709.703
10 9 22651962.859
10 11 15537028.023
10 12 335371262.086
10 13 34367634.634
10 14 27331625.987
10 15 108190207.224
10 16 170862750.963
10 17 73683504.691
10 18 62121529.965
10 19 178923123.839
11 0 177740046.318
11 1 12044904.966
11 2 20261118.166
11 3 58419332.221
11 4 23051949.772
11 5 8626075.553
11 6 71246756.733
11 7 50977600.234
11 8 92193356.279
11 9 29360944.264
11 10 11715987.882
11 12 327682298.359
11 13 31562272.241
11 14 18429527.065
11 15 280705448.427
11 16 113608130.312
11 17 12245888.778
11 18 54711388.173
11 19 56050000.376
12 0 1045953253.938
12 1 104262416.416
12 2 427358162.908
12 3 409549405.513
12 4 198388106.401
12 5 120448325.410
12 6 85403510.658
12 7 341555486.839
12 8 319964366.687
12 9 218661039.509
12 10 197088990.502
12 11 300596416.744
12 13 69062314.984
12 14 130742834.733
12 15 1898668726.463
12 16 257781877.917
12 17 174717448.614
12 18 275355794.936
12 19 779564662.713
13 0 123288612.685
13 1 3311328.159
13 2 22194024.026
13 3 36116412.560
13 4 8298238.950
13 5 11405581.053
13 6 35614229.818
13 7 20758816.409
13 8 34737301.315
13 9 15411724.068
13 10 28399381.291
13 11 24008163.195
13 12 93291604.238
13 14 23756535.913
13 15 57071166.927
13 16 85973873.834
13 17 4278563.316
13 18 16605913.608
13 19 15748614.549
14 0 177113891.200
14 1 35900417.329
14 2 47907062.533
14 3 109703969.170
14 4 36820647.364
14 5 21931635.590
14 6 14018602.535
14 7 45129870.218
14 8 40596662.887
14 9 36572181.130
14 10 35966481.434
14 11 18368225.414
14 12 186133414.558
14 13 32443160.044
14 15 57787591.521
14 16 111945926.228
14 17 62059855.651
14 18 16458624.030
14 19 114047380.085
15 0 472037915.885
15 1 29059907.795
15 2 132298814.024
15 3 295753088.363
15 4 92486909.087
15 5 189637062.587
15 6 328437896.679
15 7 323744192.885
15 8 442675469.704
15 9 27054873.223
15 10 160175535.324
15 11 65448255.457
15 12 1876162199.001
15 13 20029767.336
15 14 327866234.640
15 16 696698604.642
15 17 207777491.498
15 18 240537079.473
15 19 726777238.749
16 0 469700903.701
16 1 51206069.306
16 2 142950188.003
16 3 80475705.545
16 4 75379914.302
16 5 175795720.926
16 6 93154580.449
16 7 134484773.441
16 8 259021013.367
16 9 91783224.665
16 10 114595699.282
16 11 79577993.956
16 12 510372732.953
16 13 87513637.740
16 14 128269295.025
16 15 209048536.152
16 17 170405090.835
16 18 107015743.510
16 19 268815429.324
17 0 99990653.208
17 1 18233876.260
17 2 62073733.059
17 3 17000411.528
17 4 14857190.567
17 5 14405181.809
17 6 59481730.952
17 7 33434833.194
17 8 43307277.056
17 9 24870466.578
17 10 54508450.006
17 11 24355655.486
17 12 128108062.532
17 13 18381243.518
17 14 32067841.312
17 15 169377409.807
17 16 74066282.918
17 18 54190093.768
17 19 149160017.684
18 0 74744268.648
18 1 15422543.582
18 2 14767398.536
18 3 80564831.735
18 4 19421627.537
18 5 52148004.119
18 6 66638367.295
18 7 60000104.374
18 8 91971701.363
18 9 6217976.264
18 10 60226968.833
18 11 72940970.099
18 12 482920927.151
18 13 17435449.764
18 14 14328554.298
18 15 274603143.344
18 16 167092214.975
18 17 67689574.968
18 19 113717144.468
19 0 643827322.015
19 1 16904658.837
19 2 69346127.803
19 3 146518686.669
19 4 58062762.373
19 5 49173924.295
19 6 37212685.589
19 7 39158886.096
19 8 90279957.548
19 9 74842206.003
19 10 128785918.515
19 11 42293959.992
19 12 593413344.595
19 13 72455953.137
19 14 29846447.329
19 15 657030061.782
19 16 94463095.011
19 17 32895470.799
19 18 158155164.593
