380
0 1 111793742.199
0 2 222318899.958
0 3 151163166.631
0 4 47443009.248
0 5 136575947.434
0 6 32022608.090
0 7 72659136.318
0 8 205936139.722
0 9 96717117.836
0 10 179220058.264
0 11 207614215.570
0 12 968009212.242
0 13 76847967.364
0 14 104237358.347
0 15 903849179.740
0 16 152020771.665
0 17 134513287.299
0 18 187303649.105
0 19 316384803.759
1 0 25324978.409
1 2 27780275.779
1 3 27834921.152
1 4 2475821.562
1 5 24319414.524
1 6 31704959.280
1 7 8250260.736
1 8 8844417.287
1 9 11531173.241
1 10 18197663.711
1 11 31278931.718
1 12 191371066.626
1 13 14302373.832
1 14 9606270.592
1 15 152694217.020
1 16 66713228.932
1 17 34476941.609
1 18 6627896.832
1 19 75881673.851
2 0 29142028.886
2 1 29126414.812
2 3 89659809.641
2 4 34142085.063
2 5 21818186.392
2 6 70458254.208
2 7 65356971.263
2 8 21989887.189
2 9 29647242.666
2 10 9374567.895
2 11 12387356.505
2 12 232004164.634
2 13 34149588.760
2 14 36281265.513
2 15 193107252.152
2 16 100545622.366
2 17 36115164.880
2 18 60835590.128
2 19 22798004.449
3 0 130222178.608
3 1 50618887.920
3 2 97416435.339
3 4 45341140.627
3 5 15856759.952
3 6 53668309.535
3 7 106335231.875
3 8 95202801.715
3 9 40708020.869
3 10 59546087.046
3 11 55764853.061
3 12 491016099.969
3 13 15416741.506
3 14 60210403.474
3 15 91843965.863
3 16 264591772.211
3 17 77314727.835
3 18 65189204.219
3 19 156195774.256
4 0 55342582.139
4 1 2508197.720
4 2 35030431.385
4 3 29192280.780
4 5 4531990.476
4 6 13912676.337
4 7 27890952.245
4 8 43243449.362
4 9 8169638.730
4 10 23252643.169
4 11 28714173.021
4 12 28749181.602
4 13 3414430.281
4 14 16146501.485
4 15 139349323.047
4 16 62157466.460
4 17 20506730.131
4 18 29802740.787
4 19 11831006.259
5 0 164753817.905
5 1 34057611.756
5 2 37570994.849
5 3 52255875.568
5 4 16317284.879
5 6 37254810.992
5 7 27099238.328
5 8 30471872.340
5 9 34222525.321
5 10 57175156.311
5 11 49330253.866
5 12 509730966.632
5 13 11894894.774
5 14 39021382.226
5 15 230859523.374
5 16 181374792.833
5 17 35927450.554
5 18 59540545.816
5 19 108588426.341
6 0 170685321.360
6 1 29307371.280
6 2 24038288.276
6 3 71159547.840
6 4 21911851.159
6 5 70410052.652
6 7 13524084.123
6 8 23399104.364
6 9 32198240.902
6 10 55645228.685
6 11 40430841.594
6 12 156826356.979
6 13 20291301.959
6 14 48642915.815
6 15 330551057.483
6 16 61750705.841
6 17 49561871.532
6 18 26453580.984
6 19 29081141.518
7 0 73021511.901
7 1 27560265.149
7 2 11437916.359
7 3 70454940.909
7 4 19505556.405
7 5 47653469.065
7 6 52709432.336
7 8 72820269.572
7 9 36001871.629
7 10 27893472.502
7 11 30821003.258
7 12 313410953.022
7 13 10298689.329
7 14 70020799.164
7 15 281109780.778
7 16 118209567.403
7 17 67598588.873
7 18 23260252.289
7 19 107553931.790
8 0 149252868.667
8 1 13587380.133
8 2 16914605.022
8 3 129282750.392
8 4 17961300.920
8 5 55520512.904
8 6 26467181.840
8 7 21510777.492
8 9 48784814.436
8 10 47540570.373
8 11 99809519.812
8 12 623114524.145
8 13 24516215.954
8 14 83791613.147
8 15 104341197.024
8 16 165430980.496
8 17 95894379.041
8 18 106027039.906
8 19 181455715.748
9 0 25929508.043
9 1 4770286.306
9 2 31474809.780
9 3 16438311.983
9 4 9549425.145
9 5 33873597.675
9 6 34946757.296
9 7 35228824.781
9 8 11180917.333
9 10 10583294.524
9 11 13468617.857
9 12 142083469.719
9 13 12505210.016
9 14 5515365.674
9 15 37983023.300
9 16 81505128.135
9 17 22643656.393
9 18 30377494.822
9 19 92234613.800
10 0 135279067.353
10 1 31908468.910
10 2 26378973.324
10 3 48444174.785
10 4 24379025.109
10 5 70762117.106
10 6 33205819.124
10 7 34160321.188
10 8 103268538.850
10 9 15631955.061
10 11 21628590.429
10 12 243654481.593
10 13 22942069.287
10 14 51388438.312
10 15 151366146.051
10 16 59747350.189
10 17 9476733.004
10 18 35262649.550
10 19 175738744.401
11 0 135293475.407
11 1 16300232.056
11 2 23041639.511
11 3 53534272.415
11 4 21994519.007
11 5 32455873.475
11 6 55466393.072
11 7 27443524.564
11 8 24750016.369
11 9 8925012.958
11 10 59877060.396
11 12 434488641.415
11 13 28904727.272
11 14 70875405.340
11 15 74891630.969
11 16 182858994.444
11 17 12627264.069
11 18 69713735.121
11 19 86667257.596
12 0 440363081.313
12 1 90642625.850
12 2 122735177.953
12 3 453928082.065
12 4 189800262.322
12 5 423547927.196
12 6 322605244.011
12 7 161208168.149
12 8 376784731.636
12 9 99284128.291
12 10 439198286.300
12 11 428799497.878
12 13 145856964.227
12 14 62935045.830
12 15 1914654457.278
12 16 966321516.521
12 17 255234000.574
12 18 112077382.827
12 19 1072920564.836
13 0 56226357.853
13 1 6437889.500
13 2 15060423.031
13 3 21227143.385
13 4 13715296.186
13 5 32188120.356
13 6 18775461.785
13 7 15083110.938
13 8 11952167.589
13 9 6946318.046
13 10 21251963.206
13 11 5360678.338
13 12 245814704.757
13 14 7427546.210
13 15 59103475.711
13 16 89671124.054
13 17 6630083.379
13 18 30591296.037
13 19 50093487.988
14 0 144125120.290
14 1 24981978.805
14 2 44490128.841
14 3 44852184.162
14 4 24350194.454
14 5 48597797.796
14 6 65500243.139
14 7 11780744.099
14 8 42831703.488
14 9 4624846.397
14 10 72399552.013
14 11 21443202.935
14 12 71496744.036
14 13 7131617.422
14 15 315647722.864
14 16 134501183.702
14 17 72411706.978
14 18 18846260.990
14 19 143288995.187
15 0 1075871740.309
15 1 28976837.509
15 2 46288345.009
15 3 435639624.802
15 4 34342441.919
15 5 164441529.099
15 6 193398799.666
15 7 75335357.148
15 8 235419297.755
15 9 142737926.307
15 10 319228121.042
15 11 312990370.046
15 12 1432705051.568
15 13 159256474.426
15 14 53075510.849
15 16 646230809.641
15 17 297384680.074
15 18 76814878.930
15 19 592217402.971
16 0 642120341.082
16 1 11699877.416
16 2 147828863.957
16 3 48084141.823
16 4 24675217.673
16 5 180246559.827
16 6 138474766.199
16 7 116537491.081
16 8 244655947.692
16 9 20276875.800
16 10 128390687.252
16 11 178089870.143
16 12 831768609.824
16 13 36101379.599
16 14 107973870.541
16 15 815887851.835
16 17 28529800.479
16 18 56515983.409
16 19 299484407.734
17 0 125890511.586
17 1 14360339.821
17 2 15747240.540
17 3 107032511.992
17 4 29937648.811
17 5 69793056.375
17 6 40624592.337
17 7 45197188.687
17 8 38184682.221
17 9 19814635.646
17 10 42472609.161
17 11 31978436.786
17 12 498210572.948
17 13 11975067.298
17 14 19722700.238
17 15 260191073.016
17 16 90724917.159
17 18 9648784.614
17 19 63721233.557
18 0 46513986.227
18 1 9919754.308
18 2 29374968.108
18 3 45536628.915
18 4 16916980.622
18 5 41529161.503
18 6 25962002.482
18 7 9998348.526
18 8 72722493.346
18 9 8608100.802
18 10 21227933.369
18 11 53885900.794
18 12 384051835.771
18 13 19506197.352
18 14 23864304.555
18 15 189502822.844
18 16 66348365.805
18 17 63309067.596
18 19 173045913.910
19 0 619955184.438
19 1 64130863.221
19 2 87204387.010
19 3 230752969.368
19 4 62659338.775
19 5 162651109.030
19 6 38093561.244
19 7 54622915.032
19 8 271455284.265
19 9 79664766.734
19 10 175613228.132
19 11 174277294.665
19 12 1100213045.189
19 13 47771493.677
19 14 76855389.680
19 15 504148240.406
19 16 177431820.539
19 17 77506437.573
19 18 51366073.428
