380
0 1 71847747.432
0 2 89368754.041
0 3 370654334.645
0 4 39467712.440
0 5 217199416.073
0 6 48661882.843
0 7 93973745.937
0 8 190312239.936
0 9 55156926.224
0 10 171594244.713
0 11 59881981.003
0 12 1609189851.830
0 13 15396476.171
0 14 133177154.694
0 15 506310486.289
0 16 188082105.487
0 17 36347249.040
0 18 234069696.122
0 19 295701923.005
1 0 28765806.463
1 2 23579170.592
1 3 25052958.970
1 4 17156434.630
1 5 28796581.264
1 6 18610305.492
1 7 8105048.483
1 8 40089835.656
1 9 7065997.630
1 10 21236661.525
1 11 11812615.413
1 12 121758715.576
1 13 6247413.482
1 14 15157141.924
1 15 103480640.506
1 16 32750133.974
1 17 25256958.407
1 18 4340387.080
1 19 83593536.658
2 0 67470066.631
2 1 26242801.029
2 3 44533062.057
2 4 13085689.574
2 5 18871916.917
2 6 16451533.359
2 7 37353834.074
2 8 22949641.566
2 9 21907188.393
2 10 47923761.922
2 11 24275387.945
2 12 419281422.924
2 13 30718811.627
2 14 40261504.757
2 15 74583657.624
2 16 105902593.174
2 17 62849670.513
2 18 27856702.549
2 19 71520817.452
3 0 120795639.786
3 1 39851550.357
3 2 75046231.433
3 4 7271156.776
3 5 54883428.715
3 6 24463412.127
3 7 75068046.960
3 8 35619961.921
3 9 19244720.910
3 10 103555150.509
3 11 94544387.005
3 12 602680113.148
3 13 54238190.747
3 14 72059361.460
3 15 365609413.837
3 16 54230528.213
3 17 22813439.491
3 18 77557053.459
3 19 64138152.433
4 0 40403181.466
4 1 16580237.336
4 2 13588731.612
4 3 7797065.958
4 5 31554979.905
4 6 15929029.939
4 7 34818882.001
4 8 34483802.718
4 9 16224824.715
4 10 15256939.286
4 11 9220441.369
4 12 146508091.666
4 13 8079652.446
4 14 6609277.860
4 15 152355490.454
4 16 82888233.976
4 17 5505983.918
4 18 30329160.256
4 19 23373693.313
5 0 50609559.426
5 1 31144618.410
5 2 38793250.747
5 3 72173504.603
5 4 20778559.228
5 6 41311088.449
5 7 38688805.275
5 8 93498427.213
5 9 10684428.624
5 10 39136649.101
5 11 29439303.121
5 12 393751039.202
5 13 16609596.004
5 14 66303646.876
5 15 152575656.816
5 16 103028384.070
5 17 23770100.179
5 18 49931973.182
5 19 80463959.771
6 0 232096171.870
6 1 26872526.133
6 2 48279935.413
6 3 104158641.907
6 4 5806707.275
6 5 15480656.505
6 7 32195793.894
6 8 90251893.303
6 9 28405514.305
6 10 11795819.483
6 11 73060657.985
6 12 142368895.802
6 13 20162891.218
6 14 70907641.796
6 15 263345466.304
6 16 56693583.211
6 17 22321714.668
6 18 71476844.114
6 19 93278427.054
7 0 164942369.769
7 1 6903017.578
7 2 11011749.514
7 3 90235810.202
7 4 7787941.683
7 5 23847696.399
7 6 16823133.762
7 8 59331707.925
7 9 32793328.339
7 10 58489111.232
7 11 13489972.551
7 12 359886122.163
7 13 26379586.525
7 14 25925574.327
7 15 171114064.511
7 16 163910578.715
7 17 54067214.848
7 18 60273508.224
7 19 82815813.972
8 0 283997959.499
8 1 20952817.436
8 2 106829169.276
8 3 140559263.946
8 4 21871741.081
8 5 30687174.284
8 6 100031815.994
8 7 80816470.747
8 9 44758871.638
8 10 72990275.208
8 11 19210700.800
8 12 542116475.640
8 13 47678523.901
8 14 19390765.538
8 15 259532510.242
8 16 95235390.925
8 17 50404044.659
8 18 89886807.033
8 19 86803951.077
9 0 20967997.366
9 1 13145125.937
9 2 32417606.259
9 3 11864570.076
9 4 14155275.040
9 5 32755771.401
9 6 25460344.280
9 7 36826851.560
9 8 41760799.236
9 10 12624242.616
9 11 8414120.257
9 12 29681763.906
9 13 17135941.535
9 14 16833099.955
9 15 164643053.581
9 16 22502753.274
9 17 4466918.800
9 18 18166893.823
9 19 29043250.962
10 0 125248544.962
10 1 18211496.444
10 2 29460469.331
10 3 63852973.372
10 4 4145211.017
10 5 71533477.520
10 6 59793397.470
10 7 51993156.290
10 8 89182413.365
10 9 32794627.465
10 11 64144861.126
10 12 199974723.586
10 13 14491188.856
10 14 72208190.863
10 15 140461299.511
10 16 56077660.054
10 17 16473495.236
10 18 60339348.552
10 19 32768521.015
11 0 241654280.697
11 1 28458173.813
11 2 52485544.358
11 3 99468759.454
11 4 8361520.320
11 5 21361263.783
11 6 23951805.389
11 7 15296414.533
11 8 40686166.926
11 9 17699618.906
11 10 8613357.732
11 12 232723030.393
11 13 27574091.591
11 14 15019366.857
11 15 228938362.882
11 16 30134472.724
11 17 19611820.012
11 18 67624745.644
11 19 55297635.172
12 0 1536994760.766
12 1 113264751.479
12 2 438901896.441
12 3 178599560.298
12 4 47013111.903
12 5 431402389.507
12 6 308137892.517
12 7 416634961.546
12 8 226149982.709
12 9 55271305.325
12 10 286602752.528
12 11 105095360.414
12 13 78816974.079
12 14 181519788.248
12 15 1225045593.513
12 16 1233053920.490
12 17 109495063.371
12 18 338799439.706
12 19 389030309.373
13 0 98118620.201
13 1 3578638.198
13 2 33542140.702
13 3 10268516.682
13 4 11904143.261
13 5 10560862.980
13 6 28372418.499
13 7 26695477.459
13 8 45924440.793
13 9 3890192.921
13 10 21417744.994
13 11 32068772.695
13 12 86404750.309
13 14 34464513.760
13 15 137121558.695
13 16 55880260.815
13 17 34113096.609
13 18 23151882.995
13 19 12561363.861
14 0 165714278.897
14 1 32577437.815
14 2 56811494.577
14 3 42270727.904
14 4 12490027.860
14 5 44011805.490
14 6 22390084.720
14 7 24940482.661
14 8 86487554.601
14 9 35826389.270
14 10 39558477.794
14 11 19360597.055
14 12 191217529.456
14 13 31289655.271
14 15 164159831.543
14 16 151398589.274
14 17 71460716.192
14 18 10363882.931
14 19 120087606.571
15 0 1012123357.034
15 1 112071957.744
15 2 326734812.953
15 3 264594926.848
15 4 78539741.069
15 5 295818741.365
15 6 308970473.321
15 7 284937915.382
15 8 356986827.923
15 9 82918785.108
15 10 162870101.840
15 11 128349708.525
15 12 1099160946.481
15 13 25911213.611
15 14 135482827.578
15 16 663830235.946
15 17 82963849.010
15 18 174827528.146
15 19 211838029.877
16 0 119599020.037
16 1 10329278.550
16 2 161504444.968
16 3 255432901.723
16 4 27983930.167
16 5 167850546.659
16 6 152930657.349
16 7 103679508.263
16 8 231334201.452
16 9 51328300.279
16 10 86635881.472
16 11 126230320.568
16 12 956722114.063
16 13 20383956.769
16 14 23973029.567
16 15 287778294.971
16 17 40373786.416
16 18 172042502.206
16 19 313775330.285
17 0 163663876.017
17 1 6353966.244
17 2 61684775.827
17 3 22757315.490
17 4 29999733.724
17 5 49539276.541
17 6 28385930.279
17 7 23752329.198
17 8 25499521.618
17 9 17852657.502
17 10 31903291.408
17 11 20352316.462
17 12 461328496.360
17 13 31571941.380
17 14 14386406.783
17 15 266224843.013
17 16 79952331.248
17 18 43607476.458
17 19 67740869.701
18 0 210203219.154
18 1 26530010.536
18 2 57397216.470
18 3 61520472.896
18 4 4818383.067
18 5 24388238.368
18 6 12106400.936
18 7 65036783.934
18 8 51402530.111
18 9 14127640.943
18 10 36540113.302
18 11 12358621.313
18 12 477430317.781
18 13 35354116.987
18 14 8289488.648
18 15 87430884.399
18 16 180681801.352
18 17 58945632.597
18 19 23856410.503
19 0 75171413.813
19 1 13478485.440
19 2 34969294.790
19 3 232219290.025
19 4 42062235.351
19 5 32130350.076
19 6 100541062.085
19 7 141962568.612
19 8 224526993.832
19 9 37686561.499
19 10 165955445.516
19 11 55161355.116
19 12 551773377.422
19 13 77036793.586
19 14 46460371.160
19 15 457754068.030
19 16 173344209.462
19 17 82443656.243
19 18 138481030.459
