380
0 1 24513082.420
0 2 213342735.039
0 3 214065301.468
0 4 38718032.503
0 5 37613231.518
0 6 201866966.795
0 7 176678716.635
0 8 176766706.416
0 9 52699947.235
0 10 170849003.338
0 11 51406316.796
0 12 1062618587.495
0 13 69689737.272
0 14 216808479.360
0 15 253140135.723
0 16 326151061.909
0 17 123612344.216
0 18 155498386.543
0 19 333148396.932
1 0 125188008.081
1 2 14977651.690
1 3 47351168.959
1 4 7460107.930
1 5 30744345.122
1 6 26251298.501
1 7 34845875.945
1 8 47928654.108
1 9 17910864.704
1 10 30110101.181
1 11 12967710.104
1 12 187174508.971
1 13 16670889.010
1 14 18073122.044
1 15 99547404.511
1 16 27969724.218
1 17 17419158.685
1 18 21995856.058
1 19 69278723.551
2 0 124416128.661
2 1 31131982.718
2 3 89024364.888
2 4 17416767.565
2 5 13217010.058
2 6 22103898.427
2 7 68186172.663
2 8 85098131.976
2 9 28598160.583
2 10 69643679.664
2 11 51533519.723
2 12 250322821.463
2 13 17236898.753
2 14 17788527.778
2 15 203465520.149
2 16 153320509.649
2 17 59472935.952
2 18 64318824.941
2 19 107033546.805
3 0 147632861.077
3 1 53365728.588
3 2 105375420.233
3 4 53278091.438
3 5 55367814.000
3 6 58548146.778
3 7 24587904.051
3 8 138888756.107
3 9 41194500.680
3 10 27121325.901
3 11 83140633.186
3 12 103784315.292
3 13 43882530.510
3 14 53424507.207
3 15 475602185.731
3 16 217657335.518
3 17 60216302.046
3 18 21026840.839
3 19 116343581.499
4 0 17914395.738
4 1 9587465.180
4 2 9591130.352
4 3 19174167.361
4 5 4854301.709
4 6 13736511.359
4 7 36039295.384
4 8 25752633.378
4 9 16174625.365
4 10 23213103.404
4 11 23738569.789
4 12 99995545.582
4 13 11920308.549
4 14 4736031.087
4 15 32058426.050
4 16 79279707.048
4 17 24473471.749
4 18 12464985.833
4 19 63786390.830
5 0 164367060.598
5 1 13268860.107
5 2 56886618.170
5 3 43030816.415
5 4 22461073.765
5 6 15150040.849
5 7 15850028.288
5 8 78423730.818
5 9 7063393.886
5 10 30996120.750
5 11 69390135.445
5 12 134343526.824
5 13 20806529.265
5 14 9368116.221
5 15 243466425.785
5 16 117376511.983
5 17 36167726.420
5 18 34463191.526
5 19 43869940.886
6 0 251416647.202
6 1 31666514.001
6 2 64479064.880
6 3 37603616.927
6 4 29009652.559
6 5 72629686.203
6 7 72459930.818
6 8 95529660.992
6 9 18229956.225
6 10 71179325.210
6 11 55840397.170
6 12 409664182.990
6 13 35804362.688
6 14 64142435.429
6 15 71387718.105
6 16 73068653.641
6 17 19070438.031
6 18 23848076.584
6 19 142255893.642
7 0 210551562.114
7 1 28638776.088
7 2 29741452.831
7 3 71893171.395
7 4 12775904.475
7 5 12887057.828
7 6 29966120.645
7 8 58298815.341
7 9 33623503.285
7 10 33902003.103
7 11 37287275.861
7 12 231499546.647
7 13 18315876.860
7 14 43494379.786
7 15 315538399.741
7 16 101101766.408
7 17 46165698.199
7 18 60060916.075
7 19 184353445.478
8 0 110961591.926
8 1 12900474.991
8 2 89698737.061
8 3 24811216.679
8 4 10082000.828
8 5 69567473.236
8 6 106365179.653
8 7 45642296.107
8 9 13439596.380
8 10 83872442.999
8 11 45411654.086
8 12 144489015.317
8 13 12656195.285
8 14 96682136.950
8 15 58805982.405
8 16 52075925.827
8 17 54169660.566
8 18 60290806.115
8 19 181232098.078
9 0 99266786.133
9 1 6113282.571
9 2 33438900.760
9 3 16757010.887
9 4 9426241.887
9 5 5134161.954
9 6 30655473.334
9 7 8621800.523
9 8 9652111.010
9 10 10822169.735
9 11 34341485.875
9 12 117991579.503
9 13 16455150.869
9 14 7827084.781
9 15 104232339.727
9 16 37616882.527
9 17 19634905.964
9 18 8973189.419
9 19 29733578.683
10 0 226934791.202
10 1 36550774.299
10 2 58192186.105
10 3 14066604.179
10 4 30427811.936
10 5 68238605.977
10 6 10712486.510
10 7 65582675.882
10 8 64125971.452
10 9 5299660.611
10 11 25680165.621
10 12 344710167.946
10 13 35708718.720
10 14 15299446.666
10 15 150047731.599
10 16 60833442.811
10 17 25275050.897
10 18 23570666.455
10 19 182816421.810
11 0 150310766.610
11 1 13514836.461
11 2 63986247.176
11 3 59853539.171
11 4 29787885.213
11 5 40556741.044
11 6 51758425.953
11 7 36289559.843
11 8 82315226.719
11 9 28292563.676
11 10 67370111.736
11 12 492693413.310
11 13 29042051.447
11 14 44331930.073
11 15 250996660.386
11 16 172808129.184
11 17 72301190.654
11 18 18408061.316
11 19 72075036.477
12 0 799290445.888
12 1 225976363.468
12 2 439015407.040
12 3 689926601.627
12 4 196510221.996
12 5 448064159.574
12 6 220318240.151
12 7 386762999.763
12 8 651474976.477
12 9 117363818.560
12 10 171128779.546
12 11 178452934.670
12 13 112713861.801
12 14 88620594.066
12 15 1352460677.624
12 16 582821014.103
12 17 484609487.325
12 18 409191014.282
12 19 474927329.712
13 0 92594546.907
13 1 8632051.842
13 2 33216374.664
13 3 16087108.534
13 4 16876045.651
13 5 28015875.666
13 6 31135531.905
13 7 28633189.070
13 8 8992223.084
13 9 7018777.586
13 10 4621736.854
13 11 18063840.583
13 12 116794324.000
13 14 6510279.551
13 15 73085704.749
13 16 69146929.481
13 17 20089780.287
13 18 5628893.867
13 19 16905121.248
14 0 222148243.765
14 1 19142695.501
14 2 14108955.377
14 3 101031069.546
14 4 33029540.949
14 5 67238586.012
14 6 25746793.943
14 7 64241647.636
14 8 104541628.568
14 9 34084558.913
14 10 43204274.637
14 11 40764696.839
14 12 211807663.859
14 13 33129093.577
14 15 134336036.440
14 16 172138354.207
14 17 9820914.375
14 18 48797332.818
14 19 87174470.108
15 0 936732325.895
15 1 164278047.604
15 2 233488422.899
15 3 456734687.201
15 4 77166411.787
15 5 205134331.161
15 6 100126048.806
15 7 186152906.458
15 8 161829631.131
15 9 67915659.492
15 10 271565296.094
15 11 101128105.848
15 12 951115114.907
15 13 110956990.023
15 14 103026007.673
15 16 678670406.923
15 17 196150188.212
15 18 157242194.093
15 19 478255031.069
16 0 541248450.817
16 1 44550504.006
16 2 30558353.458
16 3 263784368.300
16 4 30767706.562
16 5 27964543.333
16 6 74004179.040
16 7 174792125.744
16 8 186667789.316
16 9 21892461.777
16 10 105761651.393
16 11 120811866.787
16 12 343651238.589
16 13 75813461.448
16 14 117437390.482
16 15 205116091.493
16 17 169221442.013
16 18 117323394.415
16 19 346268239.343
17 0 118568157.899
17 1 23208873.691
17 2 59865853.985
17 3 14490034.859
17 4 13758070.114
17 5 33264169.365
17 6 24866965.799
17 7 19007399.797
17 8 45373683.212
17 9 12772333.718
17 10 15834294.940
17 11 14762530.013
17 12 515065653.705
17 13 29830371.643
17 14 61982017.097
17 15 39891249.944
17 16 36326821.991
17 18 73015262.936
17 19 61007740.715
18 0 158182763.525
18 1 4982633.948
18 2 31186530.561
18 3 40055545.586
18 4 14892547.020
18 5 23273110.538
18 6 9259219.196
18 7 15779966.194
18 8 91697194.837
18 9 35863355.970
18 10 60143148.256
18 11 73618440.583
18 12 350277192.213
18 13 15575165.406
18 14 62402188.535
18 15 170582962.726
18 16 157581805.057
18 17 29012089.672
18 19 183207424.613
19 0 443417218.076
19 1 27413104.915
19 2 30676534.270
19 3 180284896.041
19 4 41144573.365
19 5 166047213.072
19 6 157140412.002
19 7 37687261.457
19 8 174907938.175
19 9 82059739.575
19 10 73574061.956
19 11 71020912.022
19 12 620972223.831
19 13 28419375.122
19 14 48859869.154
19 15 666444933.883
19 16 213313617.417
19 17 177458283.064
19 18 85270542.356
