380
0 1 121852774.080
0 2 45056659.355
0 3 74784599.898
0 4 103923711.026
0 5 48894094.298
0 6 193398923.911
0 7 38093128.058
0 8 302687987.329
0 9 53381784.315
0 10 101517232.264
0 11 64202983.990
0 12 1177321843.948
0 13 72849672.198
0 14 230539029.695
0 15 1003642211.112
0 16 284599632.411
0 17 108301979.077
0 18 86677102.331
0 19 113740888.483
1 0 124725683.022
1 2 36164972.577
1 3 35996267.745
1 4 18186613.478
1 5 34825289.021
1 6 7606239.646
1 7 8896796.266
1 8 36953583.643
1 9 5193361.612
1 10 23615998.947
1 11 33836790.175
1 12 229441341.548
1 13 2399673.211
1 14 22109724.862
1 15 164233427.650
1 16 19412923.770
1 17 17476819.100
1 18 29912774.332
1 19 63977128.655
2 0 178093808.819
2 1 22734677.823
2 3 46128875.520
2 4 28327797.299
2 5 11696663.754
2 6 16504279.009
2 7 11728949.978
2 8 73571647.515
2 9 8612089.944
2 10 44544569.063
2 11 11385872.603
2 12 463464543.380
2 13 24846731.474
2 14 44817312.596
2 15 329502504.073
2 16 153532661.405
2 17 30244513.871
2 18 33414847.675
2 19 76020726.996
3 0 341128940.146
3 1 27265534.660
3 2 50554280.768
3 4 18494191.140
3 5 25012117.780
3 6 110602717.640
3 7 65256980.924
3 8 146386283.460
3 9 8827442.252
3 10 13467845.311
3 11 76690896.490
3 12 536306398.670
3 13 42556949.519
3 14 60103263.385
3 15 179575542.876
3 16 215605430.160
3 17 99246862.674
3 18 109526321.493
3 19 255636413.575
4 0 68849040.772
4 1 13791860.976
4 2 30482984.609
4 3 20128201.195
4 5 34768731.838
4 6 11954743.577
4 7 4528240.006
4 8 47832567.134
4 9 13384719.321
4 10 33841876.041
4 11 18089915.616
4 12 125075676.733
4 13 13691233.435
4 14 33376882.923
4 15 70941375.912
4 16 13900859.424
4 17 35835511.337
4 18 24081724.828
4 19 56625948.627
5 0 248465563.283
5 1 10484508.995
5 2 72763220.859
5 3 24935015.334
5 4 35950643.981
5 6 26044010.473
5 7 25652775.961
5 8 16839393.783
5 9 30296517.398
5 10 29431157.898
5 11 44132035.922
5 12 118994845.332
5 13 25378199.782
5 14 20237518.914
5 15 133710346.225
5 16 109481198.019
5 17 9417012.810
5 18 30682673.280
5 19 182648507.579
6 0 64473293.284
6 1 13983759.185
6 2 69927185.103
6 3 88073306.375
6 4 22050201.482
6 5 50643995.656
6 7 21457761.073
6 8 37785928.914
6 9 8053242.032
6 10 31787992.644
6 11 49475254.508
6 12 467435873.056
6 13 35485457.614
6 14 49688577.661
6 15 278305047.850
6 16 96703880.576
6 17 53784338.310
6 18 55587968.830
6 19 141740607.925
7 0 103782591.922
7 1 22910465.062
7 2 22630149.724
7 3 95671728.279
7 4 22437715.658
7 5 34496643.036
7 6 37407274.356
7 8 97635737.038
7 9 22237160.248
7 10 43898958.856
7 11 31965469.489
7 12 112465322.574
7 13 8642551.342
7 14 42197126.481
7 15 182462078.186
7 16 110441084.731
7 17 64062412.167
7 18 67972200.655
7 19 121261357.656
8 0 200194874.289
8 1 31081801.094
8 2 95013404.098
8 3 155644975.455
8 4 6707279.871
8 5 22483528.643
8 6 109726571.998
8 7 69354566.920
8 9 42739951.523
8 10 80852541.097
8 11 53620801.290
8 12 125798518.355
8 13 23320593.407
8 14 109933347.799
8 15 406101664.990
8 16 49329390.476
8 17 65503893.611
8 18 34591305.063
8 19 201250367.114
9 0 66755338.620
9 1 16456462.897
9 2 5494036.343
9 3 21338361.279
9 4 8882580.476
9 5 22504425.547
9 6 32982303.509
9 7 21185777.510
9 8 10108493.249
9 10 27148622.036
9 11 25588331.981
9 12 235286454.357
9 13 7451126.562
9 14 5720210.964
9 15 138674833.392
9 16 88502553.685
9 17 10451984.573
9 18 12459751.729
9 19 24393823.814
10 0 146870321.709
10 1 12348338.974
10 2 21335591.836
10 3 25596742.545
10 4 19109822.097
10 5 19742041.299
10 6 10327099.925
10 7 70524613.572
10 8 104097714.950
10 9 14227416.267
10 11 45504539.171
10 12 489460275.836
10 13 23499952.971
10 14 53084157.101
10 15 97123076.820
10 16 90071378.592
10 17 40739788.855
10 18 40551216.421
10 19 62647031.696
11 0 218072589.563
11 1 18229652.297
11 2 36492141.596
11 3 87587903.007
11 4 20102228.282
11 5 20242700.773
11 6 21521788.941
11 7 64856181.199
11 8 74289820.319
11 9 32797345.270
11 10 26352347.490
11 12 433844017.385
11 13 31922439.764
11 14 36453493.989
11 15 236781919.759
11 16 148462498.848
11 17 62965902.431
11 18 40736397.640
11 19 53943222.130
12 0 1408535954.490
12 1 240108598.163
12 2 163068020.702
12 3 417895214.661
12 4 244345946.156
12 5 241625105.741
12 6 395258286.289
12 7 101235543.386
12 8 597965697.345
12 9 48501659.484
12 10 80211204.287
12 11 505571728.358
12 13 68907332.172
12 14 438328185.232
12 15 1372726917.062
12 16 150649061.851
12 17 263477589.828
12 18 255380599.895
12 19 238562530.249
13 0 76278360.936
13 1 15756666.242
13 2 6949269.463
13 3 33211589.785
13 4 12089255.565
13 5 15615520.721
13 6 35888295.737
13 7 30782636.858
13 8 52138818.578
13 9 9125585.004
13 10 4635531.469
13 11 33350565.451
13 12 31706101.054
13 14 5798031.069
13 15 127911505.071
13 16 53904814.073
13 17 27447376.743
13 18 29133649.502
13 19 48766560.925
14 0 218201517.347
14 1 9271112.432
14 2 41904482.494
14 3 96843460.689
14 4 17197188.118
14 5 8761981.827
14 6 57968634.825
14 7 22868079.304
14 8 109239050.256
14 9 31737759.171
14 10 26893763.066
14 11 55352229.757
14 12 496531171.069
14 13 11047313.338
14 15 283035723.120
14 16 180182561.939
14 17 61212760.621
14 18 43245564.541
14 19 48165048.621
15 0 938559964.354
15 1 124893344.264
15 2 311068458.614
15 3 111577167.170
15 4 40789829.367
15 5 255538214.498
15 6 221115051.403
15 7 198662339.124
15 8 322404990.924
15 9 139643974.199
15 10 169431142.413
15 11 92256560.288
15 12 1517338731.278
15 13 142945234.963
15 14 107568846.507
15 16 817116919.968
15 17 113465722.189
15 18 133945750.412
15 19 672675876.314
16 0 142523076.111
16 1 70063907.841
16 2 166138052.577
16 3 55962098.699
16 4 38462683.614
16 5 75313209.474
16 6 79440311.020
16 7 67837317.891
16 8 44434416.681
16 9 66691181.249
16 10 182722079.938
16 11 42450032.242
16 12 429668048.507
16 13 16147970.625
16 14 44140102.230
16 15 718462804.014
16 17 135773034.371
16 18 64259880.461
16 19 188557226.105
17 0 111536178.612
17 1 29129676.068
17 2 19186434.460
17 3 28291278.228
17 4 16944641.131
17 5 13102450.867
17 6 10541447.502
17 7 55215126.141
17 8 105549074.686
17 9 26027486.315
17 10 18222163.772
17 11 17490809.619
17 12 347546911.052
17 13 7258190.433
17 14 18673222.128
17 15 279861492.659
17 16 25945532.810
17 18 71862635.042
17 19 148895684.651
18 0 64277902.134
18 1 15760958.259
18 2 33691519.773
18 3 43946518.649
18 4 31320968.173
18 5 28368480.526
18 6 20676884.942
18 7 15148402.162
18 8 78243907.304
18 9 18844468.161
18 10 42202191.264
18 11 59359121.394
18 12 365547232.946
18 13 29742414.980
18 14 18645040.684
18 15 266193692.841
18 16 68996377.123
18 17 49687133.716
18 19 180332864.887
19 0 594534804.076
19 1 35863278.586
19 2 102443701.205
19 3 255309563.114
19 4 25385407.115
19 5 28806069.482
19 6 25318866.856
19 7 134341446.503
19 8 180011088.602
19 9 62653378.198
19 10 70310552.001
19 11 134470503.381
19 12 1188534389.648
19 13 80934546.582
19 14 142652041.004
19 15 395818174.290
19 16 83125789.435
19 17 105451663.704
19 18 48154134.102
