380
0 1 122733198.840
0 2 151880323.535
0 3 152863059.329
0 4 28499119.837
0 5 243772061.301
0 6 168798620.927
0 7 176401266.376
0 8 166551283.478
0 9 117253312.161
0 10 126019536.795
0 11 237247616.280
0 12 803640750.919
0 13 31451227.505
0 14 238790916.314
0 15 985831803.941
0 16 477091085.548
0 17 78245796.755
0 18 130597548.015
0 19 634546129.831
1 0 105340101.236
1 2 20038223.895
1 3 42276674.935
1 4 5471194.484
1 5 33022842.530
1 6 16508065.759
1 7 24027150.270
1 8 19534090.849
1 9 5462869.270
1 10 36285979.975
1 11 12170520.936
1 12 45555476.266
1 13 12254828.366
1 14 8141098.392
1 15 68761081.422
1 16 50109339.875
1 17 34372932.198
1 18 16742695.093
1 19 40410598.752
2 0 116824048.150
2 1 26769073.069
2 3 31991762.961
2 4 28322825.900
2 5 61220295.148
2 6 52916606.616
2 7 70394945.931
2 8 75401358.999
2 9 26930329.762
2 10 28443846.848
2 11 30383202.108
2 12 512869015.976
2 13 24407906.980
2 14 56299281.939
2 15 260501872.455
2 16 27131782.372
2 17 23876041.386
2 18 49110694.616
2 19 168247061.977
3 0 152945113.855
3 1 51950993.718
3 2 31723166.864
3 4 38976809.136
3 5 27306067.566
3 6 63988287.761
3 7 101710161.572
3 8 40609711.766
3 9 54358447.772
3 10 71382953.511
3 11 50871064.046
3 12 705301038.128
3 13 31543603.315
3 14 55567609.439
3 15 390336807.897
3 16 252079873.790
3 17 95364090.408
3 18 72663328.948
3 19 254790526.484
4 0 78943826.784
4 1 14508690.984
4 2 12863220.983
4 3 21735810.367
4 5 22708280.164
4 6 29376803.063
4 7 16744502.429
4 8 12345012.564
4 9 13817604.261
4 10 26342458.406
4 11 32803540.861
4 12 94395202.279
4 13 12808608.834
4 14 26843670.703
4 15 95157021.279
4 16 76607610.384
4 17 13745121.679
4 18 29159057.978
4 19 48681524.226
5 0 136737286.042
5 1 26300771.667
5 2 38856105.035
5 3 89157618.846
5 4 24020868.370
5 6 33062899.205
5 7 50354352.523
5 8 39667189.620
5 9 10845164.262
5 10 32719386.062
5 11 60968134.142
5 12 215377229.751
5 13 30186826.349
5 14 13998738.484
5 15 244644145.008
5 16 146724029.197
5 17 67104302.268
5 18 22327542.625
5 19 89358350.170
6 0 101749025.660
6 1 25899972.420
6 2 19978105.124
6 3 96363103.787
6 4 25182341.117
6 5 51882916.700
6 7 35395446.637
6 8 71832568.089
6 9 15891916.904
6 10 42191052.925
6 11 60899710.829
6 12 437883297.930
6 13 10458489.327
6 14 25093559.606
6 15 143264011.645
6 16 86605402.197
6 17 32433873.298
6 18 73106520.881
6 19 154840415.724
7 0 128264127.923
7 1 7083286.291
7 2 30304456.291
7 3 89275667.594
7 4 8861083.925
7 5 49899638.538
7 6 43557649.367
7 8 82922730.381
7 9 21384568.693
7 10 10958387.273
7 11 61642175.298
7 12 243890875.655
7 13 26159761.629
7 14 61838371.882
7 15 132759176.181
7 16 90063991.047
7 17 36595057.194
7 18 55788817.174
7 19 36515711.657
8 0 353875256.978
8 1 9337604.921
8 2 109679203.131
8 3 23124159.333
8 4 23983995.147
8 5 73812648.191
8 6 103649277.898
8 7 43612458.202
8 9 27647137.892
8 10 98961853.538
8 11 94414329.685
8 12 205114033.106
8 13 34787121.105
8 14 18792586.312
8 15 63023072.556
8 16 276407476.110
8 17 50274813.559
8 18 93321858.281
8 19 181205536.543
9 0 86816085.281
9 1 5804478.281
9 2 17883584.059
9 3 43449105.455
9 4 13009364.771
9 5 36413665.707
9 6 20136326.110
9 7 26233980.004
9 8 8678431.337
9 10 16460828.102
9 11 13076635.345
9 12 210494431.464
9 13 14267107.537
9 14 11700131.722
9 15 21133412.549
9 16 37532911.110
9 17 7217081.614
9 18 11370386.078
9 19 43948927.553
10 0 220382790.619
10 1 30304541.318
10 2 72701395.372
10 3 21251696.793
10 4 22524182.536
10 5 68498029.442
10 6 37518732.650
10 7 8478759.214
10 8 12814719.187
10 9 22599292.013
10 11 8271416.031
10 12 106685001.972
10 13 29876318.196
10 14 58158342.351
10 15 221554055.295
10 16 79603221.059
10 17 60386031.290
10 18 8818439.589
10 19 146013333.519
11 0 165295297.080
11 1 10484614.854
11 2 8938901.248
11 3 103449347.766
11 4 23924876.483
11 5 67297742.410
11 6 10658215.908
11 7 13164253.973
11 8 28874069.295
11 9 4531034.621
11 10 55914584.375
11 12 424524578.031
11 13 17491818.969
11 14 28209425.483
11 15 279825969.754
11 16 164195615.762
11 17 31282846.859
11 18 50550865.143
11 19 47904744.745
12 0 1025066953.964
12 1 143885149.412
12 2 100149855.035
12 3 528519362.793
12 4 76057124.916
12 5 511500936.551
12 6 105352031.770
12 7 308550551.374
12 8 760774233.632
12 9 113385557.196
12 10 216767680.515
12 11 418745704.089
12 13 45989179.664
12 14 375857785.369
12 15 1399965711.605
12 16 787499071.184
12 17 379159874.402
12 18 172058941.450
12 19 148582857.309
13 0 18501697.984
13 1 10258467.266
13 2 9892805.795
13 3 40866861.097
13 4 12349462.990
13 5 5915332.229
13 6 21793373.281
13 7 28406088.051
13 8 11926018.494
13 9 17030370.664
13 10 5851426.271
13 11 20990992.959
13 12 149526216.715
13 14 6568097.603
13 15 25042077.851
13 16 34582515.355
13 17 31150300.677
13 18 5900399.791
13 19 35585793.184
14 0 180765741.438
14 1 26155154.691
14 2 69331580.823
14 3 97066648.505
14 4 8052635.606
14 5 16347083.170
14 6 71161628.069
14 7 69868718.829
14 8 52662583.131
14 9 7406894.696
14 10 45207300.640
14 11 73504812.225
14 12 510002385.971
14 13 16165087.579
14 15 151782261.553
14 16 158254596.058
14 17 11351662.468
14 18 68089353.003
14 19 105658383.240
15 0 385367323.059
15 1 36365786.014
15 2 328985940.457
15 3 66753142.826
15 4 134209610.086
15 5 69051926.033
15 6 294410605.465
15 7 299345430.478
15 8 311279808.975
15 9 62810581.963
15 10 77276859.333
15 11 87347430.334
15 12 1624363032.986
15 13 42267629.899
15 14 144445927.077
15 16 538590354.138
15 17 71718587.559
15 18 280870673.590
15 19 716560730.294
16 0 195434366.099
16 1 49518920.555
16 2 103603692.347
16 3 237951145.676
16 4 32676306.775
16 5 49204312.796
16 6 182288801.154
16 7 98195626.170
16 8 135627114.989
16 9 19193545.298
16 10 36113678.235
16 11 79644239.925
16 12 566434236.052
16 13 58958160.644
16 14 151147682.221
16 15 166620905.371
16 17 28074320.491
16 18 24357373.708
16 19 454989152.402
17 0 85682608.783
17 1 29730581.462
17 2 67675995.905
17 3 95452814.869
17 4 29224846.982
17 5 56165609.556
17 6 37461812.238
17 7 55631819.162
17 8 104385184.110
17 9 28339605.948
17 10 14595129.946
17 11 41553683.019
17 12 292942255.422
17 13 26701373.952
17 14 40708864.352
17 15 140134333.543
17 16 62658422.103
17 18 22384956.583
17 19 88890919.456
18 0 92834540.821
18 1 36207101.086
18 2 19733401.512
18 3 94169028.249
18 4 33337754.496
18 5 50116689.117
18 6 29661741.390
18 7 53663592.251
18 8 54695278.612
18 9 12918254.363
18 10 69258632.249
18 11 41639736.319
18 12 411894331.516
18 13 19959143.184
18 14 30319932.057
18 15 115699560.759
18 16 53453512.782
18 17 71020368.570
18 19 44703657.482
19 0 622437087.704
19 1 77612188.309
19 2 107070583.160
19 3 100135581.334
19 4 80108073.118
19 5 173297334.153
19 6 78624477.556
19 7 150441679.865
19 8 41582735.955
19 9 82689035.514
19 10 86139483.747
19 11 147841119.583
19 12 308363154.581
19 13 73450863.211
19 14 150956036.746
19 15 604247336.743
19 16 317550085.291
19 17 104528681.672
19 18 79886369.034
