380
0 1 111488759.078
0 2 247103032.170
0 3 224279267.530
0 4 127072132.510
0 5 39433537.144
0 6 129582865.912
0 7 58555010.384
0 8 101089471.919
0 9 100318598.809
0 10 242091183.259
0 11 160149233.636
0 12 761935005.093
0 13 58956616.791
0 14 185824599.238
0 15 815230047.769
0 16 632658259.269
0 17 119843851.682
0 18 182304289.502
0 19 352540523.583
1 0 121123990.938
1 2 11126560.533
1 3 32389240.046
1 4 5347151.677
1 5 28967825.047
1 6 20148485.951
1 7 31479205.088
1 8 34205202.058
1 9 12593631.810
1 10 5735101.674
1 11 16257601.229
1 12 191643227.711
1 13 3706708.644
1 14 13321182.179
1 15 81494553.774
1 16 48606986.475
1 17 36865949.348
1 18 15449801.065
1 19 37646428.571
2 0 105445578.062
2 1 10425719.093
2 3 90599927.930
2 4 33075900.326
2 5 63372825.677
2 6 31147983.848
2 7 22185684.762
2 8 41922407.934
2 9 20351310.142
2 10 25988644.240
2 11 72158842.199
2 12 273955072.030
2 13 36486204.469
2 14 67826064.724
2 15 236312168.505
2 16 114371132.124
2 17 21673356.606
2 18 49920222.992
2 19 176035507.358
3 0 345516783.188
3 1 20081016.836
3 2 91476326.940
3 4 27284559.048
3 5 14075858.487
3 6 81167707.177
3 7 63777524.156
3 8 44274453.957
3 9 31034835.094
3 10 59586851.718
3 11 65030180.127
3 12 609770662.231
3 13 8617767.881
3 14 50438357.988
3 15 151914019.314
3 16 217582227.597
3 17 28947601.721
3 18 44453709.153
3 19 100283588.114
4 0 32202349.165
4 1 7192257.951
4 2 19806146.998
4 3 12189899.801
4 5 10982428.188
4 6 25443401.825
4 7 35093108.076
4 8 16844418.536
4 9 6138776.077
4 10 34448130.292
4 11 4494766.584
4 12 96257701.225
4 13 2517370.276
4 14 14714107.963
4 15 97785854.429
4 16 57814562.581
4 17 14565916.919
4 18 11076628.869
4 19 90129397.107
5 0 110035910.803
5 1 26228849.421
5 2 13210056.664
5 3 76616514.023
5 4 35853919.374
5 6 31734135.282
5 7 37323498.759
5 8 93023948.359
5 9 18421924.030
5 10 9328794.219
5 11 46772382.320
5 12 261072071.471
5 13 8288267.883
5 14 55939235.384
5 15 277658774.833
5 16 51345520.143
5 17 41201843.765
5 18 20277818.426
5 19 62742686.775
6 0 93172335.586
6 1 4878331.754
6 2 11318194.823
6 3 87408492.119
6 4 10168685.038
6 5 38969813.468
6 7 33753459.529
6 8 76673407.712
6 9 12043319.002
6 10 57057674.907
6 11 16713301.533
6 12 498357418.895
6 13 17248650.343
6 14 65461227.693
6 15 189759730.550
6 16 36511252.829
6 17 60013879.107
6 18 21467305.350
6 19 52881208.895
7 0 138542185.831
7 1 9052439.519
7 2 67856309.217
7 3 19791493.288
7 4 9302600.601
7 5 35067665.992
7 6 40183336.417
7 8 22364090.652
7 9 35876261.035
7 10 45680312.593
7 11 31913476.802
7 12 285685203.397
7 13 21394262.630
7 14 20984586.320
7 15 38757948.918
7 16 117127726.921
7 17 12729189.582
7 18 12577187.921
7 19 131317725.146
8 0 288973354.021
8 1 32819419.641
8 2 30509750.135
8 3 155059001.988
8 4 50307226.804
8 5 14861753.262
8 6 30655586.227
8 7 41482186.836
8 9 13276201.923
8 10 20942935.459
8 11 65600860.406
8 12 207500454.228
8 13 54772517.735
8 14 17627522.792
8 15 255899429.779
8 16 156747529.683
8 17 46825804.137
8 18 23260506.452
8 19 86898913.915
9 0 90748515.419
9 1 7723260.844
9 2 9498641.184
9 3 25993530.315
9 4 18347785.651
9 5 25630017.797
9 6 24047836.115
9 7 14329419.444
9 8 51245865.103
9 10 7802467.145
9 11 6343580.987
9 12 167241991.548
9 13 18232620.636
9 14 7387822.357
9 15 64242613.043
9 16 42380792.913
9 17 14790422.968
9 18 15528814.320
9 19 61089513.873
10 0 112886388.749
10 1 6405114.754
10 2 27515735.182
10 3 84670812.885
10 4 32242863.053
10 5 21016188.858
10 6 64762288.862
10 7 11182631.446
10 8 96956396.833
10 9 24983300.965
10 11 13137532.422
10 12 243044929.057
10 13 30336204.979
10 14 57935075.678
10 15 198741529.034
10 16 59104959.175
10 17 10785694.877
10 18 45873193.772
10 19 95961952.122
11 0 171959979.876
11 1 6195650.857
11 2 17871758.225
11 3 23702939.980
11 4 9648346.486
11 5 10743767.821
11 6 31844013.096
11 7 25256693.218
11 8 43368236.388
11 9 17497603.117
11 10 30162139.891
11 12 274220302.650
11 13 24517128.465
11 14 12572544.694
11 15 86845270.872
11 16 56540303.565
11 17 60964021.850
11 18 50942413.625
11 19 86966828.613
12 0 383754659.131
12 1 72295497.814
12 2 342878533.290
12 3 574578153.571
12 4 44449563.419
12 5 131205283.148
12 6 468634682.610
12 7 334760030.204
12 8 96149514.593
12 9 106359020.423
12 10 335080306.941
12 11 114286778.289
12 13 124072666.445
12 14 434012465.203
12 15 1770052720.448
12 16 598719704.771
12 17 340981714.785
12 18 425675388.510
12 19 614489006.209
13 0 18066557.426
13 1 14358902.044
13 2 25875878.489
13 3 10719537.894
13 4 10132503.398
13 5 23097827.241
13 6 19944055.423
13 7 24738316.393
13 8 22811348.344
13 9 6631208.404
13 10 11499702.033
13 11 11335172.194
13 12 124731211.788
13 14 17377226.132
13 15 38433017.212
13 16 40177950.925
13 17 26138418.330
13 18 21238679.266
13 19 56218391.740
14 0 67292134.514
14 1 6059615.984
14 2 65233288.268
14 3 13295717.716
14 4 17157799.039
14 5 19742627.896
14 6 56547485.776
14 7 21064107.270
14 8 100154114.538
14 9 24018504.844
14 10 25570344.914
14 11 11565858.743
14 12 397364451.775
14 13 29444715.294
14 15 244674862.739
14 16 139873866.102
14 17 16393345.543
14 18 67311012.834
14 19 172825738.986
15 0 631392683.391
15 1 135000738.410
15 2 106685818.284
15 3 117294910.700
15 4 159495058.556
15 5 69880251.965
15 6 200426585.319
15 7 46220186.116
15 8 409797533.839
15 9 162481382.234
15 10 202570089.492
15 11 86181006.586
15 12 705941102.133
15 13 159834164.585
15 14 284236265.460
15 16 445818057.664
15 17 163178517.171
15 18 181743294.684
15 19 647679691.636
16 0 208322505.699
16 1 68037988.769
16 2 78178613.224
16 3 130825147.113
16 4 84426331.021
16 5 98963130.077
16 6 22716266.943
16 7 116109876.128
16 8 102540883.397
16 9 26386275.637
16 10 81461079.948
16 11 45145667.389
16 12 292945169.223
16 13 12801092.500
16 14 181008005.550
16 15 497781601.002
16 17 181903682.108
16 18 22697175.540
16 19 453810572.964
17 0 70354146.682
17 1 12951937.405
17 2 33132716.994
17 3 14842286.223
17 4 14687346.747
17 5 47129033.172
17 6 13902095.661
17 7 53735321.747
17 8 61838824.479
17 9 14026953.397
17 10 40746146.166
17 11 23554638.266
17 12 261780602.963
17 13 5688362.987
17 14 22622879.326
17 15 285537925.401
17 16 62120179.437
17 18 29035573.302
17 19 175314962.011
18 0 119876409.517
18 1 36213081.299
18 2 40946779.010
18 3 62301182.059
18 4 34174330.390
18 5 51075996.181
18 6 8554004.540
18 7 30263029.900
18 8 72178491.287
18 9 32030361.472
18 10 42231632.046
18 11 69665806.738
18 12 338108928.605
18 13 21655340.936
18 14 38221700.069
18 15 246278443.495
18 16 147127736.420
18 17 70757859.966
18 19 98786476.086
19 0 528144610.397
19 1 78170089.702
19 2 104551016.593
19 3 240248757.967
19 4 17921518.056
19 5 125420126.503
19 6 107834855.151
19 7 35160888.184
19 8 142426755.670
19 9 42924442.865
19 10 142246275.849
19 11 149270551.143
19 12 814349596.840
19 13 31726392.108
19 14 154479425.800
19 15 573097112.562
19 16 348708521.330
19 17 153176232.788
19 18 121535242.981
