380
0 1 24604579.344
0 2 242311103.204
0 3 185240709.087
0 4 59489386.550
0 5 129927245.712
0 6 40939832.076
0 7 246851427.405
0 8 305401434.901
0 9 75717842.669
0 10 133548167.262
0 11 226251876.940
0 12 205293462.624
0 13 39062992.118
0 14 215226079.518
0 15 910721526.328
0 16 461558331.139
0 17 171024860.130
0 18 32686234.038
0 19 464958417.652
1 0 86308176.455
1 2 14255838.798
1 3 44072274.219
1 4 15315909.853
1 5 19526823.218
1 6 24754090.389
1 7 24847911.180
1 8 53992445.874
1 9 5902695.017
1 10 22099777.426
1 11 24698172.296
1 12 155357422.872
1 13 7807329.802
1 14 16981688.313
1 15 20805776.889
1 16 24371949.064
1 17 26181174.189
1 18 18418023.265
1 19 68602599.073
2 0 88750013.603
2 1 10832455.327
2 3 107160178.578
2 4 7463521.495
2 5 66151592.039
2 6 15486909.252
2 7 56886592.537
2 8 37819908.837
2 9 34197011.775
2 10 8555372.888
2 11 22632961.490
2 12 394324713.567
2 13 11676196.590
2 14 71455633.464
2 15 249081163.608
2 16 69758639.343
2 17 64256170.975
2 18 61966643.355
2 19 143355648.779
3 0 124761534.022
3 1 24666466.770
3 2 31110264.184
3 4 25653866.274
3 5 90217528.925
3 6 89107338.905
3 7 108786073.809
3 8 67340979.855
3 9 38806947.110
3 10 98771503.610
3 11 84517901.791
3 12 692940662.955
3 13 39880988.848
3 14 93789405.907
3 15 376779075.524
3 16 141504928.385
3 17 100814346.346
3 18 58534442.828
3 19 83562972.235
4 0 66598620.563
4 1 17978345.004
4 2 29742285.088
4 3 23820120.123
4 5 10164413.248
4 6 20930465.911
4 7 27786554.572
4 8 11569765.386
4 9 13444036.405
4 10 7171934.280
4 11 9462439.038
4 12 190631321.801
4 13 10348030.739
4 14 10609750.192
4 15 47443488.631
4 16 75434759.940
4 17 29507640.687
4 18 24560071.924
4 19 86682923.078
5 0 108669476.287
5 1 8567266.883
5 2 42134828.117
5 3 21291643.059
5 4 14585578.267
5 6 53182903.636
5 7 55161373.027
5 8 50460324.251
5 9 12209150.778
5 10 71251788.172
5 11 28413229.784
5 12 317106440.415
5 13 20980543.989
5 14 70955295.495
5 15 247223587.410
5 16 50212935.406
5 17 65931385.195
5 18 69429713.639
5 19 114688120.805
6 0 62549214.882
6 1 12616172.931
6 2 56979801.979
6 3 81794095.424
6 4 28899808.127
6 5 16656731.362
6 7 49121876.841
6 8 98496796.843
6 9 23779129.403
6 10 31857251.933
6 11 37198196.059
6 12 431776000.035
6 13 8203914.117
6 14 14969698.356
6 15 191669703.691
6 16 136714686.593
6 17 42550982.561
6 18 51387192.211
6 19 79412723.478
7 0 60148380.495
7 1 23363472.748
7 2 45050589.312
7 3 53793305.764
7 4 34816214.985
7 5 44607372.993
7 6 59453623.442
7 8 94699268.762
7 9 13483907.664
7 10 27894262.607
7 11 18073993.409
7 12 315817937.403
7 13 32357003.575
7 14 16220003.910
7 15 51723955.455
7 16 103121765.197
7 17 44237904.401
7 18 62495453.723
7 19 47984708.742
8 0 107337296.819
8 1 29147468.819
8 2 64545632.672
8 3 149411471.980
8 4 16676297.926
8 5 107374949.545
8 6 26973417.300
8 7 89250596.206
8 9 46462517.762
8 10 16083917.328
8 11 81764063.621
8 12 115283271.641
8 13 26479143.795
8 14 90449616.169
8 15 495296719.523
8 16 43429194.081
8 17 57577694.693
8 18 85279726.756
8 19 136478186.586
9 0 48162157.832
9 1 10679909.291
9 2 36508946.424
9 3 47553609.050
9 4 12048943.655
9 5 15352166.873
9 6 8567744.657
9 7 15319751.772
9 8 16774354.340
9 10 14789907.853
9 11 34823427.744
9 12 55446981.547
9 13 6410322.473
9 14 31853524.343
9 15 155334897.200
9 16 15142425.055
9 17 18364173.341
9 18 27645752.320
9 19 51055792.031
10 0 177620305.176
10 1 22002923.907
10 2 13850785.973
10 3 53226364.613
10 4 17623311.297
10 5 71357513.630
10 6 17224307.951
10 7 46620109.876
10 8 75420220.867
10 9 6688338.046
10 11 29142055.401
10 12 348130329.664
10 13 13677946.349
10 14 66764446.503
10 15 127222215.641
10 16 67292731.694
10 17 71731960.777
10 18 37588036.428
10 19 31841955.073
11 0 203707846.972
11 1 22075825.541
11 2 72384360.844
11 3 84757213.770
11 4 23150920.346
11 5 40077619.033
11 6 47126942.152
11 7 73762607.192
11 8 58128412.472
11 9 21157671.203
11 10 8433827.605
11 12 356560073.957
11 13 20518599.744
11 14 71463450.894
11 15 238091944.808
11 16 175787311.244
11 17 57788936.477
11 18 54376484.132
11 19 24958697.461
12 0 440006194.583
12 1 170439174.042
12 2 301184054.653
12 3 764269296.733
12 4 32367017.816
12 5 304306835.035
12 6 217955396.832
12 7 436320159.203
12 8 261069810.332
12 9 36465817.043
12 10 353182321.300
12 11 215725730.836
12 13 85524630.634
12 14 165385979.573
12 15 581867884.541
12 16 213048187.879
12 17 367559659.753
12 18 144755396.603
12 19 676773266.633
13 0 50010792.254
13 1 6180877.442
13 2 33973319.405
13 3 44334347.462
13 4 10447255.959
13 5 26081734.733
13 6 14379469.322
13 7 8780295.616
13 8 34576459.509
13 9 14949865.243
13 10 12306648.329
13 11 31357810.180
13 12 114811706.840
13 14 14120712.035
13 15 148956057.134
13 16 38463584.856
13 17 14983939.409
13 18 11559997.967
13 19 61752380.697
14 0 76651820.656
14 1 28596210.176
14 2 25876157.993
14 3 24692701.096
14 4 26761705.859
14 5 27673457.731
14 6 40303840.475
14 7 36873358.206
14 8 52549532.885
14 9 19220739.393
14 10 64246344.449
14 11 70977191.329
14 12 438086369.976
14 13 22794119.083
14 15 288324471.492
14 16 48451275.962
14 17 66684897.489
14 18 60498175.665
14 19 94707543.223
15 0 156526346.675
15 1 82649571.287
15 2 226887879.264
15 3 414024959.053
15 4 42246791.057
15 5 120860207.462
15 6 259371257.117
15 7 299974604.040
15 8 437527819.046
15 9 71189328.923
15 10 292629110.446
15 11 253659734.815
15 12 514299018.493
15 13 105129479.399
15 14 254694641.246
15 16 139835840.417
15 17 174520968.126
15 18 55751992.390
15 19 579175570.678
16 0 134182398.182
16 1 51057993.474
16 2 63634887.261
16 3 229259703.463
16 4 22678526.564
16 5 95009604.555
16 6 114359853.311
16 7 82072524.967
16 8 57783927.609
16 9 18031505.619
16 10 122533412.585
16 11 105891551.367
16 12 347849024.600
16 13 26035925.110
16 14 125805398.552
16 15 317015083.810
16 17 26921850.939
16 18 50314587.909
16 19 127487760.658
17 0 32432968.683
17 1 21797453.816
17 2 41178572.555
17 3 78517740.585
17 4 19219478.199
17 5 14243896.930
17 6 58528829.974
17 7 32376849.399
17 8 24398707.600
17 9 36600934.016
17 10 42179739.593
17 11 38077875.707
17 12 120486686.885
17 13 5626090.211
17 14 51089490.522
17 15 289181428.967
17 16 133761517.265
17 18 69180418.433
17 19 67574690.341
18 0 158853800.304
18 1 24531319.643
18 2 58388703.115
18 3 22904011.385
18 4 5681531.121
18 5 53755447.599
18 6 46340773.602
18 7 32188000.312
18 8 26593072.486
18 9 14204562.110
18 10 15662823.654
18 11 62719237.130
18 12 199614307.117
18 13 17309493.572
18 14 37707669.732
18 15 228097857.960
18 16 54835157.120
18 17 15933655.608
18 19 26164596.672
19 0 630668135.415
19 1 11945646.662
19 2 111880144.435
19 3 75746710.101
19 4 55463891.892
19 5 69655017.581
19 6 77348795.331
19 7 179532033.638
19 8 40138482.734
19 9 74299259.443
19 10 50714247.717
19 11 162519248.863
19 12 424394744.243
19 13 63803405.548
19 14 45523224.910
19 15 266484740.018
19 16 295886515.639
19 17 92229020.239
19 18 65957322.322
