380
0 1 34714917.699
0 2 205834973.741
0 3 278741703.669
0 4 76948796.501
0 5 197477307.915
0 6 215408791.030
0 7 205324282.159
0 8 271900722.044
0 9 30462038.242
0 10 145845942.226
0 11 201525753.207
0 12 1656094900.369
0 13 115895508.449
0 14 102558904.034
0 15 600755067.502
0 16 163515081.117
0 17 211024946.099
0 18 184845336.513
0 19 211722525.489
1 0 123908213.741
1 2 21251338.880
1 3 17372953.538
1 4 7480664.162
1 5 18660986.059
1 6 24963139.443
1 7 26090012.028
1 8 23337721.524
1 9 5838970.819
1 10 28079124.192
1 11 28610027.934
1 12 75831802.966
1 13 9056264.464
1 14 20850917.979
1 15 164983768.010
1 16 23453490.035
1 17 22565761.845
1 18 30454840.521
1 19 55013025.261
2 0 52861588.810
2 1 35861635.358
2 3 20336287.897
2 4 17535772.611
2 5 69713966.607
2 6 39619331.635
2 7 55637417.314
2 8 105087357.614
2 9 4158383.250
2 10 67885226.106
2 11 35855997.357
2 12 328575221.632
2 13 27964438.814
2 14 69192192.235
2 15 95735243.439
2 16 157625789.302
2 17 10251327.596
2 18 41640625.230
2 19 73531089.327
3 0 371549403.064
3 1 39732130.311
3 2 40501802.920
3 4 22791988.908
3 5 44096000.027
3 6 88788996.627
3 7 31525915.487
3 8 29187861.396
3 9 28045432.261
3 10 74396301.356
3 11 51911188.197
3 12 314562970.165
3 13 11978920.462
3 14 62440727.565
3 15 249719806.386
3 16 106908800.480
3 17 92097399.409
3 18 78105027.689
3 19 247103647.255
4 0 104854351.954
4 1 11776350.776
4 2 8369706.371
4 3 22683547.806
4 5 34625867.700
4 6 30492839.101
4 7 32090608.948
4 8 40937084.001
4 9 3784273.377
4 10 5822734.647
4 11 22028424.761
4 12 106995680.614
4 13 4395471.089
4 14 28669963.948
4 15 30147828.408
4 16 31090236.975
4 17 33204990.193
4 18 26615719.402
4 19 46288863.077
5 0 49932566.804
5 1 7572478.994
5 2 33735715.863
5 3 56043877.423
5 4 24570532.135
5 6 48927138.161
5 7 46678574.669
5 8 103798573.755
5 9 18755597.724
5 10 68722315.856
5 11 32756840.035
5 12 281315012.405
5 13 17304626.107
5 14 28417190.670
5 15 265042753.075
5 16 82470225.160
5 17 53663153.911
5 18 11347210.025
5 19 154270198.255
6 0 140194189.858
6 1 33555516.358
6 2 45316312.322
6 3 13970481.041
6 4 5031612.308
6 5 52407201.686
6 7 12439654.182
6 8 12707297.754
6 9 12738454.116
6 10 16556715.508
6 11 23843597.934
6 12 124674068.509
6 13 30318311.045
6 14 13598748.608
6 15 103639576.730
6 16 163747646.884
6 17 17740299.089
6 18 56146307.242
6 19 21946877.874
7 0 231134751.762
7 1 32487344.590
7 2 14330426.771
7 3 43406943.765
7 4 6619843.228
7 5 35789021.500
7 6 8327127.473
7 8 68070604.013
7 9 34455530.164
7 10 44156837.684
7 11 57820864.013
7 12 402332135.684
7 13 10561610.915
7 14 41493981.551
7 15 277522778.785
7 16 76553559.230
7 17 59207337.958
7 18 13976228.048
7 19 142265805.283
8 0 333779281.751
8 1 50778365.517
8 2 30970618.620
8 3 26889345.707
8 4 36492529.672
8 5 91534082.281
8 6 73793786.002
8 7 54351081.820
8 9 17750804.657
8 10 32059409.950
8 11 75878814.764
8 12 264390043.889
8 13 33492001.476
8 14 48627110.752
8 15 88463387.936
8 16 167297685.624
8 17 75942122.086
8 18 40910019.997
8 19 118567535.220
9 0 19756030.649
9 1 17330613.036
9 2 7815449.054
9 3 17168865.973
9 4 11247310.265
9 5 16873465.080
9 6 32674379.627
9 7 35457237.573
9 8 27824481.234
9 10 23328669.892
9 11 11278002.503
9 12 167500002.709
9 13 10825095.754
9 14 15928664.435
9 15 31924958.532
9 16 21011716.057
9 17 22839258.826
9 18 20545177.391
9 19 84363511.002
10 0 49875900.203
10 1 7629562.459
10 2 58538616.750
10 3 89149870.988
10 4 18116435.463
10 5 43893715.214
10 6 69180233.341
10 7 43025606.481
10 8 95784366.910
10 9 17921240.452
10 11 68142532.217
10 12 181472961.275
10 13 17049665.912
10 14 16872761.954
10 15 295926274.110
10 16 120626691.725
10 17 14135754.064
10 18 14517652.733
10 19 127055157.692
11 0 55748912.455
11 1 4234693.172
11 2 48707804.699
11 3 76255082.158
11 4 18664297.749
11 5 72572873.752
11 6 23433142.539
11 7 30993323.231
11 8 105380766.326
11 9 30385746.049
11 10 72299235.178
11 12 497635577.863
11 13 33740453.895
11 14 39768099.903
11 15 276708604.172
11 16 46219406.059
11 17 48905569.700
11 18 16794168.981
11 19 109067852.687
12 0 249550416.243
12 1 118120924.606
12 2 319245172.004
12 3 392540884.279
12 4 235388494.447
12 5 113151632.802
12 6 355438733.587
12 7 484827299.810
12 8 337736963.848
12 9 121521494.737
12 10 68352516.725
12 11 152314404.013
12 13 223971256.413
12 14 161974926.655
12 15 851997704.544
12 16 778439873.856
12 17 471117441.857
12 18 477041650.084
12 19 549245723.847
13 0 85571962.927
13 1 16798159.758
13 2 10843522.735
13 3 24347656.796
13 4 6728367.951
13 5 9956168.202
13 6 27423226.255
13 7 20110069.618
13 8 54621419.717
13 9 8744109.030
13 10 31789590.540
13 11 22953960.106
13 12 94126099.238
13 14 21995060.695
13 15 81035653.400
13 16 57749628.547
13 17 35347303.660
13 18 19001714.348
13 19 50734753.692
14 0 58494610.008
14 1 31874915.727
14 2 61354369.711
14 3 102083962.944
14 4 32668086.865
14 5 52130013.856
14 6 32755282.929
14 7 34865530.305
14 8 20900166.858
14 9 5198287.886
14 10 58392572.078
14 11 35907705.005
14 12 73727043.726
14 13 11272722.600
14 15 181914828.559
14 16 124230928.687
14 17 44072810.084
14 18 51501432.983
14 19 30168791.661
15 0 723827901.816
15 1 80580901.170
15 2 322880361.076
15 3 425517616.802
15 4 53985555.517
15 5 310890551.134
15 6 78766971.912
15 7 138419474.496
15 8 102098607.204
15 9 38435101.959
15 10 292529931.684
15 11 232802474.291
15 12 2251195568.211
15 13 142826163.313
15 14 265979204.185
15 16 730900166.585
15 17 192718311.077
15 18 308892704.681
15 19 167034444.282
16 0 85123776.513
16 1 17922121.790
16 2 72934597.982
16 3 60707119.565
16 4 52212039.041
16 5 181829479.566
16 6 79458921.802
16 7 130920757.718
16 8 257787127.115
16 9 64282527.551
16 10 149671273.628
16 11 40034451.198
16 12 749638937.676
16 13 31433339.556
16 14 58681916.892
16 15 166905896.773
16 17 109151925.037
16 18 48115557.449
16 19 337194736.654
17 0 103286684.666
17 1 19185203.073
17 2 60673081.000
17 3 57958075.422
17 4 12175146.872
17 5 34631948.251
17 6 8374121.616
17 7 13351466.328
17 8 84990130.024
17 9 14588826.756
17 10 52441523.948
17 11 62254519.597
17 12 249943942.747
17 13 27216684.067
17 14 26976524.665
17 15 167112156.381
17 16 168070824.774
17 18 67379963.372
17 19 156491322.295
18 0 182495365.148
18 1 15156570.179
18 2 67410949.904
18 3 22871321.057
18 4 35026325.619
18 5 51243502.981
18 6 30975991.360
18 7 58083361.383
18 8 25985911.888
18 9 12163303.408
18 10 73031241.846
18 11 48715354.228
18 12 226041247.065
18 13 6365601.019
18 14 35915420.955
18 15 308863466.534
18 16 179467211.588
18 17 65598028.558
18 19 100243672.057
19 0 128367423.855
19 1 87380287.948
19 2 181955662.265
19 3 59938515.168
19 4 78702356.203
19 5 66977732.090
19 6 130975371.876
19 7 95572996.100
19 8 184980937.683
19 9 18951189.243
19 10 180118632.882
19 11 152269691.549
19 12 470830766.976
19 13 29171882.863
19 14 32922014.601
19 15 481865006.066
19 16 108959670.093
19 17 129359302.175
19 18 95004092.830
