380
0 1 69637558.179
0 2 92249549.236
0 3 274930780.492
0 4 77176575.672
0 5 179644823.356
0 6 144921876.918
0 7 83843306.305
0 8 178493583.350
0 9 108878655.465
0 10 248092003.827
0 11 129180665.779
0 12 688891125.788
0 13 123177046.092
0 14 68052987.858
0 15 551587912.642
0 16 369963153.210
0 17 190207949.843
0 18 234017212.071
0 19 330700255.259
1 0 27548548.670
1 2 21156867.240
1 3 35370256.127
1 4 6474390.268
1 5 5190163.967
1 6 4158962.093
1 7 28507405.399
1 8 28859020.270
1 9 4983293.154
1 10 5911413.949
1 11 23201964.589
1 12 143394950.821
1 13 15160436.204
1 14 12314150.302
1 15 25118813.705
1 16 58166976.392
1 17 34142932.949
1 18 5482896.438
1 19 69645376.137
2 0 44240552.898
2 1 5765627.891
2 3 25340256.699
2 4 35746172.395
2 5 42668907.847
2 6 58770971.001
2 7 37369353.200
2 8 96940110.401
2 9 12881761.636
2 10 33992010.090
2 11 29520646.164
2 12 310503481.611
2 13 33326117.876
2 14 17772707.608
2 15 325256713.585
2 16 30497307.809
2 17 35221285.141
2 18 42494631.916
2 19 126924769.843
3 0 198622263.500
3 1 17091696.545
3 2 22912254.799
3 4 35580043.755
3 5 93354208.461
3 6 65650775.582
3 7 22284637.904
3 8 101716242.297
3 9 18986904.186
3 10 50928474.203
3 11 69826545.551
3 12 472189218.107
3 13 36382081.669
3 14 16127981.577
3 15 204437866.585
3 16 215860008.231
3 17 62486684.453
3 18 87491406.150
3 19 125093320.229
4 0 63377604.018
4 1 12144782.018
4 2 6594547.000
4 3 50997161.132
4 5 28004674.995
4 6 4581734.614
4 7 28536608.567
4 8 39943005.021
4 9 18078409.074
4 10 30340565.090
4 11 27277681.794
4 12 32514436.875
4 13 8512650.525
4 14 22510540.815
4 15 60260268.882
4 16 36573191.202
4 17 35342666.339
4 18 26273853.628
4 19 61466480.101
5 0 91362014.847
5 1 26934030.807
5 2 25036637.725
5 3 70007709.207
5 4 34640291.649
5 6 16143237.225
5 7 58375159.059
5 8 75119698.894
5 9 18674895.807
5 10 58284809.051
5 11 37023738.867
5 12 476712035.271
5 13 6297713.533
5 14 14819183.285
5 15 60542770.654
5 16 159565361.342
5 17 8287599.791
5 18 68122900.315
5 19 110314282.599
6 0 45447309.044
6 1 19750723.421
6 2 56225188.020
6 3 63200841.624
6 4 24277390.558
6 5 31199834.604
6 7 36445791.508
6 8 23500442.481
6 9 22022950.098
6 10 52472576.796
6 11 73253745.438
6 12 377508814.700
6 13 15262735.045
6 14 55232325.205
6 15 198116370.353
6 16 122556398.446
6 17 67549355.617
6 18 19309739.372
6 19 77367847.327
7 0 31781980.901
7 1 18440253.413
7 2 71240132.690
7 3 64635155.137
7 4 26747045.683
7 5 35181776.150
7 6 11300503.123
7 8 13615988.176
7 9 8823653.855
7 10 8894629.568
7 11 9528763.309
7 12 489150340.263
7 13 8732466.708
7 14 10795016.642
7 15 160433643.053
7 16 28269027.308
7 17 14178536.476
7 18 49271554.321
7 19 111964834.980
8 0 313308155.723
8 1 25906245.395
8 2 28785201.074
8 3 111383875.806
8 4 48570356.009
8 5 83570056.445
8 6 29841368.930
8 7 71347087.488
8 9 49379280.075
8 10 52863039.173
8 11 22434757.439
8 12 306711157.552
8 13 52476610.276
8 14 56765107.584
8 15 68324358.898
8 16 93312470.604
8 17 56704400.365
8 18 30563414.610
8 19 101221599.607
9 0 48772538.546
9 1 7808930.722
9 2 8410026.465
9 3 13333332.090
9 4 14123723.761
9 5 13613504.950
9 6 5906369.109
9 7 30818271.765
9 8 23159171.501
9 10 22226598.612
9 11 26946199.416
9 12 56181217.649
9 13 17418572.623
9 14 28859739.977
9 15 154398483.188
9 16 44031298.961
9 17 34639300.257
9 18 8220658.872
9 19 80065787.547
10 0 119627089.743
10 1 23832459.772
10 2 16836927.949
10 3 39853303.558
10 4 24909714.148
10 5 36797743.081
10 6 16372293.631
10 7 22305734.203
10 8 90262703.928
10 9 18876915.943
10 11 11769069.962
10 12 60148190.791
10 13 6908815.764
10 14 47928796.622
10 15 300746133.491
10 16 69023472.330
10 17 67891267.953
10 18 70416473.884
10 19 132360188.332
11 0 74937718.576
11 1 7937600.260
11 2 70650631.849
11 3 34194145.542
11 4 16811411.215
11 5 50422390.390
11 6 73744280.529
11 7 20396139.277
11 8 85203890.825
11 9 30834175.907
11 10 39131393.311
11 12 442234071.956
11 13 8163390.545
11 14 22984898.822
11 15 236024822.041
11 16 20972596.746
11 17 24966301.795
11 18 28115180.566
11 19 88637325.610
12 0 962697788.577
12 1 151910694.492
12 2 314553715.392
12 3 608588173.308
12 4 243085167.650
12 5 175635840.865
12 6 511386770.740
12 7 127183060.473
12 8 763034021.933
12 9 150270794.904
12 10 370221426.605
12 11 413684386.266
12 13 244444079.348
12 14 166735658.337
12 15 492443187.423
12 16 459138152.638
12 17 374630241.296
12 18 64706066.850
12 19 366719128.930
13 0 15683470.077
13 1 10677969.445
13 2 31751247.397
13 3 11043883.405
13 4 15712379.346
13 5 14981707.584
13 6 29087919.197
13 7 30244755.453
13 8 34358792.249
13 9 7476605.146
13 10 30062685.079
13 11 24712940.839
13 12 238430466.885
13 14 16324519.314
13 15 67980353.448
13 16 16122562.427
13 17 21152852.368
13 18 29312748.897
13 19 85722508.937
14 0 89096041.066
14 1 23172639.752
14 2 64780225.377
14 3 88809577.477
14 4 35671898.393
14 5 29148203.605
14 6 58181736.815
14 7 42386540.625
14 8 87011749.739
14 9 15017987.947
14 10 48965192.207
14 11 24938115.243
14 12 317406819.533
14 13 26657999.358
14 15 161566270.749
14 16 146459659.158
14 17 12253068.812
14 18 9505797.224
14 19 179345840.967
15 0 742589273.820
15 1 163500132.578
15 2 62332657.063
15 3 84412925.598
15 4 119691553.287
15 5 296333311.435
15 6 152390550.187
15 7 219739351.548
15 8 243195931.483
15 9 136010267.430
15 10 306910900.307
15 11 251196502.132
15 12 528122458.674
15 13 61454712.143
15 14 320549516.243
15 16 232148920.797
15 17 302158558.793
15 18 129417978.662
15 19 565158410.653
16 0 71904211.672
16 1 42680373.964
16 2 170149999.409
16 3 85041408.827
16 4 64514523.084
16 5 21550540.522
16 6 164329624.191
16 7 106106022.959
16 8 51117088.528
16 9 15100048.948
16 10 33347399.570
16 11 95354346.118
16 12 1220605717.512
16 13 56452605.514
16 14 86922501.780
16 15 788002412.337
16 17 100779416.461
16 18 153116598.689
16 19 384181308.041
17 0 46225853.504
17 1 10619744.383
17 2 20594546.873
17 3 35819981.705
17 4 23863267.173
17 5 18685448.438
17 6 66786626.812
17 7 63822612.195
17 8 97835962.033
17 9 30872111.766
17 10 68769680.911
17 11 63050973.665
17 12 182667809.227
17 13 6651109.523
17 14 16216708.110
17 15 191917983.500
17 16 166465156.728
17 18 48294484.764
17 19 21056013.354
18 0 61698073.216
18 1 13966314.757
18 2 63002487.072
18 3 18216400.771
18 4 27202823.992
18 5 65073067.740
18 6 16841625.504
18 7 41784104.468
18 8 54105826.359
18 9 24780165.549
18 10 11568154.886
18 11 61116844.057
18 12 470929479.930
18 13 15788598.552
18 14 60564385.255
18 15 108592385.310
18 16 159733361.209
18 17 18993145.069
18 19 123396894.433
19 0 337715449.399
19 1 18533148.283
19 2 180842838.837
19 3 37028421.165
19 4 27443757.705
19 5 24178065.327
19 6 57815014.687
19 7 150962017.547
19 8 204064519.583
19 9 49985913.804
19 10 119196430.847
19 11 120966745.933
19 12 306435340.754
19 13 72576610.041
19 14 147580673.928
19 15 250505358.726
19 16 101314960.031
19 17 60328135.443
19 18 153241619.085
