380
0 1 23103327.985
0 2 186136074.483
0 3 51843228.345
0 4 17185829.790
0 5 234625527.082
0 6 78399402.100
0 7 239249815.322
0 8 385759194.095
0 9 31357380.326
0 10 93225476.202
0 11 84011711.049
0 12 1159112843.250
0 13 57526982.550
0 14 50832825.046
0 15 511264051.783
0 16 330247125.118
0 17 90952916.985
0 18 29985616.598
0 19 420846563.564
1 0 94749827.692
1 2 26500127.325
1 3 16241652.688
1 4 12356730.273
1 5 28957343.568
1 6 15231522.817
1 7 20548125.076
1 8 27555423.127
1 9 11663508.176
1 10 31061921.825
1 11 30538916.780
1 12 45424829.475
1 13 7919482.831
1 14 16760340.585
1 15 33234672.439
1 16 47109899.619
1 17 24265558.282
1 18 18650986.569
1 19 59255448.510
2 0 144909043.322
2 1 5874926.212
2 3 102921372.214
2 4 18304707.032
2 5 52948108.002
2 6 19196697.798
2 7 47628859.605
2 8 58771667.268
2 9 4342678.576
2 10 26420584.026
2 11 38868070.775
2 12 343445291.244
2 13 7951904.761
2 14 46508568.678
2 15 221288243.338
2 16 180284244.993
2 17 47636104.264
2 18 46675752.258
2 19 84775966.582
3 0 256209694.408
3 1 25462642.250
3 2 71667561.909
3 4 14342961.690
3 5 80637924.928
3 6 68065824.343
3 7 14496624.760
3 8 149267038.454
3 9 43550125.038
3 10 88270231.959
3 11 54570994.348
3 12 188790304.386
3 13 34323204.760
3 14 28386605.351
3 15 110621639.688
3 16 163037361.554
3 17 109244711.178
3 18 57795708.047
3 19 139694959.406
4 0 89146021.840
4 1 17076853.389
4 2 6640709.604
4 3 18122000.828
4 5 20541188.591
4 6 20860397.548
4 7 25159614.993
4 8 10108218.835
4 9 10517650.755
4 10 31921910.458
4 11 8364040.999
4 12 241218030.610
4 13 12978679.325
4 14 4498468.435
4 15 155841196.235
4 16 21551757.095
4 17 21636788.757
4 18 22741046.052
4 19 63275903.359
5 0 154333909.948
5 1 18992458.534
5 2 59870553.028
5 3 97144839.189
5 4 20542537.640
5 6 70139959.714
5 7 71877279.273
5 8 66371004.812
5 9 34046948.454
5 10 22376471.231
5 11 8812931.502
5 12 215467736.205
5 13 19601759.184
5 14 18442219.954
5 15 193031265.673
5 16 84598392.365
5 17 32050642.754
5 18 14354951.419
5 19 53994837.585
6 0 75060077.378
6 1 6981734.389
6 2 54466437.820
6 3 20518676.466
6 4 36769060.190
6 5 56909120.013
6 7 59928165.752
6 8 107945275.543
6 9 35686241.476
6 10 58144535.269
6 11 49997646.337
6 12 57738823.196
6 13 11751901.969
6 14 49872891.758
6 15 42029428.365
6 16 29200584.951
6 17 71964440.132
6 18 29817598.546
6 19 81167461.036
7 0 181363160.521
7 1 19371448.258
7 2 55608352.409
7 3 52411778.125
7 4 29612180.102
7 5 18093839.636
7 6 35698322.579
7 8 100603365.399
7 9 22337826.945
7 10 32345279.115
7 11 37848940.335
7 12 316206972.048
7 13 18291262.586
7 14 61781931.294
7 15 232565706.599
7 16 47149765.142
7 17 62126298.384
7 18 34235706.382
7 19 79754702.349
8 0 194035069.639
8 1 43768457.978
8 2 29852141.721
8 3 96139095.236
8 4 12986421.133
8 5 75695430.900
8 6 24198301.521
8 7 49330544.879
8 9 41172986.385
8 10 23928133.013
8 11 89694811.070
8 12 558472624.181
8 13 31195335.160
8 14 77653523.264
8 15 186015402.733
8 16 234031929.414
8 17 30131184.172
8 18 24056393.160
8 19 43545152.851
9 0 61001985.735
9 1 5818706.394
9 2 12020546.747
9 3 51010609.200
9 4 16056369.969
9 5 29118802.066
9 6 34268858.241
9 7 17692051.844
9 8 27684755.666
9 10 11122112.116
9 11 25050013.373
9 12 68098099.168
9 13 10757923.757
9 14 9480922.855
9 15 88534438.407
9 16 52357204.629
9 17 32033958.073
9 18 35438909.420
9 19 53618599.449
10 0 125140531.101
10 1 30507697.675
10 2 57743392.011
10 3 101621039.918
10 4 13401442.081
10 5 53711667.373
10 6 70709231.803
10 7 51496223.623
10 8 54114698.424
10 9 19183949.617
10 11 21211088.931
10 12 121259496.937
10 13 23694685.082
10 14 42971491.481
10 15 192422998.293
10 16 111941925.218
10 17 44382277.453
10 18 33353211.239
10 19 151638139.751
11 0 160615441.216
11 1 6684470.805
11 2 24072969.592
11 3 81238879.663
11 4 26904341.748
11 5 45815266.291
11 6 44081372.410
11 7 38205570.529
11 8 43333101.344
11 9 8409367.476
11 10 20139072.483
11 12 311541532.613
11 13 6461719.391
11 14 31825040.581
11 15 83778985.753
11 16 138938871.238
11 17 70649374.836
11 18 51813686.126
11 19 119595054.395
12 0 212877018.918
12 1 33439471.936
12 2 101239208.914
12 3 370558319.306
12 4 185071406.809
12 5 375969226.469
12 6 348104762.831
12 7 273826388.227
12 8 277017582.032
12 9 95482979.244
12 10 293930887.989
12 11 150747299.900
12 13 87085640.903
12 14 135700230.698
12 15 860069126.850
12 16 428587721.337
12 17 261955449.479
12 18 184138846.564
12 19 605064832.070
13 0 107849246.941
13 1 2107075.627
13 2 23395593.616
13 3 10116862.729
13 4 4718311.389
13 5 36496059.901
13 6 33329676.416
13 7 18051404.958
13 8 40678291.659
13 9 15766266.724
13 10 12778419.362
13 11 19911887.530
13 12 191243747.757
13 14 17475000.764
13 15 65571613.145
13 16 77680385.285
13 17 22448279.420
13 18 31283579.746
13 19 45109310.449
14 0 212135751.492
14 1 17442510.642
14 2 56183661.511
14 3 54547849.835
14 4 5757353.629
14 5 53848185.451
14 6 30886304.888
14 7 66583938.344
14 8 52152588.805
14 9 5192033.500
14 10 37437013.465
14 11 39910809.530
14 12 235257085.065
14 13 29999540.513
14 15 194064696.007
14 16 164382258.363
14 17 38679652.570
14 18 64502849.116
14 19 40502034.856
15 0 545531653.680
15 1 18776748.219
15 2 313049501.626
15 3 142596013.678
15 4 87293331.684
15 5 302241931.105
15 6 155869384.898
15 7 312181706.172
15 8 480909990.733
15 9 47094918.182
15 10 327192519.122
15 11 276115841.675
15 12 385662198.546
15 13 132179194.851
15 14 134278260.716
15 16 93661867.697
15 17 101122199.634
15 18 119640169.341
15 19 602253165.450
16 0 249887947.780
16 1 70306090.054
16 2 108686967.092
16 3 172495034.864
16 4 41933759.054
16 5 23136914.697
16 6 142678197.390
16 7 101842396.682
16 8 107822633.827
16 9 11183816.201
16 10 62396317.988
16 11 110896884.882
16 12 570015364.866
16 13 77488640.472
16 14 55714836.546
16 15 394790239.809
16 17 87034293.360
16 18 122032835.935
16 19 460202434.914
17 0 80240793.714
17 1 15525251.056
17 2 12205229.233
17 3 64274055.292
17 4 13918580.606
17 5 12609099.879
17 6 22416364.687
17 7 17602604.837
17 8 110148431.854
17 9 29020321.159
17 10 47143103.405
17 11 69673959.513
17 12 341872261.052
17 13 24016460.388
17 14 71706221.937
17 15 53257395.734
17 16 99968325.682
17 18 30315204.708
17 19 49849642.061
18 0 208321154.007
18 1 5296824.439
18 2 66188954.499
18 3 13069545.387
18 4 14675021.556
18 5 10918376.035
18 6 41204498.107
18 7 54322369.106
18 8 13657449.062
18 9 32493955.436
18 10 38997475.124
18 11 41376881.047
18 12 442414687.534
18 13 15829694.642
18 14 38963103.833
18 15 73988832.423
18 16 111829175.985
18 17 27254410.553
18 19 40851702.817
19 0 495851310.353
19 1 55703096.355
19 2 110297011.868
19 3 47224937.533
19 4 57385606.793
19 5 38674011.895
19 6 98220909.850
19 7 53838062.583
19 8 88269811.968
19 9 54069868.741
19 10 34450745.200
19 11 175770728.783
19 12 628739175.147
19 13 56675736.914
19 14 121770110.823
19 15 705710166.790
19 16 353709112.234
19 17 51380200.588
19 18 170568720.042
