380
0 1 127497144.658
0 2 86817169.927
0 3 187449817.990
0 4 127187872.383
0 5 70994497.086
0 6 91921462.413
0 7 170143326.051
0 8 277319490.575
0 9 97476682.916
0 10 209379534.962
0 11 110877408.246
0 12 703412092.521
0 13 33063104.613
0 14 193125714.212
0 15 303735285.142
0 16 506574289.553
0 17 118282690.729
0 18 61663730.835
0 19 84310719.870
1 0 122329258.301
1 2 13773412.852
1 3 39388338.293
1 4 13079396.307
1 5 25157400.622
1 6 30111031.690
1 7 33148895.744
1 8 48043415.792
1 9 8485552.968
1 10 9995394.838
1 11 7211911.087
1 12 132698251.010
1 13 4298226.806
1 14 17637659.018
1 15 33629785.863
1 16 53579229.392
1 17 16961087.195
1 18 29112779.496
1 19 77446445.565
2 0 219021208.534
2 1 29713146.630
2 3 93076660.111
2 4 9145722.510
2 5 26496008.357
2 6 29758171.508
2 7 29317740.208
2 8 46851252.693
2 9 22165213.639
2 10 29155652.227
2 11 12794497.954
2 12 57955520.005
2 13 24742311.674
2 14 13348533.257
2 15 61524759.509
2 16 174720279.522
2 17 60703948.867
2 18 55262167.468
2 19 50228684.387
3 0 343181281.995
3 1 17996645.056
3 2 37766629.670
3 4 44919308.629
3 5 38962045.575
3 6 98741031.468
3 7 26233940.695
3 8 151859860.989
3 9 48426105.992
3 10 36500732.107
3 11 110264424.793
3 12 470268999.154
3 13 21660670.716
3 14 20374379.520
3 15 190842593.333
3 16 249819704.501
3 17 26823359.381
3 18 64544500.253
3 19 74605600.077
4 0 42732168.662
4 1 18054463.163
4 2 28194287.146
4 3 15493198.644
4 5 35331062.319
4 6 26610360.326
4 7 36609360.431
4 8 32887521.947
4 9 18254240.165
4 10 18520585.090
4 11 19641074.328
4 12 115329800.379
4 13 9321242.897
4 14 26231458.136
4 15 24148027.854
4 16 69240623.524
4 17 15798317.090
4 18 7873382.723
4 19 61170355.764
5 0 71949287.014
5 1 30014422.356
5 2 66105460.536
5 3 34180359.700
5 4 15304913.069
5 6 18472321.305
5 7 72041543.935
5 8 90755641.505
5 9 24855906.551
5 10 56184507.610
5 11 46493814.511
5 12 411583158.952
5 13 12111865.792
5 14 23872897.089
5 15 272058522.012
5 16 103596925.144
5 17 24642755.465
5 18 35243566.517
5 19 150708683.329
6 0 45267814.289
6 1 25229595.943
6 2 38699014.246
6 3 72039912.906
6 4 8765204.476
6 5 18494382.436
6 7 29047489.127
6 8 47555379.813
6 9 31669252.351
6 10 33274853.523
6 11 40286525.389
6 12 82311312.678
6 13 14417663.009
6 14 41596600.910
6 15 47988658.722
6 16 22297585.659
6 17 8859474.953
6 18 57737666.399
6 19 133387736.490
7 0 143361269.158
7 1 26215350.619
7 2 21703055.254
7 3 108471084.674
7 4 32328954.698
7 5 23387915.073
7 6 44831884.431
7 8 39663399.850
7 9 6303086.036
7 10 15098888.173
7 11 66693538.240
7 12 148130082.063
7 13 21583772.864
7 14 67039248.341
7 15 132495565.450
7 16 168526412.556
7 17 40877615.259
7 18 58765749.564
7 19 45348645.286
8 0 333724197.602
8 1 45423785.115
8 2 17404158.729
8 3 99223381.409
8 4 48348182.258
8 5 63213739.807
8 6 51269557.822
8 7 97798043.621
8 9 6485666.287
8 10 34268580.012
8 11 41801522.848
8 12 434897758.472
8 13 52492234.823
8 14 95663275.233
8 15 194815845.336
8 16 147663085.517
8 17 90575271.709
8 18 79931322.353
8 19 230280806.698
9 0 86355883.816
9 1 10235188.583
9 2 6983343.262
9 3 47796994.534
9 4 9838127.582
9 5 7655623.553
9 6 18582787.928
9 7 25687187.909
9 8 10838489.265
9 10 22081468.266
9 11 21396971.626
9 12 66508145.487
9 13 4140021.078
9 14 27009128.839
9 15 26990402.490
9 16 68577629.448
9 17 10722393.283
9 18 5442804.387
9 19 13666898.946
10 0 73673211.768
10 1 18685369.090
10 2 70157126.358
10 3 89588709.807
10 4 32321482.388
10 5 16427920.921
10 6 41457465.033
10 7 54506003.077
10 8 107216883.141
10 9 21632919.241
10 11 20744661.127
10 12 432374483.078
10 13 27614909.532
10 14 14077983.475
10 15 62420368.826
10 16 78450958.456
10 17 71264570.498
10 18 28169779.111
10 19 106678862.318
11 0 232594131.591
11 1 20725209.812
11 2 31101647.626
11 3 82217256.339
11 4 9640771.859
11 5 34798138.158
11 6 58656832.147
11 7 16932047.028
11 8 107195377.774
11 9 10611148.087
11 10 25291263.629
11 12 427650712.148
11 13 27561735.614
11 14 32643872.597
11 15 192740305.371
11 16 27522105.092
11 17 8360333.971
11 18 34492374.923
11 19 70938609.258
12 0 1103243022.715
12 1 85275075.319
12 2 282321134.924
12 3 472935335.673
12 4 139153153.117
12 5 461286148.348
12 6 444013542.480
12 7 437365894.288
12 8 509654938.338
12 9 113009239.760
12 10 113426132.358
12 11 372488333.882
12 13 182416715.810
12 14 362162593.661
12 15 442427404.794
12 16 721336124.936
12 17 497715657.678
12 18 127018253.232
12 19 952442766.250
13 0 30580959.657
13 1 7640574.720
13 2 12043407.543
13 3 35092860.672
13 4 2861437.560
13 5 5585210.355
13 6 22047200.382
13 7 21250987.792
13 8 6795256.586
13 9 6708238.398
13 10 20346397.526
13 11 19223102.162
13 12 256807724.389
13 14 14361933.945
13 15 143772046.720
13 16 32602566.818
13 17 29598922.337
13 18 18867401.807
13 19 19947141.607
14 0 30993336.997
14 1 33206228.015
14 2 31820376.474
14 3 85283299.134
14 4 24806126.904
14 5 60109719.294
14 6 9424709.296
14 7 13341962.705
14 8 76829594.653
14 9 10901458.994
14 10 24856481.866
14 11 51160397.889
14 12 142734542.961
14 13 7717922.568
14 15 150172362.940
14 16 69420842.662
14 17 42201294.018
14 18 51231019.963
14 19 71425086.160
15 0 660779108.059
15 1 153894557.583
15 2 99401784.871
15 3 99455052.966
15 4 108544492.880
15 5 243162818.868
15 6 248756111.407
15 7 51765773.978
15 8 340577450.594
15 9 163629889.766
15 10 312226523.221
15 11 147147939.596
15 12 743557019.139
15 13 87447159.677
15 14 196069774.344
15 16 147843434.863
15 17 131600315.512
15 18 257573463.323
15 19 584931502.998
16 0 291476233.643
16 1 82707439.236
16 2 33474569.149
16 3 41576508.414
16 4 10348260.987
16 5 111488668.698
16 6 88526829.869
16 7 27862757.064
16 8 260792828.596
16 9 69773550.532
16 10 73564231.292
16 11 114353429.619
16 12 802465143.127
16 13 79455994.563
16 14 61974024.329
16 15 659922656.824
16 17 159799499.562
16 18 155746284.163
16 19 292872465.286
17 0 66194594.953
17 1 14046511.674
17 2 48347553.196
17 3 59712223.689
17 4 24347454.541
17 5 47757664.149
17 6 53979195.368
17 7 32734382.200
17 8 95486822.166
17 9 19250687.888
17 10 17644273.709
17 11 11222203.510
17 12 364104480.649
17 13 36137209.032
17 14 41075028.524
17 15 42443901.744
17 16 22718131.636
17 18 39524802.049
17 19 96166529.477
18 0 122292246.779
18 1 7354526.147
18 2 24303579.642
18 3 107531536.484
18 4 10936331.641
18 5 33633476.544
18 6 61087125.272
18 7 20949772.786
18 8 85431704.594
18 9 33864216.882
18 10 21699672.272
18 11 25340153.679
18 12 123982185.877
18 13 10863989.091
18 14 14070837.029
18 15 143862442.140
18 16 52273897.585
18 17 52102400.177
18 19 119516769.962
19 0 226552107.450
19 1 41694739.082
19 2 114335821.113
19 3 163600966.058
19 4 90786656.692
19 5 55607258.307
19 6 52159139.990
19 7 83816167.861
19 8 139333340.392
19 9 86710386.335
19 10 148325313.116
19 11 73327779.684
19 12 147861182.164
19 13 75680093.031
19 14 164605734.849
19 15 405396412.136
19 16 352619238.725
19 17 112345200.982
19 18 69541137.335
