380
0 1 72122736.579
0 2 80566773.437
0 3 281053270.726
0 4 33389779.090
0 5 235238480.620
0 6 98710446.579
0 7 144988850.702
0 8 63518262.040
0 9 86911150.252
0 10 118799238.589
0 11 62751478.988
0 12 1245846158.409
0 13 82473665.239
0 14 155311081.769
0 15 639560137.767
0 16 235590640.544
0 17 235935389.959
0 18 144466221.440
0 19 138977127.486
1 0 41623857.551
1 2 25965267.561
1 3 45874052.876
1 4 15095917.729
1 5 6643716.511
1 6 35098235.577
1 7 25048805.130
1 8 6212015.465
1 9 7047583.384
1 10 4153272.949
1 11 28504953.067
1 12 232225875.729
1 13 16055923.969
1 14 23492836.719
1 15 133368937.679
1 16 81648326.095
1 17 5527750.762
1 18 17585476.468
1 19 71149331.390
2 0 72032788.112
2 1 6653066.706
2 3 82067262.425
2 4 24087987.822
2 5 67155572.550
2 6 61170563.101
2 7 17382670.357
2 8 39431238.691
2 9 9137167.744
2 10 51946405.527
2 11 57336633.589
2 12 273814825.714
2 13 27328588.628
2 14 21434575.261
2 15 194113156.262
2 16 75068936.630
2 17 36549814.926
2 18 10147989.959
2 19 100897561.988
3 0 162930278.425
3 1 54012022.052
3 2 100599868.600
3 4 41662192.030
3 5 77019446.134
3 6 70389214.941
3 7 106642935.187
3 8 163732305.384
3 9 24095724.728
3 10 21731041.799
3 11 39543351.360
3 12 273161927.655
3 13 39976212.501
3 14 83653594.987
3 15 381597146.446
3 16 56526610.900
3 17 42027750.818
3 18 90501386.933
3 19 211626833.880
4 0 86545211.512
4 1 4642096.435
4 2 31770443.752
4 3 28431667.396
4 5 19067137.518
4 6 5196421.727
4 7 11398638.028
4 8 30866419.550
4 9 12986587.166
4 10 5244547.587
4 11 29389749.898
4 12 200846637.027
4 13 2471153.566
4 14 9119766.874
4 15 89581389.053
4 16 71086474.841
4 17 17866377.911
4 18 9097227.905
4 19 54454281.850
5 0 193120513.974
5 1 13604104.521
5 2 56942344.887
5 3 74802531.480
5 4 11180631.978
5 6 28096950.911
5 7 64736215.635
5 8 44907231.819
5 9 32170315.677
5 10 13976619.046
5 11 32371136.947
5 12 486996504.825
5 13 8629982.501
5 14 60228519.402
5 15 282077019.471
5 16 64805439.100
5 17 56440315.610
5 18 31620311.709
5 19 176599026.119
6 0 142233157.985
6 1 24595869.597
6 2 18836688.264
6 3 78735329.327
6 4 20615238.568
6 5 19403179.658
6 7 73330634.042
6 8 78132668.411
6 9 18305121.069
6 10 39184549.790
6 11 41560032.004
6 12 345960326.932
6 13 22647627.478
6 14 13018732.972
6 15 158769729.215
6 16 71023479.491
6 17 58602379.499
6 18 27181171.483
6 19 107691414.593
7 0 207984854.018
7 1 25447918.250
7 2 57355179.474
7 3 47100049.946
7 4 30233631.696
7 5 51725895.581
7 6 31493850.389
7 8 70808580.272
7 9 25997978.164
7 10 54991963.805
7 11 64381252.301
7 12 94484124.953
7 13 18866293.279
7 14 69554566.168
7 15 313914434.058
7 16 43992566.878
7 17 26126218.338
7 18 9588232.598
7 19 46721539.342
8 0 335454525.812
8 1 14219524.200
8 2 86706001.499
8 3 43968485.418
8 4 52619746.899
8 5 62314144.650
8 6 60103806.078
8 7 100072895.188
8 9 10114719.380
8 10 102988601.367
8 11 41968519.271
8 12 263420068.958
8 13 28937484.466
8 14 83755978.237
8 15 228677611.344
8 16 275412146.963
8 17 63064909.115
8 18 89912520.348
8 19 123259008.644
9 0 19570556.537
9 1 15888545.020
9 2 14533069.386
9 3 17395466.223
9 4 2557804.722
9 5 32661903.039
9 6 7241659.669
9 7 18049122.198
9 8 45990790.620
9 10 34300906.086
9 11 12640740.805
9 12 94486615.694
9 13 16442879.258
9 14 22931163.246
9 15 77381933.255
9 16 28982932.187
9 17 12811173.006
9 18 24085898.389
9 19 38979155.238
10 0 213983619.363
10 1 24030690.450
10 2 41726572.119
10 3 69523669.570
10 4 23365970.270
10 5 64610623.624
10 6 32770113.524
10 7 19527634.949
10 8 71214716.225
10 9 7969133.590
10 11 47781695.681
10 12 290497844.524
10 13 34534819.923
10 14 9531950.791
10 15 118966627.009
10 16 122887168.101
10 17 55992787.651
10 18 39591003.177
10 19 76925884.509
11 0 211619659.502
11 1 24256944.250
11 2 50461304.513
11 3 91004391.854
11 4 26859879.549
11 5 42278694.609
11 6 43998709.178
11 7 25859464.616
11 8 30277842.068
11 9 31859105.847
11 10 60558532.440
11 12 420700627.207
11 13 36007143.322
11 14 44993916.109
11 15 117479511.443
11 16 56011782.720
11 17 40299120.214
11 18 40837169.653
11 19 162417891.325
12 0 1475387940.347
12 1 177385049.872
12 2 236312266.631
12 3 442772166.012
12 4 147122538.257
12 5 329361004.890
12 6 75701846.436
12 7 313176831.539
12 8 532041968.516
12 9 164189688.761
12 10 300413168.005
12 11 128392690.652
12 13 157848174.332
12 14 351221615.410
12 15 1357923360.848
12 16 1133705753.434
12 17 421508155.461
12 18 103007827.783
12 19 928333521.332
13 0 108882883.720
13 1 13057548.603
13 2 27692394.729
13 3 6321380.217
13 4 2842311.965
13 5 9421481.195
13 6 24039760.169
13 7 19899662.088
13 8 6739504.960
13 9 8954359.180
13 10 12221048.343
13 11 27340886.758
13 12 116662209.210
13 14 30596422.073
13 15 32627772.445
13 16 25289924.519
13 17 36649811.000
13 18 21957801.460
13 19 33864037.055
14 0 108444719.287
14 1 4334888.791
14 2 17216780.718
14 3 44006684.841
14 4 13290434.835
14 5 24108298.078
14 6 34308617.366
14 7 44649539.667
14 8 74362582.036
14 9 8314157.981
14 10 55378993.571
14 11 68178617.740
14 12 388875006.786
14 13 15797604.387
14 15 308270561.409
14 16 79088585.647
14 17 72648789.142
14 18 55285562.946
14 19 70170300.913
15 0 144144898.342
15 1 82130296.981
15 2 49665835.278
15 3 275424077.970
15 4 82283688.858
15 5 294730297.126
15 6 121459258.630
15 7 128276038.562
15 8 245891321.273
15 9 146113197.959
15 10 216217866.130
15 11 302295647.154
15 12 1383882261.505
15 13 46586835.995
15 14 143551300.204
15 16 400032622.210
15 17 280472941.580
15 18 71848552.761
15 19 411114947.415
16 0 289638215.629
16 1 29141746.528
16 2 171206850.719
16 3 100051312.398
16 4 66903301.530
16 5 32175700.372
16 6 22217854.074
16 7 61191650.515
16 8 148088797.842
16 9 40049361.798
16 10 81951785.555
16 11 87630838.902
16 12 342451112.280
16 13 70762213.259
16 14 92195837.766
16 15 640156305.360
16 17 128602106.437
16 18 90308803.592
16 19 229930683.247
17 0 101537489.439
17 1 7379446.365
17 2 22920949.297
17 3 47962107.280
17 4 21727191.765
17 5 34561553.571
17 6 13204950.997
17 7 67193822.290
17 8 94264230.668
17 9 31567934.323
17 10 19443511.069
17 11 59014551.921
17 12 406512612.513
17 13 4468546.883
17 14 48922878.600
17 15 311953225.023
17 16 35080192.093
17 18 65356249.645
17 19 158992127.689
18 0 173679326.931
18 1 13858857.470
18 2 13699393.280
18 3 105460035.541
18 4 11879168.688
18 5 50801948.115
18 6 15045489.493
18 7 58306006.772
18 8 71532833.815
18 9 18467949.631
18 10 61249315.802
18 11 50832685.322
18 12 356754115.425
18 13 4663054.760
18 14 10769835.965
18 15 284358449.346
18 16 152952628.529
18 17 48007797.472
18 19 60947286.321
19 0 91489114.407
19 1 75203549.998
19 2 102322790.808
19 3 63995503.833
19 4 57372787.238
19 5 128007555.515
19 6 150374226.599
19 7 125814022.723
19 8 90136765.136
19 9 71057218.619
19 10 154944391.956
19 11 103427513.832
19 12 1058033467.777
19 13 21342527.993
19 14 101957953.360
19 15 476199187.762
19 16 273289580.765
19 17 84304351.986
19 18 152101666.761
