380
0 1 91436306.713
0 2 71891749.010
0 3 62501061.213
0 4 34686327.591
0 5 39515964.737
0 6 234062755.171
0 7 66301983.334
0 8 150433866.803
0 9 29102920.968
0 10 237432659.629
0 11 111764416.471
0 12 659182097.878
0 13 109761360.195
0 14 187009661.470
0 15 1138242337.594
0 16 622784742.083
0 17 144235145.758
0 18 143084267.612
0 19 606699126.650
1 0 90642713.074
1 2 24179978.217
1 3 44039062.679
1 4 11328694.678
1 5 7059729.267
1 6 35715703.121
1 7 21456790.109
1 8 11963294.642
1 9 9794438.856
1 10 4288256.351
1 11 25753048.543
1 12 134330616.222
1 13 14700126.543
1 14 14675229.675
1 15 104726967.868
1 16 45922746.354
1 17 14452333.999
1 18 15730741.589
1 19 81414645.808
2 0 89573942.835
2 1 5618194.949
2 3 34827558.306
2 4 33047016.984
2 5 9155392.252
2 6 21885121.900
2 7 66571241.588
2 8 30166785.810
2 9 9416699.003
2 10 39303098.630
2 11 29904532.940
2 12 510121632.235
2 13 31179280.899
2 14 10170153.684
2 15 108485248.631
2 16 66051891.805
2 17 68617338.115
2 18 40973411.715
2 19 95480662.635
3 0 60959600.695
3 1 6918034.488
3 2 77529127.401
3 4 26304467.066
3 5 102042225.467
3 6 29342662.703
3 7 104809924.283
3 8 116764338.483
3 9 17643732.772
3 10 94481254.403
3 11 83559187.379
3 12 104956117.722
3 13 6404555.340
3 14 42783911.605
3 15 485217893.204
3 16 180135190.202
3 17 98088009.926
3 18 101687739.491
3 19 173938922.672
4 0 14575832.132
4 1 14094027.666
4 2 27336785.149
4 3 37834547.689
4 5 24839471.922
4 6 16025908.051
4 7 32515074.600
4 8 17566600.947
4 9 2617015.378
4 10 14231793.149
4 11 29663326.990
4 12 171569373.231
4 13 13755340.020
4 14 25787550.017
4 15 99745478.257
4 16 33607589.578
4 17 24163069.078
4 18 16397320.315
4 19 85069497.314
5 0 53017431.911
5 1 20979828.907
5 2 15190543.559
5 3 51389271.499
5 4 22971095.514
5 6 18171548.335
5 7 60451942.301
5 8 88180537.573
5 9 21185775.076
5 10 31488783.018
5 11 54908572.574
5 12 291826440.683
5 13 25713738.514
5 14 59856330.322
5 15 301576520.042
5 16 135884733.045
5 17 44500104.374
5 18 43875087.714
5 19 123425860.425
6 0 116080699.968
6 1 10741038.942
6 2 41708775.550
6 3 22017893.871
6 4 34044065.052
6 5 30055833.549
6 7 25786272.892
6 8 17017232.305
6 9 25886073.339
6 10 16334334.801
6 11 60250981.343
6 12 263321073.626
6 13 24411691.165
6 14 11329337.880
6 15 270849578.367
6 16 155862680.762
6 17 65155034.007
6 18 57043975.980
6 19 90685540.326
7 0 128870223.164
7 1 22413139.740
7 2 46136295.308
7 3 21121354.147
7 4 12379556.129
7 5 27411201.960
7 6 41683714.249
7 8 64413951.308
7 9 19304572.116
7 10 9480710.058
7 11 29768582.804
7 12 304264537.025
7 13 5975238.528
7 14 29818930.134
7 15 249471754.366
7 16 24301027.214
7 17 68159404.343
7 18 17735253.735
7 19 167495720.772
8 0 111137382.191
8 1 16566065.875
8 2 104011693.162
8 3 115777332.309
8 4 42844927.164
8 5 13772068.832
8 6 60510720.000
8 7 67219943.643
8 9 47301040.260
8 10 76715832.377
8 11 13843046.290
8 12 202862086.302
8 13 48186940.318
8 14 42393580.634
8 15 112784706.099
8 16 237606401.657
8 17 95154475.237
8 18 76123864.355
8 19 176017228.486
9 0 89470374.816
9 1 12803092.037
9 2 11208413.328
9 3 34177435.677
9 4 18250983.105
9 5 28841376.699
9 6 15001184.612
9 7 4441963.733
9 8 19710538.686
9 10 14305339.498
9 11 36030877.953
9 12 133053887.183
9 13 9448287.213
9 14 17815934.662
9 15 67560577.881
9 16 85304513.448
9 17 21978227.601
9 18 32317211.449
9 19 51748500.004
10 0 93405387.950
10 1 14832953.874
10 2 47918772.909
10 3 55644092.707
10 4 34662967.651
10 5 58897553.999
10 6 23471264.735
10 7 17734286.447
10 8 45748258.139
10 9 23627787.935
10 11 47402480.057
10 12 369253256.643
10 13 18599889.850
10 14 16425130.105
10 15 261222121.668
10 16 40860511.433
10 17 60690921.025
10 18 21173557.646
10 19 25849180.918
11 0 69342714.143
11 1 19186065.020
11 2 59992328.132
11 3 34531106.535
11 4 26588275.184
11 5 41546768.629
11 6 51838350.916
11 7 18039456.543
11 8 20528597.762
11 9 31714979.787
11 10 58402883.647
11 12 229514884.744
11 13 21609177.219
11 14 13117313.991
11 15 41098197.832
11 16 101053886.440
11 17 40302197.036
11 18 60182490.701
11 19 166942799.754
12 0 1756501931.034
12 1 203972678.744
12 2 335570441.082
12 3 298226958.055
12 4 45501156.652
12 5 162212371.317
12 6 185093898.451
12 7 343956194.192
12 8 635457062.817
12 9 247512864.879
12 10 375727951.457
12 11 434591661.695
12 13 143565432.068
12 14 138206966.294
12 15 2032129652.217
12 16 883179711.868
12 17 411774378.075
12 18 329060014.012
12 19 997775316.843
13 0 16153739.144
13 1 17307931.159
13 2 9478493.468
13 3 46914855.196
13 4 5493707.547
13 5 6647088.705
13 6 34800730.147
13 7 29709401.698
13 8 14770218.888
13 9 11418804.475
13 10 31564832.130
13 11 29428968.342
13 12 58427334.428
13 14 34872785.039
13 15 49934244.613
13 16 43185128.775
13 17 21973831.832
13 18 20838754.415
13 19 79009476.077
14 0 87764858.111
14 1 15717291.804
14 2 72303670.603
14 3 54291622.299
14 4 16718783.317
14 5 25353014.658
14 6 38971527.184
14 7 21061876.434
14 8 58560113.973
14 9 27826039.640
14 10 15105012.989
14 11 16428703.595
14 12 414663210.275
14 13 33433011.460
14 15 39845268.126
14 16 123851416.097
14 17 44158307.147
14 18 49199402.622
14 19 162319026.168
15 0 339800474.513
15 1 18736435.806
15 2 118240984.060
15 3 328962188.502
15 4 49408326.860
15 5 307183370.046
15 6 269165922.297
15 7 314472489.364
15 8 306847701.794
15 9 41821142.835
15 10 204686021.559
15 11 65424096.540
15 12 1189251577.827
15 13 143349744.186
15 14 273843117.113
15 16 312274324.237
15 17 229477755.256
15 18 299469796.011
15 19 285973084.878
16 0 455567558.222
16 1 10389348.892
16 2 164125655.448
16 3 141115305.907
16 4 61142131.474
16 5 86890293.971
16 6 96900019.951
16 7 94995295.755
16 8 124563510.598
16 9 66572433.051
16 10 140967939.679
16 11 127764351.431
16 12 1064705995.213
16 13 44974181.873
16 14 37700913.164
16 15 591013671.885
16 17 159046404.413
16 18 64528609.266
16 19 62674999.091
17 0 78883402.826
17 1 19440758.565
17 2 37549083.943
17 3 100112742.962
17 4 35605423.483
17 5 44252317.286
17 6 20487025.839
17 7 24910863.088
17 8 61359428.925
17 9 13282619.138
17 10 50750646.207
17 11 68493735.963
17 12 113910459.731
17 13 18226184.212
17 14 15562366.223
17 15 100447698.744
17 16 100560389.660
17 18 33555752.827
17 19 70928528.526
18 0 40737349.848
18 1 9378528.263
18 2 51564629.833
18 3 71669297.981
18 4 7679610.376
18 5 17206507.850
18 6 49077458.788
18 7 19948919.108
18 8 18707950.764
18 9 34095668.276
18 10 28268190.475
18 11 24732136.092
18 12 275723683.112
18 13 35359569.201
18 14 62772165.542
18 15 54021159.898
18 16 162798962.474
18 17 67348329.595
18 19 179544239.460
19 0 281599564.548
19 1 21848685.281
19 2 117867949.419
19 3 213916952.601
19 4 90643143.590
19 5 129057252.181
19 6 51507295.003
19 7 174379551.022
19 8 67766994.038
19 9 38006567.737
19 10 55894937.748
19 11 181976112.945
19 12 712838511.197
19 13 52272489.035
19 14 57465394.522
19 15 707450156.628
19 16 124841487.167
19 17 87622897.763
19 18 40716441.766
