380
0 1 124739412.174
0 2 83751081.028
0 3 160569743.126
0 4 79805415.188
0 5 86403844.174
0 6 185912065.334
0 7 159099553.241
0 8 254441298.295
0 9 30035865.297
0 10 83708359.363
0 11 132489721.459
0 12 1271470291.665
0 13 25638023.041
0 14 167415895.322
0 15 397156484.498
0 16 591581887.836
0 17 202247175.076
0 18 158517003.320
0 19 116530369.042
1 0 57053373.244
1 2 6931535.738
1 3 42590252.289
1 4 6609969.312
1 5 10108209.941
1 6 32842127.640
1 7 31033200.788
1 8 43014557.402
1 9 3863669.601
1 10 23744400.366
1 11 32415745.653
1 12 106258748.023
1 13 15288424.022
1 14 19221524.894
1 15 52478634.866
1 16 31217708.562
1 17 11264427.124
1 18 24980685.191
1 19 47346321.238
2 0 195359438.659
2 1 8142440.381
2 3 98453975.037
2 4 32118185.329
2 5 54270349.119
2 6 48242934.558
2 7 49277012.323
2 8 22130112.118
2 9 32305669.453
2 10 15495911.198
2 11 30293840.626
2 12 95509550.614
2 13 34613311.757
2 14 38131852.578
2 15 218476789.555
2 16 42561164.976
2 17 63668868.869
2 18 17177392.794
2 19 38246479.742
3 0 301967150.439
3 1 37929123.266
3 2 49065096.606
3 4 34750701.053
3 5 79623782.163
3 6 46121806.295
3 7 43803543.434
3 8 36667315.765
3 9 45999979.693
3 10 28308633.872
3 11 103313377.138
3 12 199797932.769
3 13 32104809.118
3 14 90800486.371
3 15 149663210.190
3 16 243859843.830
3 17 39483215.674
3 18 84398452.984
3 19 256298149.210
4 0 105771705.194
4 1 7040761.093
4 2 5344468.280
4 3 29641978.676
4 5 17529855.640
4 6 17343259.170
4 7 35253599.714
4 8 12737180.624
4 9 10969534.453
4 10 25632266.166
4 11 5740695.049
4 12 51466299.045
4 13 3525420.437
4 14 11394457.313
4 15 140956419.147
4 16 39595410.633
4 17 27914204.596
4 18 33217329.726
4 19 36980194.424
5 0 132440876.173
5 1 11832937.265
5 2 62081083.276
5 3 77778513.156
5 4 13177700.216
5 6 40724874.247
5 7 60013122.814
5 8 95467665.451
5 9 7124540.733
5 10 23592434.887
5 11 21286033.830
5 12 323441717.485
5 13 28124874.613
5 14 58744475.530
5 15 323898011.183
5 16 160200908.127
5 17 67260262.424
5 18 42108667.562
5 19 110676316.614
6 0 237117997.803
6 1 16699184.944
6 2 67308461.595
6 3 46884209.926
6 4 8747891.134
6 5 30240428.271
6 7 21969012.428
6 8 66503778.471
6 9 7248617.960
6 10 37442189.880
6 11 71349631.260
6 12 347403804.548
6 13 25209664.697
6 14 67102697.094
6 15 90621478.049
6 16 153196540.632
6 17 8862773.605
6 18 16873533.934
6 19 79650415.194
7 0 135452108.438
7 1 5493359.390
7 2 72399504.305
7 3 52725895.863
7 4 34950327.634
7 5 64675751.118
7 6 54141197.051
7 8 61435900.038
7 9 17723479.172
7 10 10336170.141
7 11 35588105.387
7 12 249638140.857
7 13 14614883.718
7 14 63058790.927
7 15 217105569.357
7 16 134867899.610
7 17 68446948.677
7 18 68770629.810
7 19 126891585.138
8 0 51229489.083
8 1 32571153.438
8 2 86393702.056
8 3 74006807.915
8 4 46201810.429
8 5 70326525.822
8 6 56699075.613
8 7 98822172.210
8 9 42950694.337
8 10 30360199.745
8 11 30447410.771
8 12 666933060.809
8 13 28917018.948
8 14 64308843.970
8 15 84208530.973
8 16 118525920.901
8 17 18115949.123
8 18 53844301.707
8 19 144424929.134
9 0 68606901.862
9 1 7758209.238
9 2 14197599.053
9 3 23857874.784
9 4 9721180.042
9 5 7410983.693
9 6 7510024.157
9 7 34753089.657
9 8 35543776.747
9 10 4173576.947
9 11 18378803.950
9 12 74477786.389
9 13 4336825.023
9 14 14597633.011
9 15 48763526.520
9 16 77865965.233
9 17 18701844.906
9 18 16694387.398
9 19 61923177.321
10 0 215542079.294
10 1 9543683.906
10 2 37271395.063
10 3 37317029.449
10 4 19483085.548
10 5 18903921.895
10 6 41493823.509
10 7 47316223.969
10 8 47856260.777
10 9 33144385.032
10 11 34434920.882
10 12 343885841.974
10 13 26361983.294
10 14 25250473.829
10 15 77436395.677
10 16 62131407.304
10 17 43022401.306
10 18 65517896.269
10 19 126648986.547
11 0 82742446.485
11 1 16251841.631
11 2 47468262.000
11 3 53766846.484
11 4 9808537.730
11 5 56551672.683
11 6 64132471.002
11 7 53615108.734
11 8 72939251.987
11 9 18770366.559
11 10 41577026.456
11 12 273702630.775
11 13 28886319.024
11 14 51121452.558
11 15 181407240.925
11 16 134641719.855
11 17 49781957.389
11 18 58756339.494
11 19 145575038.517
12 0 836144873.107
12 1 42070287.256
12 2 515705181.456
12 3 445182123.085
12 4 186196553.175
12 5 227455883.839
12 6 389334604.651
12 7 262164785.813
12 8 200559842.312
12 9 141322367.316
12 10 478684550.433
12 11 324518610.554
12 13 225505345.375
12 14 142217846.157
12 15 372497532.146
12 16 1228562492.408
12 17 325790824.807
12 18 164797951.133
12 19 894558215.113
13 0 17639647.966
13 1 4279641.827
13 2 14347844.757
13 3 42598805.619
13 4 2790892.808
13 5 32150339.086
13 6 30638225.828
13 7 8717090.061
13 8 23509803.359
13 9 10442399.208
13 10 13688813.040
13 11 15289798.461
13 12 202967890.748
13 14 19894049.086
13 15 18648290.587
13 16 44685177.136
13 17 33105751.219
13 18 30608041.969
13 19 91800295.715
14 0 65874756.469
14 1 27000102.608
14 2 32470169.452
14 3 52646925.946
14 4 8522025.673
14 5 15105220.012
14 6 52941101.155
14 7 34735657.887
14 8 65632949.059
14 9 21437161.612
14 10 53176567.572
14 11 17888724.610
14 12 480314752.350
14 13 28208124.560
14 15 216304177.287
14 16 50692771.467
14 17 68850778.871
14 18 24365706.430
14 19 72657009.255
15 0 749310266.259
15 1 48941094.707
15 2 302806532.415
15 3 122839349.806
15 4 94625431.647
15 5 131557787.281
15 6 311716532.778
15 7 197554662.395
15 8 337205690.400
15 9 140219696.442
15 10 326084653.058
15 11 38595670.946
15 12 1705178219.182
15 13 23263106.999
15 14 93558064.267
15 16 818432138.643
15 17 89024156.119
15 18 200817252.138
15 19 145470229.824
16 0 283206844.989
16 1 64024898.330
16 2 87230739.001
16 3 124482542.663
16 4 52692902.768
16 5 80427138.893
16 6 32704790.678
16 7 44544611.299
16 8 199182540.580
16 9 37863387.190
16 10 63525695.785
16 11 96204595.637
16 12 896489333.258
16 13 56160851.596
16 14 126435240.744
16 15 209893866.927
16 17 49397484.044
16 18 176696894.822
16 19 275637622.657
17 0 178186900.892
17 1 31126030.214
17 2 13283724.314
17 3 73858029.903
17 4 6711143.844
17 5 40233472.805
17 6 27707532.215
17 7 69632171.227
17 8 92340768.564
17 9 25830697.568
17 10 14128180.983
17 11 68787970.162
17 12 116011176.571
17 13 25988345.823
17 14 52430450.525
17 15 228177505.411
17 16 61295445.847
17 18 11695073.379
17 19 52824410.383
18 0 47585750.264
18 1 30486169.194
18 2 56994703.529
18 3 42456666.591
18 4 24014599.364
18 5 20035061.002
18 6 11035219.564
18 7 39763497.964
18 8 49163705.907
18 9 23274130.894
18 10 31832920.565
18 11 18294327.931
18 12 494130629.496
18 13 33081765.383
18 14 43885490.572
18 15 138029388.807
18 16 163918496.784
18 17 13219927.235
18 19 78833243.626
19 0 131199044.044
19 1 21224475.039
19 2 179355705.136
19 3 154595025.464
19 4 58015476.622
19 5 77032344.696
19 6 164415421.006
19 7 27081496.292
19 8 79021452.061
19 9 26601442.132
19 10 141746448.575
19 11 156350962.016
19 12 338133377.074
19 13 15013919.494
19 14 56712412.850
19 15 238856813.508
19 16 105293137.409
19 17 126431310.546
19 18 118752306.486
