380
0 1 20799746.388
0 2 118942664.254
0 3 104923968.633
0 4 18521075.122
0 5 63659240.898
0 6 30586613.335
0 7 72090033.161
0 8 251050924.396
0 9 112939006.776
0 10 104751323.234
0 11 69758409.168
0 12 296172143.612
0 13 118821913.011
0 14 151409757.697
0 15 211055461.762
0 16 606602739.317
0 17 77685546.020
0 18 59193640.323
0 19 337529703.149
1 0 14859505.071
1 2 30530589.558
1 3 37581908.532
1 4 8546973.918
1 5 23716373.219
1 6 16496186.999
1 7 26396258.319
1 8 7031138.240
1 9 5409324.863
1 10 11485546.076
1 11 33352012.056
1 12 65427140.205
1 13 10737646.731
1 14 11891800.092
1 15 65461795.118
1 16 36489514.534
1 17 24999886.113
1 18 24175424.772
1 19 81984562.218
2 0 61539239.317
2 1 19490089.786
2 3 91415330.252
2 4 18124079.184
2 5 47018442.289
2 6 24161875.561
2 7 72770640.483
2 8 29183022.444
2 9 23243333.856
2 10 67579665.563
2 11 53098403.992
2 12 105437813.365
2 13 36529353.916
2 14 37741525.428
2 15 85936763.571
2 16 165131869.439
2 17 66337290.815
2 18 36880056.902
2 19 102039700.777
3 0 130464230.264
3 1 9231214.663
3 2 97517960.667
3 4 39755590.926
3 5 22460299.542
3 6 104519416.903
3 7 94801523.334
3 8 23688773.462
3 9 37017742.061
3 10 88577973.548
3 11 72967534.403
3 12 436166257.723
3 13 12882478.231
3 14 38832399.498
3 15 134948895.889
3 16 127689802.018
3 17 14569470.479
3 18 105000795.928
3 19 85717262.648
4 0 80458984.780
4 1 9237702.276
4 2 11450052.503
4 3 48940905.024
4 5 25173248.453
4 6 17120809.616
4 7 35935046.862
4 8 53435421.437
4 9 6538528.122
4 10 33189925.796
4 11 8227594.961
4 12 139698270.570
4 13 18418082.073
4 14 4457523.042
4 15 22678674.798
4 16 30707999.195
4 17 15881467.860
4 18 21087825.773
4 19 42121974.032
5 0 133392454.781
5 1 34278032.327
5 2 62548386.856
5 3 56068021.001
5 4 6825976.413
5 6 19562165.449
5 7 29720336.419
5 8 76880854.035
5 9 29257603.701
5 10 48633735.038
5 11 12013961.629
5 12 490262428.667
5 13 33337349.869
5 14 52147840.548
5 15 329980034.640
5 16 78638158.221
5 17 10425388.000
5 18 64933370.138
5 19 129211211.086
6 0 33960775.690
6 1 31576180.083
6 2 8628952.264
6 3 30519907.586
6 4 30436446.462
6 5 17793957.127
6 7 35308723.138
6 8 53212437.006
6 9 26867874.558
6 10 36723689.998
6 11 58786025.755
6 12 78268604.423
6 13 21751492.030
6 14 40070634.189
6 15 293153873.483
6 16 48059153.140
6 17 68039274.525
6 18 46254128.219
6 19 57016849.108
7 0 38041741.846
7 1 21977634.155
7 2 59828576.810
7 3 109817338.654
7 4 10741198.965
7 5 30011597.164
7 6 61931155.473
7 8 27031081.620
7 9 21012414.700
7 10 10982602.948
7 11 32608857.660
7 12 221112306.411
7 13 18134665.380
7 14 63544238.088
7 15 245035098.726
7 16 158648848.077
7 17 21550296.343
7 18 33206256.009
7 19 85067785.379
8 0 258931255.759
8 1 47048864.873
8 2 42266647.081
8 3 84646017.811
8 4 43096376.771
8 5 43077709.052
8 6 40917864.120
8 7 14148869.937
8 9 6648166.539
8 10 39715583.583
8 11 91131346.857
8 12 222843601.852
8 13 17124019.490
8 14 78250988.157
8 15 139325460.328
8 16 161864909.941
8 17 91765021.209
8 18 45668048.421
8 19 224486881.592
9 0 119227572.349
9 1 8329355.438
9 2 16431771.982
9 3 40350161.549
9 4 14617475.623
9 5 25981884.488
9 6 10333860.110
9 7 15334046.794
9 8 9679992.008
9 10 23138214.008
9 11 27797328.550
9 12 190355803.959
9 13 9379750.998
9 14 27933242.449
9 15 36321812.715
9 16 19465312.350
9 17 26988824.651
9 18 31239591.356
9 19 59083041.266
10 0 193806421.778
10 1 6824452.206
10 2 53613804.112
10 3 14037743.148
10 4 14298944.950
10 5 11859062.991
10 6 56940007.779
10 7 37008989.288
10 8 75612669.013
10 9 29588085.015
10 11 51260866.929
10 12 347983425.916
10 13 19453363.379
10 14 65616659.054
10 15 276507467.958
10 16 34860011.508
10 17 19221708.302
10 18 64481890.429
10 19 82101496.186
11 0 211443960.026
11 1 7222252.760
11 2 10993344.174
11 3 57468591.479
11 4 10350764.682
11 5 66513096.755
11 6 40846986.981
11 7 73783046.150
11 8 36704168.981
11 9 4628059.920
11 10 63336535.998
11 12 282191400.988
11 13 4818652.001
11 14 15686031.350
11 15 318794870.618
11 16 146717289.923
11 17 45113682.200
11 18 14902672.036
11 19 175132628.384
12 0 1758217957.124
12 1 94105316.753
12 2 410403379.398
12 3 132701386.590
12 4 71824119.877
12 5 467396459.480
12 6 316910088.673
12 7 372921275.607
12 8 127059464.033
12 9 133817824.379
12 10 298149477.995
12 11 485582399.935
12 13 202351171.444
12 14 505774089.848
12 15 712098545.988
12 16 1136867448.334
12 17 71916257.617
12 18 417916281.260
12 19 840977937.900
13 0 83920473.703
13 1 5932301.130
13 2 14195699.181
13 3 46663749.866
13 4 14981250.034
13 5 32869955.934
13 6 30252163.037
13 7 11027819.767
13 8 16795558.876
13 9 3007987.486
13 10 17440389.664
13 11 16732323.927
13 12 247994349.224
13 14 24090199.835
13 15 73391895.229
13 16 69968023.698
13 17 34640352.636
13 18 10386672.607
13 19 59842037.218
14 0 122765633.756
14 1 32745062.753
14 2 57725133.234
14 3 68734369.780
14 4 26246756.969
14 5 15375097.904
14 6 42511040.814
14 7 53740135.653
14 8 40601965.569
14 9 17055025.910
14 10 18408356.626
14 11 72441148.946
14 12 449972012.658
14 13 29593845.836
14 15 171320589.002
14 16 33237440.259
14 17 45876546.902
14 18 22095939.092
14 19 108966189.297
15 0 548571387.501
15 1 77174016.131
15 2 174864746.391
15 3 295434200.452
15 4 54898425.777
15 5 140850435.888
15 6 292657594.790
15 7 325548993.719
15 8 470649097.696
15 9 44641524.038
15 10 43002697.347
15 11 194494760.616
15 12 1659491261.668
15 13 82201102.566
15 14 233969702.958
15 16 823819771.182
15 17 238151091.228
15 18 72571010.903
15 19 551982201.414
16 0 250910582.960
16 1 90967989.303
16 2 131069973.987
16 3 42766687.584
16 4 37268444.682
16 5 86893876.852
16 6 33361091.049
16 7 87222637.650
16 8 182529383.617
16 9 26923003.311
16 10 57081459.074
16 11 100060382.805
16 12 1049129603.168
16 13 48972354.264
16 14 116545589.976
16 15 194445876.888
16 17 75528548.718
16 18 83901796.164
16 19 209274489.655
17 0 246093689.434
17 1 14091520.332
17 2 58453869.074
17 3 99799040.157
17 4 9313764.837
17 5 63269311.462
17 6 39865225.309
17 7 31877828.529
17 8 13562208.362
17 9 30743100.937
17 10 25886775.166
17 11 21251207.696
17 12 124908527.367
17 13 35698400.613
17 14 56177563.684
17 15 79056917.509
17 16 151359388.824
17 18 59543780.612
17 19 119049048.250
18 0 64305424.123
18 1 25267220.300
18 2 61332042.506
18 3 52535986.110
18 4 17461847.286
18 5 25857483.327
18 6 25616508.669
18 7 65246194.313
18 8 89011568.695
18 9 15466179.099
18 10 11668217.703
18 11 14743895.753
18 12 478385667.850
18 13 9663788.929
18 14 41202129.321
18 15 261763437.600
18 16 49967574.141
18 17 55492850.074
18 19 106285038.867
19 0 549241626.356
19 1 25516905.846
19 2 172649089.759
19 3 230549713.573
19 4 19272716.865
19 5 165313837.148
19 6 71781864.117
19 7 35526547.129
19 8 158711405.392
19 9 43003056.850
19 10 112497342.382
19 11 157941710.013
19 12 169271383.298
19 13 44067390.189
19 14 71663492.382
19 15 474849597.934
19 16 237144639.772
19 17 119832336.362
19 18 135827847.008
