380
0 1 85429630.488
0 2 134937726.359
0 3 49685357.470
0 4 120711846.905
0 5 194344876.989
0 6 47112712.337
0 7 101471134.796
0 8 357098445.863
0 9 17125129.913
0 10 30259523.986
0 11 58323409.883
0 12 1584532896.948
0 13 66207548.207
0 14 158250415.958
0 15 1076805114.069
0 16 79828326.777
0 17 71115623.506
0 18 67496396.809
0 19 615445102.811
1 0 95470243.204
1 2 33222280.575
1 3 36084644.057
1 4 7069294.585
1 5 21188889.687
1 6 5887123.906
1 7 34123122.957
1 8 9862806.854
1 9 11086667.184
1 10 7287777.761
1 11 10994178.522
1 12 185755482.726
1 13 3905190.130
1 14 9189020.005
1 15 22289048.570
1 16 91311607.461
1 17 26035171.418
1 18 33701892.704
1 19 19359104.784
2 0 207161361.764
2 1 21878217.986
2 3 36966136.320
2 4 18399671.897
2 5 70974878.832
2 6 25433262.474
2 7 15875614.664
2 8 96646455.558
2 9 4548147.549
2 10 43629886.081
2 11 27673632.979
2 12 381018073.926
2 13 29854431.523
2 14 37339459.257
2 15 128491066.481
2 16 92365845.998
2 17 46795866.203
2 18 65202329.191
2 19 78207393.549
3 0 157424407.824
3 1 23689675.543
3 2 104674235.539
3 4 13274114.844
3 5 67851808.065
3 6 71062987.277
3 7 44782153.589
3 8 34182265.632
3 9 11191932.583
3 10 104606033.312
3 11 12592366.060
3 12 772114016.703
3 13 8162542.607
3 14 56841378.376
3 15 412540883.264
3 16 109642706.802
3 17 28316290.357
3 18 67877342.180
3 19 244057786.000
4 0 113991785.623
4 1 10085745.094
4 2 13934218.261
4 3 44008243.534
4 5 32780380.065
4 6 24433665.836
4 7 28113922.529
4 8 25576177.327
4 9 3258089.257
4 10 25466357.596
4 11 10181593.435
4 12 249061374.552
4 13 14397853.771
4 14 18410173.857
4 15 128841614.890
4 16 35281140.784
4 17 24929748.767
4 18 30108076.482
4 19 35106453.738
5 0 206331330.958
5 1 10861209.146
5 2 61974567.652
5 3 100650154.296
5 4 12071629.433
5 6 23812638.164
5 7 25557160.067
5 8 79096583.126
5 9 27347124.232
5 10 52623209.984
5 11 54955202.883
5 12 150160283.250
5 13 18120785.457
5 14 21533121.184
5 15 229455906.445
5 16 149262647.577
5 17 10616613.313
5 18 39767741.201
5 19 179455216.964
6 0 68487342.971
6 1 6471083.674
6 2 12275782.015
6 3 106796648.579
6 4 17315201.241
6 5 14981190.492
6 7 19936468.726
6 8 94666078.657
6 9 16667769.240
6 10 21568041.459
6 11 53395335.584
6 12 435508736.846
6 13 21648708.820
6 14 68893735.550
6 15 61792382.009
6 16 88567979.902
6 17 33930651.964
6 18 65571339.448
6 19 65813685.422
7 0 121577618.655
7 1 30909949.629
7 2 72816442.374
7 3 93389859.750
7 4 4304804.289
7 5 34536539.228
7 6 54874580.374
7 8 80859417.059
7 9 19663958.354
7 10 29409557.584
7 11 35402853.710
7 12 119903382.683
7 13 30634387.840
7 14 70441137.041
7 15 38607350.080
7 16 145557688.734
7 17 67165885.884
7 18 18374823.429
7 19 85088119.067
8 0 319293010.942
8 1 29232000.719
8 2 102794310.234
8 3 101093716.994
8 4 34922164.456
8 5 106314427.566
8 6 51133800.704
8 7 27233559.895
8 9 43926080.879
8 10 79546163.100
8 11 94784951.463
8 12 160320922.346
8 13 27125612.445
8 14 75359507.978
8 15 127087436.264
8 16 72463467.391
8 17 90573963.197
8 18 83841556.454
8 19 212009973.314
9 0 33649855.687
9 1 9374437.164
9 2 18828808.448
9 3 18915993.152
9 4 8055536.393
9 5 10964182.198
9 6 25609217.779
9 7 32017099.640
9 8 15240731.537
9 10 30277362.137
9 11 4963898.868
9 12 82565431.738
9 13 9588675.128
9 14 18344758.780
9 15 128338694.799
9 16 43043524.495
9 17 33992452.677
9 18 28712852.525
9 19 90974505.458
10 0 204770083.858
10 1 14963706.615
10 2 68263606.874
10 3 47792545.571
10 4 27785351.259
10 5 64398536.100
10 6 65385647.227
10 7 55683998.270
10 8 50621614.494
10 9 4134918.872
10 11 22424578.595
10 12 149008792.945
10 13 13186671.268
10 14 48633151.340
10 15 132052991.579
10 16 47226133.735
10 17 50765422.470
10 18 69153064.432
10 19 95722696.534
11 0 57248539.169
11 1 31028692.929
11 2 69050563.643
11 3 20116191.944
11 4 6409508.008
11 5 52655094.660
11 6 70418148.838
11 7 73148148.598
11 8 102448237.018
11 9 30683734.565
11 10 60406454.061
11 12 62500014.801
11 13 31659207.178
11 14 48999304.119
11 15 252559112.801
11 16 166011330.957
11 17 8758263.380
11 18 38105320.011
11 19 119854163.692
12 0 1754492792.337
12 1 70480271.474
12 2 309476614.693
12 3 149209046.304
12 4 209959876.806
12 5 339741514.278
12 6 84951450.605
12 7 148950776.670
12 8 765201789.983
12 9 64584600.656
12 10 377576147.659
12 11 362413367.547
12 13 236344278.564
12 14 206709653.008
12 15 1597667550.329
12 16 246500570.800
12 17 80133366.780
12 18 412754050.283
12 19 1286528780.168
13 0 32288940.033
13 1 15239690.900
13 2 34340825.921
13 3 49338257.554
13 4 12219073.041
13 5 35916122.730
13 6 21155486.213
13 7 22371983.539
13 8 17372741.142
13 9 4846670.716
13 10 21643934.261
13 11 35558576.285
13 12 239012328.537
13 14 24652723.759
13 15 22897959.469
13 16 82603048.673
13 17 30670413.499
13 18 36093137.451
13 19 26831867.456
14 0 126590207.371
14 1 15748106.099
14 2 19570389.277
14 3 37202404.521
14 4 5636954.556
14 5 35936157.180
14 6 69535908.328
14 7 16777539.397
14 8 66808966.664
14 9 36281636.667
14 10 25320888.547
14 11 10428325.600
14 12 508769105.017
14 13 6739458.514
14 15 245738366.107
14 16 75543940.432
14 17 27443827.856
14 18 61182814.642
14 19 144657941.798
15 0 912940373.849
15 1 85111562.930
15 2 155432086.145
15 3 160307750.890
15 4 28677793.256
15 5 58249900.372
15 6 201530244.843
15 7 110348857.204
15 8 443900733.155
15 9 115828367.582
15 10 323239270.281
15 11 238064622.278
15 12 1097591082.872
15 13 42450782.954
15 14 135587171.391
15 16 359936967.620
15 17 156349407.315
15 18 210281746.715
15 19 417031434.944
16 0 200368136.520
16 1 30161388.226
16 2 158286814.250
16 3 225257944.846
16 4 84638231.299
16 5 150624433.252
16 6 69803557.321
16 7 109179447.276
16 8 197585328.510
16 9 36547217.529
16 10 128986313.481
16 11 31192072.799
16 12 893439648.947
16 13 40773926.899
16 14 100259545.565
16 15 397721629.704
16 17 172059538.682
16 18 62697142.746
16 19 242211751.507
17 0 124842542.933
17 1 16466486.784
17 2 72507921.490
17 3 78039874.147
17 4 8838592.504
17 5 64958977.355
17 6 40027257.070
17 7 46856910.584
17 8 32782997.036
17 9 35399323.573
17 10 34731140.524
17 11 61494146.113
17 12 485736955.303
17 13 13099268.040
17 14 66858424.811
17 15 319118612.029
17 16 108020038.842
17 18 64587135.449
17 19 99064349.525
18 0 45696479.974
18 1 20178010.178
18 2 31565223.834
18 3 22464824.728
18 4 12911359.299
18 5 17166510.794
18 6 53174195.853
18 7 43325627.940
18 8 66638817.895
18 9 11432629.566
18 10 35619413.594
18 11 67982884.822
18 12 300427593.161
18 13 28030058.247
18 14 15077422.604
18 15 96113537.679
18 16 107525965.114
18 17 44258844.672
18 19 157832390.020
19 0 336540437.472
19 1 64137715.964
19 2 105841675.782
19 3 263135855.477
19 4 42491909.210
19 5 145874890.287
19 6 166781155.060
19 7 132635745.695
19 8 123075945.739
19 9 43597984.826
19 10 136144460.344
19 11 165379246.506
19 12 975104758.517
19 13 59518222.278
19 14 94374229.666
19 15 144147532.906
19 16 229076777.945
19 17 81877027.138
19 18 66925455.305
