380
0 1 25319008.067
0 2 106579906.309
0 3 99302851.003
0 4 85407384.419
0 5 228946260.549
0 6 50842213.262
0 7 75057280.198
0 8 385557243.101
0 9 91420501.438
0 10 92509191.074
0 11 188694228.537
0 12 707583451.555
0 13 54768894.004
0 14 162214882.652
0 15 328190655.630
0 16 402157748.040
0 17 101577045.493
0 18 94056696.414
0 19 479738102.622
1 0 83372815.306
1 2 30079010.077
1 3 22126032.945
1 4 14345391.543
1 5 20086249.386
1 6 12093161.820
1 7 8872894.664
1 8 33274530.533
1 9 17218324.401
1 10 10771455.790
1 11 17998618.067
1 12 159316357.092
1 13 10612716.018
1 14 19470733.959
1 15 107828475.496
1 16 84183252.902
1 17 33250959.996
1 18 15480679.315
1 19 68426572.465
2 0 212307945.114
2 1 31004593.257
2 3 28115353.366
2 4 8124192.430
2 5 48519154.645
2 6 12172171.141
2 7 50729331.848
2 8 64417034.222
2 9 20827622.669
2 10 71384524.715
2 11 60764531.081
2 12 90484495.292
2 13 6649944.650
2 14 12156723.479
2 15 60651372.618
2 16 111058447.967
2 17 36196647.463
2 18 24174394.838
2 19 66327762.335
3 0 366424481.376
3 1 12140282.344
3 2 49813931.503
3 4 29146087.956
3 5 101682065.916
3 6 109420143.656
3 7 103664101.990
3 8 129207634.026
3 9 13715246.661
3 10 62420428.560
3 11 77596028.588
3 12 736473317.950
3 13 18828697.707
3 14 97669750.359
3 15 246687684.876
3 16 32376431.765
3 17 88449242.747
3 18 107123581.032
3 19 60932083.181
4 0 25920665.134
4 1 2876759.384
4 2 12430038.885
4 3 19119761.032
4 5 23079503.286
4 6 5367907.380
4 7 18056364.472
4 8 6650042.225
4 9 9389674.252
4 10 26537416.966
4 11 31428762.559
4 12 90749816.618
4 13 13877101.874
4 14 33273749.676
4 15 44133790.376
4 16 42218727.035
4 17 28235154.990
4 18 21636110.143
4 19 59460114.307
5 0 251191292.161
5 1 27548117.138
5 2 30996709.690
5 3 83835041.563
5 4 15597292.124
5 6 62416353.219
5 7 18811270.776
5 8 42660370.590
5 9 5834616.431
5 10 41849457.960
5 11 11068932.787
5 12 418337033.964
5 13 11428057.969
5 14 39009492.092
5 15 331242094.453
5 16 67034316.730
5 17 26393860.181
5 18 46426207.873
5 19 153125383.527
6 0 142332042.763
6 1 33091936.110
6 2 35543889.741
6 3 69170206.061
6 4 16444968.381
6 5 31007581.205
6 7 59746261.330
6 8 27086956.788
6 9 12749914.853
6 10 28453232.086
6 11 34735117.031
6 12 191792414.369
6 13 31500004.394
6 14 59246616.470
6 15 203097138.587
6 16 67526569.821
6 17 40238897.636
6 18 58738295.042
6 19 133395093.017
7 0 215439083.128
7 1 10293786.032
7 2 47677772.755
7 3 18646932.599
7 4 16220877.123
7 5 15310905.915
7 6 61400058.118
7 8 70404064.201
7 9 22257821.859
7 10 53537006.612
7 11 59040047.916
7 12 75517782.171
7 13 21383669.892
7 14 70890463.033
7 15 235217591.634
7 16 171729401.975
7 17 24679461.472
7 18 50914271.567
7 19 154812887.477
8 0 189415914.932
8 1 8929850.899
8 2 75516050.511
8 3 31930544.272
8 4 50233139.379
8 5 101262323.523
8 6 21204836.121
8 7 82996173.011
8 9 25686379.480
8 10 58037353.778
8 11 26472409.902
8 12 764658342.029
8 13 11747825.653
8 14 76334410.698
8 15 439200829.253
8 16 70157525.780
8 17 65535238.946
8 18 85761164.526
8 19 167365198.207
9 0 23503572.173
9 1 16452475.294
9 2 34260217.478
9 3 35311256.936
9 4 4668460.378
9 5 6708573.243
9 6 22034273.277
9 7 34877453.545
9 8 6296696.139
9 10 20216833.906
9 11 36561831.732
9 12 113326376.118
9 13 13239612.645
9 14 29551106.967
9 15 102880700.397
9 16 34147328.207
9 17 28081562.676
9 18 20635072.870
9 19 30298939.238
10 0 141274593.843
10 1 33443036.535
10 2 43408106.331
10 3 81725394.694
10 4 21208204.458
10 5 69455879.693
10 6 40105221.414
10 7 62456241.231
10 8 77209125.202
10 9 13666097.082
10 11 8584639.799
10 12 444197364.130
10 13 33285991.431
10 14 60788682.370
10 15 68020722.095
10 16 65993457.231
10 17 11403699.044
10 18 34702132.068
10 19 174919408.613
11 0 127828088.192
11 1 10615666.826
11 2 32653903.715
11 3 83043495.401
11 4 36190352.881
11 5 62169854.947
11 6 11755228.662
11 7 65496882.898
11 8 86643061.684
11 9 25650554.483
11 10 67786575.111
11 12 150088600.825
11 13 33634289.648
11 14 47110593.222
11 15 251149619.830
11 16 155378961.613
11 17 51383445.744
11 18 67585350.345
11 19 64812254.132
12 0 1746303206.253
12 1 81404381.426
12 2 167341008.678
12 3 525283710.982
12 4 100531020.070
12 5 439837422.921
12 6 320608097.017
12 7 247585965.690
12 8 271229619.161
12 9 144450314.684
12 10 402749654.796
12 11 438868814.052
12 13 30132688.992
12 14 243376330.057
12 15 1135160611.102
12 16 982844864.375
12 17 353318538.555
12 18 293485739.640
12 19 1259789980.133
13 0 86461401.056
13 1 6180432.927
13 2 29035037.431
13 3 54104519.579
13 4 6943456.948
13 5 27552783.172
13 6 24976043.838
13 7 28620208.482
13 8 53230924.570
13 9 7776609.802
13 10 27146620.286
13 11 16764603.416
13 12 74887062.202
13 14 27420179.195
13 15 124156819.713
13 16 24189127.199
13 17 5470700.612
13 18 22400868.388
13 19 26578897.820
14 0 256948796.547
14 1 12877020.914
14 2 26660845.799
14 3 32847031.569
14 4 17052534.695
14 5 60209413.496
14 6 19701449.651
14 7 16457133.821
14 8 86634290.511
14 9 5724824.079
14 10 26923878.074
14 11 39587797.628
14 12 450154887.879
14 13 19444683.346
14 15 279043652.786
14 16 104634240.346
14 17 34690225.360
14 18 12481949.779
14 19 157186762.855
15 0 1045087348.557
15 1 65726794.593
15 2 272145555.687
15 3 135456700.657
15 4 150867684.588
15 5 176723686.658
15 6 256391138.633
15 7 68714187.670
15 8 126452683.877
15 9 121999084.610
15 10 134630135.003
15 11 290875153.357
15 12 1441757798.186
15 13 42266916.485
15 14 62209834.563
15 16 590929445.681
15 17 225460197.489
15 18 52669800.119
15 19 225155750.209
16 0 540613219.817
16 1 29123447.377
16 2 70338229.353
16 3 127082645.079
16 4 77538209.188
16 5 111655549.868
16 6 135914852.298
16 7 52878761.955
16 8 214443288.166
16 9 34830134.212
16 10 124301204.234
16 11 165957776.202
16 12 1053413409.155
16 13 86224704.551
16 14 81620089.923
16 15 797737348.187
16 17 142312192.828
16 18 48663272.686
16 19 211509729.720
17 0 89955747.690
17 1 34324625.321
17 2 47002023.065
17 3 73204096.056
17 4 19468955.252
17 5 17494836.027
17 6 42438446.183
17 7 61511944.074
17 8 13411849.920
17 9 16176164.876
17 10 36047300.963
17 11 56208158.863
17 12 288773710.594
17 13 27318346.727
17 14 18507441.701
17 15 123006488.306
17 16 21839411.717
17 18 57719099.312
17 19 30482187.087
18 0 179249086.645
18 1 17688284.921
18 2 48448710.358
18 3 57825428.456
18 4 6519932.602
18 5 23181545.098
18 6 59457629.279
18 7 8336255.771
18 8 15639144.381
18 9 18095037.344
18 10 55494082.164
18 11 51585127.618
18 12 234392227.500
18 13 18404619.100
18 14 24253827.406
18 15 183278317.567
18 16 65682231.788
18 17 53461871.217
18 19 165386092.112
19 0 461481762.834
19 1 17082537.016
19 2 143730624.138
19 3 172631728.829
19 4 54213944.061
19 5 95653469.065
19 6 153834921.922
19 7 176079905.629
19 8 162780356.222
19 9 18412701.266
19 10 133960842.952
19 11 24066236.979
19 12 1093057026.236
19 13 33082026.405
19 14 84377590.265
19 15 797745294.558
19 16 305648387.057
19 17 83615723.041
19 18 35602083.654
