380
0 1 59236524.679
0 2 256702407.897
0 3 44660162.007
0 4 36608946.412
0 5 72843233.689
0 6 138180470.305
0 7 71744912.954
0 8 282615031.187
0 9 117848596.192
0 10 176885462.664
0 11 97069391.725
0 12 1624784705.604
0 13 111370694.362
0 14 201701359.221
0 15 273669858.316
0 16 302919588.297
0 17 182074204.709
0 18 48695611.848
0 19 586868275.326
1 0 59012098.828
1 2 26637652.321
1 3 33437951.437
1 4 10319404.883
1 5 27524692.881
1 6 26413379.490
1 7 32355957.072
1 8 49773673.128
1 9 3651970.020
1 10 24118585.566
1 11 22941552.735
1 12 251699412.679
1 13 8374570.180
1 14 25156218.086
1 15 112473883.866
1 16 82600006.756
1 17 12268675.452
1 18 9960990.343
1 19 35126450.484
2 0 170870698.775
2 1 24348487.774
2 3 23804295.775
2 4 30091344.730
2 5 72466940.359
2 6 71547859.869
2 7 18309890.502
2 8 20317874.193
2 9 5579359.524
2 10 13614478.965
2 11 18950995.351
2 12 445841213.669
2 13 8722140.089
2 14 30344387.375
2 15 102040114.683
2 16 29706721.721
2 17 44332242.679
2 18 54353249.408
2 19 32960706.977
3 0 198779613.722
3 1 8465166.274
3 2 97745569.789
3 4 40576439.146
3 5 75863143.759
3 6 40447916.670
3 7 72741013.342
3 8 143270627.847
3 9 28714698.625
3 10 62623487.120
3 11 92106002.399
3 12 732493778.695
3 13 23083981.796
3 14 42745923.753
3 15 310101265.245
3 16 69037447.566
3 17 75060345.074
3 18 36018337.675
3 19 225734935.953
4 0 80585829.947
4 1 5320047.402
4 2 15759724.249
4 3 34339798.522
4 5 9965484.363
4 6 18997021.454
4 7 36156578.168
4 8 52327578.831
4 9 8346833.006
4 10 16665631.926
4 11 8378505.342
4 12 48758850.180
4 13 9666778.290
4 14 16115272.826
4 15 164666060.117
4 16 31231922.418
4 17 27590048.484
4 18 8984359.407
4 19 78703597.161
5 0 142007128.595
5 1 30797766.337
5 2 58454478.945
5 3 53153974.021
5 4 12131390.513
5 6 50532661.279
5 7 16483034.687
5 8 70161479.562
5 9 18714320.365
5 10 27827270.063
5 11 38526671.852
5 12 232265970.129
5 13 32559472.049
5 14 36275243.680
5 15 280634277.741
5 16 141022049.741
5 17 16482798.379
5 18 16866544.279
5 19 32876294.198
6 0 125742736.349
6 1 11140462.488
6 2 8575290.875
6 3 50684711.226
6 4 23130248.889
6 5 37321557.096
6 7 27821817.792
6 8 71247745.502
6 9 4950805.588
6 10 68260861.357
6 11 39036630.291
6 12 415420594.401
6 13 10571942.782
6 14 51033958.207
6 15 47061430.855
6 16 129538406.507
6 17 23799550.209
6 18 47840700.677
6 19 123701654.383
7 0 250756808.840
7 1 8241213.302
7 2 71596483.739
7 3 14117676.125
7 4 34131044.755
7 5 38689674.935
7 6 62627985.683
7 8 68684222.242
7 9 23720493.835
7 10 22153089.139
7 11 10870016.515
7 12 387904243.585
7 13 19447874.520
7 14 37655806.330
7 15 40190959.072
7 16 132533037.581
7 17 63013818.473
7 18 24467332.193
7 19 53558133.878
8 0 86473785.884
8 1 10660506.821
8 2 36023828.663
8 3 142681908.988
8 4 37920512.552
8 5 99368431.837
8 6 85396009.744
8 7 83735178.176
8 9 37846418.617
8 10 73216554.418
8 11 47709695.922
8 12 615151186.011
8 13 54583265.201
8 14 64846420.612
8 15 486205655.099
8 16 38500311.461
8 17 66499057.197
8 18 91592453.081
8 19 131463075.548
9 0 63389585.192
9 1 11759572.806
9 2 8923013.054
9 3 36095847.680
9 4 10167419.030
9 5 13080340.346
9 6 14072723.792
9 7 26896592.711
9 8 33549257.883
9 10 21082610.057
9 11 12217081.279
9 12 221099467.728
9 13 10077024.476
9 14 15979124.926
9 15 157132389.510
9 16 43309613.735
9 17 18326490.350
9 18 5629538.859
9 19 53688385.026
10 0 58954960.542
10 1 6115520.714
10 2 52197901.776
10 3 99827944.470
10 4 28251816.910
10 5 63224299.625
10 6 19295986.834
10 7 26302781.411
10 8 32707591.746
10 9 9882920.266
10 11 68045884.540
10 12 231139297.354
10 13 16914899.585
10 14 69841553.942
10 15 176990741.363
10 16 93871662.183
10 17 29033021.175
10 18 31499527.847
10 19 147522079.271
11 0 83161035.341
11 1 33242359.634
11 2 62938941.398
11 3 44323584.069
11 4 17990180.241
11 5 71351563.121
11 6 37708278.739
11 7 24002226.752
11 8 89296347.847
11 9 30417393.810
11 10 57600440.801
11 12 62246538.575
11 13 6221620.228
11 14 53947521.200
11 15 194786487.743
11 16 66019092.031
11 17 14518613.023
11 18 23009583.977
11 19 158459513.208
12 0 306409533.194
12 1 250384393.966
12 2 108087523.106
12 3 436347204.951
12 4 127401445.607
12 5 238657579.276
12 6 354717947.667
12 7 145257376.890
12 8 415932317.537
12 9 212915971.115
12 10 219099088.890
12 11 121378514.337
12 13 127185158.411
12 14 366545335.580
12 15 1247241656.941
12 16 169855134.229
12 17 85133861.342
12 18 415077996.363
12 19 544253074.671
13 0 85039599.758
13 1 13563202.545
13 2 26423710.934
13 3 19049611.688
13 4 4880420.337
13 5 5621093.144
13 6 17080220.415
13 7 30406885.344
13 8 14992700.231
13 9 17523476.952
13 10 23966285.947
13 11 20850969.643
13 12 137947796.107
13 14 14209531.449
13 15 32287248.065
13 16 32976361.570
13 17 30671985.015
13 18 34783583.492
13 19 50365493.485
14 0 148850673.932
14 1 32500904.742
14 2 54072054.903
14 3 44490960.382
14 4 20335533.433
14 5 48331141.608
14 6 56565378.481
14 7 20367508.216
14 8 103110143.365
14 9 22823664.035
14 10 29336692.878
14 11 20167407.725
14 12 339194289.142
14 13 24077371.597
14 15 304397128.690
14 16 62518566.404
14 17 40233508.921
14 18 40460603.740
14 19 80085656.414
15 0 584838710.027
15 1 127507652.096
15 2 42629368.216
15 3 465300797.938
15 4 138087849.819
15 5 202675475.082
15 6 237008673.948
15 7 285804696.314
15 8 474451060.360
15 9 113207784.741
15 10 93575925.161
15 11 111429383.615
15 12 2237413667.465
15 13 142152483.218
15 14 96227586.036
15 16 280097684.175
15 17 95170453.412
15 18 145940802.938
15 19 300376805.791
16 0 323292723.324
16 1 45315467.550
16 2 178977949.977
16 3 82148661.342
16 4 34042184.293
16 5 158735588.381
16 6 84127214.739
16 7 146631164.102
16 8 157991330.674
16 9 61652018.394
16 10 45100204.559
16 11 107781487.847
16 12 369200926.231
16 13 35831349.134
16 14 151192044.277
16 15 192290449.136
16 17 76763896.763
16 18 168784329.438
16 19 200925360.745
17 0 170056436.276
17 1 19693977.943
17 2 50427781.689
17 3 40894057.445
17 4 20527810.935
17 5 10740763.639
17 6 73224558.276
17 7 24569952.748
17 8 56145975.605
17 9 33486277.278
17 10 28570209.209
17 11 60222446.769
17 12 255784892.277
17 13 5792283.666
17 14 25592920.143
17 15 302864078.847
17 16 100172663.880
17 18 67559893.519
17 19 123119916.473
18 0 53309945.565
18 1 7508248.724
18 2 38178158.856
18 3 103619299.714
18 4 17563475.404
18 5 63871043.037
18 6 33088879.704
18 7 11021232.951
18 8 104819854.630
18 9 30537831.376
18 10 51372617.874
18 11 40629966.138
18 12 188462828.083
18 13 19833033.997
18 14 9787760.292
18 15 139533412.040
18 16 93449071.975
18 17 21022690.156
18 19 149838210.897
19 0 178368423.502
19 1 66412652.195
19 2 128986951.892
19 3 58469350.384
19 4 17592589.536
19 5 184011938.565
19 6 119639052.204
19 7 91296929.673
19 8 39271888.796
19 9 69150379.268
19 10 95553706.854
19 11 145356141.036
19 12 856353584.533
19 13 47110148.712
19 14 54999732.157
19 15 324629237.688
19 16 190956461.535
19 17 28455066.629
19 18 134171521.105
