506
0 1 1158405973.296
0 2 145513978.764
0 3 130655851.936
0 4 65854813.869
0 5 235295556.735
0 6 86443480.093
0 7 2587527087.560
0 8 303514720.331
0 9 482825025.680
0 10 1331854841.596
0 11 718656136.104
0 12 1914616228.451
0 13 1001883773.669
0 14 15533476.120
0 15 1152187090.193
0 16 25923516.845
0 17 995529237.741
0 18 242509887.458
0 19 1236369483.345
0 20 1366781645.908
0 21 649105826.050
0 22 393756098.491
1 0 1700267272.983
1 2 237839750.685
1 3 46971620.199
1 4 314501643.460
1 5 59522483.614
1 6 155164065.414
1 7 1888552206.376
1 8 130156056.437
1 9 768530847.962
1 10 371732323.959
1 11 806496228.421
1 12 438722880.268
1 13 2107492247.852
1 14 12745691.452
1 15 754422823.873
1 16 8381947.837
1 17 881945110.215
1 18 110051060.926
1 19 344821324.628
1 20 2015875830.474
1 21 1426975342.975
1 22 315949267.941
2 0 401779974.742
2 1 172313107.658
2 3 43564025.323
2 4 62025383.914
2 5 27737443.340
2 6 11774738.107
2 7 456609051.886
2 8 56476369.863
2 9 414586733.627
2 10 76789663.894
2 11 141072096.378
2 12 631939218.285
2 13 448506248.889
2 14 2783117.228
2 15 448565563.964
2 16 3333488.837
2 17 220685950.536
2 18 26760243.650
2 19 223017181.854
2 20 72332792.329
2 21 311705265.258
2 22 48027756.509
3 0 246955420.268
3 1 312711177.628
3 2 29626050.930
3 4 13663387.351
3 5 67484406.393
3 6 46203533.904
3 7 313506380.423
3 8 65651944.418
3 9 261412069.560
3 10 154484620.395
3 11 98067656.037
3 12 370970880.229
3 13 265116182.415
3 14 2408869.654
3 15 447839494.997
3 16 1535374.531
3 17 169799664.851
3 18 39634730.740
3 19 30948137.314
3 20 228194100.732
3 21 98453581.376
3 22 65792168.444
4 0 330140414.849
4 1 238830407.086
4 2 66437702.535
4 3 23987874.511
4 5 60261604.715
4 6 55209986.415
4 7 360661398.601
4 8 71660794.084
4 9 443785132.515
4 10 310769082.557
4 11 31096412.344
4 12 524178694.440
4 13 255900667.220
4 14 3388565.413
4 15 230612099.288
4 16 1271568.609
4 17 139860456.725
4 18 6399547.827
4 19 85723922.668
4 20 149686060.556
4 21 248282146.519
4 22 26473415.392
5 0 308032668.863
5 1 149951141.518
5 2 13280551.027
5 3 50066215.761
5 4 25662116.485
5 6 9914001.699
5 7 152785276.548
5 8 71211406.621
5 9 354330857.424
5 10 476059120.675
5 11 77864123.394
5 12 150202406.010
5 13 210762176.931
5 14 3193180.931
5 15 397042002.766
5 16 2117606.007
5 17 115723494.339
5 18 36226684.656
5 19 30881935.922
5 20 482440771.670
5 21 290185160.837
5 22 70320801.821
6 0 152883830.122
6 1 169990964.738
6 2 33647114.579
6 3 10520112.796
6 4 70080410.039
6 5 28935683.628
6 7 281099702.060
6 8 64113917.928
6 9 240501608.391
6 10 261960851.152
6 11 94648415.768
6 12 276567676.476
6 13 384385957.120
6 14 1748837.665
6 15 272484342.600
6 16 1405871.849
6 17 68316674.576
6 18 40261939.510
6 19 194565577.219
6 20 370206279.269
6 21 327516944.432
6 22 23655022.895
7 0 1998704017.069
7 1 632842074.715
7 2 191013394.743
7 3 295358468.196
7 4 148165717.224
7 5 367780159.207
7 6 298500746.802
7 8 119475180.693
7 9 2630017399.732
7 10 1742162553.120
7 11 399391148.673
7 12 1135152648.053
7 13 412727991.429
7 14 20067009.961
7 15 1740418304.757
7 16 4717413.979
7 17 374814362.223
7 18 165199323.344
7 19 303472296.645
7 20 1331447296.287
7 21 305715728.423
7 22 178642172.492
8 0 201684787.625
8 1 284879868.906
8 2 60716064.453
8 3 33438999.444
8 4 31086396.029
8 5 65021156.945
8 6 59036892.013
8 7 268557568.691
8 9 382279886.774
8 10 464692234.439
8 11 145486431.473
8 12 250987620.217
8 13 265536335.105
8 14 2758285.790
8 15 264229575.502
8 16 1878125.767
8 17 196586036.026
8 18 42478800.544
8 19 77574549.543
8 20 73788641.812
8 21 137657584.404
8 22 56569160.553
9 0 2617543027.944
9 1 1728675622.074
9 2 242294060.399
9 3 299902729.084
9 4 253915489.909
9 5 441547524.864
9 6 449974109.480
9 7 1077087227.488
9 8 113461197.976
9 10 892145023.494
9 11 143034087.484
9 12 1357233936.105
9 13 2100615798.845
9 14 22194843.248
9 15 1860644462.063
9 16 3741184.933
9 17 1149419353.874
9 18 76015955.291
9 19 457152772.139
9 20 819153810.205
9 21 560511374.463
9 22 56176999.923
10 0 2950371421.496
10 1 1265294585.841
10 2 475914338.700
10 3 489269563.747
10 4 269464693.925
10 5 160268362.425
10 6 512570050.522
10 7 1398557074.832
10 8 117818366.666
10 9 1013149772.270
10 11 168416057.143
10 12 3616415490.366
10 13 2701964824.120
10 14 10515602.712
10 15 593986288.345
10 16 10506029.714
10 17 915836266.790
10 18 315774412.271
10 19 1085843224.154
10 20 1287470293.724
10 21 373510214.879
10 22 118736676.023
11 0 951085835.838
11 1 478185037.437
11 2 97647896.986
11 3 181940901.952
11 4 158872735.160
11 5 129179528.988
11 6 69807119.052
11 7 916007986.788
11 8 35745276.894
11 9 958003299.296
11 10 601607554.392
11 12 460534075.327
11 13 293037573.678
11 14 9426056.514
11 15 1280359356.932
11 16 4058307.315
11 17 449492090.345
11 18 15039512.446
11 19 388348043.283
11 20 469582502.443
11 21 611650898.933
11 22 69834792.874
12 0 3597200032.241
12 1 935257594.477
12 2 106473243.140
12 3 520217553.060
12 4 133647555.445
12 5 296777301.398
12 6 453007022.631
12 7 2254728774.854
12 8 285102945.361
12 9 3739566227.631
12 10 2932237414.226
12 11 1410641411.571
12 13 3015765899.422
12 14 38742536.883
12 15 1580025468.741
12 16 5375999.579
12 17 1674173856.922
12 18 182240569.327
12 19 668113377.544
12 20 592810790.500
12 21 1891155437.655
12 22 104301055.543
13 0 1275276595.779
13 1 2436492241.165
13 2 115752904.252
13 3 292062578.457
13 4 414941586.595
13 5 272557458.583
13 6 527799494.698
13 7 2264490139.699
13 8 299483543.265
13 9 3362793809.927
13 10 2832655670.970
13 11 277102550.622
13 12 4272957390.927
13 14 18091472.050
13 15 2849384131.598
13 16 21257433.308
13 17 1607120291.833
13 18 220830466.444
13 19 1227919429.841
13 20 1032460843.675
13 21 1933242233.931
13 22 140399658.245
14 0 8436476.457
14 1 15458376.251
14 2 1487451.214
14 3 4323412.867
14 4 2935218.064
14 5 645920.301
14 6 2382916.106
14 7 6808495.360
14 8 2701408.287
14 9 21413408.859
14 10 5149930.207
14 11 4745229.552
14 12 17149022.529
14 13 12412840.453
14 15 29686270.756
14 16 249314.203
14 17 3838373.074
14 18 1804297.531
14 19 3504546.948
14 20 16893658.558
14 21 11248742.263
14 22 3812257.319
15 0 1388615251.036
15 1 1201850167.880
15 2 322470313.579
15 3 181441663.982
15 4 113060189.995
15 5 442120226.276
15 6 59042384.302
15 7 1657600133.171
15 8 472987599.618
15 9 1482727565.254
15 10 2762259966.238
15 11 213291125.808
15 12 2750851849.603
15 13 2224076009.447
15 14 19967833.013
15 16 22727743.364
15 17 258633030.102
15 18 263561509.972
15 19 938660165.245
15 20 2439205466.477
15 21 306059219.196
15 22 480198076.630
16 0 18719839.414
16 1 7298007.423
16 2 1680355.585
16 3 4255681.260
16 4 2757285.931
16 5 3187006.577
16 6 514002.555
16 7 9203944.036
16 8 4195475.405
16 9 13866801.810
16 10 10284924.664
16 11 6481339.037
16 12 35048719.502
16 13 33904459.762
16 14 273171.724
16 15 5779091.255
16 17 11078100.793
16 18 928432.051
16 19 10003405.543
16 20 7201982.152
16 21 12204814.262
16 22 722209.011
17 0 943619083.640
17 1 421428592.587
17 2 170515862.552
17 3 43525843.664
17 4 193135040.926
17 5 52935035.172
17 6 98385427.809
17 7 1069765679.548
17 8 165586593.865
17 9 1376416632.243
17 10 1086835920.855
17 11 281605775.089
17 12 517533775.433
17 13 1005758510.768
17 14 2376126.468
17 15 811339738.347
17 16 5305146.403
17 18 83183938.127
17 19 482525278.904
17 20 937888022.803
17 21 313819249.761
17 22 144384779.777
18 0 136478207.076
18 1 198771783.587
18 2 24344334.195
18 3 13130249.204
18 4 25781074.313
18 5 28614001.414
18 6 43216335.652
18 7 105796763.175
18 8 42737491.371
18 9 252405963.309
18 10 200428772.140
18 11 38264321.943
18 12 257284882.872
18 13 341132605.436
18 14 1137069.637
18 15 40223461.678
18 16 901516.524
18 17 59466294.905
18 19 140178260.610
18 20 104056205.666
18 21 137418830.372
18 22 36827483.721
19 0 356421235.650
19 1 682989774.235
19 2 120267320.390
19 3 59783951.443
19 4 104327775.256
19 5 70408322.528
19 6 204685890.265
19 7 264191510.794
19 8 207244756.858
19 9 481305786.763
19 10 200251643.889
19 11 477959711.283
19 12 1666606494.960
19 13 1517543763.903
19 14 5785209.879
19 15 235721656.058
19 16 6742189.197
19 17 235671586.894
19 18 41249579.806
19 20 235798449.983
19 21 426098370.061
19 22 214189133.015
20 0 3230689016.641
20 1 2355612544.897
20 2 268128069.439
20 3 131301058.032
20 4 125514427.815
20 5 98911412.838
20 6 161731069.704
20 7 1313463465.609
20 8 69136054.527
20 9 3342101715.421
20 10 3339464993.713
20 11 698434442.589
20 12 1423188537.008
20 13 2977544417.321
20 14 31637764.042
20 15 2792306156.806
20 16 8325128.552
20 17 1461353642.297
20 18 186159851.872
20 19 1330707126.158
20 21 2202813612.257
20 22 467882433.220
21 0 1197410868.789
21 1 1060899498.379
21 2 40319562.773
21 3 168195941.113
21 4 39930169.415
21 5 297413839.547
21 6 220237115.917
21 7 1690433834.352
21 8 259141276.653
21 9 741086811.079
21 10 2088987314.023
21 11 132866413.333
21 12 2112708380.085
21 13 1293840883.498
21 14 8024283.776
21 15 996421269.129
21 16 19555352.675
21 17 377975734.935
21 18 34442970.863
21 19 792922815.938
21 20 2183982652.131
21 22 87664641.023
22 0 50040559.691
22 1 253212842.414
22 2 57742854.377
22 3 30957237.039
22 4 58453127.173
22 5 23372914.242
22 6 12267092.624
22 7 333984878.080
22 8 62412452.359
22 9 169558508.617
22 10 460087021.506
22 11 147344335.912
22 12 128699900.772
22 13 255894650.497
22 14 3564775.970
22 15 385038953.767
22 16 4278828.003
22 17 174889343.019
22 18 22799656.778
22 19 151568182.093
22 20 234729499.601
22 21 65913197.059
