506
0 1 468716826.647
0 2 174468488.580
0 3 104695222.928
0 4 231705521.870
0 5 132296420.790
0 6 287312157.823
0 7 1887024649.618
0 8 253815220.712
0 9 2841134484.777
0 10 2584166217.549
0 11 632189994.293
0 12 683842631.849
0 13 3151831056.736
0 14 25707060.606
0 15 1685998890.823
0 16 9640198.891
0 17 731353028.535
0 18 143890598.999
0 19 1268788439.953
0 20 1120685318.990
0 21 852528571.047
0 22 267154177.420
1 0 1202412655.493
1 2 219067222.951
1 3 214960279.604
1 4 132733548.699
1 5 138525562.835
1 6 234006314.333
1 7 816695646.011
1 8 248665881.758
1 9 1094105383.885
1 10 979892585.349
1 11 165876535.924
1 12 519426168.997
1 13 1151859284.159
1 14 9117654.205
1 15 803703106.053
1 16 12956993.779
1 17 846633247.460
1 18 132852209.033
1 19 579624523.630
1 20 1798133284.416
1 21 207659566.976
1 22 138249939.355
2 0 326589008.595
2 1 311607547.994
2 3 31996749.896
2 4 72399249.101
2 5 11116576.499
2 6 48285387.417
2 7 396345623.449
2 8 44634998.910
2 9 365281089.199
2 10 464520788.508
2 11 167656233.321
2 12 129714187.666
2 13 102431633.723
2 14 1894115.955
2 15 261623915.109
2 16 1522008.004
2 17 112133694.022
2 18 27505941.034
2 19 210862716.437
2 20 514433551.215
2 21 298509974.536
2 22 66989844.500
3 0 125724747.093
3 1 169695899.954
3 2 17581060.820
3 4 25298883.298
3 5 37065572.395
3 6 39956026.664
3 7 191061510.228
3 8 65699162.540
3 9 229165516.655
3 10 139754286.346
3 11 76389347.894
3 12 120207181.327
3 13 313939181.720
3 14 3747238.684
3 15 439731321.737
3 16 4498847.176
3 17 206140624.008
3 18 5409753.918
3 19 84929469.365
3 20 153328180.404
3 21 40453669.339
3 22 38644483.190
4 0 432029079.453
4 1 201372603.047
4 2 60283947.379
4 3 72038120.355
4 5 51626087.202
4 6 15708773.151
4 7 338020093.276
4 8 52817094.705
4 9 404477608.485
4 10 78816192.144
4 11 98541640.228
4 12 104580815.349
4 13 466013704.492
4 14 3457332.642
4 15 230618649.743
4 16 2684724.467
4 17 160596626.234
4 18 29494273.449
4 19 40205419.472
4 20 421324423.355
4 21 197877769.971
4 22 42226511.717
5 0 278092338.763
5 1 218843424.411
5 2 42107110.752
5 3 17783621.818
5 4 19528188.126
5 6 66163143.240
5 7 76817912.079
5 8 25095793.102
5 9 400332640.440
5 10 438811675.977
5 11 55669297.914
5 12 568464965.362
5 13 374802359.195
5 14 4486825.723
5 15 342854889.222
5 16 893246.759
5 17 99725150.814
5 18 38725328.782
5 19 44844442.167
5 20 484069124.028
5 21 139364032.499
5 22 53670964.354
6 0 287369311.177
6 1 127540230.061
6 2 13217275.223
6 3 39760433.349
6 4 64953517.576
6 5 43750345.206
6 7 287451897.397
6 8 53399456.540
6 9 428740325.880
6 10 140211224.146
6 11 27319982.446
6 12 309600286.181
6 13 397701426.884
6 14 2511042.951
6 15 400558913.141
6 16 1407559.662
6 17 93683169.567
6 18 27924180.926
6 19 39006282.824
6 20 73353464.048
6 21 85624530.230
6 22 40198648.711
7 0 872210353.455
7 1 1057085346.878
7 2 300452282.801
7 3 78429885.071
7 4 196717969.839
7 5 234362651.541
7 6 300641219.495
7 8 55435544.603
7 9 2626399029.081
7 10 2990305468.915
7 11 280602886.423
7 12 1417684369.877
7 13 1550629845.348
7 14 7320984.543
7 15 2403711594.173
7 16 15379787.165
7 17 972479942.560
7 18 205877569.160
7 19 517450609.601
7 20 2259375015.854
7 21 1509207657.312
7 22 205551607.766
8 0 267937830.128
8 1 177462391.537
8 2 56728023.428
8 3 55782538.381
8 4 45211167.345
8 5 26336809.946
8 6 12790617.696
8 7 426104880.745
8 9 332016334.207
8 10 442024444.101
8 11 123101351.873
8 12 287369861.978
8 13 257920754.834
8 14 2468238.006
8 15 269203658.505
8 16 3338925.750
8 17 118318867.863
8 18 39995745.629
8 19 46458973.333
8 20 76599409.056
8 21 138069930.149
8 22 27111333.764
9 0 762636774.772
9 1 341500054.514
9 2 448615269.436
9 3 369276513.406
9 4 341390762.468
9 5 68476679.962
9 6 187560141.404
9 7 2525868513.308
9 8 99115014.488
9 10 2641023113.501
9 11 1043614478.025
9 12 576288319.897
9 13 1468723882.751
9 14 18526941.506
9 15 1665710262.219
9 16 13415846.559
9 17 1263530011.701
9 18 300649728.002
9 19 687979331.025
9 20 2776134587.373
9 21 1319173572.300
9 22 242343849.566
10 0 3112642937.078
10 1 1891778032.998
10 2 376202025.452
10 3 335589425.854
10 4 134284708.923
10 5 259761246.427
10 6 309001496.719
10 7 1271207150.125
10 8 128093856.212
10 9 1002595082.105
10 11 983146746.227
10 12 3837686317.270
10 13 3078562378.009
10 14 4567704.478
10 15 564474907.902
10 16 6094264.623
10 17 689589987.181
10 18 280355411.483
10 19 903460652.846
10 20 2298775278.567
10 21 793995954.929
10 22 165069013.796
11 0 634932222.314
11 1 248243925.288
11 2 136115023.357
11 3 155894016.695
11 4 95162234.181
11 5 96944428.967
11 6 34388826.238
11 7 751043219.164
11 8 66934179.424
11 9 658050801.743
11 10 1112852698.088
11 12 1178714700.829
11 13 501184259.167
11 14 4187979.902
11 15 322718778.307
11 16 5121513.264
11 17 398012344.873
11 18 112998944.727
11 19 473148820.283
11 20 940226566.848
11 21 484768250.299
11 22 39137871.683
12 0 3249241531.222
12 1 801635607.882
12 2 445815886.492
12 3 118792118.604
12 4 247016737.676
12 5 507292327.349
12 6 503654224.055
12 7 2612987471.836
12 8 619447162.334
12 9 1069105539.597
12 10 4429851609.206
12 11 242744898.536
12 13 2633108443.845
12 14 5186765.843
12 15 3277436686.991
12 16 22389176.999
12 17 229646686.951
12 18 209480679.246
12 19 1653556160.429
12 20 1038915141.701
12 21 487005592.194
12 22 185577144.852
13 0 1799581824.383
13 1 1711296949.694
13 2 458039841.643
13 3 512323486.061
13 4 199491676.012
13 5 545597341.816
13 6 420538399.430
13 7 755252479.501
13 8 333740759.123
13 9 2765532543.764
13 10 1059521585.562
13 11 1348936576.066
13 12 1227630951.921
13 14 19900904.586
13 15 2455191606.677
13 16 15858366.877
13 17 1279036828.663
13 18 111777836.950
13 19 701109353.987
13 20 2478423567.491
13 21 844968862.671
13 22 238097024.559
14 0 3579529.994
14 1 9699767.053
14 2 3491121.560
14 3 3438735.026
14 4 1363964.198
14 5 2677672.781
14 6 2231647.553
14 7 3172905.874
14 8 4110234.389
14 9 10642826.501
14 10 20641886.721
14 11 4153487.983
14 12 7347539.154
14 13 5051507.217
14 15 27339812.422
14 16 50212.648
14 17 6930447.914
14 18 1927214.723
14 19 9225215.752
14 20 20135691.585
14 21 2970353.546
14 22 2485455.849
15 0 2612677490.249
15 1 1358805232.895
15 2 142523074.031
15 3 99122234.285
15 4 230831994.492
15 5 351196219.440
15 6 355842973.800
15 7 1135181857.996
15 8 261442586.192
15 9 2692222890.276
15 10 1001613650.204
15 11 989250608.660
15 12 842463862.387
15 13 3554554746.550
15 14 31660725.325
15 16 18609499.916
15 17 1519016313.354
15 18 261895679.325
15 19 849868737.846
15 20 1648298198.279
15 21 1834502914.502
15 22 111919926.102
16 0 20726016.327
16 1 2606238.784
16 2 2484504.239
16 3 1575502.677
16 4 4046236.951
16 5 3853867.291
16 6 1905920.255
16 7 19801134.849
16 8 4509813.815
16 9 20926686.569
16 10 20952090.352
16 11 5496369.196
16 12 24538713.460
16 13 7748405.223
16 14 148499.960
16 15 15651397.792
16 17 7788749.479
16 18 1483719.508
16 19 11530022.721
16 20 11604445.256
16 21 17004964.044
16 22 1336510.673
17 0 279381945.636
17 1 498087012.741
17 2 220310060.947
17 3 55503488.671
17 4 156249292.877
17 5 118094832.609
17 6 51115337.183
17 7 1286595734.093
17 8 133977473.466
17 9 734780114.445
17 10 738760252.707
17 11 88018511.187
17 12 489877305.808
17 13 1447741397.646
17 14 7503628.425
17 15 940944685.531
17 16 11352968.649
17 18 63094904.721
17 19 84507610.040
17 20 332835982.807
17 21 629456475.627
17 22 195741654.555
18 0 258145104.609
18 1 191854958.026
18 2 45544233.352
18 3 41670028.423
18 4 11730538.927
18 5 43839838.624
18 6 18103791.346
18 7 225896488.218
18 8 11634322.905
18 9 120638488.600
18 10 308009197.115
18 11 67765500.123
18 12 303934415.273
18 13 61469909.167
18 14 1037019.321
18 15 132264368.419
18 16 1806930.183
18 17 115494355.412
18 19 103772327.964
18 20 64353264.795
18 21 158754120.264
18 22 11712479.428
19 0 1258069271.959
19 1 667399784.354
19 2 143203435.811
19 3 188259985.240
19 4 54237041.635
19 5 161330411.987
19 6 60001524.138
19 7 217112562.758
19 8 123173031.776
19 9 947777769.937
19 10 201206700.306
19 11 140062134.931
19 12 489612127.739
19 13 911092098.722
19 14 5385963.929
19 15 558136177.430
19 16 6708327.643
19 17 426399396.490
19 18 19498170.058
19 20 1001130718.198
19 21 836614211.684
19 22 93884101.946
20 0 3178103367.900
20 1 2502196412.395
20 2 373286492.758
20 3 95448748.253
20 4 318629937.536
20 5 322895357.782
20 6 238153742.368
20 7 575250998.420
20 8 459621481.203
20 9 1431609547.015
20 10 1240631386.250
20 11 1277467970.175
20 12 3480183878.485
20 13 3247613557.984
20 14 6612483.444
20 15 3692332778.338
20 16 11920922.102
20 17 1152222083.988
20 18 233885407.352
20 19 1608489109.657
20 21 2207130261.291
20 22 71805722.105
21 0 1767392447.792
21 1 966439480.649
21 2 297652359.137
21 3 201228170.352
21 4 146133014.868
21 5 59404066.313
21 6 66063204.409
21 7 421311285.875
21 8 83426512.969
21 9 1832220625.379
21 10 1333380090.141
21 11 293699742.356
21 12 1520337508.252
21 13 1348053800.814
21 14 3255686.117
21 15 1195239559.386
21 16 17550232.816
21 17 970235891.896
21 18 106116698.128
21 19 654860806.280
21 20 362217023.929
21 22 103386140.362
22 0 66958134.318
22 1 244814589.187
22 2 29041108.546
22 3 36381305.219
22 4 65007878.918
22 5 43158742.733
22 6 47246880.145
22 7 82286369.578
22 8 54704285.255
22 9 149018202.741
22 10 290881552.364
22 11 149146235.011
22 12 400237017.436
22 13 403262121.508
22 14 1470653.808
22 15 511575775.416
22 16 822434.376
22 17 162153720.525
22 18 30761465.880
22 19 102449630.196
22 20 445245702.148
22 21 192829766.868
