506
0 1 1185437943.774
0 2 289022188.194
0 3 69575391.438
0 4 317985481.689
0 5 58153265.025
0 6 420254808.192
0 7 2278307366.973
0 8 407126546.037
0 9 1343086867.673
0 10 3015428929.313
0 11 803762409.334
0 12 1687458236.101
0 13 923732079.892
0 14 21704275.303
0 15 2499102579.029
0 16 4642184.657
0 17 1244583818.781
0 18 268728266.841
0 19 905047478.630
0 20 1844620892.019
0 21 1705102052.109
0 22 176925188.638
1 0 795497789.324
1 2 79769065.991
1 3 91142392.065
1 4 158327344.182
1 5 277055051.925
1 6 311144991.103
1 7 878164976.461
1 8 293142710.411
1 9 707426818.357
1 10 629861812.755
1 11 754474574.290
1 12 2392405354.121
1 13 2123288811.821
1 14 8195490.042
1 15 1467522028.268
1 16 14107032.249
1 17 433810966.080
1 18 134818633.960
1 19 899473073.923
1 20 2449290253.324
1 21 242443910.706
1 22 331188425.083
2 0 284749287.480
2 1 103012981.059
2 3 31829166.338
2 4 27895698.485
2 5 8958700.154
2 6 21160582.285
2 7 86059484.010
2 8 10496969.647
2 9 474265672.497
2 10 340392028.987
2 11 40314871.665
2 12 404846913.179
2 13 441006955.557
2 14 2086309.025
2 15 412350110.767
2 16 3326444.058
2 17 159277356.077
2 18 9729661.721
2 19 217538144.287
2 20 173634868.272
2 21 105226139.105
2 22 75923336.707
3 0 358972494.432
3 1 130025686.297
3 2 52066247.863
3 4 29932358.321
3 5 21605647.470
3 6 36652597.279
3 7 227995125.931
3 8 30839632.275
3 9 165644933.699
3 10 117316801.251
3 11 107759562.671
3 12 260098660.528
3 13 73017861.739
3 14 1279372.548
3 15 502810912.911
3 16 2048897.146
3 17 150386785.110
3 18 18941195.698
3 19 196470771.957
3 20 178148945.640
3 21 119725191.217
3 22 70708622.102
4 0 421254206.936
4 1 70637245.739
4 2 66621829.593
4 3 66811331.279
4 5 61510322.681
4 6 21081697.682
4 7 417645089.434
4 8 58596716.431
4 9 198799412.091
4 10 225497510.779
4 11 132670482.198
4 12 490014318.425
4 13 339709460.236
4 14 1861604.849
4 15 246891711.020
4 16 4148173.737
4 17 122872323.592
4 18 28199500.521
4 19 56682935.806
4 20 354473033.774
4 21 169445993.437
4 22 25512254.107
5 0 297969887.453
5 1 64910173.581
5 2 16676110.539
5 3 25633941.947
5 4 53698196.753
5 6 71415068.485
5 7 170780164.092
5 8 46281131.556
5 9 391614651.362
5 10 214176457.994
5 11 121280074.242
5 12 544087204.335
5 13 74255432.472
5 14 3660673.605
5 15 128676623.589
5 16 1319144.427
5 17 172470116.018
5 18 11378709.709
5 19 199781222.254
5 20 100195296.926
5 21 310127571.131
5 22 57988437.103
6 0 214890296.540
6 1 285510920.279
6 2 21557014.070
6 3 10103188.077
6 4 41438837.657
6 5 40039548.319
6 7 425830028.056
6 8 48185871.792
6 9 197942171.354
6 10 317557291.827
6 11 114993799.615
6 12 524433378.830
6 13 218029906.753
6 14 3572464.271
6 15 259842736.277
6 16 844854.144
6 17 165964973.816
6 18 31420732.882
6 19 113061641.326
6 20 515482306.305
6 21 237176069.483
6 22 39409689.758
7 0 1445480045.149
7 1 1844449102.225
7 2 248298655.710
7 3 200230528.379
7 4 78180767.044
7 5 84958595.762
7 6 270829081.423
7 8 396637671.301
7 9 1285280900.316
7 10 902560130.359
7 11 1101656386.601
7 12 875010975.167
7 13 1944064517.579
7 14 5818882.595
7 15 3088856179.693
7 16 25633860.356
7 17 527964995.513
7 18 271430800.688
7 19 768512322.179
7 20 3025106731.996
7 21 429338639.747
7 22 240898076.292
8 0 216596108.080
8 1 254545661.568
8 2 33677500.020
8 3 50708663.375
8 4 35475415.250
8 5 29489740.068
8 6 69833526.214
8 7 357359486.564
8 9 417061291.286
8 10 113254059.065
8 11 182911025.368
8 12 284110025.877
8 13 259518680.625
8 14 3719512.190
8 15 140955584.343
8 16 4553891.453
8 17 206533091.903
8 18 39955592.693
8 19 196187526.571
8 20 127596595.136
8 21 52419900.742
8 22 42971781.047
9 0 2181389012.751
9 1 1127868997.896
9 2 404760267.649
9 3 424089616.006
9 4 173451777.257
9 5 121841181.295
9 6 192185356.546
9 7 887167361.178
9 8 236046949.596
9 10 891645067.646
9 11 999522476.514
9 12 2546008522.676
9 13 1604937874.517
9 14 24641910.266
9 15 503106408.936
9 16 19120733.081
9 17 1241510161.694
9 18 52955655.116
9 19 931951301.229
9 20 2977251457.381
9 21 1101640233.254
9 22 469077901.915
10 0 3056653088.403
10 1 2301738333.986
10 2 379922192.454
10 3 500533997.910
10 4 418411343.339
10 5 234104978.338
10 6 237452900.758
10 7 2023790886.375
10 8 371993270.981
10 9 1155678608.558
10 11 1090423476.402
10 12 4102909732.788
10 13 2774013300.944
10 14 32215253.611
10 15 2055170430.155
10 16 20284300.358
10 17 195080414.103
10 18 245606641.402
10 19 950851670.053
10 20 520040654.750
10 21 1741437263.798
10 22 169797511.831
11 0 637891134.454
11 1 662311197.344
11 2 172348070.418
11 3 124558603.253
11 4 40432194.664
11 5 114063236.729
11 6 64292357.461
11 7 215751966.257
11 8 168883167.122
11 9 1134998117.399
11 10 904370291.748
11 12 250741432.970
11 13 1137061034.810
11 14 7370706.585
11 15 340346902.411
11 16 7999654.105
11 17 119857516.395
11 18 101584738.742
11 19 306143283.603
11 20 369383568.668
11 21 270134401.091
11 22 99990099.055
12 0 645639340.808
12 1 2169122242.658
12 2 554684368.058
12 3 551527820.853
12 4 202954925.569
12 5 87887155.188
12 6 523652571.978
12 7 677770157.277
12 8 329311490.280
12 9 686503998.966
12 10 4315424749.592
12 11 940768803.613
12 13 547141590.365
12 14 20203034.992
12 15 2550120803.550
12 16 32037542.103
12 17 709560562.692
12 18 225583695.149
12 19 279123698.098
12 20 3435935758.545
12 21 2704741100.705
12 22 323767109.834
13 0 1826245070.620
13 1 965643456.354
13 2 433846365.011
13 3 249231913.670
13 4 532911113.392
13 5 211105643.954
13 6 515303709.516
13 7 1522555393.307
13 8 130461747.411
13 9 1516088400.514
13 10 3606885110.299
13 11 233153652.864
13 12 2418640419.291
13 14 13582025.079
13 15 3377969655.260
13 16 9018002.692
13 17 1659583643.580
13 18 342071265.347
13 19 1358873498.370
13 20 766800780.039
13 21 1511990978.277
13 22 550281918.999
14 0 22513733.810
14 1 7777437.851
14 2 4014293.389
14 3 2914691.506
14 4 532537.845
14 5 3015602.429
14 6 3042000.381
14 7 26025404.915
14 8 567228.021
14 9 22838029.415
14 10 18791730.001
14 11 8285638.926
14 12 10976369.808
14 13 18675522.136
14 15 14253720.860
14 16 93454.344
14 17 8972009.204
14 18 428035.627
14 19 6764709.367
14 20 8977461.470
14 21 14712086.277
14 22 903287.354
15 0 715146418.757
15 1 660625197.235
15 2 144835595.349
15 3 78526977.919
15 4 128742288.682
15 5 449394730.284
15 6 177292934.958
15 7 946011571.083
15 8 383901401.818
15 9 3000919179.072
15 10 3221882933.314
15 11 685990187.005
15 12 1497526035.453
15 13 2296805614.735
15 14 18665391.524
15 16 4773795.346
15 17 1541775492.314
15 18 188185699.815
15 19 1174691506.164
15 20 3089569919.540
15 21 2102746869.259
15 22 435856324.883
16 0 26879400.816
16 1 7983452.855
16 2 4080088.636
16 3 1052129.321
16 4 1580669.388
16 5 2651185.787
16 6 3597464.919
16 7 22613606.237
16 8 1524305.434
16 9 7842042.017
16 10 4840126.368
16 11 10923613.260
16 12 38300601.650
16 13 19659263.078
16 14 127160.701
16 15 14736919.613
16 17 1855847.455
16 18 2087950.780
16 19 3588102.952
16 20 15311308.666
16 21 8335705.280
16 22 2041854.496
17 0 576105939.302
17 1 428292108.990
17 2 103744929.774
17 3 123022014.433
17 4 167437354.572
17 5 193826616.346
17 6 110068431.362
17 7 331638257.711
17 8 186360768.729
17 9 523000685.471
17 10 962109112.023
17 11 353245536.300
17 12 220431056.302
17 13 1209026552.896
17 14 11233547.341
17 15 390528583.328
17 16 9940900.178
17 18 58293721.982
17 19 619967419.588
17 20 506372497.960
17 21 934286793.508
17 22 33997338.951
18 0 103507760.928
18 1 167681819.691
18 2 35444313.215
18 3 25116631.516
18 4 16450021.152
18 5 15208847.733
18 6 9837830.247
18 7 239601420.759
18 8 18193000.931
18 9 62888501.258
18 10 191193613.101
18 11 62715767.217
18 12 152637258.000
18 13 315154771.733
18 14 2021429.811
18 15 246802332.726
18 16 1727499.577
18 17 68797623.614
18 19 118302499.256
18 20 180890594.126
18 21 125113266.685
18 22 21934768.150
19 0 1326167131.259
19 1 505936607.967
19 2 103871003.879
19 3 136004940.673
19 4 27680011.771
19 5 91409765.372
19 6 116874334.342
19 7 580874187.696
19 8 186043985.085
19 9 1030251079.927
19 10 1087444471.671
19 11 129817498.626
19 12 945524447.284
19 13 1425261014.800
19 14 13663077.377
19 15 669435372.035
19 16 6235970.442
19 17 79835083.531
19 18 59099078.122
19 20 532284377.218
19 21 765749373.042
19 22 35956607.398
20 0 1472013279.603
20 1 1405326994.184
20 2 497633001.484
20 3 271366059.983
20 4 187510073.239
20 5 417374880.263
20 6 120067935.475
20 7 2180657430.139
20 8 66895413.425
20 9 1024197926.817
20 10 1409870602.423
20 11 745970262.212
20 12 2443942631.516
20 13 4110803591.142
20 14 8709919.863
20 15 2755293968.037
20 16 27072757.485
20 17 1160545899.145
20 18 303081197.844
20 19 837021108.334
20 21 1221227486.739
20 22 504004040.379
21 0 1978319835.066
21 1 1437909270.078
21 2 336666187.135
21 3 251869115.596
21 4 37875286.026
21 5 312085667.101
21 6 130813549.707
21 7 1160114576.608
21 8 251668962.587
21 9 1665454049.713
21 10 1676720154.530
21 11 665357490.861
21 12 795089621.327
21 13 1282535586.979
21 14 10432635.758
21 15 1508779398.604
21 16 20686899.163
21 17 752028177.371
21 18 176663795.721
21 19 258280110.948
21 20 438308516.952
21 22 79914441.499
22 0 125884533.188
22 1 287402135.084
22 2 70215960.036
22 3 9855638.127
22 4 70795277.874
22 5 66084401.978
22 6 59012783.518
22 7 430930985.410
22 8 14277170.364
22 9 366494282.720
22 10 368759790.713
22 11 67448661.427
22 12 196968719.810
22 13 299798229.136
22 14 3961235.790
22 15 233270060.797
22 16 3447698.260
22 17 37037602.657
22 18 12922584.472
22 19 161584848.961
22 20 169936698.606
22 21 122411815.508
