506
0 1 1331528952.798
0 2 368528141.263
0 3 389072907.731
0 4 298900626.951
0 5 343511468.886
0 6 64435876.196
0 7 1976102353.628
0 8 294472069.058
0 9 2668722388.261
0 10 712181187.275
0 11 380407946.983
0 12 873845099.889
0 13 1207776125.481
0 14 6824342.081
0 15 1913029309.101
0 16 24603106.615
0 17 232734628.740
0 18 152722324.913
0 19 672731059.497
0 20 2257936841.656
0 21 1226519546.398
0 22 240058733.187
1 0 239733093.687
1 2 64005431.317
1 3 181704667.898
1 4 172347029.303
1 5 64039635.178
1 6 282710783.147
1 7 1500536574.925
1 8 132030690.789
1 9 1617091783.230
1 10 1581881702.696
1 11 627669322.221
1 12 1673125724.118
1 13 960314972.217
1 14 9323850.773
1 15 1290994245.726
1 16 16196534.884
1 17 695755146.111
1 18 63405767.266
1 19 333832042.684
1 20 1028981415.216
1 21 965535525.244
1 22 97959158.153
2 0 279968197.637
2 1 147713919.661
2 3 36988430.830
2 4 36131638.831
2 5 8744343.664
2 6 40583590.522
2 7 436939151.505
2 8 58246982.315
2 9 424589955.871
2 10 91494376.429
2 11 183407994.623
2 12 504103604.506
2 13 479341307.163
2 14 1527415.411
2 15 89072175.820
2 16 3835128.173
2 17 178689033.788
2 18 42234595.123
2 19 192694819.631
2 20 281856659.225
2 21 323523161.118
2 22 69331166.892
3 0 428471108.967
3 1 104560853.779
3 2 52259893.543
3 4 56333548.949
3 5 22378993.414
3 6 41900348.697
3 7 185283368.225
3 8 58397626.460
3 9 388301847.016
3 10 173960097.021
3 11 142284119.522
3 12 193737111.313
3 13 539501324.430
3 14 4540237.266
3 15 509251081.049
3 16 3178381.325
3 17 112380420.649
3 18 16657426.064
3 19 83372078.358
3 20 135662221.334
3 21 155321058.631
3 22 58656877.696
4 0 363905022.996
4 1 141823630.864
4 2 37622940.651
4 3 57285183.492
4 5 50528828.514
4 6 36664864.569
4 7 434107146.008
4 8 62754423.625
4 9 307837741.561
4 10 183599099.592
4 11 48047559.089
4 12 304389678.496
4 13 104436099.074
4 14 3396999.714
4 15 136155957.415
4 16 605306.285
4 17 40866709.341
4 18 7464797.130
4 19 96382768.607
4 20 98005375.899
4 21 324416631.217
4 22 31414582.526
5 0 369707402.351
5 1 101770586.264
5 2 20960405.454
5 3 18239730.970
5 4 48413569.573
5 6 64099275.270
5 7 365405900.363
5 8 44063870.245
5 9 129833054.220
5 10 223751031.641
5 11 148199753.260
5 12 357939811.343
5 13 304494314.721
5 14 1447445.009
5 15 303364206.835
5 16 3889924.766
5 17 212685958.537
5 18 20483370.867
5 19 219514695.508
5 20 222598439.844
5 21 69221400.400
5 22 38388047.786
6 0 366876248.888
6 1 66197118.520
6 2 20116966.412
6 3 60502868.740
6 4 46997910.323
6 5 8557983.529
6 7 291160504.418
6 8 34764378.237
6 9 148579979.385
6 10 116054283.655
6 11 97883061.871
6 12 402228829.908
6 13 441504737.902
6 14 784994.871
6 15 141716012.843
6 16 1227487.901
6 17 34933181.584
6 18 28738655.124
6 19 83648373.810
6 20 345918394.836
6 21 321721063.742
6 22 18438615.532
7 0 345980945.034
7 1 1156795218.461
7 2 269285146.593
7 3 381236558.693
7 4 375786619.892
7 5 374839656.359
7 6 331421129.349
7 8 161290295.952
7 9 2290766810.383
7 10 2071907642.504
7 11 842837428.956
7 12 1055414084.006
7 13 3218459532.174
7 14 19398659.354
7 15 651169720.346
7 16 19962279.634
7 17 256106067.039
7 18 40356994.076
7 19 454197555.104
7 20 2024893089.099
7 21 1734645682.764
7 22 61916090.713
8 0 233483785.757
8 1 278546666.234
8 2 23952066.933
8 3 72730719.113
8 4 40146878.489
8 5 63091449.730
8 6 13327914.369
8 7 300685341.631
8 9 369237982.183
8 10 470130544.756
8 11 145367282.070
8 12 515538873.125
8 13 81225554.901
8 14 4294857.771
8 15 92953509.780
8 16 4328646.530
8 17 103353360.479
8 18 22134852.971
8 19 30423518.851
8 20 373722419.494
8 21 293318269.578
8 22 54480832.662
9 0 2751019271.771
9 1 969164870.652
9 2 273458963.953
9 3 151172459.962
9 4 310076159.914
9 5 282554705.019
9 6 379773723.222
9 7 2430230458.093
9 8 407681419.397
9 10 1998902039.163
9 11 904023111.428
9 12 1871157381.461
9 13 918612707.736
9 14 25723115.664
9 15 1678515291.537
9 16 18303856.140
9 17 945466215.085
9 18 57349835.924
9 19 976038244.522
9 20 922159532.905
9 21 1872303958.429
9 22 60963169.183
10 0 906385611.291
10 1 451088396.548
10 2 85557204.049
10 3 331982421.418
10 4 270469012.978
10 5 518324139.442
10 6 440355740.368
10 7 1294407903.014
10 8 371680259.607
10 9 970796124.210
10 11 736488974.101
10 12 2564639530.720
10 13 1008995127.969
10 14 23116547.548
10 15 2912254491.410
10 16 26499626.135
10 17 948823035.531
10 18 40329346.817
10 19 1343561567.982
10 20 3701104890.366
10 21 898555945.150
10 22 415381160.855
11 0 451338038.726
11 1 281389556.154
11 2 138339396.219
11 3 25499745.087
11 4 120576701.939
11 5 155047097.541
11 6 49627273.709
11 7 1033518817.714
11 8 39828463.821
11 9 528804024.739
11 10 566035936.363
11 12 204486319.109
11 13 975930994.030
11 14 4153154.330
11 15 1257851664.679
11 16 6690180.577
11 17 442105960.803
11 18 48057081.035
11 19 274974319.251
11 20 671310223.297
11 21 454667973.820
11 22 166890053.525
12 0 2047977415.537
12 1 1952238197.400
12 2 293651336.414
12 3 73433461.238
12 4 356502527.937
12 5 287724871.198
12 6 423708464.578
12 7 2838205903.481
12 8 385125456.526
12 9 2996495152.361
12 10 641449529.049
12 11 1512085572.555
12 13 3433580691.214
12 14 10623193.785
12 15 1620398461.322
12 16 27627916.216
12 17 760126226.358
12 18 314168899.601
12 19 944635526.975
12 20 3271276160.272
12 21 1578206814.226
12 22 500457369.318
13 0 2227423540.982
13 1 1362945811.274
13 2 189894404.065
13 3 260010044.704
13 4 251022833.247
13 5 509813864.177
13 6 136028456.071
13 7 2965069285.458
13 8 267511686.319
13 9 823061209.941
13 10 3143946957.410
13 11 414216533.106
13 12 3733939726.402
13 14 7477176.378
13 15 752367927.244
13 16 11283380.463
13 17 347490325.306
13 18 116747883.641
13 19 383536422.127
13 20 845421670.022
13 21 618824750.102
13 22 247164706.127
14 0 23261991.870
14 1 16359219.422
14 2 1748091.303
14 3 797766.614
14 4 1874064.953
14 5 4534190.087
14 6 2779159.894
14 7 23366071.466
14 8 3249582.670
14 9 28798340.253
14 10 8312659.194
14 11 4758338.037
14 12 37673111.860
14 13 10387038.852
14 15 7657042.394
14 16 245030.957
14 17 12734668.822
14 18 2633919.616
14 19 6345604.170
14 20 13493233.303
14 21 7418473.433
14 22 3720762.353
15 0 843496640.291
15 1 1028270056.212
15 2 486643421.555
15 3 424134018.131
15 4 484923746.371
15 5 163150868.136
15 6 167837522.692
15 7 2634594203.932
15 8 217906087.032
15 9 2809301018.047
15 10 3353402538.282
15 11 1002428206.673
15 12 1943882017.757
15 13 3248319349.884
15 14 30453051.932
15 16 10753456.903
15 17 589499355.120
15 18 168762295.367
15 19 706308829.869
15 20 1018003557.059
15 21 1070632095.632
15 22 69400628.925
16 0 7841067.436
16 1 13725506.273
16 2 3757279.268
16 3 1598439.190
16 4 1598864.224
16 5 1169764.932
16 6 2780361.921
16 7 17952826.036
16 8 4067673.940
16 9 10264160.339
16 10 12337262.483
16 11 1727250.999
16 12 37944498.079
16 13 4266351.766
16 14 280182.424
16 15 12975708.903
16 17 6103770.664
16 18 739016.054
16 19 7485706.136
16 20 5290006.492
16 21 19471371.797
16 22 1280149.377
17 0 1274224882.938
17 1 323325246.725
17 2 198779068.408
17 3 155089802.458
17 4 165216148.178
17 5 202543736.445
17 6 85188053.333
17 7 478490241.036
17 8 60799484.784
17 9 595267644.607
17 10 700196792.225
17 11 197156091.558
17 12 1008816593.608
17 13 1655633469.874
17 14 9171207.716
17 15 1430304147.539
17 16 5500076.326
17 18 49600479.561
17 19 615394297.270
17 20 1299707786.867
17 21 654621138.562
17 22 215413033.084
18 0 113350653.823
18 1 143108398.013
18 2 47232155.581
18 3 28404654.129
18 4 5899152.295
18 5 10188630.891
18 6 30493177.391
18 7 112357146.606
18 8 14895033.926
18 9 69698920.114
18 10 143046921.257
18 11 105632824.637
18 12 124359620.627
18 13 61674956.678
18 14 1438871.657
18 15 144349152.714
18 16 1913772.236
18 17 51585364.153
18 19 129393769.574
18 20 239829460.796
18 21 173921106.127
18 22 31371381.728
19 0 951237985.460
19 1 701090774.814
19 2 62387264.221
19 3 33776378.872
19 4 116659583.725
19 5 176291644.627
19 6 26551824.109
19 7 458530455.476
19 8 84823513.565
19 9 1324302331.364
19 10 226488530.587
19 11 470783313.406
19 12 1310976296.327
19 13 980124292.225
19 14 6916271.473
19 15 238389695.668
19 16 4798342.685
19 17 470582856.601
19 18 61272204.594
19 20 1598688373.451
19 21 508960580.680
19 22 162893967.385
20 0 2666589943.101
20 1 1040314100.908
20 2 285033837.374
20 3 551120700.170
20 4 284193167.273
20 5 339958153.357
20 6 377470359.528
20 7 2524523026.509
20 8 433522530.622
20 9 540633185.475
20 10 2292653056.376
20 11 690465418.530
20 12 4436470422.690
20 13 1744308126.916
20 14 30168733.520
20 15 2869395512.788
20 16 25908847.041
20 17 410564230.163
20 18 319780211.439
20 19 1098112153.534
20 21 545029411.384
20 22 246307432.753
21 0 479724840.851
21 1 1326046998.641
21 2 242395152.721
21 3 312038261.911
21 4 244409149.595
21 5 128878807.421
21 6 54318206.434
21 7 1081467677.676
21 8 102790436.834
21 9 2138407159.275
21 10 703586127.565
21 11 533544127.715
21 12 2230861587.626
21 13 897507289.727
21 14 11939811.055
21 15 2250435165.330
21 16 18472978.977
21 17 310370986.111
21 18 54103899.995
21 19 996163366.862
21 20 1492886967.365
21 22 316631747.946
22 0 188214837.163
22 1 307119476.966
22 2 73696242.181
22 3 43946959.850
22 4 46765637.972
22 5 40988719.010
22 6 24843765.450
22 7 353876335.225
22 8 50426945.126
22 9 195195604.906
22 10 207216018.994
22 11 158515078.091
22 12 605564747.440
22 13 368649168.720
22 14 2369272.704
22 15 73614350.477
22 16 2637383.747
22 17 180632977.714
22 18 14649295.116
22 19 127895939.699
22 20 316451731.608
22 21 229615405.623
