506
0 1 1202969266.093
0 2 161993314.250
0 3 210155605.519
0 4 207974878.686
0 5 56959639.078
0 6 98187445.722
0 7 883997151.602
0 8 177723354.476
0 9 1264003890.566
0 10 686962309.632
0 11 625335592.263
0 12 1378717666.594
0 13 2663373270.503
0 14 15072683.936
0 15 2229721405.878
0 16 6314676.548
0 17 1055743427.297
0 18 273211969.470
0 19 229426747.895
0 20 1402729225.400
0 21 645983947.944
0 22 197752287.428
1 0 680035170.630
1 2 278168430.616
1 3 160389611.744
1 4 212999706.507
1 5 103279823.694
1 6 170768519.150
1 7 419504028.319
1 8 302559740.338
1 9 1600766508.947
1 10 1004075711.321
1 11 369820237.987
1 12 1174102964.160
1 13 677881665.664
1 14 20434219.766
1 15 1854086013.373
1 16 12277641.732
1 17 806492620.803
1 18 157444495.721
1 19 641944017.049
1 20 974705054.621
1 21 1102209963.272
1 22 238180730.928
2 0 350643450.262
2 1 297198370.792
2 3 71476667.997
2 4 8673728.400
2 5 49314050.096
2 6 16818992.135
2 7 240455734.218
2 8 28564183.242
2 9 314635037.249
2 10 259271948.699
2 11 102039089.439
2 12 115662055.152
2 13 428925235.582
2 14 1676065.803
2 15 165280320.929
2 16 1716180.242
2 17 220482963.416
2 18 41145249.628
2 19 112874589.357
2 20 295930724.084
2 21 293556525.736
2 22 75646716.603
3 0 65893567.052
3 1 190850327.012
3 2 36681301.287
3 4 64260960.427
3 5 52200388.502
3 6 71821802.780
3 7 208542126.455
3 8 31302447.926
3 9 190679252.217
3 10 258272590.830
3 11 127647876.519
3 12 461814535.659
3 13 130210144.142
3 14 2812218.767
3 15 148160203.105
3 16 3819207.931
3 17 95314382.932
3 18 14523390.287
3 19 117315097.542
3 20 118073858.126
3 21 57876946.308
3 22 22978813.335
4 0 242648169.723
4 1 40503040.482
4 2 19867937.863
4 3 66713017.996
4 5 13855309.600
4 6 45872320.935
4 7 426072213.110
4 8 72878070.850
4 9 246348942.328
4 10 110758494.577
4 11 77035899.711
4 12 534260561.794
4 13 63705268.501
4 14 2102321.985
4 15 383338255.708
4 16 4282954.588
4 17 61444152.847
4 18 9797123.448
4 19 97843255.550
4 20 550632094.022
4 21 287021178.017
4 22 43746287.798
5 0 204677546.391
5 1 217224241.839
5 2 13702308.683
5 3 41589602.824
5 4 23310946.560
5 6 58598786.948
5 7 266153777.976
5 8 51011442.539
5 9 226190884.959
5 10 84120853.613
5 11 182238485.251
5 12 106199486.676
5 13 187885500.662
5 14 1283352.669
5 15 461390378.549
5 16 1041497.743
5 17 130200459.777
5 18 5931133.063
5 19 95174612.317
5 20 268168599.932
5 21 173463739.670
5 22 48099011.677
6 0 60171237.506
6 1 132162352.411
6 2 29691979.799
6 3 41114593.730
6 4 31606192.426
6 5 49427298.314
6 7 123266369.665
6 8 16885154.138
6 9 454764820.398
6 10 228287960.656
6 11 101649883.201
6 12 551406976.983
6 13 535241674.898
6 14 2733392.240
6 15 217300534.258
6 16 2784480.235
6 17 73535554.584
6 18 30343971.140
6 19 204757540.646
6 20 116170618.677
6 21 281523290.055
6 22 73737414.613
7 0 1888652367.949
7 1 2002237799.547
7 2 377401731.431
7 3 406255915.488
7 4 314519693.158
7 5 437394410.984
7 6 99740233.455
7 8 369913837.698
7 9 2017189345.612
7 10 1517398316.701
7 11 425509885.646
7 12 2064305859.107
7 13 2505198258.428
7 14 10029913.621
7 15 2663718281.927
7 16 18841327.538
7 17 442968562.359
7 18 245859587.572
7 19 701519733.025
7 20 2276865436.593
7 21 846241645.381
7 22 158570646.794
8 0 259149146.999
8 1 73713282.811
8 2 43212442.053
8 3 21861393.605
8 4 20432351.310
8 5 53283626.017
8 6 19050680.354
8 7 106351315.480
8 9 397275746.126
8 10 210148174.468
8 11 128381076.054
8 12 75535789.193
8 13 67776569.333
8 14 3637561.081
8 15 307026002.994
8 16 2539954.067
8 17 33707090.396
8 18 27637179.599
8 19 82806184.842
8 20 279128673.293
8 21 120217369.835
8 22 50167450.591
9 0 2026240169.048
9 1 1270134500.787
9 2 314304339.130
9 3 340861258.419
9 4 445400624.090
9 5 337907712.663
9 6 175049206.496
9 7 1885780299.984
9 8 342062362.539
9 10 2964233435.987
9 11 654204236.150
9 12 3530843532.279
9 13 3475381085.694
9 14 4197039.890
9 15 1857318272.196
9 16 21918509.425
9 17 746787875.510
9 18 70298179.169
9 19 461710005.729
9 20 3253710698.243
9 21 1413440302.955
9 22 391311416.501
10 0 2920130489.161
10 1 1038969333.023
10 2 513358337.372
10 3 159541447.094
10 4 370888168.225
10 5 246816833.089
10 6 475915395.390
10 7 1939170170.398
10 8 456140267.723
10 9 2294603102.925
10 11 830357176.341
10 12 1531689113.247
10 13 769853186.118
10 14 4614699.115
10 15 786875645.857
10 16 7219062.783
10 17 422456938.026
10 18 230294983.393
10 19 1370644297.523
10 20 866602020.133
10 21 2210226101.908
10 22 122986533.898
11 0 410109258.213
11 1 757761171.405
11 2 162681261.640
11 3 159012954.381
11 4 109310517.395
11 5 107753781.091
11 6 183551110.031
11 7 995416486.850
11 8 52284188.840
11 9 489847255.798
11 10 953009223.758
11 12 1270395764.672
11 13 1092723772.706
11 14 10384253.873
11 15 192833711.344
11 16 4564642.015
11 17 373345595.950
11 18 72501448.016
11 19 292213574.613
11 20 1364091891.882
11 21 140809534.986
11 22 104848889.682
12 0 1230939859.250
12 1 1050411769.624
12 2 197081702.339
12 3 443363941.237
12 4 319972657.288
12 5 621751726.201
12 6 168975231.461
12 7 1317679386.662
12 8 128247713.985
12 9 1023723551.880
12 10 2419580500.586
12 11 333975238.160
12 13 3251140792.555
12 14 13280103.766
12 15 2192656539.445
12 16 24855665.837
12 17 1699872173.736
12 18 234361750.869
12 19 1463076430.693
12 20 3689058306.536
12 21 2273456586.731
12 22 605425203.742
13 0 2789394991.670
13 1 743518577.661
13 2 564606679.440
13 3 74579580.828
13 4 111043064.696
13 5 313859709.675
13 6 75371345.003
13 7 2725728934.226
13 8 73066988.274
13 9 2648543474.789
13 10 3142527618.770
13 11 556789373.498
13 12 2823387975.298
13 14 19817943.753
13 15 3075625124.276
13 16 15854850.535
13 17 365779401.432
13 18 218762148.619
13 19 213933702.103
13 20 1164959744.194
13 21 1268577262.870
13 22 148544945.670
14 0 24501245.272
14 1 13034338.741
14 2 2977286.216
14 3 3914420.120
14 4 1845357.347
14 5 2893281.567
14 6 4254737.756
14 7 11882090.024
14 8 3004015.261
14 9 26313347.675
14 10 4981995.243
14 11 8657921.564
14 12 10606149.227
14 13 4416066.599
14 15 22949323.917
14 16 247470.001
14 17 3944327.390
14 18 2642776.605
14 19 7854794.342
14 20 8188309.595
14 21 8690460.095
14 22 2143314.790
15 0 1420510827.005
15 1 2241017091.805
15 2 185788681.073
15 3 191084352.167
15 4 305259139.911
15 5 494241418.227
15 6 351394630.757
15 7 1217547325.091
15 8 412554879.138
15 9 1390613260.788
15 10 3260581021.707
15 11 510288622.745
15 12 3130400777.321
15 13 3040538628.413
15 14 9295608.106
15 16 29402515.303
15 17 273419011.487
15 18 268310870.195
15 19 271667634.954
15 20 2108155337.340
15 21 680340621.962
15 22 366878296.486
16 0 20002234.683
16 1 13061815.953
16 2 841763.712
16 3 2952719.828
16 4 3188253.330
16 5 1980257.751
16 6 4358863.453
16 7 9302471.846
16 8 2650786.658
16 9 9331651.433
16 10 14675663.552
16 11 7362391.849
16 12 33601723.219
16 13 27876510.369
16 14 133044.534
16 15 24320712.922
16 17 6414798.523
16 18 1364676.929
16 19 4443040.063
16 20 29597736.075
16 21 7733288.901
16 22 1606119.603
17 0 706665431.667
17 1 949085665.052
17 2 160069013.340
17 3 187816885.203
17 4 128865056.331
17 5 110789935.434
17 6 60738251.318
17 7 772819554.924
17 8 61538583.640
17 9 615926351.044
17 10 853976267.799
17 11 227971157.435
17 12 399532832.706
17 13 469719291.834
17 14 11279660.411
17 15 684669880.945
17 16 12685677.648
17 18 28200570.449
17 19 215810669.978
17 20 1141706721.404
17 21 973125091.889
17 22 170218138.911
18 0 218510301.522
18 1 138642972.442
18 2 40163591.979
18 3 16734605.664
18 4 34948317.645
18 5 11839297.376
18 6 21404895.562
18 7 82700341.443
18 8 10307938.397
18 9 183867932.773
18 10 253039480.246
18 11 43597801.278
18 12 298351821.345
18 13 201958638.471
18 14 966846.407
18 15 180576706.437
18 16 1180255.435
18 17 77865837.956
18 19 127583083.463
18 20 342307809.523
18 21 73091371.662
18 22 38343428.711
19 0 688190968.286
19 1 267571796.654
19 2 214656621.535
19 3 202847037.180
19 4 155048364.603
19 5 195119922.597
19 6 51752314.793
19 7 543756115.964
19 8 190165619.121
19 9 968006822.462
19 10 600643217.343
19 11 127293620.197
19 12 1791568273.739
19 13 1503159100.723
19 14 9932449.944
19 15 537584668.542
19 16 7055091.349
19 17 541987830.758
19 18 21867548.148
19 20 1474202771.775
19 21 751450105.007
19 22 54799637.751
20 0 2719276914.633
20 1 1191625385.651
20 2 130822737.513
20 3 203210020.760
20 4 157711157.401
20 5 251423792.353
20 6 309904087.741
20 7 777036888.709
20 8 489871726.832
20 9 2641738427.316
20 10 2116755804.393
20 11 380734309.524
20 12 2797006857.430
20 13 978102153.409
20 14 4305743.232
20 15 2973056432.486
20 16 10605302.970
20 17 311801755.717
20 18 64453113.196
20 19 1131962313.002
20 21 666238484.756
20 22 474441035.005
21 0 1466602044.483
21 1 512928654.741
21 2 150936612.125
21 3 209783057.158
21 4 268506788.517
21 5 48994078.860
21 6 214421166.089
21 7 1129022451.681
21 8 282615508.699
21 9 1589202395.962
21 10 1159930341.255
21 11 740823873.340
21 12 2185403848.082
21 13 629811891.289
21 14 18035017.134
21 15 318740136.308
21 16 14958971.766
21 17 371061945.667
21 18 70668776.770
21 19 592376381.416
21 20 726674184.589
21 22 269056310.949
22 0 108238696.918
22 1 248481055.054
22 2 10345865.322
22 3 50096408.435
22 4 42144410.567
22 5 40357973.619
22 6 24892249.052
22 7 209247522.188
22 8 38781496.732
22 9 429995110.909
22 10 476763856.757
22 11 106253205.940
22 12 480780792.628
22 13 514203382.768
22 14 3877611.975
22 15 350738051.500
22 16 2261524.060
22 17 132641845.772
22 18 33366835.659
22 19 202686417.302
22 20 321085445.269
22 21 303792069.125
