506
0 1 1873478551.234
0 2 195136821.803
0 3 420735681.385
0 4 351448519.638
0 5 87282322.382
0 6 282266635.571
0 7 1035117632.630
0 8 303524599.623
0 9 702938050.630
0 10 879970523.911
0 11 935976673.161
0 12 2219078761.910
0 13 2912938029.756
0 14 5035278.265
0 15 1074917519.006
0 16 15654857.379
0 17 222324835.274
0 18 261279714.479
0 19 1272411211.803
0 20 643512676.633
0 21 248639422.079
0 22 185672321.919
1 0 1538245558.927
1 2 190183292.697
1 3 129823805.618
1 4 56059365.825
1 5 243178985.888
1 6 249627866.569
1 7 1932514669.780
1 8 185056359.181
1 9 822170064.881
1 10 925279349.155
1 11 710586910.925
1 12 1339417755.510
1 13 716377561.559
1 14 11263466.867
1 15 1414706548.911
1 16 12031076.744
1 17 131407767.791
1 18 185572913.048
1 19 468466729.533
1 20 2368978796.048
1 21 1083100468.461
1 22 301067036.630
2 0 372599171.079
2 1 213507232.046
2 3 11430806.177
2 4 60279753.161
2 5 25936767.050
2 6 43208466.985
2 7 309161136.853
2 8 76018228.436
2 9 452559114.113
2 10 310434804.236
2 11 169662297.484
2 12 572354112.628
2 13 465432831.443
2 14 1989514.709
2 15 411864267.029
2 16 2379268.721
2 17 57590450.358
2 18 24985454.834
2 19 77796277.260
2 20 139742740.842
2 21 320615427.372
2 22 25645732.602
3 0 315872050.133
3 1 290760483.496
3 2 53124293.633
3 4 48928341.334
3 5 23609871.506
3 6 44410430.964
3 7 311487855.734
3 8 62500472.352
3 9 434033945.782
3 10 402037981.322
3 11 53055224.721
3 12 87632801.105
3 13 538987408.813
3 14 3098221.749
3 15 201490553.344
3 16 1475009.507
3 17 40963593.719
3 18 7018685.019
3 19 180983217.689
3 20 426096399.370
3 21 226120684.586
3 22 37303258.079
4 0 184042134.680
4 1 222576900.011
4 2 23956747.559
4 3 72798191.246
4 5 48085278.678
4 6 70934817.350
4 7 347440578.416
4 8 60148959.496
4 9 58328714.151
4 10 302821493.113
4 11 136861670.686
4 12 424694734.604
4 13 149499137.541
4 14 2242942.967
4 15 182050689.255
4 16 1945872.523
4 17 168330263.982
4 18 18064233.025
4 19 27206839.267
4 20 185365309.157
4 21 178916887.536
4 22 36909846.897
5 0 77066492.291
5 1 169222215.338
5 2 66931436.518
5 3 18428608.313
5 4 42025912.252
5 6 20568111.944
5 7 182442354.489
5 8 23656123.780
5 9 478832776.441
5 10 298167914.404
5 11 89464631.484
5 12 490622136.825
5 13 414564389.196
5 14 3155675.327
5 15 257875267.803
5 16 3169657.209
5 17 115307282.980
5 18 21480612.325
5 19 181954364.174
5 20 477123464.192
5 21 225919340.613
5 22 40738636.469
6 0 167967285.663
6 1 283032911.784
6 2 50220822.732
6 3 43369698.770
6 4 45653235.502
6 5 37092577.827
6 7 122540586.435
6 8 9100758.375
6 9 113568931.673
6 10 163770260.195
6 11 59080431.184
6 12 528048978.546
6 13 173949051.077
6 14 3688865.889
6 15 99518515.307
6 16 1528326.564
6 17 32776124.287
6 18 43577970.659
6 19 36986931.186
6 20 413945567.694
6 21 115655737.218
6 22 44151732.996
7 0 1309804815.999
7 1 272124951.769
7 2 107558825.948
7 3 90217936.331
7 4 306475203.036
7 5 390382505.571
7 6 264376111.141
7 8 192014334.878
7 9 1646377618.271
7 10 1710482244.364
7 11 864986213.393
7 12 3474723265.732
7 13 2158491400.286
7 14 19643766.215
7 15 1414543344.882
7 16 17047683.582
7 17 1140114309.875
7 18 251708421.135
7 19 509355115.551
7 20 1458991904.855
7 21 1718009941.927
7 22 349019585.015
8 0 58972465.947
8 1 281195308.086
8 2 58654475.378
8 3 72577383.639
8 4 11687665.976
8 5 38426839.357
8 6 54894762.120
8 7 146891924.912
8 9 370450158.739
8 10 102715344.780
8 11 95655948.864
8 12 296497803.113
8 13 424478872.766
8 14 1440129.758
8 15 489819148.469
8 16 4548900.189
8 17 77480734.242
8 18 45532120.682
8 19 35537848.533
8 20 193435338.618
8 21 269426431.439
8 22 67770891.437
9 0 1022922106.856
9 1 1270172998.617
9 2 71531153.319
9 3 265678289.519
9 4 450539758.179
9 5 468500556.989
9 6 424892162.467
9 7 368964344.873
9 8 383015953.318
9 10 592878737.596
9 11 1053868239.156
9 12 1747387128.056
9 13 1399956804.233
9 14 20379712.765
9 15 3127273407.054
9 16 15707839.455
9 17 723137164.376
9 18 80773759.989
9 19 941671042.858
9 20 3386069154.652
9 21 463479550.171
9 22 256803669.303
10 0 2811347986.388
10 1 2254696455.968
10 2 417321884.051
10 3 70170085.495
10 4 368924037.767
10 5 267927395.680
10 6 502049342.100
10 7 791590684.183
10 8 64493955.701
10 9 1853036346.220
10 11 1005077113.870
10 12 771608583.889
10 13 1902688874.311
10 14 15178087.664
10 15 2541219439.540
10 16 29584027.712
10 17 1167938966.092
10 18 49659024.494
10 19 1396479453.143
10 20 3665718400.947
10 21 1993009522.662
10 22 393175031.626
11 0 850337435.417
11 1 741569957.898
11 2 94031440.599
11 3 114148170.768
11 4 153457366.906
11 5 62432822.036
11 6 96655491.753
11 7 150399851.512
11 8 30507040.770
11 9 1072412352.943
11 10 845522372.737
11 12 1069281337.696
11 13 361835938.349
11 14 7075145.793
11 15 422128174.968
11 16 3837581.822
11 17 244587946.391
11 18 70633330.294
11 19 117818507.892
11 20 573746002.945
11 21 201429078.511
11 22 101734185.434
12 0 3597017550.500
12 1 1676689459.912
12 2 99903856.193
12 3 588162997.140
12 4 160403893.685
12 5 142108377.715
12 6 565901798.081
12 7 1532145571.862
12 8 311385806.481
12 9 3962456671.191
12 10 2889882321.500
12 11 649446823.802
12 13 574988511.437
12 14 13407827.798
12 15 4307854083.425
12 16 29113759.878
12 17 716634843.551
12 18 297211184.622
12 19 1332330191.950
12 20 4297811381.114
12 21 2741156381.144
12 22 446112922.897
13 0 3214571621.475
13 1 1772036207.510
13 2 427022522.077
13 3 65519105.147
13 4 536847735.350
13 5 227034214.413
13 6 94682538.297
13 7 592625324.175
13 8 250354420.542
13 9 1335607155.194
13 10 1428789270.023
13 11 838723405.305
13 12 2853481753.748
13 14 18210749.629
13 15 2916017640.252
13 16 8102584.921
13 17 1444051691.484
13 18 300306016.971
13 19 892648579.903
13 20 3525750534.766
13 21 2172554314.022
13 22 97295779.735
14 0 20620958.284
14 1 18976231.221
14 2 3718664.237
14 3 3557361.674
14 4 3006552.391
14 5 2011664.772
14 6 2005435.952
14 7 7323870.134
14 8 3737415.248
14 9 21683122.838
14 10 23978813.918
14 11 10499606.752
14 12 34332720.171
14 13 19138909.297
14 15 22085087.365
14 16 192757.649
14 17 7498038.900
14 18 2260946.718
14 19 9752161.695
14 20 21491386.538
14 21 8708131.537
14 22 1956097.180
15 0 2833953994.981
15 1 2063952499.186
15 2 343287906.246
15 3 235005990.016
15 4 479938418.774
15 5 175173774.782
15 6 212332538.494
15 7 1324751811.018
15 8 438257981.476
15 9 1196393000.401
15 10 641160794.580
15 11 605014149.450
15 12 3347540473.540
15 13 3399244957.764
15 14 4802522.921
15 16 11405794.986
15 17 1095387801.020
15 18 125196866.502
15 19 571977662.774
15 20 2217761119.440
15 21 2209935410.638
15 22 74079388.185
16 0 13059524.985
16 1 4816599.464
16 2 4106318.077
16 3 1684639.064
16 4 2416727.555
16 5 4330346.081
16 6 1546072.159
16 7 11026907.554
16 8 2982825.468
16 9 28628798.333
16 10 7112871.808
16 11 1775720.936
16 12 19189756.177
16 13 32448388.897
16 14 206533.849
16 15 20434177.112
16 17 8288460.434
16 18 1686719.451
16 19 7761360.481
16 20 10754751.197
16 21 13265909.986
16 22 625939.995
17 0 1218985363.166
17 1 565823552.573
17 2 148208576.144
17 3 31179266.773
17 4 183063733.723
17 5 196547523.612
17 6 95080983.786
17 7 749120088.930
17 8 30767712.356
17 9 1369975820.658
17 10 749643138.160
17 11 370894907.028
17 12 610427100.651
17 13 584346550.903
17 14 4510978.643
17 15 1035921673.165
17 16 11635453.293
17 18 104938741.815
17 19 438688765.466
17 20 1490332740.076
17 21 695255626.604
17 22 24693778.919
18 0 48044397.730
18 1 123841004.459
18 2 12256986.143
18 3 22920052.605
18 4 40623476.701
18 5 13963156.190
18 6 13092341.417
18 7 48407881.409
18 8 12407977.216
18 9 65609706.143
18 10 228121572.536
18 11 95930027.380
18 12 130856650.291
18 13 127149693.128
18 14 1641602.204
18 15 88235046.229
18 16 1646938.759
18 17 113993107.466
18 19 58894600.547
18 20 210694485.932
18 21 102317692.415
18 22 20659518.085
19 0 866510381.221
19 1 731472820.560
19 2 179347636.858
19 3 25160940.867
19 4 105119479.365
19 5 52855107.409
19 6 69169958.565
19 7 148079769.142
19 8 38231024.963
19 9 1334789308.333
19 10 789680481.195
19 11 292599553.862
19 12 1258819606.678
19 13 278091474.229
19 14 10074760.898
19 15 623087838.824
19 16 4313120.386
19 17 574186439.698
19 18 122712005.923
19 20 1108364050.323
19 21 938731083.513
19 22 92507859.631
20 0 3245570960.067
20 1 1308223713.873
20 2 137310850.775
20 3 237998198.341
20 4 108504815.287
20 5 73372339.255
20 6 522970712.606
20 7 3004399548.498
20 8 433027852.339
20 9 957737749.042
20 10 2563143018.872
20 11 321729339.496
20 12 656645299.148
20 13 3076655466.996
20 14 4747466.924
20 15 830925377.465
20 16 29790039.744
20 17 1064064771.903
20 18 105679304.111
20 19 1284691035.622
20 21 1160166451.119
20 22 337420580.659
21 0 1881421149.185
21 1 605796740.257
21 2 253729809.646
21 3 289262837.900
21 4 285330829.499
21 5 130779685.091
21 6 206299243.839
21 7 260946504.469
21 8 294214516.241
21 9 1500908600.786
21 10 2337168959.004
21 11 625286382.383
21 12 1797398210.313
21 13 732894423.876
21 14 13892741.213
21 15 1568401970.236
21 16 15148261.881
21 17 359341818.736
21 18 55281006.795
21 19 576287494.802
21 20 2019884377.429
21 22 83250679.182
22 0 344786179.739
22 1 162739517.150
22 2 53493394.980
22 3 17417110.628
22 4 58701723.821
22 5 21749492.452
22 6 25235010.342
22 7 396666625.476
22 8 54945171.227
22 9 364998672.563
22 10 370558291.952
22 11 26696406.767
22 12 350806367.495
22 13 539100100.971
22 14 2214879.086
22 15 328090916.914
22 16 3707911.721
22 17 84265403.120
22 18 13550457.709
22 19 116646502.397
22 20 305932267.221
22 21 74216489.561
