506
0 1 1255424326.400
0 2 177725932.779
0 3 205373839.874
0 4 180362681.609
0 5 240237293.141
0 6 172006215.476
0 7 1999169843.281
0 8 95031854.549
0 9 912507082.765
0 10 834165747.555
0 11 453123873.836
0 12 522028003.015
0 13 2962802345.932
0 14 12901099.688
0 15 2631728650.531
0 16 3215199.061
0 17 343843803.995
0 18 182083474.020
0 19 900495160.236
0 20 1147951923.132
0 21 1460598736.915
0 22 178341023.083
1 0 1655552517.290
1 2 218812904.873
1 3 82840793.870
1 4 118467727.359
1 5 198521677.827
1 6 330643878.467
1 7 954159606.694
1 8 188778087.511
1 9 2104368490.445
1 10 1832267852.464
1 11 372758931.907
1 12 641070913.527
1 13 1951117552.940
1 14 6432153.111
1 15 661363016.341
1 16 9788736.892
1 17 529309981.530
1 18 166497385.075
1 19 774088193.022
1 20 2358481131.043
1 21 271461788.247
1 22 70959866.640
2 0 444796150.270
2 1 113961132.402
2 3 70092399.236
2 4 28658889.849
2 5 51030250.821
2 6 32134589.342
2 7 297683836.090
2 8 48813775.484
2 9 385391705.520
2 10 136165289.252
2 11 123404693.454
2 12 187112285.969
2 13 425984426.632
2 14 2580063.982
2 15 150748818.396
2 16 1554806.941
2 17 226321527.516
2 18 30414548.128
2 19 100834927.517
2 20 559714832.524
2 21 163233642.194
2 22 61226983.357
3 0 148633694.721
3 1 124586627.444
3 2 57369601.195
3 4 34380620.638
3 5 54895788.891
3 6 12293182.517
3 7 120963402.174
3 8 20155437.794
3 9 322630276.793
3 10 470352854.563
3 11 42705732.427
3 12 404770137.077
3 13 519571773.835
3 14 2189395.313
3 15 245799595.452
3 16 4231472.030
3 17 186569538.475
3 18 25068068.789
3 19 79500563.389
3 20 426005311.440
3 21 141101517.644
3 22 40425022.654
4 0 51971619.839
4 1 219200280.500
4 2 64396093.787
4 3 42860054.627
4 5 8779920.584
4 6 24781458.218
4 7 216365434.717
4 8 56847758.349
4 9 312600912.072
4 10 271671643.780
4 11 141206332.911
4 12 101883957.432
4 13 489110208.782
4 14 745645.168
4 15 512921401.916
4 16 2693466.525
4 17 75280435.934
4 18 41754498.904
4 19 30523584.990
4 20 396648362.984
4 21 241450823.975
4 22 19676947.618
5 0 423472677.926
5 1 176204616.819
5 2 65596100.479
5 3 60693620.817
5 4 65720322.370
5 6 17040186.196
5 7 343830226.723
5 8 60785953.168
5 9 363573703.991
5 10 296328609.633
5 11 94348999.182
5 12 479458223.251
5 13 523307877.507
5 14 1720300.203
5 15 61849560.764
5 16 688145.918
5 17 220849379.540
5 18 10187140.290
5 19 128742208.709
5 20 128283324.406
5 21 46673784.419
5 22 40906190.311
6 0 323186075.386
6 1 212964462.160
6 2 26726840.427
6 3 60214452.091
6 4 43246120.848
6 5 16382756.942
6 7 295122114.894
6 8 45033981.758
6 9 287958293.119
6 10 60452463.564
6 11 66725779.772
6 12 374502134.937
6 13 418876804.768
6 14 1392196.295
6 15 428550075.894
6 16 2814482.038
6 17 34938485.941
6 18 14045962.130
6 19 121726687.993
6 20 295171847.499
6 21 315219678.778
6 22 72247993.343
7 0 1857655201.004
7 1 972192551.919
7 2 255440136.876
7 3 101366429.608
7 4 296499686.898
7 5 427673678.424
7 6 260138885.731
7 8 267986568.041
7 9 1037966279.097
7 10 2304432552.100
7 11 141693526.302
7 12 563333748.062
7 13 2858153879.061
7 14 7335723.865
7 15 1436265998.975
7 16 9843250.721
7 17 451150522.432
7 18 70158396.249
7 19 925261735.299
7 20 2505343384.477
7 21 1482223984.886
7 22 403856736.272
8 0 415024096.320
8 1 144960831.546
8 2 48798687.856
8 3 44258883.328
8 4 59020000.562
8 5 30993784.308
8 6 14166576.694
8 7 100414781.868
8 9 83395048.740
8 10 65942573.322
8 11 151916052.367
8 12 103175005.365
8 13 291741025.328
8 14 966011.018
8 15 135719169.331
8 16 2939979.694
8 17 42734429.263
8 18 7158317.256
8 19 129024901.452
8 20 266358859.439
8 21 293519143.912
8 22 57136076.906
9 0 2232596236.557
9 1 1306589972.625
9 2 251545659.183
9 3 312332296.357
9 4 275871797.425
9 5 467088376.074
9 6 349906448.426
9 7 1195405110.930
9 8 159557893.813
9 10 860892690.136
9 11 493794539.763
9 12 2951265662.393
9 13 1386308350.985
9 14 16782513.058
9 15 1918273858.124
9 16 9221645.944
9 17 975645340.614
9 18 121800035.365
9 19 211291453.689
9 20 3099807793.858
9 21 386037528.170
9 22 394202907.485
10 0 2898995140.786
10 1 1161278223.749
10 2 527261465.380
10 3 504054343.890
10 4 102583294.112
10 5 500308728.687
10 6 143367463.164
10 7 1685936866.670
10 8 373439970.456
10 9 406703045.366
10 11 180813070.311
10 12 684538075.688
10 13 2148926533.282
10 14 25297726.058
10 15 804791686.134
10 16 6655276.095
10 17 318374006.946
10 18 183415657.508
10 19 1461500730.339
10 20 3123392118.644
10 21 2260505587.331
10 22 478084303.076
11 0 485433949.254
11 1 630402910.381
11 2 164191236.956
11 3 75572133.259
11 4 100343168.440
11 5 78522973.196
11 6 116678061.898
11 7 1016072087.805
11 8 137142099.801
11 9 279461360.407
11 10 882671470.479
11 12 311355763.372
11 13 473136220.787
11 14 7046188.746
11 15 1000039000.536
11 16 9139353.607
11 17 245855827.616
11 18 25639647.553
11 19 486769536.336
11 20 1265875656.069
11 21 573691308.239
11 22 44240448.317
12 0 1180956247.565
12 1 2322253378.277
12 2 242153518.146
12 3 87178195.047
12 4 423718923.703
12 5 298811071.786
12 6 281261214.052
12 7 3294689232.666
12 8 98618514.340
12 9 639900790.574
12 10 4062423783.486
12 11 786989443.417
12 13 1496877358.399
12 14 13609301.646
12 15 1224283557.085
12 16 26237757.372
12 17 1078210751.027
12 18 347527933.453
12 19 1751944799.702
12 20 3935425027.971
12 21 2693313503.252
12 22 127474541.898
13 0 2244373544.399
13 1 1603392079.233
13 2 112009122.746
13 3 240125182.599
13 4 468043923.188
13 5 453320912.273
13 6 216081134.299
13 7 2423982617.844
13 8 316084434.220
13 9 576427682.895
13 10 1115748239.216
13 11 1345980352.294
13 12 3684470219.875
13 14 11490044.771
13 15 3665023603.138
13 16 9453717.369
13 17 442584247.814
13 18 283501414.596
13 19 944610891.195
13 20 3502569905.712
13 21 694640203.708
13 22 158726775.154
14 0 22176209.446
14 1 16982656.848
14 2 1823175.356
14 3 2054189.342
14 4 1958771.806
14 5 2029452.965
14 6 3625210.813
14 7 4389954.881
14 8 2337332.073
14 9 16473082.693
14 10 8523259.243
14 11 6709668.737
14 12 13538752.380
14 13 17069654.159
14 15 6617187.330
14 16 249905.134
14 17 5212890.872
14 18 2679324.924
14 19 6161102.518
14 20 5652408.608
14 21 9992215.133
14 22 1810939.509
15 0 3014825332.641
15 1 1681472351.207
15 2 473654307.561
15 3 275212037.097
15 4 317572417.328
15 5 203400666.969
15 6 242259187.098
15 7 2379944006.542
15 8 303923875.518
15 9 1500884364.687
15 10 491810833.661
15 11 179593159.947
15 12 895085849.191
15 13 2857914770.591
15 14 6606402.723
15 16 19375503.812
15 17 753390353.255
15 18 129777924.770
15 19 761404372.634
15 20 1717807161.910
15 21 472085459.079
15 22 84791842.350
16 0 22793361.476
16 1 12360092.848
16 2 1146721.421
16 3 3519571.291
16 4 2913795.038
16 5 2240956.443
16 6 862401.829
16 7 8369234.239
16 8 2934088.545
16 9 7545777.908
16 10 28467287.087
16 11 7018176.223
16 12 5784957.284
16 13 5110792.728
16 14 280283.394
16 15 15558252.736
16 17 3398242.233
16 18 1688566.200
16 19 2419410.416
16 20 26942424.039
16 21 12433934.755
16 22 4293639.598
17 0 1135261744.976
17 1 786248148.617
17 2 182797787.999
17 3 197915026.094
17 4 208076517.807
17 5 119148667.337
17 6 219005988.912
17 7 1053621905.167
17 8 148795906.026
17 9 1055497744.529
17 10 373813776.560
17 11 502090974.326
17 12 541877966.616
17 13 389720585.839
17 14 13205874.851
17 15 1284483790.741
17 16 8038505.287
17 18 99512995.309
17 19 413848545.724
17 20 867384385.432
17 21 828748055.582
17 22 36288160.042
18 0 135738913.031
18 1 160475479.164
18 2 16770035.079
18 3 24755601.904
18 4 30224803.650
18 5 32955910.433
18 6 37497245.689
18 7 265487903.083
18 8 22735933.449
18 9 45927747.113
18 10 297500220.800
18 11 56710146.130
18 12 349618798.652
18 13 150796980.974
18 14 1612959.577
18 15 95693944.206
18 16 688201.083
18 17 40605136.209
18 19 35232336.871
18 20 335766631.903
18 21 76909975.083
18 22 8181032.641
19 0 207775646.829
19 1 763922329.663
19 2 53315948.908
19 3 197180132.788
19 4 112475676.588
19 5 32073879.531
19 6 75616400.359
19 7 240981207.383
19 8 181622566.491
19 9 584425244.356
19 10 576338740.894
19 11 103195967.701
19 12 1340232341.395
19 13 909747352.925
19 14 7033009.649
19 15 1415141329.601
19 16 7839817.291
19 17 586876550.951
19 18 122104771.911
19 20 1582241379.438
19 21 718056120.024
19 22 178301890.342
20 0 739362863.898
20 1 835851362.101
20 2 397435286.069
20 3 121157530.969
20 4 552206741.447
20 5 165946492.046
20 6 90875552.532
20 7 807144970.680
20 8 321587675.814
20 9 2811839008.293
20 10 3154969817.766
20 11 903091716.156
20 12 1337957786.149
20 13 691412386.968
20 14 9185512.390
20 15 1882542128.300
20 16 23758930.481
20 17 422534860.895
20 18 316391565.196
20 19 1233419047.879
20 21 1725648940.829
20 22 107209451.864
21 0 495196638.871
21 1 658840182.377
21 2 326690462.052
21 3 143376255.969
21 4 115921237.299
21 5 154131138.708
21 6 204477535.541
21 7 1273962750.502
21 8 80143754.711
21 9 1592533417.682
21 10 1595935590.108
21 11 123651454.857
21 12 893243429.159
21 13 500410347.851
21 14 7730834.734
21 15 2321567390.506
21 16 6909115.554
21 17 468155100.200
21 18 31934709.108
21 19 208229020.587
21 20 2215877577.812
21 22 277074794.926
22 0 294980137.698
22 1 314588638.623
22 2 72081422.740
22 3 59206356.021
22 4 38152078.435
22 5 58339185.176
22 6 13361280.174
22 7 321264035.751
22 8 19969324.393
22 9 66322846.067
22 10 149597018.645
22 11 102027429.206
22 12 413260272.165
22 13 458934996.696
22 14 3664519.249
22 15 214213651.616
22 16 3860108.708
22 17 56853553.823
22 18 14890800.906
22 19 211904638.431
22 20 208893528.693
22 21 273554295.801
