506
0 1 1328285770.388
0 2 364522306.796
0 3 380531717.545
0 4 77549115.514
0 5 440792360.315
0 6 413569816.308
0 7 1557415579.241
0 8 235695170.243
0 9 1824344542.710
0 10 1808848747.338
0 11 228815999.728
0 12 826284665.359
0 13 2034067547.979
0 14 17485065.578
0 15 1902131324.779
0 16 17794688.324
0 17 527447440.610
0 18 271578428.463
0 19 396293976.481
0 20 1955287258.427
0 21 415138322.540
0 22 76406509.365
1 0 1926501378.458
1 2 235036199.734
1 3 208013884.454
1 4 183810906.451
1 5 318396888.476
1 6 196467375.302
1 7 443905460.948
1 8 279079574.365
1 9 1674920693.890
1 10 1971289146.534
1 11 224853247.972
1 12 702909816.177
1 13 654636236.078
1 14 18899282.132
1 15 1237167188.026
1 16 7443310.407
1 17 367347952.980
1 18 120821997.774
1 19 422563228.859
1 20 949572311.492
1 21 1170510911.091
1 22 102820038.616
2 0 228198962.515
2 1 294850585.222
2 3 26253982.690
2 4 13552953.707
2 5 68943187.051
2 6 57474046.074
2 7 153793034.823
2 8 22152252.897
2 9 122983738.601
2 10 362060678.313
2 11 185392921.608
2 12 648822834.449
2 13 490609763.382
2 14 1203433.495
2 15 467914727.572
2 16 1313002.048
2 17 32530440.757
2 18 11882589.518
2 19 104811396.749
2 20 423512646.878
2 21 239049695.149
2 22 25994697.001
3 0 291848748.301
3 1 96618463.841
3 2 22055501.521
3 4 36909644.225
3 5 27211229.576
3 6 51710172.388
3 7 333723524.776
3 8 47122173.187
3 9 338632061.281
3 10 488330325.722
3 11 37145077.277
3 12 166906021.680
3 13 466070958.703
3 14 2647538.902
3 15 462699670.828
3 16 2463524.661
3 17 102912937.168
3 18 9337144.664
3 19 218646214.319
3 20 120739098.519
3 21 290997965.144
3 22 24833605.865
4 0 433512639.690
4 1 227511937.127
4 2 62462630.886
4 3 35688950.511
4 5 66146534.145
4 6 10149582.515
4 7 72922187.383
4 8 9256424.548
4 9 195182584.392
4 10 426191445.661
4 11 45481315.096
4 12 350165430.573
4 13 401052939.380
4 14 1460550.441
4 15 123390532.994
4 16 4597307.159
4 17 218044152.575
4 18 31926944.836
4 19 105833823.918
4 20 184391156.688
4 21 108301556.224
4 22 61172604.876
5 0 54723691.423
5 1 150400904.131
5 2 68586315.994
5 3 70576621.120
5 4 34007422.671
5 6 46440437.822
5 7 159228260.352
5 8 16590590.794
5 9 299703979.859
5 10 269194854.836
5 11 82938796.067
5 12 441383138.780
5 13 265595306.457
5 14 801333.194
5 15 163615272.402
5 16 1495787.547
5 17 178427423.106
5 18 42742982.412
5 19 146499181.021
5 20 224759650.837
5 21 153515536.989
5 22 48597664.448
6 0 302012483.992
6 1 109740218.356
6 2 10602114.640
6 3 28111461.438
6 4 15635522.730
6 5 41525507.462
6 7 76054192.860
6 8 28920624.853
6 9 464878719.128
6 10 157684339.937
6 11 164575451.898
6 12 531254655.226
6 13 417903894.920
6 14 778358.314
6 15 308928516.343
6 16 4560612.699
6 17 105918287.922
6 18 14533685.236
6 19 27024677.595
6 20 542917255.344
6 21 288423371.028
6 22 26161732.659
7 0 1148738603.758
7 1 1493948477.374
7 2 390503914.161
7 3 62382690.023
7 4 201937459.902
7 5 236118211.334
7 6 140061940.236
7 8 337802319.187
7 9 2151322469.747
7 10 1201812371.061
7 11 496271723.233
7 12 578620668.036
7 13 1587850761.037
7 14 26653471.929
7 15 2022483943.187
7 16 7320961.690
7 17 223724554.318
7 18 165949511.473
7 19 1194475545.469
7 20 982087632.015
7 21 344016575.874
7 22 250729912.976
8 0 328998108.399
8 1 41528923.848
8 2 30893289.765
8 3 23240327.465
8 4 14193099.071
8 5 45155868.631
8 6 11756235.400
8 7 62296651.047
8 9 169499991.598
8 10 325304824.579
8 11 112196317.511
8 12 366694804.108
8 13 141955133.678
8 14 4002125.804
8 15 91968680.452
8 16 689583.771
8 17 171006249.000
8 18 13891495.718
8 19 125826561.605
8 20 503642244.723
8 21 189420696.759
8 22 37907047.550
9 0 662157624.627
9 1 1337511547.460
9 2 431359456.949
9 3 221161966.150
9 4 308047597.868
9 5 393222758.870
9 6 175051269.896
9 7 1722960147.131
9 8 255819382.437
9 10 1542033316.003
9 11 440275197.621
9 12 3659449662.991
9 13 2583394713.167
9 14 17405511.163
9 15 3198852365.498
9 16 24942078.333
9 17 430328096.236
9 18 214542113.288
9 19 339223244.860
9 20 2675734614.190
9 21 2023053542.656
9 22 159822482.850
10 0 2929948179.434
10 1 1617524658.895
10 2 328654036.149
10 3 344861746.639
10 4 272162899.354
10 5 222993385.868
10 6 113674454.016
10 7 694963767.848
10 8 446070520.205
10 9 3155093277.141
10 11 1117619208.620
10 12 4042350368.915
10 13 1355905818.112
10 14 21933536.091
10 15 2382880897.926
10 16 13395987.065
10 17 1509419256.244
10 18 96481661.021
10 19 856032685.864
10 20 1084959904.898
10 21 1175498855.694
10 22 443312544.988
11 0 930044405.725
11 1 93107797.173
11 2 164541758.564
11 3 26227723.013
11 4 28854533.413
11 5 139350104.504
11 6 67159194.207
11 7 571486959.081
11 8 100361675.615
11 9 382316154.392
11 10 523943087.699
11 12 1059933908.734
11 13 704837644.671
11 14 2871806.810
11 15 250422091.562
11 16 3228093.985
11 17 467309530.050
11 18 115576363.959
11 19 386149599.037
11 20 1078183781.331
11 21 393930492.297
11 22 21844481.869
12 0 2595200855.101
12 1 964891676.089
12 2 281580042.477
12 3 166245223.844
12 4 364655995.084
12 5 344828739.369
12 6 102534354.394
12 7 2329829962.658
12 8 156715611.865
12 9 994937886.369
12 10 3198107819.716
12 11 735800215.262
12 13 672292342.164
12 14 36709967.325
12 15 3601828671.189
12 16 33832662.575
12 17 1089354593.351
12 18 377541238.876
12 19 329751074.330
12 20 2332562280.608
12 21 2807779166.240
12 22 558703015.136
13 0 717530902.440
13 1 2417968429.507
13 2 440278702.141
13 3 221281364.073
13 4 482060321.175
13 5 521382579.368
13 6 371178854.241
13 7 3011222743.871
13 8 533403467.837
13 9 1594930858.053
13 10 865180503.561
13 11 1104238064.275
13 12 3837012845.762
13 14 7839026.315
13 15 2760876518.230
13 16 28927534.067
13 17 540657157.616
13 18 43192385.269
13 19 1217619864.855
13 20 1494753270.242
13 21 1832603756.487
13 22 360980665.896
14 0 22883074.441
14 1 11947105.512
14 2 1215308.273
14 3 1307393.627
14 4 4544467.170
14 5 3039248.735
14 6 3405317.114
14 7 16698528.402
14 8 3704164.119
14 9 18797127.643
14 10 14676652.835
14 11 8759018.178
14 12 29499989.870
14 13 28471543.083
14 15 16996288.680
14 16 180483.296
14 17 8835767.764
14 18 2842773.190
14 19 8407773.003
14 20 25681767.368
14 21 19252100.230
14 22 1694117.870
15 0 2632756187.147
15 1 458481740.912
15 2 489051887.338
15 3 74331450.999
15 4 258122215.354
15 5 359228092.608
15 6 508908979.375
15 7 2829184159.662
15 8 413766078.335
15 9 2310877452.350
15 10 3111384898.523
15 11 946453913.178
15 12 1966394452.061
15 13 1212531579.516
15 14 29612958.946
15 16 14867006.166
15 17 1533785536.016
15 18 166933124.548
15 19 362323711.085
15 20 1724384799.960
15 21 476189858.141
15 22 386218614.085
16 0 16938173.776
16 1 4515767.943
16 2 1559402.969
16 3 2752456.560
16 4 1955073.016
16 5 4541810.645
16 6 2501112.194
16 7 17035176.895
16 8 1904439.875
16 9 5225772.531
16 10 32689577.331
16 11 7969070.492
16 12 18861312.061
16 13 21675358.838
16 14 58129.257
16 15 13877051.761
16 17 6035596.120
16 18 565582.787
16 19 13577448.752
16 20 10789130.924
16 21 4077383.931
16 22 4077526.474
17 0 563718863.232
17 1 546086603.444
17 2 125481341.054
17 3 25065390.718
17 4 191948484.952
17 5 135825110.443
17 6 187621442.241
17 7 876650961.915
17 8 155663205.606
17 9 663426273.409
17 10 1169375751.091
17 11 67439067.285
17 12 1712825975.865
17 13 621581801.042
17 14 12644238.938
17 15 647719263.254
17 16 12068551.408
17 18 53714639.876
17 19 523101769.123
17 20 1001288976.772
17 21 842051087.581
17 22 47338211.795
18 0 180659684.821
18 1 71863298.293
18 2 44064977.305
18 3 12401031.530
18 4 27395738.560
18 5 10320023.093
18 6 37469191.850
18 7 106889943.816
18 8 26250640.534
18 9 139931591.427
18 10 112761542.031
18 11 45799239.003
18 12 358365948.546
18 13 279444932.152
18 14 336740.783
18 15 326581633.327
18 16 1305939.388
18 17 24652007.350
18 19 84856641.425
18 20 44166856.449
18 21 58911099.867
18 22 22987854.006
19 0 658269286.093
19 1 499426098.743
19 2 97296470.888
19 3 46087621.420
19 4 125860005.807
19 5 48572292.911
19 6 68761030.650
19 7 1254610147.149
19 8 132615583.666
19 9 1120287497.792
19 10 425987270.667
19 11 182288093.309
19 12 1041732058.204
19 13 907847975.354
19 14 12587336.469
19 15 205198540.884
19 16 10391027.336
19 17 567870325.307
19 18 90861819.416
19 20 1106716882.001
19 21 607024818.934
19 22 220164244.644
20 0 2592263804.146
20 1 1734628652.659
20 2 299667017.725
20 3 367317676.828
20 4 287869732.608
20 5 433990976.256
20 6 159030768.375
20 7 1172768918.073
20 8 146255395.639
20 9 1174039233.709
20 10 1501203607.798
20 11 1230258676.633
20 12 605501507.748
20 13 564436513.657
20 14 16348293.081
20 15 3108224217.931
20 16 26515673.296
20 17 884453295.144
20 18 198665469.131
20 19 521533743.002
20 21 1162178478.575
20 22 89658112.989
21 0 1621357901.954
21 1 758974374.178
21 2 177563720.561
21 3 275128556.907
21 4 41533330.597
21 5 65946715.183
21 6 82494814.258
21 7 849692595.186
21 8 313048420.865
21 9 1893790821.528
21 10 1435367684.730
21 11 343186486.659
21 12 2494860012.737
21 13 471947705.551
21 14 11201510.946
21 15 903516114.640
21 16 4048907.736
21 17 406742167.478
21 18 125300566.704
21 19 860701943.351
21 20 2351117899.036
21 22 66386620.473
22 0 342695252.957
22 1 175114262.371
22 2 65315208.929
22 3 8576181.615
22 4 43026629.404
22 5 34720934.266
22 6 13934151.418
22 7 237684091.125
22 8 40730625.332
22 9 270454136.251
22 10 363349818.827
22 11 24119108.438
22 12 408206160.394
22 13 244610781.991
22 14 1337795.272
22 15 455649259.941
22 16 3812424.487
22 17 78301644.353
22 18 40787345.838
22 19 118439872.479
22 20 206935302.539
22 21 120027789.876
