506
0 1 1855415069.258
0 2 218586512.377
0 3 148471291.870
0 4 176430197.055
0 5 386051141.029
0 6 338947132.190
0 7 1304986543.706
0 8 241038039.188
0 9 739243959.133
0 10 973412924.216
0 11 902256907.222
0 12 1135172762.848
0 13 1196715769.948
0 14 18324887.870
0 15 2439356145.181
0 16 7122780.998
0 17 709553715.991
0 18 80490551.079
0 19 870705203.456
0 20 2201593755.326
0 21 1182724151.052
0 22 244243500.785
1 0 1286082677.933
1 2 110003411.988
1 3 131763450.301
1 4 246841460.908
1 5 293351156.095
1 6 87541922.354
1 7 1442175072.462
1 8 62419661.461
1 9 2063387482.703
1 10 2196552414.811
1 11 479371737.013
1 12 2331241331.312
1 13 1843820215.587
1 14 17166675.629
1 15 2103263400.997
1 16 13241612.239
1 17 836540167.336
1 18 144570369.050
1 19 304830953.214
1 20 1772951979.040
1 21 961926371.139
1 22 161751196.767
2 0 302798755.634
2 1 177430753.670
2 3 12009989.967
2 4 12561608.049
2 5 54362759.716
2 6 18763679.622
2 7 252004023.462
2 8 51734527.736
2 9 430421574.951
2 10 295500589.275
2 11 62734485.820
2 12 423640860.099
2 13 266230690.358
2 14 3245739.885
2 15 509802676.970
2 16 3891883.925
2 17 173294351.388
2 18 43140337.859
2 19 195990100.945
2 20 510092678.904
2 21 77869412.449
2 22 49536181.705
3 0 261132685.895
3 1 231630120.465
3 2 59917900.932
3 4 45807506.106
3 5 32346412.516
3 6 20442554.665
3 7 335742499.150
3 8 28948751.981
3 9 140957604.507
3 10 469774763.632
3 11 71036469.207
3 12 440042248.183
3 13 452480101.398
3 14 749975.921
3 15 265294934.719
3 16 2118527.604
3 17 147450553.868
3 18 27521269.075
3 19 52621195.330
3 20 364958714.043
3 21 54774136.525
3 22 25659305.639
4 0 192126932.313
4 1 230994670.243
4 2 64155210.100
4 3 69776663.238
4 5 35655173.829
4 6 10496606.432
4 7 53848470.762
4 8 34918515.401
4 9 129497675.047
4 10 232336011.225
4 11 62335048.321
4 12 97345069.550
4 13 442427735.608
4 14 1691000.539
4 15 89553536.480
4 16 2130779.313
4 17 201042639.395
4 18 34983770.223
4 19 32129150.069
4 20 362387624.282
4 21 132555010.924
4 22 36933089.179
5 0 182947195.717
5 1 130684050.938
5 2 56569096.524
5 3 60490331.963
5 4 40463771.027
5 6 25088885.584
5 7 311320488.855
5 8 29142922.570
5 9 92594813.341
5 10 161673396.055
5 11 168204498.114
5 12 408676717.519
5 13 532707520.642
5 14 2541368.903
5 15 361455417.551
5 16 3170117.568
5 17 56988301.733
5 18 13812492.206
5 19 174262551.274
5 20 155368799.063
5 21 159783761.839
5 22 57104657.353
6 0 211007318.613
6 1 272784194.393
6 2 40907904.745
6 3 63213698.039
6 4 52630074.885
6 5 33468274.522
6 7 114991551.876
6 8 39590806.996
6 9 70051705.870
6 10 488456332.603
6 11 167472948.134
6 12 241758052.986
6 13 114267879.638
6 14 3697013.134
6 15 501354396.944
6 16 4318660.653
6 17 152337305.269
6 18 15418928.329
6 19 46302067.065
6 20 231557908.789
6 21 154313344.514
6 22 70868318.022
7 0 603254683.294
7 1 833422727.621
7 2 301639108.224
7 3 88866853.864
7 4 62471451.030
7 5 199831813.193
7 6 439422374.579
7 8 229189334.199
7 9 1052712647.583
7 10 1421211235.893
7 11 1104901679.202
7 12 1790425731.459
7 13 1458954585.673
7 14 4039971.400
7 15 1090968190.320
7 16 9443490.566
7 17 1041498163.658
7 18 271112208.874
7 19 643601939.193
7 20 1246548006.996
7 21 1124994658.654
7 22 223822426.605
8 0 56875074.884
8 1 279476285.111
8 2 28821031.814
8 3 56884609.201
8 4 34402745.056
8 5 24212202.744
8 6 20041933.244
8 7 92200756.154
8 9 335495975.451
8 10 449926525.118
8 11 123566150.260
8 12 538784420.000
8 13 316970704.970
8 14 2867727.659
8 15 254680940.151
8 16 3641837.478
8 17 147875773.598
8 18 37028740.686
8 19 104648949.048
8 20 195714761.008
8 21 166405310.255
8 22 22186338.614
9 0 2147396738.858
9 1 993413370.934
9 2 362542997.155
9 3 263493395.843
9 4 468054002.095
9 5 270334481.982
9 6 98177289.195
9 7 1832794570.718
9 8 231005713.205
9 10 2984262815.006
9 11 991050623.089
9 12 1844140619.572
9 13 1491639355.967
9 14 11094426.147
9 15 1932796360.069
9 16 13584584.548
9 17 773488088.378
9 18 239855140.336
9 19 993992488.760
9 20 1854746119.304
9 21 462999761.272
9 22 65083312.262
10 0 1145820509.623
10 1 458922668.783
10 2 218039174.365
10 3 417256534.676
10 4 70227507.191
10 5 335409278.928
10 6 249433756.275
10 7 2834089085.596
10 8 522121331.389
10 9 3423118483.297
10 11 954714892.621
10 12 1310021073.186
10 13 1758815634.817
10 14 25914306.970
10 15 2913718267.289
10 16 32155149.447
10 17 1362161004.755
10 18 48491499.095
10 19 1015705945.737
10 20 2266920822.700
10 21 1530352006.028
10 22 499727484.893
11 0 700056655.367
11 1 209513064.956
11 2 52183071.489
11 3 129226192.106
11 4 54705354.357
11 5 106610380.537
11 6 33141151.093
11 7 998158075.567
11 8 151307052.234
11 9 881592309.858
11 10 817595446.607
11 12 605944626.385
11 13 736592327.666
11 14 4787297.086
11 15 604977130.413
11 16 10514791.904
11 17 411465644.828
11 18 106489770.847
11 19 303418248.774
11 20 326900805.141
11 21 548867841.445
11 22 37795946.926
12 0 2635887707.566
12 1 1701417068.861
12 2 337266332.800
12 3 231247193.445
12 4 435640293.817
12 5 487696673.721
12 6 352714778.729
12 7 2757902130.536
12 8 219842314.204
12 9 1148537531.488
12 10 3461522864.335
12 11 814822899.175
12 13 2231986638.602
12 14 10418595.046
12 15 4144090318.043
12 16 24524987.713
12 17 886543694.073
12 18 265105577.023
12 19 467694731.243
12 20 4327398535.434
12 21 2038579470.238
12 22 276914997.434
13 0 1749486607.222
13 1 2219084123.765
13 2 286947487.223
13 3 362041601.802
13 4 84450563.037
13 5 537993226.261
13 6 224198108.587
13 7 1850218550.280
13 8 453120691.199
13 9 1873339741.473
13 10 3551693429.417
13 11 1313736089.411
13 12 1071433845.110
13 14 8341292.080
13 15 939771891.921
13 16 34102174.033
13 17 1449040400.618
13 18 58771434.376
13 19 1610777737.173
13 20 550310387.827
13 21 2407984122.691
13 22 301952265.780
14 0 22212673.898
14 1 19585110.295
14 2 3011888.066
14 3 3278448.694
14 4 4475637.919
14 5 3207282.774
14 6 3998155.582
14 7 13286273.437
14 8 4081181.185
14 9 19666250.683
14 10 24842753.939
14 11 8172689.524
14 12 6669363.693
14 13 11593592.811
14 15 20309253.130
14 16 126880.404
14 17 8615846.581
14 18 467415.883
14 19 7804480.372
14 20 9354359.163
14 21 14323347.064
14 22 4100839.536
15 0 2441319134.350
15 1 1597864018.167
15 2 93137591.070
15 3 424354784.796
15 4 212372054.121
15 5 423191426.135
15 6 455598813.470
15 7 1131770197.822
15 8 93170006.970
15 9 2227374081.099
15 10 2829483678.121
15 11 662971954.064
15 12 2607100234.254
15 13 3858847557.260
15 14 26873298.545
15 16 5135137.149
15 17 780056580.986
15 18 306866740.539
15 19 444772314.851
15 20 1615208173.364
15 21 1816248316.547
15 22 130615335.357
16 0 4236843.561
16 1 4836713.229
16 2 3504541.001
16 3 4512720.700
16 4 3543122.842
16 5 3403065.368
16 6 2151812.606
16 7 18574190.462
16 8 2251997.043
16 9 17894660.428
16 10 10268434.316
16 11 4199196.032
16 12 28532932.758
16 13 23689370.807
16 14 159101.706
16 15 11535228.678
16 17 2577650.503
16 18 342796.514
16 19 2444542.970
16 20 22320856.471
16 21 13845419.101
16 22 1880422.182
17 0 485589398.464
17 1 803134317.056
17 2 64461479.810
17 3 193649495.722
17 4 155024049.521
17 5 55033111.197
17 6 75760922.323
17 7 1232799405.614
17 8 221265043.879
17 9 191305816.852
17 10 429083562.722
17 11 158258790.602
17 12 429818297.330
17 13 253521292.634
17 14 12581839.274
17 15 575975764.044
17 16 11382809.116
17 18 132642253.195
17 19 596383930.663
17 20 1131328018.723
17 21 159724813.258
17 22 28027632.799
18 0 241190886.369
18 1 110741793.200
18 2 29079009.918
18 3 5992830.986
18 4 18343034.884
18 5 46089971.808
18 6 6888695.436
18 7 231625365.095
18 8 12676466.081
18 9 248047524.469
18 10 140330260.107
18 11 23203596.865
18 12 298747443.688
18 13 51892917.084
18 14 368852.032
18 15 150948889.331
18 16 1532238.235
18 17 108566379.326
18 19 71511437.271
18 20 221522534.602
18 21 66288404.503
18 22 15506744.874
19 0 1222398681.032
19 1 598125070.851
19 2 148398624.327
19 3 64617473.523
19 4 82515385.449
19 5 188380093.226
19 6 34138600.621
19 7 235444523.875
19 8 53628813.258
19 9 777997985.318
19 10 766211146.398
19 11 524241870.759
19 12 1760581325.314
19 13 1613525985.049
19 14 5101523.534
19 15 260258072.951
19 16 7909162.433
19 17 481069887.597
19 18 103728387.028
19 20 426442575.132
19 21 918616275.752
19 22 74114452.984
20 0 2366451869.615
20 1 1017004146.158
20 2 224120397.869
20 3 464173399.281
20 4 260826783.298
20 5 74872690.094
20 6 64342330.112
20 7 1265551310.579
20 8 415409769.919
20 9 2818219688.896
20 10 3308305463.177
20 11 378822075.673
20 12 1341211617.031
20 13 495646669.151
20 14 13366240.352
20 15 498041989.250
20 16 16381060.617
20 17 1426318634.378
20 18 273693148.019
20 19 1572719881.433
20 21 1401340169.649
20 22 163405478.617
21 0 1316760210.395
21 1 897739771.762
21 2 245595043.324
21 3 152005741.508
21 4 97693497.870
21 5 120393263.233
21 6 315847774.108
21 7 463938024.636
21 8 56279176.493
21 9 1047184729.425
21 10 1486430489.757
21 11 345267614.584
21 12 851967552.059
21 13 1405731922.769
21 14 4635680.738
21 15 1821881986.472
21 16 4444416.951
21 17 945713324.536
21 18 64465617.997
21 19 741754245.841
21 20 2327643716.281
21 22 217738049.836
22 0 350524164.711
22 1 265699717.488
22 2 20070715.645
22 3 8941563.845
22 4 52760744.844
22 5 20231267.898
22 6 66610781.079
22 7 161471522.656
22 8 20775365.870
22 9 141280882.262
22 10 442250856.590
22 11 30996606.193
22 12 461003303.985
22 13 96965292.869
22 14 2931889.773
22 15 192044784.689
22 16 3863181.276
22 17 97193158.535
22 18 34398650.929
22 19 221111147.340
22 20 532226261.507
22 21 240847136.834
