506
0 1 1258161862.596
0 2 66818283.399
0 3 207392190.173
0 4 388212778.154
0 5 231078453.927
0 6 213048223.434
0 7 1093773895.026
0 8 411316065.514
0 9 2555879427.545
0 10 2877039011.456
0 11 1070441984.777
0 12 2597377819.110
0 13 2491671156.677
0 14 23175404.529
0 15 2571253113.150
0 16 21214953.873
0 17 458729451.703
0 18 209241201.425
0 19 835447574.258
0 20 879831245.791
0 21 1383466966.161
0 22 90960955.597
1 0 917670075.771
1 2 327014204.224
1 3 281979648.591
1 4 217208732.817
1 5 273240745.085
1 6 324351700.635
1 7 1650751389.395
1 8 203641947.221
1 9 1943294966.105
1 10 780000368.809
1 11 195538689.498
1 12 1224362655.275
1 13 292719457.751
1 14 16862437.577
1 15 731892974.340
1 16 19741675.138
1 17 417930542.574
1 18 78592111.979
1 19 899905267.066
1 20 1410662444.576
1 21 1293981054.405
1 22 95249195.109
2 0 307929520.412
2 1 170202578.418
2 3 9634101.396
2 4 66633064.766
2 5 15297601.838
2 6 76091703.846
2 7 304341954.939
2 8 38926479.010
2 9 248464240.506
2 10 509062695.516
2 11 139775399.976
2 12 113989591.159
2 13 246887912.997
2 14 2887762.593
2 15 383701354.380
2 16 4316393.742
2 17 181520802.113
2 18 14073626.231
2 19 209270072.482
2 20 89613287.821
2 21 317174078.420
2 22 57930043.627
3 0 335897342.806
3 1 247870134.011
3 2 14549946.231
3 4 47551097.615
3 5 28085145.165
3 6 55610651.169
3 7 131073554.262
3 8 25325340.398
3 9 438028148.135
3 10 343526189.520
3 11 30875629.735
3 12 173072506.313
3 13 213838792.051
3 14 2099133.994
3 15 66930607.016
3 16 875842.577
3 17 50444356.902
3 18 34893198.000
3 19 167087006.335
3 20 448715983.723
3 21 201004711.355
3 22 26074768.924
4 0 367717556.379
4 1 320625321.857
4 2 26223525.313
4 3 32478323.700
4 5 31242081.815
4 6 51455232.693
4 7 180757274.263
4 8 36135568.608
4 9 445410519.634
4 10 61813122.480
4 11 82833096.616
4 12 505111007.105
4 13 233227463.752
4 14 827072.154
4 15 297131948.994
4 16 2463982.995
4 17 94226854.926
4 18 8908245.082
4 19 198390325.099
4 20 349498947.074
4 21 68916127.931
4 22 41167957.296
5 0 274795000.979
5 1 245892297.931
5 2 52702899.056
5 3 53115977.042
5 4 25089172.695
5 6 48231199.984
5 7 327760412.942
5 8 54933118.131
5 9 156156361.331
5 10 362391153.217
5 11 40741661.815
5 12 381858848.934
5 13 378276570.110
5 14 3773076.449
5 15 408154005.010
5 16 3312848.936
5 17 176984664.658
5 18 7312423.241
5 19 206419317.253
5 20 168877329.195
5 21 292143039.818
5 22 24798864.520
6 0 263333545.240
6 1 70175906.425
6 2 15066447.732
6 3 53377910.793
6 4 66100120.615
6 5 38791035.416
6 7 376660165.983
6 8 16966788.842
6 9 90632202.772
6 10 386681941.087
6 11 58280329.025
6 12 446607441.259
6 13 443569042.637
6 14 2590377.388
6 15 220888085.089
6 16 4064951.616
6 17 69507211.060
6 18 17959658.908
6 19 152582579.752
6 20 336076449.463
6 21 101159618.397
6 22 66372647.911
7 0 702366391.776
7 1 552706382.687
7 2 300898547.997
7 3 315027655.954
7 4 369359042.291
7 5 353717719.105
7 6 249997426.978
7 8 213960157.714
7 9 2363075984.365
7 10 1721210248.066
7 11 530507911.880
7 12 1392955090.287
7 13 3236235711.435
7 14 21399464.814
7 15 892282240.693
7 16 4267793.082
7 17 1271877602.123
7 18 226712391.066
7 19 884724217.731
7 20 883603387.588
7 21 1935138391.167
7 22 221772431.393
8 0 329930661.939
8 1 283467465.974
8 2 35427534.229
8 3 45691432.110
8 4 27256153.167
8 5 62256059.322
8 6 12329820.061
8 7 286487506.169
8 9 307118759.440
8 10 280725614.088
8 11 155155129.912
8 12 143799363.342
8 13 350832352.964
8 14 1520368.763
8 15 157010463.404
8 16 1109600.019
8 17 96111734.699
8 18 17648808.178
8 19 138181939.947
8 20 243732356.276
8 21 45944257.093
8 22 21145902.996
9 0 2279449810.355
9 1 452137167.585
9 2 209313345.125
9 3 331476365.018
9 4 285396640.626
9 5 132678987.598
9 6 189262061.922
9 7 1725487971.262
9 8 64953704.506
9 10 2884236072.890
9 11 1108616192.558
9 12 679055916.115
9 13 3242035709.393
9 14 14838257.565
9 15 1250747452.809
9 16 8292140.360
9 17 664773084.610
9 18 237307362.607
9 19 565832672.160
9 20 751390840.346
9 21 1250400166.129
9 22 189031363.181
10 0 2022710397.894
10 1 2224147597.878
10 2 155547613.415
10 3 521068567.301
10 4 128353881.502
10 5 484581184.350
10 6 122209020.750
10 7 1656753832.681
10 8 137575312.330
10 9 2113687126.583
10 11 730326808.061
10 12 776873775.160
10 13 2746121700.322
10 14 31039291.245
10 15 1147940296.537
10 16 25929333.099
10 17 1117630615.614
10 18 239907711.753
10 19 1407829604.549
10 20 963025485.425
10 21 660862293.919
10 22 154078043.386
11 0 719720002.935
11 1 538839812.404
11 2 144961955.626
11 3 84201926.055
11 4 45443671.547
11 5 50642696.357
11 6 125382932.615
11 7 502780771.789
11 8 79292315.411
11 9 503910861.539
11 10 187215916.121
11 12 624807300.006
11 13 845833417.564
11 14 11407619.942
11 15 1133192546.562
11 16 3611953.180
11 17 331947977.358
11 18 67079621.437
11 19 358966740.293
11 20 817442710.865
11 21 588651527.296
11 22 147413316.985
12 0 943730953.268
12 1 1162023966.095
12 2 597684785.263
12 3 367457814.659
12 4 407506039.099
12 5 314106587.030
12 6 469921770.247
12 7 3141254615.992
12 8 562256257.150
12 9 3190436134.552
12 10 743118675.564
12 11 1252491026.962
12 13 2966481133.629
12 14 8429415.341
12 15 4352026531.560
12 16 5950842.182
12 17 568197831.418
12 18 303317193.122
12 19 1619529896.977
12 20 3018404428.239
12 21 489112641.578
12 22 300319141.963
13 0 577618429.995
13 1 298123004.301
13 2 106330318.451
13 3 347459995.300
13 4 83000743.114
13 5 146004987.435
13 6 439072146.393
13 7 2774286019.199
13 8 412393655.123
13 9 1890862429.825
13 10 3134137029.201
13 11 864476431.191
13 12 1080412060.808
13 14 31688828.224
13 15 3577342704.593
13 16 30280212.188
13 17 494336343.588
13 18 205220604.719
13 19 1337728220.108
13 20 1440455200.535
13 21 1525199304.142
13 22 435049410.035
14 0 21908092.839
14 1 10325033.021
14 2 1440507.246
14 3 3055201.555
14 4 3843358.474
14 5 4333807.731
14 6 3903798.081
14 7 26974519.056
14 8 2846289.050
14 9 29381295.933
14 10 21889147.623
14 11 1936737.959
14 12 13031099.350
14 13 7094970.042
14 15 7071513.010
14 16 200558.799
14 17 9985470.202
14 18 2488692.435
14 19 7054565.237
14 20 7359984.973
14 21 12397538.721
14 22 4382390.027
15 0 394136175.670
15 1 1897918329.404
15 2 130778794.859
15 3 423779206.004
15 4 172237111.614
15 5 189362046.162
15 6 130352221.437
15 7 2949518695.673
15 8 274409077.964
15 9 3217420609.650
15 10 1281246192.621
15 11 683943851.480
15 12 3674637298.258
15 13 2748913287.618
15 14 29201043.651
15 16 9831711.471
15 17 330635907.542
15 18 151381783.360
15 19 1229495944.980
15 20 3031161121.186
15 21 1162382146.865
15 22 174298888.644
16 0 3942128.800
16 1 19685193.016
16 2 703803.446
16 3 3653500.731
16 4 1922174.492
16 5 3893587.812
16 6 4325668.207
16 7 17792644.567
16 8 1096732.424
16 9 13591429.999
16 10 24481302.215
16 11 6152885.702
16 12 7339421.797
16 13 29509923.915
16 14 282565.265
16 15 30683372.121
16 17 1568923.120
16 18 1852427.114
16 19 9531866.744
16 20 27829303.769
16 21 4425709.423
16 22 3543406.393
17 0 1243668762.361
17 1 498080581.190
17 2 118845912.466
17 3 175931149.413
17 4 102450789.431
17 5 28740967.761
17 6 36905484.466
17 7 230599112.685
17 8 31049412.327
17 9 417344660.674
17 10 1317316967.886
17 11 247840481.314
17 12 873893836.217
17 13 1264128754.093
17 14 5398986.506
17 15 1303724945.311
17 16 4680539.108
17 18 16546091.898
17 19 237032833.833
17 20 647898823.982
17 21 454654811.866
17 22 114467873.750
18 0 214676779.495
18 1 117998980.177
18 2 25749026.646
18 3 34359947.062
18 4 13236836.306
18 5 36870358.788
18 6 37745852.562
18 7 153109844.781
18 8 5341993.768
18 9 255241722.910
18 10 125450409.278
18 11 98414103.216
18 12 128758815.643
18 13 55756655.859
18 14 1052317.592
18 15 217632430.528
18 16 590422.527
18 17 75855222.433
18 19 84213722.112
18 20 149787752.486
18 21 98826105.614
18 22 14460774.500
19 0 291573188.829
19 1 172705537.332
19 2 204593821.908
19 3 216329589.774
19 4 129213358.709
19 5 133808701.864
19 6 56855049.866
19 7 819773858.727
19 8 63320995.212
19 9 784261704.278
19 10 1212873557.469
19 11 330587539.180
19 12 942552109.639
19 13 1460958064.300
19 14 1811942.191
19 15 428928343.590
19 16 8407533.200
19 17 660759981.841
19 18 50918547.242
19 20 528180590.252
19 21 323103920.166
19 22 34948163.644
20 0 1023607109.506
20 1 501102978.287
20 2 312630343.400
20 3 417326789.162
20 4 165030260.579
20 5 369256882.805
20 6 509875552.309
20 7 1118244793.236
20 8 83893169.001
20 9 3125963317.691
20 10 474504810.888
20 11 359706401.607
20 12 676402594.585
20 13 1962192749.060
20 14 12280148.969
20 15 3583461296.413
20 16 10019827.896
20 17 587900919.948
20 18 197362363.145
20 19 355043705.102
20 21 1681193778.411
20 22 450304061.827
21 0 1605321808.766
21 1 191671408.341
21 2 92803936.465
21 3 280690946.344
21 4 171584920.325
21 5 250335650.061
21 6 140893026.019
21 7 259551831.632
21 8 139916286.581
21 9 451129081.978
21 10 696362225.515
21 11 790967219.233
21 12 1502133938.989
21 13 1535226303.353
21 14 13402711.047
21 15 2242855770.635
21 16 19852152.503
21 17 564471712.408
21 18 45641770.209
21 19 798865893.466
21 20 1801575016.144
21 22 162172095.277
22 0 282398781.999
22 1 67983260.103
22 2 30203074.343
22 3 47034314.017
22 4 15148398.632
22 5 31556434.939
22 6 69418847.265
22 7 299152812.379
22 8 15165661.210
22 9 475498922.772
22 10 147552959.880
22 11 62433724.848
22 12 127642632.235
22 13 379020127.808
22 14 4273940.788
22 15 263526894.530
22 16 2824470.558
22 17 220652641.123
22 18 8094058.160
22 19 148206166.204
22 20 278849389.283
22 21 84848306.469
