506
0 1 642331512.263
0 2 172258531.393
0 3 176638244.065
0 4 321127538.755
0 5 311881640.823
0 6 358661322.764
0 7 1657965417.707
0 8 393561741.511
0 9 639274086.984
0 10 574506471.744
0 11 394730903.025
0 12 3402780383.515
0 13 1343048071.820
0 14 20956657.510
0 15 1300648791.047
0 16 13254696.369
0 17 511553718.769
0 18 106498137.211
0 19 208005767.893
0 20 503668946.386
0 21 1373145594.239
0 22 66340277.818
1 0 814923204.102
1 2 231854707.933
1 3 182076723.209
1 4 100178611.734
1 5 185476406.435
1 6 218612661.625
1 7 777963656.467
1 8 158322020.169
1 9 542554008.361
1 10 1035350174.425
1 11 530005712.473
1 12 499421543.663
1 13 726421965.391
1 14 10650353.644
1 15 1147702356.456
1 16 17650435.208
1 17 834297079.789
1 18 68389016.444
1 19 361232730.847
1 20 2474876563.198
1 21 1474585124.281
1 22 320308962.199
2 0 324428016.721
2 1 91838702.894
2 3 50144116.689
2 4 61686737.151
2 5 70125518.862
2 6 67810404.632
2 7 347117699.867
2 8 72240660.975
2 9 430734522.545
2 10 518955789.891
2 11 66275312.756
2 12 230876509.611
2 13 306289067.088
2 14 1817825.900
2 15 95687656.210
2 16 4527153.236
2 17 102125065.644
2 18 45086374.775
2 19 95682958.341
2 20 94710991.206
2 21 143923328.056
2 22 53409700.114
3 0 393672340.612
3 1 230955476.172
3 2 33577690.209
3 4 40697259.992
3 5 41511827.759
3 6 63843586.224
3 7 340705313.346
3 8 10911397.399
3 9 373808913.306
3 10 505431867.815
3 11 90092815.768
3 12 420762288.577
3 13 400132060.219
3 14 4281939.127
3 15 374051027.776
3 16 1766478.562
3 17 27706819.187
3 18 13954680.260
3 19 62791047.485
3 20 116749277.910
3 21 173597985.912
3 22 54476764.434
4 0 161311281.929
4 1 96785042.971
4 2 12190192.665
4 3 13162412.906
4 5 67307129.243
4 6 45175448.692
4 7 309474811.726
4 8 25713346.718
4 9 345650636.129
4 10 130249023.701
4 11 161444471.577
4 12 441298263.153
4 13 397735669.112
4 14 736579.282
4 15 206944370.147
4 16 1155979.414
4 17 78427379.663
4 18 40511843.605
4 19 123212769.835
4 20 80214119.227
4 21 221605674.775
4 22 55473973.826
5 0 103379227.865
5 1 276698334.448
5 2 34463158.579
5 3 53184437.846
5 4 17769494.725
5 6 72832229.926
5 7 121871571.190
5 8 41902796.131
5 9 307822442.504
5 10 438426471.763
5 11 67290820.579
5 12 532319416.782
5 13 456375778.390
5 14 787470.545
5 15 351831209.445
5 16 3421306.759
5 17 174891578.659
5 18 41330715.340
5 19 55952902.216
5 20 526356153.434
5 21 249513765.726
5 22 61608458.904
6 0 310801189.449
6 1 290742396.523
6 2 30055140.326
6 3 37410628.470
6 4 58755121.139
6 5 58341798.978
6 7 176060408.412
6 8 9803524.355
6 9 295473947.694
6 10 344056101.256
6 11 155296850.288
6 12 527859484.365
6 13 495525568.218
6 14 2352612.175
6 15 316742117.901
6 16 1337578.052
6 17 208499970.836
6 18 35097194.138
6 19 192258406.958
6 20 501012843.080
6 21 83600992.552
6 22 36466013.963
7 0 689654561.935
7 1 1112753146.581
7 2 104823372.431
7 3 199152987.372
7 4 86232799.962
7 5 404618358.440
7 6 84530127.190
7 8 111268038.729
7 9 2448889070.422
7 10 1148253395.129
7 11 1020760682.986
7 12 564081002.920
7 13 1802528090.524
7 14 17661410.602
7 15 2372762284.149
7 16 8920527.166
7 17 1172452493.029
7 18 202239791.432
7 19 1194623944.452
7 20 492324576.891
7 21 1866473660.751
7 22 145003387.902
8 0 141554251.325
8 1 328871507.011
8 2 12888960.589
8 3 59336773.902
8 4 44371465.975
8 5 42116516.425
8 6 49500301.125
8 7 83562401.761
8 9 259880368.276
8 10 342341959.223
8 11 108435218.086
8 12 210552035.061
8 13 418172351.215
8 14 1024535.158
8 15 191783468.614
8 16 2634795.508
8 17 132687255.045
8 18 24020934.725
8 19 30917870.913
8 20 392952933.944
8 21 149614238.217
8 22 48100899.253
9 0 539359609.947
9 1 1117323534.659
9 2 167300646.385
9 3 242286094.791
9 4 82619142.027
9 5 80375605.768
9 6 289600683.968
9 7 1810858484.937
9 8 350836095.962
9 10 980348108.823
9 11 208320479.032
9 12 680596973.646
9 13 1145000517.690
9 14 11818947.824
9 15 3268248139.169
9 16 29169681.043
9 17 750924882.237
9 18 254507993.311
9 19 232143478.449
9 20 965211087.409
9 21 1554202855.259
9 22 68230349.060
10 0 1067639037.001
10 1 458595502.138
10 2 357287330.736
10 3 449788653.685
10 4 203822954.401
10 5 437983429.212
10 6 462261747.282
10 7 1256702395.435
10 8 230046099.008
10 9 2615524156.657
10 11 171668481.458
10 12 2669720788.030
10 13 775224876.194
10 14 12309366.579
10 15 1956964602.173
10 16 26626510.121
10 17 553171423.579
10 18 241165153.804
10 19 1575718172.061
10 20 2159159941.393
10 21 974061507.106
10 22 274342859.284
11 0 698126781.049
11 1 374839486.133
11 2 26740675.935
11 3 168320087.821
11 4 114047595.284
11 5 79547489.964
11 6 89116910.385
11 7 1029483862.796
11 8 151929533.953
11 9 662245586.435
11 10 703222502.347
11 12 1193784698.804
11 13 1232391079.745
11 14 9028860.607
11 15 944583647.987
11 16 10077923.111
11 17 329630122.858
11 18 63950554.440
11 19 73955641.762
11 20 476657585.532
11 21 292064929.885
11 22 33437845.260
12 0 1169144092.937
12 1 1949921015.239
12 2 103459463.888
12 3 398147557.233
12 4 83055180.969
12 5 233131771.428
12 6 498741175.018
12 7 1569763442.788
12 8 157676831.894
12 9 1077804184.435
12 10 1086726157.782
12 11 766029384.733
12 13 554730769.078
12 14 8228419.727
12 15 1806428904.836
12 16 11292632.262
12 17 1004014667.497
12 18 65203506.051
12 19 983359132.271
12 20 2276629087.281
12 21 862485052.961
12 22 491801652.071
13 0 2281697571.650
13 1 291695539.082
13 2 335961527.219
13 3 119188112.478
13 4 79774444.899
13 5 390593103.623
13 6 478371648.542
13 7 1637571547.911
13 8 82781142.959
13 9 1224488886.500
13 10 1504229756.433
13 11 628211908.648
13 12 4438333057.167
13 14 8523569.456
13 15 1081484356.986
13 16 34275789.736
13 17 1446950267.195
13 18 269268234.511
13 19 1340807230.118
13 20 1033039379.141
13 21 2051587725.262
13 22 186828706.536
14 0 25972842.867
14 1 15025094.742
14 2 588467.729
14 3 2762094.339
14 4 1162523.019
14 5 2099908.182
14 6 1525607.900
14 7 9420209.218
14 8 1972251.931
14 9 12208127.788
14 10 12514235.041
14 11 5917333.731
14 12 14290618.380
14 13 9820036.041
14 15 23160829.508
14 16 153746.144
14 17 9605209.583
14 18 2862089.999
14 19 11506122.822
14 20 9364145.135
14 21 12374360.568
14 22 724265.760
15 0 1017381068.280
15 1 287645242.866
15 2 391872707.840
15 3 67246674.101
15 4 404359273.365
15 5 172060455.972
15 6 226359251.209
15 7 2819273692.104
15 8 166553799.964
15 9 1140536419.693
15 10 1683316460.591
15 11 886279990.254
15 12 2664690245.841
15 13 1887550169.433
15 14 31830294.738
15 16 31166363.308
15 17 1403438636.503
15 18 202525116.306
15 19 1367747113.241
15 20 3606589245.848
15 21 832438131.630
15 22 434607236.007
16 0 23687524.046
16 1 9398977.958
16 2 2157763.536
16 3 743934.030
16 4 3329494.866
16 5 3779696.824
16 6 3821075.165
16 7 11301830.736
16 8 1126237.455
16 9 15429329.543
16 10 10129121.789
16 11 11192920.356
16 12 33062747.232
16 13 9901068.271
16 14 281601.781
16 15 13890615.140
16 17 10625067.080
16 18 1423697.496
16 19 3272593.174
16 20 5829898.547
16 21 14440093.970
16 22 2764679.791
17 0 966878939.883
17 1 249266557.772
17 2 179789088.817
17 3 121633793.066
17 4 140261949.939
17 5 87883284.665
17 6 110488340.731
17 7 1010473852.187
17 8 164158369.379
17 9 830581504.867
17 10 643878690.876
17 11 163787008.842
17 12 1035030788.616
17 13 992962826.555
17 14 2986361.950
17 15 976371599.882
17 16 10737267.653
17 18 21570218.284
17 19 212601024.665
17 20 340873176.749
17 21 519237539.602
17 22 186032739.882
18 0 263063868.239
18 1 135892814.853
18 2 9948812.934
18 3 27605964.587
18 4 45813160.616
18 5 35567822.269
18 6 27590700.928
18 7 177266763.942
18 8 32891086.492
18 9 238413349.238
18 10 324864612.697
18 11 109517599.199
18 12 149842390.802
18 13 248550940.875
18 14 1828891.882
18 15 143835251.391
18 16 785288.484
18 17 99268612.723
18 19 56602500.668
18 20 344963122.073
18 21 178611615.439
18 22 12411026.004
19 0 274314762.832
19 1 149860130.902
19 2 168463908.709
19 3 31775866.765
19 4 185630735.382
19 5 129583104.231
19 6 160421804.323
19 7 1060958797.347
19 8 186330976.967
19 9 616864906.248
19 10 1220371989.316
19 11 451049485.731
19 12 1287206532.163
19 13 1219503453.984
19 14 1695996.865
19 15 274418267.372
19 16 8426902.996
19 17 101218554.665
19 18 38998918.593
19 20 1333748561.895
19 21 416965234.333
19 22 216279945.842
20 0 3310418843.591
20 1 1862489378.146
20 2 465225640.464
20 3 477614514.186
20 4 308275726.909
20 5 509679137.895
20 6 290727421.989
20 7 1046427790.037
20 8 451105480.002
20 9 2982467834.014
20 10 3242161074.869
20 11 275078368.949
20 12 4514500924.890
20 13 1968547701.000
20 14 22076216.858
20 15 2061620782.217
20 16 15501851.950
20 17 1256958774.405
20 18 158030816.051
20 19 1060161975.615
20 21 2186923436.508
20 22 122362460.363
21 0 475093183.789
21 1 925307429.670
21 2 76482585.138
21 3 247000134.373
21 4 180734061.957
21 5 89644815.805
21 6 266709230.760
21 7 1483188470.829
21 8 328420043.968
21 9 1993798737.768
21 10 728037483.122
21 11 827746960.672
21 12 719320165.991
21 13 662128831.044
21 14 6784620.988
21 15 2021954933.819
21 16 9559530.191
21 17 991039392.176
21 18 99586315.135
21 19 784002576.728
21 20 681608860.190
21 22 142128957.137
22 0 263110671.408
22 1 179634548.935
22 2 73299249.585
22 3 15111953.115
22 4 63522655.732
22 5 62444332.408
22 6 56768560.047
22 7 401467123.821
22 8 14844650.325
22 9 303801900.543
22 10 323868825.652
22 11 137656257.679
22 12 401841678.617
22 13 299888144.891
22 14 2811269.567
22 15 173659901.492
22 16 1832317.962
22 17 27371801.108
22 18 11734832.557
22 19 63989246.644
22 20 450570125.801
22 21 282243757.192
