506
0 1 418884895.053
0 2 334076311.427
0 3 186001409.306
0 4 255463193.406
0 5 259896135.182
0 6 274285922.791
0 7 943622502.956
0 8 130462314.720
0 9 2243415180.482
0 10 2168083029.517
0 11 584208624.061
0 12 1470097029.381
0 13 493258737.759
0 14 16321031.896
0 15 493328177.310
0 16 3175454.743
0 17 950547709.157
0 18 234942270.136
0 19 480264377.754
0 20 3234653801.424
0 21 1777399292.944
0 22 99246233.320
1 0 516284389.101
1 2 56839811.949
1 3 249053216.519
1 4 193813423.252
1 5 295874847.651
1 6 310369660.320
1 7 1940457707.620
1 8 126693532.539
1 9 1649586107.224
1 10 1506996395.086
1 11 289208102.316
1 12 1156178041.518
1 13 1420852799.362
1 14 20881313.933
1 15 395756611.530
1 16 4929005.483
1 17 484527520.583
1 18 87083714.880
1 19 144794124.610
1 20 1421899665.736
1 21 370071909.431
1 22 222283740.172
2 0 360431510.122
2 1 66235312.544
2 3 17077291.126
2 4 48563989.446
2 5 36173862.518
2 6 15908514.373
2 7 406282216.158
2 8 17996120.030
2 9 210924495.656
2 10 343472831.910
2 11 180632658.557
2 12 94316112.732
2 13 108673829.470
2 14 919131.287
2 15 473558590.558
2 16 3540324.193
2 17 202941303.017
2 18 43143677.820
2 19 193288587.501
2 20 482311374.489
2 21 228336672.235
2 22 21402867.519
3 0 152288073.772
3 1 54455216.125
3 2 63010146.957
3 4 9002459.078
3 5 60244198.573
3 6 73786807.225
3 7 435014091.028
3 8 61250571.792
3 9 238445769.067
3 10 455776117.426
3 11 124975214.077
3 12 520404897.327
3 13 318471180.602
3 14 3892334.655
3 15 160986780.439
3 16 4164361.074
3 17 181081526.878
3 18 46131131.205
3 19 214244219.155
3 20 402428893.617
3 21 185157481.348
3 22 21316653.467
4 0 339447090.791
4 1 270338681.097
4 2 51468420.191
4 3 37252281.604
4 5 53958990.391
4 6 56107324.458
4 7 416088501.123
4 8 28822026.154
4 9 417303940.123
4 10 520238614.654
4 11 82320184.209
4 12 117817285.125
4 13 112774283.709
4 14 2791938.539
4 15 416364549.689
4 16 3777172.313
4 17 41597109.873
4 18 8813635.946
4 19 212294984.804
4 20 391787103.547
4 21 38594040.655
4 22 41511605.392
5 0 353859931.711
5 1 162865996.852
5 2 58401958.505
5 3 30035655.054
5 4 59153578.711
5 6 61032823.887
5 7 227418315.574
5 8 8858918.111
5 9 163449704.045
5 10 389273777.711
5 11 20821842.875
5 12 584331399.647
5 13 299835594.820
5 14 1206345.728
5 15 116049677.112
5 16 4493053.755
5 17 92738591.593
5 18 10760528.923
5 19 196514079.929
5 20 250255605.427
5 21 257725564.972
5 22 14710224.501
6 0 384944126.423
6 1 128078538.722
6 2 73854515.429
6 3 22284071.729
6 4 36052984.724
6 5 58140601.013
6 7 93195158.344
6 8 43126558.202
6 9 437009513.889
6 10 376908906.988
6 11 113421909.722
6 12 256392520.059
6 13 309014392.168
6 14 1778573.433
6 15 264255758.209
6 16 2761221.963
6 17 128449193.861
6 18 40282033.518
6 19 169957670.056
6 20 522203735.401
6 21 60607551.625
6 22 72291240.292
7 0 323992757.787
7 1 1001981745.859
7 2 119951577.875
7 3 386403760.961
7 4 151432013.060
7 5 407596595.941
7 6 243649850.256
7 8 356185135.874
7 9 1634155743.197
7 10 721315471.557
7 11 131570676.950
7 12 2177296964.575
7 13 1856305131.260
7 14 7879355.231
7 15 2446613660.843
7 16 26291701.413
7 17 391193548.475
7 18 154601497.364
7 19 825502711.024
7 20 392317601.527
7 21 1657170263.392
7 22 367066105.531
8 0 274315483.733
8 1 174480600.335
8 2 23247109.748
8 3 56692139.113
8 4 31925766.825
8 5 27695095.909
8 6 24450612.814
8 7 72940916.384
8 9 269364683.747
8 10 278301356.683
8 11 139966305.297
8 12 416983885.817
8 13 365144731.590
8 14 3933764.812
8 15 128804225.681
8 16 1799910.532
8 17 24647458.198
8 18 19672971.644
8 19 107471648.660
8 20 326402214.092
8 21 293873695.122
8 22 27993136.111
9 0 2274575621.071
9 1 595097372.317
9 2 110256094.426
9 3 477928921.072
9 4 54901797.711
9 5 179114813.591
9 6 301603753.390
9 7 1957558220.997
9 8 124395741.810
9 10 907949505.435
9 11 461965923.295
9 12 3494725002.990
9 13 1321628311.179
9 14 25978176.059
9 15 2411102314.884
9 16 22244458.498
9 17 882218430.649
9 18 142601293.710
9 19 1150337814.550
9 20 2693960925.401
9 21 412003264.367
9 22 258516236.786
10 0 1460821389.511
10 1 421839339.682
10 2 71534703.227
10 3 122590829.628
10 4 257335131.347
10 5 354779226.752
10 6 262346196.911
10 7 817010074.254
10 8 201195660.465
10 9 2775681311.937
10 11 1183299349.509
10 12 687100450.590
10 13 2150140030.599
10 14 13235629.261
10 15 1490724002.395
10 16 25015965.702
10 17 1054748988.327
10 18 204877885.426
10 19 1548822515.517
10 20 1337261597.380
10 21 2163498274.413
10 22 157770500.384
11 0 863197075.755
11 1 503366478.619
11 2 170242269.540
11 3 152612251.090
11 4 36236625.350
11 5 182784123.539
11 6 175244199.932
11 7 705197300.272
11 8 180260192.220
11 9 997120801.828
11 10 447604983.425
11 12 199895307.369
11 13 306810093.541
11 14 7602716.549
11 15 717260555.959
11 16 3326282.714
11 17 137881452.694
11 18 93553252.997
11 19 147718220.355
11 20 775227848.615
11 21 458317172.544
11 22 178251667.420
12 0 3619652704.885
12 1 420479682.834
12 2 436249198.180
12 3 518684636.111
12 4 561260829.019
12 5 314558480.315
12 6 563852012.876
12 7 2428469635.035
12 8 182875356.851
12 9 3196008414.722
12 10 4243752429.836
12 11 1059059729.650
12 13 4424381703.861
12 14 37627088.709
12 15 2793419718.565
12 16 14690309.202
12 17 682637586.251
12 18 219735722.259
12 19 1231646302.065
12 20 3415029876.504
12 21 341801131.880
12 22 608757139.297
13 0 729859580.441
13 1 1927407572.103
13 2 533560169.756
13 3 419333031.686
13 4 442853911.603
13 5 368872868.065
13 6 512632731.298
13 7 1083437959.856
13 8 500853712.686
13 9 2000960906.040
13 10 3705767641.155
13 11 915589319.197
13 12 1615910871.023
13 14 24013059.228
13 15 2914308311.909
13 16 19201115.227
13 17 1090769660.288
13 18 95450500.912
13 19 981533141.777
13 20 2551598945.106
13 21 2361021938.843
13 22 229664424.038
14 0 16621105.239
14 1 5639005.137
14 2 3967473.176
14 3 957916.925
14 4 3431973.760
14 5 1523877.720
14 6 2523252.636
14 7 19426862.739
14 8 3213649.270
14 9 28117359.028
14 10 29654843.029
14 11 9209945.521
14 12 22302000.017
14 13 29738256.118
14 15 13629909.108
14 16 263519.362
14 17 12994629.710
14 18 2439704.123
14 19 6690371.583
14 20 14609072.684
14 21 12105858.607
14 22 2484766.444
15 0 2435397373.269
15 1 833699480.934
15 2 210701607.660
15 3 212363700.449
15 4 90269536.832
15 5 465656143.576
15 6 272135590.461
15 7 1836323182.198
15 8 74263353.878
15 9 1194888103.440
15 10 1264177630.476
15 11 229729064.627
15 12 3789856007.715
15 13 2764771474.775
15 14 5984281.148
15 16 21381952.305
15 17 229691765.665
15 18 154630032.976
15 19 529453217.016
15 20 2191819267.326
15 21 636508735.350
15 22 165524709.464
16 0 9433087.220
16 1 3803410.420
16 2 2955558.052
16 3 2169549.629
16 4 4346156.989
16 5 3669873.263
16 6 1681093.976
16 7 23062634.567
16 8 2982797.310
16 9 26973082.539
16 10 21013910.397
16 11 5679350.973
16 12 19313271.224
16 13 26487810.338
16 14 103034.495
16 15 31677680.445
16 17 8669763.660
16 18 1558179.067
16 19 9654575.641
16 20 16101695.284
16 21 6572464.528
16 22 2069861.964
17 0 466159388.086
17 1 742936612.250
17 2 56911900.486
17 3 117787215.238
17 4 180005591.048
17 5 119855667.889
17 6 25994827.105
17 7 798687781.434
17 8 165605039.993
17 9 1050433003.781
17 10 434931584.546
17 11 185082626.834
17 12 1304386113.903
17 13 751015337.710
17 14 2592950.907
17 15 887658976.875
17 16 3680485.088
17 18 25039563.916
17 19 506853260.309
17 20 334118438.466
17 21 857755834.580
17 22 43451482.306
18 0 162831213.425
18 1 56457144.846
18 2 32148292.433
18 3 17723177.345
18 4 26323835.337
18 5 36102244.364
18 6 13360077.001
18 7 203545299.481
18 8 35614562.667
18 9 114223724.727
18 10 65790923.863
18 11 50262226.820
18 12 183087946.040
18 13 83090327.856
18 14 2334577.853
18 15 259393142.342
18 16 1334754.847
18 17 137695509.579
18 19 44952919.063
18 20 112367607.463
18 21 142692530.729
18 22 37019964.757
19 0 205987735.629
19 1 411680474.848
19 2 164635754.907
19 3 30285430.692
19 4 119952814.820
19 5 54846277.661
19 6 123058794.072
19 7 1139634511.577
19 8 30842134.097
19 9 340961008.731
19 10 736363596.961
19 11 259542823.847
19 12 1842072030.584
19 13 1355237168.673
19 14 9113797.473
19 15 378367446.293
19 16 8986058.499
19 17 296691212.731
19 18 20031364.231
19 20 985238569.491
19 21 895240399.085
19 22 195671084.225
20 0 779225196.473
20 1 742350944.168
20 2 239004341.102
20 3 517768531.582
20 4 77980269.144
20 5 494460504.534
20 6 213612308.051
20 7 677432559.750
20 8 126712274.409
20 9 2321606867.676
20 10 2286570406.819
20 11 1174755872.052
20 12 3758559899.780
20 13 3179444756.687
20 14 20007804.793
20 15 1388599850.971
20 16 16606324.738
20 17 1566432510.522
20 18 242106712.381
20 19 759556376.941
20 21 431359286.645
20 22 308590105.743
21 0 1756319256.635
21 1 923573442.396
21 2 172928966.077
21 3 85366846.223
21 4 48333919.050
21 5 268924713.588
21 6 155697929.527
21 7 852293914.600
21 8 163922822.688
21 9 1557166133.867
21 10 407253146.293
21 11 268686095.460
21 12 1073724784.861
21 13 1404330649.726
21 14 16040323.680
21 15 2260012677.553
21 16 19196040.865
21 17 986206736.793
21 18 34246596.744
21 19 975195099.724
21 20 312685021.878
21 22 110905394.308
22 0 329888956.428
22 1 322201706.047
22 2 70778314.917
22 3 9394535.781
22 4 40161944.100
22 5 46917328.640
22 6 11747420.506
22 7 173435167.846
22 8 65914476.154
22 9 234282297.892
22 10 278217844.655
22 11 62771646.203
22 12 137211112.706
22 13 464849776.901
22 14 3635152.993
22 15 487537948.325
22 16 3070565.360
22 17 82566452.878
22 18 31008588.039
22 19 186807359.530
22 20 66591300.915
22 21 137339925.698
