506
0 1 1307849069.838
0 2 258392941.865
0 3 294256702.341
0 4 123863999.852
0 5 383611043.609
0 6 200567467.860
0 7 913622474.980
0 8 72167089.880
0 9 1006002536.132
0 10 528169765.032
0 11 716046555.866
0 12 1583352833.529
0 13 1121507870.567
0 14 23911401.053
0 15 688702983.376
0 16 12572393.149
0 17 246818680.472
0 18 115198554.739
0 19 198430948.873
0 20 1707783215.847
0 21 1985860346.675
0 22 172573795.139
1 0 827802070.643
1 2 342675675.667
1 3 88617656.482
1 4 100176985.644
1 5 280867684.046
1 6 233929777.827
1 7 1146820782.932
1 8 275536535.626
1 9 1166590415.731
1 10 1881341280.066
1 11 154540968.037
1 12 1267763854.322
1 13 1270899706.074
1 14 18342533.017
1 15 1151756047.535
1 16 17634113.572
1 17 807445378.375
1 18 99946306.768
1 19 831389010.190
1 20 1978869102.314
1 21 1042494088.550
1 22 74533099.730
2 0 136550641.262
2 1 197348698.513
2 3 36670288.852
2 4 52719980.845
2 5 47308698.857
2 6 67725782.335
2 7 323635580.270
2 8 44291226.970
2 9 280733128.669
2 10 317915493.614
2 11 178946726.470
2 12 322131424.578
2 13 133339205.724
2 14 2299236.325
2 15 244833414.007
2 16 1896733.505
2 17 61127946.571
2 18 5898448.548
2 19 108091217.393
2 20 474449208.511
2 21 49722782.234
2 22 20648151.451
3 0 145814727.429
3 1 37602708.293
3 2 59297862.733
3 4 60779811.919
3 5 12298474.704
3 6 58958630.226
3 7 253707219.920
3 8 68937905.890
3 9 79244203.574
3 10 133739194.901
3 11 53547323.337
3 12 356338120.312
3 13 285149010.268
3 14 1472045.044
3 15 507440087.868
3 16 2071749.666
3 17 106868632.029
3 18 33470982.305
3 19 205921869.874
3 20 270605511.348
3 21 216885321.229
3 22 71540503.870
4 0 374385846.505
4 1 52390600.649
4 2 31047980.767
4 3 18244638.348
4 5 45259277.765
4 6 13489458.819
4 7 334211526.060
4 8 37727664.919
4 9 444296258.322
4 10 199743027.603
4 11 123726372.450
4 12 416046330.889
4 13 198427744.389
4 14 3566300.669
4 15 63485137.666
4 16 2597210.264
4 17 113626309.973
4 18 29341068.113
4 19 186660213.086
4 20 197826714.368
4 21 97576491.675
4 22 31879727.421
5 0 254737796.225
5 1 165356702.778
5 2 60091223.575
5 3 64579642.661
5 4 44044525.453
5 6 32710129.487
5 7 186780883.378
5 8 51380172.896
5 9 480944546.998
5 10 512448330.763
5 11 53629015.064
5 12 363216369.059
5 13 519058748.973
5 14 1271162.790
5 15 440423381.436
5 16 3892668.074
5 17 61048279.989
5 18 5901873.736
5 19 67106279.383
5 20 381742677.618
5 21 267203153.936
5 22 8904451.470
6 0 165804103.175
6 1 181168666.297
6 2 8797349.558
6 3 68850669.561
6 4 29803889.358
6 5 47468005.235
6 7 80486932.848
6 8 34052700.159
6 9 368750954.803
6 10 428151945.752
6 11 43592711.314
6 12 361802409.484
6 13 473072497.977
6 14 2374750.817
6 15 385091619.584
6 16 826281.965
6 17 40977871.273
6 18 34952520.257
6 19 91777384.299
6 20 297155451.797
6 21 61880916.295
6 22 16932863.665
7 0 2250725829.107
7 1 1037341252.094
7 2 427256650.560
7 3 306711518.085
7 4 438898357.034
7 5 112709689.034
7 6 424480487.940
7 8 414999170.981
7 9 1040220617.974
7 10 2055250499.434
7 11 1042433473.209
7 12 1687070016.843
7 13 2875768950.972
7 14 23595632.129
7 15 1122465583.851
7 16 15657116.218
7 17 943835155.188
7 18 40451603.091
7 19 215225314.356
7 20 2691942651.604
7 21 1623080451.100
7 22 412593464.609
8 0 127657020.218
8 1 46835299.023
8 2 74085440.873
8 3 13900215.219
8 4 44955242.685
8 5 72041175.282
8 6 27648860.928
8 7 253205636.649
8 9 55173073.021
8 10 281279622.001
8 11 89882070.690
8 12 428740110.001
8 13 119674508.676
8 14 3946091.612
8 15 178685286.017
8 16 4612290.943
8 17 97892792.939
8 18 20220746.549
8 19 87097628.984
8 20 533960058.184
8 21 262197638.018
8 22 49756167.525
9 0 1264032345.952
9 1 1914829712.808
9 2 325458062.970
9 3 354927233.592
9 4 330574268.278
9 5 378770667.152
9 6 282275970.574
9 7 1498298281.319
9 8 294910200.530
9 10 3400212413.300
9 11 417326919.827
9 12 2617562939.607
9 13 2638152811.628
9 14 21632368.845
9 15 1166311984.934
9 16 6145928.556
9 17 706877726.720
9 18 89297445.288
9 19 876204722.449
9 20 842263543.720
9 21 1311541998.126
9 22 228712320.966
10 0 557548898.566
10 1 521485955.692
10 2 201120944.238
10 3 138863193.597
10 4 409730124.717
10 5 160262380.140
10 6 167046279.475
10 7 676616702.496
10 8 234743767.787
10 9 1056694932.817
10 11 1005188201.784
10 12 2681976777.495
10 13 3246571161.186
10 14 19227419.582
10 15 2596330869.313
10 16 8937711.860
10 17 841189238.305
10 18 235533531.387
10 19 328673674.476
10 20 2733217416.574
10 21 656476298.824
10 22 233391105.665
11 0 536177855.786
11 1 750861426.746
11 2 180161463.833
11 3 21061555.488
11 4 83322411.117
11 5 32533233.376
11 6 66458875.315
11 7 905500402.621
11 8 105045195.005
11 9 229409786.981
11 10 671777896.432
11 12 1155081415.845
11 13 518294087.272
11 14 5707955.304
11 15 943320414.359
11 16 4951080.046
11 17 476204160.505
11 18 115331318.463
11 19 270759685.647
11 20 699868878.866
11 21 730348744.208
11 22 58412050.041
12 0 1763967048.681
12 1 821014425.383
12 2 592896281.234
12 3 380956151.435
12 4 157270201.492
12 5 204046004.652
12 6 168952674.561
12 7 1980614026.888
12 8 384366420.880
12 9 1755964088.701
12 10 2649783450.290
12 11 854603608.319
12 13 4230101030.105
12 14 36402357.060
12 15 1533982134.637
12 16 26477537.402
12 17 839265171.022
12 18 140252052.450
12 19 811875850.061
12 20 805519486.294
12 21 1435144841.835
12 22 572526286.888
13 0 1264922055.488
13 1 436081457.930
13 2 87843202.356
13 3 408302294.358
13 4 514268695.564
13 5 535234032.145
13 6 291360359.454
13 7 2093707693.483
13 8 334448216.719
13 9 2974145266.532
13 10 2275028855.823
13 11 679872040.782
13 12 1922548259.096
13 14 15791735.106
13 15 1558343474.901
13 16 12466751.536
13 17 419203727.745
13 18 287146138.210
13 19 1448049654.045
13 20 722093358.254
13 21 1135074328.015
13 22 489517278.254
14 0 10343414.966
14 1 6942749.167
14 2 4562099.105
14 3 3697728.556
14 4 2900019.138
14 5 3020192.057
14 6 4345589.825
14 7 17175942.681
14 8 3188983.534
14 9 17115214.139
14 10 28813725.435
14 11 3719742.852
14 12 34109027.174
14 13 29357090.629
14 15 13741884.768
14 16 75843.870
14 17 5104008.832
14 18 926380.102
14 19 5328321.462
14 20 22452594.948
14 21 9183234.258
14 22 4468372.444
15 0 951462613.933
15 1 1415124722.348
15 2 250224249.372
15 3 341439431.365
15 4 105702555.494
15 5 412039644.539
15 6 473948079.585
15 7 3053274066.790
15 8 331732366.193
15 9 3322325165.621
15 10 2832731334.123
15 11 581241492.522
15 12 3316786528.935
15 13 1555302977.768
15 14 4811040.207
15 16 6015956.845
15 17 1456274544.294
15 18 152281465.399
15 19 1541738258.386
15 20 3821998802.307
15 21 1988056301.319
15 22 315817459.989
16 0 7628412.788
16 1 18692164.884
16 2 3213696.244
16 3 1198055.636
16 4 1487728.794
16 5 559007.578
16 6 4401183.481
16 7 17350664.163
16 8 2111903.612
16 9 14532676.806
16 10 19868566.377
16 11 5426596.406
16 12 23596393.842
16 13 12014806.613
16 14 185146.459
16 15 16137160.979
16 17 5412492.216
16 18 2439110.594
16 19 4901005.152
16 20 29995570.486
16 21 13412616.568
16 22 3752041.967
17 0 849880844.022
17 1 305076091.769
17 2 221892263.147
17 3 122049909.865
17 4 61022468.520
17 5 182033056.819
17 6 106664840.384
17 7 1181097788.482
17 8 79483068.717
17 9 853078031.406
17 10 908210830.492
17 11 549067625.046
17 12 1584793387.610
17 13 608209777.797
17 14 10828436.574
17 15 1335926275.865
17 16 7024106.463
17 18 128286087.980
17 19 547928137.977
17 20 1490996617.690
17 21 585711086.022
17 22 115790672.502
18 0 159057503.920
18 1 163367794.761
18 2 27882629.820
18 3 31695935.583
18 4 26301517.254
18 5 17117038.477
18 6 35086560.651
18 7 172653186.887
18 8 25679144.630
18 9 166629627.792
18 10 258775525.419
18 11 99870117.925
18 12 216858068.921
18 13 69475625.337
18 14 1934212.178
18 15 168366225.888
18 16 1577895.626
18 17 92749311.523
18 19 121759679.503
18 20 335528091.259
18 21 37804212.765
18 22 20862825.277
19 0 725394731.967
19 1 203246140.785
19 2 162585654.551
19 3 113128694.940
19 4 143862201.351
19 5 180352242.133
19 6 35239528.378
19 7 363579872.582
19 8 136246143.397
19 9 388587773.498
19 10 1429457411.690
19 11 463827126.922
19 12 1016924265.971
19 13 294289431.855
19 14 9538895.354
19 15 180980140.570
19 16 6659304.374
19 17 233819494.101
19 18 99900162.889
19 20 1221198952.723
19 21 737597639.508
19 22 175322632.282
20 0 1582057722.570
20 1 843044758.073
20 2 233274518.000
20 3 470914287.199
20 4 172370687.470
20 5 66924558.986
20 6 375864605.847
20 7 2300025468.081
20 8 186313458.110
20 9 3278910157.456
20 10 3734917503.263
20 11 515108504.595
20 12 2482004312.301
20 13 1882023774.602
20 14 8156771.042
20 15 3768529099.065
20 16 11633547.231
20 17 1026582546.884
20 18 76679728.478
20 19 1028356868.627
20 21 2122308368.048
20 22 391872928.121
21 0 1231694659.503
21 1 1470363246.665
21 2 129573054.311
21 3 211754614.819
21 4 214562037.565
21 5 122615111.157
21 6 252495359.534
21 7 1606759808.885
21 8 235389312.534
21 9 647419513.206
21 10 2110154347.925
21 11 807968102.864
21 12 809404150.300
21 13 2266702657.885
21 14 10156977.199
21 15 857053565.301
21 16 14639064.869
21 17 411603210.046
21 18 27324250.595
21 19 517209040.240
21 20 285435940.635
21 22 102678091.278
22 0 68011859.904
22 1 177786269.350
22 2 56721880.831
22 3 46187589.410
22 4 51145849.718
22 5 48509084.473
22 6 24890985.679
22 7 319681455.381
22 8 54610527.829
22 9 278340257.430
22 10 497654861.002
22 11 76588251.266
22 12 283050232.608
22 13 351398377.105
22 14 1881881.089
22 15 449264610.024
22 16 4178013.245
22 17 138971338.426
22 18 27917664.332
22 19 79571302.711
22 20 461617279.482
22 21 42948345.628
