506
0 1 432498149.334
0 2 405746005.266
0 3 105996009.066
0 4 64750004.221
0 5 81355515.458
0 6 433694771.059
0 7 1691278981.298
0 8 207218809.736
0 9 1165521272.570
0 10 2526395198.006
0 11 386836156.599
0 12 3212901742.577
0 13 2641449136.112
0 14 15571440.473
0 15 1421521614.825
0 16 6396563.803
0 17 779749614.176
0 18 48340228.472
0 19 1060466555.671
0 20 1355661115.450
0 21 1042569774.902
0 22 341225914.198
1 0 1637927029.898
1 2 167360664.357
1 3 253737410.056
1 4 112412044.223
1 5 265533888.453
1 6 155378160.528
1 7 1025144733.670
1 8 278948350.674
1 9 451308833.015
1 10 518585318.923
1 11 834390652.868
1 12 2371068925.662
1 13 2184257314.425
1 14 14065882.584
1 15 1432627022.037
1 16 12528980.049
1 17 594312509.313
1 18 168879061.153
1 19 756172814.550
1 20 2075350935.294
1 21 762963266.193
1 22 134440582.583
2 0 155204255.305
2 1 203658839.176
2 3 34695288.184
2 4 57350245.525
2 5 13665403.802
2 6 68429389.992
2 7 271011252.336
2 8 66065135.346
2 9 269490484.850
2 10 168398236.486
2 11 80367226.574
2 12 259492816.242
2 13 68893911.967
2 14 3895549.486
2 15 63727782.488
2 16 1770865.236
2 17 49212302.478
2 18 44564606.782
2 19 50170012.880
2 20 494976784.801
2 21 76743239.694
2 22 26822678.986
3 0 160092359.690
3 1 91790732.628
3 2 36538984.368
3 4 41500956.977
3 5 31106347.374
3 6 29664096.332
3 7 362468144.030
3 8 11468305.882
3 9 148468960.357
3 10 347474818.091
3 11 122651095.175
3 12 93314759.404
3 13 251801985.334
3 14 2270919.690
3 15 515711757.749
3 16 1767687.843
3 17 105492843.596
3 18 37212503.796
3 19 131875475.214
3 20 487579206.803
3 21 252666104.197
3 22 37401866.976
4 0 427707211.111
4 1 89850230.656
4 2 47133285.970
4 3 63558506.250
4 5 16577909.251
4 6 71409009.106
4 7 247522584.842
4 8 9726732.926
4 9 81418279.880
4 10 390418209.833
4 11 83424516.867
4 12 359303597.274
4 13 357836797.025
4 14 2001363.002
4 15 301160362.612
4 16 1982683.666
4 17 31383350.373
4 18 22435069.293
4 19 147238556.660
4 20 293710679.751
4 21 116639715.123
4 22 57222519.240
5 0 75141729.064
5 1 130207852.745
5 2 12728778.661
5 3 42828736.737
5 4 62450035.960
5 6 41636763.670
5 7 195692243.028
5 8 23764792.953
5 9 385050381.989
5 10 288289925.036
5 11 57646386.149
5 12 366043596.669
5 13 161328038.301
5 14 3245518.764
5 15 464940376.967
5 16 2261219.404
5 17 58845288.905
5 18 31578226.587
5 19 120035554.194
5 20 220638690.186
5 21 54892527.138
5 22 21865584.806
6 0 64205684.030
6 1 185249164.669
6 2 18047809.208
6 3 68425716.721
6 4 22042880.201
6 5 30174581.070
6 7 385847108.962
6 8 14940095.553
6 9 362840831.113
6 10 444858212.533
6 11 118219639.336
6 12 94642846.869
6 13 70141661.203
6 14 2643089.435
6 15 251363426.931
6 16 2447942.880
6 17 139331002.469
6 18 5296536.131
6 19 160183401.272
6 20 497375572.525
6 21 247509946.451
6 22 30104244.078
7 0 574960989.739
7 1 826866217.690
7 2 177459435.575
7 3 423384644.672
7 4 387649546.803
7 5 106503065.184
7 6 325334449.567
7 8 351706866.373
7 9 1734557667.590
7 10 1310870706.752
7 11 141077137.921
7 12 1695206365.626
7 13 543196695.990
7 14 17900000.365
7 15 896920367.808
7 16 25180392.004
7 17 987471384.625
7 18 232968108.709
7 19 500734903.900
7 20 2176438813.836
7 21 952398578.692
7 22 97830541.855
8 0 245921020.380
8 1 199437268.124
8 2 73972052.004
8 3 44980142.721
8 4 18559415.936
8 5 26052198.810
8 6 50170871.987
8 7 296174654.380
8 9 121154566.689
8 10 315028162.474
8 11 131375162.450
8 12 417074619.609
8 13 154574214.208
8 14 1783183.375
8 15 172076590.272
8 16 3446170.509
8 17 147306698.749
8 18 24908281.980
8 19 45169352.609
8 20 165225512.048
8 21 297740522.874
8 22 23572806.969
9 0 2349683368.188
9 1 1920704458.524
9 2 450332355.180
9 3 67444336.930
9 4 124873301.423
9 5 273730849.347
9 6 299490036.980
9 7 2093030895.700
9 8 360561488.098
9 10 2080179668.068
9 11 789549693.259
9 12 494205982.420
9 13 1529066836.987
9 14 10007067.851
9 15 2314065431.854
9 16 12304627.557
9 17 1126890136.181
9 18 228018579.267
9 19 1299499536.470
9 20 809079337.428
9 21 1196617180.430
9 22 435517790.638
10 0 1786518820.596
10 1 639533965.149
10 2 76249631.568
10 3 60825288.851
10 4 184493358.176
10 5 362868071.502
10 6 454119207.287
10 7 1972173525.637
10 8 289431114.107
10 9 3076334380.850
10 11 279318776.988
10 12 4347396186.009
10 13 1411797381.620
10 14 30695559.476
10 15 1727457498.468
10 16 26446282.039
10 17 1517100238.143
10 18 222581394.791
10 19 1293459953.887
10 20 1230935494.725
10 21 1732231932.385
10 22 384308420.976
11 0 521498739.468
11 1 675667403.017
11 2 104789806.605
11 3 105913485.669
11 4 25109678.071
11 5 171110017.340
11 6 78175083.499
11 7 519065341.168
11 8 40576710.829
11 9 1157967711.057
11 10 560128588.636
11 12 565748311.325
11 13 255872718.925
11 14 5345564.759
11 15 1256651159.627
11 16 7552754.607
11 17 482855309.622
11 18 105736847.912
11 19 234132754.433
11 20 908332188.184
11 21 101890834.554
11 22 100729405.991
12 0 1144189133.592
12 1 2649542587.325
12 2 88307998.743
12 3 562277508.386
12 4 308965015.653
12 5 156691486.866
12 6 316457034.184
12 7 2291492941.451
12 8 118790738.215
12 9 2520186012.863
12 10 2271329685.391
12 11 900120036.069
12 13 1962923982.038
12 14 24254908.729
12 15 905450142.221
12 16 24373329.754
12 17 1410553139.886
12 18 364944499.896
12 19 376275432.679
12 20 3222570468.737
12 21 1965712323.912
12 22 101719947.274
13 0 823596628.880
13 1 1790144062.407
13 2 132910374.118
13 3 273200657.666
13 4 551843637.359
13 5 473572436.786
13 6 286648736.594
13 7 2835259784.617
13 8 167442836.459
13 9 1086154834.851
13 10 3295355563.496
13 11 890159735.444
13 12 1938326867.117
13 14 22763413.216
13 15 2159286247.383
13 16 30594922.008
13 17 1127892637.247
13 18 95000822.796
13 19 1428015595.148
13 20 3843242895.816
13 21 2213558808.175
13 22 377968477.622
14 0 10033306.732
14 1 4763082.148
14 2 1788757.577
14 3 2097485.326
14 4 4261578.842
14 5 3769869.273
14 6 4350060.374
14 7 17602728.756
14 8 4609520.936
14 9 4474361.216
14 10 4697987.028
14 11 5817393.260
14 12 16125249.119
14 13 20363941.600
14 15 18546549.041
14 16 209021.185
14 17 6828085.757
14 18 1901467.899
14 19 4958560.346
14 20 28906541.258
14 21 20750694.222
14 22 4472943.604
15 0 1762076941.373
15 1 606860984.563
15 2 296113564.204
15 3 168264862.064
15 4 94176736.048
15 5 129746733.967
15 6 250440048.632
15 7 2572757001.143
15 8 61063280.895
15 9 1130915759.846
15 10 1685830488.362
15 11 382227029.582
15 12 1899103817.601
15 13 546043663.779
15 14 21613758.335
15 16 18979549.389
15 17 292441448.175
15 18 185735511.103
15 19 1063732961.731
15 20 1783682810.014
15 21 1083369334.537
15 22 148352860.902
16 0 25264839.777
16 1 7158650.769
16 2 1137618.881
16 3 2928173.494
16 4 2844247.235
16 5 1770213.486
16 6 3699746.817
16 7 25801743.844
16 8 869199.885
16 9 28092732.536
16 10 30526505.751
16 11 7574914.219
16 12 20354258.468
16 13 7763866.513
16 14 146973.105
16 15 18676863.906
16 17 9159568.624
16 18 981773.799
16 19 3519297.874
16 20 5804715.263
16 21 10708130.081
16 22 3104401.680
17 0 868248770.794
17 1 349187194.283
17 2 195103817.285
17 3 190007286.601
17 4 31814464.305
17 5 38156543.509
17 6 168713072.507
17 7 614567691.086
17 8 122736464.259
17 9 497200963.787
17 10 1577659911.195
17 11 544750772.509
17 12 1629113284.578
17 13 933523144.608
17 14 4025015.125
17 15 208017587.207
17 16 2795963.450
17 18 19860695.340
17 19 348097244.145
17 20 1538253021.141
17 21 545252284.319
17 22 129384925.921
18 0 179078654.480
18 1 153445776.791
18 2 19201364.345
18 3 9045395.318
18 4 43703561.619
18 5 35632305.935
18 6 13177664.756
18 7 118415320.593
18 8 10388036.333
18 9 268327462.617
18 10 55534459.843
18 11 97380256.746
18 12 123274095.776
18 13 202995226.401
18 14 2912003.671
18 15 191250543.315
18 16 1093104.522
18 17 138691869.319
18 19 121845577.129
18 20 170390944.278
18 21 76005990.851
18 22 32555175.684
19 0 171969141.908
19 1 709381429.095
19 2 182129854.259
19 3 178062315.480
19 4 118782157.995
19 5 76376911.912
19 6 189743938.332
19 7 446896412.334
19 8 66506978.743
19 9 483182283.327
19 10 738143131.652
19 11 306505736.219
19 12 313711466.670
19 13 928313271.714
19 14 12529207.537
19 15 746276362.922
19 16 2463009.340
19 17 562796564.001
19 18 91839656.621
19 20 1496178088.602
19 21 508932818.192
19 22 130079083.925
20 0 2656012722.437
20 1 1071115570.088
20 2 131010644.546
20 3 302610432.492
20 4 317331095.536
20 5 450892199.311
20 6 388624109.310
20 7 1087090300.293
20 8 339275288.059
20 9 1702105677.441
20 10 2787955845.788
20 11 221996990.738
20 12 1052495297.903
20 13 1933473109.513
20 14 15094551.267
20 15 1801859732.006
20 16 34401279.731
20 17 521231119.053
20 18 173807920.851
20 19 487582621.900
20 21 379709347.829
20 22 284902077.841
21 0 317439637.867
21 1 440648559.970
21 2 71430781.874
21 3 284216387.093
21 4 184706630.075
21 5 138387502.133
21 6 247871902.004
21 7 1948905280.940
21 8 109466428.928
21 9 1092863786.479
21 10 1733864354.257
21 11 142041946.063
21 12 1426547922.606
21 13 1523394561.421
21 14 19892967.873
21 15 1370767217.350
21 16 11060631.643
21 17 207662503.073
21 18 62530415.035
21 19 134264928.172
21 20 2310155132.560
21 22 263690879.668
22 0 395649583.746
22 1 54382312.504
22 2 34402689.682
22 3 69605534.932
22 4 64495692.006
22 5 64882078.379
22 6 59804910.802
22 7 196288207.068
22 8 32687675.736
22 9 474391079.448
22 10 214742129.170
22 11 37433403.479
22 12 243157888.503
22 13 96127596.801
22 14 3859771.718
22 15 320780840.396
22 16 2965914.713
22 17 26836537.070
22 18 28309181.131
22 19 180116207.344
22 20 491451101.554
22 21 288026214.840
