506
0 1 294895910.809
0 2 309066440.839
0 3 321562936.116
0 4 78357731.052
0 5 409829988.229
0 6 406779882.143
0 7 403192930.136
0 8 176432115.366
0 9 2219470138.265
0 10 1670195053.121
0 11 198705973.173
0 12 719811371.070
0 13 1296697349.993
0 14 4887649.141
0 15 639373725.259
0 16 23418052.025
0 17 825086161.997
0 18 271054673.249
0 19 1248475187.101
0 20 2688979479.422
0 21 352059216.485
0 22 221098247.363
1 0 1518719532.280
1 2 270910501.340
1 3 79597501.814
1 4 97383854.698
1 5 140714542.113
1 6 97978241.743
1 7 1228422693.114
1 8 87179480.269
1 9 1258702798.750
1 10 1166687777.133
1 11 104789180.753
1 12 1321781258.769
1 13 2301141683.596
1 14 16606839.236
1 15 341309743.101
1 16 15360682.525
1 17 642782770.224
1 18 114264266.583
1 19 915509013.507
1 20 1659371759.007
1 21 943251115.572
1 22 264656788.877
2 0 363196179.348
2 1 60999856.196
2 3 21823580.101
2 4 68393392.898
2 5 14260544.233
2 6 55365585.639
2 7 162202738.407
2 8 69618481.155
2 9 186468339.602
2 10 66286815.235
2 11 161655950.456
2 12 549948351.476
2 13 438595893.579
2 14 2700063.754
2 15 410588905.692
2 16 2218308.849
2 17 158246541.297
2 18 20180279.266
2 19 89092250.228
2 20 187984610.378
2 21 105335475.865
2 22 54621616.808
3 0 176005169.371
3 1 228939955.330
3 2 23430922.508
3 4 45137497.038
3 5 30489958.335
3 6 56828044.965
3 7 283444440.027
3 8 41191910.673
3 9 204160755.673
3 10 485424105.667
3 11 147042317.621
3 12 573038447.750
3 13 288920364.998
3 14 984328.849
3 15 262563339.291
3 16 730745.806
3 17 117243015.013
3 18 40152670.549
3 19 199689444.856
3 20 512638570.226
3 21 314332468.582
3 22 57443098.319
4 0 146479629.123
4 1 310912195.337
4 2 33427094.760
4 3 69616158.935
4 5 71527642.802
4 6 53090560.511
4 7 322515655.877
4 8 55178499.076
4 9 280512818.866
4 10 87062207.923
4 11 56674218.200
4 12 369113817.282
4 13 152892591.865
4 14 3132041.995
4 15 263232996.870
4 16 2891449.603
4 17 162861674.804
4 18 6314973.610
4 19 136997953.860
4 20 398572315.325
4 21 171163983.324
4 22 11000317.176
5 0 441747053.588
5 1 260370730.262
5 2 20875991.560
5 3 64163400.180
5 4 67723821.033
5 6 35895804.087
5 7 180065750.889
5 8 55196689.667
5 9 117852620.855
5 10 165730656.488
5 11 131062954.917
5 12 325790097.716
5 13 119461931.291
5 14 1620042.972
5 15 186016379.944
5 16 1694521.425
5 17 163804300.240
5 18 24929393.027
5 19 85167391.168
5 20 343879584.034
5 21 235866625.454
5 22 24448560.160
6 0 425752130.730
6 1 175385192.740
6 2 30374025.044
6 3 28182094.069
6 4 25199121.699
6 5 49472828.565
6 7 185596959.395
6 8 57818910.875
6 9 270057567.237
6 10 244974419.384
6 11 114571759.908
6 12 376565860.802
6 13 220590022.018
6 14 777808.401
6 15 371060325.136
6 16 2207260.100
6 17 140141999.660
6 18 12730156.676
6 19 203518223.804
6 20 378575498.402
6 21 194765289.594
6 22 21576603.259
7 0 2616189540.349
7 1 896860408.573
7 2 71085193.668
7 3 421437525.478
7 4 119704846.903
7 5 238307124.794
7 6 167993906.859
7 8 72463259.693
7 9 1765078155.969
7 10 1009591826.977
7 11 197672563.572
7 12 722363148.981
7 13 1423752403.954
7 14 14036013.117
7 15 390008412.900
7 16 15520803.717
7 17 1298363184.958
7 18 108500185.820
7 19 1034372882.029
7 20 2212572848.263
7 21 1339176246.021
7 22 279508119.474
8 0 159871301.270
8 1 140868696.252
8 2 19824687.340
8 3 23057646.061
8 4 58525214.513
8 5 10139752.764
8 6 53081011.257
8 7 320424204.028
8 9 101171705.238
8 10 387735812.077
8 11 148439031.783
8 12 355951366.621
8 13 211221713.172
8 14 2941982.547
8 15 486456292.901
8 16 4180089.503
8 17 88782105.205
8 18 15626136.547
8 19 43391876.474
8 20 191609171.136
8 21 319395351.771
8 22 11763149.568
9 0 2772298861.455
9 1 367366446.983
9 2 349724771.300
9 3 224785694.648
9 4 157621898.258
9 5 185475164.069
9 6 361125557.874
9 7 810464517.304
9 8 112356768.338
9 10 1097321737.389
9 11 977268813.541
9 12 2262059751.610
9 13 896663895.413
9 14 29040080.311
9 15 1475743636.621
9 16 28938489.494
9 17 1018833711.372
9 18 98502105.946
9 19 230609905.385
9 20 2821740059.029
9 21 1632689991.225
9 22 278204802.064
10 0 1806170153.941
10 1 1712846598.820
10 2 140522749.910
10 3 330043628.836
10 4 91306941.642
10 5 160033615.843
10 6 74969169.375
10 7 2152680195.728
10 8 240768984.754
10 9 2086583574.374
10 11 179249207.534
10 12 1963900358.432
10 13 1767949166.460
10 14 12812710.971
10 15 2992309988.126
10 16 23961948.073
10 17 1387170185.580
10 18 154929643.672
10 19 589119850.918
10 20 1836455144.822
10 21 766626812.170
10 22 168823125.000
11 0 284043588.429
11 1 572402312.286
11 2 153230996.918
11 3 158764032.314
11 4 91990693.774
11 5 183707915.711
11 6 148853987.550
11 7 148252363.240
11 8 93090275.696
11 9 475131797.567
11 10 154526288.450
11 12 411085126.071
11 13 1367559539.712
11 14 4935719.694
11 15 558200970.968
11 16 9685371.923
11 17 444399639.393
11 18 83853729.237
11 19 173064990.153
11 20 681897072.006
11 21 146214750.499
11 22 96545189.139
12 0 701422831.686
12 1 958271337.135
12 2 332686677.038
12 3 246025852.995
12 4 161051403.093
12 5 449719900.099
12 6 271669570.705
12 7 3745482394.702
12 8 193294283.295
12 9 688557139.585
12 10 4450854372.959
12 11 456074114.315
12 13 3704570791.612
12 14 23840943.686
12 15 945900114.676
12 16 33791663.402
12 17 1372333487.378
12 18 184640173.776
12 19 1888938086.993
12 20 2852493586.154
12 21 1302578118.484
12 22 361468864.646
13 0 2714727893.903
13 1 1716418034.930
13 2 368515902.427
13 3 327747264.824
13 4 427037230.901
13 5 212107785.657
13 6 253650210.336
13 7 2625830903.875
13 8 164531460.238
13 9 3219836893.222
13 10 628762273.832
13 11 342420633.685
13 12 3955849807.284
13 14 33213604.769
13 15 2868856784.130
13 16 24915030.900
13 17 937697543.332
13 18 54298395.762
13 19 941061081.991
13 20 522075101.209
13 21 1304079485.389
13 22 276194635.439
14 0 8960293.875
14 1 3741196.967
14 2 2746435.368
14 3 3960704.062
14 4 3505320.887
14 5 3110267.678
14 6 1607889.303
14 7 19062927.243
14 8 4259306.600
14 9 27367389.746
14 10 30765569.204
14 11 7497340.514
14 12 31548485.079
14 13 14339050.814
14 15 15770116.335
14 16 164767.935
14 17 9463275.369
14 18 2102494.416
14 19 6707152.687
14 20 4557696.577
14 21 4092022.653
14 22 1385313.952
15 0 2411447081.020
15 1 414129972.857
15 2 345130860.554
15 3 317285154.526
15 4 383568380.545
15 5 475358374.995
15 6 396056063.410
15 7 2470306722.642
15 8 391886251.243
15 9 399181012.708
15 10 3327548612.723
15 11 1185051999.667
15 12 1855172281.004
15 13 3363794689.029
15 14 25118245.423
15 16 19171531.185
15 17 274720864.582
15 18 85463750.530
15 19 990933396.629
15 20 913916794.036
15 21 750602303.509
15 22 442574537.539
16 0 22488890.299
16 1 2596040.536
16 2 1247626.899
16 3 3789254.126
16 4 3108909.776
16 5 676185.335
16 6 3609790.505
16 7 16978640.242
16 8 2697586.831
16 9 20251887.650
16 10 8332234.431
16 11 5072374.671
16 12 31796092.064
16 13 4993966.390
16 14 151480.547
16 15 13209970.362
16 17 9161818.741
16 18 2740675.060
16 19 1737575.204
16 20 21527628.538
16 21 8083337.062
16 22 781514.484
17 0 652067381.532
17 1 763074947.057
17 2 75021759.069
17 3 195616480.298
17 4 153530463.415
17 5 29195431.728
17 6 176652732.476
17 7 275456185.205
17 8 84421818.018
17 9 1034070460.621
17 10 631237456.020
17 11 489114531.742
17 12 1448027087.138
17 13 308391619.219
17 14 5086780.056
17 15 917269812.359
17 16 2229533.536
17 18 105775456.300
17 19 504292482.161
17 20 935128878.731
17 21 123173608.833
17 22 185315963.992
18 0 64342336.758
18 1 93524063.781
18 2 12651139.292
18 3 19477473.375
18 4 29155573.249
18 5 28348264.426
18 6 32143870.957
18 7 113191131.184
18 8 22249331.137
18 9 284592095.380
18 10 218338486.078
18 11 116766945.361
18 12 195678242.029
18 13 166951813.171
18 14 2662753.405
18 15 256100985.102
18 16 983099.742
18 17 20199594.254
18 19 27676118.023
18 20 299281334.434
18 21 132108941.559
18 22 38606664.090
19 0 1020281135.041
19 1 612115268.025
19 2 130975828.371
19 3 214917214.162
19 4 73063128.591
19 5 205315176.396
19 6 181302265.008
19 7 331744660.790
19 8 101190112.325
19 9 1275455196.000
19 10 1526087139.973
19 11 342122149.362
19 12 873392312.115
19 13 1097990834.249
19 14 6337123.768
19 15 230832755.527
19 16 2934871.814
19 17 104913684.930
19 18 91093362.199
19 20 1655160513.708
19 21 839762749.653
19 22 109101527.889
20 0 2123007651.594
20 1 1659292219.630
20 2 94505577.363
20 3 169714917.710
20 4 242567602.531
20 5 462917941.185
20 6 481303589.092
20 7 943854662.336
20 8 130315441.208
20 9 1660937061.566
20 10 3157650672.054
20 11 972841430.241
20 12 876137072.791
20 13 828187886.873
20 14 28832409.207
20 15 612908107.406
20 16 20230728.272
20 17 1061616035.943
20 18 238791225.864
20 19 1083236411.880
20 21 1330218806.326
20 22 505930063.109
21 0 1168589280.955
21 1 1207358671.586
21 2 38501529.933
21 3 221922894.371
21 4 227752891.161
21 5 249465033.115
21 6 182336641.514
21 7 1150652895.531
21 8 246070010.194
21 9 1769186234.174
21 10 2354389250.977
21 11 425646944.902
21 12 1080338131.377
21 13 1824767668.410
21 14 7387848.479
21 15 842601434.970
21 16 17927002.523
21 17 847859277.176
21 18 42924703.664
21 19 678562782.292
21 20 2062723872.006
21 22 205228324.498
22 0 172667298.593
22 1 325108496.289
22 2 56869190.883
22 3 14544872.061
22 4 45470642.713
22 5 22445371.406
22 6 12711337.523
22 7 290129140.265
22 8 45318812.027
22 9 273668996.160
22 10 272279590.630
22 11 37881419.795
22 12 134239997.218
22 13 390796368.245
22 14 1355465.360
22 15 122451587.789
22 16 1644424.218
22 17 179734603.387
22 18 13477199.299
22 19 185688779.166
22 20 521561763.925
22 21 76311775.631
