506
0 1 1995544418.362
0 2 333628722.050
0 3 279408547.444
0 4 303060259.944
0 5 140011671.917
0 6 299781374.482
0 7 534019210.950
0 8 89986988.380
0 9 2632005052.406
0 10 2401034847.177
0 11 611595023.270
0 12 1628445252.756
0 13 2805576759.270
0 14 14574366.480
0 15 2174891311.594
0 16 22734121.760
0 17 813251246.934
0 18 72431451.613
0 19 941493481.778
0 20 1952493060.650
0 21 1982443561.505
0 22 159056741.952
1 0 1451528563.048
1 2 333292923.853
1 3 191637335.027
1 4 291824839.938
1 5 172260176.698
1 6 255665391.738
1 7 1715009047.796
1 8 289309962.572
1 9 2040260486.351
1 10 709394908.808
1 11 540812367.309
1 12 1646799718.141
1 13 1718518514.605
1 14 8436889.489
1 15 1519443644.739
1 16 13374478.576
1 17 789954244.063
1 18 123855910.607
1 19 480528489.652
1 20 958316106.426
1 21 793850531.341
1 22 179478270.716
2 0 291093772.326
2 1 198679969.382
2 3 61406451.153
2 4 64121003.023
2 5 42942651.631
2 6 72181164.636
2 7 69088875.427
2 8 75981252.849
2 9 431159372.751
2 10 337137267.201
2 11 165363296.044
2 12 398668151.026
2 13 236718172.856
2 14 4710641.524
2 15 460202384.216
2 16 2802150.572
2 17 70826797.961
2 18 20611155.598
2 19 178447366.979
2 20 92097103.083
2 21 262495575.753
2 22 18203812.316
3 0 59467590.114
3 1 94443259.944
3 2 37023501.147
3 4 56381155.216
3 5 70018310.725
3 6 39990110.369
3 7 174979561.536
3 8 62410481.353
3 9 56964516.950
3 10 310549988.671
3 11 72843340.417
3 12 413171333.922
3 13 272686967.514
3 14 3359066.915
3 15 478660823.865
3 16 2293184.748
3 17 207812996.169
3 18 37028837.540
3 19 34239321.053
3 20 389890881.629
3 21 223723252.795
3 22 33535485.534
4 0 293449400.243
4 1 236868279.720
4 2 43872055.681
4 3 24120476.606
4 5 25796957.240
4 6 25450311.102
4 7 409879974.649
4 8 9995770.676
4 9 448909526.165
4 10 328862837.250
4 11 134631597.972
4 12 264060801.067
4 13 473624030.261
4 14 2646899.906
4 15 403953500.637
4 16 1939155.528
4 17 116499600.232
4 18 5843612.072
4 19 163703312.568
4 20 543053445.634
4 21 43039943.806
4 22 32258678.137
5 0 355790459.924
5 1 133730234.612
5 2 67934400.739
5 3 29508006.122
5 4 10485179.724
5 6 55067801.696
5 7 318519749.629
5 8 53045059.900
5 9 222023891.995
5 10 185916589.368
5 11 161274691.929
5 12 240118402.760
5 13 159300176.433
5 14 2724622.164
5 15 439772349.365
5 16 2396974.110
5 17 118335859.092
5 18 28954874.536
5 19 91129887.621
5 20 283089411.638
5 21 160835981.841
5 22 52177583.450
6 0 421182604.342
6 1 168084723.798
6 2 11569691.267
6 3 65517003.163
6 4 24202952.847
6 5 62977123.125
6 7 290702234.766
6 8 36268956.564
6 9 354232776.699
6 10 214264483.144
6 11 162521925.621
6 12 529856363.786
6 13 342350926.141
6 14 2805340.474
6 15 398798255.034
6 16 3292803.994
6 17 85832843.281
6 18 6442230.355
6 19 131546870.321
6 20 420285007.086
6 21 264417339.620
6 22 19218766.679
7 0 1225686916.953
7 1 1587323392.981
7 2 135315327.434
7 3 424038888.741
7 4 231702501.943
7 5 211636006.275
7 6 109659481.088
7 8 397572949.466
7 9 2613838036.065
7 10 1482736989.813
7 11 495633300.224
7 12 3245008560.368
7 13 1103261332.490
7 14 22896349.505
7 15 759445970.244
7 16 22519192.241
7 17 171195900.785
7 18 141099032.837
7 19 561656372.197
7 20 2102147372.918
7 21 978747692.570
7 22 217665460.765
8 0 329590806.099
8 1 239430986.181
8 2 19395510.645
8 3 69475037.259
8 4 8980355.165
8 5 16376605.236
8 6 55592906.437
8 7 287922885.968
8 9 396099202.518
8 10 304599880.186
8 11 47737436.086
8 12 200428236.697
8 13 379659658.480
8 14 4577819.330
8 15 240310651.356
8 16 2275004.153
8 17 77713629.316
8 18 24962103.575
8 19 178034905.923
8 20 225425717.531
8 21 68851080.286
8 22 63090202.726
9 0 2826650816.713
9 1 1126944724.575
9 2 324619785.725
9 3 104452955.430
9 4 215026719.738
9 5 450824268.768
9 6 93075589.914
9 7 442424342.357
9 8 210048076.214
9 10 2722730901.760
9 11 901400704.769
9 12 1164536111.560
9 13 1769379475.591
9 14 26400048.494
9 15 2350321431.855
9 16 21273624.012
9 17 1305003380.868
9 18 44654941.815
9 19 1330044637.977
9 20 1482045952.243
9 21 1047710266.612
9 22 116148457.544
10 0 1627421590.027
10 1 1797168013.244
10 2 172559212.415
10 3 227233841.674
10 4 315464781.821
10 5 332336346.031
10 6 185705803.685
10 7 1842632743.431
10 8 192584855.252
10 9 2153121723.714
10 11 285688675.199
10 12 661208197.261
10 13 1666178054.964
10 14 7891455.046
10 15 2907549849.548
10 16 10017483.685
10 17 1250349658.244
10 18 196954179.344
10 19 949121746.740
10 20 911277279.414
10 21 875865789.808
10 22 375217415.883
11 0 927482323.672
11 1 755688044.511
11 2 163696880.459
11 3 111420585.520
11 4 64042667.680
11 5 97764518.204
11 6 105360800.739
11 7 523710599.640
11 8 118845580.539
11 9 960081280.107
11 10 1226439131.500
11 12 283740969.411
11 13 502564176.408
11 14 6535645.705
11 15 1007599216.505
11 16 10246075.371
11 17 353176882.500
11 18 89599383.058
11 19 500530909.925
11 20 417416613.510
11 21 352998487.218
11 22 94745024.808
12 0 2494131779.301
12 1 1012350588.105
12 2 377051898.949
12 3 608666502.921
12 4 342933919.869
12 5 383806274.020
12 6 498392637.404
12 7 1234663288.134
12 8 541558031.963
12 9 2499494121.154
12 10 3728502658.766
12 11 881307309.929
12 13 1049601188.608
12 14 38321749.124
12 15 1370655769.790
12 16 9268209.180
12 17 233182926.503
12 18 259767024.727
12 19 1420347621.996
12 20 2489929691.156
12 21 1980249906.798
12 22 532192121.167
13 0 2178714773.445
13 1 1176777291.614
13 2 299064468.437
13 3 458013852.410
13 4 509875631.776
13 5 237741026.737
13 6 501989207.468
13 7 1033468572.530
13 8 293404851.465
13 9 3430340384.315
13 10 988500318.086
13 11 379112227.476
13 12 2943659870.880
13 14 32946412.194
13 15 2050475330.407
13 16 16058371.368
13 17 695548066.177
13 18 71425885.325
13 19 511494821.688
13 20 2719397369.996
13 21 2361150249.500
13 22 442807434.982
14 0 12165084.510
14 1 19430480.162
14 2 4097485.903
14 3 1801986.492
14 4 4346874.647
14 5 3139777.207
14 6 2672073.430
14 7 22367190.984
14 8 4029989.613
14 9 3422797.082
14 10 4141862.891
14 11 8887997.018
14 12 17234314.570
14 13 15599574.128
14 15 15916005.600
14 16 63739.127
14 17 3553918.291
14 18 1682369.943
14 19 13252827.672
14 20 4155212.152
14 21 18798088.816
14 22 3709666.412
15 0 426568235.886
15 1 1425603827.414
15 2 199702550.380
15 3 429685923.866
15 4 396321030.072
15 5 346636172.941
15 6 157466142.792
15 7 1024906509.167
15 8 502499007.936
15 9 565094896.489
15 10 1821621376.401
15 11 982575613.722
15 12 683187636.059
15 13 1109790637.927
15 14 9764565.616
15 16 5016266.052
15 17 951116793.122
15 18 278124628.766
15 19 281665483.284
15 20 2056843479.855
15 21 1554003172.760
15 22 197211049.071
16 0 12683798.455
16 1 14673346.160
16 2 2086844.547
16 3 2922155.444
16 4 2964996.680
16 5 2192995.834
16 6 2299107.782
16 7 8602259.131
16 8 804331.497
16 9 9019193.188
16 10 6252743.535
16 11 4974343.709
16 12 6858796.815
16 13 11313832.665
16 14 150616.419
16 15 27634173.655
16 17 4482017.955
16 18 2066640.430
16 19 5254815.688
16 20 14376553.080
16 21 7804982.619
16 22 2841355.289
17 0 601270131.909
17 1 380302889.654
17 2 59849312.236
17 3 86447301.518
17 4 113437104.891
17 5 217393937.626
17 6 122191168.939
17 7 258662374.569
17 8 187033967.501
17 9 1275375655.648
17 10 1383629423.471
17 11 281960549.969
17 12 513128014.878
17 13 647646921.908
17 14 3677185.621
17 15 1418189974.370
17 16 5666110.118
17 18 55746133.676
17 19 115286731.050
17 20 279866316.384
17 21 423759379.420
17 22 117431680.836
18 0 31478296.235
18 1 182265733.324
18 2 14674941.038
18 3 32075145.676
18 4 20358115.165
18 5 16441642.959
18 6 21287262.640
18 7 228958137.113
18 8 36864558.025
18 9 182824281.173
18 10 57129316.191
18 11 106403606.280
18 12 266376037.174
18 13 62238725.265
18 14 2566474.829
18 15 296502674.988
18 16 2496046.879
18 17 118013116.112
18 19 38194225.687
18 20 348169564.138
18 21 208765335.687
18 22 40294146.452
19 0 1065805585.598
19 1 923584194.528
19 2 176208213.058
19 3 215862114.589
19 4 33805951.984
19 5 116931902.305
19 6 107309530.773
19 7 205694107.029
19 8 57596047.145
19 9 725142401.796
19 10 1161872303.949
19 11 267479546.083
19 12 726446024.115
19 13 985078997.289
19 14 4200086.311
19 15 213498448.345
19 16 2034293.609
19 17 486193481.048
19 18 91377082.997
19 20 1104775068.111
19 21 746488681.292
19 22 88701880.802
20 0 1416279411.486
20 1 2349475371.841
20 2 164292878.984
20 3 267152632.833
20 4 366042852.601
20 5 218677914.991
20 6 286389921.548
20 7 2555170228.439
20 8 311159887.642
20 9 2220610727.088
20 10 2232901946.862
20 11 776707390.340
20 12 2015220904.445
20 13 3196768045.147
20 14 34483476.030
20 15 555812537.421
20 16 18884193.504
20 17 1490838070.508
20 18 232550115.787
20 19 284180312.564
20 21 1361751664.517
20 22 258528299.940
21 0 1422234065.645
21 1 503628864.150
21 2 154127602.088
21 3 131926514.465
21 4 102858503.902
21 5 208182804.221
21 6 148610437.916
21 7 796642958.488
21 8 178290859.059
21 9 852575646.339
21 10 1654435582.429
21 11 495726898.665
21 12 2719537866.287
21 13 2041307258.768
21 14 9068803.800
21 15 307789957.204
21 16 12785374.082
21 17 657060992.129
21 18 155006009.566
21 19 533314139.754
21 20 2463606418.271
21 22 206209641.675
22 0 221069690.853
22 1 230638346.272
22 2 44137359.995
22 3 25326387.845
22 4 51833592.473
22 5 37102265.882
22 6 37874146.827
22 7 54615562.293
22 8 43172896.696
22 9 164805075.081
22 10 439242097.206
22 11 181822718.783
22 12 92220980.836
22 13 94696186.724
22 14 2286996.197
22 15 325095878.846
22 16 3826155.154
22 17 173189011.749
22 18 7475257.238
22 19 82817147.459
22 20 294730931.580
22 21 252163211.415
