506
0 1 968401067.966
0 2 227796715.086
0 3 423778071.976
0 4 346880598.250
0 5 127275160.514
0 6 162797810.634
0 7 1015228994.945
0 8 233685743.816
0 9 1372371574.693
0 10 3118929638.917
0 11 188304150.064
0 12 2181424161.274
0 13 2392862322.593
0 14 4264894.675
0 15 838156349.545
0 16 3978539.703
0 17 458459113.206
0 18 253784090.665
0 19 622032996.945
0 20 2643623544.908
0 21 538459748.379
0 22 52971042.160
1 0 1189593070.945
1 2 92586824.714
1 3 94943324.826
1 4 227961327.459
1 5 83810895.997
1 6 292915400.124
1 7 1749409146.636
1 8 65905976.335
1 9 1300018630.506
1 10 1288376368.309
1 11 460228329.440
1 12 1281335421.374
1 13 1793127855.698
1 14 11096408.420
1 15 407290082.225
1 16 10865529.336
1 17 751288964.311
1 18 103047111.229
1 19 329770620.528
1 20 959193625.064
1 21 280300197.797
1 22 196667130.381
2 0 204796635.344
2 1 195036503.321
2 3 17521848.232
2 4 41948586.346
2 5 62388924.947
2 6 58179346.458
2 7 413771514.522
2 8 70453966.689
2 9 130497792.078
2 10 528129041.820
2 11 101822327.542
2 12 127422442.177
2 13 279090887.850
2 14 2181468.375
2 15 334561469.804
2 16 3780654.461
2 17 114877561.007
2 18 15018994.408
2 19 183404693.637
2 20 515449854.534
2 21 77255536.767
2 22 55874722.945
3 0 151731001.995
3 1 121269134.782
3 2 34213160.871
3 4 12119520.311
3 5 43393667.583
3 6 52758661.272
3 7 90342861.928
3 8 49148506.330
3 9 97710067.554
3 10 145476040.854
3 11 145041093.781
3 12 615328693.288
3 13 450300326.110
3 14 2343776.194
3 15 355689457.387
3 16 1043788.430
3 17 218047874.771
3 18 18931347.821
3 19 205183037.327
3 20 239998410.817
3 21 55446052.925
3 22 32184785.052
4 0 221989222.772
4 1 81140574.404
4 2 52057600.202
4 3 31145918.046
4 5 34657062.182
4 6 19739398.381
4 7 198153274.306
4 8 15094845.251
4 9 473427401.890
4 10 433697163.518
4 11 127286747.170
4 12 472857521.253
4 13 485633414.235
4 14 2869724.744
4 15 99152841.663
4 16 1561637.479
4 17 48394900.740
4 18 10958375.796
4 19 26941154.986
4 20 338403887.042
4 21 245965112.787
4 22 58702127.993
5 0 264951796.289
5 1 302521770.201
5 2 36578520.086
5 3 24465735.353
5 4 8970732.790
5 6 10056841.113
5 7 93906841.807
5 8 50231530.322
5 9 379132542.007
5 10 105625144.708
5 11 75831166.020
5 12 235191023.377
5 13 499314749.262
5 14 1195563.011
5 15 196780264.739
5 16 1247652.504
5 17 73731159.159
5 18 36791191.917
5 19 216596398.693
5 20 327659172.806
5 21 240944047.077
5 22 37265796.259
6 0 184689490.489
6 1 316038647.530
6 2 37290598.939
6 3 71212855.928
6 4 24072358.508
6 5 22425939.631
6 7 167172674.904
6 8 51619182.396
6 9 84422930.122
6 10 491078848.284
6 11 21704915.781
6 12 557217920.911
6 13 76392762.666
6 14 3293381.104
6 15 383228994.687
6 16 2212600.575
6 17 167207628.326
6 18 43943984.793
6 19 188880732.669
6 20 425406998.294
6 21 218230587.708
6 22 46750411.055
7 0 923765537.778
7 1 528729001.589
7 2 217609138.137
7 3 145511685.678
7 4 381736302.580
7 5 352304185.629
7 6 71257891.134
7 8 98148270.676
7 9 2401636880.901
7 10 2084138948.040
7 11 184413086.651
7 12 2755529646.910
7 13 3038620338.372
7 14 25427034.763
7 15 1868331969.778
7 16 24071592.325
7 17 308746238.599
7 18 155074435.905
7 19 1181097497.490
7 20 1133330298.236
7 21 462465289.695
7 22 221351307.815
8 0 72864812.010
8 1 97892085.877
8 2 22203021.790
8 3 31726869.680
8 4 23948070.020
8 5 51109593.069
8 6 25971099.587
8 7 336878615.442
8 9 431297139.501
8 10 291014062.439
8 11 67180095.705
8 12 557857818.926
8 13 184626783.106
8 14 4193692.362
8 15 99119161.344
8 16 1009546.869
8 17 137001152.637
8 18 9899177.511
8 19 99748530.951
8 20 322946760.492
8 21 85956142.032
8 22 60679477.480
9 0 1359365657.223
9 1 1637745511.977
9 2 465768229.726
9 3 303509009.993
9 4 320543079.576
9 5 60010063.378
9 6 476521016.446
9 7 1905860842.206
9 8 97529530.261
9 10 501680853.615
9 11 1021133456.046
9 12 1843186443.933
9 13 1606684696.807
9 14 18636645.113
9 15 1611689048.095
9 16 24188371.506
9 17 1181464468.939
9 18 62283728.650
9 19 1349516668.049
9 20 1844641346.495
9 21 2102615079.744
9 22 457060242.260
10 0 1414905848.359
10 1 1904524786.650
10 2 187125404.699
10 3 417019371.762
10 4 68891094.131
10 5 347376126.537
10 6 479503908.554
10 7 1288795713.392
10 8 490787864.523
10 9 729142802.802
10 11 1095296256.110
10 12 838418578.259
10 13 871438514.258
10 14 9344968.954
10 15 1054035601.598
10 16 20934646.009
10 17 321983155.010
10 18 136119757.588
10 19 1536316163.542
10 20 1963277662.565
10 21 1366736187.249
10 22 451377992.258
11 0 1063598713.379
11 1 516164848.055
11 2 48254377.662
11 3 57561875.873
11 4 157756520.225
11 5 62438945.154
11 6 120013601.974
11 7 278179775.866
11 8 158036800.081
11 9 304903664.190
11 10 796774182.921
11 12 1166657505.477
11 13 1265756266.234
11 14 7996185.024
11 15 816698772.041
11 16 6479161.542
11 17 151248721.503
11 18 44573625.233
11 19 436784755.917
11 20 818731831.464
11 21 110372525.618
11 22 115492357.358
12 0 728751531.400
12 1 923489130.558
12 2 494118941.932
12 3 200093937.847
12 4 139264869.950
12 5 132829341.540
12 6 297311347.408
12 7 1677945423.365
12 8 605594790.202
12 9 3316853413.612
12 10 4343924890.658
12 11 1140808420.058
12 13 2933428923.332
12 14 29713071.098
12 15 1844620050.640
12 16 26767136.808
12 17 701319637.628
12 18 143826578.655
12 19 1792018447.118
12 20 4531873125.387
12 21 1482973628.680
12 22 470531740.469
13 0 2046407187.007
13 1 1389707634.445
13 2 470821954.490
13 3 359662324.052
13 4 261632123.607
13 5 536809458.585
13 6 163251654.907
13 7 2580451269.240
13 8 376423981.583
13 9 1942589241.565
13 10 654899910.126
13 11 1244991551.554
13 12 3719974823.754
13 14 15448376.083
13 15 445232763.819
13 16 13611778.271
13 17 399987684.477
13 18 53084670.307
13 19 1343671165.483
13 20 1677421784.499
13 21 1124766742.125
13 22 90230498.965
14 0 26654666.786
14 1 9597954.503
14 2 2625413.010
14 3 1380984.182
14 4 3426862.621
14 5 542450.952
14 6 3286782.997
14 7 24915108.844
14 8 4065737.298
14 9 25268788.316
14 10 6664599.692
14 11 10568430.850
14 12 18302588.257
14 13 22468587.818
14 15 27118946.110
14 16 67255.411
14 17 2389943.286
14 18 2793758.986
14 19 1887444.518
14 20 28197629.974
14 21 6802150.076
14 22 1321936.028
15 0 1797169781.664
15 1 758416886.342
15 2 201338218.857
15 3 270835696.965
15 4 409634748.468
15 5 84160935.178
15 6 178856315.474
15 7 1603106115.436
15 8 205087280.812
15 9 2773882397.586
15 10 2993382302.025
15 11 444745842.506
15 12 794752528.801
15 13 1561569373.601
15 14 21742155.961
15 16 27196592.110
15 17 651784179.087
15 18 77513880.328
15 19 650510105.740
15 20 3273987945.618
15 21 2016255884.632
15 22 286660309.269
16 0 15161381.496
16 1 12306090.547
16 2 2502597.560
16 3 4381349.892
16 4 1719508.636
16 5 2499381.058
16 6 4556200.733
16 7 25829798.895
16 8 3172434.827
16 9 27039929.659
16 10 5027576.891
16 11 11407490.839
16 12 20460623.186
16 13 24568629.978
16 14 92814.947
16 15 30042928.225
16 17 10720854.914
16 18 1727189.681
16 19 8795521.787
16 20 20722510.609
16 21 3628240.303
16 22 2153119.606
17 0 261030239.297
17 1 945430633.635
17 2 120122357.687
17 3 68008874.501
17 4 139576460.913
17 5 134031561.938
17 6 33261853.434
17 7 300146587.937
17 8 117592978.208
17 9 235331454.759
17 10 1313858336.093
17 11 521991102.875
17 12 1007561191.408
17 13 372950680.196
17 14 9949246.847
17 15 1044300637.130
17 16 2193635.640
17 18 126200097.747
17 19 328072776.162
17 20 437195989.393
17 21 338452968.453
17 22 64413115.539
18 0 198888941.383
18 1 109848730.948
18 2 28753809.334
18 3 33960338.089
18 4 41978903.023
18 5 25940668.887
18 6 9592525.680
18 7 234689762.224
18 8 6712621.794
18 9 212868263.293
18 10 244012317.341
18 11 99903616.263
18 12 218122523.631
18 13 255931122.866
18 14 339289.578
18 15 111053318.943
18 16 2211602.426
18 17 80218975.769
18 19 126963694.844
18 20 305654858.384
18 21 136053408.379
18 22 18801073.973
19 0 508946090.907
19 1 569474527.844
19 2 125883499.431
19 3 214817294.816
19 4 36101891.391
19 5 84478836.748
19 6 169136645.147
19 7 1171564363.409
19 8 133408264.597
19 9 1412821637.543
19 10 1412439323.028
19 11 354912653.974
19 12 1780513957.606
19 13 1080192384.436
19 14 9530144.693
19 15 621918909.299
19 16 3837242.931
19 17 345406355.923
19 18 133352947.436
19 20 248330863.205
19 21 214507253.827
19 22 116971418.524
20 0 3216593766.531
20 1 2308634870.898
20 2 508382058.879
20 3 136192290.799
20 4 189385123.623
20 5 158258691.689
20 6 489335947.243
20 7 2299455603.544
20 8 465608496.710
20 9 1967517012.428
20 10 1157696090.463
20 11 1381071491.023
20 12 3448031320.765
20 13 3681207615.067
20 14 15145046.087
20 15 3494099286.191
20 16 28047212.302
20 17 349820609.717
20 18 92409713.470
20 19 425773825.219
20 21 1782301450.145
20 22 522636643.723
21 0 1375064408.192
21 1 686626441.186
21 2 332090153.478
21 3 38289809.446
21 4 55907441.624
21 5 85723900.994
21 6 63475023.513
21 7 337688333.402
21 8 282282374.500
21 9 1047407744.074
21 10 1265164059.941
21 11 294673922.623
21 12 2243475926.311
21 13 1386765895.791
21 14 19675727.385
21 15 2289011119.886
21 16 18851180.975
21 17 832556765.253
21 18 32292283.566
21 19 848020940.474
21 20 710321867.634
21 22 115371327.841
22 0 179335132.855
22 1 166108507.759
22 2 61409748.454
22 3 44119318.800
22 4 31200697.082
22 5 51274062.443
22 6 24819485.134
22 7 225546862.185
22 8 10437661.424
22 9 352792411.063
22 10 519248593.893
22 11 40482866.671
22 12 561346953.495
22 13 363997638.085
22 14 2943395.897
22 15 241571198.108
22 16 1893840.689
22 17 160494065.435
22 18 21667422.558
22 19 198319117.423
22 20 350378813.544
22 21 261721292.658
