506
0 1 1842883991.146
0 2 375286131.125
0 3 100366045.940
0 4 324689149.632
0 5 220527740.234
0 6 198957300.107
0 7 785752996.566
0 8 77050338.063
0 9 1427363873.695
0 10 2024756015.062
0 11 1097367668.785
0 12 949861467.934
0 13 879079110.092
0 14 24074030.696
0 15 1881677597.229
0 16 18818289.062
0 17 960862799.403
0 18 147419723.050
0 19 548724801.791
0 20 901380561.637
0 21 776991095.445
0 22 82919513.476
1 0 963020396.701
1 2 170871334.693
1 3 124677791.393
1 4 165681265.799
1 5 282645003.848
1 6 278994708.305
1 7 467180654.704
1 8 170322002.856
1 9 794592709.090
1 10 481168032.974
1 11 114362564.531
1 12 351877269.415
1 13 1465186629.175
1 14 13293226.861
1 15 1453332034.552
1 16 3060228.793
1 17 939577142.555
1 18 117831922.385
1 19 626585649.750
1 20 1260042149.248
1 21 1384059324.805
1 22 244409484.946
2 0 134243943.435
2 1 221385620.588
2 3 24721088.462
2 4 75891812.355
2 5 27043591.192
2 6 42043152.216
2 7 190018309.452
2 8 42049990.458
2 9 196645415.568
2 10 149210553.873
2 11 47686656.826
2 12 278176784.823
2 13 431490021.643
2 14 4581841.689
2 15 212946498.945
2 16 1063230.880
2 17 192260742.512
2 18 23699932.966
2 19 104156016.224
2 20 266908138.528
2 21 196297714.566
2 22 31227713.710
3 0 173142045.016
3 1 214176398.182
3 2 28199137.341
3 4 47695467.337
3 5 31659003.660
3 6 69745458.129
3 7 359673083.366
3 8 61449846.634
3 9 268857412.945
3 10 246357989.694
3 11 167129743.314
3 12 457669792.879
3 13 501787433.957
3 14 2215907.003
3 15 421891468.767
3 16 3541049.449
3 17 171222386.054
3 18 12060622.111
3 19 68334017.582
3 20 455869778.597
3 21 284281829.271
3 22 38072942.254
4 0 354186338.514
4 1 323084057.464
4 2 34730776.218
4 3 42412337.288
4 5 18257530.864
4 6 67707111.045
4 7 330871229.645
4 8 37940234.916
4 9 54293758.373
4 10 72697186.265
4 11 159999693.805
4 12 209525891.388
4 13 375124060.239
4 14 4541825.845
4 15 177339204.893
4 16 1969210.615
4 17 127717857.182
4 18 20004226.074
4 19 119506568.479
4 20 343606475.942
4 21 328371442.157
4 22 32533867.644
5 0 266202684.884
5 1 330936194.572
5 2 22063115.755
5 3 35633307.486
5 4 29858209.021
5 6 18799979.713
5 7 363986924.697
5 8 35862516.635
5 9 194473280.753
5 10 399495459.931
5 11 109328469.042
5 12 402039554.422
5 13 218204791.246
5 14 3049516.815
5 15 277660403.365
5 16 2567182.158
5 17 99153105.697
5 18 43728285.545
5 19 219717314.453
5 20 281574772.894
5 21 37109209.195
5 22 67600024.483
6 0 296290684.499
6 1 300364586.649
6 2 21670526.166
6 3 37138354.109
6 4 17562282.016
6 5 21940661.051
6 7 110855921.729
6 8 11530167.038
6 9 397035434.800
6 10 399274335.351
6 11 102208124.433
6 12 498303992.461
6 13 263790984.658
6 14 1724794.375
6 15 390988392.144
6 16 4551138.158
6 17 51583904.042
6 18 22852716.649
6 19 218661683.147
6 20 73441561.531
6 21 158317708.524
6 22 39667101.012
7 0 2047777628.291
7 1 1797945083.274
7 2 321139952.758
7 3 249405297.948
7 4 131196655.193
7 5 375904358.336
7 6 73798984.568
7 8 49956568.482
7 9 2296320371.540
7 10 1392808614.036
7 11 927954490.414
7 12 1018795318.315
7 13 886557630.560
7 14 13534116.731
7 15 2768554459.886
7 16 4414070.082
7 17 1179508121.734
7 18 39616385.943
7 19 205338842.468
7 20 2299932314.793
7 21 1763554452.956
7 22 117261169.899
8 0 264137004.248
8 1 205896436.881
8 2 30117953.495
8 3 30370859.839
8 4 58097830.368
8 5 62538264.646
8 6 51516024.464
8 7 250191202.969
8 9 409144541.723
8 10 318310225.055
8 11 112315470.768
8 12 94157662.591
8 13 156677243.373
8 14 2873034.030
8 15 150812957.155
8 16 2459682.156
8 17 118445328.664
8 18 15628895.602
8 19 118434428.729
8 20 396958216.970
8 21 275024253.203
8 22 8390300.888
9 0 509418417.016
9 1 1255386490.662
9 2 429464678.444
9 3 94826635.049
9 4 157895176.631
9 5 204064841.824
9 6 400240527.230
9 7 499720744.749
9 8 72381733.369
9 10 2388533033.024
9 11 1071234338.700
9 12 3331733679.475
9 13 1139181595.015
9 14 17916536.543
9 15 3076119865.523
9 16 11595036.349
9 17 1415298031.693
9 18 103188779.841
9 19 444268672.984
9 20 1829467029.776
9 21 247346812.862
9 22 225433165.303
10 0 1739368438.567
10 1 2228826593.596
10 2 314793529.503
10 3 296876060.036
10 4 248874629.828
10 5 343462686.997
10 6 456219023.433
10 7 607537601.064
10 8 488752611.922
10 9 1389754561.309
10 11 1221963245.181
10 12 4398720938.089
10 13 1079560004.037
10 14 12747407.110
10 15 2081749771.372
10 16 31536536.132
10 17 1168536843.236
10 18 153937351.855
10 19 1302955663.474
10 20 2013286881.689
10 21 1122489099.334
10 22 202558228.716
11 0 923269679.626
11 1 705838992.722
11 2 73233809.007
11 3 112812631.097
11 4 131334915.037
11 5 38714409.664
11 6 72150755.098
11 7 841195220.895
11 8 162281502.601
11 9 1063757570.903
11 10 1313336273.634
11 12 886245603.999
11 13 266664820.514
11 14 9316018.768
11 15 520204634.629
11 16 2590316.543
11 17 359958498.474
11 18 107962733.172
11 19 126945804.142
11 20 322238906.394
11 21 325120214.918
11 22 166041710.241
12 0 2138631878.983
12 1 1341231281.270
12 2 198901104.435
12 3 371963136.106
12 4 129301605.139
12 5 458632707.533
12 6 247961798.978
12 7 1155933544.971
12 8 144018512.266
12 9 3631287911.061
12 10 2220506363.437
12 11 1230831456.041
12 13 2540762116.336
12 14 28664816.362
12 15 1692148757.880
12 16 29267019.419
12 17 520477979.593
12 18 380265803.713
12 19 1118981835.997
12 20 842872761.439
12 21 475953853.741
12 22 466716320.469
13 0 3239161327.913
13 1 1018308504.405
13 2 107087493.823
13 3 541913155.538
13 4 176549574.643
13 5 83192881.263
13 6 93070190.599
13 7 472413778.177
13 8 177356477.632
13 9 3054990134.526
13 10 508774085.940
13 11 1244740379.677
13 12 4626112361.220
13 14 18766776.485
13 15 3628729074.577
13 16 18404920.020
13 17 701876551.262
13 18 300070924.305
13 19 1589246857.334
13 20 2425458112.909
13 21 455681474.683
13 22 372391359.291
14 0 14932671.657
14 1 10591494.382
14 2 3077789.043
14 3 1985750.111
14 4 1096467.928
14 5 1342857.993
14 6 1425689.399
14 7 10710860.902
14 8 1110769.613
14 9 28365250.042
14 10 31796797.849
14 11 6252806.499
14 12 4917284.925
14 13 4424300.979
14 15 26900923.205
14 16 284435.099
14 17 10058211.581
14 18 779658.951
14 19 5054439.593
14 20 25092245.288
14 21 15095933.063
14 22 2690356.508
15 0 2026941710.640
15 1 1302929614.296
15 2 472697714.374
15 3 389414938.585
15 4 104733531.351
15 5 398907479.192
15 6 225157486.687
15 7 706527495.429
15 8 179483502.815
15 9 525129942.951
15 10 1084627044.847
15 11 195263680.484
15 12 2110684707.655
15 13 2002236754.484
15 14 10358518.468
15 16 6314259.022
15 17 285059674.932
15 18 133987919.600
15 19 1018183340.440
15 20 2965670949.546
15 21 1038236129.329
15 22 344421911.909
16 0 24401222.726
16 1 20290891.913
16 2 3257426.768
16 3 3663685.470
16 4 1478741.779
16 5 2013488.646
16 6 1435389.062
16 7 13485782.023
16 8 831337.499
16 9 8855041.785
16 10 17412357.275
16 11 7035303.805
16 12 15159662.831
16 13 31210780.736
16 14 135925.624
16 15 4726476.294
16 17 10820241.708
16 18 1820222.453
16 19 2841680.692
16 20 27963361.264
16 21 6725201.304
16 22 1102196.725
17 0 887925291.152
17 1 501731171.326
17 2 46743152.028
17 3 107635890.850
17 4 105355096.443
17 5 38871185.212
17 6 189734117.958
17 7 519278258.431
17 8 61592738.254
17 9 920381672.586
17 10 997849448.141
17 11 519366544.067
17 12 882378947.182
17 13 1087442707.983
17 14 8582786.360
17 15 1119143005.461
17 16 11726538.901
17 18 24772167.765
17 19 481764875.675
17 20 1427302080.645
17 21 982354029.285
17 22 98949457.711
18 0 114073485.049
18 1 133367284.864
18 2 46288814.076
18 3 36837229.686
18 4 7802600.971
18 5 28336652.931
18 6 39364400.881
18 7 158503711.825
18 8 13608341.933
18 9 284212245.155
18 10 148740406.638
18 11 74309926.619
18 12 337532887.077
18 13 57374229.610
18 14 1761069.791
18 15 213095263.548
18 16 2020163.547
18 17 43471620.597
18 19 100236373.215
18 20 335927482.844
18 21 75954171.537
18 22 20276690.343
19 0 798074146.809
19 1 386032634.419
19 2 205216235.142
19 3 37904145.568
19 4 153521245.630
19 5 177243433.941
19 6 48270180.452
19 7 1258289147.851
19 8 102795749.740
19 9 1023558886.215
19 10 1446743230.378
19 11 397156574.639
19 12 989265085.493
19 13 396588898.764
19 14 6576528.298
19 15 889045243.159
19 16 5714046.879
19 17 110783120.756
19 18 63427394.282
19 20 192917339.251
19 21 348604857.114
19 22 157418644.930
20 0 2393414167.531
20 1 1010830890.725
20 2 435972810.536
20 3 450532374.050
20 4 80415762.957
20 5 245578230.081
20 6 528023790.728
20 7 1402102222.339
20 8 469001594.230
20 9 2500860195.396
20 10 2259985125.195
20 11 961601646.948
20 12 1771582455.323
20 13 3752335240.740
20 14 31003316.203
20 15 1822098084.451
20 16 9141947.155
20 17 235316208.991
20 18 150856115.021
20 19 1439712442.273
20 21 2349265492.853
20 22 250353097.031
21 0 729676496.755
21 1 456615629.208
21 2 199735065.856
21 3 278905517.376
21 4 176419186.019
21 5 169121921.151
21 6 89441439.099
21 7 1686769851.420
21 8 145498707.905
21 9 2014329345.126
21 10 764911303.396
21 11 415777843.304
21 12 978611524.179
21 13 1165094588.156
21 14 11511593.803
21 15 2200866714.795
21 16 17229250.931
21 17 397092330.195
21 18 67797901.493
21 19 354669409.337
21 20 1132598025.124
21 22 104844274.623
22 0 119317095.091
22 1 264294286.082
22 2 13035152.832
22 3 38882885.700
22 4 11938007.547
22 5 28511963.272
22 6 32088762.756
22 7 332114894.213
22 8 70535343.237
22 9 459252936.560
22 10 424236326.499
22 11 134630867.566
22 12 141523756.176
22 13 518808852.135
22 14 2291202.222
22 15 74149586.443
22 16 1611473.972
22 17 193861343.995
22 18 37594906.311
22 19 161444832.530
22 20 386749946.783
22 21 91946513.128
