506
0 1 978330867.402
0 2 191699327.665
0 3 299913514.169
0 4 426761627.033
0 5 118010568.898
0 6 420839110.552
0 7 1642420112.661
0 8 359419082.119
0 9 485191651.091
0 10 1850944689.386
0 11 421941036.712
0 12 1201495172.990
0 13 1451273713.571
0 14 21502495.013
0 15 1545577097.480
0 16 26676449.652
0 17 1124563822.096
0 18 120625522.907
0 19 967959647.353
0 20 1993984406.992
0 21 550308058.828
0 22 166639334.697
1 0 736345997.409
1 2 101795309.184
1 3 325620427.687
1 4 292201221.709
1 5 119798664.610
1 6 203108072.291
1 7 1382150419.419
1 8 232831340.426
1 9 1310394343.679
1 10 1169590870.005
1 11 324106571.486
1 12 2819814279.693
1 13 444044423.221
1 14 19893312.116
1 15 2172094154.557
1 16 7696449.387
1 17 448033412.835
1 18 50684600.498
1 19 613813830.165
1 20 863875276.681
1 21 623161702.573
1 22 77498202.966
2 0 155858043.460
2 1 76523935.617
2 3 35146882.499
2 4 21393666.118
2 5 68534200.632
2 6 11448867.564
2 7 69300059.576
2 8 36405985.133
2 9 59205937.996
2 10 101366696.886
2 11 188409792.982
2 12 278371389.932
2 13 451405859.832
2 14 4344654.141
2 15 530670952.094
2 16 1964555.431
2 17 163842665.496
2 18 27422380.254
2 19 70783990.242
2 20 516419205.808
2 21 115276107.937
2 22 26783030.012
3 0 418886521.357
3 1 162465321.713
3 2 51966733.162
3 4 68886969.297
3 5 71600988.670
3 6 50075373.651
3 7 150667306.177
3 8 35988678.500
3 9 74435586.793
3 10 427071642.142
3 11 117482267.987
3 12 208419551.864
3 13 236589675.734
3 14 833770.929
3 15 212961132.644
3 16 673211.592
3 17 94704198.541
3 18 9541190.531
3 19 212442255.191
3 20 528843941.047
3 21 161156556.557
3 22 9990961.759
4 0 206787657.127
4 1 230667108.562
4 2 69300511.405
4 3 37234171.989
4 5 66650361.962
4 6 50607040.203
4 7 204191246.861
4 8 65819489.961
4 9 69847098.133
4 10 487261373.508
4 11 59645964.210
4 12 283830155.316
4 13 526374848.626
4 14 3289443.150
4 15 163258063.795
4 16 924284.094
4 17 171282906.900
4 18 13577562.835
4 19 145961383.077
4 20 544296959.301
4 21 254525609.203
4 22 54053747.637
5 0 154328097.730
5 1 193154762.024
5 2 51920172.279
5 3 11044637.371
5 4 56883213.347
5 6 46109835.194
5 7 332927355.844
5 8 36522703.387
5 9 145185868.405
5 10 149141053.658
5 11 154837517.464
5 12 380429132.663
5 13 502777225.368
5 14 517606.975
5 15 214626660.056
5 16 2129385.786
5 17 90906055.224
5 18 33868137.811
5 19 113645738.894
5 20 309985028.022
5 21 71332218.589
5 22 50645723.393
6 0 250750596.067
6 1 322286315.000
6 2 61250017.821
6 3 73256360.859
6 4 36045804.301
6 5 54552703.149
6 7 424871089.111
6 8 63871060.760
6 9 193668523.079
6 10 164452615.040
6 11 22941101.364
6 12 564047365.738
6 13 502450468.465
6 14 2643253.200
6 15 123974394.677
6 16 2901969.439
6 17 74798047.333
6 18 33372244.156
6 19 175820074.042
6 20 263491840.461
6 21 96034933.885
6 22 63280886.873
7 0 2552247407.866
7 1 1335238079.240
7 2 139272053.221
7 3 85037089.734
7 4 123855408.645
7 5 167628848.570
7 6 307822708.858
7 8 155835399.975
7 9 2792451429.427
7 10 1489438820.029
7 11 1030062917.627
7 12 3666645387.891
7 13 1909344358.341
7 14 21863258.500
7 15 2737646706.538
7 16 5891226.956
7 17 715878888.058
7 18 42696840.170
7 19 754153625.972
7 20 893474422.513
7 21 445225419.520
7 22 341449974.500
8 0 173167121.470
8 1 48333851.651
8 2 55727246.653
8 3 29479334.911
8 4 41591355.205
8 5 34475287.047
8 6 40083904.677
8 7 411713027.319
8 9 302172949.155
8 10 93405084.118
8 11 35425407.014
8 12 339875468.474
8 13 514132401.904
8 14 1234502.300
8 15 251702836.255
8 16 2849779.428
8 17 171683892.734
8 18 18794863.850
8 19 139220907.801
8 20 141803043.169
8 21 321470056.076
8 22 59424839.972
9 0 674434394.910
9 1 1739726615.069
9 2 325073464.452
9 3 259841747.775
9 4 289194401.650
9 5 252494878.194
9 6 414499982.794
9 7 1553521997.786
9 8 383037115.497
9 10 870897546.966
9 11 279564857.162
9 12 3197668172.847
9 13 996499005.909
9 14 29987273.796
9 15 886849727.177
9 16 23320008.757
9 17 536293474.582
9 18 183448891.266
9 19 599024829.530
9 20 2213980787.262
9 21 285277130.878
9 22 90109876.525
10 0 2338914783.841
10 1 958649950.158
10 2 434767473.522
10 3 99476616.185
10 4 291146041.018
10 5 481364461.791
10 6 94172567.019
10 7 658590893.051
10 8 316176378.687
10 9 3290854845.850
10 11 706365593.091
10 12 2456613058.081
10 13 2355153140.885
10 14 16324780.259
10 15 750165333.854
10 16 23511046.661
10 17 1195478428.196
10 18 128519161.981
10 19 350437013.382
10 20 3175016648.607
10 21 852367577.770
10 22 495299653.597
11 0 838641082.721
11 1 284335886.706
11 2 37553569.290
11 3 159931092.396
11 4 30428697.026
11 5 144040400.879
11 6 178984284.886
11 7 580999286.741
11 8 162729998.755
11 9 801758651.988
11 10 264098550.690
11 12 653580580.641
11 13 1017340277.367
11 14 10854597.584
11 15 999731607.217
11 16 4413333.448
11 17 339543558.768
11 18 81838587.840
11 19 110876184.692
11 20 289984236.291
11 21 317160064.352
11 22 96961975.822
12 0 3051182517.197
12 1 500281126.229
12 2 404118437.269
12 3 299704602.452
12 4 216939777.847
12 5 434854401.991
12 6 392624475.656
12 7 1067960056.518
12 8 357058009.450
12 9 2771118382.038
12 10 2641051337.573
12 11 1083681028.433
12 13 3645668561.442
12 14 10579825.340
12 15 1711743745.425
12 16 35124759.940
12 17 221657333.179
12 18 342134495.884
12 19 614000726.313
12 20 4295793297.035
12 21 951740774.481
12 22 477036325.786
13 0 785606706.588
13 1 1840528425.896
13 2 407069495.793
13 3 385988686.478
13 4 480860883.163
13 5 268260507.742
13 6 199713742.797
13 7 2758428179.783
13 8 161554165.508
13 9 425556576.431
13 10 1252456412.644
13 11 165906107.489
13 12 3158381765.171
13 14 7494183.803
13 15 2458837777.276
13 16 15633776.567
13 17 642757451.647
13 18 167735701.992
13 19 616463547.182
13 20 1319418919.469
13 21 2165050531.336
13 22 405513187.690
14 0 27590939.203
14 1 15830375.978
14 2 1709466.006
14 3 2486647.625
14 4 3135978.025
14 5 4012403.153
14 6 4443411.956
14 7 5025522.219
14 8 2296750.461
14 9 23502500.483
14 10 23656152.635
14 11 9805208.404
14 12 37253914.355
14 13 24330649.394
14 15 3727263.289
14 16 42195.751
14 17 10949293.366
14 18 2062293.832
14 19 8441365.411
14 20 19250488.351
14 21 7942210.718
14 22 1133894.324
15 0 2536497869.202
15 1 1822416493.562
15 2 438623851.222
15 3 398756076.922
15 4 177769715.714
15 5 65701962.899
15 6 479584113.297
15 7 2348170456.272
15 8 214591661.354
15 9 2573382518.275
15 10 3191686620.915
15 11 246648097.777
15 12 3617188888.148
15 13 1134050545.514
15 14 20872845.424
15 16 13915482.596
15 17 1156731275.007
15 18 151884706.689
15 19 815441708.848
15 20 657194427.417
15 21 596077116.469
15 22 253631370.383
16 0 18848405.330
16 1 11823631.760
16 2 3976733.494
16 3 2463433.400
16 4 3202036.790
16 5 2176509.895
16 6 4386827.121
16 7 3694562.085
16 8 707210.117
16 9 17641146.294
16 10 13456298.222
16 11 10413287.294
16 12 20267957.947
16 13 11076752.669
16 14 44389.482
16 15 12155672.227
16 17 4051283.064
16 18 968337.876
16 19 5760934.542
16 20 26699251.187
16 21 12878307.689
16 22 3708614.941
17 0 1320256960.831
17 1 925147992.785
17 2 204771767.839
17 3 172784150.174
17 4 204339216.039
17 5 86660114.883
17 6 38629105.062
17 7 563490812.500
17 8 46567438.525
17 9 1128912406.732
17 10 1213296112.431
17 11 453327344.760
17 12 1643309666.100
17 13 1130193992.734
17 14 9494755.711
17 15 1065648900.946
17 16 8299136.040
17 18 59623767.522
17 19 330414709.743
17 20 1037833847.467
17 21 240923448.553
17 22 48421641.359
18 0 249478582.983
18 1 128152297.652
18 2 38329316.105
18 3 6473395.235
18 4 18704334.282
18 5 42741368.004
18 6 42752327.731
18 7 63223931.939
18 8 31785814.426
18 9 118828918.704
18 10 42560408.810
18 11 54959040.752
18 12 217830937.201
18 13 105904894.866
18 14 1159906.919
18 15 112375848.659
18 16 516626.137
18 17 109381788.350
18 19 58799079.881
18 20 242302216.836
18 21 68472961.720
18 22 17914186.510
19 0 355543743.038
19 1 698787472.525
19 2 37424266.483
19 3 92270940.688
19 4 205934084.882
19 5 92524840.937
19 6 93257605.897
19 7 741457472.054
19 8 107590491.595
19 9 342642385.105
19 10 1207767806.302
19 11 156633786.668
19 12 480538517.600
19 13 901463742.091
19 14 3394124.586
19 15 1526653336.674
19 16 2873311.305
19 17 452730334.795
19 18 102702364.823
19 20 571221292.748
19 21 923392711.761
19 22 108144161.959
20 0 1072002930.261
20 1 1370630354.789
20 2 523106696.555
20 3 410005069.447
20 4 487503327.815
20 5 245105612.095
20 6 332456699.608
20 7 2291956927.346
20 8 299702057.699
20 9 3393440846.449
20 10 1931701749.544
20 11 701782085.839
20 12 2181908703.261
20 13 1474374031.608
20 14 9099648.479
20 15 2378346482.183
20 16 21967877.430
20 17 1213383741.933
20 18 125280596.824
20 19 723051095.482
20 21 1268334404.692
20 22 149508797.737
21 0 1923806064.947
21 1 580753279.889
21 2 225570098.275
21 3 197931937.435
21 4 110708720.860
21 5 108634711.620
21 6 236834782.051
21 7 1010522117.378
21 8 230438715.326
21 9 501582489.977
21 10 1347330452.541
21 11 686932485.804
21 12 1177687156.634
21 13 2023320268.379
21 14 18819899.979
21 15 990690319.901
21 16 15372356.035
21 17 705021606.964
21 18 141018470.428
21 19 986099304.767
21 20 301735318.535
21 22 137782420.582
22 0 297794684.839
22 1 172160328.264
22 2 33596397.119
22 3 32342328.788
22 4 47511715.679
22 5 66621842.950
22 6 49819950.972
22 7 360142485.662
22 8 27808943.116
22 9 475511403.656
22 10 149537757.586
22 11 27262527.586
22 12 500167174.243
22 13 106290893.554
22 14 986681.388
22 15 425226632.161
22 16 2888342.908
22 17 48333544.351
22 18 39556087.286
22 19 45853987.298
22 20 388194763.437
22 21 110668515.801
