506
0 1 1773431718.906
0 2 394072899.635
0 3 143784131.472
0 4 138377532.778
0 5 112963158.431
0 6 81079555.664
0 7 894165585.407
0 8 399008905.520
0 9 696217700.540
0 10 1653993639.009
0 11 917183282.701
0 12 2493156557.403
0 13 2343496619.171
0 14 21290626.214
0 15 1241411989.341
0 16 19558378.257
0 17 1264648599.174
0 18 182431683.071
0 19 625670592.916
0 20 2787964551.800
0 21 1726187331.265
0 22 415954235.591
1 0 1117359342.696
1 2 172783468.001
1 3 234515599.011
1 4 100591647.137
1 5 165018114.881
1 6 323457556.817
1 7 1845660714.125
1 8 129100559.352
1 9 791954857.773
1 10 337753262.278
1 11 824644011.762
1 12 764125993.720
1 13 2276580723.895
1 14 2660239.201
1 15 2324242249.755
1 16 9954566.593
1 17 448084649.868
1 18 123507501.514
1 19 179900804.616
1 20 1782537647.920
1 21 1459250593.733
1 22 175872316.209
2 0 206483538.241
2 1 252154079.161
2 3 31950364.407
2 4 70870672.715
2 5 49579667.715
2 6 8533970.732
2 7 409062936.795
2 8 29433130.953
2 9 389530972.368
2 10 264991520.688
2 11 180221011.664
2 12 89496223.094
2 13 568851900.747
2 14 2675211.484
2 15 274133779.521
2 16 1679850.917
2 17 61151857.083
2 18 8811991.845
2 19 199563018.398
2 20 106891483.511
2 21 329135130.500
2 22 52982757.644
3 0 203391511.447
3 1 178428223.652
3 2 55097526.537
3 4 51608148.197
3 5 14903639.803
3 6 63848319.465
3 7 62493798.797
3 8 46418212.753
3 9 285131136.310
3 10 466086508.893
3 11 71142071.000
3 12 558161163.992
3 13 398892285.656
3 14 1613977.085
3 15 287443614.164
3 16 2979547.037
3 17 207264143.568
3 18 31513100.917
3 19 215611083.739
3 20 405691944.496
3 21 130562948.879
3 22 61890786.165
4 0 178487727.931
4 1 280794553.173
4 2 32367163.707
4 3 67104458.149
4 5 67399403.593
4 6 69104723.088
4 7 378246952.072
4 8 55018241.648
4 9 64834273.995
4 10 136690735.534
4 11 105316553.382
4 12 617954745.736
4 13 335751884.864
4 14 2383768.109
4 15 341996645.959
4 16 2943668.211
4 17 121624115.019
4 18 39412661.408
4 19 53228318.548
4 20 543125376.581
4 21 181608074.828
4 22 63392507.580
5 0 197360840.735
5 1 201890726.906
5 2 17081559.658
5 3 72662544.138
5 4 61903079.880
5 6 49825796.390
5 7 215460458.719
5 8 34650238.498
5 9 144253637.117
5 10 224309467.968
5 11 154986931.023
5 12 449803467.866
5 13 433253508.731
5 14 2697542.166
5 15 348235289.238
5 16 1125544.841
5 17 94987925.745
5 18 6843789.210
5 19 192432425.018
5 20 306922220.871
5 21 37220626.068
5 22 29967067.784
6 0 93716798.417
6 1 52600930.938
6 2 72174184.185
6 3 44467913.544
6 4 18894600.153
6 5 34899505.821
6 7 91692093.910
6 8 47387499.275
6 9 218679182.516
6 10 84082736.683
6 11 138781518.913
6 12 85924610.653
6 13 357789275.014
6 14 3501299.159
6 15 507287973.075
6 16 939414.363
6 17 210897505.645
6 18 39486003.383
6 19 54720814.151
6 20 443874107.272
6 21 113777460.613
6 22 52806289.045
7 0 1894798381.892
7 1 251278675.947
7 2 298117678.028
7 3 148095267.505
7 4 117454417.567
7 5 138127960.101
7 6 124490853.898
7 8 145165737.176
7 9 1490255233.087
7 10 706204718.056
7 11 1052659805.279
7 12 3690542724.394
7 13 687811454.242
7 14 24120617.291
7 15 1999988899.749
7 16 18164368.077
7 17 1121128198.597
7 18 276492580.193
7 19 534372419.817
7 20 822907636.563
7 21 1067145384.598
7 22 126298106.524
8 0 122529264.876
8 1 50215637.851
8 2 54677266.920
8 3 41516427.877
8 4 33140345.614
8 5 64809245.457
8 6 21411370.198
8 7 100211619.979
8 9 249164768.925
8 10 160151474.866
8 11 64826338.525
8 12 574617890.640
8 13 74352184.202
8 14 4432746.730
8 15 189950056.261
8 16 3861018.407
8 17 54786968.997
8 18 34891385.154
8 19 132086043.489
8 20 179518394.225
8 21 128650730.522
8 22 35763143.095
9 0 446791139.427
9 1 2035872836.177
9 2 370766156.356
9 3 478883950.496
9 4 338564403.046
9 5 368355287.669
9 6 406793248.755
9 7 2054845134.276
9 8 75535081.856
9 10 1165620188.103
9 11 275812918.821
9 12 529042488.248
9 13 1365876042.664
9 14 16710489.325
9 15 3341412289.150
9 16 23807149.171
9 17 961283858.358
9 18 242808299.875
9 19 504283128.138
9 20 627082152.293
9 21 1943604937.785
9 22 72790613.702
10 0 401436174.346
10 1 1587277539.138
10 2 439393159.131
10 3 411212113.652
10 4 147051549.488
10 5 339064413.907
10 6 311020484.002
10 7 768162904.351
10 8 81648789.475
10 9 1188416939.804
10 11 501368379.064
10 12 540879161.456
10 13 3468994008.686
10 14 10671896.955
10 15 2788107705.296
10 16 12886826.848
10 17 176345129.544
10 18 70569576.567
10 19 550686461.799
10 20 1503986123.612
10 21 1776653124.144
10 22 86260555.076
11 0 732499890.053
11 1 682847782.323
11 2 42334699.013
11 3 25169343.292
11 4 78243358.952
11 5 45582920.076
11 6 30119403.814
11 7 213514494.093
11 8 77300778.465
11 9 950894709.426
11 10 363746716.534
11 12 885675214.566
11 13 1345272604.774
11 14 7079312.125
11 15 1051928497.460
11 16 6629859.594
11 17 543451474.190
11 18 56372407.328
11 19 341491886.283
11 20 1319844489.180
11 21 717614656.816
11 22 34024610.725
12 0 2437400871.708
12 1 852866777.620
12 2 74825298.482
12 3 127554534.415
12 4 289706089.584
12 5 449939635.588
12 6 304812621.787
12 7 2804469654.487
12 8 291135609.998
12 9 1653339446.710
12 10 2630298602.442
12 11 1205876031.646
12 13 2111619898.660
12 14 25701170.585
12 15 2958533340.160
12 16 39100415.645
12 17 645431113.583
12 18 384638614.771
12 19 500874234.931
12 20 4295274188.772
12 21 2821327164.976
12 22 357669016.507
13 0 3197538969.872
13 1 696987808.217
13 2 269672119.138
13 3 115030441.214
13 4 62557349.798
13 5 307261461.404
13 6 368381528.701
13 7 2632362327.282
13 8 349045118.756
13 9 1066049475.725
13 10 2374540858.650
13 11 437948583.840
13 12 2969373421.306
13 14 25939252.343
13 15 1121551464.684
13 16 16192453.791
13 17 502253162.824
13 18 246903138.453
13 19 539252780.014
13 20 1641054229.042
13 21 2233528316.808
13 22 361619661.353
14 0 18437457.044
14 1 17245534.249
14 2 2795547.692
14 3 3596306.472
14 4 2678958.728
14 5 1179609.943
14 6 929336.882
14 7 27062075.286
14 8 1881714.589
14 9 29014598.057
14 10 9737499.557
14 11 3396211.739
14 12 36021482.589
14 13 27376455.095
14 15 29938039.747
14 16 248355.442
14 17 13602912.352
14 18 1312613.982
14 19 13392391.922
14 20 29704370.695
14 21 16257408.996
14 22 1833202.637
15 0 2001577585.361
15 1 1274690768.101
15 2 461716112.770
15 3 440932203.404
15 4 108932174.029
15 5 264176594.021
15 6 173461738.617
15 7 1593417676.528
15 8 372142824.403
15 9 810258186.370
15 10 938461550.924
15 11 1238942609.475
15 12 861673898.912
15 13 1444986241.860
15 14 14050856.315
15 16 12955681.016
15 17 1525026617.560
15 18 117094933.597
15 19 910210518.037
15 20 2406232772.518
15 21 655721218.894
15 22 396809406.773
16 0 18073756.589
16 1 14390581.599
16 2 2380411.420
16 3 4082733.479
16 4 610083.559
16 5 3859378.122
16 6 3055355.343
16 7 24890724.186
16 8 3676173.109
16 9 11723253.638
16 10 4180572.237
16 11 5622864.705
16 12 11130184.653
16 13 33878898.205
16 14 127806.304
16 15 31059750.576
16 17 6893396.055
16 18 2815224.987
16 19 3908131.391
16 20 9471170.894
16 21 18919053.907
16 22 4178737.906
17 0 439219276.660
17 1 852350806.744
17 2 185502451.104
17 3 207298624.431
17 4 29821247.347
17 5 105322241.223
17 6 173979143.231
17 7 649535375.546
17 8 26114563.834
17 9 1284629858.240
17 10 215630548.835
17 11 286875806.324
17 12 1192999119.896
17 13 1212750195.877
17 14 11372956.084
17 15 828626522.201
17 16 6956444.023
17 18 104484930.254
17 19 651635617.891
17 20 795322133.295
17 21 435993787.249
17 22 82256588.952
18 0 261742561.898
18 1 61667054.324
18 2 43959463.653
18 3 36022267.659
18 4 40559827.178
18 5 28074353.885
18 6 27086143.049
18 7 64656092.897
18 8 43292691.638
18 9 144200696.184
18 10 299361235.218
18 11 85585056.600
18 12 309987842.300
18 13 58408811.140
18 14 1271850.484
18 15 195870940.276
18 16 1869381.176
18 17 102424782.201
18 19 116303249.640
18 20 54425505.163
18 21 40795643.499
18 22 39104016.304
19 0 489678354.244
19 1 399316092.574
19 2 80206546.681
19 3 177064433.844
19 4 164367892.332
19 5 145910529.645
19 6 57094859.581
19 7 836951298.829
19 8 57128645.144
19 9 1156228325.146
19 10 1191745431.139
19 11 401052687.620
19 12 1870096986.242
19 13 220486906.149
19 14 11722025.435
19 15 1340552074.548
19 16 5361339.477
19 17 308517061.043
19 18 134982328.650
19 20 1138483709.887
19 21 867633154.877
19 22 181929793.211
20 0 2059483515.609
20 1 2107706219.266
20 2 206077919.751
20 3 175593199.849
20 4 128576648.730
20 5 421592932.740
20 6 72625469.547
20 7 3217813921.387
20 8 97232044.165
20 9 2424775425.987
20 10 1987349177.249
20 11 1104911716.724
20 12 1779271939.730
20 13 2248376142.289
20 14 26455738.460
20 15 2213789643.457
20 16 7406487.255
20 17 1067109977.075
20 18 44307927.288
20 19 904942448.188
20 21 2476892742.661
20 22 315390874.619
21 0 1246848396.423
21 1 183740621.807
21 2 104318035.912
21 3 89951208.636
21 4 158228386.372
21 5 179486680.670
21 6 240119965.153
21 7 1845570734.145
21 8 278930121.066
21 9 2163575636.189
21 10 2075831305.711
21 11 330468699.065
21 12 2810504010.668
21 13 1918002278.426
21 14 5620981.876
21 15 1391393967.735
21 16 6296576.428
21 17 324835577.716
21 18 203742655.491
21 19 331599225.971
21 20 2129769288.629
21 22 249855506.271
22 0 380405909.251
22 1 220509804.456
22 2 40549068.874
22 3 10933709.514
22 4 15451842.365
22 5 72555169.511
22 6 13720203.516
22 7 360306259.590
22 8 65755981.736
22 9 220284582.839
22 10 143943335.373
22 11 84626298.607
22 12 367612914.428
22 13 516989606.104
22 14 1782162.370
22 15 463689886.062
22 16 3445046.613
22 17 85183649.935
22 18 18837627.434
22 19 101043770.444
22 20 426950926.136
22 21 44331928.761
