506
0 1 828386835.370
0 2 273864763.473
0 3 233742020.446
0 4 158112361.863
0 5 356437815.698
0 6 192670840.725
0 7 1315201486.679
0 8 71954295.689
0 9 725851372.705
0 10 1125106004.406
0 11 597063450.051
0 12 670241002.488
0 13 414317061.727
0 14 24578415.349
0 15 777919896.106
0 16 25378304.995
0 17 165932351.675
0 18 201581972.689
0 19 165649878.891
0 20 2513958451.612
0 21 1701676344.170
0 22 254139525.677
1 0 877418274.313
1 2 334248978.425
1 3 198868434.410
1 4 298451060.408
1 5 255676180.065
1 6 303761739.047
1 7 610894024.784
1 8 67907350.453
1 9 1388671772.416
1 10 408801998.033
1 11 753072800.207
1 12 2416306137.999
1 13 528933623.429
1 14 15353972.631
1 15 559020368.291
1 16 17303714.646
1 17 940249316.013
1 18 33403959.932
1 19 231818949.921
1 20 2505880987.187
1 21 400589890.029
1 22 74883538.829
2 0 452958676.691
2 1 120194295.605
2 3 23280932.387
2 4 17163508.877
2 5 33311083.667
2 6 37308292.408
2 7 64991265.287
2 8 74480863.595
2 9 354968460.569
2 10 174647638.299
2 11 68502364.873
2 12 349403411.725
2 13 338936743.538
2 14 3170952.845
2 15 129462644.929
2 16 2716806.465
2 17 95604464.878
2 18 28177557.516
2 19 153707133.092
2 20 76668110.288
2 21 238795455.152
2 22 21829324.408
3 0 128664097.801
3 1 200123034.077
3 2 24672533.891
3 4 34986445.692
3 5 16510416.578
3 6 55154153.430
3 7 192703907.088
3 8 52652080.933
3 9 92305049.597
3 10 228775618.856
3 11 49708502.473
3 12 551456541.038
3 13 551840821.621
3 14 4290568.015
3 15 95654496.634
3 16 771906.405
3 17 136259450.843
3 18 7023366.655
3 19 26662517.723
3 20 117508666.054
3 21 304260021.168
3 22 14849689.385
4 0 230289992.960
4 1 226743262.489
4 2 74455520.664
4 3 43862584.306
4 5 34016850.219
4 6 66715859.467
4 7 315217698.177
4 8 15755729.267
4 9 92430903.326
4 10 107524493.930
4 11 85186714.343
4 12 295331679.083
4 13 515254142.937
4 14 4275507.311
4 15 474698446.767
4 16 2220659.170
4 17 146394915.412
4 18 11286499.324
4 19 127586320.599
4 20 83434622.513
4 21 331230870.202
4 22 18470046.057
5 0 269504205.463
5 1 95398737.207
5 2 72717917.535
5 3 56277770.810
5 4 10574590.728
5 6 37335852.953
5 7 215602738.785
5 8 17861139.061
5 9 154924941.166
5 10 512972330.072
5 11 136249198.625
5 12 492776602.908
5 13 257730294.918
5 14 2599160.480
5 15 166832084.979
5 16 3287385.364
5 17 181649540.295
5 18 28898810.367
5 19 40112007.865
5 20 293478209.427
5 21 89370484.487
5 22 16796842.762
6 0 61698683.869
6 1 317643018.807
6 2 57719541.348
6 3 19070576.369
6 4 12106256.459
6 5 35037199.826
6 7 373503527.139
6 8 11114517.515
6 9 291400348.773
6 10 331023246.155
6 11 42588071.517
6 12 152996056.920
6 13 427187183.581
6 14 1870696.971
6 15 86363727.190
6 16 3539091.030
6 17 202301165.033
6 18 44647747.768
6 19 41388500.486
6 20 305459664.628
6 21 271160103.029
6 22 67356446.062
7 0 1847535348.111
7 1 1557450499.039
7 2 79156526.819
7 3 241581390.401
7 4 120591145.681
7 5 246118583.776
7 6 158952523.263
7 8 60041096.425
7 9 2070942641.570
7 10 3128405166.464
7 11 424861971.482
7 12 2381316860.297
7 13 2620935423.837
7 14 27367869.412
7 15 403362006.375
7 16 9114842.788
7 17 233098899.964
7 18 123891890.128
7 19 453165815.702
7 20 878862672.879
7 21 1343995679.288
7 22 197692957.529
8 0 208012633.996
8 1 256381862.982
8 2 59893667.259
8 3 21567206.929
8 4 55664528.632
8 5 47094676.747
8 6 39434909.484
8 7 358525646.508
8 9 96489235.148
8 10 243045195.092
8 11 21787246.568
8 12 150397551.883
8 13 233812440.645
8 14 2122955.223
8 15 267310093.022
8 16 767456.581
8 17 118662054.198
8 18 6409642.129
8 19 138595116.877
8 20 86125042.079
8 21 149074050.411
8 22 54544213.645
9 0 1914460401.535
9 1 987977880.338
9 2 214115875.488
9 3 211242699.497
9 4 392281619.441
9 5 301220710.196
9 6 347396320.062
9 7 1171461429.785
9 8 198181148.642
9 10 2898995629.750
9 11 792331391.037
9 12 916209570.721
9 13 580938028.654
9 14 28612125.588
9 15 1204156898.387
9 16 23441896.099
9 17 285536609.996
9 18 187113936.585
9 19 207559747.460
9 20 2330992067.951
9 21 647935391.261
9 22 80927159.816
10 0 3043660940.968
10 1 1557577575.614
10 2 222473490.486
10 3 436629674.679
10 4 188552002.246
10 5 62102450.398
10 6 341932548.704
10 7 1755863689.812
10 8 449248931.010
10 9 1824669042.424
10 11 794245789.114
10 12 1253591574.087
10 13 1231759339.105
10 14 10673782.507
10 15 2731807308.545
10 16 11636582.841
10 17 987982152.291
10 18 104586741.154
10 19 522866472.342
10 20 3723615978.962
10 21 1644601016.829
10 22 189095402.014
11 0 364597645.409
11 1 133283346.757
11 2 77765838.694
11 3 142203274.342
11 4 62484848.764
11 5 37791881.209
11 6 165701232.078
11 7 552669403.438
11 8 153675219.067
11 9 410554299.367
11 10 624872700.416
11 12 1177411678.129
11 13 902117314.199
11 14 11298337.229
11 15 1113953532.651
11 16 7488845.544
11 17 104881795.483
11 18 78733148.935
11 19 505221730.101
11 20 1108468665.328
11 21 489860504.007
11 22 136085893.622
12 0 1513542635.140
12 1 2690236953.913
12 2 184697222.864
12 3 414171064.703
12 4 451165170.397
12 5 247748050.998
12 6 93974297.147
12 7 1772438821.503
12 8 623918333.263
12 9 3537226509.599
12 10 2026578006.130
12 11 256360463.223
12 13 3417937865.154
12 14 14457064.110
12 15 2137671263.084
12 16 38344177.050
12 17 1795006235.247
12 18 381235902.030
12 19 1560274808.248
12 20 3579549146.043
12 21 1706647609.258
12 22 524870235.860
13 0 910548701.816
13 1 1863336793.366
13 2 195175015.982
13 3 104717020.319
13 4 273533734.972
13 5 179302901.642
13 6 518671239.226
13 7 1295109174.098
13 8 238550859.060
13 9 3599206677.779
13 10 1778058324.315
13 11 813869030.501
13 12 4397926744.883
13 14 12500206.626
13 15 2629175661.491
13 16 19606870.852
13 17 1277977652.987
13 18 277390590.639
13 19 895487017.890
13 20 3417474135.570
13 21 907685803.352
13 22 220954827.972
14 0 25463103.607
14 1 6398301.891
14 2 4158302.730
14 3 3009291.889
14 4 4102819.499
14 5 3319898.282
14 6 1865065.859
14 7 16160840.370
14 8 2135227.621
14 9 16598530.370
14 10 23305771.622
14 11 2192550.624
14 12 11928931.574
14 13 23131829.177
14 15 14050510.977
14 16 44848.363
14 17 6677716.217
14 18 1647088.554
14 19 3275698.566
14 20 29796461.506
14 21 14843355.997
14 22 1759260.564
15 0 1937727015.648
15 1 1535005859.725
15 2 313988402.723
15 3 419004715.159
15 4 385744823.783
15 5 385641801.894
15 6 241444666.826
15 7 421127007.470
15 8 169865041.733
15 9 1987438744.367
15 10 2465381182.126
15 11 700152440.133
15 12 4102306406.637
15 13 2185082965.102
15 14 15681210.365
15 16 13320720.161
15 17 562674540.744
15 18 99835960.145
15 19 1202804086.872
15 20 2883738207.142
15 21 1631015814.866
15 22 443683132.201
16 0 22058264.755
16 1 16680316.342
16 2 3177253.641
16 3 2526899.294
16 4 924483.477
16 5 1403949.804
16 6 3681088.635
16 7 21462363.673
16 8 3354004.364
16 9 25961003.151
16 10 7824453.090
16 11 2774996.679
16 12 20704533.434
16 13 34266825.978
16 14 176610.494
16 15 19798691.763
16 17 5935414.814
16 18 1739877.393
16 19 12709755.727
16 20 29915970.592
16 21 3510680.628
16 22 629025.074
17 0 1228697610.671
17 1 941286208.264
17 2 168536140.268
17 3 220194346.853
17 4 190960603.657
17 5 121946556.275
17 6 157393243.557
17 7 903453824.667
17 8 167787287.763
17 9 1279993024.688
17 10 360588233.197
17 11 434036447.690
17 12 1254332858.411
17 13 704562907.671
17 14 11039387.122
17 15 838114983.674
17 16 5810056.281
17 18 65804251.912
17 19 372931953.092
17 20 766351789.589
17 21 796430963.180
17 22 64812853.092
18 0 79249115.899
18 1 138571058.276
18 2 25687600.576
18 3 10348632.086
18 4 33093380.919
18 5 21396559.514
18 6 26191879.771
18 7 220673057.299
18 8 18426072.408
18 9 173006332.609
18 10 204688495.284
18 11 14779323.960
18 12 198757683.245
18 13 171203855.222
18 14 1566375.818
18 15 304275643.174
18 16 2759193.788
18 17 112419104.617
18 19 46416557.529
18 20 65567502.872
18 21 196759098.913
18 22 34567914.328
19 0 575946338.276
19 1 878793632.973
19 2 105147747.773
19 3 138421802.016
19 4 195095420.743
19 5 63652785.556
19 6 116795943.666
19 7 852637152.317
19 8 63975316.985
19 9 1281297335.891
19 10 1157869892.944
19 11 229296698.146
19 12 1002966387.141
19 13 1444076904.393
19 14 11521411.857
19 15 770459354.132
19 16 1994685.912
19 17 456143287.662
19 18 62585273.187
19 20 342218670.591
19 21 403497853.837
19 22 182324225.367
20 0 1657099916.789
20 1 1257638887.069
20 2 144496456.869
20 3 139569899.115
20 4 310917039.552
20 5 263451281.325
20 6 80126427.866
20 7 1004208298.545
20 8 329270306.900
20 9 1282265051.204
20 10 3817391213.727
20 11 354029615.089
20 12 2000005775.726
20 13 945900444.303
20 14 19470665.273
20 15 623143676.773
20 16 24963141.886
20 17 1610999763.412
20 18 165973958.569
20 19 945871142.887
20 21 715402264.067
20 22 164275462.761
21 0 1091895286.036
21 1 685754627.494
21 2 62463405.720
21 3 281984083.809
21 4 120685415.684
21 5 285974360.678
21 6 257199025.964
21 7 1313831858.714
21 8 48345146.011
21 9 622904223.863
21 10 1878516931.120
21 11 514806425.878
21 12 996605694.174
21 13 298448911.535
21 14 8562131.506
21 15 1279883970.585
21 16 10168666.680
21 17 956708860.012
21 18 200586730.098
21 19 306207873.537
21 20 1421908029.812
21 22 120717198.810
22 0 53962372.595
22 1 75603901.084
22 2 59030226.634
22 3 47739297.765
22 4 59579725.661
22 5 64600005.618
22 6 8619706.503
22 7 255142896.105
22 8 25271180.454
22 9 400587639.869
22 10 428786998.686
22 11 42636867.624
22 12 75357845.556
22 13 442324115.818
22 14 4585426.290
22 15 222631776.009
22 16 930578.579
22 17 140837677.939
22 18 35789395.550
22 19 220271388.274
22 20 240547845.982
22 21 252687153.221
