506
0 1 925473385.883
0 2 420569091.059
0 3 112649776.427
0 4 340566577.348
0 5 338237761.834
0 6 168815250.404
0 7 1541609049.204
0 8 407766921.938
0 9 2762830121.823
0 10 2413690834.837
0 11 283768789.384
0 12 2627623004.608
0 13 2179924261.639
0 14 9457207.871
0 15 350412473.747
0 16 27012080.647
0 17 1208734351.831
0 18 233162308.667
0 19 1199773276.768
0 20 1873778083.742
0 21 1190777612.601
0 22 355140108.721
1 0 1316138535.386
1 2 241561050.886
1 3 277510006.348
1 4 138417183.756
1 5 101302570.917
1 6 118991705.387
1 7 1861093384.002
1 8 134164581.945
1 9 1042375972.973
1 10 565012644.062
1 11 100382570.826
1 12 648911534.229
1 13 2179756189.492
1 14 5148108.774
1 15 544005412.700
1 16 20477263.182
1 17 740274763.080
1 18 44996386.555
1 19 156047965.664
1 20 309675190.020
1 21 1246322517.151
1 22 197213488.694
2 0 308870346.573
2 1 310995228.802
2 3 58788627.452
2 4 26572427.571
2 5 61374824.210
2 6 31694093.678
2 7 51167967.516
2 8 31960355.330
2 9 76182760.406
2 10 379405495.580
2 11 46083734.878
2 12 522274936.492
2 13 172348325.657
2 14 1333734.306
2 15 88979934.880
2 16 4197416.334
2 17 223771340.748
2 18 39964024.942
2 19 137418304.491
2 20 317572046.175
2 21 152436279.586
2 22 61735470.699
3 0 408577919.609
3 1 225031502.963
3 2 67619096.099
3 4 41928320.705
3 5 17335928.864
3 6 69502615.969
3 7 97678312.018
3 8 40249032.793
3 9 351523860.120
3 10 100166495.068
3 11 41881651.492
3 12 128530845.722
3 13 184323984.811
3 14 4406149.630
3 15 405156705.002
3 16 1429930.666
3 17 196630687.050
3 18 31968727.933
3 19 68784584.715
3 20 125468556.607
3 21 213152732.665
3 22 42860909.894
4 0 353619027.528
4 1 42297198.589
4 2 36110388.630
4 3 20332701.594
4 5 42228321.809
4 6 39041062.324
4 7 300505805.266
4 8 52016006.213
4 9 177922685.018
4 10 483817294.093
4 11 153897299.034
4 12 417559615.181
4 13 319767372.837
4 14 2236284.837
4 15 419009804.037
4 16 1903777.177
4 17 208384394.132
4 18 21823995.702
4 19 51436752.773
4 20 488854228.766
4 21 77577753.727
4 22 68475681.026
5 0 435853519.168
5 1 62993363.312
5 2 25299617.084
5 3 60649437.338
5 4 42655802.359
5 6 73325373.540
5 7 331591674.751
5 8 51153584.308
5 9 176106210.201
5 10 249588860.865
5 11 82281174.611
5 12 441164585.631
5 13 95371193.991
5 14 1708986.818
5 15 316488289.439
5 16 4077022.157
5 17 205240198.137
5 18 35731261.608
5 19 129241912.281
5 20 456800606.121
5 21 299898383.899
5 22 30977186.381
6 0 157477248.812
6 1 314269102.737
6 2 31799595.216
6 3 10526406.205
6 4 62657943.809
6 5 47660177.472
6 7 361820863.138
6 8 68602890.780
6 9 377115986.670
6 10 203596840.898
6 11 129021760.641
6 12 217809105.981
6 13 116091952.452
6 14 4483155.335
6 15 304021025.872
6 16 875705.420
6 17 148790848.152
6 18 25708921.656
6 19 112951396.911
6 20 160002438.849
6 21 128959252.493
6 22 69229793.853
7 0 521305311.512
7 1 1958411116.790
7 2 282045458.861
7 3 130702947.592
7 4 123243901.691
7 5 83483430.657
7 6 400581333.975
7 8 426447867.553
7 9 2137682289.930
7 10 3010238283.278
7 11 781267718.636
7 12 838402752.778
7 13 3051451024.081
7 14 12407021.067
7 15 2519480810.155
7 16 21522723.448
7 17 1004716551.018
7 18 223720799.784
7 19 434717040.477
7 20 1952679160.752
7 21 372121098.772
7 22 306314326.976
8 0 214005011.701
8 1 287854914.531
8 2 67385554.421
8 3 21475560.228
8 4 49524320.090
8 5 70125891.505
8 6 43967708.079
8 7 261739960.002
8 9 170841687.531
8 10 521303471.091
8 11 72535260.478
8 12 187052626.745
8 13 336510823.615
8 14 3988202.736
8 15 231091799.262
8 16 1851666.529
8 17 90617298.797
8 18 10242089.369
8 19 207817963.958
8 20 460116268.807
8 21 191087869.308
8 22 68730796.441
9 0 911641178.334
9 1 2093298726.724
9 2 386479214.155
9 3 96074582.660
9 4 332239325.744
9 5 372596041.537
9 6 145159406.569
9 7 2418457609.909
9 8 80443041.759
9 10 2985078187.379
9 11 1098269091.852
9 12 678206041.957
9 13 1393932191.764
9 14 4260169.898
9 15 2710416872.552
9 16 23373486.433
9 17 669635660.033
9 18 61887010.099
9 19 1174360590.343
9 20 3557317171.195
9 21 1534886844.248
9 22 66791137.474
10 0 1994632192.665
10 1 952182999.222
10 2 356114927.894
10 3 422272718.736
10 4 129194584.052
10 5 515586419.163
10 6 489108451.107
10 7 802800169.266
10 8 95403437.727
10 9 2749204169.817
10 11 484225897.513
10 12 3565343886.073
10 13 2390775358.092
10 14 18776950.759
10 15 2466055117.999
10 16 5841453.454
10 17 1110284876.158
10 18 226930321.942
10 19 1543725673.915
10 20 2898538737.739
10 21 1324460273.385
10 22 301868975.791
11 0 302427434.279
11 1 561597089.883
11 2 153527470.196
11 3 149686884.146
11 4 155765428.622
11 5 68844105.231
11 6 134856708.394
11 7 455720573.163
11 8 43038023.458
11 9 169498704.048
11 10 1200372312.423
11 12 279163244.351
11 13 939017928.021
11 14 10957354.605
11 15 795268419.804
11 16 3461416.018
11 17 383093346.642
11 18 63937049.733
11 19 153381995.152
11 20 1039585893.200
11 21 223523859.122
11 22 145187861.825
12 0 704232291.336
12 1 975306616.916
12 2 253385315.191
12 3 172289965.353
12 4 537242853.618
12 5 424276474.124
12 6 237032159.950
12 7 2990723113.111
12 8 509852096.714
12 9 1130253893.198
12 10 995314934.809
12 11 896626680.270
12 13 4002207132.270
12 14 24287265.992
12 15 2228782953.498
12 16 10594794.210
12 17 1255772442.712
12 18 148951401.248
12 19 479208732.056
12 20 2981254605.552
12 21 944495094.815
12 22 254139412.240
13 0 3286369223.522
13 1 1312399266.981
13 2 495367776.570
13 3 246864598.998
13 4 175847466.311
13 5 303290906.218
13 6 94373453.403
13 7 1733596666.422
13 8 547495936.638
13 9 2676090770.085
13 10 852620013.473
13 11 972663148.379
13 12 3704453795.923
13 14 32840369.829
13 15 1510065120.930
13 16 12855394.118
13 17 796799808.315
13 18 106299857.571
13 19 1253326510.312
13 20 3361402844.520
13 21 1326372258.852
13 22 300827536.770
14 0 7122283.268
14 1 4177100.912
14 2 2395333.572
14 3 2587957.318
14 4 726102.594
14 5 2026774.125
14 6 846342.655
14 7 15462463.105
14 8 2776307.160
14 9 30123610.223
14 10 20890439.022
14 11 5675055.215
14 12 24055127.024
14 13 3992102.899
14 15 10342621.565
14 16 192063.813
14 17 12434084.912
14 18 1826438.688
14 19 10705664.389
14 20 4346951.457
14 21 13308600.582
14 22 868047.445
15 0 2331151365.312
15 1 1036521195.900
15 2 226977984.468
15 3 359645864.338
15 4 332006252.634
15 5 299661473.498
15 6 449593712.587
15 7 2372223076.459
15 8 66203969.783
15 9 3003904765.207
15 10 468411718.709
15 11 411791307.256
15 12 2234827629.047
15 13 513798394.946
15 14 22493671.716
15 16 31850813.948
15 17 1269901596.164
15 18 120295445.589
15 19 176663393.618
15 20 1996765510.182
15 21 820593055.470
15 22 255267228.981
16 0 13073265.683
16 1 15775185.193
16 2 2389597.307
16 3 4190158.774
16 4 3364669.944
16 5 1918241.648
16 6 4017729.742
16 7 23760847.608
16 8 3912460.551
16 9 23642953.100
16 10 29877506.171
16 11 5927653.012
16 12 7411357.497
16 13 23443664.596
16 14 126092.509
16 15 30473213.739
16 17 3984787.546
16 18 1738114.406
16 19 5741706.095
16 20 22835056.745
16 21 4025044.760
16 22 3092796.492
17 0 194171740.920
17 1 267605777.027
17 2 37677768.650
17 3 28997102.368
17 4 209031479.389
17 5 161772264.315
17 6 148950128.816
17 7 588870625.367
17 8 75959144.564
17 9 198734259.460
17 10 463977419.604
17 11 105109310.319
17 12 726633449.801
17 13 1158857085.428
17 14 2570193.567
17 15 1056944509.687
17 16 9669845.146
17 18 18571314.318
17 19 282038655.969
17 20 1435215053.451
17 21 462209237.839
17 22 134417562.861
18 0 207014560.917
18 1 167811919.121
18 2 24331781.751
18 3 36888956.489
18 4 34978742.829
18 5 36117562.613
18 6 31672188.100
18 7 262476569.668
18 8 32324142.659
18 9 219184948.849
18 10 62155237.661
18 11 60402054.671
18 12 169428358.387
18 13 203174021.189
18 14 865917.074
18 15 299261494.065
18 16 1096574.392
18 17 98969100.100
18 19 30061394.852
18 20 314577634.104
18 21 123185784.553
18 22 28598889.017
19 0 520163067.840
19 1 994640509.611
19 2 118742280.869
19 3 171375746.265
19 4 202348359.783
19 5 220023063.527
19 6 218690580.054
19 7 1112919933.081
19 8 143963986.564
19 9 1149031886.479
19 10 755834491.711
19 11 281512225.223
19 12 1235119703.768
19 13 329652476.920
19 14 8052827.038
19 15 1107645830.990
19 16 12230018.304
19 17 378701630.319
19 18 112671233.088
19 20 1084543282.011
19 21 652627715.344
19 22 25293127.449
20 0 1735170456.958
20 1 990222923.015
20 2 364271466.081
20 3 321494670.874
20 4 213528509.959
20 5 208121846.894
20 6 474624927.669
20 7 1594700164.332
20 8 472060709.338
20 9 3595057907.047
20 10 3792789897.845
20 11 534268103.737
20 12 713147259.936
20 13 1676053418.288
20 14 34331634.467
20 15 3404322966.327
20 16 33248848.640
20 17 1058736853.591
20 18 339187705.712
20 19 327691924.140
20 21 1259064886.079
20 22 289500523.633
21 0 1385344120.572
21 1 629838128.540
21 2 234644056.072
21 3 233630297.839
21 4 320348429.898
21 5 290950080.133
21 6 87824162.627
21 7 1213956364.536
21 8 161402125.036
21 9 1890683321.731
21 10 451931187.491
21 11 658031127.511
21 12 543326804.679
21 13 634069715.333
21 14 3481056.564
21 15 333127900.389
21 16 15673144.556
21 17 363230429.228
21 18 31606843.290
21 19 478959478.299
21 20 2486431980.127
21 22 192844213.139
22 0 70760721.688
22 1 143791312.637
22 2 20067389.548
22 3 11034819.983
22 4 17235908.496
22 5 44303976.155
22 6 37163781.135
22 7 191390092.875
22 8 55798313.738
22 9 247322212.998
22 10 166619941.230
22 11 142362997.332
22 12 182709260.214
22 13 106354612.334
22 14 4227872.405
22 15 163565061.997
22 16 1390985.534
22 17 158102842.448
22 18 24132919.538
22 19 123585531.356
22 20 501215861.794
22 21 243621994.683
