506
0 1 1226398245.769
0 2 203288987.986
0 3 272265292.727
0 4 240205524.889
0 5 173543860.730
0 6 164622394.425
0 7 470770370.036
0 8 372526956.241
0 9 1989083674.252
0 10 985440565.287
0 11 344377885.760
0 12 2149205801.816
0 13 2509043750.893
0 14 14687092.917
0 15 2463964857.757
0 16 19651950.227
0 17 444982330.696
0 18 227562161.865
0 19 288387774.907
0 20 393889883.309
0 21 1478039057.322
0 22 424626360.013
1 0 293036657.867
1 2 193778135.097
1 3 275692074.001
1 4 245123694.483
1 5 57026467.537
1 6 196225314.278
1 7 833087099.077
1 8 201995619.859
1 9 1439746424.204
1 10 268124432.114
1 11 328279306.389
1 12 618511281.311
1 13 2320282382.266
1 14 10443943.622
1 15 816436928.425
1 16 7401908.827
1 17 783451103.412
1 18 149234938.901
1 19 881916265.784
1 20 1196341016.159
1 21 252169023.357
1 22 211195454.165
2 0 115409392.944
2 1 66488041.838
2 3 27258590.616
2 4 70576360.204
2 5 11269284.435
2 6 39922698.362
2 7 114600269.338
2 8 51168189.582
2 9 129733559.689
2 10 514631879.790
2 11 58932518.838
2 12 445007312.095
2 13 384580695.274
2 14 3989032.780
2 15 326243156.474
2 16 1213750.082
2 17 184203579.588
2 18 47317098.082
2 19 47420837.465
2 20 199644456.990
2 21 294590874.993
2 22 9713083.003
3 0 411798949.069
3 1 312794906.254
3 2 9220679.045
3 4 63854632.628
3 5 59225046.752
3 6 47805510.063
3 7 276581004.939
3 8 38428402.443
3 9 56391589.567
3 10 325553616.685
3 11 96869517.952
3 12 499506563.239
3 13 300572668.711
3 14 653537.114
3 15 450742911.477
3 16 3767239.645
3 17 39378435.849
3 18 40825169.999
3 19 195955054.685
3 20 273632504.213
3 21 53866913.715
3 22 53005609.395
4 0 51823819.075
4 1 261639040.229
4 2 63786754.330
4 3 42101367.513
4 5 63483528.986
4 6 11562038.090
4 7 399809838.062
4 8 65155567.848
4 9 90510820.931
4 10 387883955.210
4 11 143047995.066
4 12 605109068.450
4 13 352972938.749
4 14 694914.588
4 15 384630821.829
4 16 1678294.190
4 17 121165472.523
4 18 18459505.357
4 19 106747526.223
4 20 344074516.325
4 21 38708663.713
4 22 32008813.115
5 0 121629103.527
5 1 221372683.962
5 2 21213726.876
5 3 43537784.042
5 4 43443308.314
5 6 60617622.004
5 7 294732275.610
5 8 25609486.320
5 9 358701899.079
5 10 315860767.940
5 11 180053110.715
5 12 548514338.594
5 13 399329630.048
5 14 1682465.050
5 15 497247921.958
5 16 798983.165
5 17 172054674.410
5 18 12045522.974
5 19 163937689.794
5 20 541664798.199
5 21 66874671.749
5 22 19616593.197
6 0 299584309.925
6 1 227542716.668
6 2 47360368.467
6 3 69837675.877
6 4 21979236.318
6 5 50327972.698
6 7 277302060.583
6 8 18500251.649
6 9 322067909.074
6 10 156932540.583
6 11 136231734.488
6 12 463771061.498
6 13 436252952.706
6 14 2619212.287
6 15 116662136.088
6 16 1032120.352
6 17 180956276.870
6 18 30317012.705
6 19 37542207.480
6 20 363137749.314
6 21 274799119.666
6 22 11232528.746
7 0 927799931.730
7 1 522019209.088
7 2 412702444.600
7 3 117588510.496
7 4 247403258.819
7 5 168231048.028
7 6 77256359.771
7 8 212794583.243
7 9 818308009.168
7 10 1316770054.837
7 11 604456136.069
7 12 2297845992.507
7 13 1634176578.827
7 14 16162603.956
7 15 1568973293.346
7 16 9956475.058
7 17 212391652.607
7 18 88059084.178
7 19 1261391707.824
7 20 1055198586.267
7 21 365441306.536
7 22 210411701.659
8 0 94573867.417
8 1 281809086.913
8 2 74624703.245
8 3 53352783.936
8 4 22030053.822
8 5 16590217.659
8 6 23983971.996
8 7 264950590.479
8 9 88616126.511
8 10 289671369.798
8 11 129490203.963
8 12 487509778.876
8 13 503440749.225
8 14 1916080.173
8 15 407653288.581
8 16 581073.367
8 17 151383135.515
8 18 11190150.242
8 19 162533644.780
8 20 395027877.020
8 21 226257536.123
8 22 12631150.863
9 0 2272784074.767
9 1 898523783.298
9 2 114904252.517
9 3 442544295.905
9 4 430203870.111
9 5 377805897.483
9 6 440386595.233
9 7 994387926.170
9 8 459806793.028
9 10 3084900936.718
9 11 527215147.244
9 12 1371993215.885
9 13 1386779947.645
9 14 24824495.837
9 15 3181174308.329
9 16 22752824.459
9 17 1211395308.390
9 18 187420925.096
9 19 506683601.147
9 20 3552732384.046
9 21 2057012168.080
9 22 407266138.696
10 0 1509266147.341
10 1 555368857.196
10 2 131844010.953
10 3 365742800.088
10 4 354486580.189
10 5 94945266.651
10 6 330962872.507
10 7 2289216720.567
10 8 68536526.739
10 9 1237210211.008
10 11 1253091902.562
10 12 593619992.162
10 13 1335916730.284
10 14 15028218.685
10 15 3148852812.289
10 16 8247206.589
10 17 854763907.120
10 18 192430433.156
10 19 1445349973.842
10 20 2812335857.491
10 21 1864072861.327
10 22 252386287.265
11 0 753493358.474
11 1 497847915.339
11 2 145989316.977
11 3 55146633.146
11 4 170788530.872
11 5 96646964.949
11 6 62473645.373
11 7 179577239.682
11 8 160850966.267
11 9 469575981.290
11 10 357166879.095
11 12 455615048.582
11 13 598978714.903
11 14 6180462.871
11 15 1199569498.436
11 16 6873879.582
11 17 138342346.128
11 18 99773490.217
11 19 502358885.886
11 20 778193774.231
11 21 568704332.161
11 22 46859463.361
12 0 2782022360.399
12 1 2493199914.000
12 2 525899808.188
12 3 245589180.870
12 4 416653271.419
12 5 371438078.873
12 6 621862934.158
12 7 2871473979.242
12 8 317792099.832
12 9 1373654597.184
12 10 3736982644.291
12 11 1477089579.473
12 13 567902195.859
12 14 37248538.086
12 15 1186569839.544
12 16 30340276.306
12 17 1576327339.998
12 18 331475225.767
12 19 268443639.328
12 20 3817682497.181
12 21 1506463734.531
12 22 270416351.174
13 0 2013883213.555
13 1 1701988672.659
13 2 314547768.225
13 3 155067996.085
13 4 106273270.296
13 5 297165728.799
13 6 138751682.442
13 7 2646560586.777
13 8 159490254.894
13 9 933221426.692
13 10 648506505.448
13 11 917339200.634
13 12 615062176.735
13 14 32789133.164
13 15 1941145092.075
13 16 19158173.755
13 17 505548865.898
13 18 262566624.392
13 19 1481894292.124
13 20 3885098453.629
13 21 934631061.736
13 22 443172776.388
14 0 5712523.197
14 1 4534293.152
14 2 2729569.195
14 3 1613136.254
14 4 3937438.723
14 5 3992344.244
14 6 776566.047
14 7 20199657.879
14 8 673062.362
14 9 22392842.378
14 10 12117370.228
14 11 3992434.489
14 12 30604463.980
14 13 11859687.713
14 15 9039426.408
14 16 286707.084
14 17 11264633.380
14 18 2206934.143
14 19 4735462.573
14 20 22669429.064
14 21 3943542.949
14 22 3344570.762
15 0 916691748.616
15 1 1415498071.910
15 2 428406726.246
15 3 300486745.164
15 4 75328570.644
15 5 501591003.024
15 6 382409363.032
15 7 2452299393.757
15 8 137966891.236
15 9 2573734162.587
15 10 1922917770.555
15 11 1130650160.016
15 12 4187580083.887
15 13 1796382171.817
15 14 18463740.840
15 16 12679403.736
15 17 1047010357.579
15 18 68694509.196
15 19 906399348.498
15 20 2604852466.267
15 21 1132381133.974
15 22 277034475.471
16 0 25706119.873
16 1 15841823.803
16 2 2182080.941
16 3 1617524.667
16 4 1235190.016
16 5 3551747.995
16 6 4573165.243
16 7 23956155.602
16 8 1963405.782
16 9 19883945.905
16 10 20635087.235
16 11 5278979.700
16 12 14073336.982
16 13 6748854.632
16 14 240992.652
16 15 8049048.668
16 17 4246189.848
16 18 2557593.609
16 19 6211413.907
16 20 7731102.309
16 21 17983124.738
16 22 3725922.153
17 0 225412878.766
17 1 337392633.463
17 2 194453709.665
17 3 220836227.113
17 4 64576037.928
17 5 55093142.571
17 6 53602470.126
17 7 626966055.807
17 8 37525065.597
17 9 430096764.798
17 10 635978729.039
17 11 492189369.872
17 12 582935216.520
17 13 778848800.237
17 14 6118480.641
17 15 1385653073.581
17 16 4993936.422
17 18 17591059.639
17 19 453423353.518
17 20 242379193.155
17 21 592451881.955
17 22 123279064.177
18 0 161028031.912
18 1 52670244.035
18 2 38231283.585
18 3 30037364.785
18 4 25227999.607
18 5 29575519.708
18 6 9055544.180
18 7 218947321.996
18 8 21220070.365
18 9 183386890.993
18 10 53916276.902
18 11 17914863.599
18 12 312169367.433
18 13 284090388.309
18 14 1219868.012
18 15 202389212.178
18 16 1990552.703
18 17 117242981.812
18 19 127547437.709
18 20 129354915.144
18 21 192332354.866
18 22 9554457.625
19 0 204107586.205
19 1 169877849.473
19 2 198302842.040
19 3 82622200.974
19 4 86550049.087
19 5 119187228.450
19 6 98786219.585
19 7 1237290583.783
19 8 100370333.076
19 9 1115142090.105
19 10 545263709.964
19 11 168951664.759
19 12 1445075151.516
19 13 1623626597.253
19 14 10077197.271
19 15 636251441.305
19 16 12961682.912
19 17 508516665.777
19 18 53158743.899
19 20 707870644.027
19 21 612931459.067
19 22 186473365.498
20 0 1306644467.932
20 1 660112768.041
20 2 234088654.548
20 3 61525068.566
20 4 213609134.578
20 5 306391872.094
20 6 406455249.253
20 7 2608175309.860
20 8 113295677.115
20 9 1518860268.347
20 10 2068650830.137
20 11 726051040.902
20 12 2077116480.785
20 13 2155040583.463
20 14 30566800.966
20 15 822520918.739
20 16 10014517.276
20 17 845465097.084
20 18 308986019.305
20 19 547938877.675
20 21 2368022938.938
20 22 152917105.760
21 0 1406437719.466
21 1 941478847.021
21 2 309823236.718
21 3 66929176.312
21 4 65654384.252
21 5 124895575.792
21 6 90153223.279
21 7 458257841.993
21 8 262783539.482
21 9 592811302.164
21 10 1103683257.655
21 11 371964499.450
21 12 1995615681.166
21 13 1331307404.061
21 14 12270324.264
21 15 1663831442.624
21 16 10211286.264
21 17 604036519.248
21 18 205054361.421
21 19 133110900.168
21 20 1393909761.998
21 22 67703958.484
22 0 206680158.579
22 1 53030775.285
22 2 42737371.871
22 3 65903115.224
22 4 37344362.366
22 5 42323262.618
22 6 40128444.590
22 7 320450611.668
22 8 62837778.228
22 9 454922332.696
22 10 99838547.310
22 11 33361041.968
22 12 431118597.455
22 13 285489698.170
22 14 1512007.997
22 15 157095472.240
22 16 2920746.726
22 17 109709874.575
22 18 10319660.817
22 19 69707375.357
22 20 331832724.726
22 21 283887851.997
