380
0 1 64870631.223
0 2 124960936.837
0 3 274789785.731
0 4 102320396.668
0 5 183274868.754
0 6 42097971.866
0 7 42121080.186
0 8 289984864.877
0 9 36457998.521
0 10 173549682.612
0 11 64964108.662
0 12 983701810.739
0 13 37736288.966
0 14 142643124.808
0 15 646861237.851
0 16 517512007.639
0 17 193201732.852
0 18 183329409.651
0 19 284463274.197
1 0 44450450.663
1 2 23938953.255
1 3 31634445.106
1 4 5016163.659
1 5 24927221.691
1 6 15677653.221
1 7 29255645.005
1 8 35142174.272
1 9 4949805.963
1 10 13981861.022
1 11 10313023.739
1 12 133219672.174
1 13 13633579.573
1 14 21623748.980
1 15 68219362.256
1 16 76376609.519
1 17 18793944.702
1 18 29693139.386
1 19 15361554.751
2 0 66498759.120
2 1 5817454.278
2 3 55314959.227
2 4 29802727.570
2 5 14153378.914
2 6 50466245.870
2 7 26313171.997
2 8 87153846.070
2 9 5830063.889
2 10 22262155.523
2 11 49061250.974
2 12 99621570.644
2 13 5611979.212
2 14 34031876.717
2 15 153404924.441
2 16 77087584.566
2 17 46623849.849
2 18 33228686.324
2 19 105089917.376
3 0 122306373.624
3 1 33772334.133
3 2 89644991.871
3 4 19568039.251
3 5 82999467.121
3 6 34354779.032
3 7 52461566.443
3 8 31658085.513
3 9 16848652.372
3 10 28598598.210
3 11 75080401.210
3 12 413311339.931
3 13 26584028.376
3 14 45861048.895
3 15 92806067.724
3 16 134064822.631
3 17 51051732.096
3 18 66063499.253
3 19 202904897.441
4 0 24693857.620
4 1 10575823.912
4 2 17809210.765
4 3 28922183.116
4 5 5441831.736
4 6 19817821.583
4 7 10395992.938
4 8 13339036.481
4 9 3549863.583
4 10 23478507.564
4 11 22938302.303
4 12 98643003.073
4 13 7438817.567
4 14 19307282.743
4 15 22670726.997
4 16 37030301.952
4 17 22520248.701
4 18 18681237.825
4 19 37711340.100
5 0 194391781.972
5 1 22305449.448
5 2 38498219.376
5 3 40394574.569
5 4 27675365.654
5 6 14953957.603
5 7 31680613.380
5 8 18242724.802
5 9 13090237.881
5 10 12421376.155
5 11 27511731.701
5 12 321192786.717
5 13 10127429.310
5 14 53788185.006
5 15 62971594.686
5 16 146669094.589
5 17 13107490.339
5 18 53552072.136
5 19 25404779.825
6 0 91010165.657
6 1 23483724.326
6 2 58240661.209
6 3 47499175.510
6 4 22642401.504
6 5 9947911.897
6 7 34103770.915
6 8 47127510.801
6 9 8128576.376
6 10 40742087.063
6 11 31565040.725
6 12 161552859.237
6 13 10123657.811
6 14 23185959.123
6 15 209882243.375
6 16 55714437.773
6 17 28507886.348
6 18 19492701.349
6 19 128452649.059
7 0 74101208.958
7 1 16450586.604
7 2 45326213.116
7 3 86334160.483
7 4 12287639.806
7 5 36287764.511
7 6 16337709.767
7 8 58275782.458
7 9 5477731.405
7 10 10310044.509
7 11 14810702.788
7 12 336786484.695
7 13 27329171.967
7 14 37375171.648
7 15 204749715.092
7 16 97193312.719
7 17 18543137.255
7 18 24506458.679
7 19 127101779.597
8 0 65161172.257
8 1 37026310.131
8 2 34393725.930
8 3 47185261.026
8 4 33393624.377
8 5 50318511.213
8 6 89159543.292
8 7 43827794.774
8 9 15195035.770
8 10 32197109.511
8 11 71828259.477
8 12 309502373.131
8 13 45418360.905
8 14 92238511.291
8 15 371026586.679
8 16 60828978.696
8 17 71652617.969
8 18 51044895.717
8 19 216654265.891
9 0 95825159.816
9 1 14084382.266
9 2 24706841.675
9 3 13314191.185
9 4 13755270.551
9 5 10041611.246
9 6 11395378.486
9 7 25137522.348
9 8 10953407.513
9 10 15307592.970
9 11 18746861.124
9 12 104135482.305
9 13 5680560.394
9 14 10530191.214
9 15 83862654.517
9 16 33423683.367
9 17 26553857.699
9 18 8715992.363
9 19 38296633.773
10 0 155915351.955
10 1 5907446.098
10 2 38703769.435
10 3 70837572.160
10 4 5896948.604
10 5 38708173.409
10 6 10936492.191
10 7 35975517.492
10 8 31134760.303
10 9 30693112.844
10 11 26080200.334
10 12 389288564.770
10 13 27602493.297
10 14 36921924.029
10 15 174135090.452
10 16 99456142.087
10 17 13011224.192
10 18 27260676.719
10 19 104664607.343
11 0 176997034.936
11 1 21992435.204
11 2 47117977.832
11 3 36347482.809
11 4 7097217.664
11 5 30969934.357
11 6 53858723.719
11 7 24379218.539
11 8 81860123.797
11 9 12797338.165
11 10 42432110.618
11 12 219389879.744
11 13 20504759.826
11 14 27860862.447
11 15 171269917.448
11 16 134155518.922
11 17 59970932.087
11 18 21870591.128
11 19 141824856.293
12 0 1252644763.372
12 1 69309844.736
12 2 262759137.070
12 3 168495978.197
12 4 160840289.335
12 5 216046912.822
12 6 421322055.426
12 7 107435751.650
12 8 524111180.902
12 9 210809399.208
12 10 370770955.366
12 11 405141288.246
12 13 108064859.326
12 14 309866201.814
12 15 571400546.464
12 16 775203849.354
12 17 79210517.762
12 18 93712516.930
12 19 392722268.676
13 0 45285375.262
13 1 4329332.115
13 2 7043475.450
13 3 30798081.036
13 4 11105770.938
13 5 20192162.309
13 6 8099788.719
13 7 21593050.106
13 8 42869919.844
13 9 7852751.151
13 10 26871310.329
13 11 6409153.192
13 12 61554940.546
13 14 5086792.030
13 15 55387169.772
13 16 52955149.151
13 17 28304156.303
13 18 30704988.595
13 19 63495825.729
14 0 111436441.597
14 1 15215822.085
14 2 56870246.896
14 3 50975488.981
14 4 20364929.916
14 5 44147725.430
14 6 42281407.708
14 7 19850196.412
14 8 68586706.430
14 9 27622522.644
14 10 49499407.571
14 11 21635652.507
14 12 371287469.441
14 13 11487299.397
14 15 190656464.990
14 16 144448030.890
14 17 14426999.328
14 18 19968792.107
14 19 140877908.854
15 0 963353449.792
15 1 82004268.215
15 2 62475089.835
15 3 109459175.702
15 4 32524932.363
15 5 212388144.904
15 6 235046302.498
15 7 252959072.060
15 8 309371816.787
15 9 93471018.017
15 10 136831903.116
15 11 49563938.742
15 12 532773237.523
15 13 132595223.867
15 14 76368437.659
15 16 403191551.480
15 17 160289992.018
15 18 108253879.234
15 19 229743105.696
16 0 171995633.808
16 1 16261814.159
16 2 91577202.303
16 3 132734276.780
16 4 50294419.550
16 5 26062102.538
16 6 92771750.856
16 7 112570637.993
16 8 52165987.253
16 9 28598476.634
16 10 108592418.756
16 11 146270994.605
16 12 1024313619.307
16 13 55619198.041
16 14 96827943.174
16 15 227297419.782
16 17 44675306.550
16 18 80682949.367
16 19 143411489.429
17 0 207598718.797
17 1 21958986.971
17 2 35468176.088
17 3 90671354.857
17 4 13396490.265
17 5 29395303.722
17 6 23313134.419
17 7 10909359.845
17 8 86883942.513
17 9 20526329.995
17 10 16126050.445
17 11 16380856.620
17 12 422880920.493
17 13 18277085.637
17 14 58760327.810
17 15 236642796.479
17 16 107601847.258
17 18 47740674.739
17 19 90413149.746
18 0 175265973.010
18 1 5500257.653
18 2 42353462.782
18 3 69646012.198
18 4 11598678.329
18 5 24253652.012
18 6 28010874.677
18 7 52762426.007
18 8 58453943.139
18 9 19248542.335
18 10 57204685.999
18 11 22756735.777
18 12 290244585.065
18 13 26677626.603
18 14 35915235.496
18 15 133552608.233
18 16 117160743.870
18 17 48977735.213
18 19 91997131.381
19 0 266716612.916
19 1 68356465.929
19 2 42642167.969
19 3 174864065.970
19 4 44854153.416
19 5 123643496.251
19 6 53721401.796
19 7 30692836.529
19 8 162303608.913
19 9 65275135.124
19 10 27055559.157
19 11 74919057.243
19 12 290672021.076
19 13 41843742.418
19 14 107974745.890
19 15 620323820.968
19 16 353754850.522
19 17 39954477.499
19 18 122390668.492
