380
0 1 76621296.864
0 2 104365632.729
0 3 267735398.281
0 4 36283592.821
0 5 91419637.512
0 6 164460508.902
0 7 200044217.380
0 8 89141659.586
0 9 101465890.091
0 10 147373249.410
0 11 89898014.871
0 12 527117934.673
0 13 78009640.313
0 14 89746421.875
0 15 590199691.396
0 16 205389841.223
0 17 48370484.098
0 18 45515144.194
0 19 442494171.880
1 0 42901704.994
1 2 24762462.628
1 3 33855454.014
1 4 14750369.638
1 5 11622824.204
1 6 11695311.226
1 7 14409977.317
1 8 20531886.708
1 9 10645244.728
1 10 27914616.899
1 11 23936301.428
1 12 109012255.172
1 13 13499334.731
1 14 19578422.378
1 15 22453613.632
1 16 69169181.150
1 17 28460533.456
1 18 11680495.667
1 19 52901416.081
2 0 118626683.951
2 1 11641764.706
2 3 88411134.294
2 4 24102587.611
2 5 34143696.009
2 6 17925422.532
2 7 34097765.917
2 8 22431102.419
2 9 20298943.515
2 10 51707026.129
2 11 39957012.691
2 12 403130178.582
2 13 5526675.159
2 14 54985829.137
2 15 163856224.588
2 16 64127639.761
2 17 56177956.484
2 18 33035037.174
2 19 127889036.835
3 0 252972038.958
3 1 12815098.867
3 2 34262606.643
3 4 32975925.850
3 5 57783534.899
3 6 61647215.054
3 7 86193186.162
3 8 59571222.364
3 9 15756383.201
3 10 17103305.558
3 11 23974226.178
3 12 614823601.449
3 13 20783757.156
3 14 73756872.517
3 15 377999723.078
3 16 151417926.446
3 17 35984105.951
3 18 15536766.108
3 19 72481045.787
4 0 82587618.749
4 1 12562604.301
4 2 24801873.307
4 3 11848498.775
4 5 23320115.919
4 6 5274800.389
4 7 23231737.061
4 8 26172041.488
4 9 11911522.661
4 10 29714417.607
4 11 24663283.688
4 12 48951636.032
4 13 13923391.336
4 14 19098907.089
4 15 78170293.881
4 16 73289777.027
4 17 6544604.163
4 18 15496104.985
4 19 55974673.084
5 0 79485166.928
5 1 28798820.695
5 2 48714112.043
5 3 29450554.838
5 4 23794105.924
5 6 22222783.225
5 7 48805104.606
5 8 49740219.314
5 9 23350283.769
5 10 52491353.061
5 11 15458794.945
5 12 383229212.127
5 13 26622675.273
5 14 58259847.135
5 15 164266062.337
5 16 44264080.361
5 17 19208464.043
5 18 34447332.742
5 19 55196770.248
6 0 204515666.464
6 1 6974523.238
6 2 52810024.829
6 3 67853917.941
6 4 29345635.868
6 5 26678397.623
6 7 40144317.052
6 8 63732650.728
6 9 17147509.845
6 10 22235343.643
6 11 55715358.379
6 12 216555373.480
6 13 8211717.872
6 14 25671449.090
6 15 222045491.352
6 16 62998121.992
6 17 18750288.456
6 18 25923563.970
6 19 28602808.501
7 0 83361194.513
7 1 20016138.000
7 2 59282141.200
7 3 59498036.906
7 4 26939885.455
7 5 35590464.416
7 6 40453602.306
7 8 54504511.579
7 9 6852639.775
7 10 32773825.939
7 11 16561820.070
7 12 339033048.835
7 13 6759560.034
7 14 20240608.395
7 15 148999317.330
7 16 145091051.727
7 17 56181157.521
7 18 25679198.583
7 19 106074135.649
8 0 320622702.996
8 1 31626059.664
8 2 88934206.404
8 3 71327851.976
8 4 15796501.435
8 5 36843350.988
8 6 27461722.873
8 7 78236377.468
8 9 24792409.919
8 10 90818937.361
8 11 34911825.501
8 12 563001281.176
8 13 35123437.205
8 14 68030134.271
8 15 223207765.778
8 16 101241112.986
8 17 21993962.287
8 18 63303627.426
8 19 158160735.216
9 0 85148282.003
9 1 12961593.992
9 2 16982286.602
9 3 30583017.829
9 4 8309608.348
9 5 27299170.240
9 6 5764395.245
9 7 13637530.683
9 8 44865220.324
9 10 6019651.365
9 11 23947078.475
9 12 136718311.365
9 13 4403301.672
9 14 25253451.861
9 15 58905381.500
9 16 54637431.612
9 17 17252985.369
9 18 19495515.148
9 19 19391584.601
10 0 81977294.777
10 1 28919068.534
10 2 19579913.489
10 3 17263929.240
10 4 15271135.805
10 5 32297190.638
10 6 14714702.994
10 7 20616306.680
10 8 90678664.079
10 9 24190927.108
10 11 19521160.639
10 12 382104849.318
10 13 8270547.439
10 14 27674915.264
10 15 46563498.133
10 16 124321697.349
10 17 42001753.890
10 18 39480960.225
10 19 43191585.106
11 0 111914835.048
11 1 6772464.290
11 2 25678730.059
11 3 70579040.979
11 4 27562520.024
11 5 59240589.741
11 6 60367844.261
11 7 51909454.824
11 8 67780590.040
11 9 29201770.360
11 10 24162307.884
11 12 113898400.748
11 13 18001923.914
11 14 31364543.391
11 15 56485263.993
11 16 98701782.672
11 17 39988707.504
11 18 21424931.871
11 19 62998232.070
12 0 397033766.140
12 1 185964704.578
12 2 175555775.352
12 3 599752872.750
12 4 49254273.665
12 5 288908482.078
12 6 325535343.181
12 7 235590766.444
12 8 496299001.236
12 9 117449685.253
12 10 157979989.906
12 11 147354575.308
12 13 207747485.564
12 14 373042760.132
12 15 1400437103.426
12 16 195582476.356
12 17 321414207.357
12 18 390330054.811
12 19 586869151.346
13 0 49456633.570
13 1 10199212.866
13 2 19577730.427
13 3 35617640.628
13 4 10832927.300
13 5 21497057.264
13 6 23799104.920
13 7 27477812.402
13 8 21104379.730
13 9 8944084.735
13 10 15635584.808
13 11 16245275.078
13 12 34631455.495
13 14 30596187.599
13 15 34886316.517
13 16 45628385.611
13 17 19953650.512
13 18 23010004.873
13 19 55471390.419
14 0 50739308.124
14 1 21810842.675
14 2 52403198.956
14 3 61524896.917
14 4 26005331.206
14 5 20541989.204
14 6 55462930.232
14 7 60720924.154
14 8 73809261.730
14 9 23895419.465
14 10 19188589.750
14 11 25933567.522
14 12 160433705.492
14 13 7080508.602
14 15 104730615.698
14 16 50887998.972
14 17 11375037.579
14 18 53338135.912
14 19 43767036.388
15 0 292783350.186
15 1 93225331.972
15 2 205205626.758
15 3 280831216.210
15 4 69505992.400
15 5 153894301.683
15 6 245424151.883
15 7 147442002.084
15 8 304687967.137
15 9 138186362.558
15 10 247026642.379
15 11 121055950.102
15 12 455415223.225
15 13 52763433.625
15 14 132846154.394
15 16 557768769.557
15 17 56671298.712
15 18 150595980.444
15 19 531245809.478
16 0 316578089.563
16 1 45473133.134
16 2 139427672.422
16 3 189114332.271
16 4 17607875.454
16 5 127157062.381
16 6 100816962.616
16 7 86182950.850
16 8 227535743.036
16 9 33190729.857
16 10 93738928.516
16 11 111620747.880
16 12 587411796.442
16 13 48824924.520
16 14 75430092.777
16 15 252130687.884
16 17 110870881.139
16 18 78257763.069
16 19 221883533.122
17 0 187618889.186
17 1 9087320.083
17 2 58934951.326
17 3 35251403.719
17 4 18630200.438
17 5 21090241.299
17 6 19075731.309
17 7 52130190.284
17 8 62462744.108
17 9 13520814.855
17 10 15602457.088
17 11 10682505.958
17 12 223065039.633
17 13 7531566.761
17 14 44727466.576
17 15 268385287.444
17 16 151215888.974
17 18 37291426.724
17 19 44042310.364
18 0 148513041.863
18 1 10276425.156
18 2 45670795.897
18 3 72206954.208
18 4 14956177.280
18 5 56202132.901
18 6 46354923.011
18 7 60749009.453
18 8 24091148.158
18 9 11759516.521
18 10 46283369.505
18 11 40367924.383
18 12 189833457.521
18 13 21828371.077
18 14 25740092.517
18 15 114361857.782
18 16 73152579.200
18 17 60817490.664
18 19 109040666.716
19 0 207110749.439
19 1 53652171.960
19 2 92499170.059
19 3 45861417.708
19 4 38822225.306
19 5 81542743.849
19 6 126029507.202
19 7 62325077.692
19 8 206743351.763
19 9 20741861.845
19 10 151718274.793
19 11 87067323.378
19 12 313471347.066
19 13 35673907.080
19 14 57511030.880
19 15 356652447.133
19 16 321016548.218
19 17 60568091.126
19 18 105604827.445
