380
0 1 46129557.409
0 2 101131382.492
0 3 229010922.795
0 4 40569600.062
0 5 110739531.774
0 6 134260494.806
0 7 150109819.726
0 8 88582511.322
0 9 84683521.234
0 10 138210435.186
0 11 69306844.446
0 12 1099712100.243
0 13 32415915.352
0 14 57401135.760
0 15 443793289.553
0 16 285692516.869
0 17 164677912.663
0 18 201634763.890
0 19 167077126.368
1 0 70888878.923
1 2 13209541.366
1 3 34731888.143
1 4 7612586.238
1 5 25545456.608
1 6 19104625.243
1 7 8598513.848
1 8 40246014.246
1 9 5354153.660
1 10 27373286.866
1 11 22512461.105
1 12 125755205.839
1 13 12871069.054
1 14 27988504.209
1 15 103529639.125
1 16 75871626.865
1 17 25561762.012
1 18 30500091.300
1 19 76139437.004
2 0 176969989.099
2 1 23415844.699
2 3 28190225.572
2 4 30635367.734
2 5 59825785.848
2 6 56462007.024
2 7 33211935.100
2 8 42622410.439
2 9 27000364.745
2 10 47864680.044
2 11 58219514.371
2 12 383599997.347
2 13 26051209.139
2 14 20332908.972
2 15 176797902.245
2 16 112377560.578
2 17 12390547.358
2 18 61392030.231
2 19 49540528.098
3 0 180620052.231
3 1 24027022.832
3 2 86144527.765
3 4 39439821.756
3 5 32472436.536
3 6 42473557.281
3 7 90214630.320
3 8 72793392.268
3 9 29056130.583
3 10 82276500.594
3 11 28439571.413
3 12 204925605.322
3 13 34760601.204
3 14 65491482.170
3 15 286955288.675
3 16 161313971.688
3 17 33860832.410
3 18 26992765.387
3 19 141680222.366
4 0 84420026.241
4 1 12820545.490
4 2 8528569.342
4 3 12570541.503
4 5 22720732.087
4 6 17975005.144
4 7 24136856.926
4 8 20994789.829
4 9 11289280.907
4 10 6747662.760
4 11 24588937.703
4 12 186357624.283
4 13 5530084.885
4 14 16754804.164
4 15 106995608.939
4 16 65301436.174
4 17 26390731.394
4 18 6588703.415
4 19 49199030.866
5 0 165992115.398
5 1 24243423.565
5 2 44496231.142
5 3 59470690.814
5 4 22062131.854
5 6 10503901.558
5 7 45724387.773
5 8 43776780.902
5 9 11121613.082
5 10 24933298.393
5 11 17659433.447
5 12 275673407.661
5 13 13154705.655
5 14 59436122.781
5 15 53180665.149
5 16 73014200.184
5 17 36122470.284
5 18 22314529.866
5 19 30686432.459
6 0 171200908.840
6 1 6382046.751
6 2 59459621.760
6 3 63322016.240
6 4 11334563.850
6 5 31645410.245
6 7 13894685.796
6 8 74596796.141
6 9 25104527.473
6 10 22201533.668
6 11 23755841.304
6 12 154095662.531
6 13 22575052.585
6 14 32272781.227
6 15 192053968.412
6 16 25429364.911
6 17 35131652.670
6 18 9971597.502
6 19 36618566.924
7 0 125720157.200
7 1 22783495.311
7 2 52317329.101
7 3 74884347.719
7 4 15302311.960
7 5 28372665.459
7 6 49046230.176
7 8 49066195.290
7 9 5815967.295
7 10 32938526.405
7 11 53814466.370
7 12 144733934.738
7 13 26047353.594
7 14 29615500.202
7 15 142691798.838
7 16 81301579.294
7 17 48904353.509
7 18 54974255.238
7 19 73613106.252
8 0 302766156.566
8 1 32158163.153
8 2 75806813.227
8 3 42677300.097
8 4 12387134.499
8 5 27491133.781
8 6 15928393.777
8 7 69639599.089
8 9 25631698.209
8 10 53282502.619
8 11 31642057.540
8 12 434584849.998
8 13 33844059.800
8 14 31177832.139
8 15 181363898.826
8 16 208185159.923
8 17 30016182.911
8 18 49180682.587
8 19 108775912.386
9 0 19001724.801
9 1 11603519.914
9 2 25616769.803
9 3 9815284.916
9 4 5559139.514
9 5 16217537.509
9 6 15131093.646
9 7 25111153.049
9 8 11468391.862
9 10 7138737.829
9 11 25218354.661
9 12 152214244.920
9 13 4763074.594
9 14 27606352.832
9 15 34003191.724
9 16 70203744.794
9 17 26235162.680
9 18 16600973.700
9 19 53438715.215
10 0 48834279.297
10 1 27530776.726
10 2 11275734.249
10 3 90521277.633
10 4 13095439.340
10 5 13612477.850
10 6 12064912.841
10 7 14894299.457
10 8 30132819.136
10 9 18982332.220
10 11 55292957.730
10 12 178258776.495
10 13 30037761.051
10 14 41169374.876
10 15 197713072.979
10 16 63400109.797
10 17 22113268.278
10 18 12162652.001
10 19 76068573.406
11 0 199972478.823
11 1 7074456.684
11 2 30721586.613
11 3 17683454.366
11 4 5649537.331
11 5 46573515.640
11 6 45104436.414
11 7 45716225.383
11 8 45312416.674
11 9 5226107.094
11 10 29305177.757
11 12 191768172.221
11 13 11528287.797
11 14 31249111.758
11 15 92686344.749
11 16 30359287.120
11 17 23751443.607
11 18 54128083.749
11 19 57280922.758
12 0 946296906.464
12 1 171357248.503
12 2 116196683.092
12 3 415638333.919
12 4 159464874.543
12 5 401557919.122
12 6 130369353.053
12 7 358595002.122
12 8 182191578.346
12 9 55153508.909
12 10 402468796.972
12 11 90224941.732
12 13 211117874.497
12 14 113324467.599
12 15 457497528.446
12 16 669674291.029
12 17 308762168.696
12 18 81172340.853
12 19 234781052.248
13 0 94499059.210
13 1 8975612.986
13 2 19371438.713
13 3 39251632.219
13 4 3022505.361
13 5 10475459.618
13 6 11462496.238
13 7 10429831.706
13 8 11055224.126
13 9 14095941.647
13 10 27452759.245
13 11 7633835.290
13 12 62538777.969
13 14 8218824.806
13 15 29858568.032
13 16 75048093.531
13 17 28031893.305
13 18 25739104.133
13 19 69093516.365
14 0 93152904.382
14 1 9066809.424
14 2 28939126.584
14 3 57995953.192
14 4 20991794.075
14 5 26302141.511
14 6 22168949.132
14 7 44166247.384
14 8 15019003.890
14 9 21014722.313
14 10 17616978.051
14 11 17381768.813
14 12 329625743.445
14 13 13158198.328
14 15 146563115.217
14 16 102634101.278
14 17 53315470.474
14 18 27026729.866
14 19 133714451.552
15 0 419749689.520
15 1 84146320.374
15 2 219463411.563
15 3 156112735.214
15 4 57364634.663
15 5 108701850.520
15 6 51021803.736
15 7 248263630.420
15 8 277624500.519
15 9 124644568.356
15 10 254122109.285
15 11 260790553.207
15 12 1199924571.368
15 13 137610266.444
15 14 204258957.873
15 16 256250519.937
15 17 121924462.775
15 18 235300210.179
15 19 175485736.724
16 0 310209817.716
16 1 71079729.820
16 2 129730502.644
16 3 191099606.388
16 4 51989579.720
16 5 94319163.690
16 6 76976431.985
16 7 112220128.768
16 8 77554933.352
16 9 25706054.331
16 10 145616141.635
16 11 115094301.175
16 12 749039143.108
16 13 57193221.098
16 14 152336990.702
16 15 608264965.418
16 17 140583632.804
16 18 69732248.163
16 19 171973645.718
17 0 64514573.068
17 1 17245438.701
17 2 27586897.224
17 3 53960339.644
17 4 18627891.333
17 5 59841706.935
17 6 42302573.085
17 7 36147449.863
17 8 23146845.919
17 9 13491814.912
17 10 35262621.700
17 11 20845954.036
17 12 238204600.615
17 13 20287334.050
17 14 27349439.313
17 15 127328094.425
17 16 37646586.534
17 18 23988943.976
17 19 51491603.588
18 0 136926980.508
18 1 17043960.019
18 2 40445274.468
18 3 29047165.868
18 4 10601861.548
18 5 32747527.757
18 6 50011252.184
18 7 27782402.401
18 8 55189879.758
18 9 25470608.355
18 10 39255789.701
18 11 49950877.469
18 12 101932873.693
18 13 18928909.799
18 14 43616455.800
18 15 127521128.425
18 16 106971157.834
18 17 38680661.170
18 19 117518843.869
19 0 405750758.406
19 1 40164749.341
19 2 128594004.801
19 3 81679490.828
19 4 17760052.115
19 5 99374584.545
19 6 145508432.760
19 7 28630154.044
19 8 71828531.220
19 9 41296652.191
19 10 56267716.948
19 11 109548851.743
19 12 940509279.401
19 13 48914911.880
19 14 102566002.347
19 15 530456139.579
19 16 167926715.592
19 17 43007423.020
19 18 34828926.297
