380
0 1 17279238.221
0 2 154710215.049
0 3 284660929.287
0 4 73157415.424
0 5 153753840.124
0 6 124234895.746
0 7 123083012.707
0 8 127856922.123
0 9 107209957.158
0 10 134156865.126
0 11 45121003.316
0 12 854643625.001
0 13 102436147.947
0 14 166183136.234
0 15 237160131.523
0 16 127385177.814
0 17 196822345.232
0 18 78007338.817
0 19 397001595.312
1 0 83477810.339
1 2 20824372.305
1 3 16444085.616
1 4 9303898.718
1 5 29216031.967
1 6 9001904.272
1 7 30271521.968
1 8 20351722.889
1 9 8262637.844
1 10 9194694.239
1 11 28028766.965
1 12 41054705.773
1 13 3081418.208
1 14 11729913.817
1 15 97141918.284
1 16 29076143.181
1 17 17662592.046
1 18 12255293.135
1 19 65656659.893
2 0 39356604.494
2 1 16645961.740
2 3 72754925.774
2 4 27847028.327
2 5 14940004.962
2 6 32215340.520
2 7 40689829.346
2 8 37963182.043
2 9 25398329.337
2 10 31616479.282
2 11 20196775.860
2 12 334274965.525
2 13 25322468.895
2 14 14061364.967
2 15 174015403.685
2 16 89971613.321
2 17 52477885.293
2 18 58716193.201
2 19 67240684.268
3 0 206005942.511
3 1 39627361.674
3 2 84607272.961
3 4 12214394.510
3 5 49702541.125
3 6 61776775.953
3 7 51057161.588
3 8 69946731.394
3 9 30118862.666
3 10 43564798.335
3 11 53356272.213
3 12 446241480.209
3 13 23974016.895
3 14 28589949.496
3 15 337606780.387
3 16 186349974.559
3 17 55734351.263
3 18 86972473.356
3 19 132455890.024
4 0 18111230.654
4 1 3871239.293
4 2 13365724.860
4 3 11733105.750
4 5 29076980.748
4 6 17754035.936
4 7 29912006.120
4 8 29103642.097
4 9 8704243.749
4 10 9398765.253
4 11 21568907.395
4 12 152805260.798
4 13 12099719.849
4 14 13479053.637
4 15 129800512.754
4 16 23075227.807
4 17 7487589.842
4 18 17581785.686
4 19 46290836.453
5 0 57166174.103
5 1 8545655.264
5 2 38920913.458
5 3 90153461.505
5 4 26393000.130
5 6 56735897.691
5 7 33799737.898
5 8 22597469.049
5 9 5285653.477
5 10 45222735.065
5 11 59297500.555
5 12 368423932.149
5 13 14095581.118
5 14 50518104.921
5 15 216402533.209
5 16 88517952.543
5 17 31404001.595
5 18 12416129.793
5 19 99007306.802
6 0 174502717.589
6 1 27559645.144
6 2 49228447.604
6 3 26009311.316
6 4 21466585.986
6 5 25910856.831
6 7 54259432.615
6 8 62608267.662
6 9 17022724.798
6 10 32822832.135
6 11 10942202.251
6 12 148527032.090
6 13 19093047.230
6 14 47982353.786
6 15 53874721.341
6 16 119797957.162
6 17 33177693.723
6 18 41716477.047
6 19 95700872.014
7 0 67384681.301
7 1 20687907.207
7 2 16282726.049
7 3 31710346.204
7 4 22202122.759
7 5 16923638.801
7 6 58194777.737
7 8 85066395.558
7 9 23307276.984
7 10 33479199.157
7 11 51189332.668
7 12 216611139.291
7 13 16323575.008
7 14 50069658.501
7 15 102512567.196
7 16 117880594.530
7 17 19672859.551
7 18 37368772.276
7 19 93171464.631
8 0 153617980.412
8 1 45534240.193
8 2 83025864.586
8 3 27481356.191
8 4 21893011.434
8 5 23856581.435
8 6 24260000.575
8 7 16800617.405
8 9 25730860.865
8 10 90158674.886
8 11 39543032.828
8 12 329818314.462
8 13 26860042.975
8 14 68993860.865
8 15 196820678.615
8 16 44904422.433
8 17 83266646.908
8 18 65774281.407
8 19 71475720.370
9 0 61545230.452
9 1 9731904.441
9 2 7719828.058
9 3 31146178.558
9 4 4667779.848
9 5 28504943.011
9 6 30657174.513
9 7 15123120.406
9 8 35330155.195
9 10 20563737.261
9 11 27030276.601
9 12 103905038.276
9 13 11271737.461
9 14 15005821.645
9 15 101731655.612
9 16 42489648.797
9 17 10103645.264
9 18 27655922.600
9 19 75294894.602
10 0 198786162.568
10 1 14800248.408
10 2 52029948.375
10 3 15909171.659
10 4 26104967.799
10 5 44539609.901
10 6 44632878.855
10 7 55416020.023
10 8 38286869.098
10 9 5605051.621
10 11 51695004.854
10 12 379467571.749
10 13 17461881.444
10 14 18417413.741
10 15 198414716.741
10 16 119376870.262
10 17 15041357.557
10 18 46227459.016
10 19 84610417.944
11 0 77382681.525
11 1 14946389.789
11 2 44741945.959
11 3 74194465.606
11 4 21277962.846
11 5 14694162.929
11 6 46596244.518
11 7 10237742.975
11 8 31909204.420
11 9 11012002.005
11 10 10472217.369
11 12 363069225.886
11 13 20870826.226
11 14 34032564.707
11 15 46890926.916
11 16 87786383.376
11 17 42430085.634
11 18 50772255.328
11 19 49836685.067
12 0 1319460696.997
12 1 117117248.557
12 2 102423987.768
12 3 149458387.536
12 4 65515416.919
12 5 102207993.216
12 6 134255501.130
12 7 400058944.789
12 8 257743568.884
12 9 72877701.248
12 10 138834922.795
12 11 124866726.052
12 13 159362488.281
12 14 267906100.111
12 15 783047257.664
12 16 795489433.486
12 17 332488320.552
12 18 395205653.513
12 19 358986985.455
13 0 70933258.580
13 1 12911895.543
13 2 24603663.599
13 3 29742309.270
13 4 4176192.654
13 5 15104869.659
13 6 23774157.517
13 7 10524834.778
13 8 19008111.075
13 9 6165623.978
13 10 14855821.024
13 11 9558873.781
13 12 193145407.642
13 14 28409782.827
13 15 83981066.487
13 16 54609550.063
13 17 23190677.754
13 18 5290675.045
13 19 53325793.193
14 0 180991478.906
14 1 30089045.354
14 2 39309792.954
14 3 41154401.446
14 4 23076668.276
14 5 29816662.524
14 6 51484528.618
14 7 36882712.341
14 8 45765113.095
14 9 9996942.903
14 10 45921734.694
14 11 14973738.815
14 12 264905271.438
14 13 25897822.844
14 15 167585695.155
14 16 91420525.881
14 17 16636908.134
14 18 57751918.902
14 19 83877101.071
15 0 164818103.414
15 1 110649093.347
15 2 205290696.358
15 3 337110344.361
15 4 130109121.036
15 5 219909415.102
15 6 267334712.908
15 7 56578944.904
15 8 245521592.222
15 9 116462238.256
15 10 95762632.773
15 11 84404206.737
15 12 459610689.204
15 13 60567435.735
15 14 205965258.782
15 16 297822907.868
15 17 172428564.791
15 18 218469075.719
15 19 243063692.288
16 0 328618157.712
16 1 43679787.933
16 2 68060085.441
16 3 76687703.304
16 4 59622671.445
16 5 91358738.948
16 6 30894260.000
16 7 106577095.935
16 8 127891146.889
16 9 39588922.351
16 10 65541267.708
16 11 135104136.148
16 12 627421060.581
16 13 24070546.070
16 14 47536378.442
16 15 300970054.784
16 17 72047254.560
16 18 37890700.694
16 19 96022789.157
17 0 92568438.782
17 1 11357226.566
17 2 60165202.646
17 3 68531873.942
17 4 30342803.533
17 5 36729506.482
17 6 45426891.744
17 7 36927102.111
17 8 35985394.337
17 9 12159150.043
17 10 47644730.817
17 11 43550023.917
17 12 79711547.892
17 13 19279473.130
17 14 35932861.506
17 15 222796561.209
17 16 55084889.358
17 18 45404170.517
17 19 69147712.578
18 0 71344097.477
18 1 30075543.427
18 2 50056942.025
18 3 36996801.096
18 4 6489707.428
18 5 55508201.133
18 6 18652769.216
18 7 51912574.086
18 8 77918879.382
18 9 25857324.680
18 10 25618709.410
18 11 51795972.477
18 12 350314237.151
18 13 21485578.533
18 14 60834995.536
18 15 255943557.344
18 16 86570581.272
18 17 50945408.111
18 19 125690675.305
19 0 396592410.010
19 1 73224318.567
19 2 151102107.461
19 3 155137063.931
19 4 47802576.346
19 5 97335402.208
19 6 90203009.293
19 7 33922920.312
19 8 186307639.308
19 9 16932830.138
19 10 71502422.187
19 11 147777087.704
19 12 556765856.897
19 13 51352730.764
19 14 55516085.463
19 15 172739057.182
19 16 275830504.100
19 17 101191809.418
19 18 25512976.921
