380
0 1 51504138.764
0 2 69179849.414
0 3 200333029.873
0 4 47879764.219
0 5 177303841.275
0 6 107361331.748
0 7 138231560.571
0 8 230553731.320
0 9 98209145.235
0 10 165966517.916
0 11 80616136.933
0 12 1331147888.251
0 13 62104796.544
0 14 128357866.551
0 15 689009594.645
0 16 219661650.832
0 17 107015356.337
0 18 75912595.527
0 19 99056183.732
1 0 70604119.220
1 2 16683816.956
1 3 27920249.098
1 4 5712463.386
1 5 7321851.013
1 6 10054560.271
1 7 28187475.269
1 8 24605567.378
1 9 5485227.623
1 10 15839664.372
1 11 10713668.802
1 12 147991638.153
1 13 14471954.494
1 14 17002235.339
1 15 125452409.980
1 16 25681491.194
1 17 26486843.650
1 18 30308248.068
1 19 43834195.420
2 0 49920147.026
2 1 25511313.769
2 3 17184316.176
2 4 28503754.875
2 5 25247148.981
2 6 57179252.974
2 7 38059147.710
2 8 83532959.417
2 9 11081866.045
2 10 36417759.778
2 11 39011836.046
2 12 146206524.266
2 13 10694612.528
2 14 14585260.774
2 15 76760970.965
2 16 130643991.795
2 17 44210198.264
2 18 44044160.950
2 19 89858011.448
3 0 247417542.983
3 1 8187170.781
3 2 47098690.674
3 4 18373522.710
3 5 72472390.223
3 6 70632150.354
3 7 24453829.076
3 8 68777161.441
3 9 32385240.222
3 10 37051371.337
3 11 70645918.532
3 12 360192614.936
3 13 24922898.970
3 14 89796133.902
3 15 122967858.053
3 16 140806443.170
3 17 47581647.439
3 18 76866968.601
3 19 76700916.560
4 0 39692729.739
4 1 15263364.004
4 2 23283173.598
4 3 20541759.917
4 5 18017765.917
4 6 28958875.578
4 7 13437037.583
4 8 43773056.877
4 9 12361876.671
4 10 5417667.924
4 11 22607811.936
4 12 185702527.412
4 13 13453123.531
4 14 28705609.429
4 15 64679065.060
4 16 21504239.155
4 17 29200304.951
4 18 19515860.743
4 19 17230704.851
5 0 114202195.117
5 1 5106583.308
5 2 58086365.611
5 3 80826806.061
5 4 7010587.805
5 6 13331913.346
5 7 36221180.477
5 8 75195079.570
5 9 6707084.822
5 10 44870605.870
5 11 29784460.433
5 12 404931791.737
5 13 24651702.904
5 14 13258061.067
5 15 141114603.392
5 16 33497586.974
5 17 26712965.915
5 18 42771906.647
5 19 46827601.876
6 0 176224531.277
6 1 25720377.190
6 2 47782441.348
6 3 75517487.553
6 4 28136370.057
6 5 48490468.725
6 7 26321283.108
6 8 84852220.487
6 9 8756863.917
6 10 48281161.042
6 11 23754867.953
6 12 117351615.632
6 13 6883834.669
6 14 45745782.774
6 15 260691719.329
6 16 41241748.409
6 17 43450891.601
6 18 34907060.318
6 19 109309259.754
7 0 143361896.697
7 1 6489757.952
7 2 51451945.569
7 3 57016642.127
7 4 7565808.715
7 5 32446340.023
7 6 38436933.275
7 8 54823668.326
7 9 23483292.934
7 10 30134989.241
7 11 57723371.514
7 12 419089171.000
7 13 11150411.417
7 14 33716363.269
7 15 70448424.584
7 16 80895470.987
7 17 20260646.145
7 18 41627183.134
7 19 124564361.035
8 0 115208826.614
8 1 18359243.042
8 2 19355774.976
8 3 68218592.486
8 4 45369403.006
8 5 50272755.651
8 6 16507308.034
8 7 79519114.386
8 9 30646851.539
8 10 59033446.163
8 11 34300686.995
8 12 192475556.031
8 13 15728323.464
8 14 41708738.098
8 15 237132835.326
8 16 114273940.148
8 17 70797274.618
8 18 30268527.973
8 19 62441953.434
9 0 102426856.897
9 1 6809377.321
9 2 25926947.031
9 3 39799215.667
9 4 15327213.633
9 5 5402496.690
9 6 7620675.573
9 7 25776310.927
9 8 27331265.299
9 10 19530568.304
9 11 28711089.120
9 12 166896662.656
9 13 14293733.813
9 14 20638126.145
9 15 114333399.578
9 16 28809892.944
9 17 27102653.110
9 18 15046342.089
9 19 48723961.081
10 0 133145607.064
10 1 28394018.273
10 2 10890739.429
10 3 81177889.082
10 4 15234979.526
10 5 19061682.136
10 6 39353910.771
10 7 24770624.783
10 8 75368860.147
10 9 13258001.007
10 11 46691410.925
10 12 369311166.033
10 13 6722122.082
10 14 48238677.502
10 15 145950774.183
10 16 139945326.696
10 17 58923104.664
10 18 29003564.366
10 19 138178701.707
11 0 51453246.838
11 1 10497627.923
11 2 52164306.927
11 3 29935741.615
11 4 14814142.338
11 5 44030459.266
11 6 21203014.652
11 7 59011481.509
11 8 24431196.276
11 9 8596702.475
11 10 55684543.541
11 12 359116042.840
11 13 24607790.309
11 14 12750751.481
11 15 175740847.207
11 16 134341601.364
11 17 54955215.140
11 18 22968555.459
11 19 150055867.228
12 0 1357788628.624
12 1 73303367.219
12 2 95032891.002
12 3 625829660.775
12 4 83283619.443
12 5 321540883.305
12 6 321792829.637
12 7 423778611.442
12 8 604844335.747
12 9 142549490.042
12 10 139006431.643
12 11 232498231.246
12 13 151077045.713
12 14 388333751.255
12 15 1152856191.141
12 16 825651499.616
12 17 377876772.546
12 18 327152346.377
12 19 881995327.514
13 0 45907447.837
13 1 2998920.792
13 2 22427312.936
13 3 36675979.120
13 4 12343933.506
13 5 26161151.717
13 6 8968687.430
13 7 21985219.764
13 8 28463917.407
13 9 7088084.242
13 10 26319780.943
13 11 18710878.831
13 12 69318085.287
13 14 25255538.048
13 15 79770493.792
13 16 59695154.027
13 17 27051997.711
13 18 14391187.994
13 19 68732513.979
14 0 181436762.456
14 1 6135167.699
14 2 27872539.597
14 3 24964575.314
14 4 28529324.323
14 5 47796575.835
14 6 46518418.424
14 7 25501781.803
14 8 56322681.240
14 9 7368328.055
14 10 53459770.473
14 11 53202787.057
14 12 327041884.332
14 13 6199863.782
14 15 92081249.054
14 16 96994988.225
14 17 31825239.925
14 18 11623483.283
14 19 129944635.315
15 0 621768259.574
15 1 120962202.477
15 2 220643036.798
15 3 341754019.179
15 4 78638059.115
15 5 86697861.900
15 6 141557488.595
15 7 161082617.991
15 8 105744207.610
15 9 93499180.323
15 10 145264282.936
15 11 167415688.826
15 12 1110208088.296
15 13 85500133.186
15 14 159113879.351
15 16 438837569.835
15 17 146624972.989
15 18 220989888.572
15 19 662459367.948
16 0 405972245.083
16 1 74091733.030
16 2 77855336.523
16 3 84115414.476
16 4 56723587.979
16 5 24784741.654
16 6 86648739.531
16 7 153290295.583
16 8 180930528.896
16 9 24968741.282
16 10 130470795.094
16 11 27529258.837
16 12 963548324.121
16 13 15457736.920
16 14 85582964.086
16 15 442147278.718
16 17 26133954.060
16 18 102798373.699
16 19 242937030.035
17 0 148657703.217
17 1 29822348.964
17 2 53167045.225
17 3 20055826.666
17 4 29186760.851
17 5 39238325.326
17 6 53665749.532
17 7 47881979.315
17 8 29889024.786
17 9 22605086.816
17 10 50355079.555
17 11 59628782.007
17 12 250251303.251
17 13 16895749.500
17 14 47240398.588
17 15 215397256.218
17 16 76982323.155
17 18 42561296.468
17 19 113282355.446
18 0 198899902.074
18 1 6805532.281
18 2 28628119.372
18 3 87953016.271
18 4 25590098.577
18 5 19729231.481
18 6 13326963.860
18 7 25557055.555
18 8 23689264.591
18 9 22566323.331
18 10 27652920.631
18 11 37558832.382
18 12 206293781.985
18 13 7440376.064
18 14 35333646.003
18 15 170755068.229
18 16 119327166.678
18 17 60801209.937
18 19 67896157.804
19 0 275578449.819
19 1 17747571.673
19 2 59158575.635
19 3 134853074.392
19 4 65924933.934
19 5 61745386.598
19 6 142024156.150
19 7 65620150.709
19 8 57543601.864
19 9 70336326.659
19 10 39564630.679
19 11 61581452.497
19 12 732809878.214
19 13 24519924.941
19 14 136051020.827
19 15 592128197.306
19 16 295147296.422
19 17 95849298.340
19 18 56493172.215
