380
0 1 99342531.530
0 2 142447734.015
0 3 166538419.289
0 4 82985902.971
0 5 183660106.952
0 6 170967361.811
0 7 79866912.646
0 8 294793352.561
0 9 72239902.181
0 10 154179781.760
0 11 191042756.441
0 12 1183062395.730
0 13 54046250.659
0 14 146343776.719
0 15 453994054.666
0 16 494417313.673
0 17 126195301.830
0 18 77139782.213
0 19 137120535.855
1 0 81312251.754
1 2 5362820.952
1 3 17636472.036
1 4 12766369.187
1 5 29700202.248
1 6 8813340.786
1 7 22287107.677
1 8 25545223.948
1 9 7167114.658
1 10 30099872.510
1 11 11976144.237
1 12 94781177.587
1 13 7865154.608
1 14 8654250.233
1 15 129855215.219
1 16 27579246.770
1 17 22376212.260
1 18 4923027.711
1 19 35242469.367
2 0 71956868.411
2 1 5331999.404
2 3 17299879.384
2 4 27589147.842
2 5 55351141.749
2 6 42631925.671
2 7 32433663.713
2 8 31510254.959
2 9 29579474.071
2 10 40747218.314
2 11 22183319.605
2 12 397851008.629
2 13 14027024.061
2 14 11452955.827
2 15 207104866.404
2 16 81515689.052
2 17 48200724.564
2 18 54010639.956
2 19 58377845.744
3 0 68509545.143
3 1 13866646.451
3 2 33511019.139
3 4 42346053.849
3 5 87751317.570
3 6 73242836.656
3 7 50417958.580
3 8 34936449.061
3 9 9088424.158
3 10 50344103.040
3 11 23479554.726
3 12 472517590.611
3 13 22677328.502
3 14 16619213.653
3 15 324190925.454
3 16 125571134.447
3 17 85792347.591
3 18 24613793.930
3 19 42133073.358
4 0 72693955.596
4 1 4031406.710
4 2 21347334.238
4 3 40115459.185
4 5 25167334.523
4 6 21159647.296
4 7 17991027.144
4 8 16121851.045
4 9 11159795.550
4 10 9646073.150
4 11 20279969.697
4 12 63264336.124
4 13 12193377.283
4 14 28346558.760
4 15 123143387.548
4 16 41127889.010
4 17 20173580.259
4 18 19585824.580
4 19 55027921.324
5 0 147175066.203
5 1 24246966.906
5 2 13802635.897
5 3 60873697.287
5 4 13658865.951
5 6 10970844.315
5 7 12355975.004
5 8 56311075.342
5 9 25621676.410
5 10 39784363.926
5 11 57833197.876
5 12 423007496.593
5 13 21760631.918
5 14 36858856.207
5 15 90443780.524
5 16 111484670.892
5 17 51271798.939
5 18 27121804.409
5 19 105125251.670
6 0 73672949.720
6 1 7531227.924
6 2 60332963.540
6 3 40783887.336
6 4 5796674.691
6 5 42643146.443
6 7 43357101.328
6 8 79483806.843
6 9 24750612.067
6 10 43676831.619
6 11 56321548.468
6 12 74030047.004
6 13 7593633.441
6 14 25184021.307
6 15 159010276.991
6 16 130508276.019
6 17 28250194.124
6 18 50639074.573
6 19 106289213.638
7 0 208012961.452
7 1 30287900.655
7 2 57554502.346
7 3 43103809.546
7 4 14840410.473
7 5 24420842.775
7 6 44732662.648
7 8 37458713.608
7 9 11499747.417
7 10 45835606.393
7 11 18600220.985
7 12 83614868.078
7 13 27035309.755
7 14 15046367.669
7 15 61831388.300
7 16 79470451.913
7 17 19430045.183
7 18 27724138.741
7 19 53885079.011
8 0 269165899.207
8 1 22667766.058
8 2 32410840.693
8 3 115891505.211
8 4 18384201.462
8 5 35297808.417
8 6 59716858.057
8 7 65737484.916
8 9 39882648.410
8 10 35966818.266
8 11 54046795.142
8 12 551621760.354
8 13 34004871.787
8 14 40656603.955
8 15 128669871.498
8 16 169877833.948
8 17 90453611.853
8 18 62188326.210
8 19 71790062.454
9 0 20065935.728
9 1 11787816.961
9 2 26404020.602
9 3 23978293.694
9 4 3305781.353
9 5 12861936.509
9 6 17582982.191
9 7 29947995.402
9 8 38340442.077
9 10 30307100.756
9 11 15443904.887
9 12 65324809.472
9 13 9012582.547
9 14 24572982.795
9 15 112599741.518
9 16 66687998.270
9 17 30210865.537
9 18 6495527.764
9 19 13827384.160
10 0 127723273.810
10 1 5562245.455
10 2 39766628.102
10 3 28044406.214
10 4 27675559.210
10 5 38867996.522
10 6 20849488.521
10 7 34634067.469
10 8 65638766.057
10 9 7189291.436
10 11 12802038.069
10 12 125121058.640
10 13 17254020.665
10 14 25829097.899
10 15 52256475.808
10 16 113321167.598
10 17 10684477.707
10 18 49628509.215
10 19 85391173.649
11 0 190834341.999
11 1 12507242.927
11 2 17281970.506
11 3 18229930.050
11 4 26904081.548
11 5 33799511.539
11 6 42460815.382
11 7 25775128.547
11 8 64190291.091
11 9 25057089.031
11 10 28026137.447
11 12 423731117.915
11 13 13537282.132
11 14 36206912.185
11 15 202417032.556
11 16 41307316.218
11 17 22641056.573
11 18 46663528.554
11 19 92716587.512
12 0 585616177.743
12 1 135652870.870
12 2 124334098.456
12 3 204596245.361
12 4 101191653.600
12 5 371253091.434
12 6 115664504.320
12 7 418232182.306
12 8 581759396.347
12 9 197573031.239
12 10 277282136.939
12 11 310070331.729
12 13 84438857.475
12 14 140399909.163
12 15 1802539057.664
12 16 1053380891.198
12 17 365544103.899
12 18 72539379.323
12 19 357552197.000
13 0 19405052.102
13 1 2546603.109
13 2 27156963.159
13 3 22764755.824
13 4 4977569.412
13 5 26966877.930
13 6 22578615.556
13 7 11325751.924
13 8 29890368.067
13 9 13608242.657
13 10 17766086.425
13 11 16437966.846
13 12 55374483.603
13 14 23246608.197
13 15 50772051.175
13 16 68229533.021
13 17 14368560.571
13 18 24166369.008
13 19 67051863.285
14 0 113314003.680
14 1 19582918.376
14 2 40746775.309
14 3 61518496.958
14 4 5663726.202
14 5 23903390.276
14 6 50214456.729
14 7 56296558.239
14 8 53493733.875
14 9 8819383.026
14 10 17923295.802
14 11 18404457.168
14 12 306565201.555
14 13 18522133.416
14 15 192121709.487
14 16 124609111.344
14 17 34903080.568
14 18 55462549.060
14 19 67451868.528
15 0 801943231.901
15 1 89278989.477
15 2 191558952.497
15 3 232648884.555
15 4 48386893.965
15 5 248753871.073
15 6 140738473.603
15 7 56085487.571
15 8 318790175.507
15 9 51401468.399
15 10 61414381.550
15 11 68320751.776
15 12 1345738156.087
15 13 106566361.797
15 14 184982263.916
15 16 166994799.637
15 17 265439226.320
15 18 142268136.030
15 19 489266484.012
16 0 282397235.056
16 1 24578279.479
16 2 27357521.582
16 3 111252540.774
16 4 76531202.381
16 5 114759943.606
16 6 50511346.447
16 7 93570122.103
16 8 174502225.328
16 9 40107870.552
16 10 90112365.863
16 11 38849474.609
16 12 510058492.705
16 13 58000449.403
16 14 130451439.266
16 15 290854694.314
16 17 31949876.382
16 18 84251209.561
16 19 263993813.278
17 0 153550116.616
17 1 27123078.248
17 2 34409197.570
17 3 24713591.674
17 4 24982778.015
17 5 20479096.287
17 6 27202670.931
17 7 34661257.983
17 8 45899671.980
17 9 15029531.432
17 10 47854745.084
17 11 49472898.584
17 12 424975692.836
17 13 30619447.049
17 14 19345989.301
17 15 205148333.915
17 16 78404893.011
17 18 49213487.012
17 19 87507972.846
18 0 202359110.851
18 1 30712699.837
18 2 59890683.434
18 3 17045904.750
18 4 9138267.823
18 5 33209966.340
18 6 22164419.740
18 7 49195287.671
18 8 64821002.793
18 9 10990998.556
18 10 17493090.690
18 11 11226056.245
18 12 289641811.418
18 13 12228225.708
18 14 30240358.687
18 15 81157062.535
18 16 109842875.256
18 17 19249764.999
18 19 67095664.266
19 0 183105287.658
19 1 62119126.288
19 2 46237683.777
19 3 101215565.079
19 4 55083701.900
19 5 128550396.483
19 6 101407825.546
19 7 51847842.309
19 8 152491822.700
19 9 71529330.040
19 10 63290811.254
19 11 121124641.984
19 12 1007699454.860
19 13 64139992.510
19 14 122785420.490
19 15 211017638.880
19 16 70098995.111
19 17 31736129.388
19 18 136003717.439
