380
0 1 28784972.960
0 2 76022595.471
0 3 89138218.385
0 4 45613733.053
0 5 57048325.514
0 6 68327075.036
0 7 214937238.669
0 8 62668235.604
0 9 26608724.086
0 10 55710002.426
0 11 67351703.585
0 12 261985749.155
0 13 19132542.071
0 14 109452052.330
0 15 711490135.056
0 16 507618601.128
0 17 66443391.928
0 18 124752735.711
0 19 380541248.025
1 0 71083221.828
1 2 5861185.203
1 3 21084530.640
1 4 10966905.337
1 5 18297281.675
1 6 15448057.651
1 7 5802096.073
1 8 16998802.735
1 9 6102707.344
1 10 23389959.530
1 11 30036275.740
1 12 190851441.189
1 13 10734869.652
1 14 7470383.454
1 15 87757137.629
1 16 63186512.364
1 17 25290307.462
1 18 26194557.824
1 19 75204743.998
2 0 34702120.117
2 1 8788418.114
2 3 51601671.426
2 4 25397216.798
2 5 61186751.467
2 6 38493389.055
2 7 19500111.827
2 8 43236423.420
2 9 26211062.184
2 10 35579070.945
2 11 38727065.677
2 12 258626363.093
2 13 10500973.732
2 14 40270195.310
2 15 58201397.929
2 16 105182438.026
2 17 41268300.462
2 18 52709563.166
2 19 69700731.257
3 0 131558517.566
3 1 39409073.037
3 2 69632068.316
3 4 18711995.950
3 5 54401812.073
3 6 64254644.211
3 7 38131876.163
3 8 41741909.092
3 9 32162682.230
3 10 16694630.093
3 11 41790025.070
3 12 416550686.658
3 13 25605284.881
3 14 42639275.491
3 15 248238486.687
3 16 160220739.927
3 17 32514184.525
3 18 65737425.230
3 19 90654734.968
4 0 46148945.052
4 1 3886605.848
4 2 23576274.548
4 3 46061817.422
4 5 11201150.223
4 6 22065715.229
4 7 26178343.795
4 8 10094337.664
4 9 5257414.068
4 10 28957373.340
4 11 18696121.336
4 12 114976734.696
4 13 8395782.438
4 14 18658915.011
4 15 129078787.617
4 16 13427118.227
4 17 26715289.513
4 18 17717537.485
4 19 47529718.155
5 0 104536776.156
5 1 5832748.257
5 2 44911762.961
5 3 45832363.202
5 4 16617103.871
5 6 19120350.097
5 7 11033428.762
5 8 17429647.734
5 9 28919182.882
5 10 50676691.964
5 11 60814490.091
5 12 414367880.122
5 13 22618118.413
5 14 22003092.939
5 15 102499040.098
5 16 153162796.468
5 17 44218936.364
5 18 51505553.204
5 19 80261865.745
6 0 214705175.935
6 1 23278970.775
6 2 58054738.042
6 3 30604910.228
6 4 29046752.862
6 5 39218375.608
6 7 21432580.068
6 8 60672916.038
6 9 17596448.511
6 10 20041744.940
6 11 37190681.569
6 12 69212036.726
6 13 19744582.105
6 14 51689034.344
6 15 108149599.125
6 16 101712263.788
6 17 20595954.831
6 18 29656916.404
6 19 61833868.356
7 0 176381387.381
7 1 9994239.228
7 2 21095209.526
7 3 18210366.966
7 4 7141350.676
7 5 33496839.622
7 6 41159774.369
7 8 20365685.111
7 9 17854390.932
7 10 13479113.827
7 11 57548408.849
7 12 342428566.954
7 13 25240354.096
7 14 37689379.088
7 15 159108141.147
7 16 142698791.863
7 17 56202448.983
7 18 10803217.975
7 19 126867832.000
8 0 160223122.513
8 1 26464451.707
8 2 54363409.739
8 3 45420816.965
8 4 15134427.239
8 5 61979078.847
8 6 16297287.915
8 7 62785448.538
8 9 34499358.388
8 10 63457518.117
8 11 43464957.904
8 12 435212386.727
8 13 18243643.717
8 14 74085686.595
8 15 82863204.157
8 16 57964942.930
8 17 42511920.132
8 18 61988985.227
8 19 219094223.742
9 0 82977833.796
9 1 2667519.323
9 2 16783013.251
9 3 33272516.305
9 4 10739035.932
9 5 18978079.345
9 6 17117388.243
9 7 19794401.256
9 8 18951447.302
9 10 9719886.200
9 11 25256234.069
9 12 91884936.237
9 13 10497899.907
9 14 30277805.478
9 15 132047670.045
9 16 55720032.809
9 17 16986271.513
9 18 8075680.176
9 19 21766076.387
10 0 188896408.501
10 1 6818753.388
10 2 59183165.508
10 3 22191684.189
10 4 11779025.386
10 5 60282241.758
10 6 37856529.463
10 7 24965364.733
10 8 81216739.572
10 9 20317332.064
10 11 39558501.493
10 12 297133107.440
10 13 30133987.859
10 14 17328335.307
10 15 131639054.794
10 16 57052362.164
10 17 13325532.741
10 18 10521494.061
10 19 74542213.024
11 0 135685790.042
11 1 18943293.114
11 2 60797789.378
11 3 91173777.746
11 4 29469984.076
11 5 25112873.069
11 6 46977805.674
11 7 12877713.378
11 8 48619562.531
11 9 24230452.889
11 10 60739495.706
11 12 73680275.056
11 13 19713761.514
11 14 29741917.263
11 15 152001218.739
11 16 73792599.864
11 17 52546328.176
11 18 47963231.694
11 19 79348315.042
12 0 971665869.680
12 1 104568169.940
12 2 100496498.479
12 3 168275998.223
12 4 141110536.357
12 5 127294566.565
12 6 407366331.683
12 7 90508317.917
12 8 293153016.176
12 9 62009325.339
12 10 102409499.558
12 11 350774703.090
12 13 55777971.729
12 14 397051875.123
12 15 1302572338.763
12 16 952176987.329
12 17 121048139.822
12 18 135194220.293
12 19 379934498.705
13 0 88971011.271
13 1 7073559.091
13 2 28128010.638
13 3 18348475.774
13 4 7342650.088
13 5 6325930.510
13 6 13643587.023
13 7 8615026.514
13 8 27968862.688
13 9 6362988.902
13 10 10173231.603
13 11 6069992.745
13 12 122327753.100
13 14 25239258.868
13 15 110018227.145
13 16 68732782.622
13 17 16443685.915
13 18 6996904.331
13 19 48725553.813
14 0 78264023.914
14 1 18648700.669
14 2 16030960.664
14 3 90649052.156
14 4 10196182.767
14 5 35952010.611
14 6 11467510.040
14 7 34818093.999
14 8 46792959.207
14 9 10046218.456
14 10 43053803.481
14 11 45928785.205
14 12 230049285.529
14 13 11570613.820
14 15 70425331.964
14 16 88889109.548
14 17 19369266.238
14 18 23323476.580
14 19 50972881.898
15 0 343061442.463
15 1 108268104.783
15 2 218766941.482
15 3 300033232.415
15 4 127018509.436
15 5 94368751.578
15 6 122717410.430
15 7 218181948.438
15 8 407931941.045
15 9 126542150.892
15 10 226909139.510
15 11 96431294.455
15 12 1077694394.157
15 13 95620788.245
15 14 262851116.485
15 16 550800702.655
15 17 110127320.416
15 18 132891880.602
15 19 338394410.275
16 0 418708718.198
16 1 43842584.658
16 2 147988959.718
16 3 217265843.551
16 4 46011032.869
16 5 54325012.876
16 6 86166331.265
16 7 61677830.890
16 8 135289851.867
16 9 24925534.536
16 10 98957247.812
16 11 44761798.267
16 12 340392925.586
16 13 70849752.017
16 14 76123323.718
16 15 250883448.364
16 17 98617111.047
16 18 134056975.931
16 19 274810105.613
17 0 115396016.258
17 1 15346149.960
17 2 56875335.942
17 3 62716805.180
17 4 6725075.384
17 5 54416564.302
17 6 57984554.400
17 7 58285964.796
17 8 22202935.045
17 9 26435082.618
17 10 32480495.603
17 11 26429134.497
17 12 145115280.665
17 13 17693260.814
17 14 32181757.055
17 15 257818620.146
17 16 90888032.975
17 18 36429800.554
17 19 131374584.848
18 0 66949150.187
18 1 9107345.611
18 2 41307650.422
18 3 49699741.626
18 4 6959394.303
18 5 41749984.388
18 6 30198614.041
18 7 59846803.601
18 8 78923254.528
18 9 24327422.247
18 10 43061018.829
18 11 54002965.175
18 12 329058619.298
18 13 11302378.946
18 14 37549442.734
18 15 181597758.342
18 16 49006625.702
18 17 54323995.379
18 19 145622778.824
19 0 111576339.910
19 1 31418727.771
19 2 43216063.284
19 3 167515125.910
19 4 66606931.097
19 5 72285806.077
19 6 28842729.427
19 7 104502130.945
19 8 63484511.347
19 9 27869950.008
19 10 91826914.600
19 11 117415993.247
19 12 403159317.916
19 13 72735669.056
19 14 69034897.782
19 15 246506838.806
19 16 305224289.072
19 17 128730432.137
19 18 54069440.121
