380
0 1 59052946.292
0 2 163753782.632
0 3 128114965.425
0 4 71473940.821
0 5 176569585.523
0 6 147571163.949
0 7 204243093.099
0 8 249906534.907
0 9 44262187.905
0 10 54145642.383
0 11 137269639.645
0 12 1352239352.444
0 13 90374947.381
0 14 102606007.815
0 15 721342490.347
0 16 356533015.171
0 17 172701330.688
0 18 71815642.644
0 19 210620079.308
1 0 69392928.894
1 2 21242693.143
1 3 25808924.677
1 4 7008247.888
1 5 15578675.644
1 6 16618447.956
1 7 7044565.716
1 8 27359750.762
1 9 4954471.076
1 10 25916430.781
1 11 11431664.962
1 12 156589730.642
1 13 6351521.239
1 14 27150026.030
1 15 75091921.501
1 16 48433348.442
1 17 24868472.293
1 18 25047334.652
1 19 71739447.293
2 0 131302397.351
2 1 8779346.610
2 3 42081002.539
2 4 16049515.802
2 5 27500756.704
2 6 31179422.669
2 7 18810892.787
2 8 60443176.244
2 9 17565304.835
2 10 39423210.349
2 11 41765365.021
2 12 293415376.992
2 13 27567968.951
2 14 14663648.544
2 15 46226302.442
2 16 134409391.724
2 17 37599909.425
2 18 60399890.737
2 19 105683485.245
3 0 288924165.724
3 1 17698890.417
3 2 54506544.655
3 4 12464674.683
3 5 21180250.702
3 6 31019090.516
3 7 22761400.586
3 8 45177814.685
3 9 20051618.476
3 10 83300643.132
3 11 41780518.348
3 12 195869737.649
3 13 45178485.808
3 14 15326503.219
3 15 367786092.280
3 16 72267075.522
3 17 18457647.318
3 18 63467478.429
3 19 73895104.564
4 0 17485957.829
4 1 14096385.284
4 2 8569931.671
4 3 38791880.302
4 5 25487326.276
4 6 18801656.969
4 7 5685123.123
4 8 19274124.302
4 9 8136805.149
4 10 21344505.755
4 11 23198021.993
4 12 173113030.534
4 13 6999710.193
4 14 28303567.194
4 15 42331067.006
4 16 45567476.255
4 17 26046213.233
4 18 23035576.315
4 19 13959526.605
5 0 93162395.133
5 1 24395743.514
5 2 39351177.954
5 3 82737672.712
5 4 25188000.463
5 6 18775961.010
5 7 61341935.975
5 8 91490442.778
5 9 6566808.951
5 10 47638177.293
5 11 14886537.784
5 12 359270732.923
5 13 14956982.697
5 14 56591346.574
5 15 186297823.547
5 16 50748491.206
5 17 20419987.992
5 18 47409525.258
5 19 80238923.143
6 0 103997387.070
6 1 9028732.561
6 2 41089708.567
6 3 24880022.747
6 4 25690537.015
6 5 57659938.856
6 7 59573007.044
6 8 72058189.078
6 9 9867760.323
6 10 41349132.060
6 11 35540364.946
6 12 207777627.700
6 13 12856691.849
6 14 15244380.934
6 15 53735089.563
6 16 76240750.177
6 17 23688413.217
6 18 36931553.020
6 19 31891359.854
7 0 51174372.386
7 1 30435152.754
7 2 18607611.393
7 3 60812690.084
7 4 24509041.678
7 5 51535029.914
7 6 43774020.836
7 8 61621822.957
7 9 13742774.485
7 10 43708620.457
7 11 47870168.279
7 12 421940844.733
7 13 15524884.656
7 14 50079636.768
7 15 111002619.773
7 16 26538478.618
7 17 39996395.818
7 18 26914131.901
7 19 90837331.710
8 0 168359909.784
8 1 13235896.138
8 2 75921414.611
8 3 76184635.609
8 4 22469026.537
8 5 33067005.930
8 6 34141757.533
8 7 78868899.692
8 9 36495821.850
8 10 32109153.609
8 11 18853511.018
8 12 282297003.706
8 13 44091610.144
8 14 29418853.349
8 15 175448189.772
8 16 60590481.832
8 17 43022238.655
8 18 64489760.875
8 19 164872213.718
9 0 103428706.959
9 1 11097638.131
9 2 13970000.614
9 3 14375240.196
9 4 10823870.656
9 5 25454721.076
9 6 24365308.263
9 7 26979175.522
9 8 38601376.789
9 10 10349105.742
9 11 23182114.918
9 12 206299926.744
9 13 3714977.564
9 14 25571204.692
9 15 46528857.653
9 16 65536788.811
9 17 6060324.858
9 18 7581596.567
9 19 62381373.046
10 0 195886950.474
10 1 13880433.972
10 2 9976751.690
10 3 67610557.909
10 4 23799613.571
10 5 60608770.805
10 6 60807433.336
10 7 13694390.660
10 8 26751849.595
10 9 13236926.795
10 11 33664200.167
10 12 290266045.470
10 13 27049413.258
10 14 35563075.617
10 15 88428261.636
10 16 93578219.462
10 17 52149274.041
10 18 18207249.782
10 19 124645297.018
11 0 61882884.494
11 1 26957308.582
11 2 34866459.475
11 3 86824593.630
11 4 5487544.994
11 5 54725011.586
11 6 35217639.622
11 7 40696558.384
11 8 66109235.201
11 9 14464972.999
11 10 51522442.836
11 12 401548146.904
11 13 19914796.737
11 14 33952002.756
11 15 136101598.771
11 16 39913542.436
11 17 15971778.165
11 18 35124492.167
11 19 152244313.623
12 0 1470114085.024
12 1 133951957.696
12 2 289033988.947
12 3 300713208.086
12 4 214313665.316
12 5 74079927.900
12 6 379775779.648
12 7 87445154.123
12 8 297222614.599
12 9 174365270.333
12 10 422284068.766
12 11 186643202.740
12 13 178405443.509
12 14 370546662.782
12 15 490083359.377
12 16 627912672.942
12 17 324361572.224
12 18 415934589.557
12 19 1022988587.028
13 0 48491363.247
13 1 2930005.295
13 2 20869369.940
13 3 42600768.695
13 4 14441513.202
13 5 25272127.669
13 6 22113951.574
13 7 27861934.733
13 8 9479113.132
13 9 3014291.403
13 10 10598400.346
13 11 12906841.006
13 12 131320261.756
13 14 8800353.125
13 15 29216097.929
13 16 53059574.960
13 17 22912965.126
13 18 14019423.923
13 19 24667541.256
14 0 148512643.743
14 1 15173790.124
14 2 60895952.706
14 3 91124951.668
14 4 25365514.131
14 5 27835704.535
14 6 45582625.177
14 7 33493618.875
14 8 58864980.059
14 9 15258659.620
14 10 35380062.955
14 11 11093216.437
14 12 216875540.005
14 13 16036549.406
14 15 254983611.663
14 16 137150663.165
14 17 50830940.031
14 18 33614571.343
14 19 130670763.865
15 0 555069431.051
15 1 80170520.068
15 2 141822361.868
15 3 235500962.023
15 4 115527231.275
15 5 262755065.113
15 6 174165028.696
15 7 140509697.665
15 8 98078964.963
15 9 130587864.229
15 10 259209906.572
15 11 144166366.128
15 12 1844376417.830
15 13 95771424.861
15 14 265516755.116
15 16 195241947.877
15 17 163841068.581
15 18 217155502.059
15 19 517347717.898
16 0 438980396.229
16 1 21255304.864
16 2 79251408.916
16 3 58154324.650
16 4 26400073.695
16 5 69603280.075
16 6 42532548.235
16 7 147436696.162
16 8 85671553.339
16 9 63303276.214
16 10 111319622.222
16 11 49578412.919
16 12 963213835.081
16 13 41859868.359
16 14 128150957.786
16 15 685697660.769
16 17 103544044.785
16 18 46508052.173
16 19 372043522.096
17 0 71843102.254
17 1 6556391.264
17 2 43933445.902
17 3 59192528.086
17 4 18590990.862
17 5 34413149.433
17 6 22069636.006
17 7 24739462.042
17 8 84843535.407
17 9 22007768.432
17 10 55048034.727
17 11 53938168.109
17 12 226400015.432
17 13 5354492.482
17 14 15411147.149
17 15 46835753.148
17 16 49646665.009
17 18 15827745.779
17 19 61751101.492
18 0 46000083.824
18 1 24479542.267
18 2 14947668.865
18 3 90306466.607
18 4 12815001.427
18 5 30558955.339
18 6 10896254.445
18 7 29448060.545
18 8 34225958.802
18 9 13923834.557
18 10 45736034.806
18 11 11263541.850
18 12 110479808.947
18 13 11594209.537
18 14 56733012.802
18 15 57543770.535
18 16 74374418.059
18 17 21676008.412
18 19 92295457.127
19 0 416551091.666
19 1 23961923.621
19 2 107351261.682
19 3 112575843.406
19 4 24889333.927
19 5 88888625.035
19 6 48788719.332
19 7 102926678.191
19 8 217458256.541
19 9 20134488.728
19 10 30738172.900
19 11 57018353.056
19 12 1019684898.204
19 13 55683463.987
19 14 153581034.495
19 15 246648559.071
19 16 238822752.932
19 17 41101673.788
19 18 42200330.235
