380
0 1 20459539.376
0 2 211698311.477
0 3 242318736.990
0 4 91663045.415
0 5 147585724.544
0 6 180053146.688
0 7 108681258.962
0 8 262506201.861
0 9 63813409.167
0 10 79353015.357
0 11 36164817.809
0 12 676664006.133
0 13 91292004.102
0 14 150237598.280
0 15 339521684.157
0 16 451917200.358
0 17 43680227.704
0 18 112637570.104
0 19 437918678.999
1 0 60218668.391
1 2 13965993.029
1 3 7485308.855
1 4 4767736.548
1 5 18243884.281
1 6 7384280.113
1 7 18918689.797
1 8 13092578.423
1 9 9927550.580
1 10 6180077.448
1 11 16338151.362
1 12 36392598.897
1 13 12037013.024
1 14 21115249.854
1 15 39100207.807
1 16 15130052.484
1 17 12115123.220
1 18 7535927.465
1 19 18637932.245
2 0 190959911.365
2 1 6747466.647
2 3 56124001.676
2 4 26584994.447
2 5 21084106.779
2 6 60128636.505
2 7 20745584.268
2 8 30945362.855
2 9 8933842.590
2 10 39679099.319
2 11 50627401.183
2 12 89531513.514
2 13 24795947.804
2 14 41431408.077
2 15 264729523.597
2 16 71884686.463
2 17 32413921.098
2 18 12743765.803
2 19 33484521.246
3 0 104309366.502
3 1 27639625.108
3 2 21009239.302
3 4 35605564.744
3 5 18239169.035
3 6 89476069.604
3 7 58478923.294
3 8 132123364.168
3 9 27868771.287
3 10 79607307.518
3 11 42787602.186
3 12 407275981.470
3 13 41358375.389
3 14 25931949.319
3 15 224876817.826
3 16 79624584.592
3 17 80556481.010
3 18 34550156.081
3 19 163994679.254
4 0 68473584.266
4 1 13888347.875
4 2 30741902.450
4 3 23336939.802
4 5 13823753.422
4 6 6630489.959
4 7 5168527.024
4 8 18846605.704
4 9 6696310.459
4 10 28568526.436
4 11 25396651.100
4 12 124936581.848
4 13 15296498.950
4 14 14116325.311
4 15 30054248.114
4 16 13880765.290
4 17 21225670.140
4 18 9913079.142
4 19 25910585.578
5 0 179205879.194
5 1 16984101.627
5 2 18240401.666
5 3 26683443.970
5 4 22925319.802
5 6 34422564.138
5 7 41853379.279
5 8 79507424.279
5 9 23011674.948
5 10 27108667.350
5 11 37341570.453
5 12 413898167.669
5 13 10038647.531
5 14 58704692.137
5 15 95189029.125
5 16 60424247.003
5 17 45615876.394
5 18 49452708.329
5 19 63580201.163
6 0 108839637.092
6 1 29965096.919
6 2 36121246.683
6 3 43468250.020
6 4 14848450.368
6 5 39232765.663
6 7 24043631.839
6 8 64906603.927
6 9 30528418.040
6 10 12178425.505
6 11 13345200.112
6 12 280728464.014
6 13 21386595.385
6 14 50703472.687
6 15 124187521.369
6 16 60022342.687
6 17 55092584.700
6 18 29173275.863
6 19 137400669.498
7 0 55745033.120
7 1 16230659.350
7 2 23826605.133
7 3 64075298.302
7 4 27181953.355
7 5 40196142.450
7 6 48526847.105
7 8 39068856.504
7 9 27097102.345
7 10 38668715.108
7 11 27485484.043
7 12 188081794.444
7 13 16356573.871
7 14 19042402.556
7 15 107966178.586
7 16 82373950.511
7 17 56932257.418
7 18 42490218.716
7 19 117874189.690
8 0 132573714.018
8 1 19792508.040
8 2 34844680.515
8 3 91165807.968
8 4 21435293.113
8 5 43806229.518
8 6 38384253.155
8 7 36124544.187
8 9 14913394.954
8 10 53384005.447
8 11 44362611.628
8 12 628715670.987
8 13 13368337.330
8 14 34779124.462
8 15 268263498.411
8 16 96358370.031
8 17 25374360.163
8 18 23219517.269
8 19 190084503.013
9 0 67730917.958
9 1 4516779.100
9 2 19809736.500
9 3 9815931.016
9 4 11195343.686
9 5 29345352.293
9 6 16413280.055
9 7 14190738.085
9 8 24174036.897
9 10 29067605.317
9 11 28915421.687
9 12 65695523.890
9 13 3174517.214
9 14 9559291.566
9 15 76294644.015
9 16 66940476.383
9 17 12864104.184
9 18 22250120.139
9 19 53857531.447
10 0 176654411.632
10 1 29814545.080
10 2 18419636.954
10 3 46539194.768
10 4 12841921.815
10 5 60399736.702
10 6 44875520.380
10 7 44095211.332
10 8 27330050.817
10 9 20936361.582
10 11 39770658.747
10 12 413452488.250
10 13 28877631.470
10 14 18678219.832
10 15 104291117.345
10 16 111759645.299
10 17 57225948.679
10 18 26608741.303
10 19 50665578.796
11 0 140590950.595
11 1 19179585.395
11 2 45125193.876
11 3 74852419.720
11 4 24501698.074
11 5 30658702.912
11 6 30511334.617
11 7 21908686.073
11 8 31524114.390
11 9 29472986.920
11 10 31148099.813
11 12 340514624.948
11 13 5049063.084
11 14 14731434.955
11 15 275991591.013
11 16 144161870.096
11 17 27694829.428
11 18 49956152.191
11 19 66212245.608
12 0 399913384.272
12 1 210659477.681
12 2 288081000.128
12 3 560822270.723
12 4 77051431.203
12 5 149237157.523
12 6 224868914.192
12 7 342542798.711
12 8 419465177.240
12 9 159189552.316
12 10 414334145.483
12 11 380332686.601
12 13 96355000.951
12 14 373692388.245
12 15 1017454582.136
12 16 831786856.117
12 17 130619398.820
12 18 364385914.821
12 19 279104300.884
13 0 89540045.557
13 1 9918474.401
13 2 26712729.850
13 3 10395187.923
13 4 7156515.084
13 5 30319654.524
13 6 5228662.032
13 7 21608940.107
13 8 43418571.074
13 9 7898901.209
13 10 19421731.981
13 11 19048507.144
13 12 109508936.442
13 14 13068137.504
13 15 122764431.339
13 16 65105341.151
13 17 30167744.597
13 18 16636368.737
13 19 20203401.812
14 0 35467670.235
14 1 29091170.012
14 2 19388937.259
14 3 73113671.998
14 4 22652593.596
14 5 19660717.019
14 6 58096844.984
14 7 50364180.625
14 8 50919375.952
14 9 30109718.888
14 10 15047124.271
14 11 58664583.200
14 12 404247837.509
14 13 10466616.404
14 15 179979620.027
14 16 120816120.150
14 17 41593806.947
14 18 36534569.291
14 19 116092105.414
15 0 813401264.833
15 1 114800101.241
15 2 195112907.856
15 3 261859606.737
15 4 58148629.816
15 5 67331966.164
15 6 111543031.839
15 7 177716518.738
15 8 170331645.915
15 9 32125360.716
15 10 139343021.403
15 11 105945035.446
15 12 800821747.890
15 13 43474857.595
15 14 261561173.050
15 16 410211840.234
15 17 255402686.862
15 18 54649602.266
15 19 192202125.397
16 0 475747594.970
16 1 29156470.740
16 2 34432004.486
16 3 221199714.318
16 4 48252170.412
16 5 153468445.709
16 6 147022073.103
16 7 26642046.590
16 8 70948706.735
16 9 63682939.103
16 10 38247924.410
16 11 81585534.366
16 12 1074207733.095
16 13 22735662.680
16 14 102337561.813
16 15 458642620.420
16 17 143422466.646
16 18 32959746.051
16 19 238671906.518
17 0 76222672.986
17 1 10429913.474
17 2 37146543.680
17 3 36748246.314
17 4 20079231.429
17 5 60057281.338
17 6 46595936.973
17 7 27104525.234
17 8 90177759.994
17 9 16215433.812
17 10 14497307.690
17 11 35096957.519
17 12 131653655.510
17 13 4960557.830
17 14 58568720.869
17 15 163520247.507
17 16 90825036.751
17 18 39863948.146
17 19 104598079.291
18 0 119947814.596
18 1 6259183.158
18 2 45710338.477
18 3 55187570.709
18 4 18050026.889
18 5 10793616.034
18 6 57036949.171
18 7 44791916.830
18 8 77564122.338
18 9 26354641.371
18 10 42795593.320
18 11 39487693.226
18 12 187716512.271
18 13 27351196.563
18 14 13361949.881
18 15 202524481.502
18 16 81229414.497
18 17 57745529.179
18 19 104898496.465
19 0 264219212.759
19 1 17124667.824
19 2 109149042.083
19 3 163505027.171
19 4 23282717.791
19 5 53180594.175
19 6 68733360.863
19 7 89986270.636
19 8 128886673.021
19 9 15918901.994
19 10 71419253.620
19 11 124056978.540
19 12 325822555.227
19 13 47144207.887
19 14 55443796.625
19 15 151072613.240
19 16 265099274.000
19 17 44365638.169
19 18 138189591.518
