380
0 1 73893978.772
0 2 111797765.492
0 3 267972250.863
0 4 37418017.890
0 5 157853752.557
0 6 175421283.764
0 7 200449553.368
0 8 124976844.572
0 9 82946633.451
0 10 135792136.442
0 11 180502612.599
0 12 829372508.479
0 13 27458993.476
0 14 114381844.710
0 15 327619771.647
0 16 486120629.451
0 17 48868988.651
0 18 55438655.852
0 19 212185801.952
1 0 61494983.289
1 2 26365598.581
1 3 29829969.108
1 4 8487681.883
1 5 11696208.647
1 6 20804479.043
1 7 15950772.601
1 8 8284626.478
1 9 7956385.134
1 10 8361965.688
1 11 7903633.729
1 12 90712067.056
1 13 8280889.601
1 14 28944293.844
1 15 31433011.339
1 16 47283723.826
1 17 12399683.117
1 18 24718721.874
1 19 30914876.169
2 0 180371216.893
2 1 15412169.426
2 3 81807619.934
2 4 21251822.278
2 5 41597626.160
2 6 38028523.793
2 7 18712012.550
2 8 78021414.662
2 9 5405930.249
2 10 61097086.364
2 11 52018138.353
2 12 318602160.539
2 13 21721532.529
2 14 28710540.135
2 15 145123192.953
2 16 39839735.730
2 17 54211040.506
2 18 41117112.016
2 19 52757138.658
3 0 265929239.315
3 1 21987420.609
3 2 34534616.519
3 4 39264374.863
3 5 80443840.098
3 6 41618727.950
3 7 15696859.002
3 8 78865660.410
3 9 41813291.154
3 10 26389860.329
3 11 24477131.639
3 12 633662541.803
3 13 23549515.653
3 14 67938283.041
3 15 93033594.787
3 16 169687414.937
3 17 30989857.364
3 18 37704994.157
3 19 141481929.317
4 0 23236363.036
4 1 11111803.757
4 2 27073229.550
4 3 41431036.023
4 5 17776267.185
4 6 21947769.844
4 7 16714699.041
4 8 22509880.750
4 9 15245743.256
4 10 25054985.207
4 11 11463237.358
4 12 188693383.369
4 13 3132585.660
4 14 5903508.296
4 15 38883007.753
4 16 45158261.647
4 17 25710317.774
4 18 20633801.950
4 19 29331841.579
5 0 120240826.912
5 1 9260073.990
5 2 54533656.074
5 3 48510714.040
5 4 10022561.930
5 6 38049889.806
5 7 35634205.663
5 8 46878190.826
5 9 10078466.950
5 10 42997488.149
5 11 19792226.003
5 12 232142951.677
5 13 29252762.294
5 14 54153657.919
5 15 243653591.073
5 16 152466149.401
5 17 52753792.594
5 18 23449081.796
5 19 125875048.640
6 0 147838006.117
6 1 15152145.156
6 2 52104310.335
6 3 26526876.627
6 4 7639793.900
6 5 20319519.536
6 7 41200520.640
6 8 65123762.432
6 9 27104532.706
6 10 49527719.599
6 11 53233221.421
6 12 310591348.987
6 13 10154826.376
6 14 15000422.292
6 15 176117688.004
6 16 143415808.010
6 17 57369522.417
6 18 30914095.285
6 19 48995176.009
7 0 74775996.512
7 1 5337896.833
7 2 41551528.422
7 3 63550681.967
7 4 29388280.623
7 5 24870624.257
7 6 28620874.894
7 8 61188422.900
7 9 28403490.679
7 10 37030121.617
7 11 23013247.125
7 12 335975842.164
7 13 26326703.384
7 14 60852173.903
7 15 77686614.903
7 16 99960171.028
7 17 60929434.195
7 18 15542035.291
7 19 90455853.606
8 0 167135335.637
8 1 15149428.021
8 2 67851211.950
8 3 50419850.998
8 4 30610973.993
8 5 47381200.045
8 6 81158534.337
8 7 37804880.750
8 9 32910480.676
8 10 26111447.923
8 11 64235780.080
8 12 212857427.909
8 13 44625210.335
8 14 40079151.496
8 15 167353771.301
8 16 48617442.445
8 17 52675962.498
8 18 21302248.004
8 19 70376057.703
9 0 35099411.038
9 1 9568297.836
9 2 29774903.215
9 3 7811512.671
9 4 2514927.732
9 5 5329402.511
9 6 29589247.458
9 7 22252640.849
9 8 22586266.845
9 10 7176358.059
9 11 10452888.531
9 12 181847976.456
9 13 4609385.471
9 14 11736964.674
9 15 133355795.543
9 16 59967536.779
9 17 6487112.805
9 18 12788201.944
9 19 28099283.560
10 0 120766884.266
10 1 8184661.763
10 2 38703013.530
10 3 38062683.074
10 4 13595951.773
10 5 35513355.046
10 6 15361188.639
10 7 58779828.044
10 8 48056568.714
10 9 7771004.553
10 11 12365235.581
10 12 90393472.925
10 13 14613308.132
10 14 45879256.303
10 15 54625498.426
10 16 105466020.514
10 17 54724931.508
10 18 51605227.950
10 19 146462833.924
11 0 205761779.839
11 1 11262094.883
11 2 45020261.750
11 3 36468229.373
11 4 12780510.197
11 5 14779065.007
11 6 46309118.192
11 7 42685204.931
11 8 61577605.126
11 9 20515931.368
11 10 46293155.645
11 12 311593675.614
11 13 11361582.274
11 14 51174694.096
11 15 68239220.195
11 16 132409737.460
11 17 49878795.958
11 18 40546688.673
11 19 92849778.826
12 0 750993573.659
12 1 144043138.674
12 2 426506272.040
12 3 643551723.851
12 4 45905548.142
12 5 286270193.947
12 6 374001208.312
12 7 277974571.323
12 8 502562314.889
12 9 46471860.796
12 10 157822648.380
12 11 360074787.905
12 13 87862584.722
12 14 385449707.934
12 15 1554598745.487
12 16 971246064.686
12 17 361673920.871
12 18 391732749.001
12 19 259402307.698
13 0 56821031.193
13 1 11216876.714
13 2 23312974.078
13 3 33388154.090
13 4 5897163.389
13 5 8323812.185
13 6 14963369.340
13 7 30473167.943
13 8 45456204.646
13 9 6346625.839
13 10 6452091.803
13 11 22249244.348
13 12 168696318.677
13 14 24561468.140
13 15 39329066.480
13 16 33063523.902
13 17 5702554.847
13 18 12283765.435
13 19 46486376.033
14 0 66798094.514
14 1 26597894.193
14 2 20149254.624
14 3 71586858.363
14 4 11818914.988
14 5 35714466.208
14 6 14145371.846
14 7 24015047.650
14 8 21449471.085
14 9 8497829.051
14 10 19858695.505
14 11 11357849.471
14 12 186932702.676
14 13 9628664.357
14 15 111318211.871
14 16 83818543.732
14 17 40516340.243
14 18 24150560.084
14 19 51598724.972
15 0 578665480.554
15 1 85445518.333
15 2 98285675.328
15 3 167974489.980
15 4 131188630.953
15 5 58647192.946
15 6 131705904.151
15 7 276507058.223
15 8 355716363.776
15 9 100020138.420
15 10 226719226.443
15 11 228560806.432
15 12 1666054086.579
15 13 105340011.094
15 14 182757769.610
15 16 539180969.721
15 17 174224465.345
15 18 63051465.767
15 19 249498853.805
16 0 360480263.311
16 1 72612763.893
16 2 120491602.632
16 3 121077349.950
16 4 42750515.780
16 5 112815967.381
16 6 25566576.096
16 7 27323465.755
16 8 125601332.144
16 9 19256562.819
16 10 31622110.028
16 11 123766782.400
16 12 877029928.096
16 13 53338027.793
16 14 40209234.416
16 15 551026265.623
16 17 88354126.254
16 18 138614720.644
16 19 146224870.846
17 0 79393681.663
17 1 24624298.841
17 2 51222856.265
17 3 44135002.673
17 4 24859118.108
17 5 26786236.404
17 6 49268025.624
17 7 24977670.347
17 8 45335826.813
17 9 10918291.578
17 10 48348490.593
17 11 17787645.997
17 12 120651164.371
17 13 8605285.946
17 14 17289639.703
17 15 262294232.079
17 16 66070464.052
17 18 23679134.513
17 19 92946026.584
18 0 49975615.223
18 1 29243396.841
18 2 17846810.909
18 3 74698143.034
18 4 9526112.253
18 5 10874450.824
18 6 55632667.856
18 7 58271802.916
18 8 38093465.745
18 9 28658577.088
18 10 25541367.108
18 11 27148799.150
18 12 353804108.898
18 13 16950153.498
18 14 25417212.506
18 15 70817256.546
18 16 31453405.723
18 17 49896141.182
18 19 93978437.284
19 0 319407248.401
19 1 15958724.800
19 2 130683191.302
19 3 214350765.836
19 4 45457755.058
19 5 148749803.393
19 6 27799850.823
19 7 110458225.821
19 8 107789929.143
19 9 39802274.006
19 10 103590898.195
19 11 78451917.108
19 12 948808379.023
19 13 65172451.803
19 14 86679533.228
19 15 504576240.936
19 16 302629068.774
19 17 53747191.676
19 18 46057692.036
