380
0 1 27545721.470
0 2 53917504.931
0 3 322425591.393
0 4 24091100.819
0 5 42834372.168
0 6 177713168.713
0 7 204673895.467
0 8 174564378.144
0 9 37488094.399
0 10 49707787.357
0 11 70114692.924
0 12 470289572.163
0 13 93717900.961
0 14 207385832.192
0 15 915602322.448
0 16 411295528.664
0 17 54873474.647
0 18 191762631.611
0 19 319093948.325
1 0 18637269.473
1 2 9189117.401
1 3 36593576.763
1 4 8912257.833
1 5 9302432.138
1 6 10280051.335
1 7 9170322.878
1 8 43690437.831
1 9 7029382.342
1 10 27869595.644
1 11 10931641.145
1 12 78858363.706
1 13 9504985.753
1 14 29069692.809
1 15 102835040.221
1 16 22739874.936
1 17 24629320.812
1 18 25720068.730
1 19 34686591.983
2 0 138735536.294
2 1 13381493.388
2 3 69938855.507
2 4 14042474.572
2 5 51550410.756
2 6 27311456.866
2 7 12661906.235
2 8 55297383.460
2 9 16144039.585
2 10 16838704.625
2 11 17287138.811
2 12 163796424.033
2 13 17036637.615
2 14 24651579.792
2 15 159954059.180
2 16 139098410.931
2 17 36420539.844
2 18 33469310.762
2 19 101152860.338
3 0 286755300.696
3 1 11527091.576
3 2 23968462.869
3 4 19201952.805
3 5 44295655.212
3 6 22872815.027
3 7 33672962.146
3 8 80588877.065
3 9 29592222.119
3 10 55863129.623
3 11 43922991.028
3 12 464025948.449
3 13 12527418.398
3 14 45296319.744
3 15 175305548.936
3 16 136803194.333
3 17 33487566.872
3 18 44165432.753
3 19 64607933.576
4 0 92651392.472
4 1 8912077.757
4 2 29538000.847
4 3 16008080.474
4 5 24277574.622
4 6 23820741.598
4 7 7505579.916
4 8 8390943.447
4 9 10282456.729
4 10 21463225.781
4 11 26557619.940
4 12 134034179.902
4 13 9868350.918
4 14 14557253.565
4 15 80130556.185
4 16 48454620.932
4 17 30673527.457
4 18 26547809.760
4 19 50881142.283
5 0 37908277.602
5 1 9161562.026
5 2 22634853.927
5 3 57705980.293
5 4 25687056.848
5 6 47157821.273
5 7 58098274.731
5 8 55526645.437
5 9 4987783.380
5 10 36728265.476
5 11 45992240.962
5 12 283888622.179
5 13 10096796.906
5 14 42956072.711
5 15 253256071.863
5 16 110574410.409
5 17 14866413.229
5 18 26894210.496
5 19 105978531.085
6 0 72059456.285
6 1 20688932.677
6 2 26917054.256
6 3 24393661.210
6 4 23891069.797
6 5 47699555.206
6 7 23064098.514
6 8 34511124.490
6 9 11617825.062
6 10 22086717.605
6 11 29038804.379
6 12 382167941.729
6 13 27204770.715
6 14 57996431.442
6 15 113662605.068
6 16 82138545.616
6 17 11897278.732
6 18 52856672.210
6 19 89129572.188
7 0 68795694.974
7 1 8678304.410
7 2 21371269.280
7 3 34910343.937
7 4 17577610.885
7 5 26538069.070
7 6 52043033.792
7 8 19337820.890
7 9 5930283.872
7 10 12494162.963
7 11 11279974.795
7 12 105809860.815
7 13 20316306.360
7 14 45775238.835
7 15 257793874.129
7 16 143031188.842
7 17 48797347.566
7 18 30971339.627
7 19 27625417.457
8 0 65296025.352
8 1 37278360.090
8 2 41565086.218
8 3 57715776.100
8 4 33278598.929
8 5 54930793.290
8 6 45232617.435
8 7 26838233.980
8 9 36699866.813
8 10 78655912.245
8 11 30614972.263
8 12 454371907.032
8 13 42737199.779
8 14 42803133.894
8 15 310778530.264
8 16 73406719.358
8 17 39870512.559
8 18 57533887.736
8 19 79292269.919
9 0 52325280.905
9 1 6132910.489
9 2 11896943.591
9 3 13477416.538
9 4 10599555.357
9 5 20207491.551
9 6 23080901.155
9 7 23837495.494
9 8 38452997.138
9 10 20274602.661
9 11 7727295.331
9 12 191736559.588
9 13 11326644.797
9 14 6618875.496
9 15 104334664.544
9 16 24358443.676
9 17 16325774.253
9 18 27125726.331
9 19 32453660.034
10 0 43253169.034
10 1 13756366.746
10 2 36448790.679
10 3 57671567.703
10 4 18700823.265
10 5 37829946.416
10 6 42712031.814
10 7 19638546.759
10 8 70631340.062
10 9 8454339.299
10 11 33262268.841
10 12 103253721.416
10 13 20080292.477
10 14 23002547.798
10 15 204021256.558
10 16 93199242.471
10 17 49804027.850
10 18 21005518.810
10 19 115451817.722
11 0 124964189.749
11 1 28836497.457
11 2 58818898.973
11 3 39168504.811
11 4 27661560.119
11 5 19912870.427
11 6 46184814.746
11 7 25481971.140
11 8 61398664.240
11 9 28488274.606
11 10 57419888.720
11 12 346601066.733
11 13 16318240.549
11 14 13571174.692
11 15 174749628.873
11 16 25487801.869
11 17 60170362.827
11 18 30433439.868
11 19 80346701.697
12 0 628122063.217
12 1 36804124.546
12 2 156836438.199
12 3 581331426.896
12 4 130226789.836
12 5 138257856.507
12 6 280986080.744
12 7 89004969.467
12 8 118398626.551
12 9 36339094.062
12 10 407116338.991
12 11 112626679.295
12 13 93483045.909
12 14 413889879.919
12 15 333743583.712
12 16 869661553.465
12 17 369801469.275
12 18 255196954.054
12 19 316100603.648
13 0 43784023.759
13 1 2742553.986
13 2 30441342.404
13 3 22289462.911
13 4 2781721.056
13 5 30744992.408
13 6 26784090.368
13 7 19226995.318
13 8 15152681.693
13 9 10710551.893
13 10 7783561.405
13 11 25088817.669
13 12 115237258.505
13 14 16515332.119
13 15 22473245.242
13 16 45842968.946
13 17 15977802.837
13 18 7936163.629
13 19 26714138.014
14 0 91343858.197
14 1 12929924.139
14 2 48279314.375
14 3 91423703.077
14 4 28915291.976
14 5 32994484.186
14 6 50243916.698
14 7 32667291.600
14 8 64435143.658
14 9 7926563.000
14 10 20538920.600
14 11 55288590.565
14 12 150795552.004
14 13 25915859.485
14 15 80423830.708
14 16 111617754.665
14 17 28303095.109
14 18 16771566.358
14 19 149270060.733
15 0 760387162.232
15 1 76010861.881
15 2 79077764.165
15 3 360739235.774
15 4 47652134.366
15 5 90215766.466
15 6 87881004.256
15 7 116141373.395
15 8 112151115.079
15 9 43764251.447
15 10 53464543.954
15 11 209875429.369
15 12 1129938835.620
15 13 91722241.212
15 14 207349012.108
15 16 263172942.246
15 17 216716489.993
15 18 236632587.100
15 19 524914264.892
16 0 142833253.626
16 1 48285456.737
16 2 94313653.671
16 3 225890630.093
16 4 43733550.517
16 5 138803556.329
16 6 105609913.042
16 7 26201179.031
16 8 181125927.041
16 9 16471050.049
16 10 70471671.267
16 11 80067304.720
16 12 521155495.904
16 13 30250308.574
16 14 90994642.151
16 15 254726309.629
16 17 79339989.790
16 18 120616418.966
16 19 165748062.124
17 0 159514034.791
17 1 13370477.315
17 2 50795151.478
17 3 88937961.504
17 4 29990059.880
17 5 11268967.030
17 6 46689070.057
17 7 61171672.741
17 8 43548561.031
17 9 26839379.919
17 10 50404695.741
17 11 12311255.460
17 12 151373576.939
17 13 15178776.213
17 14 40182695.131
17 15 274654583.902
17 16 150079511.347
17 18 38699607.628
17 19 135002662.284
18 0 82687684.676
18 1 11425290.012
18 2 44548927.099
18 3 15115084.559
18 4 22045921.140
18 5 49975988.993
18 6 27872792.327
18 7 26541033.832
18 8 15671049.987
18 9 19527180.080
18 10 50683348.442
18 11 60536476.765
18 12 282765798.365
18 13 27999609.038
18 14 41452848.624
18 15 56324339.648
18 16 90001204.679
18 17 45544989.714
18 19 102983476.185
19 0 487407922.774
19 1 70611079.023
19 2 86968741.292
19 3 149586949.205
19 4 33319055.771
19 5 34887767.276
19 6 90883516.051
19 7 25840664.524
19 8 60168958.385
19 9 19054847.833
19 10 129847105.098
19 11 125125390.154
19 12 516239983.381
19 13 16803366.236
19 14 141390648.121
19 15 391263078.675
19 16 383978769.329
19 17 117033299.160
19 18 125542921.389
