380
0 1 65047729.150
0 2 104152140.249
0 3 162646141.960
0 4 60595510.469
0 5 185571804.571
0 6 52951012.904
0 7 139000960.128
0 8 175601775.635
0 9 39053269.704
0 10 55192866.953
0 11 46760423.814
0 12 1135396895.135
0 13 96622407.087
0 14 163603308.660
0 15 836568163.836
0 16 282686694.915
0 17 188195111.115
0 18 170661616.563
0 19 140110826.979
1 0 69863992.645
1 2 13841645.307
1 3 44414798.740
1 4 6926251.856
1 5 21693234.596
1 6 16026432.939
1 7 21662286.640
1 8 8271178.609
1 9 11722725.654
1 10 24954568.167
1 11 16481483.997
1 12 207348668.866
1 13 5197097.109
1 14 22339661.447
1 15 108215678.040
1 16 57024837.000
1 17 18807827.984
1 18 13256625.144
1 19 42383479.308
2 0 151139823.364
2 1 18923542.238
2 3 19368298.658
2 4 23354215.058
2 5 36180419.508
2 6 17495991.816
2 7 18590264.055
2 8 65745430.036
2 9 22033759.408
2 10 52531326.441
2 11 28832065.460
2 12 377088822.280
2 13 10803622.994
2 14 13377335.939
2 15 253817219.120
2 16 80023514.872
2 17 31098487.256
2 18 19722750.088
2 19 118679538.081
3 0 121379657.614
3 1 28549362.381
3 2 68265154.560
3 4 18830415.043
3 5 35440043.537
3 6 47777597.492
3 7 68884055.561
3 8 36373601.382
3 9 11287769.537
3 10 37879658.117
3 11 37280542.717
3 12 353354825.755
3 13 29686263.170
3 14 30192576.622
3 15 279994688.522
3 16 76357002.015
3 17 74580941.160
3 18 74271495.400
3 19 127406649.010
4 0 70548832.454
4 1 2674989.244
4 2 9699743.190
4 3 28356868.732
4 5 27273189.522
4 6 23308995.529
4 7 13906445.888
4 8 9933217.795
4 9 13960293.774
4 10 20342776.154
4 11 13783645.446
4 12 77108583.953
4 13 11552103.512
4 14 11644676.872
4 15 22406212.158
4 16 70488314.537
4 17 6071426.953
4 18 20425784.539
4 19 75142922.684
5 0 173393868.177
5 1 13881848.678
5 2 19274490.147
5 3 65868337.156
5 4 5975897.020
5 6 15570188.765
5 7 12444998.163
5 8 47486544.332
5 9 11500144.160
5 10 39519448.223
5 11 27181689.384
5 12 397521069.741
5 13 17730959.352
5 14 36200369.628
5 15 161038057.102
5 16 37661989.519
5 17 30629727.776
5 18 31712126.235
5 19 71237412.107
6 0 214236229.021
6 1 14779978.535
6 2 21928588.506
6 3 79618335.196
6 4 29548475.545
6 5 19072453.302
6 7 36284403.449
6 8 63951026.564
6 9 25354513.330
6 10 26968483.049
6 11 27027907.693
6 12 281048318.827
6 13 11350699.123
6 14 17085222.419
6 15 229212473.502
6 16 94950794.005
6 17 26122617.780
6 18 38789576.034
6 19 125043828.203
7 0 59592410.127
7 1 10977627.936
7 2 25179413.228
7 3 44155558.586
7 4 19102762.728
7 5 57173519.299
7 6 47994434.907
7 8 16213081.219
7 9 5255240.998
7 10 19840387.203
7 11 24812792.578
7 12 339573012.079
7 13 16745892.728
7 14 10139822.706
7 15 159218520.721
7 16 106674338.061
7 17 49201786.504
7 18 32134484.688
7 19 71116801.985
8 0 130062320.120
8 1 10591173.841
8 2 56127784.536
8 3 36466353.453
8 4 21503680.060
8 5 89657105.444
8 6 21585941.695
8 7 75563028.002
8 9 17057909.225
8 10 45138680.088
8 11 66411439.124
8 12 508901481.537
8 13 32986568.742
8 14 33935205.627
8 15 174233688.519
8 16 114084342.594
8 17 31907633.312
8 18 16822567.036
8 19 219805426.194
9 0 82256632.722
9 1 15319435.167
9 2 8949852.427
9 3 28378063.446
9 4 9690054.571
9 5 7011281.425
9 6 8966385.550
9 7 8596559.970
9 8 26258472.670
9 10 9954343.716
9 11 13314663.473
9 12 123901295.278
9 13 3398018.773
9 14 6799958.508
9 15 52494529.695
9 16 13201773.011
9 17 13543532.614
9 18 17639102.917
9 19 61950714.020
10 0 177728027.067
10 1 10702672.380
10 2 10574762.003
10 3 88889343.135
10 4 19609915.417
10 5 44725766.641
10 6 22622561.128
10 7 12250967.352
10 8 75973607.621
10 9 11985831.645
10 11 49598357.028
10 12 402097489.458
10 13 25710072.950
10 14 24383560.533
10 15 156839766.834
10 16 118976220.317
10 17 44359748.220
10 18 10729626.263
10 19 69748775.867
11 0 93832740.296
11 1 24805692.156
11 2 59834758.765
11 3 42762540.057
11 4 20910336.825
11 5 61348100.194
11 6 36054042.139
11 7 21012091.587
11 8 56840774.652
11 9 12844167.514
11 10 12370062.623
11 12 171471712.726
11 13 30665523.292
11 14 12111503.695
11 15 93959073.339
11 16 70927491.848
11 17 14486835.241
11 18 24603767.166
11 19 147321713.761
12 0 713072501.009
12 1 112033368.005
12 2 94227960.222
12 3 414429080.154
12 4 201218169.783
12 5 388036107.464
12 6 209915262.308
12 7 83816369.388
12 8 571981331.031
12 9 164489033.854
12 10 255764487.693
12 11 112780057.016
12 13 42037516.115
12 14 102441161.780
12 15 832070203.493
12 16 716269313.510
12 17 362696840.882
12 18 361735794.009
12 19 535404214.502
13 0 86894332.095
13 1 10790328.602
13 2 29108563.256
13 3 41228128.711
13 4 13442196.480
13 5 9229935.504
13 6 16570212.607
13 7 10347552.105
13 8 16559611.520
13 9 8193749.178
13 10 17366672.474
13 11 12736685.971
13 12 164932655.339
13 14 25281251.624
13 15 121102000.326
13 16 63052556.072
13 17 25127362.416
13 18 4925440.771
13 19 28694854.504
14 0 60758613.345
14 1 14740329.186
14 2 39627616.546
14 3 87061591.039
14 4 8345393.218
14 5 35456479.902
14 6 50929526.372
14 7 41136206.787
14 8 66226984.715
14 9 12306146.362
14 10 57641392.370
14 11 9966886.590
14 12 226317976.081
14 13 24292886.334
14 15 148250237.183
14 16 40461229.100
14 17 56438131.044
14 18 19031039.722
14 19 82204027.896
15 0 864896038.472
15 1 88691517.895
15 2 172047960.346
15 3 354670243.614
15 4 137793095.485
15 5 167741050.948
15 6 144098940.559
15 7 258378560.240
15 8 388040959.524
15 9 103983236.253
15 10 51879321.322
15 11 68462460.632
15 12 1594268124.632
15 13 113494895.240
15 14 109405856.492
15 16 397637085.736
15 17 155129653.583
15 18 245382804.599
15 19 329768824.797
16 0 267763685.464
16 1 55684962.876
16 2 97129238.860
16 3 93189406.665
16 4 61286051.644
16 5 72687227.532
16 6 49206250.053
16 7 48845219.548
16 8 137541407.491
16 9 42540245.799
16 10 62486171.071
16 11 116656888.536
16 12 805411614.651
16 13 43788370.567
16 14 140178965.585
16 15 670177245.009
16 17 150231178.143
16 18 153020446.121
16 19 275632645.014
17 0 64734346.848
17 1 8786059.743
17 2 44406104.175
17 3 31554784.403
17 4 7174423.235
17 5 54838749.516
17 6 35823332.008
17 7 22975379.591
17 8 23447476.030
17 9 24432819.043
17 10 46847175.195
17 11 57570700.941
17 12 197431059.620
17 13 7108721.235
17 14 50022866.697
17 15 223861605.208
17 16 77152808.631
17 18 51481575.360
17 19 98507797.884
18 0 132287273.874
18 1 7243748.782
18 2 48181814.826
18 3 66200958.349
18 4 26874861.339
18 5 32648978.194
18 6 58715767.846
18 7 46836545.920
18 8 44772538.559
18 9 19444012.120
18 10 27175826.269
18 11 26671137.583
18 12 181576616.235
18 13 22408942.412
18 14 35702775.970
18 15 118208580.477
18 16 112667638.202
18 17 31576139.066
18 19 145235244.268
19 0 91793771.224
19 1 73832816.777
19 2 54797585.779
19 3 213247767.433
19 4 55886273.018
19 5 34586346.348
19 6 51142938.605
19 7 61061033.797
19 8 204811130.998
19 9 75696505.636
19 10 77577987.633
19 11 132972305.458
19 12 299018325.084
19 13 28975332.583
19 14 89486342.356
19 15 459119796.174
19 16 149946010.147
19 17 62321256.595
19 18 104694999.745
