380
0 1 33172532.098
0 2 55477719.928
0 3 187133892.132
0 4 98745710.053
0 5 158192056.294
0 6 161698228.902
0 7 187495406.475
0 8 94125812.946
0 9 39239872.109
0 10 174180947.811
0 11 112546818.138
0 12 1434143288.076
0 13 21661791.265
0 14 202428106.452
0 15 588536406.487
0 16 337145184.726
0 17 44835108.015
0 18 51848884.790
0 19 362382264.623
1 0 64198249.480
1 2 21408376.954
1 3 39472343.459
1 4 8180996.317
1 5 27746884.904
1 6 7261767.398
1 7 5240487.191
1 8 37980534.543
1 9 5977629.164
1 10 21856901.654
1 11 18780126.942
1 12 58847027.317
1 13 3480877.411
1 14 15568832.795
1 15 115889017.592
1 16 38455922.475
1 17 17134544.733
1 18 20225814.721
1 19 36168124.051
2 0 212750201.635
2 1 28112058.761
2 3 60975550.848
2 4 21453736.093
2 5 15394226.058
2 6 34955763.308
2 7 36283470.300
2 8 87246720.208
2 9 27578234.777
2 10 41563418.209
2 11 44209565.405
2 12 203634501.323
2 13 20181901.727
2 14 27343697.983
2 15 82702371.467
2 16 88691199.370
2 17 33569411.974
2 18 29181493.453
2 19 111958226.869
3 0 69861127.220
3 1 36800909.248
3 2 40425123.589
3 4 45934257.825
3 5 39530104.482
3 6 43964476.771
3 7 83978285.363
3 8 58956285.314
3 9 40315255.254
3 10 38830223.943
3 11 29417069.773
3 12 230763477.040
3 13 12742711.394
3 14 24598598.309
3 15 97530166.710
3 16 72262569.625
3 17 64963039.886
3 18 45457229.334
3 19 195875606.789
4 0 31456220.013
4 1 13223006.212
4 2 24693598.021
4 3 12225477.570
4 5 23932177.374
4 6 16961849.225
4 7 15433249.154
4 8 20965507.602
4 9 13976501.284
4 10 23610692.591
4 11 9558598.580
4 12 104659079.541
4 13 9415201.313
4 14 7744645.543
4 15 32929448.431
4 16 41697888.260
4 17 24375207.279
4 18 24721131.824
4 19 44468627.021
5 0 171305864.661
5 1 22646952.087
5 2 59678559.092
5 3 90571925.057
5 4 27706357.193
5 6 27981995.841
5 7 28864174.773
5 8 57195959.621
5 9 18800600.320
5 10 36062849.660
5 11 58736980.928
5 12 188866251.463
5 13 12776733.175
5 14 23758965.463
5 15 59245883.226
5 16 127543455.496
5 17 31085544.995
5 18 49600688.067
5 19 93539266.174
6 0 134681605.206
6 1 6521684.791
6 2 30997452.076
6 3 88855316.038
6 4 25393299.032
6 5 34940775.625
6 7 59215147.383
6 8 67599048.487
6 9 24596967.789
6 10 47358517.727
6 11 17292272.568
6 12 158875125.607
6 13 9702751.234
6 14 18567918.685
6 15 100519987.277
6 16 45495675.190
6 17 55319050.165
6 18 38974824.102
6 19 126883328.181
7 0 164746828.842
7 1 21569100.527
7 2 23589258.999
7 3 70159002.393
7 4 21187435.732
7 5 45190441.826
7 6 31331047.425
7 8 22540047.002
7 9 8613460.602
7 10 12668404.753
7 11 51489764.695
7 12 114968157.694
7 13 26830836.054
7 14 24317975.741
7 15 44304667.865
7 16 75796017.478
7 17 16002529.721
7 18 27476396.003
7 19 99933305.889
8 0 122930183.656
8 1 12194048.136
8 2 63122255.829
8 3 66197294.341
8 4 26736784.709
8 5 89329168.113
8 6 63640362.210
8 7 22114428.678
8 9 45250502.810
8 10 75541804.839
8 11 24891774.041
8 12 564420416.300
8 13 36804055.317
8 14 45399230.678
8 15 158977777.212
8 16 173499132.850
8 17 48718608.183
8 18 87895499.715
8 19 216690644.091
9 0 56582957.794
9 1 14748923.235
9 2 22262224.690
9 3 43572243.414
9 4 10743221.410
9 5 19877134.824
9 6 13380791.706
9 7 23447494.131
9 8 27983360.189
9 10 24151162.572
9 11 14521579.381
9 12 43828631.009
9 13 3592192.685
9 14 29724859.236
9 15 133785736.845
9 16 54479728.538
9 17 21711643.883
9 18 11919025.397
9 19 58872107.335
10 0 205445727.882
10 1 7867048.079
10 2 47187919.611
10 3 43888695.383
10 4 12441550.857
10 5 13871036.302
10 6 57177213.812
10 7 21072638.484
10 8 69188177.306
10 9 10795329.159
10 11 32727752.473
10 12 322417275.198
10 13 6663757.240
10 14 45228491.640
10 15 148740305.838
10 16 51625938.870
10 17 47894620.321
10 18 14330280.337
10 19 43818749.771
11 0 40904195.290
11 1 23989769.724
11 2 42238459.447
11 3 80858249.546
11 4 17376415.352
11 5 12743747.955
11 6 23567287.599
11 7 44886264.300
11 8 27683804.038
11 9 13770883.987
11 10 16689604.929
11 12 395022311.849
11 13 10857317.254
11 14 27456318.075
11 15 255637963.048
11 16 44764045.301
11 17 17612060.206
11 18 55628633.586
11 19 97248332.028
12 0 789163567.170
12 1 167965712.074
12 2 104979325.556
12 3 407536711.186
12 4 92424398.649
12 5 284522039.666
12 6 181238316.929
12 7 77553182.658
12 8 349608786.024
12 9 211133335.149
12 10 138089654.016
12 11 130727628.866
12 13 199737518.482
12 14 381786749.237
12 15 441258401.502
12 16 552809513.394
12 17 183474650.689
12 18 227148448.066
12 19 927044364.042
13 0 50573286.780
13 1 8051609.664
13 2 12611381.802
13 3 19575213.085
13 4 14933049.878
13 5 20375498.518
13 6 28545740.904
13 7 11352040.075
13 8 14098221.906
13 9 13597357.448
13 10 26311628.647
13 11 18790928.424
13 12 86191204.522
13 14 16477147.119
13 15 39214626.470
13 16 64316836.826
13 17 21133691.512
13 18 29918237.780
13 19 37186078.301
14 0 78860343.175
14 1 5891571.010
14 2 21345083.699
14 3 17875272.412
14 4 8046844.425
14 5 20179424.241
14 6 27725876.315
14 7 46280731.910
14 8 32996766.258
14 9 20945781.819
14 10 27826177.773
14 11 40783594.494
14 12 259796046.306
14 13 23818499.937
14 15 73459277.716
14 16 94477095.119
14 17 40476576.191
14 18 35436308.178
14 19 56684374.210
15 0 442960181.162
15 1 122044983.284
15 2 89321239.079
15 3 68303478.033
15 4 70583940.748
15 5 125006424.055
15 6 161694252.587
15 7 171863500.091
15 8 141638391.793
15 9 30686393.109
15 10 203161040.097
15 11 118604472.489
15 12 1602692457.983
15 13 115482162.710
15 14 164180482.131
15 16 458350070.687
15 17 164417123.049
15 18 128789161.509
15 19 589736481.557
16 0 271525534.057
16 1 70098293.533
16 2 132785146.467
16 3 213025886.542
16 4 34369541.270
16 5 102935448.216
16 6 62199247.449
16 7 133503540.265
16 8 94256274.416
16 9 70988980.942
16 10 46595293.703
16 11 55841742.078
16 12 410327653.245
16 13 66964622.852
16 14 151835756.254
16 15 463841046.322
16 17 90076792.133
16 18 43765520.762
16 19 317061882.804
17 0 156878447.556
17 1 19894529.212
17 2 21488496.059
17 3 80845521.265
17 4 29256669.565
17 5 24491510.484
17 6 56785476.459
17 7 60300880.585
17 8 70749810.253
17 9 12438226.780
17 10 18145059.850
17 11 21447397.468
17 12 124633189.294
17 13 16187680.505
17 14 61043780.130
17 15 159113957.743
17 16 77583537.887
17 18 29228218.234
17 19 53336765.592
18 0 197176702.007
18 1 10986953.338
18 2 22013617.286
18 3 43377280.863
18 4 27842633.181
18 5 23145777.628
18 6 13290997.208
18 7 24493647.711
18 8 91532573.380
18 9 24044002.300
18 10 43091520.318
18 11 48873110.411
18 12 309137046.802
18 13 9438556.147
18 14 43185803.590
18 15 201991817.921
18 16 40884908.382
18 17 16358305.693
18 19 111955384.891
19 0 380585814.506
19 1 20605646.975
19 2 66701198.271
19 3 112227613.491
19 4 22525144.970
19 5 94929126.923
19 6 120992024.665
19 7 97601281.551
19 8 109834065.744
19 9 12899432.134
19 10 102090960.800
19 11 111532334.649
19 12 463470945.580
19 13 14703910.301
19 14 44653259.151
19 15 408967250.946
19 16 72659088.155
19 17 114226500.751
19 18 135559876.357
