380
0 1 62845139.014
0 2 199069852.094
0 3 64053112.522
0 4 65680163.588
0 5 192844986.062
0 6 137553172.318
0 7 117052462.574
0 8 85153839.916
0 9 69157026.762
0 10 54495954.263
0 11 193825844.766
0 12 1432519647.450
0 13 54229463.204
0 14 209444579.299
0 15 438376914.473
0 16 458009274.697
0 17 107880890.408
0 18 72516866.924
0 19 143196568.211
1 0 68853162.401
1 2 15862147.668
1 3 27524440.155
1 4 11442942.618
1 5 23641025.003
1 6 6607690.562
1 7 26554774.939
1 8 24626910.570
1 9 6547381.235
1 10 25745079.344
1 11 12894255.919
1 12 120097544.501
1 13 10658793.064
1 14 20342338.774
1 15 58410402.027
1 16 58452749.225
1 17 29030004.164
1 18 21074470.999
1 19 72652427.991
2 0 80048797.905
2 1 15908978.693
2 3 68033951.581
2 4 16452037.129
2 5 22278891.566
2 6 39999680.803
2 7 38017468.127
2 8 32125529.957
2 9 22918546.031
2 10 13385369.728
2 11 58873271.185
2 12 253065562.011
2 13 18158802.446
2 14 38899687.036
2 15 210942502.060
2 16 93768673.624
2 17 13175646.450
2 18 18137771.795
2 19 57945784.995
3 0 84225703.435
3 1 10670297.939
3 2 67194379.403
3 4 8178148.632
3 5 87049175.815
3 6 74740038.015
3 7 86839349.859
3 8 133693574.095
3 9 30257210.563
3 10 85765184.021
3 11 18027653.222
3 12 233135104.646
3 13 34919490.352
3 14 49686489.705
3 15 301094417.650
3 16 103510683.280
3 17 65524383.055
3 18 51526941.756
3 19 210426821.326
4 0 104059258.211
4 1 11612859.047
4 2 18433405.083
4 3 33892978.473
4 5 28233302.668
4 6 5853684.851
4 7 22766027.951
4 8 37295474.224
4 9 6178671.920
4 10 28485934.556
4 11 7549451.855
4 12 113332460.850
4 13 6070904.988
4 14 28994724.705
4 15 100197580.293
4 16 61456054.173
4 17 19243142.654
4 18 25866585.006
4 19 35527398.837
5 0 89703672.806
5 1 21144920.580
5 2 51327620.050
5 3 55018518.973
5 4 17488743.550
5 6 31776791.623
5 7 34316677.105
5 8 23594002.741
5 9 19151944.797
5 10 37746777.615
5 11 59693657.183
5 12 391506256.769
5 13 11362832.976
5 14 43641078.692
5 15 106040628.129
5 16 93413938.684
5 17 35406303.150
5 18 14133872.695
5 19 139528764.894
6 0 46508980.736
6 1 30209040.569
6 2 51641186.265
6 3 41430217.863
6 4 24278629.359
6 5 34525977.219
6 7 25525701.602
6 8 45636232.404
6 9 30087006.001
6 10 30787019.989
6 11 11460685.356
6 12 269601713.363
6 13 26590416.367
6 14 16343171.008
6 15 244933052.882
6 16 142275424.276
6 17 16425420.461
6 18 25465866.303
6 19 102874661.061
7 0 203587210.558
7 1 5900078.232
7 2 54651290.314
7 3 77233474.374
7 4 16653166.375
7 5 53444201.675
7 6 56210096.102
7 8 55327354.750
7 9 7692562.319
7 10 53643812.289
7 11 48997053.215
7 12 425068602.480
7 13 20125356.878
7 14 60590376.014
7 15 154434274.281
7 16 40948624.228
7 17 45558246.558
7 18 21732519.470
7 19 86091804.247
8 0 76711292.462
8 1 42896185.642
8 2 37056142.641
8 3 65479578.882
8 4 36274384.321
8 5 83764691.459
8 6 46607294.402
8 7 80395487.526
8 9 15628114.902
8 10 28800127.889
8 11 60512018.320
8 12 311169757.540
8 13 20516656.959
8 14 55540150.302
8 15 109630451.559
8 16 105845024.519
8 17 81602660.622
8 18 38654433.769
8 19 63148257.869
9 0 75199750.952
9 1 12673971.827
9 2 9301344.664
9 3 22999052.935
9 4 12218687.887
9 5 16075185.514
9 6 9124930.210
9 7 6470793.384
9 8 27841984.584
9 10 30112826.081
9 11 7285744.812
9 12 34707729.471
9 13 12728194.188
9 14 5618307.654
9 15 32887751.738
9 16 48003273.506
9 17 19751568.530
9 18 16446650.771
9 19 33956650.292
10 0 146246558.356
10 1 10851472.545
10 2 23346273.267
10 3 32605090.917
10 4 29465421.428
10 5 59279116.579
10 6 39858839.535
10 7 59050818.744
10 8 75555022.817
10 9 25466209.879
10 11 49175023.030
10 12 108152710.052
10 13 22246478.088
10 14 57085656.759
10 15 128846603.366
10 16 57312834.465
10 17 41631197.473
10 18 61111006.496
10 19 29036454.956
11 0 81921356.869
11 1 8034287.075
11 2 28771917.397
11 3 36375509.915
11 4 28899037.179
11 5 33034633.758
11 6 54329550.021
11 7 60482093.679
11 8 20972494.001
11 9 10393951.445
11 10 25720348.830
11 12 373175033.861
11 13 7984847.983
11 14 13458973.230
11 15 249645434.505
11 16 75684650.807
11 17 59992338.022
11 18 13381142.075
11 19 55370892.442
12 0 1397277464.630
12 1 192232913.502
12 2 297222103.154
12 3 568599171.566
12 4 138422233.948
12 5 379361307.909
12 6 356501846.063
12 7 128128681.812
12 8 620360355.183
12 9 95682951.138
12 10 95145109.322
12 11 204332744.125
12 13 122142155.945
12 14 255446565.616
12 15 362299444.190
12 16 392515714.720
12 17 99270543.552
12 18 395807769.081
12 19 219851833.992
13 0 31162910.161
13 1 8398648.631
13 2 29704930.189
13 3 41411391.262
13 4 14253263.259
13 5 28992821.174
13 6 5261444.635
13 7 13908301.086
13 8 23560929.652
13 9 8729061.016
13 10 7976391.951
13 11 30652323.764
13 12 86286300.934
13 14 25874749.816
13 15 111126914.789
13 16 74123649.491
13 17 23876476.501
13 18 17764104.103
13 19 63411913.317
14 0 135695135.116
14 1 17665025.981
14 2 29820414.043
14 3 28457730.399
14 4 20388089.409
14 5 19351015.424
14 6 19279896.435
14 7 51568908.641
14 8 20314192.878
14 9 27731280.239
14 10 30084897.240
14 11 18778849.448
14 12 422550077.955
14 13 8230006.078
14 15 205654587.621
14 16 111579022.586
14 17 29308626.602
14 18 53004277.810
14 19 32812533.099
15 0 915643598.412
15 1 32444909.494
15 2 226354225.866
15 3 246463778.228
15 4 25171675.186
15 5 118638162.534
15 6 247814560.433
15 7 69354978.953
15 8 211951073.434
15 9 105072246.476
15 10 191913166.485
15 11 90335050.908
15 12 1076470408.744
15 13 85471730.659
15 14 83939650.691
15 16 574056631.094
15 17 109588549.783
15 18 246759475.645
15 19 603563483.328
16 0 531138142.157
16 1 12758257.920
16 2 147994966.195
16 3 159958281.696
16 4 29655842.675
16 5 112634083.040
16 6 47840329.714
16 7 129395953.275
16 8 74424252.575
16 9 43775645.353
16 10 147200333.292
16 11 35149824.642
16 12 377020033.314
16 13 56092156.202
16 14 135334355.976
16 15 309575312.539
16 17 71358675.390
16 18 61150756.067
16 19 90662841.911
17 0 105965972.966
17 1 14912493.234
17 2 16938819.624
17 3 84412963.082
17 4 28517755.444
17 5 17946469.293
17 6 58396864.556
17 7 40393790.539
17 8 16884437.052
17 9 8551044.355
17 10 15689104.521
17 11 35936466.005
17 12 137900604.496
17 13 12291763.583
17 14 42401555.973
17 15 213883598.060
17 16 123535684.856
17 18 32208533.399
17 19 58369148.801
18 0 44629067.474
18 1 28680493.642
18 2 31796704.041
18 3 84054927.286
18 4 18453579.886
18 5 23821432.529
18 6 48110938.728
18 7 49016818.859
18 8 49186572.113
18 9 29525562.341
18 10 47673549.118
18 11 23090239.665
18 12 204113319.123
18 13 4930088.707
18 14 9944963.531
18 15 212639190.216
18 16 148529680.632
18 17 60707156.006
18 19 95161630.377
19 0 338929264.097
19 1 38864049.408
19 2 85151736.898
19 3 116482709.827
19 4 28423388.116
19 5 151403066.435
19 6 40425149.177
19 7 58544241.206
19 8 198296309.150
19 9 38058129.949
19 10 86945326.187
19 11 150860302.207
19 12 716893674.159
19 13 45974668.303
19 14 93250095.753
19 15 493261263.295
19 16 218319045.697
19 17 133103067.034
19 18 117862037.237
