380
0 1 38380564.240
0 2 135390708.421
0 3 173759539.414
0 4 97797485.806
0 5 37137647.016
0 6 81594123.463
0 7 133846927.421
0 8 239337084.958
0 9 40242924.693
0 10 58009046.315
0 11 39867339.331
0 12 359199981.466
0 13 92356529.241
0 14 127508720.702
0 15 694064706.203
0 16 436822729.283
0 17 111922279.265
0 18 188885447.004
0 19 389737514.805
1 0 18712601.675
1 2 5234098.882
1 3 35545349.909
1 4 6918027.316
1 5 19057297.652
1 6 19980358.412
1 7 11849555.791
1 8 21406833.544
1 9 12078941.407
1 10 23121004.317
1 11 5609159.207
1 12 123873593.432
1 13 12021878.055
1 14 12655511.369
1 15 129284641.354
1 16 42578161.898
1 17 26471640.416
1 18 28321362.596
1 19 18296823.911
2 0 87562506.946
2 1 22332586.313
2 3 26561557.230
2 4 13003967.967
2 5 50147640.845
2 6 29924128.607
2 7 59458475.231
2 8 52541309.221
2 9 18981916.064
2 10 59848206.401
2 11 10404796.349
2 12 163014006.011
2 13 27684219.343
2 14 34765338.407
2 15 164218568.695
2 16 103907259.146
2 17 25846063.424
2 18 25957901.418
2 19 88493084.394
3 0 52911992.283
3 1 37222195.817
3 2 71822787.348
3 4 37704593.726
3 5 19674919.885
3 6 47277407.011
3 7 34185893.116
3 8 54346501.426
3 9 33777600.153
3 10 81394433.582
3 11 49140605.146
3 12 570438611.512
3 13 44390740.892
3 14 58982127.148
3 15 276576679.793
3 16 40773899.783
3 17 51773362.573
3 18 85123589.777
3 19 111246612.192
4 0 25127742.872
4 1 8342833.142
4 2 26336961.436
4 3 37123857.011
4 5 16765052.181
4 6 9416662.625
4 7 22917665.513
4 8 17232444.629
4 9 13836064.312
4 10 29917773.877
4 11 22800130.358
4 12 113209218.337
4 13 8311732.149
4 14 20937107.996
4 15 78414080.223
4 16 76040115.863
4 17 17033213.432
4 18 29644788.404
4 19 59142947.847
5 0 130488155.639
5 1 18210736.438
5 2 60181888.340
5 3 84711579.460
5 4 21951368.976
5 6 16193093.096
5 7 49083257.807
5 8 76553093.164
5 9 17764342.891
5 10 45650057.813
5 11 23800426.168
5 12 165061963.871
5 13 20506188.689
5 14 46985042.501
5 15 110370666.505
5 16 47179311.216
5 17 34861921.516
5 18 52541981.020
5 19 48559652.748
6 0 155412820.581
6 1 8563532.328
6 2 45554438.877
6 3 46135077.543
6 4 20255785.111
6 5 39748893.756
6 7 54650586.957
6 8 54572826.825
6 9 17783128.000
6 10 12758695.936
6 11 25283275.299
6 12 288255645.358
6 13 6244328.259
6 14 30302439.372
6 15 102391035.542
6 16 110547757.849
6 17 58856324.292
6 18 57558119.194
6 19 143538206.751
7 0 180396388.123
7 1 20635471.282
7 2 14919124.442
7 3 39855207.285
7 4 24242942.658
7 5 45053992.663
7 6 26212857.346
7 8 43147259.321
7 9 16346440.574
7 10 14158915.542
7 11 16662551.644
7 12 99970439.857
7 13 6535267.386
7 14 38798354.576
7 15 94534430.210
7 16 138303018.985
7 17 49290527.596
7 18 46752909.668
7 19 106218253.657
8 0 63824954.512
8 1 43889945.176
8 2 88748897.044
8 3 87085924.967
8 4 14901356.745
8 5 65447386.165
8 6 33257611.644
8 7 69387901.580
8 9 20195483.443
8 10 61520228.025
8 11 29229975.593
8 12 630633343.660
8 13 7463354.266
8 14 56371114.152
8 15 408713260.922
8 16 228799326.508
8 17 90639919.900
8 18 24920949.027
8 19 206114617.022
9 0 103778083.099
9 1 5232661.536
9 2 17569118.630
9 3 27801016.557
9 4 6827636.769
9 5 10863347.399
9 6 8252473.090
9 7 18804629.378
9 8 19797314.379
9 10 10738477.634
9 11 7255874.781
9 12 137584057.441
9 13 13002981.756
9 14 23342367.113
9 15 25555274.597
9 16 20874204.026
9 17 9472118.250
9 18 20825854.065
9 19 47411610.116
10 0 182816456.412
10 1 18569893.685
10 2 38263737.746
10 3 29820778.187
10 4 22909277.851
10 5 43494419.564
10 6 20961815.471
10 7 27507635.384
10 8 82752114.931
10 9 24367232.928
10 11 57397842.387
10 12 261763022.012
10 13 19214631.537
10 14 22129010.662
10 15 180869011.838
10 16 86719317.036
10 17 19640124.387
10 18 21322321.802
10 19 108700375.727
11 0 34775278.993
11 1 5019727.459
11 2 38984058.957
11 3 34940850.921
11 4 11833285.186
11 5 42703962.031
11 6 39584375.886
11 7 52802144.390
11 8 46085144.957
11 9 18850903.373
11 10 47947942.411
11 12 269015781.985
11 13 22197576.257
11 14 19294433.343
11 15 183638197.983
11 16 37460816.217
11 17 48756923.810
11 18 23109924.640
11 19 36020288.136
12 0 816641485.152
12 1 60947750.407
12 2 170141183.756
12 3 220825436.174
12 4 107487622.768
12 5 257141030.874
12 6 424469783.368
12 7 205142431.303
12 8 357121666.972
12 9 56776454.099
12 10 208048326.736
12 11 80104285.661
12 13 46055117.628
12 14 266197629.839
12 15 1069216580.723
12 16 860478024.483
12 17 184690279.623
12 18 364991138.948
12 19 405556821.233
13 0 90166883.167
13 1 8793189.118
13 2 13602430.830
13 3 31460624.260
13 4 7097491.169
13 5 20520842.215
13 6 12048569.028
13 7 28177894.477
13 8 21077419.431
13 9 5277539.723
13 10 15151297.443
13 11 19409394.963
13 12 73496607.023
13 14 23422411.292
13 15 42325674.049
13 16 34467663.972
13 17 15147126.683
13 18 25758481.848
13 19 21001118.953
14 0 92470981.303
14 1 14833424.659
14 2 28360707.202
14 3 66458646.827
14 4 23208588.071
14 5 34222170.504
14 6 59627901.276
14 7 30523162.027
14 8 21684834.519
14 9 30587133.394
14 10 56912621.612
14 11 10746114.755
14 12 159502251.380
14 13 9762251.156
14 15 188200969.210
14 16 54492030.000
14 17 40039812.138
14 18 13243057.920
14 19 106082833.619
15 0 368488144.576
15 1 110695505.265
15 2 74968688.594
15 3 93411771.205
15 4 49523941.441
15 5 177611611.708
15 6 213867983.081
15 7 141663813.913
15 8 185532834.065
15 9 35280580.900
15 10 174038728.503
15 11 109629741.917
15 12 1407314472.497
15 13 38675481.716
15 14 201432386.834
15 16 588434190.912
15 17 186292548.355
15 18 194349716.630
15 19 217727509.026
16 0 92484269.157
16 1 46472248.751
16 2 132953608.143
16 3 46414664.130
16 4 70356036.105
16 5 73370453.663
16 6 129912177.596
16 7 149411770.132
16 8 194732608.237
16 9 57596646.566
16 10 88337944.771
16 11 101434575.436
16 12 274456242.839
16 13 18845095.065
16 14 113059205.526
16 15 533587298.409
16 17 138115852.981
16 18 87837925.730
16 19 108413129.333
17 0 133241413.912
17 1 5954745.233
17 2 43194497.251
17 3 21331018.603
17 4 5560428.122
17 5 31520838.972
17 6 44745992.307
17 7 22031912.427
17 8 91732756.538
17 9 6210798.978
17 10 32318746.176
17 11 11375154.033
17 12 421995432.993
17 13 7197699.157
17 14 20833448.129
17 15 132629026.721
17 16 62383707.299
17 18 52628685.689
17 19 152884034.300
18 0 58544364.642
18 1 14040928.360
18 2 30019270.535
18 3 74130470.037
18 4 23336236.822
18 5 10076150.224
18 6 44208294.342
18 7 34808468.691
18 8 35240198.059
18 9 24910513.904
18 10 19849034.004
18 11 17109617.269
18 12 226028322.168
18 13 23054372.943
18 14 55885825.653
18 15 115229963.442
18 16 80165691.509
18 17 60841767.010
18 19 67675767.206
19 0 379470618.981
19 1 26157043.285
19 2 100919539.597
19 3 60099435.545
19 4 24523019.498
19 5 82228910.584
19 6 38090587.320
19 7 146021463.624
19 8 92027564.274
19 9 39095894.014
19 10 142173395.226
19 11 147854594.010
19 12 726506935.443
19 13 68971223.238
19 14 25336960.768
19 15 401072740.696
19 16 139798854.246
19 17 119270794.090
19 18 36567707.687
