380
0 1 105655983.512
0 2 172801536.974
0 3 107127789.516
0 4 22451239.876
0 5 121533347.471
0 6 97241772.957
0 7 211311928.441
0 8 318109937.700
0 9 68606424.904
0 10 137413225.358
0 11 88608207.407
0 12 896059870.765
0 13 39340875.228
0 14 177889513.467
0 15 198892750.188
0 16 163855975.290
0 17 132391448.889
0 18 141615469.607
0 19 310437808.061
1 0 77912502.773
1 2 7508314.818
1 3 29007973.772
1 4 11693722.545
1 5 10732626.613
1 6 13335934.421
1 7 7743072.421
1 8 43095692.564
1 9 13733203.499
1 10 18829172.838
1 11 28412574.471
1 12 144188136.698
1 13 13434810.220
1 14 16897831.328
1 15 46695403.312
1 16 18153475.180
1 17 21858161.957
1 18 16013718.387
1 19 47809569.454
2 0 79661652.465
2 1 30006770.603
2 3 84906188.968
2 4 25050699.310
2 5 37133167.360
2 6 38399507.276
2 7 22157217.120
2 8 33793909.434
2 9 6020374.512
2 10 44315307.826
2 11 21582027.975
2 12 363024498.309
2 13 26961441.297
2 14 27417431.037
2 15 106541241.817
2 16 118199792.406
2 17 18002082.277
2 18 18557517.094
2 19 129932340.534
3 0 190795736.665
3 1 9982513.684
3 2 42287441.118
3 4 29900418.800
3 5 30495098.927
3 6 46173212.490
3 7 70767088.651
3 8 45298054.866
3 9 9545101.158
3 10 27110390.151
3 11 18109707.312
3 12 387873551.280
3 13 16392421.873
3 14 61905862.930
3 15 166253105.642
3 16 170078643.264
3 17 66141368.773
3 18 40074930.753
3 19 192185475.712
4 0 46723879.002
4 1 5531668.043
4 2 27065377.018
4 3 30775472.766
4 5 20466123.975
4 6 28934269.106
4 7 14334332.902
4 8 23714713.791
4 9 4648105.059
4 10 30163761.132
4 11 9285722.430
4 12 211420163.984
4 13 8606267.473
4 14 18307061.904
4 15 111010746.324
4 16 55731336.342
4 17 20918084.933
4 18 11476746.509
4 19 75475573.487
5 0 189740552.129
5 1 12514033.397
5 2 13954070.043
5 3 17731767.887
5 4 5731094.119
5 6 60607486.708
5 7 43456337.696
5 8 34428179.366
5 9 14732872.436
5 10 42159584.558
5 11 59716973.457
5 12 350222619.693
5 13 26660322.838
5 14 59749975.275
5 15 120114400.334
5 16 93526257.969
5 17 20525396.649
5 18 50677956.927
5 19 101289022.368
6 0 80046914.682
6 1 23579161.115
6 2 19463206.164
6 3 92207806.729
6 4 26417396.872
6 5 36891783.326
6 7 27913935.285
6 8 40437071.108
6 9 16937963.687
6 10 37295000.269
6 11 20349752.204
6 12 345151932.267
6 13 14478065.602
6 14 40050612.084
6 15 158302185.290
6 16 117534555.056
6 17 16450089.507
6 18 55056134.030
6 19 49622085.016
7 0 207796803.701
7 1 9828821.761
7 2 22860884.056
7 3 40488010.895
7 4 14345934.608
7 5 20401200.657
7 6 28466874.604
7 8 81248805.819
7 9 26221061.218
7 10 45258669.822
7 11 17595370.410
7 12 425856994.125
7 13 15452065.146
7 14 24767562.861
7 15 99551448.751
7 16 112292826.897
7 17 53513932.361
7 18 15989385.212
7 19 119026937.734
8 0 105034145.449
8 1 10310350.260
8 2 63538181.842
8 3 50513936.768
8 4 41720522.378
8 5 70907353.155
8 6 74531237.687
8 7 19352118.739
8 9 25347807.939
8 10 50525174.166
8 11 64997887.589
8 12 386548633.410
8 13 38124957.847
8 14 79115968.294
8 15 85639419.045
8 16 219322468.206
8 17 72473999.983
8 18 89728760.289
8 19 50284536.810
9 0 99989706.616
9 1 11130404.622
9 2 27918870.479
9 3 23907931.358
9 4 13650440.258
9 5 12413091.796
9 6 19781902.156
9 7 22414038.502
9 8 35899922.356
9 10 17203330.957
9 11 22344930.564
9 12 41924595.834
9 13 8149749.670
9 14 4988581.346
9 15 35154709.370
9 16 14531167.220
9 17 18657574.771
9 18 7621152.964
9 19 42107632.709
10 0 158811566.626
10 1 15121539.798
10 2 16007137.664
10 3 45589792.410
10 4 24972049.464
10 5 51373422.438
10 6 59232109.329
10 7 31094567.082
10 8 33127676.116
10 9 22249202.116
10 11 49717063.838
10 12 140226276.322
10 13 21229297.695
10 14 35196278.374
10 15 226305175.646
10 16 29570730.790
10 17 37182396.939
10 18 55108452.346
10 19 130114263.929
11 0 143246425.645
11 1 14592621.522
11 2 42579420.658
11 3 29162081.993
11 4 11597622.654
11 5 49060986.348
11 6 13006953.575
11 7 54895692.061
11 8 91945764.281
11 9 28612167.362
11 10 61369703.905
11 12 348591728.896
11 13 30214249.286
11 14 44509680.500
11 15 121603465.481
11 16 121948461.251
11 17 12935739.716
11 18 42876339.298
11 19 151147730.276
12 0 1049897767.082
12 1 99175121.528
12 2 264596716.192
12 3 239186549.422
12 4 108374037.722
12 5 275206166.493
12 6 414464028.001
12 7 74764449.533
12 8 577344762.319
12 9 92336875.424
12 10 427180416.082
12 11 230279796.406
12 13 51773308.905
12 14 339818785.296
12 15 921734539.645
12 16 358542089.537
12 17 143976436.840
12 18 86788004.303
12 19 372823033.710
13 0 83294537.066
13 1 5178047.667
13 2 17341705.514
13 3 39864661.578
13 4 3397305.179
13 5 27413909.959
13 6 13983635.128
13 7 20762688.655
13 8 25039521.488
13 9 12931186.813
13 10 8229952.684
13 11 26656849.359
13 12 208818863.107
13 14 29254254.905
13 15 36085251.113
13 16 69283162.115
13 17 14608506.784
13 18 30580111.776
13 19 29787659.501
14 0 84382915.221
14 1 26375646.454
14 2 54426682.939
14 3 29780191.283
14 4 29190150.459
14 5 45031029.972
14 6 36001823.158
14 7 41839012.202
14 8 89043890.976
14 9 17050404.629
14 10 23377868.560
14 11 24377075.943
14 12 108674215.107
14 13 13913372.106
14 15 200076731.009
14 16 88352875.898
14 17 14222257.407
14 18 26606243.119
14 19 100187514.986
15 0 392290265.968
15 1 44436470.401
15 2 92872066.863
15 3 191216068.600
15 4 135281549.971
15 5 250485119.921
15 6 172035622.345
15 7 142612275.238
15 8 77866804.493
15 9 137558515.129
15 10 171225089.358
15 11 242845007.975
15 12 757267780.951
15 13 100620479.467
15 14 155099304.482
15 16 567371603.375
15 17 55735416.174
15 18 215831173.525
15 19 505817211.431
16 0 369619685.012
16 1 19487570.493
16 2 135561730.557
16 3 221525063.944
16 4 69624549.600
16 5 52848569.034
16 6 112125833.050
16 7 41769731.059
16 8 195393138.412
16 9 53708331.435
16 10 143056729.732
16 11 42974633.382
16 12 685268425.347
16 13 15604344.599
16 14 31274150.638
16 15 185043783.859
16 17 128468104.671
16 18 67736741.006
16 19 370924883.166
17 0 43971928.768
17 1 20970102.632
17 2 14885752.103
17 3 47419709.618
17 4 27359520.008
17 5 32135063.826
17 6 27989665.046
17 7 53285798.576
17 8 74847851.747
17 9 28200426.170
17 10 31650541.051
17 11 42893547.935
17 12 258666111.342
17 13 29878050.916
17 14 44153779.811
17 15 227889462.653
17 16 123434241.241
17 18 53121429.590
17 19 30829976.988
18 0 153438691.898
18 1 15894313.369
18 2 11909103.058
18 3 33993366.575
18 4 7776843.221
18 5 37413463.514
18 6 30306106.433
18 7 29841876.097
18 8 62572511.403
18 9 29576426.103
18 10 35240577.439
18 11 21216010.574
18 12 373927244.305
18 13 23788121.634
18 14 59126556.828
18 15 108771645.097
18 16 119143467.268
18 17 16428671.778
18 19 102030212.853
19 0 166917066.203
19 1 17839074.665
19 2 74688965.389
19 3 45342052.141
19 4 68679512.882
19 5 35634071.158
19 6 97545461.062
19 7 146958671.567
19 8 51292042.450
19 9 66859384.023
19 10 141868449.170
19 11 27804783.811
19 12 878308871.535
19 13 30071408.349
19 14 73710457.799
19 15 515843194.415
19 16 377996020.310
19 17 27192094.963
19 18 30083961.777
