380
0 1 18946801.209
0 2 113488702.578
0 3 160512988.331
0 4 24645080.960
0 5 102502825.526
0 6 120933719.761
0 7 103967150.874
0 8 285140576.270
0 9 24434695.757
0 10 172055922.069
0 11 36803396.917
0 12 304215800.926
0 13 86179087.777
0 14 98657181.255
0 15 238732301.850
0 16 406780580.069
0 17 213352527.452
0 18 154742456.975
0 19 439005398.744
1 0 57378183.235
1 2 28686403.989
1 3 11889981.362
1 4 4438473.006
1 5 30215956.082
1 6 17315380.070
1 7 18729351.915
1 8 15196554.413
1 9 4647294.864
1 10 11598873.691
1 11 27591982.435
1 12 43877633.800
1 13 14765852.994
1 14 9158528.457
1 15 119689967.866
1 16 33780146.630
1 17 19743715.548
1 18 26039682.383
1 19 61144745.933
2 0 210230697.729
2 1 24651205.183
2 3 29942306.483
2 4 16198077.809
2 5 45641203.128
2 6 38611220.783
2 7 61462859.921
2 8 39992058.519
2 9 15665492.943
2 10 59972742.347
2 11 27284965.452
2 12 180138777.059
2 13 7423176.904
2 14 18472664.904
2 15 110776632.912
2 16 70683069.850
2 17 44166547.660
2 18 32358761.867
2 19 37881339.482
3 0 96146794.284
3 1 41461778.729
3 2 58407660.230
3 4 10987245.980
3 5 41830841.480
3 6 18810521.178
3 7 70439332.226
3 8 88479181.891
3 9 15032545.738
3 10 72326008.323
3 11 61179605.436
3 12 471576121.267
3 13 40968981.834
3 14 60855463.549
3 15 206270929.533
3 16 122164439.182
3 17 28067913.838
3 18 30516241.782
3 19 51209995.350
4 0 25532048.486
4 1 9407081.535
4 2 19534908.428
4 3 36873492.581
4 5 30171926.954
4 6 22824398.804
4 7 9731811.866
4 8 15153584.318
4 9 2957064.700
4 10 18441416.881
4 11 18194940.917
4 12 110413795.830
4 13 12883279.367
4 14 16545105.663
4 15 116871133.632
4 16 72916038.354
4 17 9232240.122
4 18 23069885.663
4 19 41358870.151
5 0 68603433.343
5 1 28353528.166
5 2 58680134.042
5 3 61230421.810
5 4 22180774.141
5 6 40817986.831
5 7 47894505.196
5 8 74229921.807
5 9 16803278.824
5 10 55291098.133
5 11 38092250.870
5 12 136084747.126
5 13 10474238.856
5 14 26711551.906
5 15 262986884.016
5 16 107696628.093
5 17 56768410.026
5 18 16549496.704
5 19 92821106.964
6 0 124837387.059
6 1 7065748.780
6 2 55061216.986
6 3 47366852.307
6 4 20123091.170
6 5 30275923.755
6 7 22609831.684
6 8 75066092.214
6 9 30663578.625
6 10 42534907.432
6 11 15652705.066
6 12 312629901.229
6 13 10508922.310
6 14 22050616.999
6 15 216377576.615
6 16 119530926.241
6 17 17921437.361
6 18 21762082.093
6 19 109722358.955
7 0 109167736.417
7 1 19242073.038
7 2 22428761.197
7 3 19445401.231
7 4 17916347.910
7 5 38250279.079
7 6 45510554.161
7 8 50179732.185
7 9 14620518.139
7 10 38093656.341
7 11 19530446.314
7 12 400103806.744
7 13 7964036.151
7 14 47813186.864
7 15 53292623.865
7 16 30282602.262
7 17 18927562.110
7 18 39764667.240
7 19 117044543.921
8 0 64686736.102
8 1 23754350.240
8 2 22178181.473
8 3 119785948.157
8 4 17606017.408
8 5 59760150.699
8 6 60861740.850
8 7 40446244.443
8 9 12079777.558
8 10 46082501.958
8 11 51325148.763
8 12 620412501.331
8 13 27783071.482
8 14 76403814.870
8 15 156667554.894
8 16 195362320.072
8 17 19230009.104
8 18 54231024.715
8 19 181663909.128
9 0 23475982.830
9 1 10368668.357
9 2 6058978.894
9 3 30407007.799
9 4 10461093.060
9 5 20030334.436
9 6 16429257.735
9 7 26676064.886
9 8 30235015.460
9 10 19126285.766
9 11 14301792.985
9 12 123902362.901
9 13 14473044.655
9 14 21973443.120
9 15 23239600.674
9 16 76062148.327
9 17 25198953.523
9 18 27329513.729
9 19 33430126.661
10 0 46323311.921
10 1 15465589.691
10 2 23719029.569
10 3 71010144.573
10 4 21250017.376
10 5 51256956.359
10 6 59227963.841
10 7 19279243.837
10 8 66052908.376
10 9 27576919.574
10 11 55867987.525
10 12 113210660.781
10 13 18127857.927
10 14 22826054.976
10 15 205207260.535
10 16 92055868.783
10 17 17772456.454
10 18 21182649.508
10 19 119669280.731
11 0 204768095.633
11 1 6006525.952
11 2 30567888.733
11 3 78094882.962
11 4 17359711.274
11 5 15977641.758
11 6 26276061.333
11 7 28539949.117
11 8 83669037.334
11 9 5153898.684
11 10 37774320.987
11 12 283806175.940
11 13 9346117.037
11 14 33655200.018
11 15 59479589.760
11 16 25327009.650
11 17 34934312.346
11 18 30534575.779
11 19 139206573.761
12 0 913738657.448
12 1 120248328.447
12 2 205337643.986
12 3 328324472.654
12 4 120867913.705
12 5 198585964.995
12 6 421700638.170
12 7 296798270.480
12 8 275860639.506
12 9 34485521.798
12 10 384015808.480
12 11 395665752.958
12 13 66919805.197
12 14 330632117.997
12 15 934687267.769
12 16 933146643.872
12 17 169616900.658
12 18 366543724.897
12 19 502706277.661
13 0 31404929.871
13 1 12891068.804
13 2 6127808.235
13 3 10005174.382
13 4 6771329.291
13 5 27934489.489
13 6 6269131.465
13 7 9429449.217
13 8 19842306.800
13 9 11198735.887
13 10 19571310.486
13 11 12520577.053
13 12 95918655.780
13 14 6751812.906
13 15 101397106.724
13 16 25329635.378
13 17 27078439.157
13 18 10575939.584
13 19 62376847.401
14 0 166420011.607
14 1 27300585.339
14 2 51348266.904
14 3 18150697.121
14 4 28440902.434
14 5 34572514.862
14 6 46608719.184
14 7 57054832.589
14 8 34689914.518
14 9 24018708.813
14 10 22814732.685
14 11 53794982.830
14 12 138399764.805
14 13 24182981.097
14 15 159200545.598
14 16 116896885.262
14 17 39081428.107
14 18 35782237.665
14 19 146253143.767
15 0 903901862.002
15 1 49847646.823
15 2 46850067.348
15 3 126621279.305
15 4 23762142.752
15 5 203640431.103
15 6 111346509.094
15 7 254903361.366
15 8 127470222.708
15 9 47573480.543
15 10 255281207.316
15 11 215888279.681
15 12 1099483547.240
15 13 39892024.873
15 14 112367151.109
15 16 251750810.323
15 17 102630493.698
15 18 162272199.992
15 19 180655296.210
16 0 141136573.562
16 1 19312271.107
16 2 100915528.914
16 3 135044010.668
16 4 34231402.960
16 5 26599198.829
16 6 91828869.387
16 7 114360444.082
16 8 89413080.432
16 9 33490617.768
16 10 127737250.383
16 11 39496280.447
16 12 202657928.975
16 13 27056178.362
16 14 101513138.184
16 15 574581015.385
16 17 77546256.765
16 18 42659627.441
16 19 247292711.908
17 0 161057380.435
17 1 15645250.166
17 2 16969761.682
17 3 42590566.707
17 4 20484940.996
17 5 28348056.383
17 6 59438336.145
17 7 30298462.660
17 8 83096898.545
17 9 9485322.583
17 10 15248870.301
17 11 27852888.711
17 12 117895233.122
17 13 17549755.548
17 14 16922232.599
17 15 260853512.544
17 16 137988143.935
17 18 42096568.518
17 19 59622654.288
18 0 152730645.818
18 1 6551556.372
18 2 32236131.383
18 3 72643908.180
18 4 30493434.538
18 5 12959869.982
18 6 42314277.527
18 7 17155769.200
18 8 18812339.306
18 9 8647053.367
18 10 54706911.980
18 11 10749302.690
18 12 368155286.253
18 13 9179108.926
18 14 56326122.407
18 15 74158547.444
18 16 116480940.110
18 17 16187444.989
18 19 144219979.858
19 0 234717859.379
19 1 29361791.472
19 2 52353885.011
19 3 148261874.438
19 4 31632203.200
19 5 128369088.272
19 6 68131126.540
19 7 60676025.469
19 8 55444929.874
19 9 54743467.483
19 10 57579462.371
19 11 72948828.313
19 12 198472240.763
19 13 41586097.786
19 14 38631057.561
19 15 538753171.955
19 16 264565542.024
19 17 42153993.872
19 18 124629554.105
