380
0 1 79327937.877
0 2 172084196.671
0 3 301171397.280
0 4 53484031.358
0 5 197808779.107
0 6 192116979.708
0 7 100663510.588
0 8 151014803.884
0 9 54754815.946
0 10 67903390.446
0 11 208818801.530
0 12 1136551087.977
0 13 21055573.944
0 14 95429631.096
0 15 373848301.456
0 16 515532522.253
0 17 146512744.744
0 18 48941400.299
0 19 270152575.126
1 0 81587446.771
1 2 29987139.067
1 3 42550666.440
1 4 7956189.516
1 5 14661368.455
1 6 23702235.683
1 7 9441439.952
1 8 10783550.647
1 9 12766080.297
1 10 9943776.195
1 11 20987606.713
1 12 207549769.431
1 13 4316420.802
1 14 29396787.051
1 15 131463963.656
1 16 76350286.914
1 17 10964313.109
1 18 8187715.048
1 19 53411187.099
2 0 111389961.897
2 1 18603700.876
2 3 74142428.213
2 4 19031642.007
2 5 23791348.329
2 6 24499333.766
2 7 24733686.067
2 8 42610756.686
2 9 13928731.634
2 10 32334282.132
2 11 54345228.697
2 12 221660233.403
2 13 26286989.851
2 14 12944941.109
2 15 198780868.619
2 16 43996628.835
2 17 14757337.943
2 18 54379638.744
2 19 126683940.894
3 0 181901726.331
3 1 26362873.499
3 2 71314066.187
3 4 24761419.767
3 5 38227920.727
3 6 25007518.474
3 7 36702688.682
3 8 58815852.228
3 9 34958528.712
3 10 24843803.729
3 11 87260495.759
3 12 393974311.181
3 13 40971688.229
3 14 88029851.869
3 15 97252930.919
3 16 207893933.594
3 17 15275214.549
3 18 69305685.249
3 19 182433191.717
4 0 62933374.593
4 1 13441116.939
4 2 7628447.516
4 3 32144388.763
4 5 8904681.237
4 6 30725262.964
4 7 27209339.088
4 8 13958965.797
4 9 10979158.592
4 10 25416938.398
4 11 17513142.342
4 12 170976180.115
4 13 4238292.374
4 14 18647894.504
4 15 37521661.242
4 16 30281329.297
4 17 26116462.792
4 18 28394263.148
4 19 32463230.790
5 0 40713647.032
5 1 21082121.766
5 2 26058830.613
5 3 85210075.397
5 4 5456173.005
5 6 24194450.013
5 7 55607638.793
5 8 15771599.948
5 9 16581997.264
5 10 21143383.478
5 11 22797346.149
5 12 415054402.662
5 13 12958938.196
5 14 24465263.651
5 15 47613266.509
5 16 117880253.435
5 17 15956653.638
5 18 46122773.001
5 19 97577940.755
6 0 47382934.759
6 1 21162236.499
6 2 57078410.993
6 3 89423872.525
6 4 16101688.815
6 5 57909457.477
6 7 25274398.879
6 8 18149608.375
6 9 17373300.197
6 10 41663425.287
6 11 18312551.577
6 12 106976320.637
6 13 26133989.332
6 14 29096506.177
6 15 80979894.617
6 16 70475088.860
6 17 26942342.390
6 18 49651578.377
6 19 103642728.095
7 0 121219176.182
7 1 9087100.633
7 2 58155670.493
7 3 16048642.479
7 4 25428573.130
7 5 39808956.081
7 6 58940734.119
7 8 43943217.506
7 9 20443689.956
7 10 20509133.996
7 11 24055098.839
7 12 241625547.598
7 13 6183013.609
7 14 25168412.800
7 15 213046928.611
7 16 49101084.895
7 17 34734470.171
7 18 23131287.628
7 19 103417449.366
8 0 127987922.154
8 1 33539112.271
8 2 60832161.589
8 3 63642008.171
8 4 8587996.253
8 5 25610057.630
8 6 92078367.830
8 7 81957451.109
8 9 24133605.646
8 10 56156149.925
8 11 29397194.724
8 12 266527970.129
8 13 29556250.183
8 14 62797175.294
8 15 266047362.990
8 16 157209618.175
8 17 47713038.084
8 18 68980321.015
8 19 92932682.744
9 0 37280322.316
9 1 9667111.538
9 2 21949258.443
9 3 10383490.426
9 4 11492620.420
9 5 6800364.212
9 6 27568933.220
9 7 11830430.059
9 8 27721793.530
9 10 22103385.671
9 11 15615547.152
9 12 86813731.778
9 13 4231570.054
9 14 22005291.801
9 15 131819766.284
9 16 52276076.466
9 17 11054427.108
9 18 13784720.074
9 19 23944802.790
10 0 97218304.933
10 1 15846283.458
10 2 15661225.007
10 3 49101285.260
10 4 12074842.887
10 5 24240913.958
10 6 41089579.972
10 7 30283712.960
10 8 51369430.363
10 9 12823475.232
10 11 35615896.507
10 12 365898299.812
10 13 27327753.402
10 14 58842327.564
10 15 214823380.254
10 16 40287858.997
10 17 44242212.204
10 18 49461243.332
10 19 82045925.915
11 0 59422882.351
11 1 28429390.283
11 2 42124362.207
11 3 31678706.037
11 4 15720829.021
11 5 60727591.867
11 6 19901264.406
11 7 47765863.410
11 8 25784127.950
11 9 18449332.137
11 10 36364268.004
11 12 395637496.014
11 13 6747681.533
11 14 15115022.726
11 15 70733336.702
11 16 38588574.220
11 17 43337845.385
11 18 50488195.355
11 19 127209849.828
12 0 485022116.318
12 1 200115476.506
12 2 172767298.130
12 3 618622726.228
12 4 184363625.511
12 5 390289653.189
12 6 169695357.191
12 7 283340429.952
12 8 238216656.370
12 9 77070359.025
12 10 409643333.291
12 11 186242572.089
12 13 214778865.441
12 14 299206830.976
12 15 950470957.528
12 16 779035495.929
12 17 381957727.134
12 18 90682885.676
12 19 576126303.823
13 0 68511943.938
13 1 3852698.020
13 2 28874236.210
13 3 27583257.981
13 4 7437658.061
13 5 6047206.538
13 6 13371921.682
13 7 24097780.827
13 8 25503394.344
13 9 11177575.698
13 10 16257183.136
13 11 27301706.240
13 12 108679667.691
13 14 11349064.490
13 15 47031259.654
13 16 59988200.470
13 17 11674400.990
13 18 4926910.347
13 19 25481099.712
14 0 94613522.560
14 1 11208067.767
14 2 35911589.079
14 3 45410949.211
14 4 24212925.952
14 5 44898945.461
14 6 28970331.984
14 7 12496660.096
14 8 80324051.372
14 9 8666506.219
14 10 25675564.289
14 11 16155516.347
14 12 384706422.882
14 13 16723664.551
14 15 44581053.513
14 16 47841286.139
14 17 11260689.604
14 18 41781383.362
14 19 131440619.485
15 0 596330691.836
15 1 105775085.062
15 2 240773767.520
15 3 105212877.746
15 4 60013560.553
15 5 198765890.439
15 6 244252557.450
15 7 230153645.478
15 8 223042261.853
15 9 50176641.217
15 10 115998038.425
15 11 109331466.428
15 12 1512943575.509
15 13 117185543.978
15 14 266066181.915
15 16 639041615.866
15 17 51781735.159
15 18 233216301.351
15 19 617999752.948
16 0 485701933.788
16 1 34283953.480
16 2 144685129.526
16 3 60751169.749
16 4 75581401.770
16 5 94934217.108
16 6 99768830.216
16 7 116084245.713
16 8 74331717.152
16 9 26665569.230
16 10 139954922.759
16 11 108990001.088
16 12 350976530.883
16 13 65171294.450
16 14 69683746.971
16 15 538813066.257
16 17 45747912.436
16 18 135243250.227
16 19 180777192.463
17 0 128571664.827
17 1 13573893.292
17 2 45624793.635
17 3 83367598.043
17 4 16813674.261
17 5 41922184.454
17 6 59522079.871
17 7 58098837.186
17 8 40511776.017
17 9 5553911.315
17 10 60323408.869
17 11 55171097.838
17 12 283768735.816
17 13 25154900.270
17 14 12383516.328
17 15 275530856.790
17 16 30354589.861
17 18 52836408.747
17 19 131024415.346
18 0 148465319.682
18 1 6917772.702
18 2 58687493.004
18 3 78859593.624
18 4 24502998.960
18 5 37827038.693
18 6 30132037.222
18 7 52554551.347
18 8 34349078.163
18 9 25052101.868
18 10 26089295.908
18 11 51205064.502
18 12 99765572.541
18 13 29011266.024
18 14 23489207.504
18 15 194055737.137
18 16 106645047.139
18 17 47675120.986
18 19 139102580.176
19 0 308667178.318
19 1 56345343.943
19 2 57574327.564
19 3 165400047.396
19 4 20756008.419
19 5 118596074.116
19 6 115776350.685
19 7 121371989.894
19 8 219311172.672
19 9 54150252.636
19 10 86675164.102
19 11 142556746.872
19 12 182124535.011
19 13 62215756.848
19 14 111040190.089
19 15 340651608.046
19 16 338169251.686
19 17 43618508.574
19 18 73320569.077
