380
0 1 79140448.681
0 2 205563055.754
0 3 122158696.666
0 4 43508542.354
0 5 156905120.879
0 6 131689122.234
0 7 92626513.760
0 8 265423875.089
0 9 73965010.449
0 10 174464750.630
0 11 134520039.237
0 12 552356074.084
0 13 44219058.931
0 14 173627313.464
0 15 214585731.979
0 16 445586020.100
0 17 171675225.631
0 18 168629032.175
0 19 476964655.703
1 0 48527774.594
1 2 19376698.956
1 3 25887676.870
1 4 5726666.112
1 5 5129315.053
1 6 26176530.839
1 7 25919526.880
1 8 17060433.796
1 9 6724768.510
1 10 25268825.912
1 11 22218375.242
1 12 85214731.392
1 13 2524125.235
1 14 19486074.342
1 15 83830106.841
1 16 60929665.481
1 17 7117569.503
1 18 27681144.115
1 19 67352561.786
2 0 213685620.432
2 1 22248082.087
2 3 25543209.556
2 4 25892497.437
2 5 27943814.742
2 6 32879153.067
2 7 11951053.473
2 8 26399022.188
2 9 6583634.489
2 10 18635377.019
2 11 39252235.767
2 12 359893726.701
2 13 7700279.066
2 14 22043530.788
2 15 53701657.321
2 16 30105096.923
2 17 26156324.336
2 18 42533217.615
2 19 55996482.861
3 0 211696126.210
3 1 39539639.087
3 2 31296198.324
3 4 27492007.894
3 5 42020435.371
3 6 89728241.253
3 7 77714831.612
3 8 89604377.035
3 9 41917487.052
3 10 29235103.598
3 11 52263781.894
3 12 554065092.151
3 13 28373062.607
3 14 90343338.139
3 15 95923147.736
3 16 111318083.899
3 17 52228424.888
3 18 74571672.165
3 19 78923395.500
4 0 57891946.819
4 1 3412026.765
4 2 28765232.835
4 3 44481505.886
4 5 16833083.681
4 6 15647356.595
4 7 4987146.440
4 8 24606248.991
4 9 9404050.263
4 10 17109571.439
4 11 18206924.507
4 12 177682449.679
4 13 9512634.441
4 14 5507583.945
4 15 116840063.219
4 16 38790921.508
4 17 17151666.774
4 18 27538554.880
4 19 55506738.377
5 0 68506826.628
5 1 22356066.639
5 2 21442956.939
5 3 71332028.028
5 4 13063066.226
5 6 28754013.758
5 7 53675545.353
5 8 53746182.053
5 9 13761113.935
5 10 11258551.106
5 11 41652803.354
5 12 305820106.826
5 13 22288126.720
5 14 41135702.557
5 15 255957881.150
5 16 39945205.352
5 17 50105094.011
5 18 27948370.973
5 19 112541084.954
6 0 146071347.603
6 1 24512952.067
6 2 37692560.866
6 3 14800997.109
6 4 30379348.766
6 5 35088759.663
6 7 27779187.577
6 8 26286565.730
6 9 13277402.750
6 10 29104119.313
6 11 29248005.564
6 12 193326913.978
6 13 27592272.553
6 14 51906743.771
6 15 80142193.696
6 16 43654882.908
6 17 14805865.549
6 18 11510247.958
6 19 64447203.879
7 0 106615275.479
7 1 27478789.831
7 2 50321130.577
7 3 61062746.053
7 4 14009047.714
7 5 10537418.494
7 6 19908579.748
7 8 80407722.628
7 9 5563205.958
7 10 21746576.657
7 11 29571027.353
7 12 176853564.863
7 13 15817135.468
7 14 52066603.346
7 15 125190453.371
7 16 34048946.347
7 17 52107445.461
7 18 21624890.282
7 19 81462221.629
8 0 244932383.421
8 1 39526501.041
8 2 20402771.018
8 3 66380247.940
8 4 24439631.461
8 5 24858870.834
8 6 60827948.796
8 7 64994552.526
8 9 22435289.043
8 10 76771313.150
8 11 79722420.906
8 12 591664751.690
8 13 22205226.962
8 14 40038047.137
8 15 118362292.550
8 16 96805563.188
8 17 75070852.890
8 18 32466318.178
8 19 226985977.264
9 0 27050499.209
9 1 6207268.080
9 2 10289439.724
9 3 24482725.117
9 4 14724682.945
9 5 17691700.056
9 6 30656590.488
9 7 9326594.366
9 8 25287550.121
9 10 21405571.877
9 11 29842677.215
9 12 46486502.981
9 13 12237702.599
9 14 27959747.964
9 15 29380208.307
9 16 49338936.986
9 17 7801327.919
9 18 7089077.798
9 19 13672169.588
10 0 54116044.078
10 1 16002242.921
10 2 26774097.927
10 3 26632865.928
10 4 27527049.543
10 5 11179957.264
10 6 60702466.340
10 7 53296817.007
10 8 83634575.251
10 9 20748499.891
10 11 56238721.445
10 12 183094919.328
10 13 25122150.035
10 14 57295082.593
10 15 253752373.573
10 16 84057413.254
10 17 30391986.115
10 18 31826655.583
10 19 91592926.798
11 0 102621335.970
11 1 21877234.361
11 2 13852610.555
11 3 76036781.343
11 4 20501591.334
11 5 11568325.798
11 6 33645804.190
11 7 20654199.572
11 8 55332013.887
11 9 5983475.316
11 10 42091695.178
11 12 387562714.156
11 13 10602616.594
11 14 25991095.030
11 15 49791782.280
11 16 122729789.361
11 17 40535566.854
11 18 39428837.115
11 19 84096708.488
12 0 855494626.024
12 1 197175744.011
12 2 271147533.817
12 3 348360276.230
12 4 153856123.877
12 5 256440237.869
12 6 334960436.649
12 7 414994006.100
12 8 488239023.160
12 9 188315761.040
12 10 399794183.383
12 11 406618647.997
12 13 123113796.104
12 14 69290178.207
12 15 1218861371.507
12 16 721678041.284
12 17 101516409.814
12 18 88338991.123
12 19 881876738.529
13 0 42616782.799
13 1 4099122.229
13 2 9182167.133
13 3 16348787.966
13 4 15065219.937
13 5 26747899.895
13 6 5893072.549
13 7 5156372.299
13 8 20731657.726
13 9 5393770.845
13 10 14865973.145
13 11 22329137.069
13 12 150800396.435
13 14 10531544.819
13 15 78790077.360
13 16 58628700.153
13 17 27976888.574
13 18 30633228.174
13 19 68901405.028
14 0 161150509.069
14 1 8100721.457
14 2 52022539.748
14 3 34416177.146
14 4 21748460.118
14 5 35127521.707
14 6 52202514.484
14 7 34933969.252
14 8 40776031.396
14 9 7536146.178
14 10 17936402.631
14 11 39708273.946
14 12 174210774.737
14 13 27843584.532
14 15 153206923.726
14 16 139375397.665
14 17 61141246.752
14 18 59799070.084
14 19 148587099.950
15 0 261898462.906
15 1 96122531.551
15 2 158352745.158
15 3 304543106.607
15 4 116028316.094
15 5 87423715.685
15 6 121068514.132
15 7 185673392.332
15 8 378788957.893
15 9 44409290.809
15 10 83903444.529
15 11 222793529.786
15 12 525466851.111
15 13 29478266.831
15 14 159536829.655
15 16 568427979.824
15 17 128934305.026
15 18 156248700.428
15 19 554202629.507
16 0 236582952.398
16 1 34963145.455
16 2 146213571.474
16 3 125636489.336
16 4 61121933.111
16 5 50342253.285
16 6 111809022.439
16 7 109852166.711
16 8 66043445.148
16 9 15251101.917
16 10 54170134.478
16 11 65156231.200
16 12 531523922.717
16 13 62959106.857
16 14 129205504.236
16 15 476223158.553
16 17 99369143.698
16 18 122140102.701
16 19 206938783.855
17 0 208132580.750
17 1 20878163.369
17 2 36514161.145
17 3 71998480.493
17 4 24310814.166
17 5 20780861.527
17 6 13500647.465
17 7 23727960.145
17 8 16328943.902
17 9 15091091.441
17 10 23918283.459
17 11 43169726.826
17 12 74051174.653
17 13 11330713.308
17 14 47761706.230
17 15 63262828.932
17 16 135691930.190
17 18 12831832.370
17 19 61071833.243
18 0 37271656.281
18 1 8214032.398
18 2 17648132.505
18 3 19910418.894
18 4 22048281.493
18 5 49312205.824
18 6 25806933.937
18 7 24598118.366
18 8 59142006.018
18 9 12157446.095
18 10 49804575.449
18 11 14331974.329
18 12 364553544.796
18 13 15555604.754
18 14 12166237.569
18 15 245586888.514
18 16 37537383.485
18 17 23008412.059
18 19 59417264.299
19 0 321018721.336
19 1 24158670.818
19 2 81537615.633
19 3 106634014.366
19 4 12398764.899
19 5 85987485.236
19 6 105411483.533
19 7 53822546.609
19 8 164413360.998
19 9 16256058.082
19 10 151134805.961
19 11 37349134.853
19 12 273819810.640
19 13 70500800.906
19 14 25717392.424
19 15 670853646.771
19 16 378682432.875
19 17 58575823.273
19 18 66023089.539
