132
0 1 222001454.727
0 2 215296584.007
0 3 324525239.424
0 4 400528983.887
0 5 228892963.897
0 6 407988892.675
0 7 262633455.678
0 8 211803800.398
0 9 275848874.201
0 10 233117650.519
0 11 176746918.492
1 0 367053677.991
1 2 608009664.420
1 3 807587029.397
1 4 1314181182.474
1 5 886208645.398
1 6 748428671.945
1 7 659244265.570
1 8 641045031.150
1 9 1303000210.602
1 10 461927533.264
1 11 912596318.806
2 0 146544426.565
2 1 795105605.846
2 3 543040531.123
2 4 590733226.846
2 5 657322417.690
2 6 724379161.601
2 7 366748339.474
2 8 405755338.540
2 9 449153112.365
2 10 291923553.921
2 11 475122311.009
3 0 384933335.156
3 1 644607707.229
3 2 649158297.427
3 4 1141988113.950
3 5 970013529.630
3 6 767439842.150
3 7 445530196.483
3 8 405789693.141
3 9 1195821690.643
3 10 629784505.046
3 11 669582063.149
4 0 255480988.322
4 1 1187518476.728
4 2 626701174.873
4 3 1240744408.870
4 5 462460106.956
4 6 719821891.526
4 7 515668948.492
4 8 719902133.846
4 9 799657230.024
4 10 767910740.475
4 11 545654369.902
5 0 283788721.365
5 1 1035289628.413
5 2 638443085.459
5 3 787073179.407
5 4 715946645.966
5 6 629306218.893
5 7 358776622.228
5 8 307732709.782
5 9 928579848.501
5 10 643740140.180
5 11 422322544.064
6 0 409557789.071
6 1 759278883.534
6 2 841039984.487
6 3 1203672328.421
6 4 1090697299.411
6 5 793791354.089
6 7 721890612.208
6 8 785704892.372
6 9 683295839.779
6 10 588227829.549
6 11 655018747.018
7 0 140308487.823
7 1 653893813.431
7 2 578555284.710
7 3 876413230.230
7 4 663484909.508
7 5 436496363.800
7 6 496161051.570
7 8 274248469.060
7 9 443703486.902
7 10 290206367.319
7 11 450401122.878
8 0 230097994.211
8 1 747547035.304
8 2 455198669.292
8 3 427383101.979
8 4 661330537.843
8 5 556004056.040
8 6 866938174.395
8 7 527465118.998
8 9 719752460.161
8 10 332523753.206
8 11 319900632.461
9 0 254992315.312
9 1 1271016276.962
9 2 471545668.649
9 3 1092448004.050
9 4 856663562.500
9 5 481506035.833
9 6 1248430791.620
9 7 591370786.898
9 8 722008769.413
9 10 826125817.494
9 11 466456385.485
10 0 209359878.305
10 1 589230521.752
10 2 274681337.951
10 3 457140798.664
10 4 513925671.037
10 5 308756756.877
10 6 761624030.547
10 7 362193039.746
10 8 525338984.462
10 9 513626828.976
10 11 273726716.376
11 0 217703342.678
11 1 912595477.246
11 2 311733800.062
11 3 637788652.825
11 4 742221905.146
11 5 597377858.748
11 6 459566381.181
11 7 444848932.404
11 8 404695467.892
11 9 793255387.225
11 10 329435424.676
