132
0 1 275713633.232
0 2 207365108.808
0 3 355931837.247
0 4 244668800.544
0 5 222288129.533
0 6 266193605.967
0 7 178248656.275
0 8 180199033.180
0 9 430786668.721
0 10 256600974.462
0 11 280159809.008
1 0 357946719.202
1 2 668375125.455
1 3 702165174.058
1 4 1063741482.084
1 5 812885575.555
1 6 682755165.931
1 7 616782220.873
1 8 466524892.601
1 9 756680919.866
1 10 812096191.212
1 11 841146129.877
2 0 196308556.205
2 1 751147294.439
2 3 824128843.640
2 4 872616682.947
2 5 645335724.576
2 6 434483963.225
2 7 554105475.932
2 8 292013898.554
2 9 625315691.174
2 10 428649571.922
2 11 301775084.361
3 0 374137203.435
3 1 1026676519.754
3 2 397683800.982
3 4 795827573.771
3 5 754875267.530
3 6 1102264365.832
3 7 823897301.515
3 8 607793022.144
3 9 1323922253.761
3 10 577032158.453
3 11 618295675.022
4 0 206712006.685
4 1 683321007.416
4 2 453945707.016
4 3 848086267.336
4 5 743638423.897
4 6 1002892101.421
4 7 836755427.426
4 8 863863493.099
4 9 1194206459.791
4 10 752289050.978
4 11 494346451.453
5 0 256774554.209
5 1 480636456.958
5 2 448643387.215
5 3 779592528.787
5 4 753194699.066
5 6 642919957.242
5 7 501750857.655
5 8 380908435.758
5 9 957134337.175
5 10 306178493.312
5 11 420487198.199
6 0 255725217.039
6 1 1030167069.191
6 2 860181560.020
6 3 748527731.133
6 4 803613140.849
6 5 857714893.163
6 7 424413035.766
6 8 559273728.166
6 9 1143932001.759
6 10 396830593.510
6 11 674645258.499
7 0 141203525.125
7 1 892363745.373
7 2 303081179.561
7 3 806562702.710
7 4 867981909.275
7 5 425108592.666
7 6 613866660.398
7 8 450161874.286
7 9 709117270.809
7 10 404068027.983
7 11 435087475.534
8 0 285034357.708
8 1 825049096.582
8 2 475287283.714
8 3 561636766.440
8 4 480662314.317
8 5 502058109.641
8 6 882560943.085
8 7 483788773.956
8 9 713943797.723
8 10 437722339.835
8 11 483746566.702
9 0 388089394.246
9 1 937179664.594
9 2 695220212.672
9 3 1199705766.658
9 4 822271083.530
9 5 597710804.341
9 6 982259138.438
9 7 668781109.146
9 8 555718607.503
9 10 871665848.584
9 11 869620700.213
10 0 148963847.874
10 1 438434716.294
10 2 580432977.148
10 3 868201980.269
10 4 763713816.681
10 5 559195773.383
10 6 527176366.149
10 7 265014836.335
10 8 474324944.699
10 9 659714465.607
10 11 375519592.806
11 0 153531697.014
11 1 616410203.170
11 2 295407013.488
11 3 485322445.406
11 4 701386295.871
11 5 619624486.981
11 6 644901334.651
11 7 454517460.364
11 8 370931374.103
11 9 749202802.771
11 10 324639666.608
