132
0 1 442986689.978
0 2 196526468.190
0 3 442182365.043
0 4 360934902.839
0 5 288859716.403
0 6 290647732.715
0 7 282924974.347
0 8 243960652.404
0 9 248328601.890
0 10 225875190.989
0 11 265747846.736
1 0 357270840.183
1 2 801744021.228
1 3 866779059.960
1 4 906937383.171
1 5 884812233.741
1 6 1262258556.471
1 7 625208034.909
1 8 599200823.170
1 9 1271646651.081
1 10 542593041.687
1 11 911828606.999
2 0 189028186.115
2 1 529213529.278
2 3 678526736.560
2 4 765635628.893
2 5 649814038.489
2 6 681576542.841
2 7 389228334.586
2 8 539421022.504
2 9 418792616.383
2 10 304058688.618
2 11 358337572.304
3 0 266114997.480
3 1 1055734684.805
3 2 724000780.341
3 4 1326273840.338
3 5 873159350.152
3 6 755643836.294
3 7 776880352.281
3 8 821718216.804
3 9 632961081.754
3 10 704101685.732
3 11 481828060.935
4 0 264814189.268
4 1 1023614263.044
4 2 513925101.819
4 3 1116475894.873
4 5 941485370.637
4 6 1118623573.694
4 7 637856568.891
4 8 850521043.359
4 9 847481276.963
4 10 820173721.382
4 11 692888687.903
5 0 317497772.341
5 1 565021706.394
5 2 413008212.995
5 3 715527184.626
5 4 468593191.060
5 6 801930646.283
5 7 374716057.065
5 8 640099768.060
5 9 908576177.384
5 10 591239109.910
5 11 306496151.511
6 0 415503276.427
6 1 1337123754.228
6 2 871493690.321
6 3 849625811.493
6 4 1187820314.337
6 5 795534699.229
6 7 481392009.553
6 8 607705896.287
6 9 630285969.617
6 10 681016282.123
6 11 807389326.008
7 0 173186898.970
7 1 503135418.840
7 2 295926499.972
7 3 739083097.676
7 4 698996275.931
7 5 347739020.844
7 6 710526247.163
7 8 449570794.613
7 9 463191460.666
7 10 290541674.903
7 11 384950083.315
8 0 259053090.400
8 1 658418161.627
8 2 470541717.562
8 3 736995953.953
8 4 870155243.427
8 5 316656167.636
8 6 627270206.574
8 7 553768470.075
8 9 849989816.639
8 10 333551108.461
8 11 421790568.513
9 0 317695177.051
9 1 752739249.511
9 2 746587310.620
9 3 1310216897.077
9 4 1294517788.592
9 5 912078335.926
9 6 606987764.916
9 7 531237200.891
9 8 603317988.868
9 10 510508885.514
9 11 447297010.290
10 0 231444641.653
10 1 454028343.804
10 2 561574734.421
10 3 730733482.701
10 4 564824432.703
10 5 559461359.187
10 6 591381848.009
10 7 403635310.424
10 8 281644596.562
10 9 653931666.655
10 11 555218482.705
11 0 192933043.820
11 1 538905712.896
11 2 478755630.990
11 3 639832609.203
11 4 688561890.841
11 5 526745706.064
11 6 675371287.492
11 7 396717894.008
11 8 352929560.227
11 9 553925224.179
11 10 507324632.215
