132
0 1 259181990.253
0 2 228548261.135
0 3 360353298.322
0 4 204402777.683
0 5 180304972.185
0 6 319343318.980
0 7 249951617.082
0 8 294866410.618
0 9 202740567.896
0 10 201537541.595
0 11 133585428.485
1 0 373791879.644
1 2 581123381.181
1 3 1314579304.635
1 4 1266670486.765
1 5 659665638.141
1 6 706084220.987
1 7 672226337.035
1 8 739614036.479
1 9 1044932819.976
1 10 769270404.373
1 11 530497149.790
2 0 240624191.502
2 1 732846880.996
2 3 812520452.758
2 4 854162870.874
2 5 387833769.148
2 6 782350054.485
2 7 327812778.215
2 8 314411081.399
2 9 642870971.398
2 10 531682595.941
2 11 311594033.064
3 0 367238799.526
3 1 883435612.435
3 2 396961153.619
3 4 1038617033.929
3 5 544584354.842
3 6 853900734.957
3 7 553301389.146
3 8 681267402.380
3 9 804415089.874
3 10 590818045.852
3 11 862839916.143
4 0 228121425.331
4 1 1131518636.010
4 2 527107269.115
4 3 1155548576.693
4 5 565187247.107
4 6 1310084545.789
4 7 831814623.583
4 8 744624651.879
4 9 973172972.373
4 10 673436284.000
4 11 469068996.816
5 0 205855469.291
5 1 781631995.705
5 2 608081508.253
5 3 445291322.823
5 4 725314837.049
5 6 886477301.705
5 7 303934149.469
5 8 650912769.198
5 9 741270116.851
5 10 331294429.341
5 11 426593650.938
6 0 263501669.567
6 1 967731971.791
6 2 855981124.821
6 3 693584749.091
6 4 1262408991.723
6 5 443514620.125
6 7 760778229.399
6 8 781061833.371
6 9 821464510.146
6 10 707055019.220
6 11 880925844.815
7 0 192700432.616
7 1 731260538.095
7 2 490007766.679
7 3 784297294.799
7 4 857358407.095
7 5 344802366.670
7 6 835383047.952
7 8 453024619.584
7 9 587348236.403
7 10 429197953.589
7 11 439623431.910
8 0 269932510.194
8 1 814113746.295
8 2 365637309.912
8 3 664541273.029
8 4 756204372.073
8 5 336254555.335
8 6 813800772.050
8 7 427974101.716
8 9 787836988.255
8 10 472572243.084
8 11 352132309.057
9 0 384689625.239
9 1 1437096641.037
9 2 871161727.785
9 3 1146902435.274
9 4 1009450488.154
9 5 755590359.327
9 6 1298992244.503
9 7 752050231.184
9 8 655894500.198
9 10 779744123.628
9 11 522172545.922
10 0 261158239.830
10 1 578474451.279
10 2 584312998.260
10 3 654740110.978
10 4 413331133.864
10 5 363108907.592
10 6 545560724.915
10 7 309123221.168
10 8 418510524.675
10 9 608741599.813
10 11 329520109.793
11 0 160722776.918
11 1 854186493.729
11 2 347237691.750
11 3 727681822.064
11 4 773108714.958
11 5 532796894.899
11 6 784455465.289
11 7 441638435.200
11 8 354848591.075
11 9 856121112.002
11 10 357304118.508
