132
0 1 268266049.560
0 2 208001980.435
0 3 367271365.756
0 4 250947646.449
0 5 160435419.681
0 6 202598234.005
0 7 236404666.423
0 8 220177664.759
0 9 372567144.458
0 10 238605400.257
0 11 282954496.579
1 0 349668940.379
1 2 941711621.346
1 3 786458462.010
1 4 1350075881.117
1 5 930848725.138
1 6 1438030215.195
1 7 598783068.711
1 8 695337434.937
1 9 762921910.711
1 10 836773981.231
1 11 815346389.678
2 0 291082049.009
2 1 950709654.756
2 3 824056761.185
2 4 832155569.130
2 5 461461536.017
2 6 551231359.326
2 7 276241475.442
2 8 288923323.234
2 9 821796317.192
2 10 449526368.087
2 11 418428189.928
3 0 282974972.166
3 1 1391170412.899
3 2 705300452.188
3 4 990108014.554
3 5 572918770.747
3 6 1059600385.047
3 7 658477672.882
3 8 511178475.304
3 9 1261660229.920
3 10 558780251.165
3 11 634808666.135
4 0 399023550.283
4 1 1228094516.499
4 2 638399995.950
4 3 942986189.322
4 5 902861056.162
4 6 630823311.403
4 7 799388266.152
4 8 800791720.200
4 9 846435833.758
4 10 416658830.093
4 11 821529386.167
5 0 154069944.419
5 1 886041805.824
5 2 485532323.192
5 3 598820335.644
5 4 968354257.187
5 6 700125774.038
5 7 646949664.569
5 8 358870559.932
5 9 524528930.725
5 10 340945311.707
5 11 480216555.482
6 0 419179366.869
6 1 1158749741.361
6 2 553359562.485
6 3 809986217.164
6 4 652516949.029
6 5 605329260.202
6 7 690297776.475
6 8 588871968.474
6 9 1152859295.681
6 10 528673810.646
6 11 597071640.307
7 0 211943778.614
7 1 681450874.382
7 2 478602340.472
7 3 730194179.942
7 4 642853742.451
7 5 351605836.648
7 6 431782527.450
7 8 335491820.855
7 9 847956177.760
7 10 404776696.864
7 11 351607549.965
8 0 222147697.093
8 1 539137259.731
8 2 506421554.491
8 3 662990408.965
8 4 714265697.703
8 5 381174224.099
8 6 860189243.368
8 7 275803657.336
8 9 577116573.712
8 10 569689127.254
8 11 505969589.748
9 0 314721865.158
9 1 946744397.530
9 2 611065965.576
9 3 841020317.446
9 4 1169671882.244
9 5 839531945.001
9 6 1317785820.413
9 7 720290405.691
9 8 547787310.772
9 10 590326115.720
9 11 433754371.593
10 0 143733438.985
10 1 789568845.697
10 2 365469348.519
10 3 702035647.477
10 4 801943883.344
10 5 417391267.296
10 6 783748373.306
10 7 274051764.630
10 8 458347465.790
10 9 658675555.147
10 11 576400009.295
11 0 182498233.717
11 1 478647047.693
11 2 378476623.332
11 3 535857898.729
11 4 668418745.737
11 5 613458236.263
11 6 821303885.829
11 7 268573268.521
11 8 580822637.349
11 9 880634114.046
11 10 582274710.476
