132
0 1 397627509.441
0 2 178360691.762
0 3 317537766.440
0 4 330878230.516
0 5 155777403.658
0 6 283208797.398
0 7 244386453.092
0 8 226552215.522
0 9 402771961.180
0 10 287050665.467
0 11 200166380.405
1 0 453760231.244
1 2 510216951.137
1 3 1066173577.635
1 4 1001180539.056
1 5 691874342.899
1 6 1064211974.457
1 7 835778080.589
1 8 431542749.883
1 9 1434099046.956
1 10 636621185.241
1 11 480501664.169
2 0 146164741.178
2 1 559727463.696
2 3 493338913.834
2 4 610241710.970
2 5 534845136.606
2 6 680718284.656
2 7 406795918.025
2 8 282308733.551
2 9 612485108.030
2 10 580718508.460
2 11 449124385.623
3 0 376287314.826
3 1 1217495946.673
3 2 727049158.878
3 4 722204134.993
3 5 542548849.472
3 6 1091925553.769
3 7 416818037.811
3 8 501598476.089
3 9 755665725.815
3 10 405646477.823
3 11 587254776.613
4 0 439223814.955
4 1 1092765064.766
4 2 610833685.444
4 3 1284736030.722
4 5 471246825.120
4 6 1239142331.138
4 7 690396075.775
4 8 743818875.238
4 9 640434104.634
4 10 469438926.357
4 11 858971181.736
5 0 307146765.613
5 1 530472336.230
5 2 602635410.901
5 3 895958873.691
5 4 641852907.875
5 6 447967914.602
5 7 598827294.682
5 8 518671715.525
5 9 747918602.600
5 10 546169174.260
5 11 469224504.427
6 0 398825330.039
6 1 1415890270.737
6 2 884410033.691
6 3 1140533031.564
6 4 1047479359.114
6 5 534227993.653
6 7 506317974.019
6 8 777041404.723
6 9 666991571.983
6 10 708917542.406
6 11 406044030.581
7 0 278863815.535
7 1 449340621.884
7 2 266494111.860
7 3 473650178.660
7 4 447811061.598
7 5 632192300.850
7 6 560053770.415
7 8 330233486.604
7 9 649966713.883
7 10 282095484.281
7 11 408904298.662
8 0 206353652.996
8 1 661951552.523
8 2 338573886.588
8 3 844117156.853
8 4 831428259.117
8 5 513736413.626
8 6 771400841.238
8 7 471950226.553
8 9 774668843.747
8 10 519678590.670
8 11 567251981.670
9 0 254241318.470
9 1 1009057568.978
9 2 496725225.132
9 3 965001574.472
9 4 1200844019.797
9 5 636257546.239
9 6 634940570.604
9 7 674616195.011
9 8 479969393.414
9 10 758808670.547
9 11 412898660.704
10 0 142758272.721
10 1 539661512.623
10 2 364149201.347
10 3 810906819.412
10 4 475784634.220
10 5 374051905.206
10 6 395347193.124
10 7 444854291.466
10 8 399570567.982
10 9 722924426.625
10 11 416256066.815
11 0 195198545.039
11 1 753878874.800
11 2 366864102.221
11 3 597447830.247
11 4 666133347.401
11 5 349495111.124
11 6 591864766.907
11 7 404390338.108
11 8 320716065.460
11 9 794984786.563
11 10 495210964.458
