132
0 1 476585540.876
0 2 139993047.523
0 3 204441739.739
0 4 319323509.300
0 5 296633675.919
0 6 215834751.158
0 7 178235524.382
0 8 257943805.323
0 9 436603553.481
0 10 239501275.528
0 11 151308858.517
1 0 286162985.064
1 2 703723961.510
1 3 1234443051.017
1 4 1246076080.621
1 5 621705752.999
1 6 789387748.472
1 7 807549728.582
1 8 782020258.053
1 9 951326050.874
1 10 919009723.355
1 11 814865072.501
2 0 148393627.751
2 1 468565627.283
2 3 479750717.951
2 4 847231655.030
2 5 470911056.127
2 6 579132750.776
2 7 454085981.848
2 8 519182897.637
2 9 555406747.177
2 10 349478392.016
2 11 589959562.263
3 0 352576686.418
3 1 766371876.658
3 2 661166289.246
3 4 731993541.434
3 5 727488022.768
3 6 658628035.635
3 7 467938386.469
3 8 816393248.844
3 9 803592994.744
3 10 584413549.246
3 11 644795234.834
4 0 202066928.875
4 1 748146478.294
4 2 622021402.171
4 3 1038519158.599
4 5 743605234.767
4 6 1156408475.907
4 7 458931360.578
4 8 557649353.691
4 9 965694248.578
4 10 825059936.286
4 11 430589365.265
5 0 232857745.462
5 1 768044010.298
5 2 576117511.696
5 3 555097836.954
5 4 992740127.612
5 6 764981513.903
5 7 402086016.796
5 8 298327992.089
5 9 803936086.164
5 10 636581367.240
5 11 534467534.489
6 0 365208033.214
6 1 1334611209.482
6 2 462995128.624
6 3 786496518.732
6 4 1170196736.947
6 5 828448871.672
6 7 571209251.912
6 8 720655858.803
6 9 1233685714.948
6 10 851183739.504
6 11 767364000.580
7 0 160047573.375
7 1 754387454.830
7 2 448802028.658
7 3 395265217.094
7 4 610206292.004
7 5 486281823.379
7 6 517861401.638
7 8 395785385.439
7 9 634983127.806
7 10 348358714.006
7 11 458596456.825
8 0 143049359.388
8 1 864126992.929
8 2 461345267.881
8 3 818444318.151
8 4 651964146.967
8 5 487923876.098
8 6 626584774.973
8 7 566850746.485
8 9 502314618.062
8 10 532039058.749
8 11 525992024.283
9 0 323903816.853
9 1 970822607.086
9 2 439548221.243
9 3 591905185.816
9 4 927650335.818
9 5 913236470.890
9 6 1214356678.411
9 7 559806376.752
9 8 529797371.652
9 10 552057069.792
9 11 400772945.655
10 0 153822431.007
10 1 902289198.623
10 2 316153459.925
10 3 671032193.397
10 4 677451045.086
10 5 367050300.464
10 6 410813378.415
10 7 383920172.970
10 8 352756636.942
10 9 871791060.533
10 11 279294772.686
11 0 192222227.326
11 1 862390800.175
11 2 567414028.547
11 3 643713319.725
11 4 456573650.434
11 5 488413434.662
11 6 478945654.434
11 7 298915671.097
11 8 518454332.778
11 9 864192697.778
11 10 570952397.297
