132
0 1 235060912.309
0 2 255240737.482
0 3 355228300.011
0 4 430753394.392
0 5 157914075.157
0 6 329161929.425
0 7 160452578.326
0 8 171267594.750
0 9 424892338.242
0 10 135892042.710
0 11 274334087.742
1 0 258387501.736
1 2 957765112.756
1 3 936638770.626
1 4 871367386.258
1 5 891487255.862
1 6 1163772413.384
1 7 672525620.896
1 8 668510481.840
1 9 675972873.592
1 10 648884359.474
1 11 749725301.100
2 0 251726578.526
2 1 513122239.493
2 3 501109754.095
2 4 584101363.889
2 5 352569670.853
2 6 736900080.488
2 7 475538036.657
2 8 446099968.408
2 9 771305351.277
2 10 486264864.570
2 11 359624519.939
3 0 232594948.934
3 1 1263257780.616
3 2 545020543.379
3 4 1232941780.208
3 5 873209553.615
3 6 1110692641.188
3 7 689292861.571
3 8 486315118.757
3 9 876342893.981
3 10 764181071.445
3 11 629726181.628
4 0 241475087.449
4 1 696154589.507
4 2 834986911.866
4 3 1292785547.406
4 5 550862304.362
4 6 943776203.723
4 7 450669861.728
4 8 485189096.495
4 9 971947201.822
4 10 462980570.783
4 11 612475370.974
5 0 173065103.925
5 1 833137286.805
5 2 379882622.980
5 3 584936146.587
5 4 712921909.703
5 6 528911843.545
5 7 436180791.820
5 8 656980692.003
5 9 855650346.059
5 10 335514435.392
5 11 299345735.325
6 0 373948198.190
6 1 982361142.270
6 2 838133843.368
6 3 1173405059.552
6 4 1255308953.822
6 5 858704532.977
6 7 868766242.247
6 8 529342396.354
6 9 653601039.601
6 10 603438355.193
6 11 785168780.112
7 0 160208007.596
7 1 481491016.662
7 2 294029436.356
7 3 677522434.249
7 4 540109246.599
7 5 451750232.180
7 6 608054750.355
7 8 337093809.405
7 9 608250707.516
7 10 411131648.568
7 11 386872063.242
8 0 201549061.485
8 1 928667242.440
8 2 465125662.696
8 3 820041108.637
8 4 689521339.934
8 5 602659797.100
8 6 783158764.733
8 7 397264519.938
8 9 488719909.896
8 10 356918668.827
8 11 574866226.780
9 0 400714541.990
9 1 1037616670.858
9 2 807541615.586
9 3 632970763.884
9 4 927780173.442
9 5 629398504.800
9 6 936746711.621
9 7 683688782.733
9 8 863217565.794
9 10 594913450.419
9 11 573179569.685
10 0 133631992.382
10 1 664677392.918
10 2 285724003.113
10 3 541602588.940
10 4 558707230.596
10 5 416252239.253
10 6 716699937.460
10 7 478267966.048
10 8 477695200.164
10 9 692259421.670
10 11 441850413.405
11 0 271468272.919
11 1 545607143.688
11 2 446394685.309
11 3 795918232.632
11 4 498385883.630
11 5 592259234.181
11 6 881868140.325
11 7 456591198.634
11 8 262896372.943
11 9 454412429.351
11 10 501362374.921
