132
0 1 364058305.899
0 2 202017642.035
0 3 427576730.572
0 4 367737900.248
0 5 204385715.996
0 6 214205052.605
0 7 171161407.008
0 8 285197409.595
0 9 313482498.213
0 10 218357935.655
0 11 240172932.343
1 0 264733067.407
1 2 774437336.399
1 3 1126444794.573
1 4 1345960502.101
1 5 928988076.392
1 6 1253615398.947
1 7 852989565.171
1 8 624376730.771
1 9 692705710.301
1 10 595637775.875
1 11 927657108.375
2 0 170610345.412
2 1 688342244.891
2 3 557792562.060
2 4 503489761.135
2 5 605556435.875
2 6 799643077.683
2 7 454288882.820
2 8 460473780.288
2 9 449433971.616
2 10 392983985.802
2 11 360200408.460
3 0 437418021.329
3 1 988565984.894
3 2 440696303.525
3 4 1011640330.862
3 5 552001328.144
3 6 1197183267.099
3 7 690308421.234
3 8 738650583.811
3 9 1291844427.978
3 10 623480272.692
3 11 612927546.944
4 0 437371042.284
4 1 1151422812.587
4 2 819438923.211
4 3 1277619883.947
4 5 745925544.163
4 6 1180908260.012
4 7 725684030.194
4 8 877320393.089
4 9 784074258.780
4 10 550048828.504
4 11 709626379.785
5 0 303581252.919
5 1 1068317108.043
5 2 663859778.102
5 3 564325339.344
5 4 444111496.535
5 6 969950626.754
5 7 623381148.545
5 8 468743541.469
5 9 917721914.904
5 10 618404261.112
5 11 324675532.907
6 0 386970232.807
6 1 1309152618.771
6 2 512245787.896
6 3 724892959.486
6 4 789598429.070
6 5 699432290.927
6 7 753656090.499
6 8 481519855.062
6 9 639867914.302
6 10 749525357.324
6 11 689662663.071
7 0 163457884.811
7 1 758126653.026
7 2 590074871.182
7 3 825282332.340
7 4 692562591.942
7 5 302313112.528
7 6 750907344.155
7 8 481013621.248
7 9 409542541.488
7 10 494365374.435
7 11 367995823.870
8 0 140265804.829
8 1 629099545.600
8 2 328730579.745
8 3 507074074.045
8 4 431390334.073
8 5 560352382.192
8 6 631081819.222
8 7 269347562.136
8 9 477769926.348
8 10 437818100.057
8 11 407900183.299
9 0 343311778.452
9 1 1250350818.014
9 2 832233800.297
9 3 1088509597.505
9 4 953197265.847
9 5 973489468.948
9 6 1256775105.755
9 7 408170660.146
9 8 686278158.647
9 10 394700057.137
9 11 653610879.187
10 0 175376586.841
10 1 575687429.594
10 2 489615169.288
10 3 665927547.038
10 4 409677342.112
10 5 513457953.159
10 6 570037954.297
10 7 408503999.466
10 8 498258624.324
10 9 842771299.538
10 11 589495842.108
11 0 184826988.361
11 1 602238152.060
11 2 304103162.913
11 3 623973566.644
11 4 415060333.326
11 5 460019626.302
11 6 687603004.406
11 7 287022115.570
11 8 488244595.124
11 9 449027841.801
11 10 315213411.260
