132
0 1 260106133.643
0 2 210055059.549
0 3 294983472.144
0 4 269181989.817
0 5 326502899.319
0 6 388027791.934
0 7 231887253.282
0 8 137788354.618
0 9 268035341.653
0 10 222286003.159
0 11 246492695.535
1 0 433387645.440
1 2 601251812.092
1 3 1429966235.453
1 4 1115565612.285
1 5 600634277.012
1 6 1387218121.733
1 7 923128577.577
1 8 439108512.089
1 9 734612476.106
1 10 583330855.182
1 11 474429198.658
2 0 257668834.604
2 1 721484629.260
2 3 777524120.970
2 4 637919799.232
2 5 618128074.824
2 6 450867449.386
2 7 589618527.800
2 8 433899241.206
2 9 431358919.910
2 10 362104408.159
2 11 388388921.425
3 0 339713593.139
3 1 747849113.642
3 2 597916325.860
3 4 806264972.857
3 5 863224444.530
3 6 920038303.063
3 7 531914107.438
3 8 562208888.653
3 9 929994112.892
3 10 729386275.203
3 11 703748715.213
4 0 438905563.362
4 1 1367432241.749
4 2 830767426.969
4 3 1002620392.127
4 5 458240821.478
4 6 938302867.924
4 7 448185775.483
4 8 694327470.496
4 9 1107116746.619
4 10 749570054.752
4 11 679879612.442
5 0 179423122.782
5 1 671630461.623
5 2 359260596.198
5 3 835607801.641
5 4 493649514.234
5 6 569359156.018
5 7 441648170.999
5 8 464848901.708
5 9 615533611.102
5 10 616382538.246
5 11 395243339.646
6 0 404978793.278
6 1 961942785.270
6 2 399269582.730
6 3 947237038.402
6 4 1325612089.151
6 5 479208736.299
6 7 536336449.415
6 8 853302142.616
6 9 710412512.038
6 10 846300557.220
6 11 860102334.022
7 0 264763022.041
7 1 479043584.049
7 2 462248099.495
7 3 809697262.707
7 4 522833480.975
7 5 617685375.312
7 6 805606385.696
7 8 468036850.786
7 9 817929935.452
7 10 389157471.682
7 11 588107328.222
8 0 137316859.872
8 1 885995638.030
8 2 517202939.629
8 3 579489346.246
8 4 576304164.464
8 5 401377204.525
8 6 608079032.901
8 7 468223673.142
8 9 805163906.516
8 10 385929652.788
8 11 543590812.178
9 0 254003371.104
9 1 1274731221.943
9 2 602905297.351
9 3 968620126.288
9 4 1273914844.523
9 5 992613898.190
9 6 1176008099.296
9 7 842262035.871
9 8 601584027.080
9 10 476397361.709
9 11 683679601.671
10 0 292408236.406
10 1 607661465.331
10 2 290997477.059
10 3 595505295.570
10 4 817162781.297
10 5 331760389.704
10 6 592203894.768
10 7 306724389.336
10 8 371481827.564
10 9 686688351.677
10 11 547702437.011
11 0 158298258.008
11 1 557659251.861
11 2 445450732.096
11 3 650009725.605
11 4 555000724.868
11 5 391158038.548
11 6 804699238.019
11 7 585688807.614
11 8 372517415.530
11 9 670395292.054
11 10 516335168.718
