132
0 1 357654441.775
0 2 157564503.911
0 3 263355026.408
0 4 251870243.503
0 5 290811879.999
0 6 223441431.349
0 7 213064393.357
0 8 276382598.459
0 9 420794713.532
0 10 158125610.884
0 11 271329872.116
1 0 363109784.416
1 2 815101831.975
1 3 895143504.883
1 4 1192355331.783
1 5 936663195.079
1 6 836929402.106
1 7 496722550.997
1 8 630525184.294
1 9 1378362503.758
1 10 512690957.834
1 11 502742964.157
2 0 192859109.347
2 1 581026071.547
2 3 852441294.389
2 4 484116901.797
2 5 385482015.358
2 6 647797227.251
2 7 528110396.518
2 8 503715408.190
2 9 406473713.123
2 10 577831628.968
2 11 380675269.022
3 0 381848027.151
3 1 1258582059.668
3 2 601901951.565
3 4 808775947.068
3 5 944398346.418
3 6 1201123077.688
3 7 554772871.966
3 8 538696554.146
3 9 1295184814.965
3 10 760778813.929
3 11 498086897.798
4 0 291032555.227
4 1 819442066.121
4 2 803156607.003
4 3 1038118689.915
4 5 826798064.596
4 6 1008627690.284
4 7 615604201.269
4 8 736951197.151
4 9 1157195311.599
4 10 567885945.313
4 11 698393698.584
5 0 197917140.507
5 1 531479015.626
5 2 464927284.778
5 3 636863979.989
5 4 922138816.834
5 6 584128660.605
5 7 501589500.630
5 8 304123029.301
5 9 578463406.536
5 10 498731352.598
5 11 474156972.959
6 0 199598045.309
6 1 699703310.892
6 2 836345040.967
6 3 624990260.884
6 4 735942341.192
6 5 974552966.052
6 7 409442991.363
6 8 482855233.825
6 9 1065373951.572
6 10 722528751.901
6 11 547748751.875
7 0 207021371.406
7 1 910188428.389
7 2 296549848.746
7 3 814712422.742
7 4 795174912.405
7 5 526260943.468
7 6 720467745.762
7 8 378351049.817
7 9 768462103.717
7 10 299859268.546
7 11 561592148.240
8 0 165450976.307
8 1 467917950.691
8 2 290995193.475
8 3 670322306.445
8 4 654414475.156
8 5 629044408.578
8 6 581773193.727
8 7 380901904.739
8 9 780975902.007
8 10 471247577.797
8 11 370811886.665
9 0 439491023.619
9 1 1223753999.154
9 2 497342484.308
9 3 667671677.623
9 4 859073413.579
9 5 749787990.053
9 6 716596227.846
9 7 666148439.230
9 8 884116631.718
9 10 776331006.847
9 11 543437803.764
10 0 241049398.334
10 1 719961431.755
10 2 382179728.571
10 3 586343492.924
10 4 601175292.141
10 5 501754689.619
10 6 409851436.393
10 7 570923609.684
10 8 491727803.929
10 9 669206128.319
10 11 579533086.362
11 0 203972614.662
11 1 685880162.111
11 2 515919610.311
11 3 446737265.999
11 4 677518579.573
11 5 644317340.444
11 6 506548384.039
11 7 314481933.585
11 8 360978017.172
11 9 405083213.514
11 10 356367112.898
