132
0 1 324521954.331
0 2 200019785.035
0 3 416634362.614
0 4 373879436.570
0 5 220200504.535
0 6 262620145.750
0 7 191065945.843
0 8 174705896.207
0 9 198257298.135
0 10 210188607.635
0 11 265365163.221
1 0 268087738.706
1 2 580491626.790
1 3 997720015.098
1 4 1176706858.782
1 5 797497516.367
1 6 1363433675.759
1 7 789347454.054
1 8 718965503.155
1 9 864057106.127
1 10 502219655.239
1 11 852103597.552
2 0 250382350.623
2 1 633023225.015
2 3 516364267.608
2 4 524704024.715
2 5 352162446.331
2 6 765385599.049
2 7 479050365.931
2 8 337122600.979
2 9 866385933.681
2 10 483786025.460
2 11 299740206.046
3 0 283163027.733
3 1 1350707683.813
3 2 448932370.492
3 4 1035594628.713
3 5 715474392.736
3 6 694149861.275
3 7 781776754.919
3 8 821812556.437
3 9 988661077.198
3 10 812912918.284
3 11 463213963.380
4 0 292701914.347
4 1 888194207.571
4 2 636986806.421
4 3 1077791397.595
4 5 650908531.480
4 6 1171870805.457
4 7 817887580.380
4 8 582519186.913
4 9 1231319931.985
4 10 868696728.030
4 11 396360598.523
5 0 324749399.394
5 1 757819246.103
5 2 370719557.835
5 3 828826995.245
5 4 465508046.412
5 6 521725295.276
5 7 481447998.959
5 8 492620242.831
5 9 517407246.225
5 10 409706831.091
5 11 409085218.913
6 0 319935734.601
6 1 642456897.032
6 2 619498577.252
6 3 720255583.381
6 4 1182912066.625
6 5 865558767.310
6 7 793652245.525
6 8 704251858.699
6 9 977251515.688
6 10 449680677.338
6 11 404022978.574
7 0 261314015.402
7 1 664173232.663
7 2 507538970.518
7 3 576209697.159
7 4 464010092.744
7 5 511925219.117
7 6 805819718.205
7 8 352588003.932
7 9 794724007.744
7 10 264333861.373
7 11 359485194.770
8 0 150638785.307
8 1 772531002.172
8 2 570874452.906
8 3 726349793.716
8 4 761504714.175
8 5 593649962.718
8 6 874635744.778
8 7 509400535.942
8 9 393761029.708
8 10 366916426.884
8 11 381104313.160
9 0 268697648.134
9 1 1222204630.379
9 2 648826401.535
9 3 656484379.540
9 4 825476994.072
9 5 617953271.222
9 6 1168729581.856
9 7 466746023.704
9 8 721877959.978
9 10 584841666.577
9 11 795627369.468
10 0 287317854.574
10 1 915869286.645
10 2 301053150.484
10 3 873703858.659
10 4 678457629.759
10 5 325485467.507
10 6 787153587.240
10 7 478518768.334
10 8 439600303.541
10 9 430470950.820
10 11 383946878.458
11 0 239064670.344
11 1 550885193.614
11 2 325993520.921
11 3 441739638.837
11 4 559506774.141
11 5 352564417.573
11 6 412745538.162
11 7 560772987.133
11 8 573597106.705
11 9 753248090.073
11 10 370082706.275
