506
0 1 1335183909.956
0 2 351864314.399
0 3 475183704.016
0 4 451692641.259
0 5 586077857.971
0 6 415024243.504
0 7 264665441.530
0 8 403324826.683
0 9 639448045.779
0 10 4121287085.015
0 11 218695844.801
0 12 1348118106.826
0 13 1191667402.412
0 14 7399802.899
0 15 2258847741.816
0 16 36104423.429
0 17 1440756792.693
0 18 210296290.582
0 19 1719415220.211
0 20 366973102.526
0 21 496969906.145
0 22 129499458.034
1 0 879430035.167
1 2 211510484.288
1 3 289233754.077
1 4 150651086.726
1 5 101756049.460
1 6 356022781.760
1 7 2630307795.243
1 8 203163158.828
1 9 1391549094.189
1 10 2962123496.199
1 11 645759096.642
1 12 306018485.624
1 13 2276288176.593
1 14 3770223.101
1 15 800203856.278
1 16 19891727.399
1 17 496340560.747
1 18 90602936.462
1 19 879650790.643
1 20 386410695.717
1 21 334901633.474
1 22 204127235.289
2 0 543334099.515
2 1 434151230.158
2 3 38734451.936
2 4 48801097.361
2 5 23039252.518
2 6 89074016.316
2 7 203642595.085
2 8 70272650.903
2 9 515212878.562
2 10 200836820.366
2 11 234014996.261
2 12 373743345.725
2 13 277193603.126
2 14 5428227.238
2 15 651870981.817
2 16 1767834.438
2 17 26165236.731
2 18 39268646.229
2 19 259109900.513
2 20 300191363.509
2 21 243862525.647
2 22 6522412.288
3 0 62742200.413
3 1 325316099.445
3 2 14114519.472
3 4 87590444.278
3 5 87022043.131
3 6 36493794.221
3 7 516007382.783
3 8 52545892.060
3 9 377067504.618
3 10 512764817.018
3 11 56384091.433
3 12 605521204.560
3 13 657981657.849
3 14 4507181.238
3 15 496708427.441
3 16 611158.963
3 17 250105495.227
3 18 4536388.970
3 19 104977726.406
3 20 370147714.877
3 21 397884329.485
3 22 49379909.913
4 0 444422491.122
4 1 264419450.877
4 2 48966137.918
4 3 54149645.106
4 5 56936491.437
4 6 10528163.854
4 7 313005203.275
4 8 46169973.427
4 9 341553411.847
4 10 382226208.970
4 11 184715373.106
4 12 512862087.348
4 13 414954713.606
4 14 2183383.620
4 15 566882177.906
4 16 3117610.770
4 17 156592057.407
4 18 35645901.056
4 19 62646192.174
4 20 277290070.918
4 21 373300291.260
4 22 19539575.972
5 0 58192882.245
5 1 145468906.492
5 2 15723856.206
5 3 18723602.733
5 4 38162486.562
5 6 97729930.626
5 7 444287357.409
5 8 32032844.081
5 9 440808006.344
5 10 455530486.325
5 11 139555244.050
5 12 77732671.957
5 13 337180064.802
5 14 1448227.761
5 15 331013231.175
5 16 5053712.989
5 17 145470485.225
5 18 55361700.084
5 19 69843061.161
5 20 161712951.841
5 21 251203035.780
5 22 57676404.038
6 0 210368231.896
6 1 421055661.435
6 2 65874184.179
6 3 31626633.180
6 4 88304461.198
6 5 28992158.404
6 7 131777754.879
6 8 36940235.795
6 9 248210672.214
6 10 459490497.608
6 11 140769978.300
6 12 98111461.694
6 13 416055754.323
6 14 710006.484
6 15 283906706.203
6 16 1270485.184
6 17 144061351.820
6 18 58265216.132
6 19 29438074.527
6 20 610888025.131
6 21 409619544.334
6 22 66617464.191
7 0 887785527.119
7 1 2502176188.623
7 2 476250500.100
7 3 108274259.199
7 4 498325420.082
7 5 384435854.791
7 6 440748484.344
7 8 362733897.674
7 9 3384870000.687
7 10 2707855771.435
7 11 800854892.886
7 12 1524101692.340
7 13 1176059161.854
7 14 21118796.255
7 15 1222995927.123
7 16 23626450.239
7 17 156360121.013
7 18 190250567.010
7 19 887429420.814
7 20 4417526408.442
7 21 2076472111.785
7 22 567602111.406
8 0 290654240.933
8 1 428066359.111
8 2 51744161.857
8 3 77674431.471
8 4 20162632.472
8 5 33984242.082
8 6 55142407.130
8 7 309486556.125
8 9 429920490.693
8 10 287987666.134
8 11 243027687.895
8 12 238244510.324
8 13 713145450.942
8 14 5042320.638
8 15 422631699.242
8 16 5935799.995
8 17 120633324.367
8 18 51397411.236
8 19 283026711.480
8 20 326608411.320
8 21 53992569.735
8 22 40196271.625
9 0 3065519400.709
9 1 1742300001.675
9 2 136981424.021
9 3 45646379.305
9 4 220431935.893
9 5 298840095.128
9 6 465693627.746
9 7 391151773.344
9 8 613637292.611
9 10 3424787136.186
9 11 603818982.354
9 12 868814504.842
9 13 1127181907.481
9 14 23858932.060
9 15 437310730.492
9 16 11892755.098
9 17 1153272731.523
9 18 279561128.704
9 19 1104133679.365
9 20 344582609.367
9 21 1581734731.233
9 22 570254200.112
10 0 758050144.179
10 1 1351759790.061
10 2 134300574.254
10 3 451947897.864
10 4 448212346.606
10 5 666577727.090
10 6 281174342.316
10 7 3684829988.946
10 8 655311291.265
10 9 2090666049.924
10 11 985409975.810
10 12 2928950893.503
10 13 1575515823.371
10 14 13184514.007
10 15 3752408531.395
10 16 14523260.071
10 17 1813137996.996
10 18 299724938.579
10 19 1034701245.743
10 20 971067477.247
10 21 678789474.904
10 22 287832736.636
11 0 504160178.032
11 1 370203968.230
11 2 215191669.984
11 3 65069386.448
11 4 24013123.222
11 5 50284954.362
11 6 92371097.419
11 7 417432323.896
11 8 165345307.618
11 9 927802057.709
11 10 1187078230.267
11 12 1823061382.395
11 13 351495534.591
11 14 12278043.257
11 15 851946863.982
11 16 13443378.732
11 17 364350884.579
11 18 136391265.125
11 19 78262794.087
11 20 994772868.845
11 21 835049692.652
11 22 71460385.418
12 0 1580934549.921
12 1 338932151.074
12 2 743041292.743
12 3 123497537.434
12 4 835083585.237
12 5 151673835.487
12 6 753968179.903
12 7 2648530261.124
12 8 743199106.285
12 9 2420309789.921
12 10 1449258604.282
12 11 740085397.543
12 13 3492861773.032
12 14 16321010.429
12 15 3892929073.601
12 16 50578876.876
12 17 745773964.153
12 18 82751961.521
12 19 1149448321.943
12 20 2629557967.278
12 21 1891169957.140
12 22 394321565.410
13 0 2446908699.016
13 1 566367172.630
13 2 701062593.910
13 3 348053182.030
13 4 334586650.860
13 5 167620163.957
13 6 325509293.324
13 7 2865934472.003
13 8 430743698.592
13 9 2430120737.296
13 10 4018939465.753
13 11 811307311.291
13 12 432889801.256
13 14 26220239.641
13 15 3391970122.488
13 16 39146000.478
13 17 984896710.331
13 18 40322719.871
13 19 1733635951.712
13 20 1693734040.463
13 21 3193873388.830
13 22 528254199.490
14 0 9636230.661
14 1 3255729.038
14 2 2153149.657
14 3 4731512.334
14 4 1926610.362
14 5 1905521.390
14 6 3719496.672
14 7 24751786.446
14 8 5772347.549
14 9 23863411.608
14 10 22215249.016
14 11 11088423.467
14 12 13820423.866
14 13 20144961.915
14 15 20234815.121
14 16 50911.148
14 17 16533130.158
14 18 1454259.057
14 19 13307379.893
14 20 36728437.662
14 21 2435122.176
14 22 5730067.399
15 0 1746534686.533
15 1 934675649.822
15 2 656883813.508
15 3 376778980.791
15 4 184805941.144
15 5 233390977.079
15 6 364849278.770
15 7 2174649842.170
15 8 380355654.677
15 9 1658360224.278
15 10 4508965420.176
15 11 1342987948.514
15 12 4145826985.589
15 13 690246476.846
15 14 35759612.073
15 16 4322494.552
15 17 1653687065.624
15 18 148325193.757
15 19 477643108.971
15 20 2640622661.528
15 21 1787250280.187
15 22 489981844.220
16 0 32890801.494
16 1 5401957.258
16 2 595911.958
16 3 2653176.979
16 4 4597477.437
16 5 5057519.037
16 6 5489653.575
16 7 15998918.619
16 8 5813567.216
16 9 17058891.279
16 10 23478179.021
16 11 8965197.310
16 12 42894068.033
16 13 15599586.924
16 14 66818.799
16 15 26635371.309
16 17 16350732.869
16 18 1017809.683
16 19 12021649.896
16 20 39271260.767
16 21 2776445.441
16 22 3645908.304
17 0 626868062.264
17 1 352376222.925
17 2 48321641.003
17 3 70343328.689
17 4 190849386.466
17 5 108758783.482
17 6 105135405.397
17 7 906680656.666
17 8 237784939.836
17 9 942893933.329
17 10 624505761.295
17 11 491680007.855
17 12 970421988.834
17 13 472014904.822
17 14 13812093.644
17 15 1399104387.786
17 16 2369110.190
17 18 89815222.697
17 19 668354535.292
17 20 846134525.763
17 21 486942946.584
17 22 89210963.097
18 0 186007151.609
18 1 183479467.850
18 2 37214740.332
18 3 4476466.570
18 4 11955204.704
18 5 46640626.256
18 6 59637117.924
18 7 324073073.298
18 8 34419610.147
18 9 338068660.700
18 10 345870199.961
18 11 147845627.970
18 12 100877844.052
18 13 333391958.126
18 14 2802330.537
18 15 435018011.059
18 16 3237110.832
18 17 98251390.807
18 19 164444351.490
18 20 327956418.001
18 21 176841765.973
18 22 38724230.704
19 0 1578288177.315
19 1 382941291.757
19 2 225185988.387
19 3 175523180.627
19 4 101120130.564
19 5 218236908.128
19 6 259043005.954
19 7 1754439334.043
19 8 262312523.185
19 9 1758065505.561
19 10 1782305074.445
19 11 450818423.343
19 12 1577917430.685
19 13 1764977991.871
19 14 13227388.900
19 15 2028747831.445
19 16 12327970.173
19 17 659352547.917
19 18 91157986.322
19 20 1477460366.485
19 21 954963905.688
19 22 289942523.753
20 0 450038042.406
20 1 2675988141.907
20 2 695676938.572
20 3 98787385.980
20 4 275101701.673
20 5 141807187.341
20 6 281961120.056
20 7 639947688.300
20 8 374171695.874
20 9 1061626639.986
20 10 4805204240.013
20 11 653030893.573
20 12 1901984693.325
20 13 485149188.251
20 14 3580604.380
20 15 4589872287.377
20 16 36256470.155
20 17 1375110965.008
20 18 71729610.493
20 19 1653430058.359
20 21 1349972517.722
20 22 74567743.894
21 0 1105210418.846
21 1 905285386.989
21 2 168092996.083
21 3 141087141.862
21 4 353748008.890
21 5 119920892.566
21 6 313837991.710
21 7 1552699186.298
21 8 389630119.798
21 9 1287900680.733
21 10 1000250694.614
21 11 501686499.099
21 12 2746634873.208
21 13 2489020308.018
21 14 14752895.063
21 15 1628612591.026
21 16 7258035.826
21 17 664585026.160
21 18 84142275.309
21 19 440732189.858
21 20 3001183999.164
21 22 392883234.888
22 0 42662107.349
22 1 330509400.133
22 2 43599900.651
22 3 19124407.252
22 4 42540382.225
22 5 63138713.520
22 6 41388561.244
22 7 396002823.930
22 8 59148962.806
22 9 361001293.631
22 10 239720050.705
22 11 131043505.208
22 12 688357266.192
22 13 701531708.728
22 14 3303743.011
22 15 49022481.464
22 16 2158909.386
22 17 23188894.069
22 18 35031584.599
22 19 192331083.033
22 20 260365128.594
22 21 194222433.407
