506
0 1 1210341952.788
0 2 604578687.904
0 3 315871470.576
0 4 427489926.170
0 5 257570473.261
0 6 187031465.823
0 7 2424564384.706
0 8 461060604.974
0 9 3052709699.606
0 10 2639901352.447
0 11 1413448759.945
0 12 2723746236.111
0 13 2560236157.833
0 14 3191221.070
0 15 2097594811.514
0 16 7048815.728
0 17 415390934.050
0 18 327904256.930
0 19 231730567.681
0 20 3355828116.548
0 21 2611092481.551
0 22 331407706.544
1 0 1039655643.006
1 2 446876837.047
1 3 66408721.578
1 4 342738357.608
1 5 175107002.455
1 6 211458187.183
1 7 784493693.193
1 8 125571495.845
1 9 1460145576.938
1 10 1049595648.114
1 11 1106069715.257
1 12 571444153.366
1 13 576480775.774
1 14 17347285.769
1 15 2803728611.027
1 16 27313997.302
1 17 1036190364.927
1 18 240447634.480
1 19 203137201.158
1 20 790491526.109
1 21 1110507507.946
1 22 141772558.735
2 0 263851388.066
2 1 423990925.382
2 3 46373058.752
2 4 19094764.072
2 5 52274171.892
2 6 44792648.301
2 7 174713427.035
2 8 55583437.604
2 9 431175025.065
2 10 389819999.507
2 11 123054673.289
2 12 783349143.360
2 13 435570183.419
2 14 2497050.023
2 15 385053636.957
2 16 4908670.457
2 17 134802457.564
2 18 10259896.448
2 19 47507423.502
2 20 223502089.366
2 21 290401668.863
2 22 80567436.829
3 0 84174828.634
3 1 298863276.125
3 2 40838442.264
3 4 61968372.848
3 5 56110660.165
3 6 39270424.111
3 7 74034559.134
3 8 62624337.256
3 9 225314461.959
3 10 674650446.940
3 11 181105166.004
3 12 526513315.791
3 13 381260543.102
3 14 1793297.398
3 15 492092155.828
3 16 4452305.890
3 17 54480524.315
3 18 38152920.184
3 19 286515297.507
3 20 590321951.008
3 21 281593182.691
3 22 21816442.383
4 0 457794467.573
4 1 163890859.556
4 2 90580144.591
4 3 75978185.406
4 5 68073693.600
4 6 83826450.267
4 7 463255498.769
4 8 38813046.595
4 9 123576173.042
4 10 198624024.700
4 11 239560751.399
4 12 157672677.310
4 13 196128968.862
4 14 3316388.996
4 15 434020002.345
4 16 2286251.933
4 17 89721073.964
4 18 18971623.381
4 19 100871282.736
4 20 593132031.143
4 21 144792694.311
4 22 14500343.504
5 0 350486135.470
5 1 196776327.383
5 2 96694975.577
5 3 35347627.578
5 4 86316203.698
5 6 13128453.489
5 7 44111277.517
5 8 79354026.009
5 9 503948762.067
5 10 252782855.203
5 11 210724194.600
5 12 756580614.254
5 13 75319722.486
5 14 1280114.978
5 15 98993449.520
5 16 4276569.144
5 17 217308716.311
5 18 29574411.090
5 19 172419514.250
5 20 693969862.555
5 21 183180575.662
5 22 23755485.947
6 0 152629858.605
6 1 101757123.511
6 2 68730598.166
6 3 19521896.241
6 4 76922841.158
6 5 69438925.096
6 7 63159733.895
6 8 33477696.127
6 9 380971020.173
6 10 75375815.335
6 11 127304786.557
6 12 365996578.551
6 13 392159158.431
6 14 2451540.812
6 15 271788386.167
6 16 2349087.725
6 17 160639151.238
6 18 31378175.751
6 19 140005576.346
6 20 658511463.605
6 21 153658957.162
6 22 76311200.483
7 0 1290473710.409
7 1 879622542.507
7 2 449759462.883
7 3 207864837.940
7 4 269006249.110
7 5 542376410.215
7 6 224830698.057
7 8 241929438.668
7 9 2930707153.240
7 10 1596550675.251
7 11 1140671102.777
7 12 3979287650.392
7 13 1753903857.585
7 14 24287413.961
7 15 1802393100.503
7 16 18588580.175
7 17 436713313.914
7 18 33982498.905
7 19 1373312766.589
7 20 1382056724.637
7 21 696604766.603
7 22 145640625.222
8 0 227797105.815
8 1 128322543.395
8 2 43978263.871
8 3 31227118.919
8 4 63047158.165
8 5 34639860.926
8 6 9590079.341
8 7 308750310.197
8 9 134831120.039
8 10 202677031.159
8 11 91008929.445
8 12 758095636.837
8 13 149235157.427
8 14 4767339.615
8 15 610868409.687
8 16 1558684.924
8 17 56832099.149
8 18 41336990.443
8 19 23159023.623
8 20 266362948.998
8 21 195588749.930
8 22 80111049.122
9 0 1482519296.176
9 1 1985324917.816
9 2 132890016.419
9 3 305143595.038
9 4 110120387.035
9 5 546366119.745
9 6 184814520.294
9 7 1352563632.830
9 8 490781448.218
9 10 819601905.111
9 11 1405043926.629
9 12 2114419067.075
9 13 4052574126.532
9 14 17967546.236
9 15 3353193720.517
9 16 2646784.177
9 17 1171163321.897
9 18 390861927.080
9 19 1693941278.546
9 20 3152048457.015
9 21 2770549320.148
9 22 276867985.344
10 0 3964819579.790
10 1 477443646.577
10 2 133664698.123
10 3 49596341.692
10 4 349477588.966
10 5 481759686.080
10 6 215695680.838
10 7 1987454885.407
10 8 238033260.557
10 9 3848346301.167
10 11 330607574.761
10 12 2509789062.033
10 13 587655502.149
10 14 15788438.734
10 15 3995092628.610
10 16 20094918.525
10 17 1738462873.283
10 18 327162294.666
10 19 1817778878.495
10 20 4426090288.276
10 21 3125022155.500
10 22 595418479.661
11 0 830124379.256
11 1 815307506.957
11 2 76421361.809
11 3 128301499.933
11 4 156728286.249
11 5 148988360.245
11 6 73737963.685
11 7 430120726.611
11 8 204515183.266
11 9 298663415.227
11 10 218644651.699
11 12 919161797.712
11 13 865742192.162
11 14 7504272.056
11 15 1108110938.851
11 16 5444983.677
11 17 668699397.202
11 18 146326188.960
11 19 646587106.344
11 20 1299267860.158
11 21 968603528.188
11 22 102465228.978
12 0 948131979.427
12 1 1672483816.330
12 2 571823152.853
12 3 610123645.635
12 4 479010596.002
12 5 737023341.679
12 6 669169794.220
12 7 1233432632.595
12 8 313934151.183
12 9 4105402158.717
12 10 1949303461.560
12 11 352229871.052
12 13 1566525463.485
12 14 27621812.530
12 15 5719869919.534
12 16 29793675.553
12 17 282862413.064
12 18 69025692.189
12 19 2086463892.865
12 20 955409404.365
12 21 2348782998.659
12 22 136034438.404
13 0 3183659633.463
13 1 2919106684.832
13 2 254641856.986
13 3 537338302.847
13 4 52324905.198
13 5 722657211.116
13 6 500956977.944
13 7 1269987420.492
13 8 172038262.098
13 9 1964600862.143
13 10 3914250496.258
13 11 816485857.482
13 12 6140089710.986
13 14 27727784.731
13 15 4111721890.024
13 16 31088135.694
13 17 655394672.637
13 18 449357610.736
13 19 147698303.501
13 20 3410315536.657
13 21 1384214093.143
13 22 137582192.938
14 0 3451686.546
14 1 4054025.096
14 2 1724672.950
14 3 1676434.430
14 4 4172264.851
14 5 5424826.046
14 6 2186980.379
14 7 4600310.826
14 8 2988494.749
14 9 29381961.865
14 10 8577702.154
14 11 2812978.232
14 12 15366786.142
14 13 30216710.974
14 15 33670671.893
14 16 253651.137
14 17 2005890.686
14 18 1173479.625
14 19 11019546.239
14 20 38854397.262
14 21 10875244.265
14 22 3694218.773
15 0 3467130250.533
15 1 502889358.746
15 2 286858627.769
15 3 184177972.797
15 4 271137733.953
15 5 535977221.414
15 6 663610392.221
15 7 3689146515.564
15 8 172946435.687
15 9 1536514293.561
15 10 311278376.448
15 11 282736894.316
15 12 5052272475.470
15 13 4129488810.185
15 14 31253470.306
15 16 26977978.718
15 17 718235818.833
15 18 227794272.305
15 19 911832356.795
15 20 3763423440.272
15 21 1627275386.122
15 22 295768006.391
16 0 4151466.144
16 1 8796232.728
16 2 4044135.603
16 3 774569.449
16 4 5077209.982
16 5 2906959.114
16 6 4141502.329
16 7 12043724.458
16 8 5745541.317
16 9 11639762.677
16 10 31510306.592
16 11 8178336.835
16 12 5323925.493
16 13 16937292.633
16 14 326481.084
16 15 20368913.737
16 17 6812340.059
16 18 2047195.200
16 19 6018590.179
16 20 33275339.066
16 21 11274186.975
16 22 4719481.194
17 0 146544664.643
17 1 575780788.124
17 2 112072186.264
17 3 150933090.088
17 4 183307595.778
17 5 211972360.790
17 6 203807954.168
17 7 377801374.588
17 8 83978415.725
17 9 1877029115.213
17 10 1312173697.655
17 11 79039588.091
17 12 1287000669.752
17 13 2015886295.009
17 14 14935816.616
17 15 854589197.823
17 16 17252248.757
17 18 171011833.348
17 19 396429932.549
17 20 1428245222.163
17 21 1098215397.201
17 22 131259324.434
18 0 304311399.360
18 1 226675245.583
18 2 8212308.259
18 3 22459767.632
18 4 17613036.400
18 5 29295085.729
18 6 30168046.289
18 7 175518190.124
18 8 20244497.852
18 9 51025637.740
18 10 50703735.444
18 11 30566623.407
18 12 386000198.730
18 13 180986749.135
18 14 1872945.063
18 15 296649929.232
18 16 450064.277
18 17 32784767.812
18 19 30289117.911
18 20 215180206.484
18 21 222460480.515
18 22 56612475.304
19 0 798971003.300
19 1 273427046.213
19 2 68801020.881
19 3 34375096.176
19 4 42605621.743
19 5 196348059.552
19 6 235787750.414
19 7 1601120909.304
19 8 45616332.535
19 9 769620051.007
19 10 514065328.827
19 11 74820094.734
19 12 2128052642.364
19 13 1437868581.542
19 14 11923463.685
19 15 286054226.040
19 16 11418159.894
19 17 161443896.005
19 18 183161071.125
19 20 818037784.198
19 21 366312011.676
19 22 71543545.749
20 0 2061043360.640
20 1 1547177357.247
20 2 530306073.990
20 3 432309431.772
20 4 407398168.745
20 5 390880603.070
20 6 730441360.897
20 7 2237379167.205
20 8 696622929.894
20 9 4733545823.539
20 10 5102080336.284
20 11 196740809.534
20 12 5720641572.901
20 13 2259570678.640
20 14 42262404.114
20 15 2444984512.866
20 16 33668043.969
20 17 1618124053.685
20 18 219489592.936
20 19 622756567.874
20 21 2903551772.090
20 22 632198320.488
21 0 943650893.723
21 1 1381370361.515
21 2 424262949.144
21 3 392916999.370
21 4 403247351.733
21 5 116806938.729
21 6 216467473.623
21 7 2102911047.641
21 8 198884720.394
21 9 1520038875.795
21 10 1764715518.052
21 11 749685756.984
21 12 3085216524.478
21 13 3310307610.272
21 14 23935507.177
21 15 2867014102.471
21 16 1943948.809
21 17 800169013.087
21 18 102504065.443
21 19 580551530.349
21 20 864811164.954
21 22 169078136.752
22 0 50632857.308
22 1 299993356.573
22 2 40285788.089
22 3 94396452.964
22 4 65636386.035
22 5 57967002.291
22 6 71790565.003
22 7 382298694.123
22 8 44963699.569
22 9 583269568.753
22 10 127038496.983
22 11 222916584.184
22 12 657049156.181
22 13 561597416.340
22 14 5825018.551
22 15 67047631.396
22 16 2311422.204
22 17 78778498.886
22 18 25324061.754
22 19 81720906.590
22 20 567681769.758
22 21 273151075.368
