506
0 1 1997541053.229
0 2 132781767.731
0 3 309412577.119
0 4 270354865.427
0 5 435979156.101
0 6 340529169.411
0 7 1508285468.534
0 8 266685398.567
0 9 1403392669.597
0 10 4083255618.538
0 11 1315362154.204
0 12 4704323407.764
0 13 2721370037.341
0 14 35733457.828
0 15 3100108948.248
0 16 3139426.341
0 17 1752350907.901
0 18 142945275.799
0 19 1310897942.039
0 20 2323164072.080
0 21 624216634.160
0 22 87367660.518
1 0 1318454861.717
1 2 80220550.093
1 3 390757329.658
1 4 425721041.929
1 5 283874193.738
1 6 245284698.796
1 7 182644353.839
1 8 116544476.884
1 9 2571097972.975
1 10 726096775.219
1 11 937841660.921
1 12 3781268645.981
1 13 601488688.928
1 14 15233395.247
1 15 1205956928.646
1 16 21040352.476
1 17 622146240.275
1 18 201030571.698
1 19 188686981.984
1 20 1619392901.165
1 21 1154328459.085
1 22 186455758.219
2 0 425792290.065
2 1 233358137.832
2 3 42934976.963
2 4 68102355.500
2 5 14141083.067
2 6 32698117.774
2 7 479810723.733
2 8 69487371.149
2 9 74454047.724
2 10 401928732.709
2 11 231646255.026
2 12 745991610.676
2 13 698627347.646
2 14 4415728.533
2 15 583851377.596
2 16 3823131.923
2 17 160306219.998
2 18 17696395.487
2 19 115273773.568
2 20 112854360.679
2 21 186193834.131
2 22 37431689.794
3 0 236230669.485
3 1 153789335.938
3 2 82480784.149
3 4 42986575.936
3 5 11232049.502
3 6 63205610.703
3 7 434437405.861
3 8 42178037.661
3 9 298370081.669
3 10 62558850.575
3 11 59304313.441
3 12 55616307.283
3 13 609305932.601
3 14 1193383.232
3 15 315354803.328
3 16 5093419.070
3 17 185537977.347
3 18 55637567.838
3 19 218004080.665
3 20 77472600.439
3 21 315143380.330
3 22 91798369.265
4 0 143652374.976
4 1 146295702.563
4 2 77301985.925
4 3 30303841.177
4 5 36015533.097
4 6 67752513.000
4 7 73545398.261
4 8 13944696.180
4 9 460732833.929
4 10 669186232.067
4 11 238807882.677
4 12 629981386.066
4 13 408115232.395
4 14 3509493.491
4 15 167339626.750
4 16 4556993.268
4 17 142673570.811
4 18 7097508.930
4 19 79967204.172
4 20 494989444.222
4 21 173483241.443
4 22 39237669.908
5 0 588594754.228
5 1 72941825.718
5 2 21299159.134
5 3 30060623.201
5 4 59555857.795
5 6 26413812.534
5 7 551474416.359
5 8 29478950.868
5 9 60805106.033
5 10 408606035.377
5 11 118661531.596
5 12 385185793.457
5 13 234224829.097
5 14 3962714.268
5 15 398426503.026
5 16 2122085.699
5 17 111901316.287
5 18 9852997.101
5 19 56763668.762
5 20 198918011.039
5 21 140774204.350
5 22 9704346.556
6 0 58935000.079
6 1 118847584.899
6 2 35156767.659
6 3 69258953.221
6 4 76435721.692
6 5 39846583.203
6 7 206603082.387
6 8 55435999.120
6 9 71655304.043
6 10 378920865.615
6 11 122995726.649
6 12 219967029.180
6 13 430536951.224
6 14 3399607.215
6 15 94038804.661
6 16 532461.337
6 17 116441372.677
6 18 11573832.533
6 19 221326614.264
6 20 201376275.028
6 21 205118347.236
6 22 72216534.778
7 0 980065669.432
7 1 1951331281.639
7 2 340628121.581
7 3 62049393.422
7 4 504234569.123
7 5 573135052.586
7 6 213974997.766
7 8 58639184.270
7 9 2582041206.562
7 10 2084964348.709
7 11 691228934.646
7 12 921947758.434
7 13 3841876880.304
7 14 26822361.743
7 15 2440181978.096
7 16 21008278.335
7 17 265575697.604
7 18 26257501.964
7 19 1739188779.533
7 20 4150559357.771
7 21 1394226540.435
7 22 510538833.970
8 0 504063924.453
8 1 42268018.362
8 2 97768721.399
8 3 84988983.529
8 4 16254517.542
8 5 61750613.062
8 6 82567069.980
8 7 376241203.186
8 9 585423216.081
8 10 162906857.853
8 11 143299616.803
8 12 837851795.828
8 13 457467497.682
8 14 5099515.885
8 15 268863349.542
8 16 1345908.074
8 17 269520100.432
8 18 10007768.194
8 19 273657171.711
8 20 66851991.121
8 21 341015035.522
8 22 40355104.690
9 0 463056936.866
9 1 2040674343.239
9 2 654932582.496
9 3 101874619.901
9 4 122184179.084
9 5 346143157.115
9 6 194734946.394
9 7 618989362.912
9 8 459295287.497
9 10 3521189323.253
9 11 425314638.780
9 12 2804884085.406
9 13 1083607591.453
9 14 22900068.123
9 15 2734733023.283
9 16 6377068.521
9 17 265505294.716
9 18 26297650.596
9 19 124385745.524
9 20 1680034083.237
9 21 821633276.405
9 22 503896841.256
10 0 766393132.357
10 1 2641514915.616
10 2 505932567.333
10 3 439835289.832
10 4 396715681.932
10 5 406160393.578
10 6 325393569.847
10 7 3542953700.777
10 8 475583207.918
10 9 4509249615.549
10 11 648501683.448
10 12 770585504.761
10 13 4144216765.794
10 14 40544388.782
10 15 3069890264.175
10 16 17084709.138
10 17 1329018993.808
10 18 352969372.096
10 19 852402605.072
10 20 804278413.806
10 21 2533584199.564
10 22 566174278.102
11 0 484973929.094
11 1 391530483.401
11 2 220425584.148
11 3 24971855.867
11 4 119133318.579
11 5 16556056.499
11 6 20172086.253
11 7 577071048.568
11 8 27203721.500
11 9 1594970098.202
11 10 1320111762.254
11 12 1931252513.623
11 13 403166283.528
11 14 1579918.684
11 15 805979250.166
11 16 10538102.333
11 17 317450662.204
11 18 47301490.357
11 19 566087412.433
11 20 611166739.696
11 21 430233751.197
11 22 50564859.280
12 0 1186737024.815
12 1 701082423.770
12 2 405295927.357
12 3 723367813.409
12 4 218215058.401
12 5 837829623.751
12 6 515041539.510
12 7 497824055.186
12 8 708391047.264
12 9 1966099525.570
12 10 5243118072.849
12 11 2003338127.887
12 13 4165576555.697
12 14 23566606.996
12 15 2216403389.462
12 16 32101631.249
12 17 342922602.891
12 18 226659290.488
12 19 1262809957.683
12 20 3621271592.569
12 21 2862438194.044
12 22 820366690.584
13 0 1838814850.999
13 1 2894587918.462
13 2 205630217.221
13 3 115353470.569
13 4 133244836.234
13 5 373809397.935
13 6 715909435.060
13 7 1108668399.622
13 8 606202405.630
13 9 2822902536.135
13 10 4563960518.808
13 11 329643075.569
13 12 6191688210.035
13 14 40118335.588
13 15 855201010.474
13 16 36802884.536
13 17 1752563374.441
13 18 417856912.156
13 19 676846587.352
13 20 2155880642.919
13 21 539404168.405
13 22 329531478.629
14 0 8087833.496
14 1 7965770.750
14 2 2429513.186
14 3 2225720.591
14 4 547588.561
14 5 3065970.344
14 6 1987261.659
14 7 11783111.897
14 8 1752182.416
14 9 38361156.474
14 10 35743699.293
14 11 11170096.256
14 12 18601799.146
14 13 9995901.991
14 15 12929678.173
14 16 115906.432
14 17 1214802.481
14 18 2205899.049
14 19 18227690.645
14 20 11575890.550
14 21 25595174.298
14 22 5915589.033
15 0 1979799021.430
15 1 2545178781.471
15 2 545911091.576
15 3 334630578.495
15 4 644665053.426
15 5 285069687.303
15 6 623211031.950
15 7 1043609459.655
15 8 461987646.899
15 9 3387686585.594
15 10 1571781136.643
15 11 1022608941.499
15 12 1925133508.722
15 13 5058891821.394
15 14 18660462.279
15 16 26294459.554
15 17 976410037.876
15 18 186175053.497
15 19 1602439059.549
15 20 5062295232.329
15 21 2218708032.448
15 22 445121584.720
16 0 7428471.592
16 1 5416049.183
16 2 1415559.642
16 3 6139151.359
16 4 3184864.166
16 5 2461457.610
16 6 2243062.459
16 7 28385249.632
16 8 3900182.239
16 9 18795989.963
16 10 37551788.670
16 11 10570680.111
16 12 50395018.007
16 13 28525644.509
16 14 166911.606
16 15 16247467.988
16 17 13641744.036
16 18 633032.357
16 19 4638511.184
16 20 10846903.459
16 21 22641346.817
16 22 5755278.637
17 0 1499755754.493
17 1 739160362.569
17 2 52923498.084
17 3 52320642.629
17 4 257153081.139
17 5 71236587.105
17 6 86055123.596
17 7 994673845.197
17 8 55616854.621
17 9 796852775.015
17 10 811036602.274
17 11 544041840.922
17 12 2485530426.817
17 13 1854952008.699
17 14 15015303.876
17 15 1738215025.413
17 16 11595272.552
17 18 53279615.919
17 19 556269223.797
17 20 697063613.429
17 21 211471374.084
17 22 123907645.058
18 0 329153440.651
18 1 54944953.203
18 2 24555497.536
18 3 14706930.655
18 4 55381635.876
18 5 39226379.353
18 6 40829494.014
18 7 102309749.983
18 8 18481599.186
18 9 175632903.137
18 10 381631198.984
18 11 57111774.609
18 12 461386339.637
18 13 242389061.639
18 14 3576822.181
18 15 308244496.107
18 16 3031811.091
18 17 167796717.201
18 19 160809840.121
18 20 314243370.259
18 21 23278305.966
18 22 26914776.612
19 0 1316095984.348
19 1 514850546.838
19 2 51891896.329
19 3 239478053.461
19 4 261344958.707
19 5 155844353.786
19 6 266264000.902
19 7 890762381.902
19 8 221792423.159
19 9 689049807.155
19 10 631423860.876
19 11 483298770.317
19 12 731141661.663
19 13 1587916292.921
19 14 16609517.943
19 15 895213625.928
19 16 9596407.526
19 17 444427600.425
19 18 34135825.656
19 20 336454577.963
19 21 650971499.416
19 22 69699027.139
20 0 2966637980.806
20 1 958335939.060
20 2 430208494.821
20 3 272277008.759
20 4 243342460.245
20 5 342848376.216
20 6 285953670.388
20 7 644479568.260
20 8 715804471.506
20 9 4290597329.166
20 10 2722437508.750
20 11 696939215.963
20 12 3897863563.259
20 13 3550457033.488
20 14 40075521.806
20 15 4092435206.207
20 16 3619470.056
20 17 401177804.420
20 18 285652136.887
20 19 1514971961.064
20 21 1911008782.410
20 22 445109844.377
21 0 2506507534.177
21 1 201560143.709
21 2 447133376.531
21 3 139781388.503
21 4 205606857.620
21 5 437939574.015
21 6 290609931.388
21 7 633100643.852
21 8 198557138.352
21 9 217861281.465
21 10 257102035.598
21 11 717422572.899
21 12 420149919.723
21 13 1887509492.922
21 14 14018700.135
21 15 1714393254.212
21 16 21800903.332
21 17 815065034.320
21 18 221721884.294
21 19 1049292581.443
21 20 2693989671.568
21 22 64731067.953
22 0 579019300.643
22 1 76165590.114
22 2 77133904.651
22 3 74215878.831
22 4 25666079.683
22 5 74507060.016
22 6 53223011.893
22 7 302120612.287
22 8 83903995.744
22 9 246894652.349
22 10 511937982.181
22 11 59324331.813
22 12 665745390.604
22 13 323858100.650
22 14 3168445.466
22 15 484963051.952
22 16 4715661.565
22 17 219326184.602
22 18 35583247.872
22 19 267362574.096
22 20 530120870.346
22 21 143869159.420
