506
0 1 1429206887.753
0 2 557226126.363
0 3 241697006.186
0 4 408766977.924
0 5 421434034.231
0 6 130610705.271
0 7 1812155747.381
0 8 64252191.902
0 9 674176216.059
0 10 988813027.189
0 11 270467953.220
0 12 2036127108.115
0 13 2259352224.992
0 14 19166904.050
0 15 2633504240.329
0 16 25865495.290
0 17 314708874.305
0 18 370472032.257
0 19 670256970.398
0 20 1693754843.471
0 21 225435850.781
0 22 462497769.959
1 0 1448791575.985
1 2 393011102.737
1 3 87784882.304
1 4 370611036.278
1 5 376508891.664
1 6 342939339.508
1 7 643969905.100
1 8 352415688.483
1 9 1756277069.799
1 10 600209172.667
1 11 897430715.590
1 12 1476905815.567
1 13 1526519465.051
1 14 27823305.310
1 15 1631554627.786
1 16 14003989.605
1 17 732751207.052
1 18 143231401.232
1 19 1132154902.102
1 20 2642790496.062
1 21 1644973318.783
1 22 150867601.367
2 0 280747014.029
2 1 59734777.022
2 3 90442821.220
2 4 75954079.758
2 5 33862360.012
2 6 38679227.436
2 7 229119565.293
2 8 37561647.559
2 9 220556664.878
2 10 70016335.340
2 11 55565677.052
2 12 729917080.524
2 13 77405506.111
2 14 3481973.114
2 15 554955786.193
2 16 2915014.780
2 17 159049066.768
2 18 49699134.848
2 19 146656451.894
2 20 343966425.843
2 21 150505808.989
2 22 25567891.567
3 0 290175253.686
3 1 200889447.153
3 2 35993413.963
3 4 19280212.222
3 5 54542993.540
3 6 30147274.211
3 7 164338080.296
3 8 31746976.768
3 9 416894225.165
3 10 579249827.483
3 11 214595107.754
3 12 435164917.026
3 13 91617205.148
3 14 5945761.061
3 15 269674446.332
3 16 2683013.107
3 17 213350076.225
3 18 4798040.795
3 19 147878062.949
3 20 603232770.419
3 21 52926750.974
3 22 71563435.978
4 0 309670232.753
4 1 254387281.181
4 2 23468866.772
4 3 65143880.883
4 5 40754927.952
4 6 42040520.510
4 7 79094888.952
4 8 43270672.338
4 9 101806787.927
4 10 232031562.622
4 11 245301937.904
4 12 208698565.639
4 13 309028089.359
4 14 1164603.517
4 15 519895673.194
4 16 4880633.492
4 17 247439507.511
4 18 13759875.783
4 19 266213004.515
4 20 411801805.076
4 21 52031122.588
4 22 60135696.944
5 0 573232718.829
5 1 104541603.284
5 2 32188169.435
5 3 26312887.497
5 4 71701488.549
5 6 80574516.261
5 7 214206298.811
5 8 57016035.316
5 9 587439585.476
5 10 81563904.209
5 11 194073682.156
5 12 337128015.750
5 13 603545216.091
5 14 1655184.789
5 15 529302759.133
5 16 2041551.891
5 17 44810871.076
5 18 58419257.830
5 19 61543576.991
5 20 200083996.318
5 21 289777796.795
5 22 90586334.342
6 0 354686022.179
6 1 359564150.947
6 2 73613057.788
6 3 23877747.236
6 4 13426731.042
6 5 75877792.861
6 7 114243249.856
6 8 70512444.823
6 9 572778051.629
6 10 245541747.925
6 11 81252662.785
6 12 564648283.932
6 13 425764791.460
6 14 4527473.147
6 15 188365367.055
6 16 4945378.741
6 17 203260895.239
6 18 6120596.218
6 19 166205264.791
6 20 642895065.639
6 21 120774033.680
6 22 26431998.790
7 0 309803777.001
7 1 2478019639.727
7 2 227021120.993
7 3 311642008.141
7 4 176545504.642
7 5 347490230.860
7 6 577600636.667
7 8 580024138.730
7 9 2366578405.675
7 10 926256653.632
7 11 459704838.304
7 12 2785410580.877
7 13 708382746.694
7 14 4008055.146
7 15 1787140429.272
7 16 8894394.413
7 17 318528853.006
7 18 326972434.003
7 19 1148484439.390
7 20 2771020879.140
7 21 1689479391.765
7 22 56393798.294
8 0 331814044.201
8 1 68483579.029
8 2 19099417.189
8 3 32035915.226
8 4 63445498.034
8 5 45716111.503
8 6 9240522.402
8 7 151168710.163
8 9 225064244.903
8 10 502287960.091
8 11 213017360.589
8 12 594488909.240
8 13 193780179.748
8 14 6079285.744
8 15 645317049.108
8 16 3440747.845
8 17 276004448.780
8 18 55408808.902
8 19 264550842.829
8 20 512529618.783
8 21 431311414.390
8 22 46642082.217
9 0 3071890462.136
9 1 1879542281.253
9 2 486537463.514
9 3 68330597.560
9 4 472267970.834
9 5 520338819.647
9 6 143036077.895
9 7 3214314098.693
9 8 258947295.866
9 10 1072197463.869
9 11 458165933.031
9 12 2244167187.157
9 13 1889301245.277
9 14 3640420.002
9 15 2738545438.529
9 16 8029405.957
9 17 1890909133.593
9 18 335135886.198
9 19 1204689055.259
9 20 1178430909.151
9 21 835756242.440
9 22 300531030.313
10 0 1821286737.030
10 1 218605403.059
10 2 410649264.421
10 3 346155303.052
10 4 364284384.381
10 5 301079102.672
10 6 679253942.008
10 7 2026708674.335
10 8 214249960.318
10 9 1537875232.823
10 11 791607936.085
10 12 3515245037.303
10 13 5137596502.234
10 14 31239598.518
10 15 3987033702.605
10 16 42180049.679
10 17 1522882305.854
10 18 31350265.388
10 19 1385555199.623
10 20 3737147785.289
10 21 1157550505.625
10 22 280032381.225
11 0 526348423.602
11 1 419073272.613
11 2 108599570.106
11 3 143801451.816
11 4 185173733.715
11 5 38647062.247
11 6 223160917.006
11 7 186404029.697
11 8 29274560.436
11 9 819688042.114
11 10 683891362.489
11 12 379697005.394
11 13 1762876771.128
11 14 4427123.825
11 15 1287430787.227
11 16 13531171.250
11 17 107568781.298
11 18 106828562.200
11 19 465981056.495
11 20 308469838.035
11 21 149410932.127
11 22 82238381.110
12 0 3529886060.721
12 1 3092830140.439
12 2 566817494.380
12 3 419086427.639
12 4 243513057.203
12 5 536190056.263
12 6 212808039.981
12 7 4108543017.262
12 8 639941451.700
12 9 640554800.137
12 10 4490660269.831
12 11 1082737703.729
12 13 3925688655.052
12 14 24171092.459
12 15 475668625.880
12 16 48879457.892
12 17 375558353.440
12 18 420163657.569
12 19 862615510.827
12 20 3504391605.192
12 21 795313486.015
12 22 162143188.891
13 0 3022279873.923
13 1 3244645236.016
13 2 115157819.380
13 3 361156514.211
13 4 155295836.865
13 5 229534354.856
13 6 437718313.388
13 7 944115744.290
13 8 322395825.018
13 9 2823457684.845
13 10 3530215599.434
13 11 1193047809.240
13 12 2911771784.297
13 14 4922328.958
13 15 5002074452.393
13 16 4230358.724
13 17 164263714.326
13 18 106885538.433
13 19 1691158342.185
13 20 4471224233.493
13 21 3083092592.187
13 22 322817165.959
14 0 17826406.579
14 1 3335714.232
14 2 5253875.801
14 3 4001673.748
14 4 650675.215
14 5 1015999.538
14 6 4217144.110
14 7 35184336.650
14 8 5658747.409
14 9 16871280.895
14 10 36574880.782
14 11 3388084.898
14 12 43035334.266
14 13 38345026.224
14 15 32099961.970
14 16 103166.336
14 17 8556489.416
14 18 466546.135
14 19 13121020.122
14 20 28774837.329
14 21 24398890.808
14 22 954469.351
15 0 3941200411.904
15 1 1211432526.010
15 2 90390623.439
15 3 662110846.510
15 4 500437669.794
15 5 505577745.842
15 6 55754687.771
15 7 1960042987.243
15 8 500058603.467
15 9 1844817961.789
15 10 4619369599.089
15 11 206597651.000
15 12 374741441.384
15 13 2901796093.575
15 14 27103268.026
15 16 36946557.212
15 17 1066587418.439
15 18 231931857.943
15 19 1933956484.901
15 20 693832075.186
15 21 1673720941.190
15 22 619810409.135
16 0 2680905.020
16 1 14355979.398
16 2 5339954.193
16 3 4241630.957
16 4 4674728.548
16 5 4590593.126
16 6 4893968.111
16 7 16979991.173
16 8 5429589.140
16 9 12052118.031
16 10 42177658.530
16 11 6717679.274
16 12 34036964.459
16 13 30723994.530
16 14 141038.164
16 15 12161025.415
16 17 12579539.443
16 18 989022.328
16 19 17439621.676
16 20 31238407.853
16 21 23678079.862
16 22 2682307.762
17 0 754796386.779
17 1 342172959.375
17 2 298345276.312
17 3 282221199.689
17 4 137358046.275
17 5 216835271.435
17 6 54726469.459
17 7 875230354.232
17 8 30342530.788
17 9 1152762082.396
17 10 2082207928.312
17 11 617314819.573
17 12 1621007479.718
17 13 1452145443.406
17 14 18071306.499
17 15 1730670457.529
17 16 7862375.801
17 18 178843013.181
17 19 374859513.270
17 20 301884204.118
17 21 1071093661.524
17 22 258940110.556
18 0 190349936.169
18 1 108063978.448
18 2 12746585.115
18 3 30106957.236
18 4 53585918.695
18 5 58511400.316
18 6 33370998.165
18 7 326239894.216
18 8 27542982.857
18 9 67945558.764
18 10 168902758.747
18 11 56478757.819
18 12 308079796.128
18 13 210717306.222
18 14 1129506.829
18 15 139351559.744
18 16 3065340.325
18 17 22698202.250
18 19 114230637.836
18 20 341838941.578
18 21 126130889.684
18 22 5710732.087
19 0 1390995775.561
19 1 1316344407.565
19 2 81173476.060
19 3 117229279.507
19 4 125882854.207
19 5 29613740.827
19 6 278963907.736
19 7 1528634922.710
19 8 222697872.019
19 9 481495401.356
19 10 1446698701.693
19 11 388124151.592
19 12 535597256.067
19 13 998547121.597
19 14 1156851.252
19 15 304149412.029
19 16 12217769.040
19 17 831013967.728
19 18 64729065.161
19 20 635195724.097
19 21 559256942.517
19 22 23917130.395
20 0 2831491907.863
20 1 2618040182.731
20 2 570917433.184
20 3 254391647.588
20 4 639144112.446
20 5 665802594.579
20 6 345621856.709
20 7 1939079448.866
20 8 608970120.285
20 9 4469833244.898
20 10 3547872025.989
20 11 242652938.681
20 12 2727435213.730
20 13 446655182.834
20 14 24942669.051
20 15 3594442668.678
20 16 36541613.699
20 17 1917894634.562
20 18 155273874.748
20 19 1591164958.402
20 21 1659430096.083
20 22 689179298.842
21 0 699342667.242
21 1 431618020.444
21 2 238528480.782
21 3 234666298.129
21 4 243700026.655
21 5 442647129.944
21 6 382493417.450
21 7 2358918320.141
21 8 411327973.662
21 9 1821713202.901
21 10 298419452.650
21 11 994635702.401
21 12 3404651200.716
21 13 1327916961.149
21 14 15980279.693
21 15 1084338706.116
21 16 21898131.663
21 17 299888875.369
21 18 21761228.388
21 19 1079727395.090
21 20 1469796320.450
21 22 238368100.277
22 0 395124200.955
22 1 108500530.487
22 2 44038248.823
22 3 39253628.309
22 4 70477625.756
22 5 27044494.428
22 6 92354661.383
22 7 194675380.057
22 8 89983797.419
22 9 278790027.555
22 10 396271303.414
22 11 183809470.179
22 12 593629175.558
22 13 690080312.995
22 14 5244443.399
22 15 258062453.736
22 16 443715.158
22 17 83118820.837
22 18 13270019.573
22 19 89862816.272
22 20 461535731.049
22 21 115674636.480
