506
0 1 1445915407.672
0 2 209256199.440
0 3 498521255.526
0 4 181862232.591
0 5 175643623.813
0 6 422570130.141
0 7 1124035096.646
0 8 137190462.710
0 9 1432402774.515
0 10 2593640301.130
0 11 605861281.780
0 12 4666247182.252
0 13 4162255000.182
0 14 10353835.334
0 15 3647113348.109
0 16 17684017.321
0 17 889825273.269
0 18 236321171.047
0 19 925787092.751
0 20 3138693915.470
0 21 1105591938.984
0 22 510799382.495
1 0 379035777.687
1 2 386329887.912
1 3 340433280.735
1 4 126877929.046
1 5 316544298.231
1 6 278318499.632
1 7 1187652814.132
1 8 116459515.995
1 9 620380300.333
1 10 836905500.298
1 11 629800172.561
1 12 849155200.151
1 13 3125958164.459
1 14 19349478.129
1 15 2425744735.266
1 16 23943151.643
1 17 766105379.898
1 18 26429391.875
1 19 950270823.871
1 20 2888085385.518
1 21 1886900088.477
1 22 34333156.481
2 0 97804738.148
2 1 201235897.259
2 3 98030647.461
2 4 86373542.979
2 5 77413799.087
2 6 87844516.014
2 7 396800786.352
2 8 62992037.360
2 9 286434400.772
2 10 432191002.135
2 11 157118069.276
2 12 780982870.019
2 13 521331710.727
2 14 5824133.973
2 15 693490267.863
2 16 1653124.062
2 17 164347958.701
2 18 22029897.987
2 19 173857584.340
2 20 357684603.162
2 21 376769587.325
2 22 49612987.376
3 0 315880726.174
3 1 36291494.254
3 2 73577830.620
3 4 12985484.490
3 5 33781278.091
3 6 56655763.125
3 7 249099791.359
3 8 83794773.994
3 9 619199781.345
3 10 645132497.998
3 11 215077770.804
3 12 363306052.526
3 13 427731458.283
3 14 4048572.422
3 15 353568175.604
3 16 4376645.144
3 17 285666832.947
3 18 56433129.518
3 19 195672192.448
3 20 49670489.022
3 21 90936285.915
3 22 25073020.288
4 0 88615979.837
4 1 253223911.363
4 2 8621836.908
4 3 87888045.607
4 5 84170183.832
4 6 6340830.219
4 7 119166058.359
4 8 9302299.044
4 9 460091090.824
4 10 566260751.547
4 11 171750303.477
4 12 513613640.551
4 13 724005712.591
4 14 2360870.014
4 15 237349538.713
4 16 5550975.932
4 17 200639678.544
4 18 58386362.394
4 19 78294681.854
4 20 534916587.175
4 21 342063871.241
4 22 88083420.153
5 0 468883432.227
5 1 285649703.364
5 2 83080930.980
5 3 24454725.241
5 4 22500181.037
5 6 43346353.226
5 7 539861131.121
5 8 62771163.491
5 9 509172956.996
5 10 542886893.917
5 11 126431881.953
5 12 550014958.279
5 13 233671960.243
5 14 2843403.757
5 15 185496129.778
5 16 4461182.380
5 17 25336728.620
5 18 43231968.215
5 19 135028861.784
5 20 350951824.714
5 21 123103311.436
5 22 23994112.594
6 0 50453141.132
6 1 247703674.476
6 2 68203479.553
6 3 65326544.978
6 4 90646848.577
6 5 57797702.643
6 7 574914130.941
6 8 33023424.717
6 9 269969759.881
6 10 608014268.459
6 11 198444608.322
6 12 85011958.458
6 13 85447611.412
6 14 2362552.231
6 15 135331983.102
6 16 3589155.052
6 17 286707773.020
6 18 31283244.484
6 19 116386438.382
6 20 578724620.994
6 21 236949279.856
6 22 37740076.565
7 0 1130899552.932
7 1 2632952318.581
7 2 318226112.390
7 3 403683661.683
7 4 69844049.840
7 5 140459764.707
7 6 529860237.321
7 8 311994050.140
7 9 1222688126.068
7 10 309933574.777
7 11 1307708144.101
7 12 3499339118.332
7 13 991605395.353
7 14 9361861.881
7 15 3918491346.530
7 16 25143421.341
7 17 1211425389.833
7 18 85651669.771
7 19 1104311990.979
7 20 1360926572.831
7 21 869509664.469
7 22 330250825.678
8 0 397994465.453
8 1 108132765.398
8 2 65168735.826
8 3 72521118.258
8 4 62521801.812
8 5 10031995.351
8 6 69940770.356
8 7 118063113.242
8 9 246222017.632
8 10 694533667.200
8 11 116114031.098
8 12 792860115.861
8 13 434792995.789
8 14 4541896.218
8 15 540995523.534
8 16 709391.455
8 17 240836213.326
8 18 21832624.321
8 19 180738754.119
8 20 232514923.128
8 21 204582883.232
8 22 86724723.797
9 0 3307463831.134
9 1 1277971165.604
9 2 513617903.308
9 3 615705231.479
9 4 599179086.136
9 5 51609657.150
9 6 240793388.213
9 7 998595824.814
9 8 136237081.515
9 10 1259904989.138
9 11 523885169.461
9 12 1180666265.291
9 13 378627119.302
9 14 11922707.916
9 15 3759994654.992
9 16 31979298.691
9 17 906342763.682
9 18 253161755.318
9 19 592044586.770
9 20 3738956704.016
9 21 2866987880.928
9 22 121440392.312
10 0 2748749382.218
10 1 1281165352.170
10 2 364794839.251
10 3 303460664.851
10 4 551949225.915
10 5 115637687.087
10 6 627697393.876
10 7 2410019430.845
10 8 408588374.611
10 9 1681259241.996
10 11 518626969.967
10 12 1650113720.874
10 13 2886633369.543
10 14 38067740.244
10 15 549491096.360
10 16 8669359.980
10 17 228870405.814
10 18 38214777.170
10 19 636754989.510
10 20 822440599.627
10 21 1428861620.870
10 22 326992913.459
11 0 502204032.394
11 1 467890304.767
11 2 108622881.121
11 3 148381939.545
11 4 169593044.175
11 5 241620043.730
11 6 229423246.656
11 7 1083160109.775
11 8 112856067.047
11 9 942717570.372
11 10 770731572.522
11 12 296829746.922
11 13 1326592452.981
11 14 7244821.885
11 15 1551764399.025
11 16 10736502.562
11 17 673021025.649
11 18 153686996.332
11 19 420462595.900
11 20 1484822174.888
11 21 1061204005.417
11 22 36106721.204
12 0 2740015821.926
12 1 1513394872.134
12 2 215683516.144
12 3 107096604.261
12 4 174373529.389
12 5 70226929.406
12 6 361713152.386
12 7 1013754329.601
12 8 219066186.470
12 9 887206834.580
12 10 2391903166.695
12 11 832658192.628
12 13 4971396753.421
12 14 36717123.775
12 15 456716859.080
12 16 25265802.159
12 17 857796032.504
12 18 495524691.188
12 19 2123712203.808
12 20 1619135619.306
12 21 883885199.639
12 22 525628941.552
13 0 2933640343.508
13 1 431263432.246
13 2 488120851.703
13 3 472068498.380
13 4 540873188.315
13 5 74766352.512
13 6 98580988.215
13 7 1759882538.721
13 8 207044338.235
13 9 2969813291.398
13 10 411943897.354
13 11 329183309.548
13 12 579815501.743
13 14 31507544.737
13 15 2324429106.876
13 16 10087056.669
13 17 1269088592.174
13 18 324198558.562
13 19 643118309.159
13 20 4584790734.528
13 21 1892032012.086
13 22 195659366.878
14 0 12070915.053
14 1 8978501.680
14 2 4890773.785
14 3 3046491.448
14 4 3643936.535
14 5 4041227.332
14 6 4574015.579
14 7 3406830.286
14 8 2524663.839
14 9 8587543.283
14 10 11695582.178
14 11 7759061.549
14 12 15513942.880
14 13 20626698.548
14 15 13642715.302
14 16 305257.905
14 17 7394703.779
14 18 1184812.227
14 19 3566179.165
14 20 31198448.259
14 21 23840189.314
14 22 4131347.327
15 0 1330413660.995
15 1 1172319650.994
15 2 330565256.728
15 3 684504412.553
15 4 152090872.432
15 5 150595184.155
15 6 352918046.182
15 7 2803169904.739
15 8 89220274.181
15 9 2492193411.145
15 10 4197784721.281
15 11 1305703811.514
15 12 4186063121.460
15 13 4351507812.569
15 14 40759019.392
15 16 27992307.269
15 17 325440382.910
15 18 122701524.913
15 19 1021611367.158
15 20 671531271.941
15 21 2579825494.611
15 22 48119186.352
16 0 16701400.643
16 1 4369256.969
16 2 4626250.312
16 3 5614486.679
16 4 2644259.588
16 5 3730691.133
16 6 385460.959
16 7 30680627.242
16 8 5775023.353
16 9 20891931.380
16 10 11944497.023
16 11 6104249.887
16 12 45466149.172
16 13 12117638.201
16 14 350726.143
16 15 20875926.135
16 17 9776731.887
16 18 1230588.369
16 19 16998876.141
16 20 16931165.413
16 21 25989768.362
16 22 1300543.595
17 0 334103057.050
17 1 185432953.489
17 2 296027503.723
17 3 145167256.522
17 4 264247547.505
17 5 205659761.732
17 6 259649683.341
17 7 584966653.037
17 8 189865697.081
17 9 1387554034.743
17 10 628785234.985
17 11 368046400.251
17 12 2402245504.716
17 13 1527009719.079
17 14 16952290.476
17 15 1799937516.916
17 16 6647579.252
17 18 56797089.876
17 19 149549754.774
17 20 1092029930.907
17 21 1134069125.397
17 22 277361226.512
18 0 89239418.332
18 1 151146671.548
18 2 12233590.482
18 3 51948223.148
18 4 7217368.743
18 5 48694584.735
18 6 44448461.043
18 7 355211602.521
18 8 46126972.037
18 9 369744080.082
18 10 283514615.297
18 11 108430444.270
18 12 297649970.729
18 13 151538831.818
18 14 2666342.092
18 15 393117302.306
18 16 2258629.987
18 17 68868711.843
18 19 37096668.560
18 20 158469114.686
18 21 19593118.251
18 22 60518850.505
19 0 292681710.213
19 1 355242369.902
19 2 194484358.086
19 3 223349677.042
19 4 263983111.660
19 5 183016686.240
19 6 251218221.694
19 7 453072554.560
19 8 259983922.759
19 9 524384316.139
19 10 2096750353.285
19 11 226964388.450
19 12 227419945.856
19 13 268589377.148
19 14 17492859.482
19 15 746520754.789
19 16 4854396.897
19 17 257289417.231
19 18 118922775.264
19 20 498882497.889
19 21 300771875.558
19 22 112981342.881
20 0 948920150.000
20 1 3018906849.906
20 2 725110790.210
20 3 49445631.205
20 4 74327140.667
20 5 56558000.537
20 6 450039369.142
20 7 1921353500.474
20 8 692759667.064
20 9 4267973364.768
20 10 2313903356.615
20 11 1050922392.952
20 12 2451260659.193
20 13 1694802402.500
20 14 14358904.558
20 15 357752011.303
20 16 36085015.617
20 17 2196038376.913
20 18 120811168.122
20 19 1961128757.279
20 21 2765995752.693
20 22 130186062.113
21 0 1222996239.994
21 1 1086736080.558
21 2 237035120.879
21 3 171680399.770
21 4 241642806.944
21 5 187209126.767
21 6 134851990.765
21 7 2420559093.546
21 8 186651860.857
21 9 649854877.904
21 10 3043243324.001
21 11 128984037.004
21 12 2111349839.322
21 13 274255136.915
21 14 10327701.301
21 15 2561945034.234
21 16 21926054.276
21 17 524226801.623
21 18 163921213.254
21 19 696110882.694
21 20 2049982510.516
21 22 390269136.785
22 0 385136755.318
22 1 364929830.894
22 2 75484821.590
22 3 68583569.538
22 4 71443447.841
22 5 92303727.419
22 6 38404493.624
22 7 428266361.710
22 8 46254472.374
22 9 575342468.524
22 10 508190740.315
22 11 90891917.716
22 12 468691780.913
22 13 154272107.499
22 14 2147243.601
22 15 451723283.978
22 16 4568601.962
22 17 262621318.256
22 18 33898067.813
22 19 74016865.128
22 20 703482567.219
22 21 309500294.827
