506
0 1 569880796.270
0 2 569976926.532
0 3 133936834.466
0 4 130560952.772
0 5 293503049.357
0 6 540265586.392
0 7 1601930840.035
0 8 182490181.346
0 9 801959080.554
0 10 3055915350.317
0 11 630697190.331
0 12 2445727205.600
0 13 3241302775.828
0 14 26077095.004
0 15 4107802662.416
0 16 21270830.403
0 17 998740207.542
0 18 324834151.540
0 19 775093739.105
0 20 3070795638.016
0 21 2003159555.613
0 22 155954815.437
1 0 765108619.652
1 2 436264003.223
1 3 83252995.602
1 4 403655564.565
1 5 209525253.023
1 6 406215499.331
1 7 962661475.574
1 8 356556658.795
1 9 779473794.822
1 10 1168274740.145
1 11 1057609032.950
1 12 3031754592.936
1 13 808740120.178
1 14 6131569.581
1 15 1308392497.383
1 16 26092914.805
1 17 218305552.987
1 18 268975303.271
1 19 770981979.165
1 20 2464854524.174
1 21 673004572.632
1 22 67172099.290
2 0 607954531.214
2 1 437707027.325
2 3 44622096.853
2 4 81144996.555
2 5 67703680.308
2 6 20887383.237
2 7 555982407.057
2 8 12230366.852
2 9 512940405.834
2 10 605962823.271
2 11 225412397.356
2 12 72701388.819
2 13 700343357.489
2 14 4579442.772
2 15 79559748.985
2 16 5012058.660
2 17 289590603.341
2 18 14580352.910
2 19 114770356.508
2 20 717264595.621
2 21 108804329.542
2 22 10446767.594
3 0 158624468.475
3 1 260455323.588
3 2 62694626.540
3 4 70089581.593
3 5 29756668.470
3 6 61329992.468
3 7 276138040.785
3 8 51858582.673
3 9 623855068.398
3 10 360478991.933
3 11 240203190.908
3 12 79828767.517
3 13 195288885.111
3 14 2537509.375
3 15 406918251.477
3 16 2170569.870
3 17 68456554.309
3 18 14603402.798
3 19 175691920.994
3 20 524633668.863
3 21 325509933.073
3 22 41003240.533
4 0 233870101.189
4 1 74130714.288
4 2 32539955.972
4 3 40115602.532
4 5 59647855.824
4 6 82033636.793
4 7 164111330.884
4 8 44803725.589
4 9 638405031.040
4 10 264953275.990
4 11 52087430.604
4 12 602808640.524
4 13 647648174.553
4 14 2848061.875
4 15 416305897.440
4 16 1122086.107
4 17 147712150.349
4 18 30764535.247
4 19 209918483.004
4 20 103192429.353
4 21 43422390.393
4 22 97417286.739
5 0 172922716.639
5 1 48150403.612
5 2 60665555.615
5 3 67211668.132
5 4 6236103.549
5 6 74530715.914
5 7 130315942.718
5 8 66825259.695
5 9 113121435.701
5 10 379599374.071
5 11 192824791.197
5 12 672735507.039
5 13 585512721.228
5 14 2346955.477
5 15 214937224.788
5 16 471844.818
5 17 42063485.790
5 18 18462475.196
5 19 215461595.964
5 20 247814704.889
5 21 394799168.452
5 22 50414043.693
6 0 175466692.035
6 1 395535162.125
6 2 90994769.509
6 3 59020633.411
6 4 18362299.639
6 5 79681029.332
6 7 323760728.173
6 8 21419994.015
6 9 600278139.863
6 10 479932046.567
6 11 95004198.977
6 12 791326226.202
6 13 158649532.736
6 14 966061.289
6 15 268649783.462
6 16 1588279.980
6 17 50929954.733
6 18 9669137.487
6 19 84272288.874
6 20 271802318.750
6 21 79210779.147
6 22 83911110.742
7 0 1152000563.807
7 1 2016790335.604
7 2 607229582.570
7 3 266819611.791
7 4 91041788.913
7 5 177037287.264
7 6 55579213.285
7 8 117772782.367
7 9 2850422273.887
7 10 353387504.005
7 11 1364889689.260
7 12 437289501.537
7 13 3084612832.098
7 14 14868835.649
7 15 2268720196.357
7 16 24561276.553
7 17 218764499.479
7 18 264807308.453
7 19 1277803938.417
7 20 2467265793.982
7 21 2106255519.893
7 22 132709919.802
8 0 538870345.343
8 1 182996879.854
8 2 6782846.184
8 3 76384629.378
8 4 25333645.674
8 5 52302852.156
8 6 44304730.019
8 7 509284967.008
8 9 498918831.642
8 10 521048916.603
8 11 214942383.100
8 12 675815905.564
8 13 277614292.324
8 14 3815704.373
8 15 373367602.734
8 16 1652728.699
8 17 103693651.654
8 18 17082517.597
8 19 33392755.486
8 20 604420008.147
8 21 83499619.281
8 22 50824986.966
9 0 2190003943.412
9 1 1937858489.737
9 2 104340525.210
9 3 460860236.485
9 4 555805566.376
9 5 343408576.232
9 6 309934881.132
9 7 2763356380.923
9 8 422377988.928
9 10 4492266675.232
9 11 639560116.198
9 12 1899596608.820
9 13 3618517383.256
9 14 32092956.246
9 15 2201702557.630
9 16 27055338.656
9 17 1092329695.875
9 18 402756725.773
9 19 127320101.492
9 20 1640265600.765
9 21 737012471.104
9 22 315178361.931
10 0 2996319513.814
10 1 371149295.208
10 2 700930164.473
10 3 419829365.511
10 4 569555068.535
10 5 572658895.192
10 6 640094414.606
10 7 3688912237.032
10 8 80927479.901
10 9 2952918604.208
10 11 1098219077.651
10 12 3205514805.338
10 13 3474120850.610
10 14 33839618.858
10 15 1107820250.437
10 16 9654762.480
10 17 733429193.314
10 18 362260625.372
10 19 1045436426.775
10 20 954072164.411
10 21 1127017212.743
10 22 653084500.652
11 0 1436737778.264
11 1 214199687.943
11 2 180999377.637
11 3 242069169.339
11 4 243887209.246
11 5 203851928.117
11 6 172247936.440
11 7 694689931.861
11 8 26792136.827
11 9 686928736.470
11 10 233387570.991
11 12 2066377246.246
11 13 1222221163.633
11 14 8852987.638
11 15 125639451.543
11 16 7919554.573
11 17 327592454.581
11 18 17594529.488
11 19 653639835.143
11 20 1818271732.385
11 21 485985520.520
11 22 43417638.871
12 0 412825037.077
12 1 2481009763.556
12 2 562686537.815
12 3 805292243.137
12 4 827835336.311
12 5 656605537.465
12 6 169824900.028
12 7 4418871549.073
12 8 583886358.777
12 9 1346044494.871
12 10 2386518003.201
12 11 1267330451.650
12 13 712071532.505
12 14 15638762.586
12 15 1344428234.242
12 16 9068719.661
12 17 1042285115.007
12 18 408000052.081
12 19 793619129.965
12 20 4164548719.066
12 21 1252875180.966
12 22 591660753.533
13 0 3353521733.143
13 1 2732047907.624
13 2 548361496.060
13 3 176150859.334
13 4 477471539.893
13 5 637319826.493
13 6 95100779.225
13 7 3893325875.610
13 8 597349902.033
13 9 4255140103.359
13 10 2545176482.448
13 11 585652282.395
13 12 5939295896.871
13 14 25074333.678
13 15 4313345324.683
13 16 28037184.502
13 17 1378404641.086
13 18 380464761.876
13 19 1028490771.371
13 20 399468804.240
13 21 403619255.149
13 22 604096960.358
14 0 5272449.656
14 1 17645521.864
14 2 5150384.810
14 3 1580238.319
14 4 2553502.577
14 5 3363304.795
14 6 3156770.186
14 7 16883584.933
14 8 579663.951
14 9 35919981.186
14 10 42364060.623
14 11 9844626.703
14 12 52378802.167
14 13 6128239.363
14 15 28416069.626
14 16 101352.876
14 17 5132811.499
14 18 2408617.836
14 19 18171534.155
14 20 39861449.896
14 21 8953800.364
14 22 4970980.403
15 0 2722787488.028
15 1 2164544133.659
15 2 179202961.955
15 3 167452579.929
15 4 373199741.165
15 5 637309386.270
15 6 611917918.210
15 7 2687206364.014
15 8 237970825.435
15 9 2665333504.327
15 10 1334195343.555
15 11 1052269007.759
15 12 4883562000.635
15 13 2185223391.095
15 14 21480995.006
15 16 21412140.156
15 17 1182453894.978
15 18 74123149.864
15 19 203463236.817
15 20 1025563778.176
15 21 2687637509.656
15 22 316973032.140
16 0 5612854.481
16 1 13417258.882
16 2 1258204.136
16 3 2141936.603
16 4 2104805.078
16 5 1941151.481
16 6 3690014.933
16 7 34714360.602
16 8 2044887.507
16 9 34664255.115
16 10 33326157.710
16 11 8948067.810
16 12 40134613.459
16 13 18624743.758
16 14 332795.655
16 15 8515237.244
16 17 4230820.333
16 18 3226998.477
16 19 5901393.681
16 20 28120193.224
16 21 20276997.941
16 22 5854757.950
17 0 780545874.117
17 1 744262700.689
17 2 259955004.803
17 3 280218222.123
17 4 79495172.909
17 5 119204876.427
17 6 202895798.433
17 7 1517855669.667
17 8 187554374.003
17 9 1573826488.909
17 10 1561880112.734
17 11 210222348.569
17 12 996112991.612
17 13 1034601774.998
17 14 14906578.327
17 15 1537031515.539
17 16 16354058.714
17 18 183308896.712
17 19 622637002.477
17 20 509796463.294
17 21 779414926.838
17 22 211778640.855
18 0 207099469.899
18 1 186031436.604
18 2 37643041.854
18 3 42017222.586
18 4 55025628.129
18 5 49179191.418
18 6 10322612.084
18 7 172817074.478
18 8 27775327.155
18 9 266442557.941
18 10 163579473.693
18 11 133078619.873
18 12 501683346.916
18 13 131173942.635
18 14 1597478.832
18 15 354341102.523
18 16 2501819.800
18 17 111415457.766
18 19 39455154.630
18 20 203087955.221
18 21 137979685.090
18 22 24672527.027
19 0 1656851552.802
19 1 841734645.511
19 2 223626424.556
19 3 218117103.436
19 4 30171979.014
19 5 236233944.371
19 6 282352970.424
19 7 515878006.572
19 8 214175873.351
19 9 1747281339.364
19 10 282963074.415
19 11 656304877.309
19 12 1827283548.958
19 13 910069632.306
19 14 13851369.057
19 15 920239324.582
19 16 13873675.021
19 17 452735766.728
19 18 12966245.957
19 20 524350001.670
19 21 308534733.730
19 22 136563030.369
20 0 3026721374.507
20 1 1981548191.224
20 2 187824623.270
20 3 426487482.844
20 4 684362801.072
20 5 145868974.233
20 6 661264747.773
20 7 418438580.696
20 8 222407256.608
20 9 2830505575.829
20 10 2032975491.874
20 11 911858484.643
20 12 1960916477.191
20 13 1570109548.421
20 14 43262223.975
20 15 1385910482.027
20 16 32671871.153
20 17 2153437063.842
20 18 317658642.185
20 19 1562069339.980
20 21 978987619.687
20 22 407173926.847
21 0 2510662938.606
21 1 380019399.472
21 2 75128254.514
21 3 374176531.198
21 4 96386328.957
21 5 222960377.981
21 6 256899199.924
21 7 2045367366.572
21 8 112570714.900
21 9 2413670285.341
21 10 882716257.430
21 11 525422120.577
21 12 393663553.900
21 13 2762097786.774
21 14 20966045.919
21 15 842085733.005
21 16 12771797.116
21 17 677352596.612
21 18 97628238.498
21 19 896572630.682
21 20 3014887935.228
21 22 149023276.603
22 0 145612251.883
22 1 336801583.095
22 2 32013227.002
22 3 32899040.837
22 4 46475110.340
22 5 42601549.490
22 6 68534569.102
22 7 38971116.298
22 8 32553504.131
22 9 265786884.594
22 10 239744335.146
22 11 161553113.048
22 12 319159050.202
22 13 84492293.232
22 14 5542065.738
22 15 266119736.239
22 16 5605137.320
22 17 194682235.037
22 18 16302590.509
22 19 188500147.816
22 20 48632090.320
22 21 172233377.368
