506
0 1 602934862.578
0 2 183344973.785
0 3 182641612.596
0 4 48461383.007
0 5 181863069.153
0 6 569241370.625
0 7 2651986478.060
0 8 151318287.220
0 9 749117890.537
0 10 570742358.944
0 11 359856183.769
0 12 692842686.399
0 13 2275477793.985
0 14 17944988.888
0 15 2434498480.562
0 16 20125804.726
0 17 1620087732.996
0 18 310631954.562
0 19 1662596502.811
0 20 651817614.455
0 21 2344331794.833
0 22 191776219.474
1 0 2396743323.378
1 2 361009544.023
1 3 283930667.382
1 4 426287537.400
1 5 72718455.782
1 6 421353363.032
1 7 1557054686.148
1 8 107991466.986
1 9 1550161492.977
1 10 438174277.894
1 11 681002524.549
1 12 2661687296.165
1 13 479247741.382
1 14 18823836.712
1 15 1189793005.069
1 16 20036596.408
1 17 321340962.177
1 18 133906157.123
1 19 121449808.738
1 20 1993632045.526
1 21 1437495335.089
1 22 432251791.342
2 0 74627151.317
2 1 38528485.982
2 3 46716361.428
2 4 83671610.893
2 5 68900577.198
2 6 12903855.531
2 7 190861471.861
2 8 40632860.325
2 9 637607378.959
2 10 157027019.614
2 11 191149653.537
2 12 461546697.561
2 13 509455449.859
2 14 6040888.813
2 15 425314659.074
2 16 5683210.243
2 17 238567176.147
2 18 40684666.485
2 19 187186494.174
2 20 599327259.989
2 21 411006887.243
2 22 30303745.703
3 0 292000753.657
3 1 80903143.365
3 2 49271905.671
3 4 47744975.556
3 5 74495436.551
3 6 69070070.260
3 7 63890515.836
3 8 53457517.554
3 9 217161658.207
3 10 486205097.629
3 11 184557504.212
3 12 813496564.782
3 13 465987961.803
3 14 2022849.280
3 15 512972133.739
3 16 2290108.810
3 17 213205141.177
3 18 16439576.061
3 19 246105451.684
3 20 347751097.778
3 21 309661624.012
3 22 37044344.325
4 0 423664895.666
4 1 210759702.657
4 2 91866494.336
4 3 71583816.669
4 5 20010530.328
4 6 34616918.801
4 7 231283028.026
4 8 7108337.263
4 9 158420674.210
4 10 348434488.294
4 11 181192219.298
4 12 528284545.524
4 13 535468326.547
4 14 6125180.085
4 15 484392219.518
4 16 5665466.192
4 17 133537372.866
4 18 52342994.733
4 19 196414871.625
4 20 308517614.848
4 21 332363243.156
4 22 21136276.583
5 0 373128969.571
5 1 352418307.980
5 2 13281285.276
5 3 63382136.512
5 4 68965653.160
5 6 51555917.283
5 7 188079707.113
5 8 61805117.119
5 9 144517068.025
5 10 545961191.524
5 11 50869788.145
5 12 114638191.630
5 13 251444896.505
5 14 1378486.006
5 15 118690235.923
5 16 4314341.713
5 17 76730375.282
5 18 53176459.295
5 19 284965567.519
5 20 269086846.979
5 21 436441767.837
5 22 6917793.873
6 0 276001761.894
6 1 58450412.242
6 2 99762208.039
6 3 21264148.694
6 4 95138260.523
6 5 27946710.703
6 7 85832806.824
6 8 10301485.333
6 9 636115908.821
6 10 455531937.980
6 11 27149916.050
6 12 421946781.656
6 13 139844821.861
6 14 4008735.964
6 15 139018787.499
6 16 4378398.023
6 17 286385034.577
6 18 35316711.716
6 19 192473193.699
6 20 350266854.390
6 21 148980034.718
6 22 6744398.138
7 0 3194899258.705
7 1 834722118.340
7 2 589566461.422
7 3 67009870.481
7 4 422396322.154
7 5 137340127.620
7 6 213972008.044
7 8 566966638.508
7 9 2002571102.292
7 10 2497065687.374
7 11 1227310689.909
7 12 1801905008.125
7 13 855553495.207
7 14 3123811.175
7 15 1518467291.312
7 16 11481943.923
7 17 390203229.021
7 18 162848436.754
7 19 1342155032.744
7 20 3757229540.514
7 21 2230753437.482
7 22 203723665.595
8 0 134496411.104
8 1 168008553.832
8 2 62211881.903
8 3 56216729.538
8 4 86676715.018
8 5 44238796.205
8 6 63545605.630
8 7 428434415.658
8 9 41125785.010
8 10 606633796.423
8 11 173543403.479
8 12 744361426.878
8 13 299135743.107
8 14 3644287.826
8 15 291426234.915
8 16 1251631.180
8 17 22974211.965
8 18 6708003.806
8 19 164361245.801
8 20 610905474.833
8 21 122914095.093
8 22 26024576.350
9 0 1402306549.099
9 1 454786143.904
9 2 244909374.690
9 3 566341389.867
9 4 304138553.744
9 5 357718566.539
9 6 77648472.407
9 7 2180687869.992
9 8 82350075.924
9 10 3875534455.757
9 11 1428616325.156
9 12 1935778032.963
9 13 4310146022.511
9 14 27194918.978
9 15 1020986833.489
9 16 23861548.914
9 17 1324788026.132
9 18 31761999.324
9 19 1527563724.949
9 20 4172580103.029
9 21 2198195275.262
9 22 156376551.645
10 0 1378276466.392
10 1 1174220063.550
10 2 589964585.061
10 3 657666467.019
10 4 72421550.885
10 5 262547128.979
10 6 327716353.972
10 7 3419583655.799
10 8 120758218.505
10 9 313254190.162
10 11 239171235.479
10 12 2216877905.493
10 13 2719131947.195
10 14 17868714.108
10 15 2661081928.698
10 16 15240197.358
10 17 245664161.987
10 18 391338317.204
10 19 1764671256.382
10 20 398174412.219
10 21 2503060978.715
10 22 50189921.396
11 0 1431433668.428
11 1 146867283.464
11 2 112781765.266
11 3 35592516.453
11 4 244022279.335
11 5 238363034.866
11 6 241829160.838
11 7 1078424693.703
11 8 99526877.797
11 9 1247009213.436
11 10 156777962.554
11 12 2063385785.012
11 13 1571360151.056
11 14 3236649.502
11 15 1172675610.826
11 16 3645453.274
11 17 284075489.176
11 18 123442367.679
11 19 546276876.069
11 20 170378387.553
11 21 783210642.735
11 22 119000477.067
12 0 2879393541.421
12 1 3303127713.294
12 2 309034083.650
12 3 600372700.514
12 4 560905787.957
12 5 471013873.562
12 6 579068759.474
12 7 2412789300.574
12 8 430921523.054
12 9 616793404.028
12 10 4562299561.243
12 11 975148411.703
12 13 3971759581.694
12 14 46461548.175
12 15 3958915154.382
12 16 35620053.896
12 17 2056649067.553
12 18 43422986.788
12 19 893111970.744
12 20 517682547.250
12 21 1349057443.966
12 22 800175871.243
13 0 3720166493.928
13 1 2312308807.346
13 2 453420755.289
13 3 255795971.224
13 4 164497531.165
13 5 232524782.468
13 6 198153432.073
13 7 3519582621.353
13 8 209779520.217
13 9 2597296391.221
13 10 1771710138.981
13 11 1181067479.703
13 12 6294317953.556
13 14 42803453.302
13 15 3732030241.708
13 16 39716660.067
13 17 1628835687.934
13 18 324865537.333
13 19 1091725108.708
13 20 701389911.071
13 21 2109125958.958
13 22 499289290.445
14 0 4122147.593
14 1 10251803.876
14 2 4442006.107
14 3 5485468.854
14 4 3245439.762
14 5 1959118.513
14 6 2528870.823
14 7 30869226.762
14 8 3332950.142
14 9 30252536.731
14 10 37145935.990
14 11 2907612.605
14 12 48891045.388
14 13 19668325.850
14 15 24351568.210
14 16 125376.318
14 17 4681131.337
14 18 2412486.345
14 19 12204764.901
14 20 37705079.147
14 21 6818040.906
14 22 1628877.886
15 0 1874436528.209
15 1 2719749584.675
15 2 470906866.747
15 3 244680813.008
15 4 160801627.284
15 5 288000308.877
15 6 229599095.067
15 7 1982605406.231
15 8 205262713.822
15 9 1351543943.005
15 10 614839897.154
15 11 385607695.063
15 12 4569712149.660
15 13 2619651066.470
15 14 37754934.107
15 16 37084913.054
15 17 2044624111.062
15 18 60380951.796
15 19 1907160304.280
15 20 530416030.598
15 21 713975236.917
15 22 443778556.614
16 0 15904397.154
16 1 4693961.685
16 2 5627960.679
16 3 3970889.379
16 4 6122554.527
16 5 2200585.467
16 6 4851647.619
16 7 25897267.925
16 8 2975496.806
16 9 12867013.174
16 10 21841362.973
16 11 7792392.700
16 12 24610350.273
16 13 41371550.783
16 14 287614.483
16 15 35957838.478
16 17 14568017.267
16 18 2629783.826
16 19 8676891.665
16 20 28237820.773
16 21 5026121.380
16 22 5879463.567
17 0 161493740.875
17 1 142954444.284
17 2 303342403.980
17 3 292162693.587
17 4 81496782.143
17 5 40288096.163
17 6 181049541.515
17 7 1047538762.355
17 8 21859302.626
17 9 1053374067.495
17 10 1195816418.057
17 11 729058869.643
17 12 1700249973.725
17 13 257511985.002
17 14 5049860.624
17 15 1365400772.680
17 16 6991005.993
17 18 75272603.805
17 19 680377880.343
17 20 344632986.324
17 21 96661513.767
17 22 54115374.980
18 0 206598270.198
18 1 92368449.376
18 2 7888587.769
18 3 58077868.020
18 4 34248859.995
18 5 8948152.313
18 6 31298830.775
18 7 112294533.764
18 8 30973565.887
18 9 73214358.876
18 10 372987870.582
18 11 71297171.035
18 12 412429983.489
18 13 429669389.753
18 14 3067036.560
18 15 221817278.635
18 16 3720552.542
18 17 20392241.916
18 19 33954506.778
18 20 182533760.547
18 21 214523859.038
18 22 54930842.810
19 0 827794842.554
19 1 718502736.297
19 2 232728976.021
19 3 62987677.470
19 4 227763964.352
19 5 42556746.216
19 6 138265824.347
19 7 991049064.263
19 8 176453253.501
19 9 1209464321.705
19 10 1381792310.090
19 11 111246603.682
19 12 1874612409.838
19 13 1619391439.773
19 14 8519225.351
19 15 1511125512.473
19 16 6654196.781
19 17 441462131.491
19 18 48752029.994
19 20 1363201494.946
19 21 613548218.267
19 22 44426400.315
20 0 3122080664.901
20 1 435305568.785
20 2 105915787.856
20 3 688616326.406
20 4 476776907.209
20 5 383698411.712
20 6 239998024.069
20 7 1423924759.201
20 8 117886412.670
20 9 1959048837.471
20 10 2057392109.214
20 11 464943795.264
20 12 4376882908.437
20 13 879950574.215
20 14 36114167.272
20 15 948846167.026
20 16 30710580.440
20 17 938509488.290
20 18 459380822.887
20 19 540170532.644
20 21 1360140947.914
20 22 58094345.686
21 0 1299422787.154
21 1 1843498346.718
21 2 335318191.303
21 3 333211766.720
21 4 343427683.166
21 5 350523444.396
21 6 86661270.695
21 7 1175235584.450
21 8 142207660.200
21 9 1540462860.700
21 10 385723580.465
21 11 818602230.176
21 12 2039209231.942
21 13 890020538.678
21 14 22601798.905
21 15 3093965295.450
21 16 24071522.902
21 17 1271683081.946
21 18 277484716.827
21 19 650337113.886
21 20 2266433314.991
21 22 120032575.872
22 0 218898691.349
22 1 70878548.324
22 2 98064733.872
22 3 26242362.619
22 4 52805469.587
22 5 80345639.421
22 6 25137188.251
22 7 534340362.528
22 8 72376206.641
22 9 351557975.212
22 10 47144229.101
22 11 180392502.379
22 12 555821955.087
22 13 673912294.744
22 14 4249057.501
22 15 269680253.967
22 16 858200.034
22 17 129019367.783
22 18 47035878.061
22 19 72687541.689
22 20 126311379.712
22 21 205001209.611
