506
0 1 2664415034.034
0 2 65489617.689
0 3 143339857.420
0 4 362488243.347
0 5 261581535.495
0 6 67187437.518
0 7 2071473221.108
0 8 50442536.955
0 9 2479477429.894
0 10 3650848495.340
0 11 125801293.083
0 12 3537487448.535
0 13 3196157325.378
0 14 18532967.202
0 15 894518236.352
0 16 35776254.738
0 17 427973091.102
0 18 82424126.001
0 19 870440378.338
0 20 3562360604.056
0 21 1900065743.464
0 22 39553141.291
1 0 2090788888.150
1 2 291212824.675
1 3 105366940.287
1 4 225633029.304
1 5 188658718.939
1 6 81719612.825
1 7 2023616830.737
1 8 199254978.488
1 9 2895712049.758
1 10 2114698661.240
1 11 742936571.973
1 12 3424970916.756
1 13 877491314.980
1 14 22855803.588
1 15 1036521426.093
1 16 15932040.668
1 17 1066592856.155
1 18 135007276.855
1 19 424752445.067
1 20 1766509270.343
1 21 1294482592.485
1 22 276587971.521
2 0 221324192.718
2 1 172168919.160
2 3 75720119.936
2 4 37072073.664
2 5 47571963.165
2 6 70790745.625
2 7 228024056.925
2 8 74586407.598
2 9 459829784.580
2 10 294424360.891
2 11 159782173.648
2 12 187169025.024
2 13 163379091.162
2 14 1659731.721
2 15 339776224.453
2 16 5763220.310
2 17 135171168.877
2 18 33815121.156
2 19 58577804.868
2 20 89750719.691
2 21 265469862.672
2 22 54872485.875
3 0 154678687.242
3 1 221590445.130
3 2 95294433.343
3 4 43233402.735
3 5 32810162.839
3 6 84291941.379
3 7 564233087.638
3 8 95478155.616
3 9 274799246.346
3 10 366667692.204
3 11 193185305.642
3 12 106443920.337
3 13 65500456.208
3 14 5545296.522
3 15 540591520.008
3 16 1157787.026
3 17 127951511.006
3 18 39397477.165
3 19 171728594.853
3 20 149617065.648
3 21 296990856.409
3 22 37347146.774
4 0 542196497.087
4 1 221837245.696
4 2 78662949.344
4 3 37232840.613
4 5 87961162.422
4 6 43010051.727
4 7 504305785.940
4 8 25611162.489
4 9 68569307.648
4 10 289534600.213
4 11 178084641.778
4 12 173803890.122
4 13 244526191.190
4 14 5719549.185
4 15 221823731.271
4 16 5168762.458
4 17 219763024.412
4 18 48861271.391
4 19 173662239.773
4 20 204837079.497
4 21 43936646.587
4 22 21896175.862
5 0 562245408.376
5 1 382071136.802
5 2 45964340.010
5 3 33465729.844
5 4 69346266.559
5 6 93317168.535
5 7 295439953.901
5 8 31947442.329
5 9 254013244.446
5 10 428095912.710
5 11 208648433.386
5 12 827397871.061
5 13 99816779.293
5 14 5470126.053
5 15 194115302.662
5 16 4147191.585
5 17 196331694.825
5 18 52876470.591
5 19 92398820.437
5 20 698189206.541
5 21 289671222.933
5 22 7373796.865
6 0 53703618.444
6 1 310971595.367
6 2 61810060.535
6 3 24827828.328
6 4 26846779.961
6 5 72517948.724
6 7 568815860.642
6 8 38795610.353
6 9 229894208.724
6 10 425208908.654
6 11 27336090.674
6 12 278592880.254
6 13 731085833.583
6 14 3332168.597
6 15 81770793.305
6 16 6118742.030
6 17 210354671.977
6 18 59026229.129
6 19 170264205.792
6 20 236225302.676
6 21 430709423.358
6 22 37816260.564
7 0 2774595165.165
7 1 490044518.782
7 2 323903556.278
7 3 527631100.204
7 4 451992723.486
7 5 260721583.618
7 6 558829991.637
7 8 547103087.364
7 9 2563271841.709
7 10 856167789.441
7 11 457918396.043
7 12 3414016577.183
7 13 3422303463.989
7 14 23341833.172
7 15 3123281067.500
7 16 20297766.947
7 17 1018679848.136
7 18 160010192.838
7 19 1361459267.702
7 20 336256558.317
7 21 2503129565.532
7 22 464110385.295
8 0 363164851.113
8 1 98381243.359
8 2 27319126.735
8 3 88698767.436
8 4 67935346.684
8 5 36892362.168
8 6 47975428.494
8 7 501006007.048
8 9 357077650.658
8 10 228680720.979
8 11 231985407.110
8 12 424390800.942
8 13 355999456.214
8 14 682928.352
8 15 480469503.467
8 16 1220224.432
8 17 55490095.852
8 18 32616179.071
8 19 27090498.663
8 20 285114807.440
8 21 195551379.994
8 22 22719620.394
9 0 1568249193.834
9 1 2000065580.707
9 2 638534651.720
9 3 221733744.684
9 4 605096506.122
9 5 450461725.314
9 6 551687565.155
9 7 736413599.509
9 8 128416919.421
9 10 3191892686.456
9 11 1125211785.914
9 12 5160663669.715
9 13 4200968612.547
9 14 36298910.981
9 15 3919611580.570
9 16 9791217.869
9 17 1308921782.097
9 18 50360213.862
9 19 375880764.462
9 20 4488458884.430
9 21 266428168.242
9 22 529964561.104
10 0 3597264150.549
10 1 802492928.638
10 2 407744224.932
10 3 155196358.313
10 4 74424631.346
10 5 473279428.062
10 6 78376064.601
10 7 1103658830.655
10 8 530135786.932
10 9 3277108151.519
10 11 1111660917.098
10 12 3633271117.050
10 13 5204008790.200
10 14 9544456.856
10 15 1960183415.968
10 16 11681799.372
10 17 1957877923.819
10 18 135133983.292
10 19 405436975.173
10 20 4792998074.633
10 21 1045447602.574
10 22 288130156.976
11 0 218276697.147
11 1 296082343.511
11 2 65572222.361
11 3 128534276.510
11 4 206849886.635
11 5 174662858.303
11 6 199960711.229
11 7 1118487675.865
11 8 128059028.488
11 9 1119356681.901
11 10 940077541.976
11 12 1607255762.567
11 13 210423893.366
11 14 2264684.995
11 15 136986124.404
11 16 14522755.592
11 17 104392703.331
11 18 27835718.649
11 19 690135933.299
11 20 898602784.301
11 21 860284818.502
11 22 34938659.535
12 0 2292509289.434
12 1 1418507615.335
12 2 546007091.131
12 3 526020080.953
12 4 790744585.144
12 5 297223990.665
12 6 641431317.899
12 7 839529663.802
12 8 707364774.715
12 9 747106311.776
12 10 4850466756.518
12 11 1043851692.703
12 13 3612049048.432
12 14 37279720.694
12 15 5845172902.531
12 16 12751020.404
12 17 1749031825.815
12 18 195599843.133
12 19 1443558590.837
12 20 1085038695.893
12 21 1461956208.717
12 22 669970595.933
13 0 2270756361.582
13 1 1888286122.038
13 2 596503505.579
13 3 605248510.177
13 4 361631848.732
13 5 500166080.458
13 6 370088967.625
13 7 1022604244.007
13 8 639947003.437
13 9 1627032683.253
13 10 4298401575.811
13 11 1445861412.213
13 12 973539423.616
13 14 37438933.368
13 15 947806993.758
13 16 39957420.184
13 17 827794537.768
13 18 198825044.081
13 19 1282779356.530
13 20 1822602971.363
13 21 2000785511.548
13 22 617591181.145
14 0 31610698.603
14 1 18646356.875
14 2 5138214.632
14 3 774701.297
14 4 3749195.595
14 5 511383.888
14 6 614786.899
14 7 7892189.826
14 8 5964701.600
14 9 38896238.394
14 10 10047426.130
14 11 2702298.836
14 12 21501768.542
14 13 9637643.637
14 15 35006957.627
14 16 70674.147
14 17 18107761.479
14 18 1346841.604
14 19 18327200.545
14 20 26545316.998
14 21 9083079.342
14 22 906090.797
15 0 955703555.269
15 1 2450603173.947
15 2 523083683.741
15 3 442416095.213
15 4 420010601.698
15 5 292300602.443
15 6 432282809.294
15 7 1728256387.121
15 8 407499516.342
15 9 1462214470.490
15 10 2405915869.171
15 11 513759460.997
15 12 456194188.765
15 13 605703096.463
15 14 22084028.830
15 16 29828463.741
15 17 2027822079.305
15 18 93761348.993
15 19 738084726.700
15 20 2818789491.346
15 21 3022655596.336
15 22 189797950.761
16 0 30093137.277
16 1 8329400.816
16 2 2385668.278
16 3 2413839.381
16 4 3849653.715
16 5 446465.454
16 6 518086.163
16 7 34405531.882
16 8 2615031.935
16 9 21430306.043
16 10 6885601.029
16 11 13687232.233
16 12 50267624.353
16 13 18880203.516
16 14 43265.594
16 15 32341025.163
16 17 6666865.809
16 18 2167809.957
16 19 9121610.201
16 20 21925023.245
16 21 21906711.649
16 22 1426946.901
17 0 1647359436.612
17 1 723670872.405
17 2 19251294.575
17 3 281629529.303
17 4 108015216.628
17 5 190457778.277
17 6 112549909.897
17 7 605004245.983
17 8 50800377.354
17 9 1699785369.426
17 10 1687073224.496
17 11 260076693.593
17 12 2025774198.132
17 13 1072400672.921
17 14 8762285.304
17 15 917896998.081
17 16 14581003.573
17 18 184476291.102
17 19 731242534.623
17 20 1609641312.425
17 21 810561414.752
17 22 49387679.025
18 0 294166056.919
18 1 115920969.978
18 2 52330971.309
18 3 11514565.752
18 4 36533323.148
18 5 42104376.949
18 6 19685420.228
18 7 188935329.283
18 8 35192026.162
18 9 134067304.789
18 10 293448047.608
18 11 61046516.332
18 12 386055098.289
18 13 190825126.458
18 14 1856016.321
18 15 322794874.994
18 16 3764956.552
18 17 172711367.204
18 19 144731917.272
18 20 157424917.693
18 21 148851011.852
18 22 9132164.117
19 0 1386802633.055
19 1 216064456.429
19 2 293893368.237
19 3 160930464.660
19 4 269862229.942
19 5 220015520.980
19 6 226670411.290
19 7 121348995.150
19 8 152636444.197
19 9 783434508.213
19 10 1667748030.877
19 11 564520917.252
19 12 1600846155.228
19 13 1166990341.164
19 14 13976573.625
19 15 538426905.901
19 16 7811508.454
19 17 483463653.894
19 18 50244134.430
19 20 1755384070.133
19 21 331743967.026
19 22 281036443.537
20 0 3152254929.350
20 1 3304417525.615
20 2 105936518.044
20 3 256089043.979
20 4 724038764.732
20 5 218789929.702
20 6 523601446.316
20 7 1688032450.048
20 8 433114141.975
20 9 4058072781.824
20 10 3663291676.772
20 11 293137346.827
20 12 1620274858.483
20 13 4376975831.031
20 14 10227636.811
20 15 3235329009.063
20 16 34332641.862
20 17 2197967129.050
20 18 144024588.107
20 19 1644256480.515
20 21 3093626438.606
20 22 352259407.801
21 0 1260068734.325
21 1 942497123.385
21 2 208230544.494
21 3 383846918.758
21 4 435908192.933
21 5 241976279.145
21 6 193212832.852
21 7 1731548538.956
21 8 246978248.286
21 9 1364543133.758
21 10 2053321247.898
21 11 883193502.561
21 12 3214249327.138
21 13 2712035327.245
21 14 7151574.031
21 15 2302905845.803
21 16 21202133.310
21 17 635287188.761
21 18 111048935.003
21 19 855562708.180
21 20 648185822.186
21 22 238863333.471
22 0 123517700.787
22 1 217968456.049
22 2 78846209.041
22 3 17309588.136
22 4 96136039.975
22 5 30245278.733
22 6 33928511.580
22 7 447405665.649
22 8 45725125.178
22 9 601108446.552
22 10 68495175.493
22 11 151740063.571
22 12 92737374.014
22 13 162989905.034
22 14 3685227.360
22 15 300187968.623
22 16 4734856.442
22 17 266853852.627
22 18 61905546.690
22 19 273074511.674
22 20 328709584.662
22 21 149886158.123
