506
0 1 351643748.695
0 2 327531268.969
0 3 276736919.918
0 4 511393555.976
0 5 566137055.846
0 6 255999715.314
0 7 1401676481.640
0 8 213330653.124
0 9 603490842.843
0 10 2586869752.392
0 11 1145940638.979
0 12 2536830910.379
0 13 1397747918.023
0 14 26611072.763
0 15 2974309284.045
0 16 6860452.555
0 17 970406895.090
0 18 254815951.975
0 19 1293443425.453
0 20 3789385319.214
0 21 442884008.750
0 22 317788225.151
1 0 1965578748.057
1 2 151938188.485
1 3 167527776.294
1 4 73994401.621
1 5 369337402.178
1 6 296213202.457
1 7 442847938.752
1 8 326849298.758
1 9 1488843740.440
1 10 403035124.229
1 11 844168052.209
1 12 3554119097.055
1 13 1226166466.960
1 14 11017390.316
1 15 218946032.548
1 16 12706461.724
1 17 1128324211.213
1 18 130577246.577
1 19 1108040733.008
1 20 2821446947.192
1 21 1545510532.307
1 22 227542011.061
2 0 436820258.217
2 1 371820968.840
2 3 25359298.256
2 4 67595730.501
2 5 34819818.364
2 6 33455725.919
2 7 490722931.609
2 8 55480712.846
2 9 152432534.286
2 10 339634041.067
2 11 110330068.649
2 12 151272691.360
2 13 561439987.078
2 14 5078741.074
2 15 157384443.894
2 16 1870100.561
2 17 113499783.728
2 18 11808983.756
2 19 104600440.990
2 20 159151757.980
2 21 384161985.490
2 22 76286188.564
3 0 347494802.316
3 1 353997946.117
3 2 92817226.875
3 4 56190661.367
3 5 54945361.933
3 6 40204686.380
3 7 362540139.517
3 8 21320161.266
3 9 624223878.773
3 10 675273417.002
3 11 219352869.693
3 12 606093456.424
3 13 69257849.512
3 14 4786492.325
3 15 557731295.502
3 16 2983582.974
3 17 29262625.255
3 18 4210914.712
3 19 72174257.457
3 20 257658023.489
3 21 439839587.531
3 22 26383595.748
4 0 194811092.484
4 1 128380573.640
4 2 18159243.465
4 3 15796156.458
4 5 59886222.950
4 6 93602549.835
4 7 521010959.313
4 8 27816692.356
4 9 41918487.546
4 10 496952001.787
4 11 85599596.751
4 12 58899847.936
4 13 456145764.190
4 14 772748.127
4 15 679536714.025
4 16 1580646.406
4 17 276730523.161
4 18 8036225.061
4 19 176351811.408
4 20 354481977.959
4 21 196096133.390
4 22 39581674.620
5 0 459482062.134
5 1 417299010.497
5 2 12584512.437
5 3 82465109.298
5 4 28042670.166
5 6 53073464.346
5 7 416231729.911
5 8 72561751.887
5 9 410775018.693
5 10 339283077.770
5 11 164917802.270
5 12 656262065.561
5 13 312654336.199
5 14 1194532.846
5 15 141673845.789
5 16 2835274.139
5 17 71565154.243
5 18 53573595.963
5 19 172007432.882
5 20 723597037.972
5 21 151194726.811
5 22 59889578.995
6 0 109854394.062
6 1 280363229.042
6 2 25784826.710
6 3 45316537.018
6 4 53292772.884
6 5 69349049.037
6 7 195709821.201
6 8 34690348.744
6 9 66381020.739
6 10 379879313.347
6 11 44920001.391
6 12 119503891.074
6 13 193085956.673
6 14 2906344.108
6 15 307065939.128
6 16 2103757.747
6 17 209433008.400
6 18 17399981.889
6 19 65265862.369
6 20 559446711.613
6 21 361066213.446
6 22 78282979.514
7 0 1023974180.232
7 1 1232946631.815
7 2 146273874.627
7 3 513662363.141
7 4 251922748.717
7 5 431010082.443
7 6 507717724.888
7 8 546648314.826
7 9 1074500399.667
7 10 3383456984.957
7 11 1103473922.030
7 12 1834530570.038
7 13 2135212612.134
7 14 9550204.483
7 15 4004841055.313
7 16 19217542.383
7 17 1559286149.390
7 18 352483307.962
7 19 1498664421.912
7 20 807170919.012
7 21 2380075227.715
7 22 577084595.786
8 0 159186513.828
8 1 222864769.531
8 2 65649855.661
8 3 55877104.383
8 4 51488762.306
8 5 26860048.891
8 6 80715242.496
8 7 260126950.351
8 9 86709228.774
8 10 231558475.463
8 11 226010947.012
8 12 431253670.645
8 13 710578991.562
8 14 4575186.737
8 15 564378971.989
8 16 5172963.833
8 17 43260509.490
8 18 56942219.688
8 19 23653563.107
8 20 262730461.556
8 21 439639394.406
8 22 65386422.364
9 0 497760481.804
9 1 1077065786.486
9 2 423345411.434
9 3 178362701.988
9 4 584502976.199
9 5 569675380.320
9 6 451074544.187
9 7 2087965675.526
9 8 539116106.256
9 10 906904739.645
9 11 645449586.863
9 12 4735774962.259
9 13 2176869060.181
9 14 3709846.007
9 15 1185953731.255
9 16 25826400.735
9 17 253437909.690
9 18 37722236.813
9 19 310405726.404
9 20 4411713969.855
9 21 1266173391.587
9 22 431148503.108
10 0 2437462030.398
10 1 2143727879.935
10 2 76727489.050
10 3 136088030.866
10 4 468851004.285
10 5 617845392.898
10 6 240428180.979
10 7 3306631778.138
10 8 356013197.314
10 9 3318223286.867
10 11 1517064369.249
10 12 5649083812.134
10 13 4172709396.557
10 14 20584166.928
10 15 3285852920.818
10 16 13193252.683
10 17 613880254.424
10 18 287349321.929
10 19 671925888.442
10 20 954922542.297
10 21 2934510097.961
10 22 575770679.698
11 0 1148094788.970
11 1 548089308.044
11 2 96697414.984
11 3 196162177.110
11 4 125176103.141
11 5 169670534.882
11 6 192399370.934
11 7 1053056476.251
11 8 55309123.284
11 9 1387016687.575
11 10 993526805.003
11 12 1722306062.161
11 13 1790131930.866
11 14 6872458.610
11 15 1217401903.811
11 16 14295331.235
11 17 547403143.315
11 18 138679214.663
11 19 156721557.957
11 20 1358159868.664
11 21 343642628.019
11 22 139147937.777
12 0 1926772601.218
12 1 637352770.583
12 2 228127552.442
12 3 562112147.906
12 4 482292152.070
12 5 579220281.948
12 6 776679399.848
12 7 3283981952.563
12 8 132869912.781
12 9 2726884993.729
12 10 555376163.637
12 11 404597027.819
12 13 661949003.555
12 14 35383300.115
12 15 3332590079.535
12 16 22605198.238
12 17 1628280148.287
12 18 62219579.889
12 19 173931929.519
12 20 4986226458.809
12 21 336470438.928
12 22 115426363.657
13 0 4049400121.430
13 1 2811637350.028
13 2 76838956.040
13 3 403248967.123
13 4 384929810.614
13 5 716630984.179
13 6 292871123.489
13 7 1435947985.160
13 8 152394290.387
13 9 1443516046.615
13 10 4420034140.410
13 11 1359382804.857
13 12 3249391503.151
13 14 34670088.444
13 15 1487185424.328
13 16 34952198.777
13 17 1490960878.456
13 18 455526916.028
13 19 602657468.515
13 20 4487516093.158
13 21 2214203661.456
13 22 609946063.778
14 0 23651467.806
14 1 8653978.837
14 2 3540916.752
14 3 5490981.643
14 4 5474008.010
14 5 4041729.953
14 6 3008364.681
14 7 27412158.641
14 8 764899.657
14 9 30740732.373
14 10 38073403.893
14 11 2126021.443
14 12 33738276.672
14 13 44561148.012
14 15 13510007.791
14 16 292984.317
14 17 4643267.039
14 18 1829912.537
14 19 5870496.233
14 20 30456638.139
14 21 14775043.786
14 22 1588521.435
15 0 1655186639.054
15 1 2647992221.973
15 2 540666883.380
15 3 185430907.812
15 4 590592601.296
15 5 486346494.446
15 6 130976823.427
15 7 2128153561.082
15 8 546713656.867
15 9 2724314436.700
15 10 4279724441.084
15 11 1311129993.777
15 12 3203589825.851
15 13 487735104.622
15 14 31997794.403
15 16 16265747.358
15 17 881154609.653
15 18 374663142.121
15 19 417049308.006
15 20 697014790.061
15 21 2982462209.643
15 22 256759778.863
16 0 10860971.723
16 1 11477325.398
16 2 2522744.863
16 3 5171981.483
16 4 4090649.497
16 5 5056086.524
16 6 3349200.057
16 7 7791634.360
16 8 755391.595
16 9 28222859.144
16 10 39168254.470
16 11 6986958.089
16 12 23161856.070
16 13 44776607.323
16 14 240334.076
16 15 38985087.271
16 17 17067834.389
16 18 3701406.934
16 19 6118194.754
16 20 30664827.565
16 21 22668348.102
16 22 5979925.808
17 0 522801243.283
17 1 825948885.051
17 2 224327987.431
17 3 272677882.221
17 4 95383478.101
17 5 271779871.959
17 6 267096418.258
17 7 1017446219.013
17 8 185742329.966
17 9 1083333837.062
17 10 1949864223.970
17 11 598200484.502
17 12 2483605597.555
17 13 1986007340.978
17 14 16540623.477
17 15 868887774.555
17 16 16867763.742
17 18 60679920.765
17 19 386832243.694
17 20 1596943210.801
17 21 802239046.489
17 22 76491195.298
18 0 274471536.345
18 1 261779995.404
18 2 44117645.315
18 3 11738630.321
18 4 19459181.161
18 5 24534231.859
18 6 54042142.701
18 7 91800017.447
18 8 22328249.574
18 9 198718279.892
18 10 316903233.587
18 11 144106066.938
18 12 440339005.233
18 13 42204323.135
18 14 3807629.088
18 15 189998450.877
18 16 2196147.215
18 17 100824218.808
18 19 138643886.842
18 20 277588203.070
18 21 33719371.841
18 22 59658517.648
19 0 153888070.457
19 1 409983605.929
19 2 161049094.474
19 3 184072725.463
19 4 181242417.356
19 5 218902193.774
19 6 156393254.339
19 7 677646234.570
19 8 264463162.987
19 9 695481220.940
19 10 755211070.638
19 11 633372596.408
19 12 1339842894.012
19 13 677193168.289
19 14 8191397.424
19 15 1170142594.671
19 16 8907792.828
19 17 404451946.481
19 18 96451302.701
19 20 163430513.222
19 21 97430385.623
19 22 61074088.853
20 0 4035363124.139
20 1 3158514893.537
20 2 54734798.037
20 3 291295810.955
20 4 251974442.448
20 5 94797481.549
20 6 323406278.071
20 7 4267556510.202
20 8 130552583.091
20 9 4712820322.313
20 10 3675498574.894
20 11 435027060.804
20 12 5305153366.334
20 13 2137182357.999
20 14 17904899.620
20 15 718153546.515
20 16 38083694.594
20 17 1065493259.906
20 18 80482950.635
20 19 2107129502.819
20 21 588543060.868
20 22 620323879.013
21 0 476481234.984
21 1 1833331718.845
21 2 382344118.170
21 3 114677509.564
21 4 282995247.828
21 5 184104833.008
21 6 334621658.476
21 7 1302690214.913
21 8 373046805.086
21 9 2436409996.187
21 10 1922345752.999
21 11 842901159.183
21 12 1359563400.340
21 13 698075858.359
21 14 25759718.832
21 15 909399329.204
21 16 13567790.911
21 17 960266575.405
21 18 53648562.344
21 19 830998907.406
21 20 745608805.517
21 22 393467863.936
22 0 236251502.438
22 1 161531941.209
22 2 49171349.882
22 3 68625846.608
22 4 51355667.338
22 5 90479364.130
22 6 74808723.523
22 7 465842949.496
22 8 63431103.678
22 9 238761041.097
22 10 99201587.965
22 11 79732800.509
22 12 795893261.845
22 13 411112924.734
22 14 5438256.495
22 15 143958512.109
22 16 5835697.360
22 17 168476123.554
22 18 53636028.616
22 19 45983983.237
22 20 404378925.283
22 21 398208322.061
