506
0 1 2149798064.665
0 2 326043005.147
0 3 476244396.517
0 4 156575671.720
0 5 348184159.802
0 6 569669647.735
0 7 3235832078.214
0 8 323634839.624
0 9 3037745257.216
0 10 3235128344.212
0 11 249796283.689
0 12 582136185.051
0 13 4320033702.314
0 14 34369410.721
0 15 662648577.251
0 16 5488837.015
0 17 1242580249.655
0 18 341374977.276
0 19 1128094405.415
0 20 2443676594.156
0 21 2366800085.433
0 22 306415516.731
1 0 234226107.615
1 2 446518128.418
1 3 70927981.040
1 4 385627825.820
1 5 122642414.123
1 6 112878470.438
1 7 1699932383.733
1 8 138852251.034
1 9 2821978212.040
1 10 2988039661.269
1 11 716837542.042
1 12 2619488575.806
1 13 2190204233.761
1 14 13712787.016
1 15 1085084175.425
1 16 18649116.639
1 17 1272302972.329
1 18 235775042.185
1 19 1331839044.174
1 20 287803471.912
1 21 660480098.077
1 22 277963119.367
2 0 279079275.360
2 1 363864940.388
2 3 23423997.226
2 4 51663544.482
2 5 38066803.168
2 6 88286027.878
2 7 462290868.575
2 8 42575374.819
2 9 137611015.550
2 10 102104497.141
2 11 189608057.758
2 12 220163031.706
2 13 273997199.297
2 14 5039081.529
2 15 248362511.347
2 16 2025535.176
2 17 43326322.072
2 18 55098150.819
2 19 195878330.116
2 20 119770546.063
2 21 384343544.117
2 22 41245672.875
3 0 559029313.332
3 1 125186766.459
3 2 39347632.772
3 4 22055829.899
3 5 31484107.923
3 6 74961429.993
3 7 294205564.368
3 8 73633570.060
3 9 71889959.357
3 10 304649104.083
3 11 224181514.611
3 12 334903793.344
3 13 487698220.575
3 14 1380491.490
3 15 561779491.059
3 16 1598870.515
3 17 27384876.748
3 18 55003038.075
3 19 82370732.303
3 20 270687061.914
3 21 207620393.857
3 22 40770767.394
4 0 530140474.430
4 1 336882414.418
4 2 37440090.075
4 3 93579783.559
4 5 21118482.887
4 6 38636094.359
4 7 502188470.312
4 8 25036352.537
4 9 384514840.467
4 10 320665406.025
4 11 102803978.837
4 12 287835872.914
4 13 388166873.893
4 14 4114318.077
4 15 520099070.287
4 16 2139992.473
4 17 79904481.224
4 18 11374812.536
4 19 149936715.771
4 20 388467320.383
4 21 195167086.073
4 22 17083864.781
5 0 528753846.519
5 1 409778990.753
5 2 6856017.525
5 3 49848057.578
5 4 84820458.285
5 6 59447738.379
5 7 340097138.773
5 8 7003628.095
5 9 247172749.570
5 10 489848736.413
5 11 46022742.697
5 12 425738711.379
5 13 670441732.385
5 14 1395977.976
5 15 563683845.793
5 16 3716114.228
5 17 211743038.360
5 18 24967759.164
5 19 111586133.384
5 20 101047934.144
5 21 410402475.474
5 22 71125972.065
6 0 402735190.404
6 1 137228647.011
6 2 42114664.400
6 3 82881521.546
6 4 58444033.448
6 5 12412328.240
6 7 205635196.629
6 8 84617276.856
6 9 395542468.993
6 10 350091357.918
6 11 144089112.046
6 12 81892984.528
6 13 549611403.415
6 14 2803074.017
6 15 559788963.283
6 16 4121629.064
6 17 33808064.362
6 18 8088593.418
6 19 80783323.718
6 20 123900536.878
6 21 184187816.802
6 22 80318927.149
7 0 1158253673.784
7 1 1851380605.666
7 2 564776982.326
7 3 196350637.241
7 4 540290212.148
7 5 99321022.106
7 6 172111537.163
7 8 526628553.900
7 9 1475560406.906
7 10 1107730824.003
7 11 965017730.613
7 12 4920508331.425
7 13 4194881680.162
7 14 9677578.567
7 15 1726647993.776
7 16 12526355.807
7 17 304763506.209
7 18 62424415.976
7 19 1712306483.709
7 20 2946444539.811
7 21 2513601000.992
7 22 108807472.596
8 0 43302135.224
8 1 182397452.226
8 2 84991789.103
8 3 48360459.657
8 4 21899332.932
8 5 35917644.971
8 6 66185117.873
8 7 92303703.489
8 9 309571958.482
8 10 304124376.916
8 11 119813909.453
8 12 375810318.991
8 13 385928407.532
8 14 3659721.716
8 15 215854429.085
8 16 5881589.687
8 17 59283246.871
8 18 42498677.682
8 19 128788358.170
8 20 423864797.821
8 21 212638161.680
8 22 33969597.892
9 0 1964935696.568
9 1 608906513.967
9 2 113883878.671
9 3 432957766.083
9 4 159533941.739
9 5 92402430.927
9 6 423220282.152
9 7 1394893639.382
9 8 379522578.068
9 10 1879062799.799
9 11 521340638.477
9 12 3121407425.822
9 13 2596138758.998
9 14 21979346.406
9 15 2583110742.389
9 16 19232110.960
9 17 538693185.590
9 18 137177166.654
9 19 659827511.414
9 20 1099556911.785
9 21 926844842.347
9 22 252745582.595
10 0 658505225.983
10 1 1649159124.550
10 2 702568651.484
10 3 693153181.003
10 4 195283816.982
10 5 242045913.529
10 6 122973740.568
10 7 3606747969.844
10 8 527697268.250
10 9 2266389142.144
10 11 1664322374.050
10 12 4294462199.903
10 13 2168042547.159
10 14 20256122.679
10 15 2864778299.729
10 16 32970239.879
10 17 191429977.483
10 18 307107311.369
10 19 680034304.787
10 20 1540068095.044
10 21 871966843.466
10 22 87361422.917
11 0 227229193.486
11 1 388016924.783
11 2 245367117.319
11 3 126243126.967
11 4 123822100.227
11 5 244313567.309
11 6 72426232.990
11 7 413217798.263
11 8 100944428.726
11 9 1106540141.641
11 10 401037806.701
11 12 1263729975.043
11 13 1289159126.047
11 14 4651646.007
11 15 505768880.079
11 16 6990058.415
11 17 720391156.825
11 18 80079617.023
11 19 425740563.943
11 20 963096774.705
11 21 200320850.211
11 22 242259782.841
12 0 2066615705.452
12 1 2521526245.210
12 2 157141080.249
12 3 600578679.549
12 4 538997038.173
12 5 270388325.774
12 6 381374857.418
12 7 3105147842.603
12 8 240310074.073
12 9 4637489476.476
12 10 5872881058.398
12 11 224561113.781
12 13 2794260891.317
12 14 42043520.327
12 15 5341514013.161
12 16 25577804.804
12 17 883514302.690
12 18 148975320.526
12 19 1265410194.963
12 20 3653260252.932
12 21 2014811113.447
12 22 662343128.377
13 0 617447691.560
13 1 2937774913.546
13 2 301705827.320
13 3 112858336.071
13 4 67689592.061
13 5 677570690.690
13 6 708214478.011
13 7 3633334606.566
13 8 548072249.049
13 9 3460927369.099
13 10 4755410157.370
13 11 155170674.652
13 12 1324507232.651
13 14 32347304.647
13 15 2167636365.498
13 16 39165104.696
13 17 1808083626.496
13 18 339776314.796
13 19 2153823202.969
13 20 1012170657.513
13 21 2806069190.951
13 22 729678868.535
14 0 29845666.964
14 1 4403529.781
14 2 6144617.618
14 3 3500237.567
14 4 3448097.787
14 5 5545642.455
14 6 1987253.162
14 7 22686792.314
14 8 2663377.489
14 9 31200154.287
14 10 20865816.879
14 11 11070443.116
14 12 30393909.075
14 13 10040171.402
14 15 18757491.916
14 16 278430.302
14 17 6063673.815
14 18 2489635.456
14 19 8697514.770
14 20 42164507.233
14 21 20476686.437
14 22 4775186.627
15 0 2450524415.986
15 1 2951837139.151
15 2 135795648.210
15 3 558210470.137
15 4 171323439.457
15 5 585950360.199
15 6 50290718.669
15 7 714276207.799
15 8 659798303.025
15 9 922009571.950
15 10 2247772268.158
15 11 1237237453.123
15 12 2750770991.645
15 13 2589313526.980
15 14 31561303.071
15 16 19179655.293
15 17 1038605908.147
15 18 425951407.042
15 19 159237431.459
15 20 5030419218.920
15 21 1189112159.738
15 22 275842726.234
16 0 27223298.578
16 1 12884906.343
16 2 1657805.558
16 3 3178329.152
16 4 4103843.588
16 5 442311.757
16 6 4955978.351
16 7 23329158.584
16 8 5183147.970
16 9 33956141.896
16 10 22122497.809
16 11 2190257.800
16 12 17585850.628
16 13 43315238.269
16 14 130252.432
16 15 9595626.055
16 17 13320610.082
16 18 3733340.182
16 19 9889898.621
16 20 45884159.276
16 21 13687689.278
16 22 3677329.034
17 0 670498199.059
17 1 1112632864.771
17 2 236465728.430
17 3 227220567.303
17 4 196049974.138
17 5 23486276.432
17 6 277796805.228
17 7 1652343459.720
17 8 125084620.832
17 9 1704201162.005
17 10 1260734282.593
17 11 655235078.465
17 12 2233383579.842
17 13 914095292.690
17 14 8630582.135
17 15 456046826.516
17 16 15777751.267
17 18 57162838.104
17 19 783202108.549
17 20 1811557852.757
17 21 456901053.670
17 22 113865253.459
18 0 32682426.929
18 1 92191756.989
18 2 50723909.468
18 3 15686442.716
18 4 13180585.308
18 5 18363229.273
18 6 17988248.592
18 7 235573662.439
18 8 57175239.185
18 9 98891810.919
18 10 326527729.456
18 11 84236123.448
18 12 91755964.477
18 13 182965171.017
18 14 1529584.881
18 15 125387537.405
18 16 2226809.967
18 17 19308573.747
18 19 99237034.923
18 20 380183821.814
18 21 22467445.290
18 22 24819898.421
19 0 892324281.183
19 1 683121969.492
19 2 48989237.094
19 3 273811115.576
19 4 84528757.652
19 5 131958541.638
19 6 121576108.717
19 7 1609231028.447
19 8 30728967.446
19 9 141289680.185
19 10 1103081942.783
19 11 502561589.206
19 12 1414692957.353
19 13 2050691670.261
19 14 13632717.925
19 15 1288883038.695
19 16 16835811.552
19 17 556413195.245
19 18 127245825.253
19 20 1290712945.276
19 21 419979062.350
19 22 259804964.822
20 0 2945301823.210
20 1 464898572.694
20 2 411718197.827
20 3 382672665.954
20 4 674957088.247
20 5 401037731.519
20 6 637957621.423
20 7 728054595.088
20 8 151846979.487
20 9 756534084.489
20 10 4653793102.600
20 11 723615762.973
20 12 3156265507.283
20 13 5234302060.688
20 14 33578491.496
20 15 1412990719.410
20 16 22945526.672
20 17 503138633.359
20 18 64033095.813
20 19 747103325.264
20 21 3266582698.524
20 22 694491323.179
21 0 877295497.909
21 1 380906948.698
21 2 404141973.975
21 3 378773795.247
21 4 439196871.711
21 5 349451667.452
21 6 253484027.531
21 7 1686044354.115
21 8 112439124.041
21 9 207488983.911
21 10 2582054858.375
21 11 1045079312.687
21 12 1523493897.325
21 13 2948581355.942
21 14 19478302.677
21 15 991643746.204
21 16 20515481.207
21 17 346534616.882
21 18 125478825.755
21 19 150481478.143
21 20 233253987.683
21 22 175430845.679
22 0 146379235.991
22 1 260740317.487
22 2 39994633.638
22 3 27649944.011
22 4 94063404.382
22 5 23487162.397
22 6 86849227.921
22 7 343899225.840
22 8 27892491.502
22 9 229873674.832
22 10 83269068.801
22 11 125498728.006
22 12 223654629.848
22 13 125788700.120
22 14 1856372.067
22 15 375087062.916
22 16 946350.651
22 17 241411860.409
22 18 44978276.261
22 19 281435290.067
22 20 379210856.836
22 21 229342065.129
