506
0 1 1115441441.082
0 2 319610502.750
0 3 524360283.967
0 4 244337422.346
0 5 523118399.111
0 6 526784811.506
0 7 2431894277.997
0 8 78409655.136
0 9 3233534346.472
0 10 3940957295.085
0 11 1169862165.687
0 12 2325181055.377
0 13 1053381317.376
0 14 36492307.079
0 15 2256017860.885
0 16 11366014.909
0 17 836922775.828
0 18 305412892.935
0 19 249957634.730
0 20 2589338589.890
0 21 1997099314.905
0 22 533611483.875
1 0 939530133.970
1 2 46826053.259
1 3 197757913.599
1 4 264500887.545
1 5 286741384.106
1 6 299375345.562
1 7 2318726719.721
1 8 201671196.153
1 9 677032774.191
1 10 348085036.999
1 11 647645665.131
1 12 3449987348.844
1 13 2831818877.580
1 14 3907157.285
1 15 1210107206.162
1 16 19504994.649
1 17 1081120672.982
1 18 232443275.343
1 19 85813559.069
1 20 1144977630.795
1 21 385473017.550
1 22 249708523.218
2 0 521086705.122
2 1 43356659.915
2 3 56184617.804
2 4 54643250.861
2 5 42550352.445
2 6 28675866.858
2 7 92419179.157
2 8 68937755.784
2 9 446306661.745
2 10 548324135.603
2 11 186571956.617
2 12 793364454.934
2 13 373662798.376
2 14 520130.529
2 15 369901390.843
2 16 4563371.240
2 17 230270746.480
2 18 6321495.723
2 19 153677450.926
2 20 234981952.542
2 21 366785910.546
2 22 52724396.184
3 0 580701182.330
3 1 315967289.037
3 2 71199729.856
3 4 11314319.131
3 5 77359792.567
3 6 68636818.237
3 7 193459712.516
3 8 6165795.384
3 9 348795580.504
3 10 257998600.007
3 11 132853223.736
3 12 736205272.306
3 13 467992832.255
3 14 2344198.087
3 15 401254813.150
3 16 6119585.437
3 17 189099065.907
3 18 4806025.176
3 19 137947127.354
3 20 390385061.334
3 21 393152015.292
3 22 63869067.857
4 0 533136236.032
4 1 145536985.316
4 2 79177177.344
4 3 94685640.944
4 5 69297070.577
4 6 20037533.158
4 7 555853555.409
4 8 75875800.692
4 9 221567320.603
4 10 437730576.130
4 11 63215807.095
4 12 84723380.790
4 13 245995932.657
4 14 1902299.741
4 15 619804185.765
4 16 3372071.820
4 17 208545065.442
4 18 55967519.148
4 19 124773688.579
4 20 349740382.295
4 21 244838700.930
4 22 7838984.424
5 0 420192261.177
5 1 418890609.710
5 2 81774689.795
5 3 75953400.210
5 4 56851993.018
5 6 31231672.305
5 7 310068837.106
5 8 27331496.148
5 9 376583161.549
5 10 627253913.171
5 11 231393139.316
5 12 237213815.395
5 13 484302738.959
5 14 2856558.262
5 15 136620967.159
5 16 5841345.032
5 17 126215641.639
5 18 37613644.076
5 19 264935475.449
5 20 340750775.062
5 21 380321112.051
5 22 34939344.184
6 0 153619743.327
6 1 106394131.775
6 2 62839527.863
6 3 27575075.743
6 4 28321886.283
6 5 32161021.373
6 7 558242729.948
6 8 97567697.045
6 9 250340293.089
6 10 618761154.761
6 11 100174459.291
6 12 149178123.266
6 13 288449148.828
6 14 2452745.339
6 15 479905483.189
6 16 447098.649
6 17 97447587.201
6 18 19527621.293
6 19 198950507.364
6 20 383487469.638
6 21 365688600.519
6 22 16635938.764
7 0 2063548181.149
7 1 2030890390.780
7 2 294949842.684
7 3 77081938.867
7 4 69200927.406
7 5 231569736.772
7 6 104363702.936
7 8 129024812.759
7 9 875816603.049
7 10 1045876294.847
7 11 810310742.439
7 12 3438554573.340
7 13 383382934.657
7 14 5333481.121
7 15 3377743741.520
7 16 28172454.920
7 17 982241741.915
7 18 359249902.897
7 19 1253594229.870
7 20 2461840009.718
7 21 1921629873.913
7 22 514067199.641
8 0 43079220.977
8 1 264091202.507
8 2 54736088.151
8 3 54635221.731
8 4 71520851.048
8 5 77522718.744
8 6 26577495.478
8 7 140202822.609
8 9 383912582.043
8 10 554610465.896
8 11 170791358.982
8 12 751657718.826
8 13 560544725.017
8 14 2388140.598
8 15 46239296.793
8 16 3274542.260
8 17 117396886.185
8 18 36835008.274
8 19 27168195.846
8 20 310400710.070
8 21 38677024.565
8 22 13102723.007
9 0 3612114161.662
9 1 1429948851.524
9 2 364171845.770
9 3 437286156.922
9 4 507578245.979
9 5 232641519.679
9 6 300670284.718
9 7 1944301715.363
9 8 199762506.662
9 10 2580972349.083
9 11 1453206134.831
9 12 3947896283.031
9 13 3502606805.921
9 14 7770595.452
9 15 4197387996.123
9 16 26805590.408
9 17 1625200810.204
9 18 292559260.235
9 19 1859991548.672
9 20 4154972982.812
9 21 2648101716.647
9 22 510121841.326
10 0 3864383699.108
10 1 222012023.600
10 2 573397833.252
10 3 684165721.094
10 4 100542095.570
10 5 300062570.957
10 6 630330530.878
10 7 775480343.656
10 8 369875875.647
10 9 2708305373.413
10 11 1573418678.638
10 12 5107297994.206
10 13 1690142747.551
10 14 12216185.830
10 15 3206334673.013
10 16 20746981.331
10 17 1542702710.095
10 18 162756678.473
10 19 227409041.566
10 20 665841007.639
10 21 448413247.703
10 22 249804379.965
11 0 864865452.460
11 1 173087427.275
11 2 123102755.495
11 3 109499086.859
11 4 131303028.798
11 5 187827396.984
11 6 238599350.987
11 7 464291972.189
11 8 206445410.232
11 9 1016291316.183
11 10 1125528898.398
11 12 1940473823.327
11 13 1178099658.669
11 14 2968328.812
11 15 590937338.583
11 16 1918953.982
11 17 173391837.499
11 18 103153007.207
11 19 591485902.483
11 20 311304816.812
11 21 1106109696.142
11 22 117795711.755
12 0 3929471270.400
12 1 3633506559.302
12 2 169006410.715
12 3 111821316.859
12 4 753729497.753
12 5 322391451.347
12 6 716064462.899
12 7 3028648442.899
12 8 243142994.554
12 9 3029989821.698
12 10 5380227757.180
12 11 297940536.681
12 13 998356928.473
12 14 28364383.607
12 15 789114839.800
12 16 50274012.746
12 17 2278578633.424
12 18 281632971.890
12 19 698291619.874
12 20 3587274991.655
12 21 829444997.599
12 22 533611833.726
13 0 3580592770.816
13 1 1955050970.178
13 2 718955358.734
13 3 684781717.747
13 4 308723133.143
13 5 347726320.912
13 6 737313433.298
13 7 3272948447.368
13 8 730754461.911
13 9 3379613283.843
13 10 4510722058.466
13 11 746835093.597
13 12 3425457120.635
13 14 28430194.292
13 15 4484943565.657
13 16 18286698.036
13 17 2044221817.356
13 18 255643122.059
13 19 1349426832.950
13 20 733248638.638
13 21 2785880400.569
13 22 446687040.867
14 0 31519857.431
14 1 10617472.680
14 2 1682494.789
14 3 3540694.004
14 4 5342973.546
14 5 4409853.248
14 6 1695281.302
14 7 21364846.386
14 8 1253679.214
14 9 27881505.466
14 10 31099338.141
14 11 4124376.458
14 12 19423709.118
14 13 9836926.467
14 15 20307033.264
14 16 163252.019
14 17 13690887.117
14 18 2179365.973
14 19 4502839.257
14 20 19826606.813
14 21 21822766.175
14 22 4857749.312
15 0 875650944.463
15 1 1318666288.001
15 2 559565515.971
15 3 296918202.221
15 4 633239193.276
15 5 223778229.937
15 6 435357842.306
15 7 3222084705.215
15 8 561648732.178
15 9 2814053033.281
15 10 4498338967.693
15 11 797259424.798
15 12 1809700868.757
15 13 5140944869.103
15 14 13939853.298
15 16 36531092.607
15 17 1835588709.840
15 18 292987833.866
15 19 1002343916.148
15 20 2207176005.443
15 21 2177006093.310
15 22 655790570.728
16 0 36437215.131
16 1 7285906.826
16 2 3459744.989
16 3 3719542.097
16 4 2692921.336
16 5 3477542.982
16 6 721247.372
16 7 5227609.968
16 8 5534491.221
16 9 3736377.928
16 10 10631976.979
16 11 12775046.971
16 12 50784471.951
16 13 25305599.833
16 14 337872.023
16 15 41900265.012
16 17 15182167.890
16 18 3464674.597
16 19 10414615.637
16 20 5310367.202
16 21 22479475.678
16 22 1344425.257
17 0 1156966303.072
17 1 755549380.518
17 2 242362737.690
17 3 173514253.992
17 4 147938030.439
17 5 19986538.475
17 6 54910365.713
17 7 1153745314.361
17 8 62752594.441
17 9 1341055709.296
17 10 2066142654.657
17 11 685298003.559
17 12 1584411662.793
17 13 722753784.577
17 14 17178729.487
17 15 1033455486.857
17 16 17980398.646
17 18 122905195.591
17 19 698966242.332
17 20 743576602.400
17 21 372836821.382
17 22 88028537.518
18 0 249234085.221
18 1 88487429.770
18 2 18906098.492
18 3 27330831.576
18 4 38527994.021
18 5 15208058.190
18 6 59949758.063
18 7 173733227.788
18 8 54480266.308
18 9 329251899.190
18 10 364101215.406
18 11 71329291.359
18 12 363040222.079
18 13 454944133.738
18 14 2301200.683
18 15 232889225.904
18 16 3809156.406
18 17 165487707.373
18 19 127206347.470
18 20 421099775.602
18 21 89897104.258
18 22 5513931.917
19 0 115957607.267
19 1 1056214375.718
19 2 247681497.063
19 3 38327995.270
19 4 258682869.671
19 5 231913849.394
19 6 254021892.085
19 7 702850096.054
19 8 81627680.857
19 9 1507080151.614
19 10 467845551.642
19 11 384234275.445
19 12 181833010.953
19 13 510286434.595
19 14 13594542.758
19 15 1338476478.700
19 16 5074319.132
19 17 432546482.811
19 18 17030725.600
19 20 1800502246.026
19 21 122158952.514
19 22 94311264.029
20 0 1258931494.831
20 1 2048521216.480
20 2 649540001.893
20 3 245128898.798
20 4 621641638.698
20 5 656063876.269
20 6 322250867.354
20 7 1945681856.941
20 8 588498227.865
20 9 3933342902.539
20 10 4035165224.950
20 11 1410597490.071
20 12 3206508985.493
20 13 2517586631.762
20 14 16642887.108
20 15 2077236062.124
20 16 22426664.986
20 17 2097343388.627
20 18 226258212.521
20 19 164139433.570
20 21 1859967823.531
20 22 294136872.706
21 0 311409394.639
21 1 1623227316.226
21 2 445987398.208
21 3 30143104.206
21 4 279177050.158
21 5 69762963.538
21 6 299686906.149
21 7 839736005.807
21 8 365717482.856
21 9 1548689759.406
21 10 1601132499.685
21 11 708100726.006
21 12 1583339118.542
21 13 2761395785.196
21 14 24930021.625
21 15 285689974.344
21 16 7848529.229
21 17 679137431.181
21 18 143161938.232
21 19 831486658.576
21 20 1859981265.559
21 22 126707025.877
22 0 415037217.265
22 1 59693403.848
22 2 43135750.765
22 3 8452677.764
22 4 97425457.250
22 5 41749812.080
22 6 45300128.971
22 7 545527151.067
22 8 82447392.653
22 9 642540964.839
22 10 185452161.713
22 11 169634997.799
22 12 445955018.474
22 13 682028448.589
22 14 1620764.288
22 15 592958580.690
22 16 4056271.367
22 17 168650624.762
22 18 53728146.130
22 19 183774807.414
22 20 522292874.018
22 21 335506090.615
