506
0 1 1687957169.632
0 2 49624816.355
0 3 453442543.284
0 4 143549684.633
0 5 37630398.185
0 6 359114684.663
0 7 778702414.820
0 8 482798101.111
0 9 626056611.081
0 10 2583385506.829
0 11 1353054553.454
0 12 4333199770.587
0 13 2513238263.775
0 14 30673407.993
0 15 2230359497.203
0 16 36687869.642
0 17 265355893.572
0 18 348177489.460
0 19 1098864221.171
0 20 1187184530.464
0 21 476968233.017
0 22 100091405.669
1 0 336317452.136
1 2 317414517.226
1 3 275820945.839
1 4 209321774.259
1 5 225626475.043
1 6 322487566.949
1 7 1362532293.164
1 8 322263707.575
1 9 1076300428.215
1 10 419408019.659
1 11 733059979.233
1 12 2362953239.492
1 13 693058268.642
1 14 24891555.699
1 15 379149450.972
1 16 21209362.474
1 17 845002227.534
1 18 160330493.950
1 19 84043769.229
1 20 511706094.203
1 21 1147293287.658
1 22 362945942.754
2 0 467451407.759
2 1 125302657.080
2 3 37491751.106
2 4 22208463.455
2 5 101007180.242
2 6 38604477.763
2 7 418331013.591
2 8 20409330.176
2 9 424397936.981
2 10 448813609.681
2 11 212979676.425
2 12 540894490.236
2 13 604249836.205
2 14 1371854.161
2 15 557431770.699
2 16 2521270.245
2 17 286824763.095
2 18 60957974.005
2 19 251295342.244
2 20 569025552.156
2 21 362322151.653
2 22 55731643.117
3 0 439154214.874
3 1 428293682.317
3 2 77409392.881
3 4 97004822.534
3 5 32615587.751
3 6 7711642.264
3 7 486426279.625
3 8 65775841.033
3 9 170658946.918
3 10 332961687.465
3 11 150416949.975
3 12 304648888.795
3 13 156756231.693
3 14 1595336.457
3 15 493404672.923
3 16 5287341.895
3 17 99930467.939
3 18 60670877.460
3 19 280379166.103
3 20 311324644.689
3 21 209033200.293
3 22 83988065.488
4 0 112686975.704
4 1 168103407.963
4 2 72573009.785
4 3 52056283.566
4 5 68389064.873
4 6 15071029.584
4 7 584347258.458
4 8 63157944.744
4 9 311642151.081
4 10 561096558.786
4 11 132457137.683
4 12 367395824.733
4 13 400969049.868
4 14 4110495.258
4 15 206825782.735
4 16 1261530.012
4 17 268842082.540
4 18 28269620.900
4 19 208031227.291
4 20 485222612.864
4 21 351214802.042
4 22 87838210.994
5 0 234110478.103
5 1 162407811.034
5 2 62932648.943
5 3 49405308.644
5 4 19342629.598
5 6 68691505.381
5 7 428909449.963
5 8 10898892.409
5 9 258880653.164
5 10 679224945.190
5 11 82892080.070
5 12 606064537.851
5 13 582166332.272
5 14 4340336.800
5 15 82274015.380
5 16 2600168.691
5 17 287776290.412
5 18 20822078.772
5 19 263953239.363
5 20 553643170.099
5 21 222083894.755
5 22 9676535.652
6 0 174381637.735
6 1 142709687.139
6 2 19694068.716
6 3 88662322.689
6 4 91188934.967
6 5 47435517.404
6 7 238368911.538
6 8 82601786.692
6 9 58630660.828
6 10 650180528.377
6 11 68047369.858
6 12 539018371.168
6 13 678526141.666
6 14 5734592.020
6 15 619509334.119
6 16 4309677.816
6 17 217594686.722
6 18 8104575.597
6 19 137621467.783
6 20 251304646.153
6 21 421237164.191
6 22 71090039.959
7 0 302282596.830
7 1 2046237473.418
7 2 340284218.358
7 3 103894819.667
7 4 426543639.968
7 5 115466787.686
7 6 550873030.200
7 8 191252000.727
7 9 2375072637.698
7 10 3808853376.480
7 11 553915970.183
7 12 2115900362.793
7 13 2671983065.543
7 14 11674516.213
7 15 2135942766.934
7 16 9702308.023
7 17 1623151551.256
7 18 210654854.031
7 19 1378282116.685
7 20 2181685479.614
7 21 936114085.347
7 22 47155802.657
8 0 50855796.773
8 1 317207051.346
8 2 44008739.973
8 3 77314668.585
8 4 28849731.295
8 5 91526963.494
8 6 85226235.204
8 7 56668874.190
8 9 462799871.585
8 10 124270956.648
8 11 237342865.840
8 12 603568808.729
8 13 325077711.638
8 14 1296693.680
8 15 648405029.466
8 16 2772308.973
8 17 250980826.571
8 18 37690236.526
8 19 284914814.651
8 20 330574925.513
8 21 230245842.965
8 22 74979944.174
9 0 508083951.061
9 1 2110177754.308
9 2 565138480.089
9 3 377186987.374
9 4 120585403.796
9 5 249402095.271
9 6 577889550.464
9 7 1607996804.327
9 8 341859726.301
9 10 950666491.559
9 11 1106427964.421
9 12 2409762160.229
9 13 4819406621.505
9 14 34289306.607
9 15 3460245743.152
9 16 35859722.484
9 17 1430206824.091
9 18 126839728.685
9 19 1247539575.445
9 20 2960425420.359
9 21 1586723375.134
9 22 255419938.858
10 0 3752146897.946
10 1 1661132683.662
10 2 633165023.319
10 3 238773060.696
10 4 377704412.770
10 5 510146121.690
10 6 426042547.432
10 7 2156243850.406
10 8 116318386.551
10 9 2983539479.898
10 11 1572120411.562
10 12 1383178325.405
10 13 4632149901.742
10 14 24170723.903
10 15 3164506969.241
10 16 22367561.329
10 17 1783971740.129
10 18 426526545.270
10 19 1375183725.469
10 20 1192445316.540
10 21 2370288703.229
10 22 519186873.199
11 0 702538973.851
11 1 689463621.599
11 2 138347218.629
11 3 27762109.987
11 4 64169117.444
11 5 221216027.494
11 6 18470658.610
11 7 504621255.796
11 8 94922456.810
11 9 159984999.307
11 10 1520967187.478
11 12 1510719179.440
11 13 1560660455.341
11 14 12142927.020
11 15 935301941.698
11 16 2322338.960
11 17 51500522.926
11 18 79430776.848
11 19 98351463.930
11 20 1177752978.582
11 21 1029254056.826
11 22 15434238.353
12 0 4324501181.157
12 1 3531174893.618
12 2 356202069.308
12 3 491138975.902
12 4 232812748.082
12 5 178265738.743
12 6 839083939.403
12 7 2567768004.346
12 8 329871858.217
12 9 2108079179.798
12 10 5648183291.118
12 11 326925257.256
12 13 1685749417.595
12 14 48331879.023
12 15 1144229875.421
12 16 10961963.833
12 17 2198183046.296
12 18 196272067.101
12 19 842276545.625
12 20 3483578353.117
12 21 2347840278.391
12 22 641884982.526
13 0 3623416194.225
13 1 1007255845.532
13 2 671807253.854
13 3 204892296.920
13 4 201280907.849
13 5 600276798.551
13 6 217740631.702
13 7 1711292576.792
13 8 463045414.108
13 9 1293157381.442
13 10 3065398341.678
13 11 229854399.545
13 12 4511698413.036
13 14 19245488.911
13 15 673987613.876
13 16 33094746.696
13 17 275093858.836
13 18 312239811.620
13 19 1235553699.648
13 20 4437143808.160
13 21 1514807687.998
13 22 217341526.257
14 0 33290570.240
14 1 22870007.019
14 2 2002733.464
14 3 4318936.728
14 4 911146.784
14 5 5046036.922
14 6 2111458.429
14 7 29734228.746
14 8 4453778.077
14 9 39000377.274
14 10 33313519.553
14 11 3078853.530
14 12 49583693.269
14 13 17980865.570
14 15 33933141.388
14 16 232712.287
14 17 12762175.694
14 18 1795210.582
14 19 9351777.908
14 20 14430576.043
14 21 22691674.193
14 22 2578771.882
15 0 974699167.683
15 1 2998030914.486
15 2 559445522.580
15 3 185648967.093
15 4 445621110.639
15 5 569994893.439
15 6 301220598.670
15 7 1206115869.355
15 8 544533693.320
15 9 2081990915.852
15 10 339155118.568
15 11 653069412.181
15 12 1997967240.550
15 13 4013221586.908
15 14 42954371.731
15 16 9810546.262
15 17 1090702647.014
15 18 182585446.521
15 19 1947239419.315
15 20 4601570916.957
15 21 926198160.160
15 22 141762784.098
16 0 10144209.151
16 1 9102581.589
16 2 5364600.532
16 3 582764.490
16 4 1532940.731
16 5 6056981.959
16 6 1931875.512
16 7 24413644.342
16 8 5945445.434
16 9 34466957.106
16 10 33164089.910
16 11 1892201.910
16 12 22788200.233
16 13 8064739.809
16 14 160461.590
16 15 41216416.496
16 17 10390246.481
16 18 1908544.384
16 19 15341531.432
16 20 8331898.642
16 21 19494684.588
16 22 5336113.575
17 0 1308753197.819
17 1 122335321.168
17 2 173626189.761
17 3 141972438.928
17 4 116351317.388
17 5 80343959.143
17 6 103629771.452
17 7 1416352058.193
17 8 38364632.457
17 9 1025245321.234
17 10 1862586686.701
17 11 72120397.292
17 12 2156794752.531
17 13 217047935.193
17 14 5970959.320
17 15 173866494.592
17 16 4639609.368
17 18 43888888.756
17 19 69929803.055
17 20 1619198878.327
17 21 967569193.924
17 22 107388012.754
18 0 92899660.470
18 1 272383825.133
18 2 51414712.690
18 3 32137434.971
18 4 41193513.690
18 5 29458633.075
18 6 59420608.955
18 7 359717091.121
18 8 37815378.054
18 9 320265277.751
18 10 356493994.369
18 11 90226866.919
18 12 113531596.618
18 13 157730309.823
18 14 1130387.198
18 15 191754620.602
18 16 1702348.432
18 17 102338232.071
18 19 138292212.183
18 20 96020675.401
18 21 22283720.194
18 22 33778090.498
19 0 1260014169.726
19 1 164788493.455
19 2 78227142.480
19 3 215449016.477
19 4 165584167.564
19 5 84262137.716
19 6 221134335.857
19 7 128919054.212
19 8 198832018.887
19 9 1319984820.012
19 10 1825413000.965
19 11 405127284.287
19 12 1339896597.763
19 13 165730737.750
19 14 7159880.020
19 15 223014640.205
19 16 10434222.290
19 17 401686674.444
19 18 62246234.436
19 20 409859333.209
19 21 499011121.646
19 22 185362857.216
20 0 1749412773.459
20 1 3103720443.546
20 2 413395246.940
20 3 386026274.547
20 4 646603329.040
20 5 486022215.085
20 6 482728782.904
20 7 1062402717.666
20 8 175119506.635
20 9 911632315.434
20 10 2891182004.279
20 11 920958959.963
20 12 4659899238.274
20 13 4365648680.509
20 14 16352115.390
20 15 4902745808.849
20 16 22235059.097
20 17 2080911904.149
20 18 163470376.313
20 19 2038655117.877
20 21 388197924.313
20 22 215932676.614
21 0 1772813747.397
21 1 332473409.734
21 2 290717225.500
21 3 357952039.102
21 4 401975337.759
21 5 146332700.308
21 6 343115476.475
21 7 2119517282.095
21 8 233270775.235
21 9 558311802.682
21 10 672354834.061
21 11 238039772.484
21 12 3705877272.667
21 13 804853096.882
21 14 17552968.968
21 15 1591227014.576
21 16 11773481.337
21 17 880291132.820
21 18 136013022.433
21 19 501582603.384
21 20 1641583976.050
21 22 176131270.217
22 0 348236836.828
22 1 186916232.526
22 2 7822189.522
22 3 41049473.961
22 4 88069477.758
22 5 26634429.569
22 6 32610020.273
22 7 413555799.466
22 8 96896028.205
22 9 642125571.886
22 10 655385772.826
22 11 128627647.292
22 12 777352349.843
22 13 197468988.755
22 14 3214510.704
22 15 532373407.304
22 16 5747961.798
22 17 271808696.549
22 18 21389224.581
22 19 20961790.505
22 20 352774693.101
22 21 159189744.307
