506
0 1 2304560602.330
0 2 593648504.982
0 3 295975307.519
0 4 42151012.130
0 5 332742356.127
0 6 416532987.399
0 7 1940338519.512
0 8 511553568.822
0 9 1623119469.230
0 10 2114876325.266
0 11 1432698961.744
0 12 4455681077.248
0 13 747291719.904
0 14 19996742.399
0 15 3765016639.443
0 16 18111646.509
0 17 1535978975.594
0 18 188014161.603
0 19 735937941.527
0 20 1745948048.907
0 21 1486808111.137
0 22 321813339.440
1 0 1527910449.568
1 2 308972283.292
1 3 378365987.997
1 4 228190328.884
1 5 224514112.487
1 6 377638044.191
1 7 266556443.807
1 8 50452092.332
1 9 926518590.216
1 10 404898732.361
1 11 343330456.864
1 12 803400180.556
1 13 2091636685.737
1 14 21328600.419
1 15 800384957.019
1 16 25972495.054
1 17 540932829.674
1 18 202329310.722
1 19 152744641.183
1 20 1508759730.142
1 21 438517625.465
1 22 303953083.410
2 0 336183918.755
2 1 343479490.115
2 3 85813459.793
2 4 57693701.185
2 5 26064194.624
2 6 23422207.182
2 7 138600383.460
2 8 93384209.954
2 9 230764435.636
2 10 671172722.271
2 11 62957287.649
2 12 182275677.099
2 13 462143408.973
2 14 1369367.412
2 15 350703338.188
2 16 1726485.374
2 17 130504836.211
2 18 17430933.299
2 19 141746285.010
2 20 603579428.997
2 21 434047421.208
2 22 70432463.947
3 0 221296783.674
3 1 359752720.281
3 2 17512809.342
3 4 62474556.662
3 5 47246400.848
3 6 46101679.764
3 7 530154637.208
3 8 18790144.381
3 9 123954894.335
3 10 151256717.435
3 11 90642748.562
3 12 744542220.411
3 13 146586015.065
3 14 5310252.551
3 15 599438262.106
3 16 3956865.835
3 17 292550836.705
3 18 48511567.684
3 19 205485602.455
3 20 466461839.610
3 21 156897299.953
3 22 36462945.875
4 0 446277107.081
4 1 255365198.321
4 2 92973219.665
4 3 88162767.891
4 5 82265187.277
4 6 34559453.290
4 7 62202178.946
4 8 91132333.551
4 9 400470768.087
4 10 635149921.711
4 11 15972161.871
4 12 558989411.782
4 13 697297904.579
4 14 5500626.881
4 15 576059658.050
4 16 879399.508
4 17 97047970.671
4 18 57710666.425
4 19 150416476.865
4 20 153812064.403
4 21 265222149.300
4 22 30089710.866
5 0 191678021.484
5 1 308906652.415
5 2 11592319.230
5 3 90153534.191
5 4 40351348.027
5 6 23338307.029
5 7 515399098.803
5 8 37144487.624
5 9 42175102.248
5 10 374549690.982
5 11 78699648.516
5 12 605214912.438
5 13 566780029.736
5 14 4014117.261
5 15 523943483.474
5 16 4212048.036
5 17 233120253.799
5 18 37446091.722
5 19 163749700.629
5 20 616844451.861
5 21 281012964.360
5 22 70515183.879
6 0 199890746.460
6 1 92394001.227
6 2 92228512.566
6 3 25174618.413
6 4 30103011.586
6 5 59096434.254
6 7 143897576.919
6 8 33317256.103
6 9 288116768.623
6 10 696371413.271
6 11 203397671.040
6 12 234663480.405
6 13 531015835.670
6 14 1494591.502
6 15 582939824.827
6 16 2451277.798
6 17 137160302.567
6 18 8408785.085
6 19 255315218.403
6 20 723138187.276
6 21 280635595.669
6 22 30695434.563
7 0 2060238464.843
7 1 1143577303.611
7 2 123830533.065
7 3 377306787.671
7 4 67502946.976
7 5 533773722.226
7 6 116321640.653
7 8 268926748.348
7 9 2815576529.808
7 10 1137764929.044
7 11 445377982.742
7 12 4348632794.432
7 13 518233493.414
7 14 9249557.633
7 15 2430296809.701
7 16 33592893.605
7 17 346764212.275
7 18 231815957.683
7 19 1764601024.631
7 20 3076124570.757
7 21 2023781200.230
7 22 369596723.530
8 0 405298348.947
8 1 340234001.264
8 2 82236102.408
8 3 53239507.564
8 4 67481555.108
8 5 10983396.966
8 6 48508056.895
8 7 305716113.228
8 9 457859482.341
8 10 365313061.672
8 11 228800249.822
8 12 781126861.039
8 13 444084943.062
8 14 5322545.754
8 15 51967211.265
8 16 2331890.687
8 17 287784507.302
8 18 60623425.663
8 19 133776817.087
8 20 498731660.551
8 21 241751442.505
8 22 71665570.932
9 0 1617331806.083
9 1 1225235141.612
9 2 232461357.931
9 3 85966023.123
9 4 640861172.518
9 5 640806566.510
9 6 119126875.230
9 7 1708464294.153
9 8 367501835.338
9 10 623337759.281
9 11 538262511.134
9 12 2956783777.398
9 13 1814054123.741
9 14 3479432.883
9 15 2815935423.466
9 16 39831587.401
9 17 267813492.384
9 18 84202337.327
9 19 1183686679.628
9 20 1530747616.957
9 21 1636282995.754
9 22 390517432.891
10 0 2086725796.147
10 1 217259448.193
10 2 714447163.932
10 3 672971704.120
10 4 476528872.369
10 5 305442102.331
10 6 608562745.863
10 7 3261742291.904
10 8 629291039.467
10 9 3609783957.606
10 11 928198308.963
10 12 3587208332.697
10 13 3734572505.559
10 14 7092377.584
10 15 4896776066.882
10 16 28524536.809
10 17 1405694975.857
10 18 140338183.370
10 19 1553236844.000
10 20 3491022065.446
10 21 575089709.012
10 22 400951408.265
11 0 418798490.983
11 1 1100039677.875
11 2 75808486.634
11 3 234482991.116
11 4 38196804.023
11 5 133420356.173
11 6 87199215.232
11 7 1370852369.508
11 8 63598457.886
11 9 646269326.074
11 10 1324087864.628
11 12 605562422.197
11 13 1132889659.409
11 14 12661633.024
11 15 210719538.127
11 16 6615687.723
11 17 474543217.664
11 18 152921084.214
11 19 317785514.263
11 20 1654942346.790
11 21 673789545.883
11 22 233872550.415
12 0 4858302559.860
12 1 1115046868.688
12 2 727273128.814
12 3 427812931.932
12 4 511997938.136
12 5 264837009.071
12 6 413204201.820
12 7 4577155199.690
12 8 650359735.603
12 9 2824039255.273
12 10 623126115.567
12 11 1786708664.910
12 13 2087197480.528
12 14 33747077.969
12 15 1453800795.760
12 16 26932766.713
12 17 2032623548.125
12 18 315507634.667
12 19 1502762111.210
12 20 1702998532.966
12 21 2778101791.729
12 22 676157709.673
13 0 2354822566.606
13 1 479823074.114
13 2 512025130.416
13 3 303456232.105
13 4 128584212.143
13 5 726943640.626
13 6 387270885.231
13 7 2983409479.602
13 8 175601754.862
13 9 3373415358.457
13 10 3049262676.912
13 11 629367390.838
13 12 1010054437.993
13 14 8012464.129
13 15 5022208668.225
13 16 14567304.485
13 17 1452184263.792
13 18 351723690.091
13 19 304366786.819
13 20 550371310.987
13 21 3123451425.650
13 22 701481918.500
14 0 32722135.232
14 1 1941197.641
14 2 483460.467
14 3 3536355.172
14 4 5875115.085
14 5 4566751.058
14 6 3447049.494
14 7 13262948.567
14 8 6087389.916
14 9 33194105.757
14 10 34860403.032
14 11 14711410.458
14 12 17227242.343
14 13 29535530.587
14 15 32848605.712
14 16 32888.376
14 17 15326513.577
14 18 513765.604
14 19 5683267.309
14 20 6254222.320
14 21 27401701.626
14 22 3535986.360
15 0 809035063.583
15 1 2648797711.594
15 2 119145202.676
15 3 359711242.180
15 4 260096110.661
15 5 546103005.952
15 6 634231113.224
15 7 3994532429.513
15 8 56249683.413
15 9 2083972057.383
15 10 3132324565.922
15 11 459464324.534
15 12 4648062902.689
15 13 4179118269.380
15 14 11494798.194
15 16 27416167.625
15 17 1481223034.193
15 18 174389251.657
15 19 1136501578.567
15 20 4511332164.877
15 21 285145633.588
15 22 583594629.978
16 0 25518030.768
16 1 16824730.339
16 2 3585098.521
16 3 5666939.282
16 4 4043744.250
16 5 4094834.166
16 6 1738512.723
16 7 5807960.485
16 8 4911668.367
16 9 18969727.522
16 10 21755778.242
16 11 9662960.248
16 12 23934626.014
16 13 31070156.969
16 14 145802.985
16 15 35966193.224
16 17 1765038.940
16 18 2533413.148
16 19 1844251.936
16 20 40908571.050
16 21 5239977.519
16 22 6060642.384
17 0 1695935854.090
17 1 389341589.949
17 2 68523630.463
17 3 219199262.943
17 4 262867129.744
17 5 126427702.399
17 6 45433141.686
17 7 810141473.080
17 8 66142722.518
17 9 805079421.979
17 10 1627158507.770
17 11 516661366.575
17 12 1250983066.033
17 13 427859746.504
17 14 9841482.757
17 15 956796617.121
17 16 1901816.773
17 18 105023484.580
17 19 654832651.459
17 20 148863658.053
17 21 636730297.172
17 22 251972586.342
18 0 155620140.415
18 1 18519098.698
18 2 21170172.557
18 3 17218120.329
18 4 46983458.885
18 5 36550679.312
18 6 11145145.709
18 7 251403514.467
18 8 17416288.368
18 9 238671906.207
18 10 35405963.238
18 11 88102469.559
18 12 423291521.874
18 13 70965654.264
18 14 1272715.144
18 15 251754992.190
18 16 1719609.427
18 17 139938440.909
18 19 171570076.225
18 20 323321206.080
18 21 137345370.706
18 22 13031878.325
19 0 1644185591.816
19 1 1211489846.176
19 2 74052380.508
19 3 156595940.656
19 4 189517628.478
19 5 28617268.308
19 6 126070623.194
19 7 1187214955.363
19 8 137512676.168
19 9 1460569460.255
19 10 325584593.070
19 11 566990071.944
19 12 1144464408.580
19 13 721705520.720
19 14 4058534.320
19 15 1982865916.190
19 16 15129196.003
19 17 418166941.494
19 18 53978026.857
19 20 194415125.504
19 21 884985584.528
19 22 226064367.387
20 0 3533071520.068
20 1 337200494.595
20 2 210495002.939
20 3 387769385.710
20 4 668796383.574
20 5 695790509.176
20 6 100348970.880
20 7 2814351409.478
20 8 91841805.430
20 9 2538417254.767
20 10 2318867456.868
20 11 1338916603.712
20 12 3981892349.908
20 13 4766015824.133
20 14 30618997.962
20 15 3263819213.510
20 16 30806812.867
20 17 1223393575.648
20 18 308315217.066
20 19 1478239644.025
20 21 446935315.574
20 22 453891562.072
21 0 2165940154.246
21 1 1196305025.344
21 2 314407190.143
21 3 241989209.413
21 4 81746113.368
21 5 321605313.950
21 6 172350791.656
21 7 1725109107.696
21 8 437256141.360
21 9 897726706.409
21 10 1171245450.264
21 11 466648526.843
21 12 3191067540.541
21 13 2439354764.067
21 14 20026809.999
21 15 2606597364.504
21 16 21805439.405
21 17 83119255.926
21 18 25922856.366
21 19 962119941.440
21 20 2739852285.346
21 22 435813952.806
22 0 145173295.714
22 1 98510429.118
22 2 62078213.836
22 3 35560056.561
22 4 27217050.439
22 5 49156331.571
22 6 50088055.961
22 7 424567326.812
22 8 69491228.783
22 9 186957234.277
22 10 46776291.001
22 11 91495169.694
22 12 725976571.383
22 13 562156224.955
22 14 1780869.534
22 15 523758147.055
22 16 4234666.072
22 17 191126998.879
22 18 30761656.266
22 19 30910420.076
22 20 191594552.137
22 21 394884463.884
