506
0 1 1619819572.961
0 2 598262043.183
0 3 283285830.788
0 4 378836401.844
0 5 486906154.143
0 6 217749599.192
0 7 1203729664.346
0 8 413225037.742
0 9 634510891.059
0 10 3056993356.949
0 11 1038538761.727
0 12 2544481125.096
0 13 2529158543.798
0 14 14019971.944
0 15 463752023.158
0 16 24369994.324
0 17 1209753654.192
0 18 46075325.950
0 19 487174890.391
0 20 4224728944.712
0 21 1664246677.558
0 22 116661357.818
1 0 1972281618.900
1 2 146415766.599
1 3 312761513.320
1 4 330465439.545
1 5 163423545.267
1 6 367732555.847
1 7 659282251.780
1 8 311881516.770
1 9 966386920.235
1 10 679052138.192
1 11 346004002.816
1 12 3021003656.739
1 13 3087880126.746
1 14 15441486.489
1 15 1038678075.988
1 16 14543341.645
1 17 1169406739.743
1 18 97712479.034
1 19 711462538.417
1 20 1461969736.244
1 21 1872217687.574
1 22 292047689.700
2 0 130910874.521
2 1 145060161.964
2 3 92532768.066
2 4 57979798.313
2 5 10270132.357
2 6 67864255.126
2 7 443783658.917
2 8 83225340.658
2 9 217055942.300
2 10 512074589.959
2 11 89917672.516
2 12 301799929.593
2 13 631306395.175
2 14 1289624.475
2 15 478355008.410
2 16 2909356.185
2 17 192457641.282
2 18 61760088.270
2 19 120986192.339
2 20 429909339.964
2 21 253812050.678
2 22 36432563.949
3 0 152102508.547
3 1 87880277.964
3 2 92872665.138
3 4 11491715.143
3 5 22933959.384
3 6 23484492.325
3 7 226119887.615
3 8 89703047.183
3 9 230031477.762
3 10 560590423.947
3 11 59260077.870
3 12 378533387.705
3 13 434798137.941
3 14 2826907.404
3 15 190361244.604
3 16 4545539.552
3 17 213052869.318
3 18 58135930.670
3 19 253010399.878
3 20 78420900.324
3 21 376547010.414
3 22 94890735.924
4 0 346565471.284
4 1 132543746.335
4 2 18750153.512
4 3 67726644.726
4 5 33234281.754
4 6 56084784.376
4 7 413736763.740
4 8 20472688.888
4 9 58218729.890
4 10 132840242.682
4 11 137592717.089
4 12 688210046.050
4 13 98189439.614
4 14 4966820.652
4 15 344946009.947
4 16 3005541.944
4 17 185103646.418
4 18 32351063.061
4 19 118578017.176
4 20 407206745.632
4 21 74339722.176
4 22 50930463.721
5 0 282641258.462
5 1 91134350.106
5 2 48273450.104
5 3 71362781.757
5 4 69491132.817
5 6 28277032.065
5 7 440117934.641
5 8 31640626.273
5 9 60345275.284
5 10 468405528.622
5 11 242204925.721
5 12 137777378.230
5 13 48976882.196
5 14 1609541.913
5 15 237153536.871
5 16 4743268.557
5 17 163495080.460
5 18 34475770.093
5 19 252690903.703
5 20 291858082.964
5 21 39011858.513
5 22 71314911.863
6 0 335452378.492
6 1 166096287.755
6 2 61782090.582
6 3 65963363.883
6 4 24619937.455
6 5 96110011.699
6 7 409547358.466
6 8 97712358.642
6 9 357940152.929
6 10 588523239.783
6 11 236655322.347
6 12 154379928.270
6 13 731870503.906
6 14 4891199.043
6 15 135243351.056
6 16 6001734.619
6 17 227360580.646
6 18 13404476.877
6 19 106853295.926
6 20 260317626.889
6 21 417525241.078
6 22 13473992.127
7 0 2594979781.431
7 1 2548428718.751
7 2 47791745.178
7 3 200682243.606
7 4 436517189.996
7 5 357945609.174
7 6 250791954.700
7 8 234823580.393
7 9 1395938691.553
7 10 2989180131.765
7 11 789827470.458
7 12 2320893203.252
7 13 2865939337.031
7 14 12483355.192
7 15 3619210203.219
7 16 35949577.537
7 17 1301379211.293
7 18 97842935.610
7 19 385137509.881
7 20 2854767097.395
7 21 640473775.025
7 22 255762261.245
8 0 133701679.451
8 1 181774477.073
8 2 57952375.861
8 3 7524825.221
8 4 42675292.700
8 5 13047867.694
8 6 45798703.254
8 7 462408454.430
8 9 628891966.547
8 10 492908425.720
8 11 176918797.918
8 12 142583036.794
8 13 643837472.991
8 14 644483.738
8 15 512958771.879
8 16 2289432.788
8 17 61734946.541
8 18 41854521.596
8 19 188615734.920
8 20 57059402.653
8 21 170985263.678
8 22 30889501.936
9 0 3685618401.789
9 1 2704518920.843
9 2 349924922.515
9 3 396034027.429
9 4 176761281.046
9 5 384820379.054
9 6 511672743.845
9 7 1877001612.664
9 8 149509194.471
9 10 558746732.890
9 11 1132607906.018
9 12 1404897663.890
9 13 459710177.876
9 14 10901385.595
9 15 3925842603.771
9 16 25867573.801
9 17 790818915.701
9 18 147828305.337
9 19 1324769819.260
9 20 4309342472.675
9 21 1498123801.827
9 22 426087874.347
10 0 3280664661.179
10 1 618799714.204
10 2 266414690.987
10 3 95865009.933
10 4 249499009.291
10 5 533027904.594
10 6 487964545.393
10 7 1256495099.675
10 8 465754323.455
10 9 4107249091.219
10 11 1454689057.141
10 12 3680306976.349
10 13 4561747812.557
10 14 23886405.195
10 15 3184024572.334
10 16 3834380.069
10 17 943075294.373
10 18 99641526.519
10 19 587662250.730
10 20 2051830711.498
10 21 272913569.704
10 22 343741383.783
11 0 938576503.754
11 1 840337633.772
11 2 186422568.807
11 3 132476132.216
11 4 43909480.239
11 5 106474515.602
11 6 132555233.397
11 7 1118844279.398
11 8 209797210.870
11 9 550468307.300
11 10 185530392.089
11 12 747544411.089
11 13 129913333.052
11 14 5723013.234
11 15 1616329529.976
11 16 9632197.313
11 17 366959361.384
11 18 84373067.128
11 19 327569804.939
11 20 854882674.572
11 21 1048651819.873
11 22 36849321.674
12 0 4199861169.031
12 1 905157715.334
12 2 54661762.382
12 3 421923443.975
12 4 221004562.185
12 5 255941397.087
12 6 837155249.457
12 7 3833165949.572
12 8 253975968.671
12 9 4533572888.741
12 10 4502845409.918
12 11 1488543965.586
12 13 643651848.715
12 14 36106103.692
12 15 5454173410.378
12 16 18131919.189
12 17 1241966074.017
12 18 524594446.704
12 19 2372760166.251
12 20 4457241704.635
12 21 2389209456.293
12 22 341336289.885
13 0 1526359294.491
13 1 2014412688.966
13 2 694658680.833
13 3 257692562.222
13 4 678556084.371
13 5 706839588.100
13 6 310516697.691
13 7 4090899673.133
13 8 501911889.309
13 9 1942634403.056
13 10 2681983473.125
13 11 361325220.537
13 12 4396761316.354
13 14 11966268.716
13 15 1189551516.199
13 16 29394579.211
13 17 306242777.036
13 18 156266953.697
13 19 1451667919.610
13 20 2873934597.302
13 21 447902064.093
13 22 413859796.642
14 0 30948054.736
14 1 20120328.886
14 2 3399236.175
14 3 4292986.564
14 4 1790376.184
14 5 4537470.592
14 6 1167515.483
14 7 24629472.422
14 8 2808690.655
14 9 15435229.494
14 10 27626121.187
14 11 13313084.967
14 12 49951819.154
14 13 15422795.494
14 15 39020003.336
14 16 67025.844
14 17 16049254.751
14 18 805323.780
14 19 13700757.356
14 20 24872211.445
14 21 12158233.155
14 22 750106.437
15 0 3732830384.478
15 1 2931039999.782
15 2 80387847.516
15 3 517362628.851
15 4 458660452.802
15 5 307233442.319
15 6 503571773.767
15 7 2492981630.552
15 8 649764309.545
15 9 4454867964.723
15 10 3419455954.773
15 11 893159834.836
15 12 4176366849.314
15 13 3130998613.394
15 14 9413053.237
15 16 9395130.525
15 17 889630372.349
15 18 170642973.365
15 19 1436046732.830
15 20 4161491297.106
15 21 1348462363.304
15 22 567064784.639
16 0 8759399.604
16 1 5495314.597
16 2 4363126.696
16 3 1466092.607
16 4 1052993.399
16 5 4486666.258
16 6 2384811.566
16 7 12035800.581
16 8 2117600.133
16 9 20519536.320
16 10 3430854.369
16 11 12496568.849
16 12 46090507.313
16 13 3146671.941
16 14 232802.169
16 15 4508492.699
16 17 6896693.512
16 18 1657835.612
16 19 14566744.726
16 20 21529400.564
16 21 19037680.909
16 22 1003119.418
17 0 1488423628.314
17 1 998711985.198
17 2 190907206.051
17 3 151148414.078
17 4 234530406.241
17 5 146400500.670
17 6 169565295.067
17 7 1490087759.640
17 8 160185762.345
17 9 1715724941.106
17 10 2059384414.996
17 11 110951518.481
17 12 442518949.856
17 13 1163258971.968
17 14 5752892.558
17 15 1860819764.010
17 16 9794791.568
17 18 116072626.496
17 19 401057986.013
17 20 1111641381.737
17 21 978390679.285
17 22 288620529.942
18 0 175360442.368
18 1 193517489.638
18 2 43515853.893
18 3 32813915.562
18 4 47841811.464
18 5 33255128.098
18 6 39063462.467
18 7 276010089.462
18 8 33935648.444
18 9 274505953.896
18 10 280411645.059
18 11 59668438.459
18 12 123791080.682
18 13 96808308.111
18 14 2600010.344
18 15 376688150.045
18 16 550289.551
18 17 43029169.452
18 19 183639331.198
18 20 227944503.881
18 21 21126543.978
18 22 33659505.685
19 0 1713911047.015
19 1 1102469415.557
19 2 108670033.312
19 3 19826061.099
19 4 51879437.154
19 5 78349595.237
19 6 230726927.012
19 7 1638193336.613
19 8 228525535.449
19 9 1881301076.998
19 10 1558188570.852
19 11 435210379.585
19 12 2352809009.551
19 13 1899870383.178
19 14 5508991.327
19 15 1874991501.209
19 16 13461030.588
19 17 367752007.741
19 18 139188310.810
19 20 909501530.261
19 21 1305904004.880
19 22 40636660.296
20 0 1365906851.374
20 1 3308150924.063
20 2 300993075.238
20 3 184793526.109
20 4 585086236.427
20 5 198499097.770
20 6 276945074.460
20 7 2591251895.253
20 8 506061494.226
20 9 2385866658.327
20 10 3605698337.559
20 11 552684162.470
20 12 5022763126.641
20 13 1317260835.014
20 14 45522835.512
20 15 3644969308.052
20 16 19870861.594
20 17 1425287718.501
20 18 134674418.229
20 19 1277068388.084
20 21 2236830257.053
20 22 532294836.636
21 0 1887545321.928
21 1 168074186.061
21 2 118224328.964
21 3 104615138.578
21 4 79048008.121
21 5 346905058.010
21 6 219978607.417
21 7 2537849825.641
21 8 105432891.424
21 9 2452561172.899
21 10 561386708.067
21 11 411519233.546
21 12 3232874533.664
21 13 2525274470.909
21 14 26762065.290
21 15 2961491944.046
21 16 26973313.699
21 17 707549334.917
21 18 36348774.605
21 19 1014281897.213
21 20 2657541799.469
21 22 399252597.613
22 0 405759001.259
22 1 98765989.439
22 2 26461221.791
22 3 45226146.598
22 4 81757467.105
22 5 75760359.526
22 6 46561037.227
22 7 331556761.044
22 8 66050107.871
22 9 528709316.147
22 10 399907000.472
22 11 126968798.240
22 12 509555153.257
22 13 547309354.876
22 14 1184679.558
22 15 378706503.521
22 16 5171797.201
22 17 192593894.400
22 18 51256165.342
22 19 95774631.264
22 20 393664486.496
22 21 52052444.166
