506
0 1 2484260016.126
0 2 363549850.261
0 3 297982300.831
0 4 522074906.130
0 5 192188181.790
0 6 278963006.573
0 7 2108695411.965
0 8 515528091.468
0 9 3304555577.364
0 10 2890186057.481
0 11 475540405.662
0 12 4733490157.147
0 13 4198965378.952
0 14 13684813.376
0 15 2281271398.814
0 16 15020874.474
0 17 1766779086.131
0 18 275242734.058
0 19 1574498223.594
0 20 4225771531.784
0 21 2311993354.706
0 22 367450110.984
1 0 1949305998.514
1 2 420787374.465
1 3 33411268.682
1 4 116661541.815
1 5 437213470.565
1 6 278496724.083
1 7 955195105.111
1 8 160554838.118
1 9 2785523661.307
1 10 2519875339.832
1 11 1087214004.893
1 12 1902293253.123
1 13 2586485273.972
1 14 20530206.403
1 15 1598240713.865
1 16 11531157.049
1 17 132378276.219
1 18 40923365.967
1 19 290894450.473
1 20 399446165.938
1 21 1252354064.386
1 22 214519853.235
2 0 291053475.936
2 1 379157965.089
2 3 95908843.481
2 4 31240690.805
2 5 8910795.256
2 6 85461331.944
2 7 306170730.270
2 8 74265256.499
2 9 599737506.219
2 10 572086105.872
2 11 203543774.095
2 12 728164052.551
2 13 158683843.728
2 14 5069668.293
2 15 194915483.040
2 16 4707125.774
2 17 33513884.743
2 18 7638801.649
2 19 156241469.255
2 20 700131241.245
2 21 164852276.661
2 22 6823669.296
3 0 90073564.761
3 1 81256313.090
3 2 51788516.931
3 4 93194337.920
3 5 67656685.877
3 6 79094961.079
3 7 107375324.780
3 8 69716461.355
3 9 197832370.920
3 10 356924590.267
3 11 20251609.781
3 12 576861078.089
3 13 304783941.312
3 14 5760210.936
3 15 110209144.911
3 16 2414043.933
3 17 38196549.486
3 18 12977580.534
3 19 163685789.461
3 20 719911698.587
3 21 289423321.077
3 22 48598759.833
4 0 379969105.780
4 1 86550815.724
4 2 40106982.329
4 3 57917133.131
4 5 54493030.915
4 6 35383571.686
4 7 135597500.901
4 8 75974011.204
4 9 219655086.681
4 10 596910822.893
4 11 83068891.724
4 12 638971011.331
4 13 674025717.143
4 14 5050432.170
4 15 611498737.150
4 16 1572942.857
4 17 172789810.743
4 18 58889534.809
4 19 195212155.180
4 20 386132380.881
4 21 280287633.325
4 22 92669253.471
5 0 268475296.066
5 1 90731182.618
5 2 81361961.008
5 3 90548651.614
5 4 95594087.308
5 6 84938034.353
5 7 350758670.311
5 8 93592622.459
5 9 169118108.186
5 10 641926385.298
5 11 30749025.538
5 12 643068320.871
5 13 134250970.464
5 14 3808089.276
5 15 205544030.501
5 16 3543724.278
5 17 54041939.348
5 18 47696710.003
5 19 49549508.802
5 20 664018092.388
5 21 56168053.436
5 22 44499462.371
6 0 290782277.256
6 1 61581150.697
6 2 47087567.236
6 3 85452917.486
6 4 16221226.401
6 5 78191960.636
6 7 280209454.032
6 8 59944163.033
6 9 349734632.260
6 10 651865271.065
6 11 19859668.174
6 12 157695636.362
6 13 569144720.700
6 14 5208319.317
6 15 581250469.319
6 16 713381.010
6 17 161637289.767
6 18 34247400.146
6 19 267698773.610
6 20 356053952.508
6 21 184628486.010
6 22 68020412.903
7 0 1968953658.140
7 1 1242857253.247
7 2 314343564.690
7 3 137626874.459
7 4 482075486.078
7 5 145271411.386
7 6 569192580.813
7 8 296404628.385
7 9 2869005590.540
7 10 3786239108.192
7 11 897195846.997
7 12 503455882.861
7 13 3690811361.369
7 14 17221669.607
7 15 2854384723.484
7 16 7562329.158
7 17 1704289683.442
7 18 224297307.701
7 19 393516024.082
7 20 547166830.434
7 21 959344405.618
7 22 314404248.630
8 0 530955563.814
8 1 48233122.071
8 2 7565391.511
8 3 11014385.943
8 4 88637919.070
8 5 42255082.838
8 6 30715106.719
8 7 463396509.492
8 9 107700178.026
8 10 376185243.714
8 11 136138963.674
8 12 84340704.705
8 13 491916191.500
8 14 2815624.106
8 15 476359209.594
8 16 4242398.306
8 17 262522720.452
8 18 21277833.471
8 19 72690808.937
8 20 387197644.532
8 21 61998420.153
8 22 48564671.238
9 0 3432836758.383
9 1 2130435535.869
9 2 619543932.455
9 3 89190325.601
9 4 435972046.105
9 5 337149803.272
9 6 131777913.911
9 7 3095159241.284
9 8 511554809.493
9 10 3444043910.260
9 11 753664174.292
9 12 4397940867.587
9 13 3475315508.995
9 14 20012690.084
9 15 1633762105.095
9 16 14112565.249
9 17 1510318935.713
9 18 74843459.763
9 19 1613347582.411
9 20 4050647694.025
9 21 1393745654.326
9 22 588055795.872
10 0 1795618397.726
10 1 1084605262.035
10 2 324454296.887
10 3 311138101.478
10 4 385097924.192
10 5 324500335.235
10 6 444332796.548
10 7 3621016845.574
10 8 166975005.809
10 9 2020111805.591
10 11 678683965.458
10 12 4013155759.463
10 13 3767527869.151
10 14 22397740.387
10 15 1799505441.623
10 16 28207206.522
10 17 1518356272.908
10 18 342889053.596
10 19 1277318207.918
10 20 5110896170.923
10 21 1849925918.424
10 22 232481882.439
11 0 324226332.250
11 1 133246897.388
11 2 76087006.644
11 3 102162891.623
11 4 233054210.720
11 5 168459621.703
11 6 180550435.929
11 7 258753305.592
11 8 93204801.911
11 9 1521263440.224
11 10 497400960.246
11 12 1546429806.840
11 13 909635492.000
11 14 12735396.371
11 15 1323092997.603
11 16 14931541.076
11 17 471078202.840
11 18 147298740.412
11 19 117292284.184
11 20 1305701745.016
11 21 75190792.203
11 22 179296281.880
12 0 3125600013.196
12 1 2810015637.345
12 2 136534269.065
12 3 630107157.498
12 4 737577051.890
12 5 741231929.696
12 6 198202543.920
12 7 4891224910.332
12 8 116799160.997
12 9 5303251134.044
12 10 1274537008.095
12 11 310832071.982
12 13 5378074669.148
12 14 9323667.018
12 15 748942163.150
12 16 16878869.039
12 17 1830060711.891
12 18 437068012.716
12 19 2078732006.183
12 20 1984451007.680
12 21 649012133.594
12 22 318490255.667
13 0 4234478945.925
13 1 2790059726.870
13 2 410989131.342
13 3 723872358.852
13 4 606526654.849
13 5 511587711.737
13 6 203951514.168
13 7 4194766333.303
13 8 303124792.058
13 9 4171425111.661
13 10 420263035.577
13 11 1416537410.374
13 12 4832345594.753
13 14 23579032.921
13 15 1871844625.807
13 16 13501143.313
13 17 1460357095.785
13 18 77992377.031
13 19 1450422239.355
13 20 4003662081.048
13 21 594703717.740
13 22 558237757.206
14 0 27223521.459
14 1 14535140.406
14 2 5311811.989
14 3 1193013.738
14 4 5369832.386
14 5 5693136.698
14 6 4366995.633
14 7 30429332.105
14 8 5853171.567
14 9 22373789.699
14 10 29155333.245
14 11 14875235.714
14 12 7562087.104
14 13 26082867.130
14 15 11681742.569
14 16 228937.028
14 17 4249066.309
14 18 2663149.142
14 19 14885034.815
14 20 40044668.090
14 21 4204219.846
14 22 4585158.942
15 0 686157792.805
15 1 2599292529.488
15 2 650085692.243
15 3 532671131.955
15 4 356222381.165
15 5 267027340.819
15 6 376186623.144
15 7 3044370332.860
15 8 471183493.152
15 9 717622052.888
15 10 1266324714.697
15 11 986922001.603
15 12 3683281550.789
15 13 450768458.173
15 14 36690658.118
15 16 30618158.906
15 17 1376857783.897
15 18 131957105.051
15 19 464989567.574
15 20 4451423442.712
15 21 1175876770.477
15 22 91610247.764
16 0 18685236.629
16 1 12055334.846
16 2 2287031.386
16 3 2898593.567
16 4 3614841.830
16 5 1127991.257
16 6 1240325.403
16 7 24601034.721
16 8 5723350.524
16 9 10724561.364
16 10 35700816.186
16 11 8352503.023
16 12 40553552.078
16 13 30814640.293
16 14 369422.640
16 15 34848404.033
16 17 1584227.393
16 18 2534753.868
16 19 6667689.100
16 20 17114856.495
16 21 20322414.608
16 22 2332664.610
17 0 1243844024.253
17 1 348857976.927
17 2 177991292.230
17 3 19815512.088
17 4 163044203.104
17 5 237800169.307
17 6 170209742.649
17 7 1030759794.910
17 8 189895728.142
17 9 1426509579.224
17 10 463146760.555
17 11 730479077.990
17 12 466979995.620
17 13 567845653.792
17 14 16030702.180
17 15 273733425.499
17 16 14857299.143
17 18 29212445.600
17 19 835063044.080
17 20 789117018.205
17 21 651440352.784
17 22 171274005.150
18 0 156094696.584
18 1 88169209.932
18 2 15700057.090
18 3 20187979.956
18 4 9671431.988
18 5 60248327.184
18 6 20138766.881
18 7 275399765.813
18 8 7657620.801
18 9 270663121.362
18 10 393788540.485
18 11 103042702.840
18 12 469617406.690
18 13 248884844.410
18 14 2269224.542
18 15 204035816.084
18 16 2706104.759
18 17 177827230.200
18 19 155893413.297
18 20 291903516.229
18 21 220936780.694
18 22 53824856.176
19 0 615916196.353
19 1 1222424426.870
19 2 292647299.571
19 3 146812879.848
19 4 261221544.407
19 5 249042258.743
19 6 156887878.089
19 7 1192395460.152
19 8 289449481.838
19 9 1020427134.492
19 10 1019162144.310
19 11 565761395.232
19 12 1079767157.844
19 13 1617835116.005
19 14 7722432.304
19 15 639557027.468
19 16 2519287.217
19 17 795683090.670
19 18 58879611.543
19 20 320030635.010
19 21 360738603.386
19 22 108643716.957
20 0 938568444.019
20 1 1664851774.769
20 2 555917478.680
20 3 627540498.020
20 4 544880117.248
20 5 516062167.396
20 6 111861715.002
20 7 4114015514.771
20 8 233229598.153
20 9 4437157534.603
20 10 3611516370.690
20 11 821370504.923
20 12 5420979280.003
20 13 3419402969.898
20 14 44873893.292
20 15 1165569398.212
20 16 10553092.116
20 17 1859006838.985
20 18 418927271.359
20 19 879488276.099
20 21 1697500951.498
20 22 423973751.888
21 0 2008313124.684
21 1 1471862654.867
21 2 207056798.538
21 3 432106668.217
21 4 287771958.507
21 5 116951594.496
21 6 120988272.651
21 7 848229361.767
21 8 361409021.107
21 9 2154957788.856
21 10 1859852497.370
21 11 548916702.390
21 12 626864716.344
21 13 2810877566.556
21 14 4581691.184
21 15 437215797.142
21 16 27051676.515
21 17 568665640.733
21 18 115428154.061
21 19 608180075.899
21 20 2753837125.106
21 22 397204493.016
22 0 451238670.612
22 1 441423616.062
22 2 75633949.542
22 3 30514512.097
22 4 63596770.326
22 5 6249998.142
22 6 69373586.952
22 7 226896685.324
22 8 11005350.293
22 9 567209444.955
22 10 58333222.848
22 11 168324298.320
22 12 537913795.589
22 13 440299125.319
22 14 5084058.972
22 15 623617445.993
22 16 4355295.131
22 17 146967166.136
22 18 46543423.789
22 19 54181977.795
22 20 301516269.690
22 21 118196356.736
