506
0 1 261338559.417
0 2 246813648.550
0 3 349856708.315
0 4 539879176.340
0 5 313643495.394
0 6 567086320.546
0 7 2032255172.226
0 8 415368409.145
0 9 280226462.684
0 10 934481647.249
0 11 990189458.060
0 12 2494688421.818
0 13 3181071573.189
0 14 22814918.911
0 15 3820777416.690
0 16 13554650.739
0 17 691258009.582
0 18 362267227.550
0 19 1689743717.253
0 20 2346344804.264
0 21 2468996887.798
0 22 475154552.604
1 0 380653808.322
1 2 306250044.796
1 3 320118198.313
1 4 250678830.932
1 5 439913745.296
1 6 74870607.172
1 7 340762223.121
1 8 132295612.867
1 9 2661127021.920
1 10 2763258327.271
1 11 946645733.517
1 12 346414377.295
1 13 484859621.383
1 14 16566709.387
1 15 1572281846.001
1 16 6677518.456
1 17 1022781898.105
1 18 126012393.107
1 19 911252697.102
1 20 3290472077.456
1 21 373359603.022
1 22 444867358.719
2 0 480923833.263
2 1 143131269.754
2 3 55031429.486
2 4 93911519.803
2 5 37929377.757
2 6 76894743.821
2 7 318581379.986
2 8 34049724.592
2 9 647829066.879
2 10 653354121.764
2 11 227115217.834
2 12 296336118.175
2 13 163743911.531
2 14 3320955.940
2 15 499518174.056
2 16 5003707.756
2 17 131150324.107
2 18 29828695.079
2 19 95326395.022
2 20 425601722.294
2 21 145741269.779
2 22 39999807.918
3 0 379010024.107
3 1 291301045.640
3 2 71007279.297
3 4 74577752.735
3 5 84187316.163
3 6 14622401.947
3 7 408309048.922
3 8 94925389.091
3 9 460138178.391
3 10 449985644.950
3 11 17866167.649
3 12 296947719.715
3 13 517855708.236
3 14 1536640.909
3 15 99901659.913
3 16 5439642.226
3 17 186473472.861
3 18 29757416.109
3 19 169194201.682
3 20 576311234.659
3 21 195615153.905
3 22 52096129.313
4 0 590075393.854
4 1 242280867.550
4 2 97476097.617
4 3 73830855.089
4 5 7209071.609
4 6 60405986.327
4 7 536127232.716
4 8 24507337.637
4 9 69098116.763
4 10 497288495.689
4 11 113910914.859
4 12 324064071.362
4 13 338256553.414
4 14 2726267.874
4 15 534299205.543
4 16 3504886.574
4 17 213035306.392
4 18 28962393.686
4 19 178765609.491
4 20 537230407.603
4 21 40440151.598
4 22 28015679.053
5 0 524868414.817
5 1 240186812.245
5 2 92944691.752
5 3 10049594.189
5 4 81723659.479
5 6 14183183.014
5 7 550725311.367
5 8 28863780.904
5 9 421013129.626
5 10 334173382.486
5 11 76830393.621
5 12 283254226.786
5 13 170351516.878
5 14 3313060.868
5 15 370479619.257
5 16 3741371.548
5 17 162397914.394
5 18 39382027.709
5 19 126713925.716
5 20 344110387.473
5 21 103865678.841
5 22 13234823.555
6 0 142489048.835
6 1 368014331.461
6 2 78381728.823
6 3 13992818.328
6 4 39262893.088
6 5 95139833.134
6 7 162161630.432
6 8 89625785.015
6 9 642246453.490
6 10 288808477.725
6 11 172815593.500
6 12 776194683.124
6 13 366888363.624
6 14 2098956.758
6 15 459333682.526
6 16 3523351.118
6 17 21750442.824
6 18 10986941.596
6 19 196851581.501
6 20 315411067.855
6 21 72597581.931
6 22 12040458.450
7 0 1766460187.945
7 1 1639425389.164
7 2 435725626.548
7 3 405342553.770
7 4 383830966.405
7 5 187514205.436
7 6 577305262.743
7 8 242810028.126
7 9 555577895.436
7 10 1382011983.566
7 11 835462732.167
7 12 2703458269.135
7 13 4353390356.189
7 14 19812448.909
7 15 1151779723.984
7 16 25641946.540
7 17 1702449299.150
7 18 328825431.542
7 19 1456016134.046
7 20 1213679429.839
7 21 726993517.523
7 22 390611090.130
8 0 210801601.421
8 1 374943129.428
8 2 10964548.274
8 3 76727542.807
8 4 88898739.064
8 5 90244734.554
8 6 49602586.298
8 7 515885408.226
8 9 467001726.611
8 10 683072752.827
8 11 153964118.651
8 12 590757868.905
8 13 577805896.774
8 14 5722040.539
8 15 317903582.584
8 16 5937971.310
8 17 227480117.416
8 18 49229795.772
8 19 43789978.305
8 20 583725441.459
8 21 69303679.846
8 22 32376687.710
9 0 1567768613.418
9 1 355012002.457
9 2 184589305.247
9 3 486252658.640
9 4 443432026.367
9 5 172044947.930
9 6 592583759.619
9 7 1970571742.287
9 8 70617165.756
9 10 758755897.224
9 11 946312524.553
9 12 2942789502.452
9 13 1043975649.384
9 14 3450125.641
9 15 3399786292.434
9 16 15061195.394
9 17 523469401.178
9 18 352833764.570
9 19 1519436172.834
9 20 1906411409.912
9 21 392769256.592
9 22 397626280.215
10 0 4171531098.822
10 1 1901452265.777
10 2 351687308.031
10 3 57825033.854
10 4 341501470.466
10 5 250391679.290
10 6 374828690.022
10 7 1967722940.381
10 8 682552427.915
10 9 1468734933.044
10 11 915395834.728
10 12 2514509428.574
10 13 3715241049.686
10 14 42144375.275
10 15 4756065438.297
10 16 18216225.233
10 17 344376906.333
10 18 57050275.165
10 19 629934779.239
10 20 4444454626.504
10 21 498431364.038
10 22 233064689.859
11 0 505466130.282
11 1 866557126.278
11 2 114104170.178
11 3 215920423.785
11 4 108767120.526
11 5 132913318.298
11 6 202766622.270
11 7 866857117.309
11 8 26866287.568
11 9 1477620348.088
11 10 385100425.003
11 12 356622186.174
11 13 472371944.738
11 14 14602708.869
11 15 901139971.904
11 16 4228318.469
11 17 399593455.920
11 18 151888698.603
11 19 576088167.577
11 20 945543605.835
11 21 857374421.069
11 22 194660550.594
12 0 1327950459.148
12 1 3717138037.392
12 2 375614468.999
12 3 454110828.279
12 4 81887315.978
12 5 103015036.091
12 6 585436227.470
12 7 1618194199.376
12 8 311804635.438
12 9 4083781583.884
12 10 1508452718.993
12 11 497811890.398
12 13 4088611974.789
12 14 3415166.029
12 15 2379835393.317
12 16 6672753.583
12 17 1478756267.918
12 18 63276449.110
12 19 1576596085.628
12 20 5574331314.273
12 21 1643309720.676
12 22 288182415.456
13 0 1778065587.331
13 1 841431381.862
13 2 358230582.318
13 3 599372476.441
13 4 566997012.130
13 5 293961487.588
13 6 458531958.024
13 7 3343139687.035
13 8 193257565.513
13 9 1526362815.545
13 10 3024368607.250
13 11 1118182678.184
13 12 3410444983.332
13 14 20360134.405
13 15 984965331.578
13 16 40138048.224
13 17 852288792.714
13 18 69856024.104
13 19 366264790.065
13 20 1749340949.647
13 21 1908452380.680
13 22 448606822.792
14 0 16447168.289
14 1 10118496.612
14 2 720995.660
14 3 1411010.975
14 4 1805739.765
14 5 3916315.926
14 6 4976044.179
14 7 10844844.880
14 8 2757749.706
14 9 15354187.094
14 10 14400856.257
14 11 2853965.158
14 12 10008812.697
14 13 13110620.439
14 15 5501586.848
14 16 184961.291
14 17 8917440.610
14 18 689423.076
14 19 10365018.321
14 20 16111046.288
14 21 7839095.081
14 22 2326503.385
15 0 739533911.631
15 1 1461096299.046
15 2 477496370.612
15 3 417230683.952
15 4 381970779.675
15 5 160052892.040
15 6 686994121.096
15 7 858762004.952
15 8 448989014.573
15 9 3921965269.755
15 10 314871965.599
15 11 1437649819.813
15 12 2471039568.679
15 13 3282865397.545
15 14 39924587.489
15 16 17986248.701
15 17 342395171.521
15 18 353268725.890
15 19 585030834.383
15 20 3541489953.353
15 21 1759371689.132
15 22 322500497.086
16 0 32385907.479
16 1 21296270.105
16 2 6187943.542
16 3 6054742.204
16 4 3758170.502
16 5 3824002.027
16 6 5299251.118
16 7 27162676.784
16 8 915489.881
16 9 19188422.587
16 10 12652627.694
16 11 15172361.886
16 12 12204026.825
16 13 9152243.433
16 14 371175.320
16 15 31531640.768
16 17 8706104.738
16 18 1892519.748
16 19 5519437.542
16 20 18048362.872
16 21 13875139.615
16 22 1955775.397
17 0 1267412889.838
17 1 584768408.347
17 2 214805293.196
17 3 55342901.589
17 4 246586055.048
17 5 113462445.337
17 6 40429272.819
17 7 256186123.041
17 8 75368965.118
17 9 975067282.841
17 10 1061094737.362
17 11 593760494.291
17 12 203336701.404
17 13 1377544622.606
17 14 16212291.160
17 15 2017454653.982
17 16 16874727.298
17 18 58090490.815
17 19 452384124.861
17 20 1697777201.902
17 21 560167456.735
17 22 190302068.722
18 0 85563098.431
18 1 280881583.791
18 2 33122940.280
18 3 56467951.781
18 4 58866341.632
18 5 49651376.000
18 6 12419228.396
18 7 174981775.797
18 8 28665511.073
18 9 382494850.080
18 10 360375402.037
18 11 23808378.097
18 12 39594768.510
18 13 114148039.866
18 14 814859.156
18 15 233587372.448
18 16 1317600.240
18 17 145927273.144
18 19 171660261.743
18 20 274393969.967
18 21 121315777.705
18 22 12725711.256
19 0 234699033.855
19 1 176506567.571
19 2 153444666.339
19 3 166228955.018
19 4 241841560.215
19 5 52353320.763
19 6 23210159.504
19 7 1652761526.679
19 8 201612151.655
19 9 749608789.721
19 10 1146824617.170
19 11 82119198.508
19 12 1777399554.517
19 13 862347619.100
19 14 7264712.798
19 15 1533043621.169
19 16 11330733.921
19 17 662747372.591
19 18 76423180.763
19 20 915453700.768
19 21 515890203.738
19 22 120097843.916
20 0 1675600715.584
20 1 1906613286.659
20 2 484978452.833
20 3 200904634.849
20 4 154190838.905
20 5 576795792.943
20 6 604330978.767
20 7 1494719255.470
20 8 286189980.172
20 9 3744941292.400
20 10 3167714542.111
20 11 1759209793.861
20 12 1887975143.007
20 13 1823893863.026
20 14 40115042.191
20 15 1074806160.164
20 16 39291252.469
20 17 1148669803.259
20 18 171101798.357
20 19 267734665.578
20 21 3020456517.590
20 22 403254800.588
21 0 603834993.254
21 1 259247023.698
21 2 394569183.246
21 3 227020226.734
21 4 107681489.998
21 5 191480122.031
21 6 202507891.065
21 7 2366576347.182
21 8 306242278.831
21 9 417221848.385
21 10 1687406971.990
21 11 752045342.609
21 12 1658648337.275
21 13 1786717500.148
21 14 17904980.906
21 15 1121358740.670
21 16 16458371.979
21 17 992544698.238
21 18 43516518.620
21 19 770620183.959
21 20 2855581649.409
21 22 390210641.688
22 0 544986701.125
22 1 311491425.437
22 2 51778939.814
22 3 69538181.629
22 4 60696587.188
22 5 44225975.739
22 6 34541759.542
22 7 509105138.785
22 8 63208540.207
22 9 434386436.713
22 10 406291084.731
22 11 173012268.859
22 12 434119873.896
22 13 545621736.924
22 14 4114597.869
22 15 382593809.660
22 16 1976778.809
22 17 294579078.934
22 18 51398236.385
22 19 25255648.917
22 20 470389983.909
22 21 412695964.748
