506
0 1 764717318.208
0 2 415448598.680
0 3 244462130.249
0 4 119278372.657
0 5 380552352.680
0 6 243441909.962
0 7 2669709856.430
0 8 159977781.402
0 9 1431433780.051
0 10 2772399792.889
0 11 372013544.194
0 12 1594902268.329
0 13 2704861623.693
0 14 22530062.778
0 15 3551781323.643
0 16 29770420.699
0 17 1678708604.097
0 18 318523830.795
0 19 785441766.009
0 20 1514574508.574
0 21 2377137294.264
0 22 179853743.732
1 0 2535727532.336
1 2 250453048.633
1 3 334749917.712
1 4 318477039.961
1 5 323887199.395
1 6 221230707.371
1 7 1352022670.525
1 8 430567656.533
1 9 507800085.340
1 10 835778039.306
1 11 72038340.397
1 12 3124728772.423
1 13 2498662632.618
1 14 20149071.838
1 15 1407040828.715
1 16 14191657.298
1 17 113775243.292
1 18 62291701.768
1 19 520923917.494
1 20 2013002022.447
1 21 536377501.438
1 22 444131631.416
2 0 349460028.567
2 1 209516730.025
2 3 96279496.924
2 4 28456734.618
2 5 17640134.924
2 6 53546790.090
2 7 514186529.991
2 8 42180662.235
2 9 413013504.271
2 10 477239405.111
2 11 156276018.183
2 12 134083839.728
2 13 671306358.341
2 14 3435449.429
2 15 227434198.374
2 16 1351571.258
2 17 147810084.609
2 18 27150122.712
2 19 270371664.424
2 20 147562695.568
2 21 443658540.445
2 22 101477638.812
3 0 140209799.573
3 1 90094160.899
3 2 26318263.732
3 4 11989079.288
3 5 78302197.155
3 6 9844771.734
3 7 249022625.901
3 8 40903234.482
3 9 453361250.165
3 10 551570582.168
3 11 221304261.557
3 12 467539468.457
3 13 91919717.721
3 14 3557374.829
3 15 570963775.925
3 16 6138059.740
3 17 135684155.359
3 18 62080574.042
3 19 278581980.077
3 20 416478182.805
3 21 118006067.881
3 22 34385489.764
4 0 225534307.059
4 1 185557507.892
4 2 46466789.586
4 3 87981195.626
4 5 6793971.927
4 6 27657743.845
4 7 93426019.545
4 8 74837059.104
4 9 81711332.896
4 10 407679702.645
4 11 189107268.491
4 12 584304138.003
4 13 681220203.129
4 14 3079574.653
4 15 176461896.989
4 16 2212616.225
4 17 159259416.218
4 18 54145454.620
4 19 226894267.700
4 20 391979382.334
4 21 406293120.158
4 22 7358312.487
5 0 322623284.542
5 1 135741759.914
5 2 52693269.315
5 3 22342514.672
5 4 24916474.461
5 6 75934417.860
5 7 118158247.973
5 8 93389173.034
5 9 137910506.289
5 10 354261691.383
5 11 49546287.901
5 12 376970101.996
5 13 353039254.057
5 14 561914.323
5 15 571626327.080
5 16 1009194.481
5 17 137799204.510
5 18 60023109.706
5 19 294174499.474
5 20 51565167.877
5 21 74493716.449
5 22 11647863.178
6 0 87671650.557
6 1 128838282.403
6 2 56032920.084
6 3 67326605.030
6 4 78860384.040
6 5 6412904.246
6 7 556847129.777
6 8 51014189.974
6 9 639463888.374
6 10 405890347.697
6 11 148574797.766
6 12 836305016.612
6 13 408142439.036
6 14 4413966.247
6 15 681164328.551
6 16 5050215.706
6 17 274786155.489
6 18 14057933.525
6 19 154820307.645
6 20 205646600.049
6 21 239736769.075
6 22 9900140.300
7 0 3508646190.882
7 1 2088670630.636
7 2 304328342.712
7 3 141569293.725
7 4 146181065.349
7 5 285125996.060
7 6 220107594.993
7 8 460748648.253
7 9 1141447070.878
7 10 2874301898.209
7 11 1227332585.966
7 12 3882946129.906
7 13 2030782169.504
7 14 14089573.058
7 15 3980768075.105
7 16 33700906.064
7 17 580423352.173
7 18 112906824.271
7 19 857782651.566
7 20 3001873268.043
7 21 1040653809.438
7 22 580257975.965
8 0 510066012.272
8 1 208147648.659
8 2 92197931.549
8 3 95830004.642
8 4 18621358.752
8 5 26646287.120
8 6 87040370.842
8 7 551203216.732
8 9 520325269.637
8 10 282453458.933
8 11 42131706.735
8 12 522121381.035
8 13 506513793.846
8 14 3440284.113
8 15 470177068.833
8 16 5542151.048
8 17 168835619.272
8 18 16691271.267
8 19 71099038.365
8 20 74844867.982
8 21 202831244.293
8 22 23585055.707
9 0 1499742272.857
9 1 1941538686.717
9 2 96806426.761
9 3 599650665.752
9 4 460368207.381
9 5 414320608.075
9 6 347355539.754
9 7 2495586946.323
9 8 105822680.181
9 10 4027852990.615
9 11 828748224.871
9 12 2703659833.514
9 13 4225697209.359
9 14 26032778.077
9 15 935243916.635
9 16 20696870.031
9 17 248610272.747
9 18 326263693.613
9 19 1062885018.518
9 20 3955448108.665
9 21 1018454383.109
9 22 253961879.583
10 0 3068252831.337
10 1 1528642959.686
10 2 372036111.469
10 3 428131737.194
10 4 212913617.980
10 5 408245087.594
10 6 636736933.680
10 7 2966036936.502
10 8 221798679.912
10 9 2459701455.096
10 11 685929079.068
10 12 433580732.503
10 13 520982185.734
10 14 32118534.698
10 15 2890952175.974
10 16 36820575.918
10 17 1933275978.591
10 18 223957167.084
10 19 295034551.889
10 20 3741145637.708
10 21 2475534816.193
10 22 395739853.692
11 0 1046960202.604
11 1 471864501.640
11 2 251318196.616
11 3 64084485.850
11 4 88058869.632
11 5 149436916.643
11 6 231130051.428
11 7 1002836288.033
11 8 213408583.063
11 9 839869288.943
11 10 1569185629.805
11 12 294802212.475
11 13 898280364.965
11 14 5011124.636
11 15 1682401171.960
11 16 14751207.997
11 17 105799094.357
11 18 127871588.580
11 19 628869507.602
11 20 1417142950.573
11 21 714096573.957
11 22 30387554.304
12 0 2567036066.012
12 1 2584123963.419
12 2 706847034.610
12 3 392125370.945
12 4 521713169.715
12 5 354727089.510
12 6 653634445.903
12 7 3041372279.086
12 8 814204473.712
12 9 733163705.536
12 10 879842627.863
12 11 1727593024.930
12 13 3264578290.552
12 14 16251576.377
12 15 2192769960.414
12 16 20855725.481
12 17 1469413950.425
12 18 368321765.473
12 19 1031645968.723
12 20 5059906122.325
12 21 1260288211.820
12 22 734682653.629
13 0 3126034951.283
13 1 2955899013.923
13 2 109311905.946
13 3 589984381.964
13 4 493009713.468
13 5 496527983.827
13 6 245671989.187
13 7 674499030.092
13 8 71716689.980
13 9 896704466.987
13 10 2623141324.258
13 11 1080803061.842
13 12 446057248.531
13 14 12941730.677
13 15 2684843807.432
13 16 33065148.788
13 17 1306335706.639
13 18 458002745.407
13 19 864933069.849
13 20 628300118.379
13 21 1830645496.734
13 22 670725972.168
14 0 16775903.195
14 1 23479494.670
14 2 4957412.844
14 3 2699697.686
14 4 570885.725
14 5 517143.285
14 6 1094931.470
14 7 12183446.778
14 8 5666457.350
14 9 15257602.667
14 10 38074325.523
14 11 1042859.550
14 12 40315116.761
14 13 42710242.761
14 15 41053789.326
14 16 255487.854
14 17 7697435.204
14 18 1989348.186
14 19 2417288.792
14 20 10629215.764
14 21 7536365.769
14 22 2836683.979
15 0 2343786976.554
15 1 888268801.509
15 2 126705152.843
15 3 178237087.055
15 4 390708161.480
15 5 338364330.072
15 6 251707053.313
15 7 3915548917.745
15 8 277739230.553
15 9 1024309378.971
15 10 3996464976.788
15 11 1153684403.311
15 12 3196494543.873
15 13 1295117563.691
15 14 27433775.525
15 16 4203052.605
15 17 617197715.696
15 18 150619746.113
15 19 1705203192.497
15 20 2136214177.509
15 21 1666640240.733
15 22 534055592.455
16 0 24846407.869
16 1 9452057.724
16 2 2636180.439
16 3 3747286.997
16 4 2484869.493
16 5 505153.927
16 6 2488249.170
16 7 31986372.392
16 8 5562464.835
16 9 8203115.782
16 10 16680832.206
16 11 3463589.543
16 12 15294581.283
16 13 34177834.564
16 14 120697.651
16 15 41052632.247
16 17 14976530.829
16 18 2551272.356
16 19 7946313.183
16 20 41174547.583
16 21 27306425.101
16 22 1491977.231
17 0 229599117.423
17 1 959683054.216
17 2 109866208.129
17 3 157873210.301
17 4 79930347.028
17 5 117110949.945
17 6 24255718.424
17 7 819418523.206
17 8 283923557.097
17 9 579853471.657
17 10 1319754630.233
17 11 336628185.790
17 12 2127572316.915
17 13 2132859351.630
17 14 5824963.930
17 15 298003175.400
17 16 6934087.556
17 18 19963583.433
17 19 630129314.450
17 20 941698872.973
17 21 560404475.366
17 22 189453824.149
18 0 158604555.891
18 1 159129129.015
18 2 40401769.881
18 3 15057749.481
18 4 18326516.688
18 5 56680116.115
18 6 22627700.182
18 7 54775863.130
18 8 55290677.526
18 9 173842743.423
18 10 308309702.085
18 11 61748938.735
18 12 530569567.812
18 13 56932003.819
18 14 1732450.088
18 15 373867706.453
18 16 3805036.279
18 17 143168813.301
18 19 95132474.142
18 20 51287488.724
18 21 245128551.031
18 22 23852985.275
19 0 803505752.924
19 1 673813097.380
19 2 35145977.283
19 3 253611643.171
19 4 188627734.572
19 5 57062468.129
19 6 293249017.016
19 7 999725506.354
19 8 138141945.018
19 9 344191234.249
19 10 1343508252.259
19 11 111954777.721
19 12 1138524524.470
19 13 1139266353.491
19 14 8298859.350
19 15 1304830697.573
19 16 6165310.103
19 17 198217045.010
19 18 103379195.370
19 20 1808860753.429
19 21 133523529.702
19 22 223035177.089
20 0 2129823492.091
20 1 1812874206.858
20 2 660516520.312
20 3 200941231.602
20 4 652751950.620
20 5 83704773.559
20 6 254586974.708
20 7 2371414568.675
20 8 584026819.880
20 9 597664705.798
20 10 3332051894.831
20 11 922768204.588
20 12 1141649817.709
20 13 2240049271.886
20 14 42068876.909
20 15 1340590812.116
20 16 7091936.730
20 17 180081790.050
20 18 71736351.389
20 19 1150934500.955
20 21 623625840.308
20 22 223594260.603
21 0 2471265390.445
21 1 1264313510.059
21 2 72076206.085
21 3 268328612.704
21 4 220624326.059
21 5 205609474.523
21 6 269788506.592
21 7 723215046.231
21 8 180803437.692
21 9 2779393762.097
21 10 2639891012.285
21 11 537707345.592
21 12 3121163041.608
21 13 1462541582.494
21 14 13431968.094
21 15 1857141021.950
21 16 19545409.401
21 17 235390816.528
21 18 87288065.991
21 19 1032851278.738
21 20 2494235732.903
21 22 383870488.985
22 0 556137130.047
22 1 271954012.804
22 2 91990113.058
22 3 85333142.189
22 4 61247842.398
22 5 48785799.490
22 6 90006166.017
22 7 77339583.433
22 8 80012280.485
22 9 267507786.953
22 10 700354399.263
22 11 62080657.909
22 12 556928103.280
22 13 639025817.558
22 14 1555193.435
22 15 433210195.264
22 16 3782504.986
22 17 176238447.667
22 18 49736697.933
22 19 232374362.168
22 20 438753716.375
22 21 177258212.999
