506
0 1 1840618393.545
0 2 303952436.940
0 3 356644951.605
0 4 287736868.371
0 5 148787409.319
0 6 415624244.360
0 7 2487218526.461
0 8 551758600.120
0 9 2650187181.291
0 10 2630551850.457
0 11 1176907138.290
0 12 1409397592.758
0 13 1370159934.411
0 14 4414550.637
0 15 1833344548.763
0 16 28663851.474
0 17 274909116.364
0 18 186275523.066
0 19 559823502.133
0 20 837699698.183
0 21 1219103461.336
0 22 359460823.412
1 0 2170245251.619
1 2 30381309.563
1 3 30921790.276
1 4 303424614.069
1 5 159721589.895
1 6 369912441.739
1 7 465352770.214
1 8 82927296.733
1 9 698619696.499
1 10 2658487086.072
1 11 1100612676.041
1 12 2973615692.794
1 13 2166612269.178
1 14 22414750.520
1 15 2961781834.740
1 16 2534148.469
1 17 758045311.632
1 18 191592067.782
1 19 884463075.954
1 20 2871909020.578
1 21 830005742.185
1 22 285208213.061
2 0 124568872.693
2 1 372004468.738
2 3 27276604.220
2 4 20707778.980
2 5 90800190.506
2 6 9434154.592
2 7 604971783.132
2 8 95457622.897
2 9 90947519.918
2 10 596613379.231
2 11 244112646.807
2 12 293808537.285
2 13 691912004.040
2 14 2211583.754
2 15 609653761.626
2 16 6026321.484
2 17 281707246.274
2 18 23325203.911
2 19 74066232.052
2 20 115981430.839
2 21 396932431.755
2 22 56761770.325
3 0 134960389.316
3 1 187553643.388
3 2 22566401.114
3 4 96700248.286
3 5 88794538.412
3 6 23319186.851
3 7 145967018.518
3 8 89784712.897
3 9 324063943.446
3 10 132027100.284
3 11 237014204.403
3 12 808293750.041
3 13 54775261.857
3 14 3983568.848
3 15 50993242.100
3 16 2876609.505
3 17 78087726.346
3 18 49850223.387
3 19 161046859.040
3 20 224270596.652
3 21 137860408.103
3 22 44206911.923
4 0 91921735.730
4 1 323084996.871
4 2 46265571.254
4 3 78393600.441
4 5 30615581.128
4 6 37815984.393
4 7 536734544.215
4 8 97295835.582
4 9 302456474.875
4 10 187432399.205
4 11 114351115.547
4 12 784494004.430
4 13 488957002.620
4 14 1621591.970
4 15 427799593.497
4 16 2268066.031
4 17 214800396.998
4 18 52122391.744
4 19 252881109.413
4 20 388704948.400
4 21 413262585.857
4 22 29146932.489
5 0 395132486.776
5 1 281446386.755
5 2 85983215.715
5 3 44610149.708
5 4 77240183.828
5 6 92378256.043
5 7 474211165.129
5 8 52576816.505
5 9 264926133.616
5 10 53961419.653
5 11 149477791.643
5 12 265160674.576
5 13 53037155.431
5 14 4733992.454
5 15 162921577.375
5 16 4665557.355
5 17 156676688.298
5 18 25390070.295
5 19 258820428.423
5 20 627117404.661
5 21 93189971.101
5 22 49402887.100
6 0 463962256.870
6 1 68901469.964
6 2 71080177.556
6 3 36864479.404
6 4 20613062.634
6 5 85656576.674
6 7 500911485.463
6 8 27426982.562
6 9 559309692.026
6 10 356437207.842
6 11 70182943.452
6 12 635272482.141
6 13 730623271.749
6 14 4619301.819
6 15 312602154.102
6 16 639911.526
6 17 173061040.810
6 18 19217647.289
6 19 127079610.234
6 20 94564519.747
6 21 109199170.131
6 22 61419544.739
7 0 2648361097.624
7 1 2112805807.477
7 2 124806548.128
7 3 419082105.769
7 4 498849762.592
7 5 242642758.159
7 6 219210499.381
7 8 431017981.373
7 9 1725553056.507
7 10 272210938.158
7 11 770927937.876
7 12 2566129119.474
7 13 3439789318.366
7 14 21826579.680
7 15 935657065.111
7 16 32169383.380
7 17 749955596.166
7 18 42129667.491
7 19 783384336.956
7 20 1005230491.065
7 21 2067147163.874
7 22 151031138.105
8 0 180182504.579
8 1 47537677.785
8 2 99300388.770
8 3 49869808.333
8 4 22144989.602
8 5 91578957.600
8 6 9858488.777
8 7 107629502.561
8 9 258890510.057
8 10 593898486.543
8 11 112343575.319
8 12 351107561.245
8 13 135373740.651
8 14 3704119.798
8 15 665252795.609
8 16 4232858.502
8 17 113486920.951
8 18 48926458.747
8 19 110744052.591
8 20 319587494.987
8 21 394694387.673
8 22 81340934.728
9 0 645076127.631
9 1 911719274.752
9 2 506800105.677
9 3 231216384.891
9 4 271133610.191
9 5 234685377.648
9 6 284412562.894
9 7 1518849703.091
9 8 568837148.138
9 10 3479145571.866
9 11 290752998.284
9 12 2958065754.775
9 13 847848063.356
9 14 14365786.841
9 15 2978931128.238
9 16 32635355.631
9 17 999065569.496
9 18 277663623.270
9 19 1102691875.041
9 20 511339883.026
9 21 2181333538.055
9 22 291794478.128
10 0 2059036015.645
10 1 984415520.910
10 2 102142932.722
10 3 159764176.792
10 4 621342583.878
10 5 288235378.582
10 6 415775841.603
10 7 917162728.032
10 8 673861551.084
10 9 1093269411.553
10 11 1237513183.079
10 12 5051278880.597
10 13 2585680320.500
10 14 11406076.993
10 15 2613994645.692
10 16 30686223.575
10 17 381315721.392
10 18 209562739.337
10 19 1836589145.393
10 20 3541354884.726
10 21 1464934889.562
10 22 50814262.772
11 0 170135024.010
11 1 812284077.207
11 2 141874063.305
11 3 111919158.532
11 4 71109389.358
11 5 184662237.135
11 6 120140415.348
11 7 624362315.699
11 8 182055957.011
11 9 1032410392.062
11 10 1060982842.538
11 12 920760327.521
11 13 1290582452.232
11 14 2934099.352
11 15 795459961.320
11 16 4975574.444
11 17 678215109.591
11 18 113393539.708
11 19 521076950.825
11 20 1226410174.049
11 21 387098158.392
11 22 119036929.840
12 0 2773313209.718
12 1 1318257144.643
12 2 445278381.886
12 3 125469854.765
12 4 152680084.605
12 5 829262034.081
12 6 324218432.837
12 7 2705918193.465
12 8 377198437.353
12 9 1173688950.434
12 10 3937516616.067
12 11 1304904662.151
12 13 4195940612.372
12 14 24396465.629
12 15 3517154855.281
12 16 36867870.892
12 17 1792457681.811
12 18 82927928.651
12 19 428658382.723
12 20 4921200783.262
12 21 3066364316.322
12 22 791891565.443
13 0 3035115072.803
13 1 635114463.569
13 2 129925023.819
13 3 486314422.916
13 4 444926549.193
13 5 98390616.624
13 6 286606744.249
13 7 3400743108.438
13 8 417384560.941
13 9 4605114778.661
13 10 2791013720.974
13 11 545808540.189
13 12 4064267932.178
13 14 4968475.535
13 15 2071039500.100
13 16 23784932.322
13 17 634261936.089
13 18 68437991.002
13 19 1071932295.610
13 20 2219949061.675
13 21 2701816994.476
13 22 237676224.118
14 0 3250802.078
14 1 4876692.960
14 2 3697844.989
14 3 5483193.436
14 4 4642541.255
14 5 2900585.652
14 6 1843219.664
14 7 17353884.090
14 8 5992271.773
14 9 4632558.504
14 10 8967421.507
14 11 7251786.577
14 12 49947801.807
14 13 4241925.649
14 15 14204444.180
14 16 317894.869
14 17 15014815.254
14 18 1914769.449
14 19 6793470.068
14 20 7850359.863
14 21 20118028.860
14 22 4315320.633
15 0 900718163.841
15 1 1604017296.886
15 2 137924123.268
15 3 638284900.490
15 4 416306837.931
15 5 213506126.301
15 6 518229904.575
15 7 954221616.188
15 8 471274431.009
15 9 4085113612.722
15 10 1631124770.618
15 11 1333368320.321
15 12 4248888852.065
15 13 2679062480.463
15 14 18133508.057
15 16 9221223.440
15 17 1551412328.304
15 18 146144684.173
15 19 1955266597.452
15 20 3290399989.385
15 21 2659286989.941
15 22 224928558.331
16 0 25588259.568
16 1 27449523.473
16 2 1157107.128
16 3 4570754.926
16 4 5546233.626
16 5 4927785.834
16 6 4376531.108
16 7 6470478.534
16 8 3794466.383
16 9 19750034.960
16 10 14441690.661
16 11 6688091.263
16 12 25799467.251
16 13 38549280.828
16 14 73583.688
16 15 27664416.744
16 17 16817903.542
16 18 312337.081
16 19 10936191.498
16 20 22869808.553
16 21 3915073.079
16 22 4680938.883
17 0 1739084572.680
17 1 741123279.093
17 2 296601787.810
17 3 149106934.363
17 4 255255143.103
17 5 199289854.943
17 6 206176093.200
17 7 160314209.722
17 8 139952308.208
17 9 842630964.338
17 10 1618445581.024
17 11 317708764.638
17 12 936448935.243
17 13 1808749518.943
17 14 5210357.753
17 15 1909488531.469
17 16 18242819.151
17 18 111151487.243
17 19 543415341.088
17 20 1460669792.765
17 21 936504707.411
17 22 24378379.136
18 0 198430534.000
18 1 239814468.080
18 2 29307869.129
18 3 6799408.591
18 4 45689331.813
18 5 24860293.679
18 6 23079838.367
18 7 32868688.488
18 8 12970695.242
18 9 175070475.903
18 10 76655290.552
18 11 105350340.706
18 12 473113334.340
18 13 424102524.074
18 14 2561472.905
18 15 399417510.708
18 16 760457.001
18 17 59784126.133
18 19 102786538.773
18 20 87853408.045
18 21 239438173.859
18 22 43872109.720
19 0 1419914470.240
19 1 690388122.476
19 2 256098408.521
19 3 103948888.852
19 4 260256419.001
19 5 161451083.930
19 6 232545607.129
19 7 1252500863.232
19 8 141782018.017
19 9 1453212778.557
19 10 1492371095.082
19 11 131048674.862
19 12 437093941.118
19 13 702195305.329
19 14 10499819.203
19 15 1396732781.331
19 16 2811674.278
19 17 684981514.373
19 18 75040608.043
19 20 496064691.357
19 21 821679080.162
19 22 229462198.242
20 0 558749080.734
20 1 2083825323.612
20 2 753770930.971
20 3 266228175.375
20 4 385232260.116
20 5 235359243.508
20 6 375310634.883
20 7 3023520121.102
20 8 161431486.385
20 9 744191163.648
20 10 4963534314.160
20 11 1352509719.558
20 12 2867560699.049
20 13 4262250531.276
20 14 25375909.465
20 15 2735369068.962
20 16 21975164.171
20 17 1246369341.230
20 18 273151417.467
20 19 1213747310.956
20 21 984830254.598
20 22 435555370.908
21 0 481201613.504
21 1 1124173506.539
21 2 62613503.553
21 3 414766735.752
21 4 32102746.866
21 5 293602935.510
21 6 340752723.431
21 7 1487905526.196
21 8 347416636.329
21 9 1361538101.295
21 10 856156783.094
21 11 268229688.895
21 12 1078288661.015
21 13 1279048378.100
21 14 2998121.127
21 15 1149033368.577
21 16 27374078.268
21 17 932975019.793
21 18 241673194.162
21 19 92413829.893
21 20 1521551169.299
21 22 308619995.369
22 0 537172599.571
22 1 412459498.791
22 2 33238264.279
22 3 34852814.873
22 4 19250558.298
22 5 65498228.786
22 6 79962305.782
22 7 406218603.119
22 8 82771414.389
22 9 463035730.077
22 10 146245998.862
22 11 40351119.543
22 12 465659072.845
22 13 502146145.034
22 14 4529662.914
22 15 55914123.380
22 16 4768167.893
22 17 28333957.294
22 18 49575442.630
22 19 274518456.081
22 20 550819194.839
22 21 405533128.326
