506
0 1 2212244126.171
0 2 391973662.078
0 3 184316646.603
0 4 522966629.016
0 5 248858104.058
0 6 273279259.387
0 7 2493637460.677
0 8 474725995.728
0 9 3377323093.089
0 10 894713140.230
0 11 512648225.618
0 12 4477268932.861
0 13 4258412987.315
0 14 35737593.415
0 15 2465030996.730
0 16 25716262.683
0 17 1473626615.635
0 18 320064643.695
0 19 1212442281.910
0 20 1770061882.208
0 21 2494128724.879
0 22 275049091.258
1 0 1305395735.549
1 2 148560999.596
1 3 97498644.883
1 4 150767497.951
1 5 404552099.780
1 6 347058438.532
1 7 949208783.712
1 8 283988763.586
1 9 2520034347.421
1 10 1650837152.493
1 11 362882801.664
1 12 2911260146.512
1 13 2911919041.752
1 14 22926594.701
1 15 1819005699.827
1 16 24126750.812
1 17 1316592200.202
1 18 67341687.103
1 19 311731116.853
1 20 2560239597.837
1 21 1031475613.398
1 22 374301738.320
2 0 516407359.766
2 1 68379940.620
2 3 82554274.064
2 4 84187248.021
2 5 32567358.169
2 6 7180090.063
2 7 562424204.794
2 8 36703919.989
2 9 162078590.067
2 10 366671908.272
2 11 18309423.760
2 12 722745474.894
2 13 619671854.646
2 14 4353104.292
2 15 410026193.268
2 16 5769052.987
2 17 44844835.003
2 18 63896244.220
2 19 152426907.048
2 20 697442161.343
2 21 296003488.477
2 22 95375035.643
3 0 390132309.454
3 1 156233593.363
3 2 52489739.711
3 4 36766389.204
3 5 56150908.231
3 6 14039273.839
3 7 371728787.645
3 8 87266736.041
3 9 354582783.547
3 10 133777476.979
3 11 156961771.576
3 12 479561777.711
3 13 62476300.454
3 14 3728991.878
3 15 517075782.926
3 16 3231613.405
3 17 114548882.822
3 18 45922690.470
3 19 47246888.614
3 20 212135791.863
3 21 181930110.062
3 22 50967992.702
4 0 255257511.156
4 1 434921514.543
4 2 82033900.854
4 3 58307048.980
4 5 25225196.016
4 6 41597174.598
4 7 65850062.496
4 8 61425872.700
4 9 67634697.222
4 10 110309758.790
4 11 204947273.675
4 12 220815279.308
4 13 250972146.575
4 14 2150216.861
4 15 635823469.965
4 16 3304303.430
4 17 192089752.210
4 18 55255241.260
4 19 110911830.868
4 20 139699731.709
4 21 409406082.339
4 22 85638145.154
5 0 283427821.977
5 1 29426094.177
5 2 31073517.978
5 3 21015081.817
5 4 93873289.660
5 6 45872200.980
5 7 520087616.648
5 8 15011986.816
5 9 60317435.965
5 10 273543885.041
5 11 227102915.041
5 12 748713952.925
5 13 410104603.377
5 14 5379588.694
5 15 565379568.379
5 16 2163734.422
5 17 241006076.030
5 18 55815766.758
5 19 279108193.177
5 20 237138783.292
5 21 382026982.214
5 22 52844777.222
6 0 387361918.096
6 1 278945806.208
6 2 22858793.258
6 3 26629157.230
6 4 10444694.816
6 5 45970463.932
6 7 541616414.641
6 8 96480231.879
6 9 366340116.292
6 10 431535833.175
6 11 102735926.579
6 12 546148344.273
6 13 465811434.903
6 14 1203456.184
6 15 52862430.480
6 16 1175935.863
6 17 163588585.385
6 18 42256774.444
6 19 275597662.696
6 20 735568901.807
6 21 344696651.376
6 22 9973316.178
7 0 3259019784.010
7 1 614011265.116
7 2 146201045.798
7 3 38308946.930
7 4 97201158.851
7 5 570160433.200
7 6 45801202.355
7 8 147476466.224
7 9 2761575189.995
7 10 548499322.667
7 11 835990724.445
7 12 3331732693.783
7 13 3297785440.594
7 14 32454345.988
7 15 1619532901.390
7 16 12669085.422
7 17 841410114.462
7 18 211902925.660
7 19 143149952.651
7 20 3721423611.064
7 21 1628788049.103
7 22 322674796.972
8 0 188592917.291
8 1 289672829.983
8 2 90322611.427
8 3 16896802.178
8 4 70862660.470
8 5 33051890.306
8 6 75932194.815
8 7 153558080.468
8 9 248583866.797
8 10 537375192.946
8 11 220252734.363
8 12 224766724.324
8 13 246828781.039
8 14 1570303.590
8 15 271037873.974
8 16 1162400.497
8 17 18488310.078
8 18 43548812.958
8 19 95159470.801
8 20 149378618.779
8 21 384782836.105
8 22 84434311.952
9 0 3779267549.517
9 1 2375569677.557
9 2 554204257.699
9 3 425665361.299
9 4 228317656.444
9 5 513716260.026
9 6 313541981.002
9 7 1220538040.702
9 8 632731301.401
9 10 3637135125.987
9 11 227476434.133
9 12 445222756.314
9 13 2641647079.015
9 14 5994420.826
9 15 4242375208.412
9 16 32008763.417
9 17 614836443.801
9 18 273203218.203
9 19 1094096692.181
9 20 1616909078.805
9 21 1574413179.207
9 22 42781100.361
10 0 1129475470.395
10 1 2862968077.109
10 2 497734359.080
10 3 79282679.895
10 4 632358529.591
10 5 198401849.153
10 6 379844374.477
10 7 667197375.650
10 8 514913195.875
10 9 3629884797.793
10 11 554479320.817
10 12 2605764611.184
10 13 2002464642.272
10 14 43169460.800
10 15 2480374283.674
10 16 18605886.092
10 17 1499547253.847
10 18 207195665.906
10 19 1244662507.688
10 20 1340740430.752
10 21 1510359866.173
10 22 43947229.684
11 0 118522385.052
11 1 673367911.251
11 2 125663761.643
11 3 124425440.330
11 4 159690539.075
11 5 133059843.653
11 6 102129339.138
11 7 502672819.157
11 8 196441855.121
11 9 120234116.302
11 10 398599075.932
11 12 546800917.994
11 13 1521301403.647
11 14 10115733.967
11 15 894623181.116
11 16 14010580.537
11 17 391494136.869
11 18 71350475.869
11 19 200875325.091
11 20 841931431.080
11 21 965554290.453
11 22 183749946.709
12 0 3051670236.611
12 1 554716553.274
12 2 373148378.063
12 3 133666435.263
12 4 326499870.424
12 5 686402313.249
12 6 782904837.081
12 7 422308235.102
12 8 611659349.141
12 9 4442078251.879
12 10 2702518482.923
12 11 245748463.088
12 13 2284615665.017
12 14 10643784.510
12 15 4041212827.897
12 16 12501685.890
12 17 488879488.843
12 18 244953502.407
12 19 1097887982.722
12 20 5234807160.246
12 21 1021953590.704
12 22 669600399.780
13 0 2646845395.970
13 1 1712766848.869
13 2 73594074.889
13 3 673145737.485
13 4 701360396.081
13 5 177649056.401
13 6 112959906.685
13 7 3889707271.370
13 8 206548871.574
13 9 2863115059.101
13 10 509306515.869
13 11 1486290765.812
13 12 5462618776.267
13 14 31164089.874
13 15 738069336.437
13 16 41887735.822
13 17 1666756629.135
13 18 423472023.402
13 19 862076998.011
13 20 3008673162.470
13 21 1835960895.271
13 22 332632673.750
14 0 15974876.459
14 1 20442415.229
14 2 4396840.114
14 3 1202345.070
14 4 1708206.760
14 5 3093639.643
14 6 968897.061
14 7 17881443.820
14 8 3415215.842
14 9 6558173.722
14 10 19498326.917
14 11 7007377.865
14 12 49407713.110
14 13 39312605.654
14 15 25129871.461
14 16 36436.098
14 17 4292968.451
14 18 2694808.219
14 19 18288045.325
14 20 28377296.691
14 21 11006869.867
14 22 4081948.405
15 0 748191629.313
15 1 1596532165.071
15 2 212232300.986
15 3 469861549.699
15 4 648793764.769
15 5 165126576.543
15 6 482189858.282
15 7 3521935221.757
15 8 340432728.862
15 9 2487614518.292
15 10 1989805123.342
15 11 394673984.924
15 12 1242102507.767
15 13 2171034775.376
15 14 12704402.647
15 16 26892348.017
15 17 638826620.306
15 18 274559940.760
15 19 1567343943.827
15 20 3876320795.597
15 21 2493129632.992
15 22 548451533.079
16 0 32787538.962
16 1 18212180.294
16 2 601957.491
16 3 3982098.973
16 4 6036892.659
16 5 2281882.128
16 6 5586465.469
16 7 17282316.960
16 8 3172038.780
16 9 3804738.227
16 10 17203451.467
16 11 1178008.865
16 12 40613003.359
16 13 26234461.551
16 14 240419.894
16 15 11377672.293
16 17 2503285.687
16 18 3749173.634
16 19 3221668.362
16 20 39687693.688
16 21 12069298.117
16 22 3413234.839
17 0 802798366.293
17 1 858422658.929
17 2 83829912.523
17 3 154900911.284
17 4 46352345.712
17 5 259667839.166
17 6 19101634.537
17 7 1616822292.185
17 8 193921888.871
17 9 518967686.033
17 10 1718760149.090
17 11 405482934.181
17 12 2100874515.099
17 13 198498397.595
17 14 3933953.345
17 15 261120316.684
17 16 9806113.136
17 18 84630944.345
17 19 365262693.153
17 20 2177191720.374
17 21 843894636.411
17 22 285541206.743
18 0 342460509.647
18 1 130365227.056
18 2 49927300.217
18 3 14741518.829
18 4 20852232.902
18 5 17261347.022
18 6 51822247.464
18 7 162356619.140
18 8 60049216.423
18 9 348545888.355
18 10 112553707.251
18 11 137029838.354
18 12 478852431.564
18 13 431289906.907
18 14 1330612.908
18 15 409606004.304
18 16 1889474.461
18 17 90739954.048
18 19 129843868.946
18 20 222985140.670
18 21 187864773.772
18 22 60954917.895
19 0 1750849605.205
19 1 1234161152.394
19 2 286980613.667
19 3 192921194.614
19 4 210587549.748
19 5 244935906.124
19 6 124770344.710
19 7 839275292.098
19 8 144992727.122
19 9 1518943667.665
19 10 234375425.846
19 11 582788207.797
19 12 1189764468.810
19 13 1755275544.257
19 14 16259627.323
19 15 184855077.439
19 16 9020647.416
19 17 423185451.472
19 18 133255367.024
19 20 1010413628.794
19 21 629554029.008
19 22 96212529.777
20 0 1236677600.075
20 1 3203970403.692
20 2 313749077.128
20 3 396748654.965
20 4 670597122.844
20 5 172624531.310
20 6 208616866.081
20 7 1668876419.371
20 8 390057519.779
20 9 2502156845.652
20 10 2607317559.666
20 11 1434941372.817
20 12 4463838960.238
20 13 1294530540.622
20 14 40137903.889
20 15 2035436233.773
20 16 27042912.351
20 17 1434235009.754
20 18 185844349.812
20 19 334483886.329
20 21 2987210844.264
20 22 89920850.373
21 0 1575030074.379
21 1 1707817114.186
21 2 352922146.091
21 3 366203675.564
21 4 125950194.557
21 5 353661735.597
21 6 191666641.744
21 7 2245895764.302
21 8 280488286.327
21 9 1359908669.684
21 10 1107556513.956
21 11 641168014.391
21 12 2399932964.713
21 13 1283309105.688
21 14 22153261.180
21 15 3028339730.135
21 16 27283256.990
21 17 987929457.526
21 18 259741798.107
21 19 578770144.941
21 20 1534093839.118
21 22 441850982.569
22 0 564415806.751
22 1 389047480.176
22 2 59467225.946
22 3 79160974.956
22 4 11844235.136
22 5 37358003.639
22 6 89888938.309
22 7 192098934.191
22 8 56077698.264
22 9 353189396.039
22 10 181610841.344
22 11 209148288.433
22 12 545066205.495
22 13 688631104.316
22 14 2526874.488
22 15 308753918.845
22 16 475410.717
22 17 282636758.803
22 18 57296889.936
22 19 133031933.275
22 20 655393837.265
22 21 425127406.567
