506
0 1 1768975074.948
0 2 214143795.781
0 3 522038526.809
0 4 500383133.955
0 5 188277247.754
0 6 343852171.827
0 7 1091805740.043
0 8 273413529.770
0 9 3194913886.354
0 10 4113209803.013
0 11 1258138114.383
0 12 552136226.596
0 13 781983365.423
0 14 6969507.906
0 15 2695104333.275
0 16 35501904.731
0 17 1272815602.403
0 18 129610225.644
0 19 636884502.343
0 20 2505552205.049
0 21 585911470.667
0 22 209801268.293
1 0 1631526030.841
1 2 182899765.727
1 3 310445067.541
1 4 29596084.070
1 5 144561349.321
1 6 301353674.738
1 7 442872366.304
1 8 230985539.612
1 9 359986144.593
1 10 3075313173.454
1 11 328371454.029
1 12 1559146653.262
1 13 567236151.704
1 14 17848587.827
1 15 1501851162.272
1 16 24168971.807
1 17 96676749.323
1 18 167125951.020
1 19 204149263.801
1 20 1973418558.284
1 21 1956716418.662
1 22 31546438.988
2 0 335584072.373
2 1 149516396.029
2 3 11090715.405
2 4 26098638.336
2 5 23826061.225
2 6 16049367.066
2 7 47890074.609
2 8 44857244.457
2 9 541272999.265
2 10 319149067.289
2 11 237872847.084
2 12 414987692.166
2 13 640509751.250
2 14 3038294.386
2 15 457819114.909
2 16 2679887.543
2 17 70849841.775
2 18 53196824.479
2 19 30572194.822
2 20 235891645.476
2 21 397592257.565
2 22 38916994.628
3 0 545842475.628
3 1 386863226.660
3 2 53361390.351
3 4 42229114.509
3 5 18482177.038
3 6 41462559.416
3 7 161018417.633
3 8 26224041.014
3 9 556999894.589
3 10 56173504.152
3 11 145697182.341
3 12 307081382.520
3 13 424189059.344
3 14 2986187.739
3 15 653276713.756
3 16 2243081.414
3 17 224598622.309
3 18 49009437.145
3 19 191391183.430
3 20 539998849.911
3 21 205924501.569
3 22 55705773.799
4 0 515052146.695
4 1 45993954.033
4 2 12368992.445
4 3 10882221.439
4 5 64958117.177
4 6 57616500.507
4 7 463164352.501
4 8 46858284.887
4 9 560094298.510
4 10 179708332.680
4 11 102767149.106
4 12 230855382.072
4 13 96672385.236
4 14 2595378.467
4 15 635232437.080
4 16 5561397.229
4 17 87404341.681
4 18 54640627.398
4 19 171734518.713
4 20 324544986.332
4 21 90156246.508
4 22 89308521.197
5 0 246181564.958
5 1 143993899.608
5 2 97818207.637
5 3 67559570.548
5 4 87811551.772
5 6 14048194.607
5 7 113183287.169
5 8 27718697.127
5 9 413897722.048
5 10 470697512.933
5 11 164703114.962
5 12 249974844.139
5 13 711549545.501
5 14 3076702.807
5 15 548609071.788
5 16 2722096.564
5 17 244072426.213
5 18 15124761.530
5 19 100115578.992
5 20 188085888.681
5 21 419265237.027
5 22 42072149.850
6 0 79797901.346
6 1 345647054.720
6 2 101399405.093
6 3 7844185.789
6 4 65643859.294
6 5 9283225.401
6 7 548157175.293
6 8 20306686.739
6 9 409421179.929
6 10 56895993.276
6 11 77157727.348
6 12 477703781.102
6 13 736259773.442
6 14 1157762.185
6 15 557287879.770
6 16 1070372.645
6 17 65040845.594
6 18 41375689.132
6 19 82248976.907
6 20 324134023.421
6 21 408221831.754
6 22 52084069.769
7 0 2591067197.902
7 1 463882781.335
7 2 293063689.599
7 3 76910825.867
7 4 66349945.845
7 5 324602293.566
7 6 286830888.823
7 8 531831177.000
7 9 1254031365.216
7 10 1134762920.838
7 11 804958247.383
7 12 2736414596.959
7 13 908339537.616
7 14 4758635.495
7 15 1134378058.980
7 16 34819962.752
7 17 1607273256.948
7 18 28611401.136
7 19 939027666.546
7 20 782084793.754
7 21 1380055462.028
7 22 345267485.591
8 0 183345602.367
8 1 107907918.791
8 2 30465663.675
8 3 29085929.195
8 4 13483461.966
8 5 42775127.971
8 6 93177323.125
8 7 178692435.738
8 9 336083179.052
8 10 677384058.853
8 11 245651495.468
8 12 368641450.814
8 13 449380234.783
8 14 3020795.921
8 15 458294815.245
8 16 540436.024
8 17 39017083.490
8 18 29477167.184
8 19 78220845.936
8 20 123715039.136
8 21 442535650.657
8 22 61595223.924
9 0 2744566140.391
9 1 1694288560.044
9 2 616338819.370
9 3 129302242.898
9 4 102250279.214
9 5 489897245.681
9 6 116313242.919
9 7 413695307.754
9 8 606416240.823
9 10 2000733960.202
9 11 1506441170.131
9 12 1718831414.055
9 13 4046498230.826
9 14 2598566.152
9 15 980008271.046
9 16 35513662.852
9 17 1274562207.104
9 18 97190069.775
9 19 1152974513.039
9 20 4484422302.757
9 21 1659061886.183
9 22 81853905.911
10 0 1511112114.255
10 1 1899704934.717
10 2 561455875.534
10 3 293466491.420
10 4 264737724.748
10 5 609589897.821
10 6 247754297.604
10 7 1690862675.188
10 8 495500598.044
10 9 3692297113.176
10 11 722307097.400
10 12 5633478772.261
10 13 1051409144.583
10 14 22310789.757
10 15 3058199318.841
10 16 32074034.412
10 17 783579915.309
10 18 384839487.446
10 19 1007208662.262
10 20 4549588198.589
10 21 245251623.984
10 22 644844071.332
11 0 686349549.729
11 1 689263246.203
11 2 153989234.388
11 3 134899318.690
11 4 155411479.954
11 5 218565515.981
11 6 226998226.930
11 7 1219732209.524
11 8 91800265.439
11 9 345500820.662
11 10 690381167.179
11 12 946308112.211
11 13 1333473375.072
11 14 3080859.069
11 15 1557336308.813
11 16 12930368.346
11 17 477587404.344
11 18 32215171.166
11 19 407930533.051
11 20 996415239.601
11 21 254218346.466
11 22 77658133.719
12 0 3676130674.939
12 1 2316685371.345
12 2 382474622.009
12 3 807308937.145
12 4 826041034.535
12 5 479547075.624
12 6 342057004.794
12 7 2607261265.214
12 8 291982566.562
12 9 4996951632.097
12 10 2179326523.220
12 11 1550055442.065
12 13 4316336741.634
12 14 33713165.464
12 15 3565063719.101
12 16 46221223.319
12 17 261460689.834
12 18 161288425.261
12 19 1647745828.019
12 20 1750298213.694
12 21 3160093433.453
12 22 148122157.061
13 0 983924450.320
13 1 254100884.291
13 2 239196291.137
13 3 595350453.872
13 4 242372655.787
13 5 269616129.720
13 6 729782715.991
13 7 378384011.917
13 8 167730059.431
13 9 3450794704.352
13 10 768355743.742
13 11 762213111.167
13 12 1636587499.996
13 14 16263391.860
13 15 1331539903.571
13 16 42700016.339
13 17 1221763214.561
13 18 210868606.142
13 19 1760117202.980
13 20 5360554288.016
13 21 881334941.888
13 22 335712479.907
14 0 22849190.940
14 1 3244311.883
14 2 552209.111
14 3 4683522.017
14 4 1215136.480
14 5 1624771.636
14 6 936517.657
14 7 26465968.267
14 8 4390644.336
14 9 9741608.892
14 10 20492747.972
14 11 8862281.468
14 12 18859725.685
14 13 9289186.411
14 15 38192661.757
14 16 56794.532
14 17 9612474.830
14 18 2463890.777
14 19 8089178.887
14 20 4223125.623
14 21 8179114.379
14 22 3417861.775
15 0 2904368510.511
15 1 1311613690.392
15 2 78120574.965
15 3 279688200.819
15 4 349118604.846
15 5 446033506.242
15 6 587425575.508
15 7 2389878402.715
15 8 54866015.016
15 9 2064684205.015
15 10 538259668.229
15 11 312413577.700
15 12 3586194741.752
15 13 2214584235.736
15 14 23721246.515
15 16 5380332.310
15 17 969715940.400
15 18 337661367.544
15 19 205846296.404
15 20 4678164792.354
15 21 508435630.102
15 22 53889736.324
16 0 19307117.805
16 1 23094198.701
16 2 3598587.642
16 3 3202962.383
16 4 1887586.272
16 5 3522784.959
16 6 5095016.891
16 7 35938518.857
16 8 4847517.845
16 9 19168300.108
16 10 40685768.290
16 11 6581993.877
16 12 8373064.523
16 13 31609682.233
16 14 116572.479
16 15 29021204.416
16 17 15322012.265
16 18 3092506.205
16 19 13786396.507
16 20 10696768.375
16 21 6743741.434
16 22 3899816.349
17 0 600190885.430
17 1 739686874.646
17 2 148114100.164
17 3 259633775.965
17 4 167426922.304
17 5 250341565.597
17 6 200863797.115
17 7 1150252245.561
17 8 208055396.993
17 9 674598701.193
17 10 497541018.599
17 11 102214369.568
17 12 2171168299.745
17 13 1495351293.084
17 14 3769067.289
17 15 1880270401.231
17 16 7128216.522
17 18 166518534.221
17 19 554013649.923
17 20 828107882.062
17 21 1151634000.967
17 22 68571257.085
18 0 191708597.775
18 1 176940871.796
18 2 42191047.986
18 3 20252479.945
18 4 37122145.447
18 5 35180697.478
18 6 24681399.874
18 7 76682983.119
18 8 6003357.998
18 9 103097830.212
18 10 57380110.470
18 11 17671558.097
18 12 121910079.969
18 13 449259542.403
18 14 3209800.032
18 15 63526004.544
18 16 3854902.175
18 17 130740525.085
18 19 170771585.062
18 20 191107886.790
18 21 191846707.465
18 22 40880097.937
19 0 934916268.371
19 1 671919765.412
19 2 124750868.024
19 3 69253219.151
19 4 205769803.724
19 5 224057378.076
19 6 99038934.632
19 7 1315896417.288
19 8 239578127.633
19 9 1034990315.769
19 10 508830439.804
19 11 534322315.768
19 12 1744613883.403
19 13 319643305.469
19 14 6388216.784
19 15 150216923.286
19 16 12590062.039
19 17 74112693.899
19 18 159829982.117
19 20 1019739903.201
19 21 499262898.866
19 22 220147708.121
20 0 2069688200.342
20 1 2216773067.928
20 2 436204563.474
20 3 687889822.514
20 4 602944340.984
20 5 678597519.996
20 6 601204314.841
20 7 3830356581.523
20 8 572990587.313
20 9 2934666668.969
20 10 3555177106.402
20 11 620005768.768
20 12 4949345447.049
20 13 4913942635.244
20 14 25466564.203
20 15 2666157847.569
20 16 17313157.140
20 17 1010456181.020
20 18 309312983.451
20 19 1406030992.890
20 21 3013317698.547
20 22 725924442.718
21 0 737769743.632
21 1 1392537720.953
21 2 46305672.469
21 3 352539869.254
21 4 69758519.968
21 5 411658880.793
21 6 257033824.488
21 7 2357875396.998
21 8 333334249.605
21 9 560069708.358
21 10 474792663.543
21 11 82759362.319
21 12 1024648599.255
21 13 275669388.295
21 14 12241427.282
21 15 2790771733.764
21 16 26666785.959
21 17 677321090.405
21 18 125165325.235
21 19 735377208.270
21 20 3193489065.710
21 22 88151401.139
22 0 262219528.297
22 1 396298144.894
22 2 63146844.334
22 3 49031089.478
22 4 72936141.770
22 5 29054190.092
22 6 29118901.076
22 7 43931127.092
22 8 6265269.534
22 9 616690576.570
22 10 211155011.776
22 11 174960983.743
22 12 339864746.977
22 13 409972327.063
22 14 3815961.152
22 15 433689554.665
22 16 4026801.416
22 17 265531888.358
22 18 22770124.915
22 19 248524980.590
22 20 58234214.823
22 21 380616846.687
