506
0 1 525073127.218
0 2 529583872.649
0 3 493765175.023
0 4 370142976.373
0 5 235495442.364
0 6 455954661.440
0 7 1162806990.753
0 8 414575765.693
0 9 1226127988.083
0 10 266705947.284
0 11 1265328201.345
0 12 1662743927.588
0 13 4155606917.378
0 14 34633199.371
0 15 990304903.428
0 16 9529401.422
0 17 200030794.922
0 18 114875466.153
0 19 1449536574.341
0 20 1865008898.574
0 21 824991064.069
0 22 68893579.361
1 0 1642774218.291
1 2 115963563.499
1 3 380187597.291
1 4 285905540.907
1 5 157771570.213
1 6 389302774.149
1 7 724376829.335
1 8 112803563.220
1 9 1496854736.612
1 10 1498873889.217
1 11 638134061.893
1 12 2126980303.937
1 13 1742694356.326
1 14 15816531.990
1 15 1524243577.967
1 16 17504982.455
1 17 841106942.688
1 18 242191972.945
1 19 882990425.327
1 20 821725727.228
1 21 199507295.096
1 22 396733453.333
2 0 323615793.641
2 1 193947469.134
2 3 93992417.949
2 4 64579817.924
2 5 9694399.429
2 6 63245887.374
2 7 589234300.632
2 8 95144547.671
2 9 470776013.331
2 10 140724653.815
2 11 130388935.949
2 12 160005677.502
2 13 383804391.766
2 14 5536246.818
2 15 252040289.003
2 16 1218370.313
2 17 157096869.165
2 18 27533665.741
2 19 239618795.460
2 20 529580677.420
2 21 138101152.264
2 22 90924175.555
3 0 131431501.239
3 1 407961227.370
3 2 73912078.413
3 4 97253768.958
3 5 82448367.792
3 6 31413533.236
3 7 546131426.490
3 8 75607894.524
3 9 236883271.143
3 10 163903975.776
3 11 101488885.492
3 12 703986508.982
3 13 291006700.094
3 14 1584869.496
3 15 652912944.496
3 16 3725117.783
3 17 192140715.525
3 18 40035223.160
3 19 189776172.442
3 20 410567375.129
3 21 245504549.500
3 22 14550780.688
4 0 43428833.099
4 1 167341072.622
4 2 57503906.960
4 3 63671116.898
4 5 8432013.391
4 6 21414741.704
4 7 157175512.990
4 8 22289194.996
4 9 301635398.930
4 10 477461488.773
4 11 219311335.767
4 12 255438055.129
4 13 293449135.868
4 14 4293256.069
4 15 580257625.585
4 16 4761145.694
4 17 119118044.691
4 18 19187425.494
4 19 206521437.540
4 20 629383311.568
4 21 147170640.756
4 22 85857738.342
5 0 348455572.315
5 1 108757693.981
5 2 13916852.707
5 3 65479754.300
5 4 30148008.592
5 6 21426237.671
5 7 139521007.434
5 8 75412218.466
5 9 49283870.231
5 10 370956618.780
5 11 202957995.905
5 12 346092531.207
5 13 602764910.839
5 14 801637.872
5 15 148361788.589
5 16 5232762.557
5 17 77853255.381
5 18 4271255.861
5 19 225447111.437
5 20 623324638.075
5 21 268917854.676
5 22 44180843.954
6 0 56229493.901
6 1 66277129.188
6 2 29076445.536
6 3 75591747.667
6 4 13261241.704
6 5 89134351.342
6 7 402350893.341
6 8 77933408.502
6 9 284227710.677
6 10 256762415.355
6 11 77433326.379
6 12 445434216.938
6 13 310390212.208
6 14 421966.480
6 15 393451321.069
6 16 5835194.335
6 17 147048468.006
6 18 8518977.815
6 19 230367891.589
6 20 507558956.524
6 21 74502386.451
6 22 94415335.290
7 0 3068651665.387
7 1 1742716065.790
7 2 451032862.618
7 3 174252303.702
7 4 231274147.690
7 5 532792539.344
7 6 588854639.682
7 8 44222818.545
7 9 2813037977.670
7 10 4187903477.262
7 11 270536732.457
7 12 1379706925.369
7 13 4106348023.162
7 14 4863839.610
7 15 2168649284.532
7 16 4848556.425
7 17 1079686942.191
7 18 348640010.565
7 19 1175377422.184
7 20 618074125.128
7 21 2150634657.438
7 22 358707146.058
8 0 515624018.786
8 1 365924634.452
8 2 49452014.594
8 3 27381843.574
8 4 74815528.784
8 5 6659307.178
8 6 33892350.722
8 7 121009673.163
8 9 541898559.634
8 10 244969382.071
8 11 106989173.048
8 12 185926755.247
8 13 698295612.643
8 14 4394583.219
8 15 492139492.137
8 16 5294299.179
8 17 236436221.621
8 18 51780652.311
8 19 164327027.652
8 20 146661463.427
8 21 57320789.476
8 22 57200233.727
9 0 2025358364.190
9 1 1345729856.007
9 2 513153556.572
9 3 157017275.418
9 4 463768910.435
9 5 354012259.281
9 6 294372548.103
9 7 1496960045.150
9 8 235560792.389
9 10 4349010706.040
9 11 364308098.083
9 12 3500508282.633
9 13 4740859847.591
9 14 37797471.653
9 15 796393090.363
9 16 17601180.574
9 17 932156071.782
9 18 303551449.507
9 19 200607979.002
9 20 2801404056.556
9 21 575923384.675
9 22 79601986.136
10 0 4071686751.839
10 1 227929213.636
10 2 443814477.709
10 3 472144477.771
10 4 484683745.774
10 5 239805760.640
10 6 509479363.391
10 7 2376283027.436
10 8 70876871.741
10 9 1102877984.575
10 11 757344293.439
10 12 4784721451.153
10 13 4437197618.974
10 14 25361594.948
10 15 427775616.507
10 16 35009202.557
10 17 1204152826.440
10 18 73191267.942
10 19 1485852147.030
10 20 3455295220.832
10 21 2860250386.852
10 22 351420433.155
11 0 712867575.313
11 1 633129713.587
11 2 147783763.799
11 3 76893948.168
11 4 238787186.092
11 5 135389291.252
11 6 29989360.092
11 7 908740767.016
11 8 72387844.944
11 9 583404248.381
11 10 158019989.800
11 12 1823337222.355
11 13 916069373.705
11 14 4605880.193
11 15 578917762.110
11 16 14977294.068
11 17 615111103.925
11 18 20595927.479
11 19 246454789.935
11 20 949086998.016
11 21 560751594.967
11 22 119720879.283
12 0 4859342967.638
12 1 1228048796.265
12 2 232035242.286
12 3 535221198.239
12 4 303717273.574
12 5 657008838.946
12 6 290249782.707
12 7 2550324050.535
12 8 181985029.348
12 9 4062778382.434
12 10 890740432.074
12 11 339642251.130
12 13 1805130034.004
12 14 42484678.706
12 15 4467450327.318
12 16 44941631.596
12 17 1909656891.623
12 18 293972253.142
12 19 1778775201.486
12 20 1601150539.972
12 21 263600484.050
12 22 584589700.376
13 0 2623665894.833
13 1 1999928095.329
13 2 243321163.211
13 3 243031858.357
13 4 720193258.832
13 5 155289450.452
13 6 413443795.693
13 7 3772649029.133
13 8 111014637.169
13 9 1610436341.162
13 10 5025523989.877
13 11 1402681312.958
13 12 2032889923.496
13 14 23430472.794
13 15 1361048733.957
13 16 31763737.341
13 17 414867461.902
13 18 351603463.705
13 19 1409977778.144
13 20 3643098079.134
13 21 361110000.252
13 22 555184549.748
14 0 11337394.981
14 1 16466129.321
14 2 559159.445
14 3 2006162.444
14 4 6125171.080
14 5 5442296.541
14 6 5720959.163
14 7 32261832.584
14 8 4557052.871
14 9 4390428.628
14 10 24732859.016
14 11 8884980.036
14 12 12415266.602
14 13 30515512.122
14 15 7579844.595
14 16 85177.563
14 17 5812581.634
14 18 1168784.913
14 19 12719647.252
14 20 33257983.738
14 21 11834153.038
14 22 5526841.970
15 0 2327135044.736
15 1 2202549927.018
15 2 427226400.538
15 3 480267297.339
15 4 404219886.749
15 5 569197448.639
15 6 204962366.393
15 7 3718778074.928
15 8 194421472.885
15 9 1920856411.831
15 10 4854690643.030
15 11 868019539.306
15 12 3625864125.924
15 13 1806329513.020
15 14 39425232.221
15 16 20756924.775
15 17 1249850379.600
15 18 30398885.842
15 19 1149544525.697
15 20 516620200.953
15 21 1872797722.139
15 22 82295093.608
16 0 17564787.604
16 1 11574270.285
16 2 4368896.852
16 3 5800655.891
16 4 4652153.634
16 5 5485443.750
16 6 1201002.796
16 7 22861769.121
16 8 4067025.783
16 9 34019898.281
16 10 4395166.842
16 11 5338442.845
16 12 17848854.894
16 13 33520411.660
16 14 56161.599
16 15 39261247.895
16 17 14074046.654
16 18 1849277.384
16 19 9301221.328
16 20 3099472.695
16 21 25936765.829
16 22 1378251.247
17 0 1126071442.375
17 1 964761805.795
17 2 195537417.523
17 3 113230643.768
17 4 102629602.616
17 5 37766826.137
17 6 108994813.264
17 7 661090537.690
17 8 73362044.362
17 9 482846529.723
17 10 162034276.330
17 11 500520204.301
17 12 918089919.034
17 13 1703196168.422
17 14 9652458.633
17 15 1274730125.559
17 16 16719913.151
17 18 144543953.755
17 19 378016428.957
17 20 813340333.146
17 21 495693653.401
17 22 81558004.298
18 0 289508349.866
18 1 96702536.420
18 2 20890923.878
18 3 49398924.346
18 4 26301167.535
18 5 7301381.729
18 6 7651048.300
18 7 223794161.805
18 8 57818402.833
18 9 294281983.878
18 10 312218442.479
18 11 51147182.671
18 12 391221760.173
18 13 276518514.254
18 14 1240180.174
18 15 225196195.395
18 16 2778396.963
18 17 169367587.154
18 19 123474576.500
18 20 254478974.930
18 21 36080515.565
18 22 60308050.305
19 0 1533173597.779
19 1 114608451.986
19 2 133284980.499
19 3 226022261.155
19 4 238179322.664
19 5 278472492.316
19 6 208066430.937
19 7 1517568856.781
19 8 260904545.843
19 9 343305961.871
19 10 898340586.342
19 11 676381780.764
19 12 2232418697.364
19 13 1345684710.580
19 14 5164938.812
19 15 934005965.740
19 16 7183393.472
19 17 456963209.201
19 18 157014618.332
19 20 1906322950.482
19 21 200787696.144
19 22 247662987.287
20 0 3273214125.970
20 1 2509522207.049
20 2 116106555.328
20 3 382711706.309
20 4 84556843.888
20 5 626384908.606
20 6 128264395.608
20 7 686943447.237
20 8 182079295.298
20 9 2215240755.735
20 10 1659657413.188
20 11 1283818700.877
20 12 4173616835.308
20 13 649784871.347
20 14 33375700.614
20 15 2039749450.509
20 16 31526426.661
20 17 1410541491.951
20 18 275176010.769
20 19 1946667378.782
20 21 3310802293.048
20 22 481499075.841
21 0 1027600382.532
21 1 1087453094.889
21 2 264530218.261
21 3 307364632.668
21 4 261671202.960
21 5 305214328.459
21 6 305472629.157
21 7 1364804473.135
21 8 99525790.163
21 9 2196833963.710
21 10 695662779.701
21 11 461468608.780
21 12 1076657304.238
21 13 1324234985.667
21 14 18926472.350
21 15 1651921317.356
21 16 3782236.599
21 17 380162135.864
21 18 237360260.422
21 19 306513819.957
21 20 3069672612.806
21 22 382152508.408
22 0 93042487.424
22 1 236307807.935
22 2 72695672.821
22 3 36717971.272
22 4 32965762.070
22 5 48485471.085
22 6 77037155.693
22 7 158206040.864
22 8 92775345.326
22 9 496476605.992
22 10 420893961.073
22 11 179622352.039
22 12 335172984.539
22 13 394961198.084
22 14 1498111.518
22 15 82053530.539
22 16 5972601.936
22 17 61097950.819
22 18 6114234.247
22 19 123473629.283
22 20 332099445.192
22 21 187656489.114
