506
0 1 1773673843.401
0 2 571270881.589
0 3 458097307.818
0 4 90061890.836
0 5 568865864.394
0 6 331967709.528
0 7 1971397102.258
0 8 65935198.916
0 9 3320517306.269
0 10 3345722830.167
0 11 664454669.548
0 12 573551441.478
0 13 3157349194.513
0 14 6421674.440
0 15 2443676819.988
0 16 10926925.114
0 17 1082230417.690
0 18 101082982.437
0 19 955751596.913
0 20 3249307580.554
0 21 598817591.899
0 22 362416960.311
1 0 695912557.388
1 2 456898456.608
1 3 200692747.313
1 4 29917837.811
1 5 295850864.359
1 6 318218729.736
1 7 1135206316.935
1 8 242692082.098
1 9 1037313045.655
1 10 1478761962.278
1 11 123081694.961
1 12 2571274449.109
1 13 1313930514.536
1 14 22677817.631
1 15 2879267879.216
1 16 6686786.711
1 17 532409280.865
1 18 164700494.246
1 19 765438776.153
1 20 2974481477.147
1 21 1297025120.162
1 22 407885058.651
2 0 501161546.404
2 1 368846369.567
2 3 69119385.941
2 4 18192007.671
2 5 72800847.343
2 6 100698728.478
2 7 405108590.853
2 8 78530925.817
2 9 531420367.062
2 10 344397312.560
2 11 121493805.854
2 12 115318354.940
2 13 373648530.677
2 14 2396122.331
2 15 576120130.462
2 16 5560498.530
2 17 223877065.339
2 18 62543379.512
2 19 114081799.505
2 20 580810929.656
2 21 39224891.893
2 22 60001437.236
3 0 275089550.455
3 1 176987873.410
3 2 49096622.312
3 4 88151709.601
3 5 33234471.427
3 6 20180635.228
3 7 520207167.910
3 8 52416773.961
3 9 129723325.750
3 10 200733656.634
3 11 241544729.862
3 12 499034399.790
3 13 358466574.392
3 14 2217646.603
3 15 537346433.502
3 16 1523933.863
3 17 51633574.106
3 18 8268277.730
3 19 248200576.936
3 20 83666967.687
3 21 95229947.494
3 22 32125467.869
4 0 343440437.383
4 1 87590021.983
4 2 44990304.124
4 3 14273208.995
4 5 49650212.407
4 6 32830167.558
4 7 528904847.484
4 8 57278153.566
4 9 343729182.262
4 10 658988620.264
4 11 170024204.087
4 12 600774103.309
4 13 591676531.645
4 14 1039853.103
4 15 442804081.093
4 16 3754147.360
4 17 127900918.228
4 18 9091992.507
4 19 90868280.161
4 20 495963077.944
4 21 336210061.652
4 22 30821147.827
5 0 51893640.411
5 1 358371502.591
5 2 90677052.488
5 3 33799518.620
5 4 45186736.988
5 6 38682640.362
5 7 113720997.573
5 8 48700448.178
5 9 590010312.739
5 10 296851079.749
5 11 147032102.472
5 12 110369103.306
5 13 240646965.522
5 14 1408043.287
5 15 281474014.044
5 16 2035123.528
5 17 214787974.818
5 18 46207945.694
5 19 82805832.837
5 20 161728018.555
5 21 158415579.160
5 22 35159590.153
6 0 280862456.756
6 1 124357809.637
6 2 76381420.503
6 3 83731071.684
6 4 74674103.260
6 5 66923452.988
6 7 156493515.896
6 8 40375141.670
6 9 62652150.169
6 10 680052116.499
6 11 175637602.325
6 12 67485621.040
6 13 422744312.437
6 14 2558208.552
6 15 234602545.307
6 16 4131572.854
6 17 80634104.922
6 18 36121321.776
6 19 117207918.094
6 20 674883037.426
6 21 209711581.550
6 22 88629530.172
7 0 2303300506.820
7 1 2048942738.142
7 2 291561595.092
7 3 168993061.992
7 4 67868854.080
7 5 163325190.495
7 6 352505220.722
7 8 196862486.462
7 9 311072225.901
7 10 2712391232.177
7 11 1383245571.053
7 12 2424877796.803
7 13 2270599283.915
7 14 23710278.546
7 15 1953895157.676
7 16 35671402.836
7 17 392266528.982
7 18 326285529.217
7 19 1508632258.033
7 20 1161940055.514
7 21 1625017500.752
7 22 326598776.760
8 0 200561322.280
8 1 113833152.142
8 2 42770041.666
8 3 24172958.950
8 4 71472346.593
8 5 78087541.243
8 6 62421402.512
8 7 43413307.158
8 9 520972614.264
8 10 288269691.213
8 11 147625059.647
8 12 277848522.810
8 13 99980052.044
8 14 4410606.822
8 15 407432229.274
8 16 2543341.995
8 17 210506711.508
8 18 39874325.133
8 19 234975105.173
8 20 102282129.724
8 21 411503643.797
8 22 58838270.982
9 0 431192685.849
9 1 776119561.472
9 2 260954835.719
9 3 415207630.130
9 4 527290665.264
9 5 177419530.077
9 6 629659839.661
9 7 3841151056.110
9 8 153225037.529
9 10 367693461.297
9 11 1131977458.908
9 12 1217715854.643
9 13 4556301683.301
9 14 24706029.769
9 15 1823053102.794
9 16 20713022.530
9 17 1457342504.148
9 18 150355164.701
9 19 1886347618.164
9 20 4616770735.300
9 21 1137119065.940
9 22 357554500.032
10 0 1550319704.357
10 1 2870601439.963
10 2 330562621.277
10 3 56746083.411
10 4 567857459.802
10 5 215279091.642
10 6 623973230.171
10 7 3303041958.375
10 8 107368462.063
10 9 4158864352.735
10 11 1658086336.990
10 12 3023997160.438
10 13 3665632053.616
10 14 13099079.649
10 15 3300787267.275
10 16 30864643.751
10 17 1720137606.514
10 18 66721617.542
10 19 803242339.900
10 20 2248694114.706
10 21 1466188033.426
10 22 574696238.684
11 0 1312864251.440
11 1 1040643141.293
11 2 109057038.439
11 3 44777279.029
11 4 121895271.773
11 5 40678051.545
11 6 136015172.988
11 7 1219448162.927
11 8 82544193.593
11 9 1564157518.350
11 10 1740458362.363
11 12 1875764976.013
11 13 690440289.681
11 14 9634982.378
11 15 402340822.662
11 16 8139967.451
11 17 135156057.020
11 18 148787110.915
11 19 245281912.911
11 20 1267237217.261
11 21 187217015.116
11 22 184422947.908
12 0 553681605.662
12 1 2836097549.231
12 2 119428552.054
12 3 234218821.276
12 4 380948052.856
12 5 272786143.394
12 6 437656212.946
12 7 1661752016.511
12 8 506654145.697
12 9 3944253490.973
12 10 3840280174.670
12 11 934839402.768
12 13 5166956398.465
12 14 28380172.878
12 15 1404991081.552
12 16 26724270.786
12 17 313395271.995
12 18 499230985.606
12 19 300898985.301
12 20 608795711.004
12 21 392786292.450
12 22 566109710.321
13 0 368814977.181
13 1 2625133863.426
13 2 219405845.786
13 3 378317042.252
13 4 599920251.621
13 5 681807056.036
13 6 622734316.466
13 7 1552173145.916
13 8 412580788.599
13 9 752325907.161
13 10 5262190648.404
13 11 1205259477.852
13 12 4118707057.775
13 14 12471193.697
13 15 4215898986.331
13 16 12542606.190
13 17 969168379.841
13 18 380477277.973
13 19 1421707285.657
13 20 3638578930.260
13 21 2518984302.396
13 22 65279324.474
14 0 9956656.675
14 1 14366115.265
14 2 4784418.399
14 3 4324158.825
14 4 2845598.514
14 5 4093586.175
14 6 5116229.858
14 7 11465258.327
14 8 2347033.119
14 9 24747006.537
14 10 20305867.938
14 11 13470631.685
14 12 28021121.953
14 13 14793589.396
14 15 24435108.013
14 16 179695.370
14 17 5588992.072
14 18 789519.852
14 19 12924463.731
14 20 20431445.227
14 21 12851819.469
14 22 4904272.358
15 0 2116729773.971
15 1 1415571326.079
15 2 522185909.279
15 3 495359323.259
15 4 281183341.930
15 5 158141807.579
15 6 55751653.436
15 7 2547232998.336
15 8 168819634.046
15 9 4083321356.084
15 10 3517142533.874
15 11 1358998827.570
15 12 656394923.791
15 13 2416127933.608
15 14 7578681.864
15 16 7184604.847
15 17 780776071.230
15 18 403831141.324
15 19 575231714.482
15 20 1430074314.240
15 21 1141640025.706
15 22 549527796.678
16 0 35573572.119
16 1 2210010.742
16 2 5411046.432
16 3 5525580.622
16 4 597148.566
16 5 4064586.274
16 6 5260920.128
16 7 23107991.740
16 8 5598663.945
16 9 11424179.983
16 10 24227827.104
16 11 13375797.087
16 12 37673530.175
16 13 12520289.204
16 14 268648.767
16 15 24793469.700
16 17 17710606.497
16 18 2036395.491
16 19 2715213.682
16 20 30046073.585
16 21 3929826.930
16 22 5873204.960
17 0 1125702700.756
17 1 1191643185.565
17 2 164824443.008
17 3 161304977.974
17 4 269892302.598
17 5 114114781.705
17 6 176067230.454
17 7 1309078126.749
17 8 146936129.290
17 9 912329655.357
17 10 262395717.783
17 11 351118371.100
17 12 1970830634.745
17 13 1119474817.581
17 14 8644937.423
17 15 418494454.541
17 16 9674004.777
17 18 97485265.122
17 19 90278992.345
17 20 178210882.681
17 21 412533864.623
17 22 121344694.590
18 0 75201358.261
18 1 24089626.495
18 2 60696273.489
18 3 5942958.411
18 4 40352456.534
18 5 42783295.075
18 6 10728157.299
18 7 346437372.149
18 8 39229191.358
18 9 83237667.617
18 10 374897212.541
18 11 111079439.721
18 12 139522960.589
18 13 197534082.373
18 14 1845799.903
18 15 88365542.747
18 16 2974584.624
18 17 105176124.592
18 19 67955966.928
18 20 148286211.172
18 21 64337240.246
18 22 13639674.643
19 0 1727838797.505
19 1 254508078.984
19 2 273251292.305
19 3 173747326.191
19 4 109660945.862
19 5 28257818.307
19 6 45883040.505
19 7 475004508.650
19 8 47120183.797
19 9 1554933777.011
19 10 2054104893.430
19 11 454496936.995
19 12 1313996665.438
19 13 1831908186.370
19 14 14447231.177
19 15 531134722.970
19 16 7776076.533
19 17 841943047.302
19 18 27935915.345
19 20 1800323422.462
19 21 788817786.802
19 22 126535541.149
20 0 799909434.952
20 1 1387327947.152
20 2 612586704.092
20 3 163422363.174
20 4 188339959.708
20 5 424221291.553
20 6 318235328.241
20 7 1259714956.607
20 8 81204329.747
20 9 696886009.523
20 10 5128871783.024
20 11 1692941184.779
20 12 3670467531.967
20 13 3718415823.705
20 14 14891978.616
20 15 2123450940.061
20 16 7079467.548
20 17 1803327665.750
20 18 310749612.372
20 19 830982588.174
20 21 2594483773.257
20 22 683733156.741
21 0 381083954.076
21 1 1268636869.017
21 2 276943727.535
21 3 347450409.841
21 4 381826171.095
21 5 355333682.797
21 6 223522480.622
21 7 1107123185.879
21 8 251329502.741
21 9 1857951581.729
21 10 1864312094.743
21 11 595515122.226
21 12 535292765.034
21 13 2954910392.066
21 14 23818177.612
21 15 1017307593.950
21 16 13576718.898
21 17 714211689.233
21 18 279356525.390
21 19 577482704.335
21 20 855266565.364
21 22 143338722.988
22 0 244017472.125
22 1 371489340.746
22 2 86997013.537
22 3 26720464.907
22 4 74133327.996
22 5 33922782.708
22 6 6386019.071
22 7 209140284.333
22 8 54788341.643
22 9 433155818.257
22 10 430220667.739
22 11 241858038.707
22 12 356505739.378
22 13 352914646.990
22 14 4808152.072
22 15 73318123.834
22 16 5878404.683
22 17 40854816.629
22 18 19040924.497
22 19 96153586.790
22 20 245655793.561
22 21 131223712.641
