506
0 1 1318193919.863
0 2 285755597.737
0 3 325959816.941
0 4 551203604.765
0 5 278908388.297
0 6 207020361.377
0 7 2412785712.097
0 8 461237295.526
0 9 3090306204.885
0 10 3735253558.403
0 11 300671663.448
0 12 547377738.694
0 13 980084067.543
0 14 17627159.959
0 15 2315700146.183
0 16 24410192.880
0 17 923367706.277
0 18 49853199.436
0 19 462788945.580
0 20 1468427438.934
0 21 2192090875.104
0 22 122959340.825
1 0 1410020251.472
1 2 319774295.286
1 3 326753040.319
1 4 120192500.337
1 5 267572766.085
1 6 100093018.991
1 7 945730880.656
1 8 205501205.640
1 9 2244299629.775
1 10 1507739733.947
1 11 553553067.508
1 12 3705805587.894
1 13 335656188.601
1 14 27566771.245
1 15 1157743819.029
1 16 19675633.554
1 17 1285123726.449
1 18 29356720.569
1 19 1080889791.561
1 20 3114939852.171
1 21 437871896.116
1 22 382046097.146
2 0 260720518.450
2 1 217210388.416
2 3 80841387.226
2 4 23290796.825
2 5 54318099.384
2 6 71288189.447
2 7 52257966.552
2 8 17097982.233
2 9 112308389.779
2 10 72986202.991
2 11 237714733.459
2 12 289386264.485
2 13 365873202.864
2 14 5763773.587
2 15 702927725.450
2 16 3764563.290
2 17 172605416.130
2 18 5644831.425
2 19 35925033.699
2 20 52864039.483
2 21 171558403.628
2 22 38084229.052
3 0 334692074.642
3 1 126926409.447
3 2 50737883.458
3 4 80808681.062
3 5 94300008.222
3 6 48287433.875
3 7 137183212.558
3 8 51500631.378
3 9 304777742.119
3 10 371697315.599
3 11 80328320.625
3 12 814389726.313
3 13 342984834.881
3 14 4693106.877
3 15 76962295.673
3 16 4648414.167
3 17 19923682.606
3 18 12294706.853
3 19 159980306.463
3 20 496041289.142
3 21 306150930.676
3 22 67714528.037
4 0 535127866.231
4 1 34675538.881
4 2 84277334.714
4 3 25912822.281
4 5 12263120.206
4 6 79022921.619
4 7 327792825.309
4 8 21018113.395
4 9 473312641.009
4 10 628626031.487
4 11 225182683.672
4 12 714099099.337
4 13 619471709.242
4 14 1393061.577
4 15 57458621.273
4 16 3148905.469
4 17 187300051.914
4 18 20497482.337
4 19 47867909.219
4 20 356215023.469
4 21 38986136.385
4 22 84656318.671
5 0 195579574.278
5 1 301076100.110
5 2 69943985.877
5 3 21289700.435
5 4 74136690.627
5 6 8103033.532
5 7 130361283.861
5 8 17667877.139
5 9 381603464.572
5 10 176456259.813
5 11 68878754.899
5 12 193835459.492
5 13 616897825.650
5 14 4179451.133
5 15 648888799.100
5 16 4079287.147
5 17 280634012.933
5 18 27681258.576
5 19 52934877.283
5 20 697160961.096
5 21 42378327.253
5 22 22199158.702
6 0 330795032.874
6 1 119927720.166
6 2 22113882.951
6 3 6868873.266
6 4 54894512.019
6 5 11202985.917
6 7 254412717.698
6 8 35845304.962
6 9 579289922.963
6 10 492671916.578
6 11 80905085.647
6 12 592427408.920
6 13 184347194.033
6 14 823275.572
6 15 639410830.777
6 16 5491551.183
6 17 120206752.230
6 18 47043246.305
6 19 124383256.748
6 20 611903662.857
6 21 60352174.216
6 22 35336025.854
7 0 1976017656.327
7 1 769108365.065
7 2 139951102.315
7 3 385740472.697
7 4 363253276.048
7 5 63398838.803
7 6 232028688.963
7 8 509852956.679
7 9 2423236080.405
7 10 490667366.818
7 11 541223722.204
7 12 3099673481.108
7 13 1714103440.365
7 14 23753766.486
7 15 2833110299.712
7 16 16516364.017
7 17 139725201.845
7 18 277857826.716
7 19 825747850.085
7 20 3672547006.628
7 21 2204755294.187
7 22 108794675.841
8 0 277144988.137
8 1 265713276.349
8 2 85326904.804
8 3 80016627.638
8 4 91498231.296
8 5 13658377.114
8 6 84751986.599
8 7 588921303.413
8 9 182093022.416
8 10 689460116.171
8 11 182045717.613
8 12 670193826.963
8 13 429687823.495
8 14 3269753.898
8 15 671747213.098
8 16 6092648.353
8 17 118485200.158
8 18 28914876.133
8 19 195637188.183
8 20 474597227.418
8 21 180980178.795
8 22 18804458.647
9 0 1812875614.163
9 1 1600991472.961
9 2 566162348.346
9 3 350527598.376
9 4 530240493.783
9 5 302579437.789
9 6 49292648.687
9 7 1620317105.456
9 8 157443613.625
9 10 3920507701.234
9 11 1210518533.855
9 12 5403433774.053
9 13 1207542059.429
9 14 10480235.089
9 15 4089352638.364
9 16 26716155.556
9 17 910348998.664
9 18 171556891.509
9 19 1404987689.849
9 20 694705298.079
9 21 1891864742.308
9 22 490227611.019
10 0 960219963.777
10 1 2167664347.197
10 2 247065950.592
10 3 431593876.840
10 4 413434997.842
10 5 683101262.598
10 6 596451204.087
10 7 525699276.921
10 8 474619453.556
10 9 3164438046.207
10 11 1498865425.607
10 12 3132637059.160
10 13 2341402055.000
10 14 8333369.479
10 15 2310845381.178
10 16 38437798.659
10 17 558904072.488
10 18 192403112.369
10 19 970939901.999
10 20 2653110820.329
10 21 1742693072.153
10 22 260556443.335
11 0 192077892.331
11 1 718818199.522
11 2 246950591.877
11 3 186051390.101
11 4 194880950.614
11 5 111519638.757
11 6 107234827.466
11 7 917496072.063
11 8 219909675.399
11 9 1408560218.845
11 10 958663177.966
11 12 1749180220.865
11 13 396143713.480
11 14 3655301.569
11 15 1052176779.766
11 16 9052477.564
11 17 449993538.227
11 18 66168211.095
11 19 445457534.774
11 20 619662616.766
11 21 854230665.107
11 22 105997817.592
12 0 4517492217.133
12 1 771492599.027
12 2 135152606.076
12 3 681893972.944
12 4 108215087.192
12 5 77136427.012
12 6 140429142.702
12 7 1500942837.435
12 8 397368142.588
12 9 3773888254.442
12 10 1639329114.763
12 11 1385221273.555
12 13 3244608620.866
12 14 47148855.098
12 15 2619715801.444
12 16 20434320.088
12 17 2257701992.071
12 18 57771299.265
12 19 1576243910.122
12 20 2135493683.347
12 21 1676139467.475
12 22 565279579.098
13 0 4300922606.110
13 1 1292715248.816
13 2 47734085.843
13 3 733498944.997
13 4 686199555.016
13 5 62176237.620
13 6 354962813.165
13 7 4145110444.322
13 8 122267503.094
13 9 1654626076.519
13 10 2692088380.346
13 11 447601484.920
13 12 4761306956.736
13 14 39560002.475
13 15 4965264107.191
13 16 27769127.120
13 17 1950628439.199
13 18 125201833.433
13 19 159001667.515
13 20 5477105027.888
13 21 3311058653.091
13 22 652936515.676
14 0 34262542.095
14 1 13101608.997
14 2 5781740.720
14 3 3893147.554
14 4 5149411.575
14 5 1448436.836
14 6 673493.351
14 7 8723305.064
14 8 443320.288
14 9 4660066.122
14 10 27591249.961
14 11 6968217.384
14 12 35904463.585
14 13 12530950.951
14 15 13175192.971
14 16 271206.538
14 17 9517119.597
14 18 718284.587
14 19 17096818.648
14 20 28445214.864
14 21 4268056.850
14 22 3231229.965
15 0 3003715169.750
15 1 2849805991.340
15 2 105451412.659
15 3 673330516.094
15 4 617034137.033
15 5 86256531.203
15 6 118132753.836
15 7 4129967964.269
15 8 465301224.244
15 9 3424153168.803
15 10 2623476267.458
15 11 1148017284.590
15 12 492327609.700
15 13 2502834278.585
15 14 4913952.161
15 16 14381414.418
15 17 1230649405.782
15 18 70220648.133
15 19 1530603577.535
15 20 1408807320.514
15 21 1770813158.666
15 22 418772665.629
16 0 31830909.213
16 1 13896730.679
16 2 2152270.176
16 3 2135145.286
16 4 5034528.951
16 5 1909597.390
16 6 5933191.536
16 7 14180048.011
16 8 4551220.793
16 9 24830688.289
16 10 6723224.372
16 11 5673255.377
16 12 6296573.743
16 13 15040199.723
16 14 151654.758
16 15 3765152.404
16 17 11322893.588
16 18 1627908.514
16 19 7354059.154
16 20 16097822.182
16 21 7894187.404
16 22 5645440.374
17 0 409378747.093
17 1 850472402.766
17 2 92931451.129
17 3 127574915.059
17 4 37446701.881
17 5 80690711.576
17 6 37099984.407
17 7 1002745342.824
17 8 151311739.369
17 9 426956948.386
17 10 1087072430.877
17 11 306913360.701
17 12 828704630.435
17 13 1567967820.637
17 14 17473254.600
17 15 660963778.202
17 16 18310455.299
17 18 76649963.484
17 19 873456053.847
17 20 224815452.150
17 21 707455064.363
17 22 198427417.787
18 0 212733168.549
18 1 190341942.922
18 2 48313781.670
18 3 18544057.489
18 4 56607857.956
18 5 51790669.437
18 6 55668050.761
18 7 289096286.084
18 8 53857819.366
18 9 219365494.009
18 10 150801060.894
18 11 102202751.569
18 12 138630912.015
18 13 401890690.839
18 14 2754611.672
18 15 114614315.931
18 16 2222553.097
18 17 37377340.473
18 19 119950356.116
18 20 421785142.236
18 21 206820289.750
18 22 17716206.546
19 0 842500057.379
19 1 862074590.984
19 2 229442809.393
19 3 219832253.814
19 4 154069885.353
19 5 58808205.083
19 6 289592843.702
19 7 889464289.260
19 8 84848955.646
19 9 1265090492.650
19 10 1019342974.921
19 11 393542332.977
19 12 755031501.670
19 13 1332956362.673
19 14 14292652.923
19 15 446334419.454
19 16 11368054.433
19 17 412585663.725
19 18 171389146.170
19 20 1061405992.603
19 21 150289287.237
19 22 262229706.031
20 0 2651805843.528
20 1 802370011.503
20 2 463794515.073
20 3 571337605.761
20 4 636655527.758
20 5 129075727.893
20 6 729364006.899
20 7 875939786.073
20 8 670072151.515
20 9 3847563541.982
20 10 5059978539.161
20 11 1362881184.646
20 12 2415974573.973
20 13 979588564.562
20 14 18941698.870
20 15 1511919666.789
20 16 33378989.990
20 17 1714929536.069
20 18 238702525.124
20 19 1985432053.434
20 21 715233457.628
20 22 412792823.172
21 0 711664163.222
21 1 144064856.690
21 2 88197180.392
21 3 352593577.246
21 4 374209698.598
21 5 335580757.135
21 6 70147459.416
21 7 1929244850.418
21 8 124230937.510
21 9 1852087482.608
21 10 2421518601.846
21 11 333916839.580
21 12 3185878174.283
21 13 2615330990.007
21 14 2542242.497
21 15 2133142626.334
21 16 10602986.663
21 17 1067636586.370
21 18 273952166.901
21 19 544684088.475
21 20 1364083918.725
21 22 172857625.481
22 0 335256831.743
22 1 61523429.375
22 2 69679553.134
22 3 17205021.578
22 4 11126586.490
22 5 59540131.683
22 6 64414119.488
22 7 153941121.348
22 8 61511722.328
22 9 362650528.942
22 10 325526165.048
22 11 176353309.323
22 12 595937539.640
22 13 81565889.121
22 14 896082.991
22 15 508172258.371
22 16 1375106.657
22 17 294383470.401
22 18 61687116.768
22 19 246832821.391
22 20 684436310.502
22 21 298773403.458
