506
0 1 2304376247.584
0 2 503366556.355
0 3 203438457.715
0 4 277273675.099
0 5 134859627.823
0 6 449526680.349
0 7 2034850991.832
0 8 490267533.560
0 9 1794412813.281
0 10 3773475038.498
0 11 1333712788.299
0 12 4506805032.063
0 13 3194500204.281
0 14 36414715.795
0 15 2481159629.438
0 16 32440594.587
0 17 1388442963.275
0 18 339424697.691
0 19 744821176.108
0 20 951796479.785
0 21 2555191291.755
0 22 132053900.452
1 0 2673433993.778
1 2 279478107.341
1 3 386292127.739
1 4 329345169.262
1 5 400263868.049
1 6 321988551.426
1 7 2508713534.399
1 8 432522359.895
1 9 1061991182.699
1 10 904958474.662
1 11 765728611.331
1 12 2651516066.025
1 13 1162288979.880
1 14 2784607.903
1 15 1173327318.961
1 16 21131813.686
1 17 905018526.928
1 18 153052079.479
1 19 562498001.628
1 20 2503568238.828
1 21 375587551.288
1 22 44394634.077
2 0 366497796.823
2 1 373349729.691
2 3 95652549.892
2 4 101038687.112
2 5 86802403.674
2 6 81949823.973
2 7 67874956.728
2 8 56646357.931
2 9 282159109.726
2 10 365849694.873
2 11 95656956.307
2 12 299906104.998
2 13 297511084.576
2 14 1860214.481
2 15 552146067.443
2 16 4714643.125
2 17 79928985.512
2 18 30845735.162
2 19 106538863.813
2 20 588340687.018
2 21 144445048.350
2 22 33917776.772
3 0 382982221.218
3 1 299371854.625
3 2 84576718.352
3 4 50742236.848
3 5 18723304.193
3 6 26175030.814
3 7 174572996.779
3 8 64463035.421
3 9 586487094.084
3 10 422937297.161
3 11 95827490.024
3 12 124034748.461
3 13 686066279.497
3 14 1032562.178
3 15 572954254.614
3 16 5180964.080
3 17 201146353.299
3 18 30370794.307
3 19 163678412.521
3 20 126050713.516
3 21 170124075.743
3 22 16736130.839
4 0 551610906.502
4 1 445702864.944
4 2 15763829.020
4 3 97749323.948
4 5 38875643.456
4 6 27225926.613
4 7 479199689.261
4 8 64522275.351
4 9 286236170.919
4 10 512964578.316
4 11 124971398.602
4 12 750219534.604
4 13 696561961.234
4 14 4656752.950
4 15 200441178.696
4 16 3864630.258
4 17 59060661.474
4 18 5618184.783
4 19 142681790.103
4 20 561097265.590
4 21 88028392.315
4 22 36443907.711
5 0 189568902.174
5 1 138848225.514
5 2 90186161.773
5 3 69389020.257
5 4 71992064.810
5 6 59794704.956
5 7 325371527.467
5 8 31176046.942
5 9 351827440.878
5 10 393256858.861
5 11 34827250.065
5 12 574205078.421
5 13 57514275.188
5 14 855571.578
5 15 199219910.838
5 16 1047516.066
5 17 86630388.404
5 18 51242970.331
5 19 44702865.549
5 20 129193444.795
5 21 138080058.352
5 22 63342699.504
6 0 319273264.606
6 1 247773758.770
6 2 69778708.129
6 3 61754295.037
6 4 35726456.650
6 5 59413149.083
6 7 204325408.677
6 8 8518027.422
6 9 599335868.605
6 10 619148045.337
6 11 33887087.051
6 12 738865329.528
6 13 723592191.880
6 14 688652.833
6 15 251089967.995
6 16 5336218.235
6 17 142319132.543
6 18 7332803.870
6 19 37956350.920
6 20 617383567.168
6 21 249330712.777
6 22 74870172.501
7 0 2854136554.641
7 1 1159694275.472
7 2 325233949.713
7 3 561544691.194
7 4 480295393.725
7 5 509261247.670
7 6 524407069.404
7 8 457837638.405
7 9 1991228597.542
7 10 1963949847.350
7 11 321272130.011
7 12 2388206618.563
7 13 3770539560.985
7 14 35287944.597
7 15 1479906158.036
7 16 26619219.477
7 17 1408322720.697
7 18 289721593.803
7 19 1195123787.772
7 20 3065252313.843
7 21 787890386.082
7 22 459733769.824
8 0 405838202.971
8 1 68652465.125
8 2 95667978.370
8 3 11593854.923
8 4 85872683.653
8 5 57660786.969
8 6 21335808.832
8 7 426187461.074
8 9 635218023.688
8 10 211826118.505
8 11 175145351.502
8 12 831400605.599
8 13 165219241.547
8 14 934885.996
8 15 685277597.950
8 16 5629472.320
8 17 185189056.658
8 18 37251800.261
8 19 217276625.761
8 20 423910052.055
8 21 364758245.161
8 22 78144712.651
9 0 3188478301.578
9 1 306982048.554
9 2 507603807.644
9 3 418825879.530
9 4 108495208.327
9 5 447160765.532
9 6 143262610.804
9 7 1454106080.976
9 8 414254699.771
9 10 3046155945.116
9 11 376093056.501
9 12 2378257115.367
9 13 3713761830.654
9 14 21852882.225
9 15 418986775.889
9 16 28419980.825
9 17 1083484500.852
9 18 103209305.724
9 19 1386639128.343
9 20 4719290364.868
9 21 2890074402.184
9 22 286115340.584
10 0 2731027084.651
10 1 762988971.145
10 2 641798811.037
10 3 649603021.774
10 4 593234741.734
10 5 617847985.197
10 6 122527643.469
10 7 2323752665.425
10 8 497364300.816
10 9 1663459844.057
10 11 660709187.395
10 12 1120573941.275
10 13 2619958974.553
10 14 22636190.515
10 15 4627455345.360
10 16 4157881.637
10 17 1056660832.570
10 18 407043095.849
10 19 884159755.261
10 20 850858255.537
10 21 327944672.550
10 22 563618918.190
11 0 135213205.421
11 1 1101478876.800
11 2 220039848.971
11 3 231287560.691
11 4 245071630.648
11 5 54172176.517
11 6 125224883.114
11 7 483097556.556
11 8 156431357.009
11 9 622893439.044
11 10 1196598788.418
11 12 1532558453.631
11 13 285290068.276
11 14 14894925.711
11 15 1019554478.971
11 16 11339654.781
11 17 699283931.909
11 18 142399176.267
11 19 554937805.048
11 20 854865628.823
11 21 565507092.721
11 22 121901802.380
12 0 3156010676.570
12 1 581152945.008
12 2 139444572.035
12 3 687565289.217
12 4 415360990.603
12 5 309128747.544
12 6 477063514.827
12 7 1427098033.386
12 8 629186583.149
12 9 1682651622.000
12 10 384830918.146
12 11 1944726427.611
12 13 2165965783.744
12 14 10697034.065
12 15 4057081869.352
12 16 47696931.828
12 17 672055808.000
12 18 208415515.068
12 19 2083232792.434
12 20 473381266.799
12 21 1324227146.429
12 22 338476822.501
13 0 2050344712.601
13 1 731370561.553
13 2 633545217.026
13 3 88721138.841
13 4 721478804.073
13 5 713778873.644
13 6 427346362.181
13 7 3911317893.971
13 8 476962332.599
13 9 4417048482.450
13 10 898681946.969
13 11 1667019329.506
13 12 2732854793.968
13 14 36483728.784
13 15 3302234890.205
13 16 25905163.527
13 17 1859960518.817
13 18 129951377.438
13 19 2200070061.519
13 20 4452722468.333
13 21 3304506332.086
13 22 167587098.251
14 0 29346559.072
14 1 8209210.428
14 2 5800768.414
14 3 4208376.847
14 4 1611760.197
14 5 5163535.119
14 6 2429964.108
14 7 29396007.978
14 8 5738232.568
14 9 27811502.743
14 10 4135381.960
14 11 14225350.018
14 12 43824054.898
14 13 18501660.473
14 15 31182274.285
14 16 213954.905
14 17 13735347.669
14 18 3271410.899
14 19 11216956.532
14 20 17908310.095
14 21 8448112.756
14 22 5893669.903
15 0 2453563669.515
15 1 2824810465.671
15 2 570763569.934
15 3 230440981.147
15 4 550670639.939
15 5 80983639.721
15 6 307230308.123
15 7 465551895.028
15 8 459535392.799
15 9 2968359453.750
15 10 4502431796.914
15 11 1284093215.203
15 12 980930391.687
15 13 3383436549.235
15 14 14796769.613
15 16 38741743.426
15 17 1249769569.433
15 18 231617166.334
15 19 1251889311.273
15 20 1023548204.669
15 21 630913431.550
15 22 584558580.118
16 0 2733672.520
16 1 7027864.233
16 2 1745118.514
16 3 4653896.331
16 4 4477503.218
16 5 4788077.349
16 6 5417719.190
16 7 13771423.451
16 8 5587923.517
16 9 25860776.545
16 10 9460194.966
16 11 11884892.747
16 12 27103128.795
16 13 29297990.235
16 14 124937.243
16 15 7736986.440
16 17 5371276.757
16 18 1572713.728
16 19 13103499.054
16 20 41248349.672
16 21 10682720.287
16 22 5265076.271
17 0 527950714.467
17 1 820296759.652
17 2 261406705.110
17 3 141798594.426
17 4 84286860.228
17 5 283695281.078
17 6 74210443.097
17 7 1106299940.932
17 8 185777324.501
17 9 138594399.113
17 10 464175712.391
17 11 555665585.161
17 12 1919934931.593
17 13 1122213706.908
17 14 3065012.734
17 15 344904496.643
17 16 17837923.203
17 18 60298249.481
17 19 635073412.790
17 20 645742532.680
17 21 827543622.544
17 22 291590326.176
18 0 288349674.305
18 1 149503070.435
18 2 12967973.953
18 3 60438082.903
18 4 17474534.159
18 5 60333321.896
18 6 8754961.054
18 7 37874103.254
18 8 44966563.397
18 9 295324074.476
18 10 90039835.697
18 11 123678683.087
18 12 299023523.202
18 13 438371731.353
18 14 2662223.135
18 15 292201405.980
18 16 2329679.197
18 17 137657298.318
18 19 69486138.720
18 20 250016687.760
18 21 251140942.953
18 22 33240978.060
19 0 736573130.279
19 1 1328913041.054
19 2 157615047.195
19 3 261030923.390
19 4 218436877.312
19 5 179599850.471
19 6 42847655.939
19 7 1353784075.318
19 8 191531749.226
19 9 672268828.317
19 10 1290965215.216
19 11 98414026.869
19 12 2166882705.233
19 13 1466538119.091
19 14 3696582.080
19 15 1753453212.076
19 16 13146229.346
19 17 854316793.579
19 18 174263553.366
19 20 1239297396.746
19 21 1322102091.971
19 22 109233064.580
20 0 2332921058.428
20 1 835280726.618
20 2 572373010.756
20 3 373513518.580
20 4 561445633.010
20 5 451223333.497
20 6 180936227.354
20 7 2704288898.282
20 8 230387154.941
20 9 2051061711.046
20 10 4511737992.675
20 11 1291204667.471
20 12 5186469623.937
20 13 1153245272.899
20 14 38001361.204
20 15 1795153973.009
20 16 4083501.304
20 17 563830931.229
20 18 383722370.156
20 19 562579279.007
20 21 1198967084.527
20 22 182475028.175
21 0 2132687331.380
21 1 219342911.612
21 2 249058787.722
21 3 387289083.173
21 4 299182520.254
21 5 151534526.719
21 6 86905595.290
21 7 715625281.519
21 8 245255857.906
21 9 2532002738.644
21 10 1723268879.155
21 11 554756460.627
21 12 1086367925.665
21 13 2361925043.444
21 14 7168221.041
21 15 2657203151.061
21 16 20879195.860
21 17 1051918868.607
21 18 184437898.310
21 19 822509754.388
21 20 856901112.127
21 22 177677139.235
22 0 236433029.324
22 1 368867768.320
22 2 82785738.550
22 3 98293351.103
22 4 34957744.406
22 5 11918557.255
22 6 9259804.900
22 7 577987473.689
22 8 21029672.849
22 9 231251830.799
22 10 211320233.328
22 11 208351718.693
22 12 245051451.725
22 13 151027840.449
22 14 2563702.894
22 15 77275159.053
22 16 2051910.139
22 17 71938286.567
22 18 18536821.973
22 19 79924939.846
22 20 570670027.652
22 21 422963421.951
