506
0 1 1935784431.194
0 2 153234338.546
0 3 144460553.359
0 4 363477327.273
0 5 372358681.011
0 6 326924523.366
0 7 3151326505.907
0 8 345483602.871
0 9 2036311453.579
0 10 580747554.752
0 11 1458599269.400
0 12 1366787020.906
0 13 1221844411.600
0 14 32776616.903
0 15 1605692686.278
0 16 31414531.965
0 17 1423253387.879
0 18 316780480.611
0 19 761875719.817
0 20 2510917301.529
0 21 2423332316.535
0 22 110735459.569
1 0 204787393.699
1 2 59183246.794
1 3 379485316.298
1 4 54712618.817
1 5 371981676.921
1 6 117465493.142
1 7 1693267323.121
1 8 342377062.972
1 9 2801574571.531
1 10 290123199.070
1 11 533319721.393
1 12 2747134629.096
1 13 2195871397.085
1 14 14296422.376
1 15 1064773131.218
1 16 15929310.935
1 17 951265746.530
1 18 120778877.931
1 19 325226183.455
1 20 2762935107.661
1 21 1713197840.348
1 22 326888896.591
2 0 234634375.276
2 1 136433425.079
2 3 42464599.654
2 4 80197113.723
2 5 34403907.311
2 6 46186600.599
2 7 330290800.804
2 8 72517654.426
2 9 79143130.298
2 10 394765403.818
2 11 130512004.047
2 12 220114599.489
2 13 72034615.274
2 14 4082887.727
2 15 209400698.948
2 16 4760952.561
2 17 154339314.965
2 18 53007384.911
2 19 76392677.475
2 20 408067485.021
2 21 279652671.079
2 22 84840855.012
3 0 402951256.753
3 1 371718094.434
3 2 79572260.970
3 4 87535070.543
3 5 60919035.492
3 6 33341964.763
3 7 45050724.519
3 8 52204427.598
3 9 436014585.131
3 10 370041977.680
3 11 194032572.024
3 12 76890847.649
3 13 479489894.823
3 14 721431.559
3 15 377428815.629
3 16 1333025.221
3 17 198034811.592
3 18 23527101.058
3 19 281528177.777
3 20 211398006.336
3 21 41806664.903
3 22 44674007.133
4 0 582638441.230
4 1 264788972.591
4 2 61205034.110
4 3 46135479.833
4 5 85013397.546
4 6 38324956.281
4 7 183195508.574
4 8 21157661.016
4 9 221933133.415
4 10 694475610.239
4 11 177679424.145
4 12 428340549.083
4 13 733068756.805
4 14 879757.029
4 15 205575993.597
4 16 5651983.839
4 17 123512452.340
4 18 53753734.594
4 19 255168332.170
4 20 609914346.161
4 21 315649225.322
4 22 31411191.712
5 0 279226551.988
5 1 288575475.038
5 2 45253025.288
5 3 51773876.104
5 4 49248954.411
5 6 35611141.025
5 7 263085075.224
5 8 9090411.861
5 9 100916333.097
5 10 686180250.949
5 11 48788221.014
5 12 99335973.227
5 13 660757737.756
5 14 1406981.594
5 15 266890710.282
5 16 720826.405
5 17 201223182.624
5 18 26048713.366
5 19 233811080.160
5 20 497815970.034
5 21 207220593.187
5 22 18290557.643
6 0 167376545.147
6 1 218512597.865
6 2 15199871.920
6 3 73582834.648
6 4 76178664.544
6 5 58785842.806
6 7 417658513.087
6 8 49619839.371
6 9 61665462.805
6 10 213297789.031
6 11 36978753.664
6 12 86871730.737
6 13 240118536.214
6 14 5917077.601
6 15 195691763.802
6 16 5173678.067
6 17 38700492.759
6 18 54792738.241
6 19 161786636.245
6 20 513374719.108
6 21 275083233.280
6 22 96783607.035
7 0 1083043500.299
7 1 563583763.799
7 2 240304126.981
7 3 462345258.686
7 4 492051406.411
7 5 184642507.659
7 6 156189102.581
7 8 584691634.417
7 9 1960191512.742
7 10 3876217606.479
7 11 398698383.949
7 12 1770837384.125
7 13 2152270838.133
7 14 6692986.342
7 15 3720535496.629
7 16 2423858.109
7 17 290012717.329
7 18 340011645.265
7 19 113736151.690
7 20 1500377283.282
7 21 1452327725.138
7 22 243638137.878
8 0 544596020.788
8 1 164281404.186
8 2 53340989.498
8 3 67748904.329
8 4 46755691.258
8 5 74372430.439
8 6 93670113.304
8 7 216023093.631
8 9 438746602.800
8 10 241522209.323
8 11 182481149.058
8 12 537477547.398
8 13 97613844.867
8 14 5222532.923
8 15 228467202.792
8 16 2481844.959
8 17 54299965.527
8 18 4819556.400
8 19 63750920.855
8 20 72082118.941
8 21 236456274.844
8 22 72564951.360
9 0 3697742748.165
9 1 1979335115.173
9 2 478616978.013
9 3 394562723.090
9 4 508399843.843
9 5 413018348.968
9 6 143629522.596
9 7 982516586.011
9 8 573048444.402
9 10 3593163174.815
9 11 1505589435.570
9 12 4989895812.608
9 13 2352581371.531
9 14 38819274.674
9 15 4029263121.197
9 16 21507433.426
9 17 1899255920.007
9 18 114023275.801
9 19 1436329045.705
9 20 393540632.051
9 21 2292899040.647
9 22 111717337.999
10 0 2714169084.886
10 1 1089250322.966
10 2 202611849.474
10 3 118030537.139
10 4 625561467.192
10 5 345242193.110
10 6 448799814.149
10 7 3653462212.534
10 8 560167752.214
10 9 3455034636.391
10 11 1489754581.182
10 12 5909931346.109
10 13 2892869659.759
10 14 18365125.704
10 15 4133294938.703
10 16 32646505.362
10 17 1211190285.155
10 18 374015034.617
10 19 1963136382.425
10 20 4835420120.657
10 21 1301681723.828
10 22 375207011.660
11 0 1044967721.476
11 1 125088912.463
11 2 220456803.847
11 3 63676657.708
11 4 61615158.916
11 5 163660295.055
11 6 226303306.158
11 7 1367315197.432
11 8 205815407.674
11 9 806399947.977
11 10 402413698.837
11 12 528156462.620
11 13 1670285167.276
11 14 8970869.949
11 15 1573775924.146
11 16 6629285.573
11 17 326953792.886
11 18 92670309.101
11 19 643995662.496
11 20 1524652035.294
11 21 851418424.188
11 22 159258841.878
12 0 4252556187.860
12 1 519363659.720
12 2 176306156.521
12 3 364012571.031
12 4 423778097.656
12 5 400502406.302
12 6 536497388.237
12 7 4360703952.728
12 8 816251389.471
12 9 1889566506.995
12 10 1544885597.948
12 11 420987068.315
12 13 1235708873.989
12 14 10706924.862
12 15 4769770408.392
12 16 42523117.679
12 17 1945465693.271
12 18 81055524.147
12 19 283675906.093
12 20 616975722.813
12 21 2865656461.424
12 22 265673878.168
13 0 3017437060.277
13 1 2084414716.753
13 2 648782694.106
13 3 117600538.403
13 4 374127058.026
13 5 94184155.398
13 6 523839521.049
13 7 856299502.538
13 8 114454874.613
13 9 3097202558.726
13 10 2724137014.792
13 11 1369318170.991
13 12 2249817760.865
13 14 7600841.933
13 15 3033661256.724
13 16 30258797.053
13 17 1081925461.892
13 18 157679042.205
13 19 2033625711.939
13 20 1680786659.806
13 21 315118145.194
13 22 179323682.181
14 0 31905255.114
14 1 7074842.792
14 2 5493626.111
14 3 5607259.203
14 4 2689711.005
14 5 1436295.626
14 6 3515666.388
14 7 7246987.715
14 8 1127388.270
14 9 27059392.301
14 10 40667081.889
14 11 13720071.955
14 12 50030367.560
14 13 19501694.493
14 15 4181344.327
14 16 221938.090
14 17 4867777.505
14 18 2570335.497
14 19 11708865.749
14 20 29982429.585
14 21 18843682.866
14 22 3306324.805
15 0 4031440354.464
15 1 2914047034.747
15 2 136543296.460
15 3 408400892.741
15 4 654838131.319
15 5 340339931.976
15 6 161769677.352
15 7 949597319.822
15 8 650561743.033
15 9 3382386371.790
15 10 395205713.674
15 11 1659320967.942
15 12 4783070935.472
15 13 2727034556.774
15 14 13063900.524
15 16 31496684.500
15 17 1314392434.196
15 18 127204113.194
15 19 1589345242.490
15 20 3445340876.486
15 21 1516018474.080
15 22 220690178.560
16 0 13633437.498
16 1 10891889.642
16 2 3775114.412
16 3 473013.405
16 4 4371524.686
16 5 1519232.658
16 6 795474.069
16 7 11848534.006
16 8 3368882.757
16 9 25624225.966
16 10 24169653.526
16 11 13919427.140
16 12 21423185.042
16 13 28274223.523
16 14 213734.069
16 15 39024680.439
16 17 16770698.150
16 18 1712734.918
16 19 5844359.909
16 20 21434671.729
16 21 14067761.788
16 22 1211068.332
17 0 986113235.351
17 1 1020603287.907
17 2 287291336.797
17 3 201134300.109
17 4 169478769.404
17 5 288405320.677
17 6 64830171.574
17 7 1624036105.388
17 8 68919490.357
17 9 1698127448.335
17 10 231051613.234
17 11 605300711.315
17 12 467636299.360
17 13 1475207304.758
17 14 5569769.023
17 15 319144122.447
17 16 9120911.407
17 18 126490099.971
17 19 353670545.907
17 20 1737579529.817
17 21 1273302913.303
17 22 119540801.247
18 0 180386861.858
18 1 245617481.582
18 2 27500108.618
18 3 58092901.699
18 4 45992532.217
18 5 41636963.540
18 6 20346898.407
18 7 137488920.778
18 8 24826300.271
18 9 158176218.400
18 10 163718967.439
18 11 87517299.414
18 12 465658976.481
18 13 310964928.358
18 14 3004289.688
18 15 235743257.851
18 16 2750188.043
18 17 18556629.039
18 19 54370590.037
18 20 123602770.258
18 21 196969819.956
18 22 21965859.127
19 0 751343356.298
19 1 170787761.906
19 2 105680506.880
19 3 36539880.860
19 4 191448384.796
19 5 207628363.324
19 6 149371361.556
19 7 424737583.841
19 8 117211346.336
19 9 1048173943.005
19 10 996374437.377
19 11 286628644.975
19 12 297499361.819
19 13 2151968846.360
19 14 12504009.098
19 15 1420180236.402
19 16 10501169.973
19 17 587400591.908
19 18 169853128.450
19 20 366129558.958
19 21 605444483.543
19 22 194045119.728
20 0 1009076951.131
20 1 920926903.320
20 2 698179395.281
20 3 705990167.424
20 4 263638560.131
20 5 229001221.541
20 6 349332834.161
20 7 3130173859.585
20 8 629453343.709
20 9 1165636033.801
20 10 1175145631.464
20 11 909814726.033
20 12 1428920806.755
20 13 3600452150.894
20 14 43138937.681
20 15 2034736507.704
20 16 44160793.420
20 17 309293047.565
20 18 409149969.094
20 19 879347969.591
20 21 2758411230.146
20 22 456435869.224
21 0 891526771.292
21 1 1403177242.490
21 2 245475782.804
21 3 365478338.405
21 4 398284513.422
21 5 231114083.824
21 6 151554550.348
21 7 470175107.345
21 8 384539417.215
21 9 1373818013.190
21 10 2294695048.644
21 11 326026844.689
21 12 3768721554.705
21 13 469867999.341
21 14 7507637.772
21 15 1769434912.707
21 16 25725800.256
21 17 843762495.338
21 18 232278785.856
21 19 653870043.427
21 20 2713485845.516
21 22 112276128.205
22 0 544660293.598
22 1 177304052.379
22 2 62327136.174
22 3 65148057.893
22 4 28655864.430
22 5 19561861.477
22 6 98353581.325
22 7 71424809.738
22 8 62579835.865
22 9 434865081.989
22 10 215106352.884
22 11 67168550.994
22 12 161068095.100
22 13 696122447.862
22 14 800993.101
22 15 550066615.076
22 16 425490.118
22 17 131216750.827
22 18 8999459.056
22 19 137844878.054
22 20 549705015.541
22 21 420406996.204
