132
0 1 1036953174.864
0 2 329342700.084
0 3 693790183.466
0 4 850891332.652
0 5 279563613.954
0 6 471213533.631
0 7 646233256.125
0 8 678729597.820
0 9 279812972.733
0 10 161012329.454
0 11 176065779.705
1 0 189472341.349
1 2 2514291650.214
1 3 1087951551.982
1 4 1731231753.466
1 5 2491429424.749
1 6 3674331854.816
1 7 2196851601.252
1 8 1395635262.051
1 9 909730304.599
1 10 1204502550.614
1 11 1383335253.673
2 0 570537119.495
2 1 1656243272.780
2 3 1243852246.056
2 4 435440460.349
2 5 442257839.620
2 6 2068502267.292
2 7 1203976621.212
2 8 1483495346.988
2 9 827837305.775
2 10 229189686.691
2 11 661792221.648
3 0 808697043.097
3 1 342262838.612
3 2 653443792.292
3 4 2612475322.846
3 5 2384081275.441
3 6 1891638324.634
3 7 1133447325.301
3 8 730861163.115
3 9 1410397128.394
3 10 985262106.532
3 11 513812611.511
4 0 963762732.089
4 1 454793796.032
4 2 354793177.805
4 3 514590735.308
4 5 336415115.006
4 6 3100079228.390
4 7 777300469.306
4 8 1858140940.935
4 9 428050135.020
4 10 593786442.907
4 11 2230244229.611
5 0 151738864.204
5 1 2872636116.477
5 2 1004358592.384
5 3 2283607293.786
5 4 2451288009.009
5 6 1493871762.271
5 7 419794830.954
5 8 1511991590.588
5 9 2225064755.863
5 10 1043576966.387
5 11 1139819687.167
6 0 354088113.833
6 1 2129387612.273
6 2 754715195.520
6 3 1989219282.377
6 4 1980832547.543
6 5 272411181.443
6 7 2330984455.479
6 8 1249198403.703
6 9 555221165.040
6 10 404856110.573
6 11 1938323629.109
7 0 717163730.190
7 1 1040249443.999
7 2 766276111.551
7 3 516332111.054
7 4 846368944.171
7 5 149586949.498
7 6 617862271.306
7 8 319389130.826
7 9 844706933.694
7 10 1074840508.678
7 11 817371076.488
8 0 130906709.883
8 1 1957760213.284
8 2 778184552.922
8 3 337995299.634
8 4 1353126313.811
8 5 1658311759.607
8 6 1571523661.129
8 7 780682799.038
8 9 310038114.916
8 10 558160223.134
8 11 1221341277.670
9 0 598551527.718
9 1 1193435294.927
9 2 962013440.209
9 3 2629543408.861
9 4 2693093338.082
9 5 1633250083.307
9 6 1156730611.374
9 7 1144922089.174
9 8 620017040.999
9 10 1547195181.378
9 11 1371755097.975
10 0 647865515.590
10 1 1770421690.989
10 2 179461841.991
10 3 978615070.496
10 4 2306689318.294
10 5 880780499.173
10 6 2029340554.011
10 7 893160626.600
10 8 195139901.518
10 9 800069006.427
10 11 1031045735.160
11 0 447647736.689
11 1 321714726.636
11 2 817950591.055
11 3 2196304535.105
11 4 791091025.996
11 5 1767784799.165
11 6 2140954080.093
11 7 1531508809.656
11 8 1419705559.964
11 9 2104487594.020
11 10 234635186.818
