132
0 1 254981312.857
0 2 98892724.191
0 3 1001708204.098
0 4 823190482.371
0 5 452615091.850
0 6 902727227.987
0 7 569399514.075
0 8 343546385.956
0 9 532922582.949
0 10 511673744.479
0 11 756355516.283
1 0 545807173.883
1 2 1525646911.316
1 3 887471748.010
1 4 1616788693.158
1 5 2083864303.478
1 6 2002295965.489
1 7 973179832.514
1 8 501701949.546
1 9 3370469343.966
1 10 2260233179.299
1 11 1745714582.792
2 0 275144820.131
2 1 940402500.182
2 3 1376759480.151
2 4 207336227.599
2 5 1156120904.639
2 6 1456487672.230
2 7 1509939084.211
2 8 843498118.307
2 9 1650892891.995
2 10 610556419.860
2 11 780924282.550
3 0 660240832.156
3 1 854116018.615
3 2 549261212.172
3 4 1543222263.544
3 5 2223377393.403
3 6 3501143556.773
3 7 823112482.827
3 8 1321413129.360
3 9 2473947164.731
3 10 2049223674.010
3 11 168830486.087
4 0 968000152.410
4 1 666093967.900
4 2 1118594560.102
4 3 2457984359.139
4 5 1452172398.852
4 6 3213053069.011
4 7 1143150443.401
4 8 376310112.173
4 9 1086781333.744
4 10 1532910953.178
4 11 1908885474.619
5 0 243304838.124
5 1 1165457394.199
5 2 942879107.048
5 3 1759466349.761
5 4 2561433411.316
5 6 2412920626.689
5 7 1017355670.243
5 8 265846058.938
5 9 2085182383.098
5 10 1750690303.074
5 11 1453014007.860
6 0 1068084124.378
6 1 1153191943.522
6 2 2067496135.922
6 3 1129110846.065
6 4 2287310248.801
6 5 2611203844.183
6 7 918509795.386
6 8 1568073089.113
6 9 2511236818.024
6 10 177577282.425
6 11 513048477.263
7 0 61603244.168
7 1 1380446665.084
7 2 310481237.720
7 3 2039015154.737
7 4 1733040139.789
7 5 303888441.487
7 6 156091313.150
7 8 749439914.808
7 9 1071289218.644
7 10 577119339.367
7 11 221511274.262
8 0 418397527.762
8 1 285529381.457
8 2 400827398.791
8 3 1651458412.908
8 4 1427316466.041
8 5 1549982706.427
8 6 1332567303.764
8 7 1464452321.636
8 9 366125015.684
8 10 1071870582.791
8 11 1557293419.599
9 0 836770517.479
9 1 2687276986.063
9 2 715996848.719
9 3 704294501.714
9 4 2973762087.124
9 5 2161318843.127
9 6 1847828305.706
9 7 655176552.375
9 8 1156564750.610
9 10 2035295845.655
9 11 818139339.938
10 0 491525486.301
10 1 1576710499.601
10 2 626887731.390
10 3 580106121.761
10 4 318718795.609
10 5 1749153298.444
10 6 461623661.446
10 7 1269050563.768
10 8 1330043662.666
10 9 1645412961.674
10 11 602004851.181
11 0 757429876.181
11 1 1335285158.224
11 2 1219194246.553
11 3 2239816692.055
11 4 1106355508.161
11 5 376929681.851
11 6 1316677697.563
11 7 718752715.767
11 8 135264021.370
11 9 1591599358.003
11 10 1135495529.299
