132
0 1 664774831.479
0 2 193302527.511
0 3 501828695.342
0 4 918240373.653
0 5 862089837.708
0 6 456075045.421
0 7 578003943.784
0 8 476818883.456
0 9 536297538.834
0 10 383922574.820
0 11 505786450.544
1 0 757828769.688
1 2 1540718726.032
1 3 2765505581.170
1 4 1515324079.271
1 5 1571361719.911
1 6 1639876661.084
1 7 1693965473.307
1 8 523147605.393
1 9 2311561670.535
1 10 1929853402.813
1 11 2516927039.257
2 0 665528975.800
2 1 2057788963.521
2 3 432994267.534
2 4 1768794385.122
2 5 1265959608.624
2 6 2183047762.480
2 7 783431827.996
2 8 1012655526.035
2 9 509433617.420
2 10 1425280179.322
2 11 1207421565.203
3 0 460347950.477
3 1 3134562366.262
3 2 1527550523.999
3 4 1100426956.740
3 5 2158989366.127
3 6 538623726.084
3 7 1288262175.556
3 8 1590746481.658
3 9 1250562355.691
3 10 828379766.185
3 11 1452319063.932
4 0 1146317555.769
4 1 2569990695.900
4 2 2013508622.114
4 3 1472248479.713
4 5 1054831411.639
4 6 714845926.122
4 7 463391450.644
4 8 1351473770.870
4 9 805057088.740
4 10 426474329.493
4 11 1785862880.403
5 0 685872175.240
5 1 1111420225.609
5 2 497641211.945
5 3 1874224091.908
5 4 438955764.127
5 6 1526541767.750
5 7 1410659692.740
5 8 1611325581.762
5 9 374670909.267
5 10 1058461668.129
5 11 281807724.703
6 0 893033572.117
6 1 587495277.085
6 2 1980367486.391
6 3 2071411856.959
6 4 2398993637.594
6 5 1418089967.737
6 7 1256482481.938
6 8 266181849.826
6 9 3397490883.418
6 10 1169646098.843
6 11 2317203850.782
7 0 425682944.709
7 1 646767617.697
7 2 270524215.642
7 3 2211785088.232
7 4 799099131.663
7 5 207478526.621
7 6 2299675758.793
7 8 522677309.062
7 9 299600718.600
7 10 1354599296.682
7 11 544135008.359
8 0 189134392.926
8 1 2499568983.961
8 2 982940713.532
8 3 2225822185.553
8 4 645629774.499
8 5 916094777.647
8 6 783411532.246
8 7 324244324.374
8 9 1509980444.566
8 10 1497541887.546
8 11 232399778.426
9 0 598369337.644
9 1 2460208879.304
9 2 2162972337.151
9 3 2815972012.388
9 4 2143960020.867
9 5 242051679.852
9 6 2069676922.651
9 7 1529621497.319
9 8 2227378731.444
9 10 1882239393.979
9 11 1391528868.837
10 0 300817502.039
10 1 2139533392.460
10 2 1160868948.656
10 3 1638820081.644
10 4 811666138.931
10 5 458716621.114
10 6 915060957.235
10 7 659290434.940
10 8 962409125.649
10 9 703731829.109
10 11 356895454.285
11 0 603011853.462
11 1 1788874546.207
11 2 557664782.969
11 3 883662099.748
11 4 1211796323.637
11 5 1079693595.670
11 6 1432641994.792
11 7 891914409.688
11 8 231607388.652
11 9 1580970902.254
11 10 932025701.484
