132
0 1 258638989.254
0 2 261269643.249
0 3 1067632317.572
0 4 227922406.935
0 5 570933097.874
0 6 1152129434.760
0 7 109445389.827
0 8 83444964.948
0 9 445810411.149
0 10 123162582.125
0 11 624687151.083
1 0 314847839.548
1 2 1117715693.391
1 3 1423495588.266
1 4 2206485308.948
1 5 272752421.895
1 6 496668769.012
1 7 1373524851.877
1 8 2251911133.467
1 9 2902449778.046
1 10 367986665.215
1 11 1192444665.089
2 0 783353733.068
2 1 2272381176.145
2 3 2282873019.577
2 4 1680746742.764
2 5 496447825.629
2 6 2211246930.559
2 7 277146446.406
2 8 697803206.190
2 9 2075143873.662
2 10 477633423.051
2 11 961413618.557
3 0 533628774.327
3 1 3258106795.288
3 2 1013419122.530
3 4 1549415218.973
3 5 2142382887.548
3 6 1520424674.967
3 7 218720107.617
3 8 873306264.229
3 9 1606836251.317
3 10 615467234.171
3 11 387852971.629
4 0 190267974.419
4 1 523218265.281
4 2 788689739.788
4 3 479518533.734
4 5 2491340006.110
4 6 450829604.992
4 7 1853565837.744
4 8 2010809371.163
4 9 1398197194.131
4 10 1406312042.109
4 11 302355613.161
5 0 150298229.372
5 1 719460552.235
5 2 1703491183.832
5 3 2478625558.410
5 4 1383727552.129
5 6 1526982412.095
5 7 1133691244.991
5 8 250974158.956
5 9 1203383896.757
5 10 796302407.515
5 11 1426641823.587
6 0 686010127.771
6 1 412739618.434
6 2 1818781682.045
6 3 249106198.623
6 4 1643833466.420
6 5 884211721.310
6 7 1178065286.013
6 8 2354292148.754
6 9 3134772826.271
6 10 1772365982.913
6 11 185746819.538
7 0 201972581.076
7 1 2384547109.054
7 2 842453813.315
7 3 311957535.139
7 4 2250370125.268
7 5 1672154216.773
7 6 1650985347.765
7 8 1118385111.862
7 9 1191831938.689
7 10 1550127533.128
7 11 537409333.039
8 0 375229467.680
8 1 666944744.083
8 2 224877812.797
8 3 1154064485.387
8 4 1165805151.515
8 5 1604615522.191
8 6 1461121478.682
8 7 1024067585.634
8 9 295189472.150
8 10 584612373.097
8 11 356516676.237
9 0 901411176.931
9 1 1980246255.733
9 2 1379142787.873
9 3 2150083014.505
9 4 1028840247.780
9 5 782929447.330
9 6 3141039851.638
9 7 2005270748.491
9 8 329830736.012
9 10 1713808261.144
9 11 1457072698.144
10 0 691800421.471
10 1 272220374.300
10 2 1066665389.044
10 3 1729299380.806
10 4 1951831527.140
10 5 1478442759.796
10 6 943348008.033
10 7 825347418.829
10 8 1402742563.194
10 9 1216639850.115
10 11 154419084.458
11 0 67287321.039
11 1 1806145514.846
11 2 1329430963.835
11 3 490953448.651
11 4 385265570.908
11 5 1091096905.132
11 6 1574148578.740
11 7 573963954.475
11 8 691240930.207
11 9 747157473.123
11 10 1134454714.831
