132
0 1 230527243.950
0 2 649219901.219
0 3 515726064.085
0 4 386490264.010
0 5 147049137.662
0 6 188571679.869
0 7 784296972.547
0 8 735544018.817
0 9 414649768.523
0 10 435205320.322
0 11 680399145.141
1 0 216296949.422
1 2 1919517727.305
1 3 1761560118.413
1 4 3449279909.724
1 5 1592117958.354
1 6 1097090940.849
1 7 658826228.219
1 8 341986044.610
1 9 2868255377.511
1 10 2213362653.623
1 11 981795456.430
2 0 425013927.774
2 1 825381926.282
2 3 2189293458.131
2 4 1104304202.822
2 5 1151164666.179
2 6 1253005932.616
2 7 896815716.673
2 8 842394189.369
2 9 1961876044.084
2 10 1406045535.655
2 11 1462917109.989
3 0 1023602922.269
3 1 614936592.334
3 2 2030194248.344
3 4 979710816.465
3 5 1396385727.223
3 6 688581140.929
3 7 1343541491.253
3 8 1101556016.024
3 9 878909644.625
3 10 2145282363.093
3 11 1837754982.650
4 0 560531458.645
4 1 1158365812.118
4 2 1793021604.872
4 3 2281880862.783
4 5 1798994231.188
4 6 1625826494.466
4 7 1928728478.343
4 8 1658674638.565
4 9 489955625.212
4 10 498892245.269
4 11 2245725929.049
5 0 492862383.825
5 1 813859183.837
5 2 968625757.588
5 3 295556117.461
5 4 1189104767.765
5 6 832258123.637
5 7 886013101.716
5 8 1700693045.015
5 9 2500094978.954
5 10 1649333678.052
5 11 1621127909.434
6 0 891106165.050
6 1 2782335321.170
6 2 1596345309.202
6 3 1289185546.233
6 4 645668458.944
6 5 569978323.203
6 7 785450395.380
6 8 168031539.389
6 9 2457039058.671
6 10 1379361074.729
6 11 802853979.996
7 0 591473880.907
7 1 175620459.022
7 2 655833421.509
7 3 1999101563.465
7 4 2281696250.451
7 5 283414080.587
7 6 1968394114.820
7 8 263814743.357
7 9 2248891153.443
7 10 863341544.363
7 11 362352563.697
8 0 179816271.107
8 1 257466918.857
8 2 508383351.298
8 3 641258442.321
8 4 1049300249.088
8 5 1560855012.797
8 6 1206245047.056
8 7 771475624.306
8 9 148785108.817
8 10 526052967.678
8 11 1477990246.382
9 0 407529191.116
9 1 1262944426.057
9 2 869755142.482
9 3 2213849653.403
9 4 1488501803.761
9 5 1868557406.587
9 6 609229977.242
9 7 2115418800.140
9 8 678767731.766
9 10 1353789719.591
9 11 2330541262.957
10 0 587589690.519
10 1 889336170.386
10 2 1072564341.306
10 3 1398189897.800
10 4 1092064478.461
10 5 1404331260.758
10 6 1776340501.511
10 7 1184505313.783
10 8 846328632.896
10 9 298920706.138
10 11 1090512825.221
11 0 433052364.580
11 1 1600597490.797
11 2 1474806979.695
11 3 913828418.629
11 4 1278956421.087
11 5 313979859.913
11 6 2357236289.511
11 7 388395321.305
11 8 242610799.177
11 9 1680141632.503
11 10 1072696877.059
