132
0 1 1270771625.080
0 2 113479971.120
0 3 98708533.849
0 4 347922243.753
0 5 854525253.983
0 6 882314548.555
0 7 743713165.844
0 8 606896300.456
0 9 1153348270.297
0 10 587933443.188
0 11 317149152.736
1 0 786635638.748
1 2 1631571549.378
1 3 2074823037.867
1 4 3520248907.167
1 5 1394682241.207
1 6 1118789971.620
1 7 1450981500.403
1 8 1747211056.707
1 9 2014527239.474
1 10 1247522879.738
1 11 206707100.527
2 0 559118062.801
2 1 1234306171.623
2 3 1880436779.684
2 4 1745261075.269
2 5 1087377422.199
2 6 746281256.791
2 7 546201735.419
2 8 580198733.977
2 9 548095198.765
2 10 137373769.490
2 11 1124514730.282
3 0 772068550.929
3 1 1650033517.119
3 2 1670104362.128
3 4 1806696358.264
3 5 2653168955.301
3 6 2600947691.139
3 7 1899960958.750
3 8 2212838518.169
3 9 2786593733.414
3 10 1518533228.486
3 11 1993885106.855
4 0 975289537.849
4 1 3542696577.893
4 2 537693407.076
4 3 780711451.376
4 5 733080224.868
4 6 1106395410.866
4 7 330139757.207
4 8 902470554.293
4 9 1337926863.380
4 10 488685698.040
4 11 1985738962.931
5 0 194126384.125
5 1 1916953544.505
5 2 287994285.759
5 3 2516445094.596
5 4 776914434.593
5 6 1707387507.111
5 7 451026939.045
5 8 694091900.595
5 9 2240197626.234
5 10 1057666736.486
5 11 1716454452.976
6 0 954399204.544
6 1 2450290498.204
6 2 928047892.485
6 3 2642167036.153
6 4 2254527159.974
6 5 2640971224.278
6 7 635259769.820
6 8 1699987518.130
6 9 2865937659.571
6 10 1337371378.620
6 11 505818077.286
7 0 425793320.627
7 1 708538134.699
7 2 737769972.540
7 3 427776007.335
7 4 796602806.275
7 5 1215715637.027
7 6 599792777.760
7 8 229057258.328
7 9 835380656.284
7 10 1083640512.459
7 11 705526262.260
8 0 771579499.392
8 1 747196808.815
8 2 950102283.628
8 3 708502372.637
8 4 705394879.681
8 5 858419486.348
8 6 472841014.609
8 7 1163103891.318
8 9 1998742436.076
8 10 1404676329.221
8 11 1499861274.780
9 0 387939339.034
9 1 2822628864.746
9 2 448700776.917
9 3 815280770.446
9 4 3039385828.153
9 5 1267980268.728
9 6 2153936365.236
9 7 1946771491.712
9 8 2287889126.317
9 10 1455324274.727
9 11 442487327.395
10 0 469590038.381
10 1 2324760693.450
10 2 1484204284.366
10 3 1552006518.560
10 4 1712883698.820
10 5 158801729.264
10 6 2118424298.592
10 7 1541651825.577
10 8 640839083.235
10 9 1513230053.609
10 11 339980447.419
11 0 224487690.391
11 1 2104726487.798
11 2 1022103427.706
11 3 1406958952.251
11 4 588000797.299
11 5 1125552983.416
11 6 1872614070.034
11 7 907908368.695
11 8 1012564120.193
11 9 1604373953.193
11 10 1129623969.300
