132
0 1 758387410.373
0 2 227601296.047
0 3 1065869289.217
0 4 204252760.393
0 5 393992338.584
0 6 210923254.695
0 7 449337486.544
0 8 177447256.263
0 9 379371140.665
0 10 176071230.204
0 11 481731038.679
1 0 138293246.898
1 2 2020918216.967
1 3 3061547849.329
1 4 2134243324.325
1 5 753787904.418
1 6 1396368515.798
1 7 2438260954.825
1 8 1397727772.933
1 9 435379970.790
1 10 286847424.692
1 11 2105371295.238
2 0 265604009.048
2 1 2059241680.895
2 3 2352701289.582
2 4 1329821764.057
2 5 1233760101.040
2 6 1882465969.515
2 7 1210510721.643
2 8 1249031100.255
2 9 1601891421.969
2 10 605882952.132
2 11 245126875.914
3 0 322010898.087
3 1 649859512.177
3 2 645249554.735
3 4 3161157443.629
3 5 1125660215.688
3 6 2962189576.965
3 7 945386411.830
3 8 1617226137.217
3 9 3309756841.606
3 10 2226074056.391
3 11 167852355.900
4 0 1073273787.984
4 1 1031735879.883
4 2 1417746987.292
4 3 1854861642.612
4 5 1325799245.301
4 6 3151616761.848
4 7 1469851175.497
4 8 1783049321.058
4 9 2213125253.579
4 10 1043891422.818
4 11 399943974.272
5 0 882618230.219
5 1 2763496188.208
5 2 632714120.909
5 3 1263722351.252
5 4 1071315704.979
5 6 1950273694.008
5 7 797528279.544
5 8 1679257059.105
5 9 524490094.670
5 10 672983180.890
5 11 383181033.027
6 0 1064705119.502
6 1 2783952842.689
6 2 1239183589.731
6 3 1360624346.580
6 4 3353451347.851
6 5 2655984294.955
6 7 983787053.858
6 8 499586684.273
6 9 760874974.980
6 10 2179265783.210
6 11 557678372.904
7 0 666701513.122
7 1 2244766965.568
7 2 998447869.166
7 3 1677859524.715
7 4 955026393.345
7 5 721637903.087
7 6 289170209.790
7 8 1172460801.692
7 9 1758937070.782
7 10 680275981.333
7 11 891594564.462
8 0 494988209.654
8 1 1103624990.102
8 2 1573646698.180
8 3 1998814569.238
8 4 1882704452.068
8 5 567737658.221
8 6 1727701012.251
8 7 984616419.547
8 9 1863204054.577
8 10 774774430.125
8 11 229030676.035
9 0 1003022728.313
9 1 1452974053.057
9 2 605509364.821
9 3 1643999741.335
9 4 2628348886.169
9 5 1531285957.693
9 6 1256588888.504
9 7 448730443.502
9 8 1031124410.716
9 10 1006238991.363
9 11 1180741110.601
10 0 541882699.424
10 1 442670813.401
10 2 318932326.993
10 3 1197922872.619
10 4 889367767.110
10 5 1106958320.387
10 6 865007929.774
10 7 131990009.423
10 8 1286686928.269
10 9 1536457903.714
10 11 1435544953.341
11 0 66437935.190
11 1 1310954403.792
11 2 1419590646.991
11 3 1922720822.010
11 4 1918509128.900
11 5 1252065789.563
11 6 325222300.745
11 7 1165969005.998
11 8 1429918897.648
11 9 851307916.690
11 10 1202753108.473
