132
0 1 762464964.226
0 2 702374531.756
0 3 348066435.841
0 4 245427984.472
0 5 578143535.324
0 6 537760918.517
0 7 202716462.946
0 8 641236138.108
0 9 95302771.835
0 10 739071513.373
0 11 134348692.768
1 0 408019896.230
1 2 1152170525.781
1 3 3174145362.578
1 4 1714979492.099
1 5 1546408487.803
1 6 3561056567.172
1 7 1184800609.368
1 8 397842717.522
1 9 2341010788.626
1 10 955303048.914
1 11 251436393.932
2 0 559844342.117
2 1 1059355825.791
2 3 1522041367.724
2 4 1636058481.848
2 5 595220274.053
2 6 720764517.982
2 7 297984344.640
2 8 1303531293.681
2 9 460104996.018
2 10 569551158.149
2 11 930231820.255
3 0 1056507124.522
3 1 396800317.383
3 2 1200393392.076
3 4 3423556832.260
3 5 2465157158.019
3 6 3100415607.108
3 7 2286523152.212
3 8 1600161443.931
3 9 1041376150.007
3 10 558833159.628
3 11 191754597.506
4 0 236353702.332
4 1 3634031107.634
4 2 2301871713.803
4 3 2331650526.758
4 5 2470484524.916
4 6 456143441.424
4 7 1790060382.149
4 8 1660527845.716
4 9 992640518.838
4 10 1749493286.303
4 11 1636951802.817
5 0 614620622.741
5 1 1041394044.761
5 2 1114697961.376
5 3 1304590926.547
5 4 253957753.335
5 6 1566916181.523
5 7 1282297288.351
5 8 170250989.060
5 9 199579137.916
5 10 1057007624.754
5 11 752926963.350
6 0 1165160856.691
6 1 2164232260.047
6 2 1591132449.211
6 3 3049427660.069
6 4 3171232024.715
6 5 2547090601.046
6 7 1526897228.346
6 8 312254801.998
6 9 3124775078.939
6 10 1327019879.725
6 11 825414720.435
7 0 752966862.779
7 1 2216353338.045
7 2 663275155.749
7 3 1863293359.774
7 4 912414931.641
7 5 1149292003.421
7 6 439297086.360
7 8 499032590.686
7 9 216301352.455
7 10 684579155.160
7 11 899308546.573
8 0 273983626.887
8 1 199893567.619
8 2 847114899.167
8 3 1822244963.863
8 4 653943613.069
8 5 1448632696.239
8 6 1333984202.694
8 7 470499977.047
8 9 193153404.218
8 10 1567552138.334
8 11 655735783.945
9 0 588997973.926
9 1 2517534187.937
9 2 2099275625.844
9 3 3432353350.934
9 4 1269009292.121
9 5 2002267732.735
9 6 2441174169.363
9 7 2203207965.905
9 8 720267005.708
9 10 1359554646.386
9 11 1166042490.481
10 0 167649970.495
10 1 836879047.892
10 2 1301806105.966
10 3 1761536883.694
10 4 1219700618.336
10 5 612571863.141
10 6 1946963818.894
10 7 337934550.618
10 8 235955831.409
10 9 351128058.325
10 11 1221024348.728
11 0 718245654.675
11 1 2007035083.354
11 2 1449297551.857
11 3 1710341010.867
11 4 1318751538.645
11 5 528488654.030
11 6 1059495013.257
11 7 1518688729.486
11 8 1516549901.925
11 9 470501757.595
11 10 1512810595.401
