132
0 1 107938988.810
0 2 622389752.109
0 3 416379164.430
0 4 219329997.150
0 5 577524163.272
0 6 723002389.138
0 7 395554225.507
0 8 666755830.176
0 9 871425474.597
0 10 508289928.132
0 11 782373593.808
1 0 368606426.735
1 2 810206278.199
1 3 480061169.636
1 4 477248263.736
1 5 1552894614.418
1 6 3534049603.428
1 7 2071437203.965
1 8 563406079.471
1 9 1535765617.702
1 10 1735251051.958
1 11 1175565661.512
2 0 651373003.733
2 1 2104455018.593
2 3 2353104983.795
2 4 1029596144.764
2 5 1520547278.161
2 6 293510509.051
2 7 160840802.538
2 8 878610295.933
2 9 1067490892.278
2 10 1232085937.420
2 11 1545885475.792
3 0 666382345.177
3 1 2233700584.146
3 2 1191085341.242
3 4 1401047039.110
3 5 815739281.937
3 6 281552714.171
3 7 1376117958.710
3 8 423014163.140
3 9 3524659399.647
3 10 1628007444.881
3 11 297362757.563
4 0 975266789.113
4 1 1390370752.741
4 2 2295863615.436
4 3 2113256414.465
4 5 1602632794.859
4 6 410335647.933
4 7 697806335.979
4 8 336494210.303
4 9 3164968850.698
4 10 1970764961.366
4 11 1246325425.648
5 0 379111851.502
5 1 1678290989.571
5 2 394466642.357
5 3 1645082093.340
5 4 2105002364.946
5 6 714102438.681
5 7 1184560012.918
5 8 253159529.699
5 9 2094508456.668
5 10 616495032.261
5 11 224423424.921
6 0 1008150681.882
6 1 3127586250.675
6 2 314825260.505
6 3 646170952.838
6 4 1446946164.325
6 5 1233197748.066
6 7 1200716338.590
6 8 1563984567.754
6 9 1978815035.291
6 10 1756282070.797
6 11 1521658809.900
7 0 611185077.953
7 1 230869502.123
7 2 407544831.230
7 3 2020329496.525
7 4 1970949314.924
7 5 322236365.144
7 6 726416247.386
7 8 180663364.576
7 9 2262878484.250
7 10 796331165.406
7 11 344985564.619
8 0 115644257.480
8 1 1968063678.437
8 2 663272279.470
8 3 1355958895.415
8 4 1346696971.082
8 5 1103557056.221
8 6 233581783.452
8 7 1361514432.159
8 9 1490874532.894
8 10 1273838277.330
8 11 338967455.437
9 0 1014071374.988
9 1 2688009829.001
9 2 1343910886.621
9 3 1622785535.185
9 4 3231664335.101
9 5 1239523788.955
9 6 1319736698.161
9 7 2323733819.637
9 8 559339051.844
9 10 2330662380.247
9 11 1158513195.737
10 0 183064752.440
10 1 336904868.652
10 2 388063523.898
10 3 1313530673.134
10 4 1906299593.962
10 5 1059182255.243
10 6 1659669320.017
10 7 679205969.915
10 8 936557234.758
10 9 2326180541.722
10 11 1345710926.988
11 0 107544806.952
11 1 1279158652.848
11 2 576500414.918
11 3 2162699800.179
11 4 1960659136.813
11 5 565999272.311
11 6 740238057.881
11 7 410880487.448
11 8 1275451857.179
11 9 318589630.793
11 10 831520964.723
