132
0 1 635019439.919
0 2 722448736.012
0 3 178966778.467
0 4 806986338.143
0 5 616866396.028
0 6 1052053720.666
0 7 70749093.687
0 8 601329872.247
0 9 786428406.976
0 10 685038772.007
0 11 567405067.319
1 0 1245287606.187
1 2 1451306820.348
1 3 2796775851.577
1 4 1627478743.466
1 5 1422423443.239
1 6 1939906846.811
1 7 2005780420.679
1 8 666796135.574
1 9 1133016054.986
1 10 1684132861.203
1 11 1886266160.944
2 0 73776607.963
2 1 2311285473.137
2 3 696085800.566
2 4 1291025289.787
2 5 1402390610.864
2 6 1285347892.299
2 7 1228409606.476
2 8 678895375.430
2 9 1867301793.630
2 10 527774110.820
2 11 625671079.337
3 0 1093071099.805
3 1 1921134473.418
3 2 1290042843.309
3 4 423209325.973
3 5 2082323937.754
3 6 2594451195.767
3 7 2000655007.464
3 8 2284067682.868
3 9 3469693027.167
3 10 1649122946.378
3 11 1176798936.082
4 0 636215623.636
4 1 2196888098.650
4 2 621252005.716
4 3 3011405601.870
4 5 2520448777.970
4 6 737689550.314
4 7 1173388796.717
4 8 1293529125.689
4 9 2976519930.634
4 10 2021188453.245
4 11 2361464115.996
5 0 154908964.791
5 1 2843935045.047
5 2 120522103.430
5 3 2271394204.564
5 4 1477646129.636
5 6 2651432730.763
5 7 225249750.736
5 8 1308574875.225
5 9 559508699.589
5 10 1694366422.425
5 11 1533462598.443
6 0 454770190.062
6 1 874475573.983
6 2 163693642.833
6 3 2965372953.525
6 4 1968518438.022
6 5 2191605643.965
6 7 1477795286.082
6 8 2052959356.076
6 9 2777845336.845
6 10 1773464284.703
6 11 178584897.304
7 0 380246094.596
7 1 205569868.637
7 2 1227635674.451
7 3 1965541251.920
7 4 1210869546.049
7 5 814121592.681
7 6 994945740.946
7 8 594125615.141
7 9 680403689.442
7 10 1188941843.611
7 11 923232804.462
8 0 713249903.963
8 1 2554405040.603
8 2 431705362.038
8 3 1865648950.470
8 4 499657876.838
8 5 549378227.610
8 6 1523500491.479
8 7 561164680.553
8 9 741689197.118
8 10 1203854000.665
8 11 1519525357.482
9 0 1008960931.692
9 1 2819450171.844
9 2 218542523.674
9 3 1999360515.317
9 4 2350045784.970
9 5 1573952200.400
9 6 1935369415.577
9 7 2211471627.272
9 8 194976604.336
9 10 1853412867.920
9 11 1361182609.478
10 0 437058035.054
10 1 610891944.353
10 2 1266450397.635
10 3 1724625453.169
10 4 1746288817.480
10 5 657348775.833
10 6 489360684.986
10 7 128118002.400
10 8 648962515.738
10 9 608372859.823
10 11 680057782.978
11 0 489157526.080
11 1 776291436.161
11 2 903162199.575
11 3 2179681917.115
11 4 1004385315.656
11 5 366445476.958
11 6 1235736090.021
11 7 300138238.369
11 8 1178513096.467
11 9 962103354.515
11 10 894129472.676
