132
0 1 319646893.155
0 2 75199138.707
0 3 326135377.533
0 4 456856819.122
0 5 327235100.490
0 6 122938828.786
0 7 516878639.952
0 8 302582739.856
0 9 493512647.054
0 10 358344909.155
0 11 347969303.818
1 0 1227337743.942
1 2 161916173.980
1 3 3189260647.540
1 4 3630504134.812
1 5 1763506926.312
1 6 1533450374.847
1 7 1596625982.365
1 8 2346580689.055
1 9 807896971.533
1 10 2018328957.147
1 11 271186248.416
2 0 159169294.181
2 1 1516197999.722
2 3 2018171101.308
2 4 864524329.871
2 5 189358746.235
2 6 991500350.369
2 7 296101114.084
2 8 1351521642.730
2 9 1246387743.472
2 10 1294848557.280
2 11 929892753.858
3 0 975531725.675
3 1 2186451373.975
3 2 1863538229.561
3 4 2214325376.122
3 5 331500352.195
3 6 1370827453.954
3 7 557663701.820
3 8 1559272415.059
3 9 2901863342.093
3 10 1841317008.809
3 11 2256166935.583
4 0 267755754.879
4 1 2638220910.908
4 2 1894617065.481
4 3 1611820617.640
4 5 1289210346.328
4 6 2397332921.213
4 7 1432121809.684
4 8 2265270997.404
4 9 920043985.549
4 10 1167138787.325
4 11 2214937302.321
5 0 68588117.563
5 1 989167428.763
5 2 790960632.470
5 3 1132191079.880
5 4 807776044.016
5 6 635176821.898
5 7 1316044892.023
5 8 131721472.265
5 9 2142106817.454
5 10 1525446937.174
5 11 1009166417.589
6 0 744689132.716
6 1 425211534.589
6 2 1576976049.637
6 3 3205447894.126
6 4 2477841797.838
6 5 1454100576.421
6 7 1452504836.135
6 8 1858109423.719
6 9 1353202455.597
6 10 462736681.811
6 11 1533089203.555
7 0 293393735.199
7 1 1855832551.646
7 2 376397342.374
7 3 1332654948.030
7 4 302124380.839
7 5 818896656.163
7 6 1674666428.083
7 8 1562274990.825
7 9 243180586.925
7 10 399513593.530
7 11 1298065531.076
8 0 519874051.867
8 1 510322835.830
8 2 224016741.942
8 3 2035839435.056
8 4 2255876607.781
8 5 238377808.066
8 6 595905261.331
8 7 1203830342.023
8 9 2244195089.778
8 10 1379548181.742
8 11 1458027992.690
9 0 869863280.028
9 1 1864572250.873
9 2 602061658.798
9 3 3131071889.524
9 4 267602562.792
9 5 929788155.174
9 6 2816236874.329
9 7 2137332191.525
9 8 1539702112.593
9 10 2079256960.054
9 11 2287573697.658
10 0 481982019.980
10 1 1866900687.673
10 2 1001199996.447
10 3 688052855.497
10 4 652098892.170
10 5 1441108642.230
10 6 380200582.258
10 7 179722512.405
10 8 1153023174.554
10 9 495558345.763
10 11 354601437.555
11 0 416726780.726
11 1 1953681097.916
11 2 1439280402.194
11 3 1249222408.297
11 4 1839284464.989
11 5 810462726.733
11 6 1382506439.794
11 7 1245363981.360
11 8 311253101.708
11 9 638257824.052
11 10 147076951.981
