132
0 1 103664602.563
0 2 473042420.120
0 3 729049978.945
0 4 131867488.924
0 5 803039382.125
0 6 982162060.690
0 7 731471225.630
0 8 476282959.568
0 9 440636886.119
0 10 423772481.985
0 11 408888355.708
1 0 592941378.949
1 2 1296417154.613
1 3 1967847855.775
1 4 2169351299.520
1 5 2222438658.629
1 6 1506257431.923
1 7 912130491.580
1 8 1921303100.434
1 9 692430143.855
1 10 2391107068.132
1 11 2374527429.960
2 0 779161619.431
2 1 187208795.497
2 3 763476751.296
2 4 690120423.219
2 5 668509947.926
2 6 1806660975.087
2 7 1260478433.197
2 8 173107555.497
2 9 1331822532.285
2 10 334995206.482
2 11 742303237.442
3 0 367132473.184
3 1 1571144147.752
3 2 1269196445.086
3 4 3178398464.294
3 5 1427170668.082
3 6 2084879382.765
3 7 1721110474.697
3 8 2226668194.233
3 9 467103139.066
3 10 261736338.527
3 11 849048333.262
4 0 236054656.086
4 1 1175392459.618
4 2 1151489906.009
4 3 1598588317.365
4 5 1312460245.116
4 6 800231666.330
4 7 2165519700.880
4 8 1630899433.267
4 9 2062248479.192
4 10 509490532.638
4 11 342654960.401
5 0 409497962.440
5 1 2582160805.726
5 2 883832998.462
5 3 2380607331.995
5 4 1835644168.904
5 6 2495855117.040
5 7 739093433.535
5 8 1486529971.962
5 9 1769639115.226
5 10 1725094584.394
5 11 1017300482.974
6 0 350293430.400
6 1 2554027964.257
6 2 1711606057.406
6 3 3306778918.278
6 4 1101571335.768
6 5 2123677892.522
6 7 1146235468.713
6 8 2155194499.142
6 9 3292811035.648
6 10 2166742690.770
6 11 1618718264.421
7 0 652551255.802
7 1 2556768098.733
7 2 107522099.108
7 3 1603086357.964
7 4 2002141807.035
7 5 320849373.477
7 6 508848917.123
7 8 1241067106.471
7 9 1927545015.218
7 10 1355056121.390
7 11 1176304215.130
8 0 600056371.209
8 1 1509532410.414
8 2 1199482558.062
8 3 2345723077.218
8 4 1925804760.619
8 5 484125932.603
8 6 993487848.924
8 7 1443572313.622
8 9 1847997536.686
8 10 1161684737.020
8 11 507988175.072
9 0 842907450.426
9 1 865161641.351
9 2 1286325026.035
9 3 3509620111.219
9 4 2552160977.318
9 5 367152263.396
9 6 2617975235.447
9 7 336400715.705
9 8 1624479991.367
9 10 824457788.905
9 11 1523856000.125
10 0 247091373.826
10 1 1459632102.779
10 2 1137650731.912
10 3 819209824.012
10 4 1705913970.279
10 5 268283596.262
10 6 541946527.038
10 7 1493341647.339
10 8 116894453.656
10 9 619623924.806
10 11 465759539.734
11 0 683684191.606
11 1 2195991217.926
11 2 743186543.208
11 3 526727685.268
11 4 554384155.215
11 5 249065123.189
11 6 1923589634.800
11 7 1537033336.779
11 8 1393023901.280
11 9 1375045462.682
11 10 908363695.273
