132
0 1 785968035.099
0 2 412851869.711
0 3 196177744.109
0 4 383658379.638
0 5 325609258.017
0 6 488778747.060
0 7 113066939.686
0 8 724261794.939
0 9 996277486.567
0 10 352323586.427
0 11 65273201.282
1 0 1239456904.719
1 2 706007781.941
1 3 323408085.821
1 4 988846639.418
1 5 1300982079.012
1 6 642709754.832
1 7 2116802306.192
1 8 1103756280.867
1 9 1091242058.697
1 10 2173275278.624
1 11 1848803257.563
2 0 340767989.568
2 1 1047712790.418
2 3 1549557506.209
2 4 969869808.813
2 5 890303945.528
2 6 989396258.762
2 7 881990272.516
2 8 761109777.292
2 9 1195514821.583
2 10 1251105451.671
2 11 110967837.301
3 0 367195286.721
3 1 1257062232.443
3 2 442894643.732
3 4 3360759374.032
3 5 1082094957.753
3 6 1138342972.519
3 7 725311758.839
3 8 640204498.561
3 9 1206048861.862
3 10 1968084809.750
3 11 1292079646.890
4 0 1129665121.331
4 1 1660437413.405
4 2 1632104313.757
4 3 2198008966.414
4 5 1846814389.938
4 6 2189554337.965
4 7 2094808903.759
4 8 1156826379.393
4 9 1618128553.200
4 10 2176155562.965
4 11 1812665073.964
5 0 601656660.802
5 1 902751840.712
5 2 722140389.144
5 3 2003427468.157
5 4 296973868.323
5 6 1552244559.137
5 7 967065761.372
5 8 1473892403.665
5 9 2627107631.666
5 10 126181681.567
5 11 1151338672.130
6 0 349865420.620
6 1 3441212062.457
6 2 473526304.518
6 3 2279342207.000
6 4 2423481461.232
6 5 1864949948.327
6 7 1443308658.051
6 8 1073815014.978
6 9 2757799257.248
6 10 1911025149.541
6 11 590152942.868
7 0 185160761.806
7 1 1430149441.069
7 2 1560777180.641
7 3 543006248.063
7 4 1071312057.935
7 5 729187746.637
7 6 1189014413.528
7 8 647702503.526
7 9 1194069427.861
7 10 1515464160.180
7 11 372818732.691
8 0 198318797.252
8 1 260629084.624
8 2 836374850.394
8 3 1273291543.283
8 4 635729265.754
8 5 1713050047.993
8 6 1313023459.191
8 7 896920342.909
8 9 1239865596.484
8 10 1559731829.497
8 11 210099181.955
9 0 405043337.730
9 1 3563147973.301
9 2 1294111838.386
9 3 2843024160.252
9 4 1476290617.819
9 5 2106098246.711
9 6 641767245.987
9 7 1885393649.741
9 8 1975998630.200
9 10 2008909459.674
9 11 378678395.114
10 0 200842606.087
10 1 1642185898.568
10 2 108538418.247
10 3 871325315.881
10 4 1519203542.075
10 5 1193001352.193
10 6 212916747.026
10 7 760210238.449
10 8 164180165.837
10 9 1731443967.651
10 11 878849455.433
11 0 647150085.863
11 1 2254628013.324
11 2 168295222.274
11 3 204845509.383
11 4 1178439359.134
11 5 246336677.754
11 6 2238666852.473
11 7 1031774589.017
11 8 583529389.920
11 9 517466271.145
11 10 1403381270.243
