132
0 1 412488964.251
0 2 777834959.635
0 3 779036273.211
0 4 663029888.632
0 5 480187606.887
0 6 1086687464.274
0 7 612179069.567
0 8 383622254.179
0 9 210883569.329
0 10 342462373.711
0 11 608181378.847
1 0 908792664.856
1 2 539213370.149
1 3 2216299031.289
1 4 3667414540.878
1 5 2323909388.889
1 6 2332066885.656
1 7 1308298273.408
1 8 2385985113.866
1 9 3349568482.356
1 10 2130165268.027
1 11 2077543325.261
2 0 322542770.070
2 1 541560542.130
2 3 1668123582.326
2 4 438353136.803
2 5 602385883.589
2 6 462890122.778
2 7 1195685351.457
2 8 890955565.096
2 9 1376160144.778
2 10 812964143.500
2 11 585695338.815
3 0 533313337.976
3 1 3440179759.481
3 2 2166011704.209
3 4 1944730148.986
3 5 2634206220.737
3 6 1142074624.754
3 7 1638009232.840
3 8 1206183307.612
3 9 335173028.053
3 10 998914430.013
3 11 1975016740.783
4 0 846970921.119
4 1 3621084549.969
4 2 1330521085.142
4 3 1782155698.783
4 5 462418067.139
4 6 3095284216.814
4 7 2027754776.606
4 8 2189229631.018
4 9 3454131157.336
4 10 593319496.093
4 11 412326604.990
5 0 280500461.170
5 1 2321244668.263
5 2 518853615.768
5 3 844586081.367
5 4 554089727.403
5 6 1801389582.777
5 7 974938220.901
5 8 966788724.260
5 9 1526782701.578
5 10 878314429.055
5 11 1203282085.325
6 0 859463925.736
6 1 2455210694.477
6 2 2099553017.540
6 3 237507336.376
6 4 1491319698.088
6 5 736025666.508
6 7 1892795883.560
6 8 2176465180.157
6 9 233378795.680
6 10 1325710379.316
6 11 390365137.610
7 0 555207729.825
7 1 963664243.206
7 2 737680775.906
7 3 569143740.854
7 4 913634005.252
7 5 1124444072.933
7 6 432181687.171
7 8 1431399220.058
7 9 797112423.573
7 10 418338618.423
7 11 1208393660.357
8 0 557764554.300
8 1 390554405.829
8 2 1131164306.885
8 3 1455540176.314
8 4 1316614664.205
8 5 1174360325.039
8 6 2207970470.735
8 7 431823553.349
8 9 981657616.182
8 10 1209246145.932
8 11 441375147.436
9 0 902332018.387
9 1 2419282166.660
9 2 943971977.557
9 3 2904587344.306
9 4 3432722069.943
9 5 1771952279.292
9 6 2739284142.404
9 7 613201525.736
9 8 1405240536.135
9 10 2349559219.102
9 11 700991615.123
10 0 766062170.246
10 1 2067936878.398
10 2 307424175.782
10 3 866925819.592
10 4 1097346566.558
10 5 577261778.392
10 6 948052403.018
10 7 427554881.850
10 8 1250890088.409
10 9 223245590.629
10 11 145553545.682
11 0 198977538.317
11 1 314748358.944
11 2 424352710.267
11 3 748645959.467
11 4 443851927.548
11 5 1080121813.511
11 6 309536488.056
11 7 103289492.584
11 8 627622434.897
11 9 189211802.643
11 10 283835865.677
