132
0 1 681871995.947
0 2 73083874.410
0 3 199879067.214
0 4 298569029.573
0 5 201655207.031
0 6 734890877.394
0 7 644953894.315
0 8 309392816.407
0 9 900251120.805
0 10 138093711.455
0 11 751339146.865
1 0 992897252.898
1 2 1611919646.319
1 3 336895497.015
1 4 3516893931.128
1 5 1964472186.312
1 6 2659163984.154
1 7 492457969.143
1 8 511154410.362
1 9 3305171562.852
1 10 1052272215.458
1 11 2270167340.604
2 0 240534324.763
2 1 1587377734.651
2 3 1811297451.588
2 4 617941690.163
2 5 650799046.486
2 6 1107526277.742
2 7 1520902114.564
2 8 743639995.269
2 9 2230023684.827
2 10 979645956.404
2 11 1031448604.340
3 0 718727479.193
3 1 1445428529.651
3 2 1668390207.138
3 4 2775370569.520
3 5 1064885547.057
3 6 636408830.870
3 7 460211698.174
3 8 1699024033.769
3 9 700361775.245
3 10 557245835.103
3 11 2208515298.648
4 0 697257795.655
4 1 2656708112.707
4 2 625881937.192
4 3 2126803602.136
4 5 710661045.696
4 6 1298850400.520
4 7 1547804936.848
4 8 350719541.431
4 9 261764423.356
4 10 690174670.836
4 11 708072106.507
5 0 327678057.217
5 1 699015506.203
5 2 729422910.312
5 3 1069884130.248
5 4 2142359875.808
5 6 1289038039.356
5 7 434815140.058
5 8 800192511.496
5 9 897681019.253
5 10 377035538.533
5 11 298145425.433
6 0 289524619.846
6 1 2373359464.671
6 2 1984940293.489
6 3 3314920451.584
6 4 1902001313.573
6 5 1469144127.922
6 7 2164670653.587
6 8 181117405.605
6 9 1558269769.093
6 10 2075773547.572
6 11 297822537.368
7 0 446323774.224
7 1 163476553.734
7 2 1222372023.946
7 3 637506423.720
7 4 821608782.895
7 5 1053881363.000
7 6 1946221868.637
7 8 616565077.676
7 9 1669877855.477
7 10 1100382766.896
7 11 324643972.971
8 0 54868558.243
8 1 493663375.518
8 2 1518239623.229
8 3 1847595069.097
8 4 1669881660.525
8 5 1067718602.923
8 6 1867416065.305
8 7 457274734.167
8 9 253739628.926
8 10 908009320.469
8 11 1406471133.458
9 0 160613499.483
9 1 3392769447.359
9 2 767184797.605
9 3 2820218990.008
9 4 2242576995.862
9 5 1957427369.588
9 6 3521197562.127
9 7 901264851.327
9 8 453566317.414
9 10 2125141451.030
9 11 1843847019.728
10 0 168343680.346
10 1 946113383.240
10 2 801168420.225
10 3 574109706.725
10 4 1765261027.137
10 5 1734622340.393
10 6 1429887777.159
10 7 457967685.773
10 8 1401326243.846
10 9 2319618665.173
10 11 127075705.052
11 0 679170026.231
11 1 1491368143.916
11 2 342958954.954
11 3 1190445966.128
11 4 948263982.582
11 5 1254538290.838
11 6 1886712515.601
11 7 848553776.165
11 8 385755985.476
11 9 292341724.248
11 10 1500056685.514
