132
0 1 247376052.400
0 2 577205590.249
0 3 453376055.412
0 4 751979658.836
0 5 856042646.984
0 6 951375822.070
0 7 469599547.953
0 8 674039234.180
0 9 997653677.633
0 10 260971209.903
0 11 223514966.779
1 0 861224219.003
1 2 1703792268.657
1 3 1803047232.217
1 4 1985989418.340
1 5 1115081189.276
1 6 729042055.248
1 7 496880857.304
1 8 1488162884.827
1 9 3040638296.337
1 10 1063910561.138
1 11 2253580555.753
2 0 559760058.820
2 1 812467386.855
2 3 1617216553.767
2 4 1465081461.404
2 5 319964844.942
2 6 2353558312.293
2 7 304179544.338
2 8 1508371341.276
2 9 2055869850.532
2 10 1120008183.486
2 11 1405496550.825
3 0 733031366.944
3 1 623242358.797
3 2 1927167436.033
3 4 3367903739.566
3 5 1027606558.024
3 6 2439700583.589
3 7 823691488.341
3 8 669900428.212
3 9 3398038506.587
3 10 923972551.496
3 11 2165105654.380
4 0 1077055729.833
4 1 3057241371.774
4 2 687782385.163
4 3 1468540541.364
4 5 491541797.598
4 6 1004997584.211
4 7 969948600.159
4 8 251527061.498
4 9 3445528233.599
4 10 155213421.797
4 11 1731091727.139
5 0 520581702.686
5 1 769772505.228
5 2 786771109.208
5 3 373205990.461
5 4 959247897.749
5 6 597937417.105
5 7 1530251047.627
5 8 599787401.870
5 9 1768424581.663
5 10 365704957.395
5 11 495779061.640
6 0 293114758.310
6 1 1209545723.020
6 2 2058332491.494
6 3 3011055506.067
6 4 631139178.400
6 5 1013765620.743
6 7 1212535808.240
6 8 1718653806.637
6 9 3112854661.474
6 10 1258768058.241
6 11 192608066.983
7 0 683594705.992
7 1 1370862444.971
7 2 767917586.611
7 3 1970206527.856
7 4 325526011.565
7 5 760859512.905
7 6 2221784332.674
7 8 1133200095.824
7 9 171695503.845
7 10 1244031434.282
7 11 1165851617.571
8 0 680324440.827
8 1 1923585452.924
8 2 1209046870.824
8 3 1792170567.796
8 4 1088063258.260
8 5 911594640.398
8 6 534201967.102
8 7 978940506.507
8 9 1514573273.970
8 10 1025106078.707
8 11 469603998.511
9 0 456516453.019
9 1 2907875543.667
9 2 1352805754.245
9 3 1348323222.704
9 4 2862019716.942
9 5 1461442818.987
9 6 3439314677.131
9 7 1373315195.302
9 8 2351059786.703
9 10 1366595687.941
9 11 675827781.590
10 0 730234575.171
10 1 2321727191.499
10 2 611330281.260
10 3 533588124.027
10 4 1152307954.988
10 5 1758132589.595
10 6 1280517497.616
10 7 685095934.683
10 8 682532581.502
10 9 1828942903.574
10 11 781275484.486
11 0 704352572.189
11 1 1129919208.750
11 2 1148838817.962
11 3 2330350348.634
11 4 1275721426.969
11 5 992464054.597
11 6 706408679.277
11 7 1473802928.634
11 8 745546253.604
11 9 2296078181.001
11 10 100546279.299
