132
0 1 176356330.927
0 2 83180998.588
0 3 1150589170.336
0 4 522692640.932
0 5 798851550.071
0 6 619978188.978
0 7 598241466.033
0 8 691856018.884
0 9 1133892843.736
0 10 676687333.878
0 11 239948388.258
1 0 1193035638.240
1 2 1937383316.190
1 3 3202968557.182
1 4 854073384.340
1 5 1016871616.397
1 6 673342936.617
1 7 956413957.569
1 8 1069875119.083
1 9 2245295301.782
1 10 2120786742.838
1 11 309468227.086
2 0 255615727.040
2 1 479366343.013
2 3 218805372.225
2 4 729235799.698
2 5 1434165349.836
2 6 873448849.906
2 7 318647948.942
2 8 482721223.774
2 9 1912577783.357
2 10 450381195.732
2 11 1152006860.195
3 0 207555453.323
3 1 2510909567.061
3 2 380146756.149
3 4 2256192709.828
3 5 2579237908.385
3 6 2064718146.972
3 7 1625240896.461
3 8 1335196094.033
3 9 1876591592.349
3 10 1641944249.633
3 11 531188317.075
4 0 810228104.044
4 1 3151155761.993
4 2 1318082625.354
4 3 3432319132.744
4 5 1399297074.898
4 6 2337904667.686
4 7 505371217.514
4 8 200848045.108
4 9 1678972535.414
4 10 1805237547.806
4 11 1339658929.755
5 0 516709135.699
5 1 1781648583.502
5 2 612971311.365
5 3 1411133047.691
5 4 2583332698.140
5 6 1467008046.583
5 7 192322398.714
5 8 1699046151.215
5 9 1438979732.027
5 10 693074658.097
5 11 1520733772.747
6 0 448354529.477
6 1 283971147.861
6 2 271479626.968
6 3 2187365499.024
6 4 2161330465.611
6 5 740151628.899
6 7 1229955715.712
6 8 1557963264.350
6 9 2836179897.754
6 10 651180119.392
6 11 1694394389.779
7 0 463236882.021
7 1 950952253.017
7 2 457383194.454
7 3 277885735.556
7 4 601587073.054
7 5 1746669495.733
7 6 1517957017.200
7 8 741242560.703
7 9 704011108.452
7 10 1227267740.288
7 11 390884757.382
8 0 195940589.722
8 1 711654162.268
8 2 1050459813.000
8 3 1076051741.528
8 4 279664228.409
8 5 1330674613.362
8 6 1063775955.329
8 7 248162108.603
8 9 1473131071.897
8 10 539205123.141
8 11 360998235.135
9 0 88600970.556
9 1 521887880.154
9 2 1898253650.812
9 3 1922563172.024
9 4 1542858836.279
9 5 2621482777.158
9 6 934923673.806
9 7 598185124.379
9 8 1200883485.813
9 10 983738998.119
9 11 1453216773.199
10 0 151913268.163
10 1 2408736963.910
10 2 257145215.047
10 3 2121503450.388
10 4 1957539398.309
10 5 917011716.282
10 6 1935375870.421
10 7 1437823795.090
10 8 133753282.527
10 9 1272665697.193
10 11 278757515.585
11 0 595163856.528
11 1 1459649875.843
11 2 1474549220.388
11 3 1865730687.023
11 4 155731108.538
11 5 1366942681.303
11 6 1034784026.385
11 7 732014229.823
11 8 217829676.683
11 9 981040091.412
11 10 1493338486.766
