132
0 1 343036016.959
0 2 520008834.106
0 3 395531009.704
0 4 904993800.176
0 5 167369988.639
0 6 567950160.551
0 7 153256505.899
0 8 446736226.568
0 9 257665924.393
0 10 126331964.207
0 11 421091611.284
1 0 623696938.977
1 2 355429227.555
1 3 2684273691.040
1 4 2556656739.134
1 5 1310696553.104
1 6 3307689333.163
1 7 2354690266.096
1 8 1384681508.199
1 9 579015753.241
1 10 2420191773.157
1 11 2213799045.190
2 0 359798383.727
2 1 261915430.880
2 3 707694514.949
2 4 1021469031.701
2 5 924681369.347
2 6 857656331.933
2 7 1350678635.888
2 8 847736521.859
2 9 1778571993.101
2 10 892086498.389
2 11 369148754.595
3 0 930201530.558
3 1 1153737748.514
3 2 171062109.631
3 4 3040788551.471
3 5 1538230299.823
3 6 413082293.031
3 7 208334262.333
3 8 768366147.364
3 9 908999064.949
3 10 1457229967.840
3 11 2311075455.571
4 0 1153566920.341
4 1 3186629567.262
4 2 2145881789.368
4 3 430019657.047
4 5 595407724.083
4 6 1427561056.091
4 7 1261010311.658
4 8 1301410661.570
4 9 1993319959.342
4 10 324179833.892
4 11 2255819542.537
5 0 495568227.072
5 1 1133262581.895
5 2 1506451267.705
5 3 2493319176.137
5 4 2094972832.491
5 6 1222623711.677
5 7 1428211213.990
5 8 996921643.524
5 9 1023588660.888
5 10 1008645283.804
5 11 1318971275.287
6 0 170272593.041
6 1 1575969346.141
6 2 2068493775.636
6 3 2608246161.668
6 4 745684690.433
6 5 1634781860.824
6 7 615574210.421
6 8 2157470178.137
6 9 1861986895.101
6 10 992512625.267
6 11 842223498.175
7 0 104116861.105
7 1 784136144.285
7 2 640552604.969
7 3 2236682606.443
7 4 884584220.651
7 5 1232114527.210
7 6 836814903.620
7 8 970368685.558
7 9 1382517406.417
7 10 356535487.865
7 11 1215809516.793
8 0 198557484.065
8 1 768969875.025
8 2 787582915.838
8 3 2006233805.043
8 4 2121845798.358
8 5 1150922070.426
8 6 2290765506.549
8 7 575763590.320
8 9 1356107120.758
8 10 1370623321.476
8 11 719709473.886
9 0 134029467.091
9 1 2378497228.655
9 2 219728900.095
9 3 3294700357.397
9 4 3194211797.728
9 5 338350069.236
9 6 790301292.290
9 7 1051964801.133
9 8 2168829602.953
9 10 406128142.375
9 11 2265936690.672
10 0 757100633.716
10 1 1278195748.816
10 2 668311952.187
10 3 2327990327.027
10 4 1990109304.864
10 5 120522303.879
10 6 2101552856.516
10 7 114238747.391
10 8 1278468526.098
10 9 1891092482.702
10 11 224344667.707
11 0 51635200.338
11 1 210720446.451
11 2 1518978305.040
11 3 2321648396.637
11 4 2123307700.931
11 5 1205885030.014
11 6 424459942.545
11 7 413374839.154
11 8 1405160490.002
11 9 1725162604.873
11 10 1360412588.885
