132
0 1 602973289.283
0 2 332967332.454
0 3 483265915.421
0 4 261118032.777
0 5 247459051.282
0 6 213163391.431
0 7 354586584.784
0 8 215177628.066
0 9 522808539.632
0 10 379968976.359
0 11 147145836.908
1 0 555624977.875
1 2 1007589245.379
1 3 1553655633.742
1 4 491336348.304
1 5 576336900.586
1 6 505929757.838
1 7 440194624.572
1 8 1105769641.314
1 9 1330976329.160
1 10 930973263.874
1 11 607066153.691
2 0 215994868.571
2 1 1063834716.629
2 3 999254540.157
2 4 1044898228.686
2 5 390558849.148
2 6 492429622.617
2 7 602368820.188
2 8 732650965.819
2 9 483142736.052
2 10 559417132.552
2 11 771133756.660
3 0 338167428.498
3 1 516122553.041
3 2 520414129.520
3 4 1445496792.036
3 5 461067327.872
3 6 911641840.919
3 7 549544862.626
3 8 1070091611.919
3 9 1293466065.487
3 10 1136161201.540
3 11 592418848.290
4 0 479908096.551
4 1 751245012.650
4 2 1037365986.502
4 3 659328651.400
4 5 905403554.876
4 6 1028973870.565
4 7 337286272.599
4 8 533691950.385
4 9 1656889881.942
4 10 445752121.357
4 11 510659251.484
5 0 296405116.598
5 1 463367512.709
5 2 846557717.747
5 3 368966716.170
5 4 754474858.217
5 6 804683840.075
5 7 266418030.304
5 8 557852961.487
5 9 1326562036.867
5 10 778171817.114
5 11 513253521.790
6 0 405964179.142
6 1 671737050.818
6 2 991920188.583
6 3 1478503707.835
6 4 603965140.430
6 5 583602227.863
6 7 357785956.552
6 8 575977447.202
6 9 1525391942.256
6 10 832813322.933
6 11 492681702.556
7 0 185106291.780
7 1 972023205.986
7 2 246615056.151
7 3 1176581676.883
7 4 589760559.266
7 5 476220711.282
7 6 373302318.622
7 8 242497429.022
7 9 591532643.200
7 10 283544634.368
7 11 264095766.099
8 0 292080000.016
8 1 1232374963.565
8 2 300520189.245
8 3 445477355.450
8 4 408793103.410
8 5 446560202.249
8 6 977840053.132
8 7 737406512.511
8 9 477599638.074
8 10 379146507.482
8 11 659539725.805
9 0 573748481.368
9 1 547804174.144
9 2 474933352.056
9 3 1198045827.785
9 4 1268505298.122
9 5 941792195.361
9 6 967757382.154
9 7 789610179.453
9 8 880230164.011
9 10 582082810.374
9 11 880223956.084
10 0 118717988.322
10 1 1088659087.819
10 2 573067935.898
10 3 861661485.725
10 4 387369753.510
10 5 658495049.475
10 6 470659855.690
10 7 339765321.760
10 8 517164277.229
10 9 1114588257.765
10 11 662672778.808
11 0 275079801.907
11 1 450750213.337
11 2 603081831.148
11 3 441661224.903
11 4 1082521901.855
11 5 696055614.121
11 6 1166305617.166
11 7 685569331.984
11 8 699943434.833
11 9 581281408.259
11 10 654607201.239
