132
0 1 428479304.074
0 2 145377353.717
0 3 352795087.235
0 4 286888055.780
0 5 361616480.943
0 6 421217657.821
0 7 271850127.176
0 8 108578081.574
0 9 262649911.135
0 10 364456608.436
0 11 286857640.196
1 0 454007042.609
1 2 658564343.642
1 3 1280027605.141
1 4 1062928906.414
1 5 1207286643.267
1 6 1826997626.096
1 7 994172433.631
1 8 1242077980.534
1 9 1102109341.719
1 10 811397924.601
1 11 1225136300.543
2 0 182427053.207
2 1 682095319.025
2 3 487648191.766
2 4 908877517.966
2 5 326627726.504
2 6 664026327.220
2 7 332554588.934
2 8 198778966.042
2 9 995455245.005
2 10 563652648.948
2 11 450428258.134
3 0 506046292.883
3 1 1683108926.584
3 2 689400015.706
3 4 1460459293.185
3 5 774754490.532
3 6 813926668.365
3 7 1100954415.247
3 8 1043356630.407
3 9 1335371824.490
3 10 572755919.721
3 11 456652997.896
4 0 241795516.436
4 1 1638878303.460
4 2 645906936.599
4 3 876224749.453
4 5 572472719.119
4 6 1534957526.098
4 7 723634332.102
4 8 509255279.354
4 9 705428647.649
4 10 429615674.551
4 11 1124223125.099
5 0 402557559.615
5 1 1412594046.867
5 2 790169095.790
5 3 404839717.565
5 4 950161658.883
5 6 1123630481.696
5 7 304371865.516
5 8 506716494.340
5 9 915340712.709
5 10 822216746.433
5 11 222564365.116
6 0 576194504.066
6 1 1763105264.246
6 2 811135272.432
6 3 1604679504.431
6 4 904939917.524
6 5 1261701897.707
6 7 1045494754.786
6 8 510081136.628
6 9 891478663.081
6 10 376879491.632
6 11 545064434.079
7 0 221621844.434
7 1 1238260287.482
7 2 598639930.412
7 3 495827857.823
7 4 972203016.879
7 5 846244073.443
7 6 514317570.620
7 8 247227237.245
7 9 748121700.522
7 10 578417224.025
7 11 601797449.602
8 0 207648640.953
8 1 937825141.261
8 2 697581713.769
8 3 597216561.307
8 4 816634657.355
8 5 368608229.929
8 6 762600950.919
8 7 352318884.693
8 9 639018906.616
8 10 631896201.495
8 11 349841377.550
9 0 519876168.441
9 1 819534641.197
9 2 810991587.965
9 3 1492119020.765
9 4 1565389165.952
9 5 603461712.131
9 6 1326442416.305
9 7 361666070.159
9 8 504501069.047
9 10 312144180.212
9 11 975655518.339
10 0 308211503.881
10 1 496657046.316
10 2 492557145.272
10 3 650620407.205
10 4 794617752.604
10 5 728441574.503
10 6 369125134.944
10 7 504491054.622
10 8 786424903.947
10 9 679399533.304
10 11 707788920.243
11 0 299355172.371
11 1 412145147.500
11 2 518371565.963
11 3 984607337.678
11 4 778680186.520
11 5 666202271.036
11 6 759912012.044
11 7 750633254.149
11 8 414704732.780
11 9 863369512.229
11 10 628085170.631
