132
0 1 259074541.760
0 2 251745430.007
0 3 511009822.420
0 4 486648852.447
0 5 355216354.123
0 6 219698013.647
0 7 375396245.434
0 8 169999547.393
0 9 492081662.879
0 10 351513916.694
0 11 190044358.729
1 0 199046748.684
1 2 956837550.411
1 3 662185784.910
1 4 1609916443.748
1 5 1248401738.368
1 6 1409913913.617
1 7 1256493973.194
1 8 814459621.745
1 9 507641408.758
1 10 526314106.125
1 11 689088396.958
2 0 154158377.090
2 1 1267206348.219
2 3 950081444.331
2 4 649669212.259
2 5 844457293.557
2 6 462726826.975
2 7 365525472.481
2 8 493241121.054
2 9 403065865.500
2 10 294052336.641
2 11 709942346.991
3 0 579719319.568
3 1 1284728151.804
3 2 366647418.146
3 4 596387133.863
3 5 873537250.581
3 6 886589699.661
3 7 772337650.628
3 8 473751372.325
3 9 760609067.537
3 10 464520269.422
3 11 454041461.180
4 0 263832240.015
4 1 1645866267.843
4 2 781955879.666
4 3 558606489.315
4 5 1169246172.745
4 6 800509595.705
4 7 924734925.366
4 8 1024337193.658
4 9 1422760755.365
4 10 1138075479.534
4 11 492244229.995
5 0 402456854.757
5 1 1409136621.738
5 2 301215357.107
5 3 1118396664.706
5 4 409615443.731
5 6 434326362.521
5 7 552345701.554
5 8 697503511.773
5 9 676225607.084
5 10 865466763.415
5 11 481631659.043
6 0 420049477.324
6 1 1766286725.564
6 2 440747438.610
6 3 1154019457.514
6 4 1338675482.874
6 5 716984962.715
6 7 607505503.316
6 8 1177917941.788
6 9 1103310810.708
6 10 923601686.154
6 11 687646517.253
7 0 360574744.020
7 1 514355055.461
7 2 503988014.266
7 3 987806941.332
7 4 1140795983.532
7 5 760168283.000
7 6 817120238.881
7 8 619275586.252
7 9 685748493.852
7 10 518208789.431
7 11 589511795.665
8 0 361030101.801
8 1 967269957.346
8 2 399554269.930
8 3 1083457286.732
8 4 1081980477.431
8 5 369239546.294
8 6 932539203.447
8 7 769213134.210
8 9 830562434.056
8 10 482819616.749
8 11 266038389.786
9 0 550037753.415
9 1 1258531811.132
9 2 544426482.534
9 3 519314642.692
9 4 1676063680.848
9 5 746342900.128
9 6 715812033.591
9 7 1080919391.075
9 8 1012479825.267
9 10 353935879.944
9 11 1029091313.227
10 0 219606158.249
10 1 900429065.372
10 2 412315408.781
10 3 897059924.927
10 4 522630610.838
10 5 870189657.460
10 6 494857113.003
10 7 409294207.692
10 8 746917592.003
10 9 738695485.828
10 11 269284964.860
11 0 183864769.017
11 1 1025070979.749
11 2 513150303.484
11 3 521665049.547
11 4 813888468.895
11 5 781520813.211
11 6 874708073.091
11 7 352785775.673
11 8 280386654.420
11 9 734854446.912
11 10 614010920.216
