132
0 1 573974112.265
0 2 360975042.536
0 3 280907002.845
0 4 343094270.330
0 5 361304868.264
0 6 323175353.724
0 7 133774557.557
0 8 135545914.486
0 9 503782047.785
0 10 335905160.197
0 11 341427747.133
1 0 335166058.021
1 2 384670495.195
1 3 574622923.909
1 4 1006789670.740
1 5 1171225166.900
1 6 1680263340.790
1 7 514520390.851
1 8 782841538.626
1 9 1799895120.836
1 10 676124572.277
1 11 1037591131.257
2 0 198645181.451
2 1 976913212.438
2 3 1079596187.484
2 4 1108020313.715
2 5 698710274.633
2 6 859449661.475
2 7 439268335.602
2 8 755544517.510
2 9 572440788.046
2 10 487708587.170
2 11 271515706.075
3 0 516723147.272
3 1 556693515.025
3 2 1178437838.792
3 4 1253619896.882
3 5 555870301.623
3 6 678352744.723
3 7 971764625.526
3 8 491650323.499
3 9 963450800.901
3 10 1026377957.120
3 11 1109417728.433
4 0 421786477.966
4 1 1625240621.042
4 2 415646934.506
4 3 799886810.268
4 5 1135274285.742
4 6 879245754.465
4 7 1027883316.344
4 8 1063883259.107
4 9 1753661571.534
4 10 955423651.556
4 11 1044545978.638
5 0 117915849.096
5 1 573265003.420
5 2 460032061.668
5 3 766157568.121
5 4 1065949857.273
5 6 1298460406.523
5 7 493825444.994
5 8 657247899.644
5 9 353237196.838
5 10 244927340.518
5 11 869984707.622
6 0 404810161.506
6 1 701085613.043
6 2 570260799.346
6 3 814555083.701
6 4 488680008.043
6 5 506310084.330
6 7 996415361.042
6 8 300307080.202
6 9 535098074.800
6 10 1053328521.510
6 11 1023047888.788
7 0 140345766.990
7 1 321381872.665
7 2 678029111.624
7 3 1000188358.581
7 4 394101401.259
7 5 626225656.049
7 6 414096238.759
7 8 230826328.188
7 9 644730416.044
7 10 582577426.143
7 11 551489399.677
8 0 305810555.814
8 1 901741677.172
8 2 683261970.610
8 3 732700090.210
8 4 1144161189.553
8 5 518872608.936
8 6 926225116.024
8 7 304889062.779
8 9 609302313.497
8 10 776096118.172
8 11 344970969.149
9 0 577147215.977
9 1 726943679.215
9 2 1087478583.615
9 3 638225795.766
9 4 1333337426.194
9 5 430100134.022
9 6 640842962.779
9 7 617760562.694
9 8 446258241.721
9 10 1005398144.507
9 11 417683588.175
10 0 384046086.157
10 1 1015221853.355
10 2 561887678.619
10 3 307134415.860
10 4 496283053.532
10 5 574140927.752
10 6 880658753.494
10 7 559761999.366
10 8 278913368.309
10 9 1085403748.636
10 11 481879483.667
11 0 316526146.846
11 1 1013411348.608
11 2 579441304.106
11 3 577866628.478
11 4 541362617.462
11 5 842838952.240
11 6 620148874.029
11 7 719759569.586
11 8 620719747.941
11 9 871300313.225
11 10 275257252.742
