132
0 1 238454906.571
0 2 132543986.077
0 3 186941928.213
0 4 355494298.911
0 5 440064939.871
0 6 155056252.360
0 7 318683105.452
0 8 379958609.816
0 9 229328754.065
0 10 310787426.188
0 11 236875895.086
1 0 523143899.466
1 2 829121174.294
1 3 1467326239.712
1 4 1272467131.662
1 5 1044425401.040
1 6 1271030594.908
1 7 834304071.598
1 8 743937302.884
1 9 1810062753.901
1 10 358688137.283
1 11 877943203.391
2 0 220194177.977
2 1 1226956896.302
2 3 958990797.479
2 4 674979574.570
2 5 684453529.652
2 6 447001101.510
2 7 214022957.059
2 8 760548444.889
2 9 988985947.806
2 10 302817085.338
2 11 515936845.434
3 0 508049735.772
3 1 1703847058.196
3 2 714577052.079
3 4 632358425.229
3 5 1248852815.873
3 6 1740097937.095
3 7 728274926.318
3 8 546095999.418
3 9 1333075130.801
3 10 586364106.842
3 11 736976877.375
4 0 227509255.462
4 1 1523749050.140
4 2 758033082.750
4 3 674533295.528
4 5 486327176.578
4 6 1712849133.690
4 7 870339268.760
4 8 397768809.262
4 9 877694546.303
4 10 506771769.042
4 11 802333840.088
5 0 416259215.016
5 1 1141549058.997
5 2 281708077.121
5 3 1272888079.918
5 4 740270583.574
5 6 379135342.772
5 7 449961595.254
5 8 798781081.110
5 9 1215178671.487
5 10 258553193.611
5 11 450192173.477
6 0 181088103.586
6 1 1585201304.408
6 2 747002837.350
6 3 889050962.429
6 4 488588405.384
6 5 1039030193.893
6 7 410708380.641
6 8 1164529149.759
6 9 1319430317.879
6 10 1006808759.547
6 11 1165958303.665
7 0 353513542.318
7 1 950994702.988
7 2 499133724.635
7 3 781192263.922
7 4 1038099760.716
7 5 323517125.153
7 6 1134641765.652
7 8 349814161.446
7 9 1032848388.738
7 10 298067950.095
7 11 589781114.446
8 0 199271868.000
8 1 924837767.991
8 2 340674269.474
8 3 318763392.308
8 4 557631756.235
8 5 553823968.783
8 6 551515627.436
8 7 372751735.016
8 9 1064916415.358
8 10 388266194.207
8 11 665905535.440
9 0 429907480.735
9 1 737106433.910
9 2 953129993.516
9 3 1041481907.332
9 4 1270304241.425
9 5 787830284.057
9 6 1582789980.147
9 7 639723051.174
9 8 951603949.829
9 10 1091400111.674
9 11 607134581.248
10 0 189401256.748
10 1 1012126684.601
10 2 287738371.531
10 3 475630047.302
10 4 660336504.325
10 5 379400892.639
10 6 788978980.939
10 7 434717527.484
10 8 355309194.479
10 9 967317707.998
10 11 482128262.571
11 0 201059682.973
11 1 455051560.603
11 2 519427252.506
11 3 380643081.796
11 4 1101343069.260
11 5 361596799.466
11 6 810196574.845
11 7 660761115.739
11 8 623344367.877
11 9 379383699.703
11 10 326057747.693
