132
0 1 197308506.263
0 2 253518248.912
0 3 296132512.620
0 4 149263408.620
0 5 210308086.731
0 6 397963039.832
0 7 192836280.372
0 8 337138501.897
0 9 202454464.073
0 10 282811176.197
0 11 310582492.474
1 0 459655848.701
1 2 902414501.944
1 3 1592142758.630
1 4 1504544869.775
1 5 452517902.517
1 6 1828332889.419
1 7 527944686.783
1 8 439529236.536
1 9 857888809.760
1 10 672529661.517
1 11 1178380389.735
2 0 383633491.189
2 1 849574889.912
2 3 464590664.595
2 4 1041563467.358
2 5 233425235.994
2 6 352076613.151
2 7 421441307.779
2 8 232085557.075
2 9 994092937.003
2 10 328160948.408
2 11 715182364.769
3 0 276284295.455
3 1 848015611.622
3 2 1042984865.398
3 4 1009034484.025
3 5 551039888.421
3 6 490422155.834
3 7 769695784.797
3 8 619291412.817
3 9 1291228018.255
3 10 331265164.523
3 11 1052326327.410
4 0 438752079.228
4 1 1140392171.089
4 2 577718571.694
4 3 675962803.828
4 5 613221611.528
4 6 471716427.892
4 7 909190505.657
4 8 891421870.800
4 9 618063709.288
4 10 934867699.480
4 11 456104207.342
5 0 229498661.445
5 1 1388505650.694
5 2 373835352.390
5 3 1267661030.676
5 4 753917973.562
5 6 818487317.084
5 7 462308437.036
5 8 279020325.882
5 9 1061452026.586
5 10 355321546.076
5 11 692797101.029
6 0 342874540.250
6 1 807898985.989
6 2 1030441338.558
6 3 1477796835.747
6 4 1120486627.180
6 5 604482143.277
6 7 775348030.299
6 8 475217936.785
6 9 1666954779.364
6 10 306414014.004
6 11 537866580.393
7 0 358694752.102
7 1 440563111.842
7 2 531025743.974
7 3 548812928.366
7 4 1067238654.960
7 5 386495012.086
7 6 835218151.523
7 8 739527783.197
7 9 973734381.970
7 10 244062055.476
7 11 317315268.813
8 0 338096520.319
8 1 1078087706.689
8 2 328130690.305
8 3 657906406.003
8 4 792051531.125
8 5 690163841.205
8 6 960006332.235
8 7 219878180.038
8 9 617196708.683
8 10 318065507.536
8 11 385960521.202
9 0 530135493.212
9 1 1643657582.729
9 2 1046344001.260
9 3 821031626.434
9 4 858378330.543
9 5 601563355.464
9 6 1685384627.656
9 7 749386005.871
9 8 496414952.557
9 10 866261595.140
9 11 1054315241.048
10 0 222958170.534
10 1 571553406.434
10 2 342434241.713
10 3 777930133.617
10 4 518927671.412
10 5 782240551.919
10 6 747046252.678
10 7 348229475.606
10 8 411878393.600
10 9 683592095.653
10 11 556285243.481
11 0 136792761.689
11 1 756597594.253
11 2 616089046.843
11 3 1043490413.610
11 4 971387016.102
11 5 345938710.489
11 6 397458114.093
11 7 287238710.568
11 8 564688317.567
11 9 975899429.648
11 10 438906116.971
