132
0 1 347130279.096
0 2 209737418.496
0 3 161392059.156
0 4 194048252.051
0 5 393922811.248
0 6 389819273.548
0 7 101251247.354
0 8 136645071.068
0 9 217090648.320
0 10 300539157.946
0 11 100431586.740
1 0 442973874.532
1 2 512872696.453
1 3 1585718361.443
1 4 950047317.057
1 5 789760856.895
1 6 939238128.945
1 7 1155923478.371
1 8 837141655.331
1 9 1470938883.333
1 10 888331252.970
1 11 699304402.545
2 0 155379993.682
2 1 611724457.107
2 3 962932554.951
2 4 718728232.463
2 5 269448553.394
2 6 1006391454.481
2 7 691279440.972
2 8 444889000.190
2 9 722107067.899
2 10 454436924.845
2 11 583457721.224
3 0 413769447.809
3 1 1189666552.053
3 2 1109146891.433
3 4 566007479.268
3 5 523534001.723
3 6 1217487386.225
3 7 401231531.727
3 8 723633357.430
3 9 1494805873.017
3 10 364478015.186
3 11 646938433.720
4 0 580040598.828
4 1 794318155.346
4 2 500626228.738
4 3 1256049647.700
4 5 1266393212.024
4 6 1098856309.738
4 7 365664716.673
4 8 469796382.651
4 9 1186351692.491
4 10 906548933.731
4 11 295377019.987
5 0 263255966.345
5 1 1167137634.592
5 2 268022751.359
5 3 628207924.779
5 4 613347332.253
5 6 954637767.053
5 7 384695107.851
5 8 616052607.249
5 9 1217470879.266
5 10 826425726.756
5 11 248200291.199
6 0 405426959.325
6 1 1571784465.293
6 2 402316099.564
6 3 1315470573.139
6 4 502139989.682
6 5 1090188381.598
6 7 451048296.113
6 8 1036878280.054
6 9 740328491.035
6 10 458510633.257
6 11 690431705.308
7 0 219979986.220
7 1 1259957687.979
7 2 622182420.632
7 3 858189294.279
7 4 797849006.570
7 5 304258095.519
7 6 754310645.710
7 8 312692849.952
7 9 1133688805.897
7 10 230928838.139
7 11 775207743.836
8 0 190295687.105
8 1 635574943.423
8 2 704181736.885
8 3 504303717.843
8 4 343490933.637
8 5 555280512.358
8 6 819666433.457
8 7 217145416.450
8 9 1142112343.295
8 10 257257354.531
8 11 392729872.073
9 0 248180348.825
9 1 741631677.608
9 2 591464330.316
9 3 1485166587.355
9 4 791193168.086
9 5 701475258.569
9 6 1338062013.271
9 7 970054729.192
9 8 833497134.519
9 10 1173766258.288
9 11 1118604763.669
10 0 171624106.740
10 1 447163163.195
10 2 232490042.662
10 3 499336470.843
10 4 1064853102.597
10 5 242296793.014
10 6 325825915.673
10 7 443558948.568
10 8 298848791.234
10 9 1150909786.758
10 11 447133504.962
11 0 296825572.353
11 1 398247484.773
11 2 293238257.353
11 3 800163436.766
11 4 969367332.911
11 5 590070532.904
11 6 756682603.120
11 7 327617292.354
11 8 630564980.844
11 9 1128132452.038
11 10 525268499.002
