132
0 1 514580653.722
0 2 103744711.455
0 3 440134452.121
0 4 553237338.235
0 5 165469029.852
0 6 407457257.028
0 7 240860856.181
0 8 145451001.881
0 9 584047674.244
0 10 224373345.021
0 11 130044165.945
1 0 217520419.536
1 2 524774494.168
1 3 1879268894.458
1 4 1276702885.761
1 5 1170316376.811
1 6 480242791.779
1 7 320459573.920
1 8 710973153.176
1 9 971629653.992
1 10 1064471050.778
1 11 834365931.249
2 0 151371828.275
2 1 1029446471.523
2 3 476824844.557
2 4 390329897.449
2 5 591974898.639
2 6 511579164.673
2 7 229163961.100
2 8 537033507.303
2 9 1089022182.780
2 10 241659361.001
2 11 630509618.318
3 0 449297867.635
3 1 499691534.085
3 2 349077725.631
3 4 515010687.543
3 5 1210453453.299
3 6 738491725.889
3 7 347522659.632
3 8 939695273.283
3 9 1712813998.778
3 10 500217765.496
3 11 663962120.890
4 0 347956079.250
4 1 1231957371.455
4 2 442417042.654
4 3 644687824.966
4 5 576320503.204
4 6 1149874900.431
4 7 733353204.543
4 8 361909421.485
4 9 940427650.404
4 10 663222649.185
4 11 555654641.836
5 0 241995470.196
5 1 379852317.923
5 2 292323674.745
5 3 986831500.578
5 4 477687536.625
5 6 567769931.264
5 7 420248174.265
5 8 806588632.953
5 9 1108019135.899
5 10 482575285.643
5 11 863392214.523
6 0 359869570.456
6 1 1231023882.291
6 2 534059413.117
6 3 1225846592.133
6 4 1406967345.594
6 5 848889991.764
6 7 653348289.588
6 8 1117869101.347
6 9 611509129.818
6 10 363120680.030
6 11 663234510.630
7 0 172961966.366
7 1 1221333985.237
7 2 278689795.250
7 3 867847418.172
7 4 1034173701.279
7 5 753046790.345
7 6 590129191.640
7 8 605852826.908
7 9 390651844.150
7 10 697105377.424
7 11 516949472.428
8 0 263992067.100
8 1 428081449.252
8 2 700089235.059
8 3 758372019.705
8 4 297806831.498
8 5 636719354.707
8 6 997683990.690
8 7 206110980.916
8 9 960991798.905
8 10 347575565.763
8 11 705268342.450
9 0 440459924.056
9 1 1764992149.577
9 2 306282531.300
9 3 1596159399.020
9 4 646480024.345
9 5 554917577.022
9 6 916417845.059
9 7 384523354.067
9 8 1029600894.446
9 10 587357038.693
9 11 1169374406.144
10 0 277473821.931
10 1 1037558151.243
10 2 371268431.135
10 3 508941677.375
10 4 940235795.982
10 5 422429711.210
10 6 548519814.080
10 7 758429221.943
10 8 775115957.735
10 9 1159235844.012
10 11 542674885.426
11 0 100102787.078
11 1 510578209.803
11 2 595098325.483
11 3 792069910.799
11 4 1092416495.599
11 5 460314467.709
11 6 766282512.294
11 7 481501755.466
11 8 742274253.550
11 9 1140998275.662
11 10 773225475.417
