132
0 1 452793487.553
0 2 352379813.959
0 3 225817548.833
0 4 516003516.138
0 5 171156393.845
0 6 288874731.431
0 7 373415415.579
0 8 141181446.452
0 9 451631849.504
0 10 183947024.930
0 11 334996010.576
1 0 165641343.177
1 2 543081852.026
1 3 1658299375.152
1 4 1101992610.944
1 5 601983667.158
1 6 1706704929.500
1 7 1278977545.725
1 8 357023043.063
1 9 751135005.314
1 10 1119155720.512
1 11 973849916.349
2 0 312129958.274
2 1 806753787.628
2 3 962175624.378
2 4 860665365.819
2 5 540179638.118
2 6 881234700.109
2 7 568813268.322
2 8 425284288.790
2 9 1043530557.352
2 10 676879217.800
2 11 271528337.064
3 0 508594035.205
3 1 764620882.665
3 2 1148332617.038
3 4 1165262861.123
3 5 559629296.083
3 6 1440217216.377
3 7 1168951684.313
3 8 837131248.545
3 9 795532802.777
3 10 619357436.958
3 11 916431578.997
4 0 538743319.728
4 1 1224633077.837
4 2 868500447.948
4 3 1328951434.240
4 5 566322053.318
4 6 1184155109.164
4 7 426928956.936
4 8 955357138.143
4 9 1076661970.873
4 10 537925518.153
4 11 296697490.790
5 0 439589472.106
5 1 597338673.440
5 2 452540727.009
5 3 939351833.971
5 4 920932517.392
5 6 998187424.794
5 7 461143363.183
5 8 674868244.468
5 9 1168703272.824
5 10 779609258.120
5 11 399271196.977
6 0 577658783.675
6 1 1453724377.864
6 2 1061770495.795
6 3 1530366996.630
6 4 1741456595.122
6 5 953976600.082
6 7 787001003.720
6 8 605732899.239
6 9 603187578.404
6 10 1088400977.300
6 11 1051801720.598
7 0 176161886.509
7 1 675878344.463
7 2 659617857.225
7 3 422294404.122
7 4 1013553824.918
7 5 555727741.265
7 6 836078409.508
7 8 477376366.310
7 9 411215130.147
7 10 428831241.647
7 11 727727843.008
8 0 376453526.031
8 1 768155686.324
8 2 552091133.136
8 3 981913174.040
8 4 732483481.129
8 5 252286638.099
8 6 1071533480.207
8 7 768326313.977
8 9 542207211.462
8 10 429310606.596
8 11 786478583.581
9 0 182217629.641
9 1 1707177324.641
9 2 1042528381.639
9 3 815553517.189
9 4 1493839567.720
9 5 665686542.991
9 6 525268129.684
9 7 823198239.765
9 8 913523251.419
9 10 890231510.400
9 11 369672680.650
10 0 297466506.311
10 1 1144731245.074
10 2 658290877.424
10 3 568986162.719
10 4 998663166.691
10 5 377439713.940
10 6 942022096.837
10 7 312490782.526
10 8 675696216.357
10 9 962388938.789
10 11 209650211.699
11 0 333150727.767
11 1 398136909.259
11 2 664208664.102
11 3 1157313917.088
11 4 380138807.054
11 5 506806833.656
11 6 761705087.246
11 7 536781986.965
11 8 641892419.856
11 9 855763594.249
11 10 607868966.393
