132
0 1 627022403.224
0 2 165180411.543
0 3 480022011.845
0 4 350657772.912
0 5 179407529.025
0 6 528262511.277
0 7 232000515.147
0 8 272207618.426
0 9 233848619.537
0 10 156910017.608
0 11 239944642.139
1 0 634401909.480
1 2 488195843.664
1 3 764690525.730
1 4 875849244.634
1 5 957783112.526
1 6 1221228658.373
1 7 601019289.085
1 8 1247199560.197
1 9 765175746.618
1 10 1132082457.193
1 11 885014078.600
2 0 357746813.989
2 1 960110199.049
2 3 662731578.350
2 4 793475208.637
2 5 284416102.954
2 6 412153960.978
2 7 701768714.990
2 8 762432660.176
2 9 478021160.060
2 10 376574655.012
2 11 413376145.164
3 0 381288239.222
3 1 1563264207.788
3 2 882983399.994
3 4 1232150109.494
3 5 867372453.543
3 6 1298330330.054
3 7 861117225.112
3 8 395185301.658
3 9 1132905467.463
3 10 1141555439.434
3 11 576691885.587
4 0 577331000.266
4 1 694610499.392
4 2 298147908.981
4 3 1566520712.719
4 5 967378239.963
4 6 1394726709.937
4 7 456828785.199
4 8 606266644.218
4 9 627390725.289
4 10 512022453.353
4 11 966192468.872
5 0 156076301.525
5 1 1028081127.167
5 2 861288441.387
5 3 1131191388.144
5 4 446082501.282
5 6 877961470.120
5 7 882411182.157
5 8 366449012.895
5 9 1202542364.758
5 10 677721808.468
5 11 438135918.331
6 0 524704767.358
6 1 783596078.267
6 2 734271005.208
6 3 615734341.920
6 4 981444883.109
6 5 973868845.650
6 7 458011274.186
6 8 508456081.334
6 9 1201164600.395
6 10 633084683.929
6 11 1144222461.128
7 0 189875318.156
7 1 671717164.466
7 2 339262749.625
7 3 765879064.932
7 4 671774614.781
7 5 612378262.299
7 6 489225992.485
7 8 312046489.302
7 9 585752187.187
7 10 637623090.486
7 11 384978341.162
8 0 387056824.869
8 1 819016430.290
8 2 430268297.325
8 3 902312649.895
8 4 1087076072.098
8 5 435268155.526
8 6 1112970238.635
8 7 540283032.492
8 9 870954505.935
8 10 642931077.294
8 11 219063066.425
9 0 352117836.581
9 1 1650578520.789
9 2 484063235.510
9 3 468257158.242
9 4 1600031640.558
9 5 1009988365.248
9 6 1145687804.513
9 7 319112724.337
9 8 618269619.204
9 10 653759826.456
9 11 717298159.399
10 0 386986513.280
10 1 939971400.401
10 2 501475469.883
10 3 371869522.510
10 4 489353823.625
10 5 607631054.535
10 6 1086000829.885
10 7 653224732.129
10 8 280164714.093
10 9 1041508205.461
10 11 549136488.470
11 0 172319140.913
11 1 484447419.151
11 2 404870941.796
11 3 524301134.394
11 4 320124184.739
11 5 536074730.482
11 6 920333839.458
11 7 233795910.069
11 8 707299432.818
11 9 360614273.834
11 10 500174516.736
