132
0 1 568951054.718
0 2 137144635.000
0 3 402595743.043
0 4 377632825.156
0 5 329493724.431
0 6 163078827.000
0 7 266993692.609
0 8 237844744.145
0 9 334554505.371
0 10 289262948.569
0 11 270823778.621
1 0 280710217.151
1 2 505306413.633
1 3 1475795340.108
1 4 1586664112.024
1 5 681688415.214
1 6 891618635.614
1 7 754313793.552
1 8 635009664.400
1 9 1327839166.551
1 10 514609854.688
1 11 552643852.423
2 0 298146124.879
2 1 512060351.194
2 3 973530773.035
2 4 504843665.874
2 5 481863900.623
2 6 1170411102.106
2 7 646066156.191
2 8 314576769.968
2 9 715163795.565
2 10 525031551.562
2 11 401526516.969
3 0 427809351.856
3 1 990074948.997
3 2 749830536.424
3 4 634189329.018
3 5 604687405.964
3 6 1673183785.319
3 7 926206467.469
3 8 1115917935.836
3 9 984690140.713
3 10 603815484.394
3 11 644788254.867
4 0 541135121.942
4 1 1103830217.819
4 2 428688037.154
4 3 1621304052.139
4 5 592909395.861
4 6 638640589.980
4 7 469639934.021
4 8 810348743.751
4 9 1345682560.823
4 10 1162739736.425
4 11 333107680.217
5 0 212705031.657
5 1 1009276555.087
5 2 700038957.928
5 3 945099055.963
5 4 531720595.906
5 6 404476301.908
5 7 632668485.042
5 8 524153112.122
5 9 1189739923.664
5 10 381419361.441
5 11 613311219.167
6 0 545904449.817
6 1 1734806234.418
6 2 425717801.904
6 3 493059648.051
6 4 882116188.980
6 5 688052921.975
6 7 421321552.167
6 8 871379024.317
6 9 1503069803.350
6 10 1048140182.036
6 11 455624430.125
7 0 211137869.552
7 1 834394862.451
7 2 236926740.820
7 3 510193337.280
7 4 611880858.317
7 5 542284172.298
7 6 299155816.605
7 8 636627747.796
7 9 1110028845.274
7 10 711138864.087
7 11 539942443.853
8 0 353793145.810
8 1 964918676.031
8 2 440193772.618
8 3 447366269.935
8 4 957675316.765
8 5 419488111.639
8 6 316789387.713
8 7 597072331.432
8 9 336297752.421
8 10 366888130.527
8 11 647630824.605
9 0 322718775.923
9 1 1515116708.928
9 2 965534150.167
9 3 1034737758.907
9 4 934367303.344
9 5 808236400.075
9 6 1731779774.597
9 7 809696391.060
9 8 596511004.368
9 10 749071773.698
9 11 411671641.801
10 0 362878831.058
10 1 372744791.534
10 2 756440154.043
10 3 371944081.681
10 4 411025360.109
10 5 256935819.927
10 6 451958558.951
10 7 266204310.330
10 8 477044145.869
10 9 677557935.019
10 11 221569312.851
11 0 196722889.629
11 1 708738754.823
11 2 455801089.848
11 3 621301120.278
11 4 419108378.948
11 5 571132449.233
11 6 1061612312.411
11 7 495684954.038
11 8 360284992.572
11 9 413231440.466
11 10 661822307.660
