132
0 1 553454055.374
0 2 340884965.432
0 3 491099937.137
0 4 463600572.782
0 5 354754110.791
0 6 313373866.237
0 7 240432262.884
0 8 340373968.095
0 9 395672738.513
0 10 134753160.389
0 11 129552760.381
1 0 498789021.804
1 2 1097640044.575
1 3 1481168760.770
1 4 908460369.981
1 5 1009318347.889
1 6 916000810.735
1 7 747318151.948
1 8 1187467708.919
1 9 1156781833.660
1 10 453001556.255
1 11 991818727.777
2 0 371315718.232
2 1 576689993.709
2 3 811150688.154
2 4 302587426.094
2 5 822198995.199
2 6 951067613.499
2 7 562160497.266
2 8 409473084.000
2 9 537814546.348
2 10 209091059.836
2 11 210686431.692
3 0 249704023.992
3 1 1818922947.759
3 2 601954339.689
3 4 1138736374.453
3 5 557101643.909
3 6 843438739.543
3 7 1125783848.948
3 8 515239852.763
3 9 1455185577.994
3 10 639068646.258
3 11 713756772.560
4 0 168542270.212
4 1 727438881.228
4 2 902518487.624
4 3 1104021230.445
4 5 571379682.118
4 6 519639630.832
4 7 1020319351.709
4 8 442551562.238
4 9 1681288386.788
4 10 442268913.538
4 11 408062388.265
5 0 141872928.467
5 1 773257026.466
5 2 781192210.797
5 3 370627409.295
5 4 556898835.544
5 6 419105904.887
5 7 621961808.920
5 8 263150119.526
5 9 940679287.452
5 10 525032575.702
5 11 417590903.531
6 0 449165937.283
6 1 1519239311.860
6 2 902784035.360
6 3 1382346925.304
6 4 719757152.430
6 5 549693924.145
6 7 360548114.210
6 8 1179674811.975
6 9 1676641670.107
6 10 807436615.765
6 11 982231553.269
7 0 255383019.756
7 1 969716740.897
7 2 205292592.831
7 3 1107151567.983
7 4 1145835727.170
7 5 225496121.648
7 6 1038292861.297
7 8 584415588.777
7 9 804796470.310
7 10 269411795.427
7 11 400627483.104
8 0 143860397.053
8 1 733293534.615
8 2 755502749.714
8 3 757823611.348
8 4 760291544.343
8 5 858368063.907
8 6 434503941.799
8 7 578540245.415
8 9 464931696.121
8 10 642813701.022
8 11 641866622.893
9 0 401026254.140
9 1 897362822.117
9 2 387441461.182
9 3 1347191848.972
9 4 1377354727.845
9 5 389976195.835
9 6 1123566422.573
9 7 585537861.196
9 8 301988611.662
9 10 746680679.410
9 11 973303826.176
10 0 342583458.070
10 1 1082097464.152
10 2 451400729.710
10 3 631159362.223
10 4 938962092.561
10 5 676060926.319
10 6 299064326.828
10 7 743828440.702
10 8 720012470.908
10 9 959009778.142
10 11 354620822.625
11 0 242068998.200
11 1 343376504.926
11 2 267339180.385
11 3 437320878.186
11 4 464430826.592
11 5 468391649.773
11 6 1083518279.764
11 7 417708057.557
11 8 275477593.897
11 9 410628888.568
11 10 466139773.123
