132
0 1 307658093.782
0 2 323102844.409
0 3 354009836.938
0 4 558706390.466
0 5 147096145.245
0 6 328244934.857
0 7 320874491.498
0 8 102393631.695
0 9 414982252.658
0 10 118325737.625
0 11 228427533.317
1 0 363185002.017
1 2 1181545268.237
1 3 1537194701.645
1 4 880692532.050
1 5 766381853.027
1 6 1027900698.984
1 7 320478437.242
1 8 431129844.748
1 9 1207003345.378
1 10 988913718.089
1 11 1072858170.041
2 0 284497702.388
2 1 533918092.978
2 3 581971086.571
2 4 1129895371.256
2 5 670559501.552
2 6 363543055.174
2 7 392281643.520
2 8 545257454.334
2 9 739371155.906
2 10 494322580.223
2 11 517938821.290
3 0 386368435.315
3 1 1644268351.920
3 2 338501466.366
3 4 500353791.780
3 5 854099009.352
3 6 535933654.735
3 7 1018169072.479
3 8 937591694.770
3 9 1662477901.565
3 10 926108912.657
3 11 939938973.780
4 0 297304739.691
4 1 1470229509.274
4 2 945298438.910
4 3 664081701.293
4 5 677917660.077
4 6 1568309928.384
4 7 816274769.640
4 8 552440153.512
4 9 982359197.883
4 10 824591199.024
4 11 503247022.641
5 0 403099427.654
5 1 775455964.583
5 2 610527027.261
5 3 349269570.150
5 4 429897274.106
5 6 812620179.847
5 7 248238083.451
5 8 314964098.169
5 9 699047127.548
5 10 725350031.764
5 11 768295261.824
6 0 178819952.947
6 1 1615487919.125
6 2 547838784.987
6 3 838244815.278
6 4 1018656934.477
6 5 539530445.634
6 7 1131184796.499
6 8 485127228.281
6 9 666648023.766
6 10 320596104.473
6 11 984068842.565
7 0 383148166.719
7 1 1062260698.338
7 2 421966777.331
7 3 796556652.072
7 4 367036823.817
7 5 343003987.625
7 6 1123412288.391
7 8 703988199.659
7 9 869117690.780
7 10 524392294.669
7 11 439786098.562
8 0 137550700.293
8 1 1197090636.129
8 2 693058747.606
8 3 947510909.450
8 4 942493693.549
8 5 601592121.928
8 6 862638896.129
8 7 700759025.936
8 9 671605715.609
8 10 464165147.031
8 11 348224172.704
9 0 560876570.922
9 1 1915462403.179
9 2 669228939.243
9 3 1761489677.328
9 4 628952505.746
9 5 642824709.346
9 6 1316083978.156
9 7 1126641560.132
9 8 841202291.935
9 10 667982028.885
9 11 808951882.227
10 0 347864975.486
10 1 1099522490.377
10 2 568408159.929
10 3 757779552.918
10 4 1008059433.814
10 5 542232542.835
10 6 478332949.379
10 7 695632412.275
10 8 197443814.357
10 9 351019489.433
10 11 412435048.059
11 0 255670819.739
11 1 330499202.783
11 2 651637330.754
11 3 1114256092.510
11 4 832684076.644
11 5 278064023.290
11 6 792129386.443
11 7 535579875.588
11 8 537325888.377
11 9 503122546.295
11 10 363546435.338
