132
0 1 366488286.864
0 2 197127405.482
0 3 543700044.629
0 4 305255883.109
0 5 141897312.832
0 6 295906550.244
0 7 360932412.722
0 8 160291488.806
0 9 518738947.607
0 10 251806682.239
0 11 291564662.746
1 0 607460648.363
1 2 1066848179.449
1 3 1785699154.750
1 4 620701009.945
1 5 1354793219.553
1 6 1695877194.606
1 7 687686560.194
1 8 524601855.621
1 9 1739140392.938
1 10 335658796.088
1 11 800142326.969
2 0 285813805.997
2 1 458004704.309
2 3 717600042.481
2 4 713508511.102
2 5 403421923.392
2 6 834776417.889
2 7 408585509.324
2 8 590130665.023
2 9 1061510717.451
2 10 559621414.148
2 11 202119191.376
3 0 300768227.833
3 1 1655413494.695
3 2 818715746.515
3 4 1699001180.865
3 5 903705654.068
3 6 1664059724.399
3 7 489503637.731
3 8 553559892.756
3 9 1146863250.088
3 10 357888331.352
3 11 1156088116.969
4 0 432004047.013
4 1 1745301915.080
4 2 954647801.909
4 3 1648363279.650
4 5 722787757.816
4 6 543683413.917
4 7 539837382.618
4 8 315214276.639
4 9 912829532.206
4 10 716129744.188
4 11 634210221.818
5 0 340026492.709
5 1 1273608341.964
5 2 294426885.626
5 3 1007699692.854
5 4 423760394.081
5 6 598570937.895
5 7 382888029.877
5 8 548746614.297
5 9 673535645.799
5 10 646243734.433
5 11 606634547.269
6 0 499315400.240
6 1 1557935042.851
6 2 1145972441.644
6 3 1354584987.316
6 4 1534800422.751
6 5 508408574.140
6 7 735058538.920
6 8 1042584841.315
6 9 481074292.887
6 10 852713530.117
6 11 472454632.326
7 0 137401648.929
7 1 343878443.255
7 2 732187252.255
7 3 936410763.143
7 4 801068136.272
7 5 827016919.050
7 6 635855573.766
7 8 461849103.991
7 9 1167354664.461
7 10 689317793.639
7 11 736350173.868
8 0 318798567.956
8 1 411799142.524
8 2 758791014.062
8 3 851681308.566
8 4 956186822.498
8 5 408246358.484
8 6 922037725.344
8 7 334638535.495
8 9 481073208.326
8 10 480639797.052
8 11 338093755.607
9 0 327455773.595
9 1 1263628331.001
9 2 1077787636.164
9 3 1487345749.541
9 4 1561963759.951
9 5 1194032587.274
9 6 1694140153.735
9 7 301759382.240
9 8 989768896.276
9 10 1047787665.879
9 11 643554032.615
10 0 206001543.961
10 1 874795994.229
10 2 495952342.912
10 3 914219802.829
10 4 448373622.877
10 5 305349244.745
10 6 782295276.484
10 7 619347464.685
10 8 777731794.841
10 9 1037881354.481
10 11 554747934.329
11 0 152846731.453
11 1 1161806817.986
11 2 759800003.662
11 3 1096928650.924
11 4 980223880.662
11 5 784063416.696
11 6 488156797.586
11 7 289206200.126
11 8 698996710.842
11 9 687284920.317
11 10 331120679.120
