132
0 1 325957578.977
0 2 350859712.647
0 3 527338954.964
0 4 168792300.075
0 5 122124043.082
0 6 325062523.200
0 7 258070165.644
0 8 273003884.174
0 9 281841236.002
0 10 224672616.055
0 11 188406058.454
1 0 616525038.532
1 2 447481399.458
1 3 850062723.812
1 4 1044574889.282
1 5 1064249691.143
1 6 1726714389.125
1 7 1108956775.311
1 8 1136914630.454
1 9 1265435230.971
1 10 1124455293.910
1 11 378800642.446
2 0 291665591.194
2 1 639874672.061
2 3 1055520546.483
2 4 796741211.291
2 5 586000969.389
2 6 933235088.031
2 7 773919954.757
2 8 287816664.309
2 9 1163845279.384
2 10 546988858.833
2 11 701201820.685
3 0 527152587.529
3 1 1527526028.788
3 2 615989522.889
3 4 499940583.047
3 5 417109611.684
3 6 1343295185.448
3 7 436811435.246
3 8 974095866.704
3 9 780863421.228
3 10 306848752.500
3 11 811252015.238
4 0 390954014.046
4 1 1303063444.158
4 2 1132786628.545
4 3 1098716354.974
4 5 560985555.018
4 6 761549325.404
4 7 1017154921.289
4 8 1082243488.781
4 9 586169258.150
4 10 1023396236.120
4 11 874356974.282
5 0 266029284.314
5 1 408991899.208
5 2 524653883.516
5 3 838277292.598
5 4 495180791.295
5 6 1022837646.732
5 7 729063343.298
5 8 496601387.254
5 9 1196464411.759
5 10 807759970.229
5 11 639399456.562
6 0 516292142.316
6 1 1854642594.662
6 2 677815325.832
6 3 1648969425.497
6 4 669383162.783
6 5 560372783.360
6 7 503775950.349
6 8 653065973.711
6 9 1090996062.607
6 10 563654244.313
6 11 723607331.610
7 0 107705895.952
7 1 1037870528.719
7 2 409234761.635
7 3 337232543.544
7 4 1038485456.259
7 5 361482924.151
7 6 727305262.321
7 8 465411141.268
7 9 1143640659.503
7 10 458758429.851
7 11 538589155.789
8 0 125807016.511
8 1 996111760.872
8 2 431504651.774
8 3 1001052594.945
8 4 467488112.156
8 5 426837875.228
8 6 520381265.764
8 7 490231553.604
8 9 873354067.257
8 10 441222066.465
8 11 212763566.664
9 0 527860047.935
9 1 1519894668.622
9 2 390599214.657
9 3 1326983162.434
9 4 1702340613.528
9 5 1072882342.424
9 6 989820872.394
9 7 788833999.861
9 8 313828366.538
9 10 365577755.903
9 11 576317752.973
10 0 336018514.738
10 1 786651805.790
10 2 516467819.040
10 3 389624742.798
10 4 458672639.382
10 5 395696462.108
10 6 1157310413.234
10 7 205620881.629
10 8 298944343.886
10 9 887853684.059
10 11 635679042.242
11 0 236524543.130
11 1 1206814733.294
11 2 484452097.376
11 3 837252989.563
11 4 547132676.040
11 5 248514766.602
11 6 450259723.167
11 7 212844794.892
11 8 424751732.920
11 9 313251143.748
11 10 764832398.745
