132
0 1 187589953.354
0 2 292867136.473
0 3 457354709.501
0 4 299895413.350
0 5 314781684.853
0 6 439776720.068
0 7 262521646.048
0 8 195866833.760
0 9 288210340.075
0 10 250648011.501
0 11 339214341.435
1 0 220956404.540
1 2 863439637.298
1 3 1185404327.339
1 4 1715951879.101
1 5 871380939.044
1 6 1514593629.312
1 7 632260020.957
1 8 428915451.407
1 9 718471218.036
1 10 1244829157.010
1 11 1232647690.575
2 0 145855388.847
2 1 500149313.192
2 3 1177079733.029
2 4 707813779.203
2 5 300264670.499
2 6 511760844.507
2 7 215457839.964
2 8 368464801.928
2 9 872082975.760
2 10 309380836.175
2 11 705607224.699
3 0 532621012.961
3 1 1437288092.820
3 2 474345170.077
3 4 1144102078.113
3 5 659539329.606
3 6 954255654.543
3 7 925554099.224
3 8 440097389.288
3 9 1661998205.636
3 10 925589176.885
3 11 466538360.479
4 0 570480305.879
4 1 1589628508.906
4 2 897343325.545
4 3 750487651.098
4 5 767267972.654
4 6 524981667.210
4 7 981520532.994
4 8 968005037.148
4 9 1129409004.152
4 10 1154932621.750
4 11 1078412576.484
5 0 403187845.127
5 1 750189476.040
5 2 552339890.205
5 3 780179585.055
5 4 605763298.442
5 6 1192665282.183
5 7 674571588.376
5 8 454022611.701
5 9 899700955.663
5 10 788211353.067
5 11 409265056.106
6 0 543222479.674
6 1 1213571107.728
6 2 952313813.788
6 3 742057726.050
6 4 576305451.595
6 5 1271810950.906
6 7 296772711.247
6 8 758280914.774
6 9 1729889387.479
6 10 1062002691.135
6 11 581396510.619
7 0 294377113.853
7 1 794642334.005
7 2 290098703.845
7 3 687020063.930
7 4 879873907.846
7 5 820002362.983
7 6 590646397.517
7 8 266746202.637
7 9 730995378.039
7 10 354050348.325
7 11 394194899.696
8 0 346880776.601
8 1 642746490.245
8 2 563395872.103
8 3 438184459.271
8 4 334674599.939
8 5 261345359.712
8 6 595981053.551
8 7 459200568.487
8 9 401467318.676
8 10 336838559.489
8 11 225492547.448
9 0 216380155.080
9 1 666118446.357
9 2 944487322.785
9 3 1393136139.767
9 4 1065111732.702
9 5 657640935.621
9 6 1172445287.538
9 7 926081531.295
9 8 1154758806.989
9 10 498851782.962
9 11 703067257.956
10 0 177363657.511
10 1 1234433601.485
10 2 220782535.426
10 3 861413418.999
10 4 567282722.828
10 5 792384270.034
10 6 425509644.905
10 7 502714519.482
10 8 433818734.559
10 9 814532412.472
10 11 583550200.872
11 0 114784714.304
11 1 1128027993.702
11 2 368824394.988
11 3 911997941.206
11 4 1082580580.339
11 5 823984121.775
11 6 538473706.910
11 7 360196562.173
11 8 516986167.050
11 9 844629142.672
11 10 637119654.498
