41
4 7 2831.20
1 3 3473.70
9 1 5227.92
4 8 6076.24
2 8 6864.61
10 6 4568.03
0 7 5763.74
8 9 2215.99
6 2 995.66
7 11 9259.66
3 7 1651.63
2 5 2834.68
5 8 6872.30
10 4 3132.46
9 0 6680.50
6 3 5619.58
1 5 6255.81
9 11 625.17
7 2 4401.66
10 1 2684.43
8 6 2719.20
7 9 2358.39
4 1 8478.27
8 2 5437.16
8 11 553.01
10 5 1633.11
7 5 8887.00
1 9 8568.09
8 7 3173.76
0 8 8000.65
6 5 2417.77
3 5 4521.33
2 7 6091.28
11 7 2229.90
8 3 3134.24
5 10 461.64
3 1 7043.69
0 6 3481.74
3 4 5985.76
11 6 7002.94
10 2 6534.05
