87
6 9 8076.69
0 10 3377.45
3 7 418.37
1 11 2205.07
5 8 24.89
4 0 593.62
10 8 6644.61
6 7 5130.80
11 5 3758.85
10 7 5155.26
7 6 318.24
6 10 8112.30
4 10 4315.07
3 2 3760.53
2 6 8531.39
5 11 6164.72
4 5 3318.69
9 3 3272.65
11 0 1984.67
7 5 9152.96
0 1 3440.13
7 8 8093.49
3 11 3203.44
2 1 1657.53
8 9 3491.58
9 4 1945.18
11 10 6235.05
1 5 4123.73
8 6 6792.87
4 1 8752.35
9 7 7825.03
6 4 6300.10
5 4 3277.21
7 1 1797.92
11 9 3213.54
0 5 8407.18
1 0 1068.43
0 8 2009.00
4 11 1145.90
3 5 8695.27
2 7 7811.03
8 3 1172.49
5 10 7239.04
6 1 1295.05
5 7 4868.92
11 3 9113.52
1 3 6275.39
4 8 6416.97
2 8 6295.62
9 8 5710.33
8 0 6622.00
8 10 7526.09
9 11 2254.42
10 0 3955.09
3 9 9097.80
2 3 4199.53
9 6 4260.33
6 5 5032.23
11 7 9063.23
10 5 841.69
6 8 5003.15
11 8 6562.56
1 7 4478.39
3 4 7628.36
2 4 3959.55
8 4 3673.77
10 11 2837.75
9 1 7348.29
5 6 2904.38
11 2 4868.20
10 6 5872.17
0 3 8212.95
1 2 1180.32
4 9 1335.56
8 1 841.58
11 1 2989.91
7 10 499.27
8 11 3366.22
2 10 1730.47
9 10 5654.67
7 9 5212.40
3 8 8384.81
2 0 3679.60
1 8 7860.77
4 3 9034.51
9 5 4965.83
5 2 7893.00
