124
7 3 479.53
6 9 8559.61
0 7 673.65
1 6 3931.42
0 10 8079.12
3 7 6027.03
2 5 8178.80
1 11 6610.18
8 5 2763.07
5 8 6130.45
10 8 5327.85
9 0 777.14
6 7 5879.95
11 5 5239.15
10 7 3443.00
7 6 4250.99
6 10 5295.31
0 4 102.61
4 10 8611.91
3 2 1425.21
2 6 6651.46
8 2 6794.71
5 11 1021.41
4 5 4136.62
9 3 2159.74
6 0 8113.37
11 0 9288.17
7 5 217.95
0 1 193.92
3 1 4618.32
2 11 4053.85
7 8 5352.63
3 11 3072.74
8 9 669.24
9 4 3069.51
5 1 5983.22
10 3 7841.66
7 2 5033.00
11 10 6030.08
1 5 8831.75
3 6 4053.93
1 10 7735.11
8 6 7724.19
4 1 3399.45
10 9 2505.07
9 7 5467.87
6 4 3835.54
5 4 8530.86
11 4 7947.60
10 4 1323.57
7 1 1547.99
6 11 5125.54
11 9 7404.12
0 5 2178.83
1 0 3710.19
0 8 1173.03
4 11 2532.78
3 5 8598.47
2 7 8789.54
8 3 2312.60
5 10 1803.22
4 6 7652.79
9 2 4446.15
6 1 3623.64
5 7 6227.92
11 3 6905.15
7 4 5488.44
0 2 5393.64
1 3 2836.98
4 8 3890.21
3 0 2646.08
2 8 8107.16
9 8 1302.62
8 0 2278.68
6 2 116.80
7 11 8704.81
3 10 2611.23
8 10 6428.03
9 11 6928.19
5 0 9409.48
10 0 8839.46
1 4 3437.78
3 9 5837.86
1 9 2503.93
8 7 624.86
4 2 1165.47
9 6 3154.91
6 5 5013.27
5 3 5915.58
11 7 5387.57
10 5 7263.67
7 0 8214.63
6 8 2614.82
11 8 2930.64
0 6 6533.48
1 7 6396.76
0 9 1021.71
3 4 1107.31
2 4 3277.82
8 4 7582.02
5 9 4952.08
4 7 6651.62
10 11 1328.17
9 1 1250.67
5 6 5744.66
11 2 6959.69
10 6 1943.90
0 3 5208.30
1 2 903.74
4 9 5507.87
2 9 3045.58
7 10 5328.97
8 11 6195.80
2 10 4308.10
9 10 671.81
10 1 9105.10
7 9 1572.80
3 8 7581.30
2 0 3508.40
1 8 9405.12
4 3 447.75
9 5 4626.42
5 2 6070.23
10 2 6860.55
