100
7 3 1703.93
6 9 1074.69
1 6 350.76
0 10 2179.89
3 7 6020.64
2 5 6986.86
1 11 3700.51
8 5 9108.42
5 8 1180.64
4 0 3604.32
10 8 7393.27
11 5 2926.69
10 7 554.57
6 10 9335.46
0 4 7511.19
4 10 5104.18
3 2 5994.61
2 6 7787.20
8 2 8942.49
9 3 2630.09
6 0 7815.93
11 0 5672.52
7 5 6843.28
3 1 7135.96
2 11 611.40
7 8 1998.28
8 9 3632.28
9 4 3005.51
5 1 7480.96
10 3 4146.49
7 2 4183.28
11 10 3310.12
1 5 6540.48
1 10 7153.80
8 6 3797.29
10 9 3070.49
9 7 2318.22
6 4 5275.53
5 4 9367.56
10 4 399.76
7 1 4618.98
6 11 5650.65
0 5 9396.79
1 0 4472.54
3 5 4018.56
2 7 327.37
8 3 4356.96
5 10 391.14
4 6 5293.42
9 2 4146.31
6 1 6098.24
5 7 1560.15
11 3 8401.41
7 4 3599.05
0 2 1976.19
1 3 8708.12
3 0 5778.84
2 8 1498.33
8 0 3303.28
6 2 4491.82
3 10 5116.08
8 10 693.74
9 11 9230.37
5 0 5024.15
10 0 6378.53
3 9 8459.39
1 9 9132.83
8 7 8988.44
6 5 3148.82
5 3 3075.83
11 7 8386.74
7 0 5357.73
6 8 8977.08
0 6 8012.25
1 7 2792.37
0 9 3.16
3 4 3680.33
2 4 1876.73
8 4 5788.86
5 9 2597.14
4 7 418.26
9 1 1327.31
5 6 8288.83
11 2 8622.89
1 2 8590.19
4 9 2383.56
2 9 715.02
8 1 1118.55
6 3 7200.25
7 10 2218.73
8 11 9398.67
2 10 7385.84
10 1 9164.05
7 9 574.39
3 8 8643.34
2 0 7642.81
1 8 8846.82
4 3 7519.54
5 2 2127.97
11 6 3781.06
