89
7 3 418.39
6 9 2125.05
1 6 6488.59
0 10 7495.91
3 7 1105.22
2 5 480.69
1 11 4174.36
10 8 3668.07
6 7 3922.80
11 5 5250.68
7 6 7829.71
6 10 4088.41
4 5 2464.92
11 0 9070.91
7 5 7874.73
3 1 4874.28
2 11 4564.64
7 8 874.44
8 9 1913.37
9 4 3345.96
5 1 5448.26
7 2 1526.66
11 10 9252.25
1 5 5453.29
0 11 8519.98
3 6 7679.53
1 10 6685.75
4 1 1279.52
10 9 1887.25
5 4 5756.50
10 4 3227.06
7 1 2177.07
0 5 6943.43
1 0 4870.62
0 8 1430.60
4 11 2940.26
3 5 7325.51
2 7 557.52
8 3 569.47
5 10 3331.86
4 6 8420.66
9 2 1768.85
6 1 3060.43
5 7 1436.81
7 4 3117.97
0 2 5482.54
1 3 5128.48
2 8 681.33
9 8 6533.57
6 2 6736.75
3 10 5243.73
8 10 5412.56
10 0 7232.94
1 4 5689.58
2 3 8133.24
1 9 4198.91
9 6 3307.83
6 5 4870.02
5 3 5709.33
11 7 5628.62
10 5 1418.65
7 0 8779.15
11 8 4400.09
1 7 600.37
2 4 7386.67
8 4 5375.89
4 7 2617.68
10 11 490.79
9 1 296.79
5 6 1365.07
11 2 6082.73
1 2 6300.84
2 9 8984.73
8 1 9039.50
6 3 5547.77
11 1 924.85
7 10 2506.86
8 11 3480.49
2 10 3078.71
9 10 8836.16
10 1 3906.47
7 9 819.52
3 8 1344.36
2 0 1949.10
1 8 7261.93
4 3 6323.49
9 5 2309.39
5 2 6238.01
11 6 6372.50
