125
7 3 1462.32
6 9 8820.18
0 7 3058.09
1 6 709.58
0 10 426.24
3 7 6730.00
2 5 3282.69
1 11 6926.76
8 5 8141.24
5 8 3741.29
4 0 6397.05
10 8 5031.00
9 0 715.35
6 7 8530.82
10 7 4666.87
7 6 1426.19
6 10 7294.56
0 4 6418.72
4 10 2224.06
3 2 6644.83
2 6 5497.26
8 2 1686.83
5 11 5737.68
4 5 7657.26
9 3 3224.01
6 0 5960.83
11 0 8252.07
7 5 3029.31
0 1 3955.44
3 1 6585.44
2 11 2781.78
7 8 3681.33
3 11 1.57
2 1 5236.52
8 9 5924.28
9 4 2587.83
5 1 5309.43
7 2 2091.88
11 10 8706.82
1 5 5792.80
0 11 8824.21
3 6 4359.78
1 10 6262.87
4 1 3143.91
10 9 1024.09
9 7 977.67
6 4 8940.13
5 4 1193.23
11 4 5339.95
10 4 5546.07
7 1 5720.00
6 11 3480.42
1 0 225.15
0 8 2908.15
4 11 961.82
3 5 6185.51
2 7 2425.12
8 3 5698.73
4 6 4174.88
9 2 8603.71
6 1 5333.70
5 7 8763.41
11 3 1350.84
7 4 1842.86
0 2 5411.19
1 3 6019.94
4 8 2797.83
3 0 1321.19
2 8 201.51
9 8 2997.24
8 0 8426.50
6 2 5605.20
7 11 584.90
3 10 5190.47
8 10 9104.43
9 11 5782.53
5 0 3706.18
10 0 3449.73
1 4 23.60
3 9 1386.37
2 3 8561.77
1 9 6806.51
8 7 7940.78
4 2 2065.58
9 6 8384.94
6 5 8381.57
5 3 504.40
11 7 280.71
10 5 3510.17
7 0 7184.16
6 8 4483.24
11 8 5907.87
1 7 9081.02
0 9 6211.63
3 4 7354.70
2 4 7322.27
8 4 747.65
5 9 3909.65
4 7 623.94
10 11 6767.13
9 1 3422.62
5 6 9393.44
11 2 4413.81
10 6 7777.62
0 3 3058.95
1 2 8225.57
4 9 7919.15
2 9 1920.77
8 1 1038.52
6 3 4642.29
11 1 9297.94
7 10 1539.33
8 11 8073.08
2 10 7638.11
9 10 4002.69
10 1 9029.28
7 9 8396.53
3 8 7978.92
2 0 2244.08
1 8 6785.21
4 3 6896.45
9 5 3810.25
5 2 5371.59
11 6 276.90
10 2 3463.05
