93
7 3 1926.92
0 7 8650.87
1 6 2345.15
3 7 4702.74
2 5 6525.46
1 11 6712.59
8 5 4329.49
4 0 6061.04
10 8 6085.85
9 0 2588.15
6 7 5309.19
11 5 112.24
7 6 5624.77
6 10 4590.90
0 4 4113.75
8 2 2280.86
5 11 4938.05
9 3 2477.74
7 5 7422.06
3 1 5820.12
2 11 8463.19
7 8 3139.94
5 1 8286.70
10 3 9356.81
7 2 2342.93
11 10 8230.83
0 11 7655.84
1 10 6309.13
4 1 5668.34
10 9 3846.75
9 7 7447.82
6 4 2723.60
10 4 7878.24
11 9 2161.97
0 5 4706.97
0 8 8616.11
4 11 10.62
3 5 4317.80
2 7 1591.23
8 3 5316.41
5 10 3299.03
4 6 2651.19
6 1 2522.67
7 4 6701.86
0 2 8281.46
1 3 4998.67
4 8 2620.37
3 0 9047.10
2 8 3785.83
9 8 7115.37
8 0 7619.80
6 2 7642.06
7 11 7386.89
3 10 5221.31
8 10 7960.85
9 11 6124.49
5 0 5322.37
10 0 4904.71
1 4 5468.83
3 9 9250.23
2 3 8059.75
1 9 4070.06
8 7 9309.95
4 2 855.54
9 6 5849.17
6 5 77.10
5 3 1024.78
10 5 9263.44
7 0 1490.08
6 8 2934.55
0 6 158.88
1 7 7489.25
3 4 6246.87
2 4 8812.15
5 9 7980.77
4 7 1647.56
10 11 825.75
9 1 4329.14
11 2 9011.15
10 6 1705.87
0 3 4111.53
4 9 7236.29
2 9 7698.86
6 3 9377.82
7 10 9250.35
8 11 8965.18
9 10 2466.86
10 1 3691.93
3 8 5421.24
4 3 9238.24
9 5 1122.36
5 2 3041.72
11 6 1186.93
