98
6 9 124.51
0 7 2199.65
1 6 1164.29
0 10 4218.91
8 5 8872.42
5 8 3145.17
4 0 5896.30
10 8 2259.49
9 0 2111.87
6 7 964.16
10 7 2748.41
7 6 7573.51
6 10 7733.58
0 4 7899.83
4 10 2301.71
3 2 3451.73
2 6 7912.50
4 5 6384.97
9 3 1169.47
6 0 7845.64
7 5 1647.48
0 1 4846.62
3 11 6346.04
2 1 6697.52
8 9 2623.05
5 1 2303.81
10 3 4878.02
7 2 507.89
1 5 6515.60
0 11 8043.42
3 6 7945.41
1 10 3601.22
8 6 3310.07
4 1 6368.86
10 9 2093.79
9 7 6338.27
6 4 8955.93
5 4 2424.76
11 4 5833.12
7 1 3691.77
6 11 1969.05
11 9 6501.25
0 5 7457.16
0 8 7033.81
4 11 7593.78
3 5 9196.24
2 7 1886.10
8 3 3281.55
5 10 4407.74
4 6 7582.06
9 2 6943.40
6 1 9289.37
11 3 6269.09
0 2 2761.74
1 3 9085.41
4 8 4902.24
9 8 6102.40
8 0 7950.54
6 2 7176.73
7 11 4465.43
9 11 4469.65
5 0 2923.98
10 0 1718.49
1 4 3129.02
3 9 4071.67
2 3 3510.35
8 7 6102.62
4 2 7226.50
9 6 5147.55
5 3 298.65
11 7 1023.68
10 5 1230.17
7 0 4007.18
11 8 1125.93
0 6 778.21
0 9 4434.68
2 4 2606.91
8 4 7145.74
5 9 7265.21
4 7 1928.30
10 11 4854.19
9 1 8827.52
11 2 1232.56
10 6 8088.56
0 3 2955.01
1 2 3002.15
4 9 4151.21
11 1 8020.63
7 10 8560.56
2 10 8436.16
9 10 8431.80
10 1 5666.80
7 9 1281.22
1 8 624.20
4 3 4806.30
9 5 3299.16
5 2 5976.04
11 6 6831.73
