87
7 3 7512.37
6 9 1989.84
0 7 4814.52
1 6 2394.23
0 10 1724.17
3 7 8594.23
2 5 5060.48
1 11 3410.12
8 5 6658.52
5 8 3309.14
4 0 5461.12
10 8 3886.29
9 0 5897.25
11 5 3343.75
10 7 1893.51
7 6 6460.35
3 2 3456.40
5 11 5360.68
4 5 1035.67
9 3 4071.72
6 0 832.52
11 0 2033.90
7 5 8333.50
3 1 8329.84
2 11 6858.77
7 8 8481.90
2 1 282.52
8 9 6399.94
5 1 1427.55
7 2 5474.93
11 10 1381.40
1 5 3499.65
0 11 7162.90
3 6 8088.54
1 10 3423.37
8 6 2843.56
6 4 9055.59
11 4 3092.64
7 1 5225.25
6 11 3745.41
0 5 5415.69
0 8 1755.19
4 11 8160.35
8 3 2467.99
6 1 3344.43
7 4 1390.63
0 2 1691.63
1 3 4876.62
4 8 2739.15
3 0 4442.67
2 8 808.30
9 8 8309.22
3 10 45.08
9 11 6070.97
10 0 4366.47
3 9 3959.92
2 3 8857.47
1 9 3461.91
6 5 6817.05
5 3 4071.92
11 7 668.56
7 0 4311.97
6 8 5249.91
11 8 5899.89
0 6 6871.20
1 7 6723.21
3 4 7489.59
2 4 6977.52
8 4 244.19
5 9 510.20
5 6 4142.43
11 2 4694.41
0 3 4093.64
1 2 769.39
4 9 5537.57
8 1 5382.87
6 3 6964.59
8 11 2002.07
9 10 4604.98
7 9 792.11
3 8 8750.72
2 0 4175.62
1 8 2851.55
4 3 9161.54
5 2 1526.56
11 6 9196.81
10 2 5283.87
