55
7 3 4827.80
4 7 7250.06
10 1 5378.54
4 8 8566.66
5 6 176.01
10 6 5476.01
6 9 4230.97
8 9 6175.62
6 2 1126.28
1 6 889.26
0 10 88.89
10 3 7320.54
7 2 1538.32
1 2 2801.06
11 10 2857.88
4 9 6378.01
7 6 356.95
8 10 4871.41
6 11 3804.09
4 11 5384.20
5 0 8803.90
10 0 8012.25
6 4 3449.26
5 4 7951.96
10 4 64.70
2 7 6812.27
5 11 4238.44
4 5 3512.31
11 9 1800.05
9 0 4919.32
6 0 5073.78
7 5 7763.94
2 3 1921.22
8 7 9312.84
9 5 6279.75
6 7 5254.84
1 0 8753.94
0 8 8589.41
9 6 3576.93
6 5 5897.99
0 1 6915.90
10 5 3336.10
7 0 5529.52
6 8 1869.97
9 2 8305.74
7 8 306.36
5 7 9170.06
2 11 4675.64
7 4 4389.44
2 0 7188.96
3 9 3553.71
0 5 3904.20
10 2 7693.86
3 4 8027.38
8 4 4672.62
