71
7 3 9293.73
6 9 8321.37
9 1 3967.00
2 8 3100.29
7 1 941.68
0 7 9308.27
6 2 6158.32
1 6 8062.29
5 1 1938.24
7 11 6944.78
1 11 7684.98
10 3 4161.43
5 8 5503.72
4 0 2150.52
10 8 7017.08
9 0 1083.49
4 9 6005.63
2 9 598.18
8 1 4552.90
3 10 847.53
6 10 1962.49
7 0 2341.85
8 10 8896.88
5 10 2767.77
1 5 6263.02
0 11 6914.09
5 0 6760.52
0 4 7487.11
1 10 7100.52
8 6 5832.10
5 3 9387.58
4 1 7604.82
10 9 6931.03
9 7 2460.32
6 4 7630.38
2 6 1188.04
10 4 519.65
5 11 901.96
7 4 1565.64
9 3 942.93
6 0 6164.75
1 4 1807.36
6 7 1492.72
11 0 1978.02
7 5 6498.12
0 5 2143.52
1 9 7544.22
8 7 166.19
10 0 339.95
3 4 5045.63
1 0 2652.82
9 6 6054.02
4 11 7935.92
3 5 7559.70
11 7 2090.61
8 3 2814.93
3 7 7980.45
4 6 4483.64
11 8 7232.57
7 8 5025.17
6 1 322.91
5 7 5597.63
2 11 9361.84
8 2 401.12
3 6 3121.59
3 8 2015.64
3 9 31.83
1 7 7636.25
5 2 969.08
7 6 8022.05
8 4 3268.59
