110
6 9 7110.12
0 7 8434.42
1 6 6523.26
0 10 1351.24
3 7 3240.74
2 5 6462.47
1 11 8512.00
8 5 1333.50
5 8 3836.96
4 0 511.71
10 8 8140.68
10 7 5925.84
7 6 5377.17
6 10 427.06
0 4 9041.53
4 10 2971.78
3 2 544.41
2 6 6951.71
8 2 766.94
9 3 2700.74
6 0 7410.90
7 5 4635.31
3 1 1286.75
3 11 3006.48
8 9 4461.02
9 4 8851.32
5 1 1744.11
10 3 7143.43
7 2 745.61
11 10 3785.41
1 5 6746.41
0 11 9216.84
3 6 2088.50
1 10 981.02
4 1 9281.60
9 7 3565.57
6 4 5262.21
11 4 7477.15
10 4 3801.74
7 1 2287.60
6 11 8678.32
11 9 6026.71
0 5 3993.67
1 0 3394.08
0 8 3276.85
4 11 6707.03
3 5 1314.73
2 7 5076.53
8 3 1407.46
5 10 1635.33
4 6 6984.22
9 2 6970.28
6 1 5016.36
5 7 6513.35
11 3 8389.71
7 4 4521.59
0 2 3226.95
1 3 1957.66
4 8 5950.53
3 0 8405.85
2 8 5454.60
9 8 8009.98
8 0 5750.54
6 2 3669.19
3 10 1761.85
8 10 5110.65
9 11 2965.29
5 0 9019.18
10 0 6759.20
3 9 8352.30
2 3 5853.17
1 9 6818.60
8 7 8118.06
9 6 1430.36
6 5 401.81
5 3 5651.79
11 7 5942.73
10 5 1846.64
7 0 8263.26
11 8 3777.29
0 6 3229.60
1 7 2027.74
0 9 7177.44
3 4 8647.52
2 4 5725.63
8 4 2333.24
5 9 3949.21
4 7 8631.39
10 11 8456.69
9 1 2972.60
5 6 6029.71
11 2 954.09
1 2 1792.90
4 9 2097.68
2 9 6479.09
8 1 5588.91
6 3 1954.88
7 10 7840.15
8 11 3979.43
2 10 2270.00
9 10 7211.30
10 1 8526.27
7 9 8315.76
3 8 4277.47
2 0 1251.46
1 8 8109.91
4 3 8710.04
5 2 8850.06
11 6 9238.34
10 2 4275.36
