73
7 3 3442.93
4 7 4794.60
1 3 2018.35
9 1 3339.78
6 4 7368.22
3 0 960.71
9 8 6581.57
10 6 2190.52
3 2 17.21
2 1 97.12
8 9 7191.80
6 2 1901.41
1 6 656.78
10 2 2172.20
7 11 3067.18
0 3 1071.25
1 11 8447.28
10 3 9316.16
2 5 6380.62
7 2 9372.09
4 0 4259.06
10 8 1125.22
9 0 2551.65
6 7 6455.82
2 0 1300.92
8 1 6777.22
8 5 282.06
7 6 1451.30
4 8 1156.98
6 3 7298.69
5 8 8071.99
3 6 432.85
8 6 8327.89
5 3 1830.05
11 2 2191.72
10 9 733.26
4 10 1527.59
5 4 938.31
2 6 4168.04
10 4 4674.50
7 1 8965.20
8 11 5014.27
11 9 7486.53
8 3 7761.98
1 4 6057.33
3 9 5969.93
0 5 2101.86
0 7 4029.89
8 7 7658.34
10 0 8923.29
4 2 1677.95
1 0 895.10
2 3 8889.13
4 11 3871.07
3 5 2295.38
11 7 5286.28
10 5 2072.76
5 10 7808.46
6 8 173.67
9 2 7130.53
5 7 3508.85
2 11 5443.39
11 3 4720.74
3 7 2016.34
7 4 2013.06
10 7 4970.74
7 9 6687.32
0 9 19.34
9 5 8085.20
8 4 6718.40
7 8 7399.35
0 2 881.24
1 9 3622.05
