131
7 3 133.80
6 9 4410.26
0 7 8961.46
1 6 9039.12
0 10 6806.41
3 7 7425.76
2 5 1134.59
1 11 6566.88
8 5 8985.14
5 8 1845.32
4 0 9110.53
10 8 7144.62
9 0 2089.89
6 7 1850.42
11 5 148.43
10 7 3959.45
7 6 8018.28
6 10 7259.12
0 4 4226.51
4 10 3067.10
3 2 8598.86
2 6 3425.52
8 2 672.03
5 11 4322.93
4 5 8750.97
9 3 6009.73
6 0 1799.45
11 0 4558.94
7 5 296.89
0 1 1305.42
3 1 3004.01
2 11 5496.84
7 8 3328.70
3 11 2976.81
2 1 6102.60
8 9 3120.37
9 4 6043.17
5 1 786.29
10 3 2340.43
7 2 3154.66
11 10 5487.81
1 5 8941.29
0 11 484.40
3 6 1177.68
1 10 1111.20
8 6 6530.59
4 1 9151.65
10 9 1181.99
9 7 4333.50
6 4 6896.97
5 4 8753.51
11 4 3325.02
10 4 6906.08
7 1 2706.39
6 11 923.63
11 9 3296.33
0 5 1084.51
1 0 8056.67
0 8 8166.35
4 11 8240.39
3 5 6678.71
2 7 5133.78
8 3 4422.65
5 10 8937.86
4 6 231.87
9 2 6402.80
6 1 2786.91
5 7 2569.38
11 3 7851.11
7 4 8567.34
0 2 2642.87
1 3 7772.99
4 8 612.49
3 0 6837.37
2 8 1444.27
9 8 1073.08
8 0 7438.58
6 2 159.42
7 11 3559.51
3 10 1057.43
8 10 2709.54
9 11 8182.03
5 0 2321.35
10 0 6531.89
1 4 415.98
3 9 5673.95
2 3 2043.09
1 9 5861.67
8 7 5436.99
4 2 3811.19
9 6 976.10
6 5 1693.27
5 3 716.83
11 7 1520.77
10 5 9252.62
7 0 5138.31
11 8 5714.57
0 6 6481.74
1 7 7873.04
0 9 3626.72
3 4 8128.48
2 4 1147.29
8 4 1250.82
5 9 81.73
4 7 872.43
10 11 5422.37
9 1 581.56
5 6 1708.14
11 2 5173.52
10 6 4769.74
0 3 1853.82
1 2 8977.58
4 9 3016.99
2 9 4611.67
8 1 6559.99
6 3 4586.48
11 1 2138.37
7 10 7931.28
8 11 4610.14
2 10 118.62
9 10 7967.02
10 1 733.48
7 9 5813.30
3 8 282.46
2 0 943.07
1 8 432.55
4 3 1860.46
9 5 3738.55
5 2 9018.50
11 6 8762.33
10 2 6824.67
