56
5 9 4501.31
6 9 3484.19
3 1 2710.14
10 11 9013.87
4 8 2462.63
9 8 2058.78
10 6 6217.44
0 7 4568.72
8 9 5350.78
6 2 1220.88
0 10 8701.34
9 4 9339.60
7 11 3954.87
3 7 2307.88
8 5 1328.24
4 0 8245.65
9 0 3169.15
6 7 2031.14
8 1 7080.08
10 3 5050.71
7 10 5688.71
1 3 2775.25
10 0 4116.82
7 9 8991.43
4 1 5005.08
4 10 4296.54
10 4 9265.30
5 11 2955.14
4 5 8062.37
8 11 4153.21
9 3 6502.85
11 10 6149.17
1 4 2968.33
11 0 698.41
1 10 4993.39
7 5 4347.28
2 3 7853.75
8 7 170.54
9 5 3317.33
5 10 388.52
4 11 8604.14
5 3 203.16
7 0 3516.12
4 6 9252.29
9 2 3694.85
5 7 7729.02
11 3 6918.13
7 4 1625.56
10 7 7529.13
7 3 2429.72
4 3 7852.10
1 7 5819.96
0 9 7212.38
0 5 7604.15
3 4 3561.49
0 2 7039.50
