56
7 3 1500.18
6 9 4006.90
1 3 2075.40
4 8 8426.11
11 2 1061.62
10 6 5673.27
3 11 1660.82
8 9 7097.57
6 2 4745.01
1 6 7404.01
9 4 46.58
2 5 9279.18
4 0 1733.41
1 2 5088.65
10 8 7663.69
11 10 6566.05
3 1 5700.88
4 9 824.23
7 6 4595.62
6 10 4629.15
8 10 2706.02
6 3 1665.65
5 0 8196.36
0 4 2150.71
7 9 6641.57
4 1 2394.46
10 9 4572.19
9 7 6724.07
3 2 7286.87
2 6 591.67
11 4 6240.52
5 11 3305.38
8 11 4147.63
3 5 5244.42
9 10 2718.75
3 9 1911.08
0 5 6889.44
1 9 4982.78
10 1 7725.59
11 0 7333.63
9 6 3817.00
6 5 2878.91
5 3 4860.52
11 7 6279.84
8 3 7285.41
7 0 7015.26
4 7 1054.70
11 8 888.37
5 7 3633.61
2 0 4810.14
1 8 1199.04
0 9 8814.12
9 5 2613.37
7 8 7003.75
11 6 3083.31
8 4 8489.59
