132
0 1 30000.00
0 2 262281.00
0 3 10000.00
0 4 66988.00
0 5 128266.00
0 6 157409.00
0 7 283782.00
0 8 679389.00
0 9 0.00
0 10 35879.00
0 11 878196.00
1 0 445315.00
1 2 6543174.00
1 3 1984443.00
1 4 706269.00
1 5 4746716.00
1 6 2707411.00
1 7 4637645.00
1 8 3341656.00
1 9 1111399.00
1 10 2113198.00
1 11 15921303.00
2 0 89574.00
2 1 3076237.00
2 3 3752756.00
2 4 3188371.00
2 5 7282540.00
2 6 4705705.00
2 7 13096819.00
2 8 2403178.00
2 9 1246009.00
2 10 3602404.00
2 11 999621.00
3 0 433732.00
3 1 1808139.00
3 2 26435265.00
3 4 7786648.00
3 5 14073180.00
3 6 5854393.00
3 7 3079317.00
3 8 9362841.00
3 9 4628127.00
3 10 3740734.00
3 11 20672692.00
4 0 540889.00
4 1 1323616.00
4 2 9147808.00
4 3 1050551.00
4 5 3527510.00
4 6 1439984.00
4 7 2477982.00
4 8 4669288.00
4 9 930339.00
4 10 1567608.00
4 11 1079930.00
5 0 283385.00
5 1 1825647.00
5 2 39343490.00
5 3 5647365.00
5 4 2541120.00
5 6 4629970.00
5 7 33383471.00
5 8 9144880.00
5 9 2538657.00
5 10 4737048.00
5 11 8095942.00
6 0 24686.00
6 1 1483854.00
6 2 11300082.00
6 3 3788042.00
6 4 1821335.00
6 5 4880928.00
6 7 3524982.00
6 8 3995924.00
6 9 986693.00
6 10 2586234.00
6 11 2617648.00
7 0 556807.00
7 1 6224249.00
7 2 44775364.00
7 3 4768756.00
7 4 3083618.00
7 5 7981468.00
7 6 3407096.00
7 8 15037326.00
7 9 2618531.00
7 10 10950456.00
7 11 16853466.00
8 0 746209.00
8 1 7204506.00
8 2 37931060.00
8 3 13855171.00
8 4 6768075.00
8 5 13339820.00
8 6 6212645.00
8 7 29914260.00
8 9 2060459.00
8 10 12503466.00
8 11 24342325.00
9 0 0.00
9 1 55312.00
9 2 1301759.00
9 3 1010575.00
9 4 214044.00
9 5 946485.00
9 6 396277.00
9 7 14457524.00
9 8 919922.00
9 10 29319547.00
9 11 130797.00
10 0 38931.00
10 1 2188608.00
10 2 19605054.00
10 3 2292005.00
10 4 2182458.00
10 5 5168385.00
10 6 3535637.00
10 7 10758480.00
10 8 6234019.00
10 9 4425164.00
10 11 2622921.00
11 0 104041.00
11 1 37138271.00
11 2 25772920.00
11 3 18699489.00
11 4 6584052.00
11 5 13584491.00
11 6 10471796.00
11 7 28883607.00
11 8 56277859.00
11 9 765690.00
11 10 13607073.00
