132
0 1 349852.00
0 2 372126.00
0 3 80013.00
0 4 131531.00
0 5 194023.00
0 6 31345.00
0 7 378960.00
0 8 378134.00
0 9 25456.00
0 10 10000.00
0 11 488563.00
1 0 522824.00
1 2 7486057.00
1 3 2318978.00
1 4 1658725.00
1 5 13606495.00
1 6 1862864.00
1 7 6261822.00
1 8 5876851.00
1 9 612042.00
1 10 1946337.00
1 11 32036664.00
2 0 281204.00
2 1 13403171.00
2 3 5912719.00
2 4 5770004.00
2 5 17380609.00
2 6 8351160.00
2 7 16285796.00
2 8 11598312.00
2 9 3336394.00
2 10 3976832.00
2 11 22310013.00
3 0 238988.00
3 1 3522616.00
3 2 28741278.00
3 4 8633899.00
3 5 15208956.00
3 6 6800355.00
3 7 4036662.00
3 8 7618717.00
3 9 4579626.00
3 10 3135945.00
3 11 20498508.00
4 0 1113531.00
4 1 1817919.00
4 2 15710974.00
4 3 1123341.00
4 5 3067630.00
4 6 1334451.00
4 7 2779786.00
4 8 5408972.00
4 9 394990.00
4 10 1116397.00
4 11 3203262.00
5 0 614279.00
5 1 7764078.00
5 2 62581324.00
5 3 7426437.00
5 4 3400322.00
5 6 8174783.00
5 7 12406088.00
5 8 12468320.00
5 9 1641589.00
5 10 3208460.00
5 11 17330033.00
6 0 214642.00
6 1 1882220.00
6 2 16512264.00
6 3 5521964.00
6 4 1508551.00
6 5 4908912.00
6 7 1734727.00
6 8 4664184.00
6 9 702109.00
6 10 1329962.00
6 11 5036893.00
7 0 207149.00
7 1 9128646.00
7 2 64250122.00
7 3 3467194.00
7 4 5572932.00
7 5 25076001.00
7 6 4131019.00
7 8 23280930.00
7 9 6267450.00
7 10 11042552.00
7 11 26823904.00
8 0 694767.00
8 1 20772476.00
8 2 31168668.00
8 3 14135844.00
8 4 9034283.00
8 5 22941116.00
8 6 12138028.00
8 7 21714740.00
8 9 3799593.00
8 10 11368891.00
8 11 46262764.00
9 0 0.00
9 1 269725.00
9 2 3991167.00
9 3 3655728.00
9 4 282335.00
9 5 400094.00
9 6 329466.00
9 7 10898328.00
9 8 1341648.00
9 10 18323692.00
9 11 1514054.00
10 0 113436.00
10 1 5649952.00
10 2 21428109.00
10 3 1865408.00
10 4 2918868.00
10 5 6131500.00
10 6 1731692.00
10 7 10518787.00
10 8 6808360.00
10 9 2402080.00
10 11 6785326.00
11 0 1203140.00
11 1 61419010.00
11 2 50077663.00
11 3 42069752.00
11 4 9867225.00
11 5 22114772.00
11 6 13443229.00
11 7 29054657.00
11 8 87566628.00
11 9 2961191.00
11 10 12434841.00
