132
0 1 20000.00
0 2 577307.00
0 3 501592.00
0 4 22723.00
0 5 90001.00
0 6 87916.00
0 7 413425.00
0 8 616049.00
0 9 27546.00
0 10 141910.00
0 11 221435.00
1 0 43887.00
1 2 6582930.00
1 3 2604209.00
1 4 3251562.00
1 5 7987547.00
1 6 1925479.00
1 7 5579015.50
1 8 5360246.00
1 9 467047.50
1 10 2698239.00
1 11 19623066.00
2 0 242084.00
2 1 6679820.00
2 3 10331056.00
2 4 6011281.00
2 5 26006774.00
2 6 11133362.00
2 7 19228568.00
2 8 8062797.00
2 9 2209246.00
2 10 5541442.00
2 11 15566122.00
3 0 214525.00
3 1 2501130.00
3 2 22524346.00
3 4 10688051.00
3 5 12239753.00
3 6 6819060.00
3 7 10086454.00
3 8 5922873.00
3 9 5226542.00
3 10 6163882.00
3 11 18252449.00
4 0 509548.00
4 1 1251949.00
4 2 10422143.00
4 3 2475221.00
4 5 2711932.00
4 6 1457874.00
4 7 3993012.00
4 8 2890287.00
4 9 949557.00
4 10 1059676.00
4 11 2024302.00
5 0 119707.00
5 1 7591861.00
5 2 39994651.00
5 3 5774831.00
5 4 2299880.00
5 6 6570152.00
5 7 8113734.00
5 8 8163950.00
5 9 1192336.00
5 10 3959878.00
5 11 7610217.00
6 0 88934.00
6 1 2092345.00
6 2 12000632.00
6 3 3550780.00
6 4 1169907.00
6 5 4489477.00
6 7 2852507.00
6 8 2487023.00
6 9 680578.00
6 10 1597081.00
6 11 2503603.00
7 0 579479.00
7 1 6704317.00
7 2 38447430.00
7 3 9305354.00
7 4 7726609.00
7 5 15337203.00
7 6 4080589.00
7 8 22350658.00
7 9 4537980.00
7 10 12475060.00
7 11 20350543.00
8 0 182058.00
8 1 14762920.00
8 2 28581207.00
8 3 13478570.00
8 4 10872033.00
8 5 22400333.00
8 6 8535528.00
8 7 33064106.00
8 9 5887439.00
8 10 15333803.00
8 11 61622454.00
9 0 0.00
9 1 361715.00
9 2 2853751.00
9 3 5463499.00
9 4 533248.00
9 5 863222.00
9 6 350306.00
9 7 13396263.00
9 8 1162381.00
9 10 19323328.00
9 11 294523.00
10 0 120236.00
10 1 2583474.00
10 2 14237081.00
10 3 2585165.00
10 4 2771482.00
10 5 9216366.00
10 6 2390228.00
10 7 13703161.00
10 8 4533668.00
10 9 3800303.00
10 11 3304634.00
11 0 156152.00
11 1 39964988.00
11 2 32050888.00
11 3 25883618.00
11 4 10435286.00
11 5 19145194.00
11 6 3434364.00
11 7 32894592.00
11 8 54843853.00
11 9 2453875.00
11 10 20718419.00
