132
0 1 361510.00
0 2 442114.00
0 3 10000.00
0 4 64082.00
0 5 95406.00
0 6 31326.00
0 7 358133.00
0 8 401860.00
0 9 198578.00
0 10 19668.00
0 11 1199814.00
1 0 154991.00
1 2 9969428.00
1 3 4252014.00
1 4 2622805.00
1 5 7177922.00
1 6 1579690.00
1 7 7368132.00
1 8 8383621.00
1 9 741324.00
1 10 2591888.00
1 11 57195264.00
2 0 271992.00
2 1 14892750.00
2 3 7262501.00
2 4 11102420.00
2 5 22361512.00
2 6 9778620.00
2 7 24298517.00
2 8 10411883.00
2 9 5257790.00
2 10 4450244.00
2 11 21725786.00
3 0 57102.00
3 1 3362251.00
3 2 26670138.00
3 4 8705897.00
3 5 12755054.00
3 6 8210699.00
3 7 6880076.00
3 8 6961931.00
3 9 5222576.00
3 10 6312546.00
3 11 27372410.00
4 0 159240.00
4 1 5235556.00
4 2 14756019.00
4 3 1445746.00
4 5 5889081.00
4 6 2106628.00
4 7 4706991.00
4 8 4003912.00
4 9 473402.00
4 10 1161044.00
4 11 4002628.00
5 0 100407.00
5 1 16194102.00
5 2 42646723.00
5 3 7211385.00
5 4 3909979.00
5 6 14537649.00
5 7 10961047.00
5 8 13863045.00
5 9 2999060.00
5 10 3507572.00
5 11 19263846.00
6 0 45072.00
6 1 1531433.00
6 2 14230794.00
6 3 11128516.00
6 4 1955913.00
6 5 6640249.00
6 7 3523031.00
6 8 4626587.00
6 9 743149.00
6 10 1638230.00
6 11 5860127.00
7 0 852085.00
7 1 12175310.00
7 2 63510183.00
7 3 7593276.00
7 4 7666888.00
7 5 22342969.00
7 6 8198480.00
7 8 25828678.00
7 9 5372301.00
7 10 11240781.00
7 11 26499976.00
8 0 172545.00
8 1 16587076.00
8 2 28094117.00
8 3 15974472.00
8 4 10016389.00
8 5 24026752.00
8 6 13947834.00
8 7 30328275.00
8 9 6313795.00
8 10 15812473.00
8 11 50214260.00
9 0 10000.00
9 1 512035.00
9 2 2140125.00
9 3 6278127.00
9 4 214699.00
9 5 1404298.00
9 6 333666.00
9 7 14736390.00
9 8 1284343.00
9 10 21623459.00
9 11 1579410.00
10 0 129809.00
10 1 6500622.00
10 2 23619537.00
10 3 5688169.00
10 4 2357277.00
10 5 10574505.00
10 6 4346873.00
10 7 19198980.00
10 8 8313235.00
10 9 3878313.00
10 11 5965605.00
11 0 585019.00
11 1 50766067.00
11 2 33815777.00
11 3 32890795.00
11 4 14939012.00
11 5 22463230.00
11 6 11548985.00
11 7 38883898.00
11 8 84493244.00
11 9 6766286.00
11 10 21461029.00
