132
0 1 10000.00
0 2 256783.00
0 3 0.00
0 4 28270.00
0 5 279198.00
0 6 31052.00
0 7 407420.00
0 8 666873.00
0 9 0.00
0 10 0.00
0 11 461056.00
1 0 165645.00
1 2 10426459.00
1 3 1969457.00
1 4 231319.00
1 5 7348124.00
1 6 1202941.00
1 7 5676547.00
1 8 9024255.00
1 9 735963.00
1 10 2681493.00
1 11 42752706.00
2 0 516731.00
2 1 7995777.00
2 3 8220111.00
2 4 10568325.00
2 5 17266389.00
2 6 7009086.00
2 7 20175143.00
2 8 6078384.00
2 9 1359918.00
2 10 5721953.00
2 11 11361145.00
3 0 29580.00
3 1 1561265.00
3 2 20966854.00
3 4 9893204.00
3 5 10352541.00
3 6 8235877.00
3 7 5641696.00
3 8 7865507.00
3 9 3195100.00
3 10 5013195.00
3 11 25362682.00
4 0 728256.00
4 1 525656.00
4 2 8027280.00
4 3 1800490.00
4 5 2472022.00
4 6 1273534.00
4 7 37438794.00
4 8 1594642.00
4 9 663548.00
4 10 562714.00
4 11 1814059.00
5 0 49741.00
5 1 3387204.00
5 2 21709448.00
5 3 10298318.00
5 4 2011197.00
5 6 2045240.00
5 7 10454480.00
5 8 5216971.00
5 9 2626065.00
5 10 5597739.00
5 11 9298051.00
6 0 0.00
6 1 772911.00
6 2 9551087.00
6 3 9348664.00
6 4 2940287.00
6 5 4594668.00
6 7 3736089.00
6 8 2233582.00
6 9 385689.00
6 10 1264751.00
6 11 3709823.00
7 0 62836.00
7 1 8415522.00
7 2 57497880.00
7 3 5807430.00
7 4 5750213.00
7 5 20327607.00
7 6 4281240.00
7 8 19871435.00
7 9 4542697.00
7 10 9565035.00
7 11 34110050.00
8 0 459526.00
8 1 9550161.00
8 2 15777449.00
8 3 12997778.00
8 4 5520181.00
8 5 16178150.00
8 6 5593457.00
8 7 32920206.00
8 9 3399421.00
8 10 13622814.00
8 11 40577671.00
9 0 0.00
9 1 139719.00
9 2 677477.00
9 3 5432654.00
9 4 276025.00
9 5 1536986.00
9 6 387426.00
9 7 12245092.00
9 8 621951.00
9 10 21745701.00
9 11 1610008.00
10 0 34240.00
10 1 3421550.00
10 2 17341380.00
10 3 2999088.00
10 4 1739026.00
10 5 6348832.00
10 6 1993856.00
10 7 12485424.00
10 8 5123948.00
10 9 1521305.00
10 11 2015272.00
11 0 1988265.00
11 1 36923601.00
11 2 21259268.00
11 3 25217780.00
11 4 6048474.00
11 5 16570393.00
11 6 3419232.00
11 7 51824361.00
11 8 58637616.00
11 9 4752290.00
11 10 16711584.00
