132
0 1 0.00
0 2 115486.00
0 3 0.00
0 4 10000.00
0 5 44254.00
0 6 33596.00
0 7 265498.00
0 8 485213.00
0 9 42736.00
0 10 11756.00
0 11 419027.00
1 0 11373.00
1 2 3708590.00
1 3 2206392.00
1 4 209118.00
1 5 6889510.00
1 6 936309.00
1 7 5408414.00
1 8 2377290.00
1 9 176088.00
1 10 1810053.00
1 11 19623628.00
2 0 425048.00
2 1 3740457.00
2 3 8422196.00
2 4 11003067.00
2 5 16806791.00
2 6 4846792.00
2 7 14619297.00
2 8 7101112.00
2 9 799874.00
2 10 3891356.00
2 11 11398402.00
3 0 106669.00
3 1 2338363.00
3 2 18843025.00
3 4 7878259.00
3 5 10116423.00
3 6 9362988.00
3 7 5486315.00
3 8 7179357.00
3 9 3836925.00
3 10 2281558.00
3 11 24945993.00
4 0 120965.00
4 1 202833.00
4 2 5129702.00
4 3 489829.00
4 5 2567943.00
4 6 376147.00
4 7 37489950.00
4 8 1453595.00
4 9 293611.00
4 10 827967.00
4 11 1244980.00
5 0 10000.00
5 1 7570413.00
5 2 29329439.00
5 3 6365792.00
5 4 755107.00
5 6 1851136.00
5 7 8988376.00
5 8 4719372.00
5 9 2692892.00
5 10 4684806.00
5 11 9058515.00
6 0 1371956.00
6 1 795272.00
6 2 8249482.00
6 3 3149330.00
6 4 1031518.00
6 5 2695392.00
6 7 2851226.00
6 8 2233706.00
6 9 240449.00
6 10 1077028.00
6 11 2461376.00
7 0 109987.00
7 1 4458962.00
7 2 76523918.00
7 3 5813880.00
7 4 3238940.00
7 5 10408252.00
7 6 4655782.00
7 8 17259531.00
7 9 3205237.00
7 10 7035953.00
7 11 29116704.00
8 0 465874.00
8 1 7964413.00
8 2 11884266.00
8 3 8969123.00
8 4 4231204.00
8 5 11408686.00
8 6 2610826.00
8 7 29035991.00
8 9 5181008.00
8 10 8810144.00
8 11 19010807.00
9 0 0.00
9 1 87624.00
9 2 1500578.00
9 3 2703073.00
9 4 85708.00
9 5 3203922.00
9 6 138001.00
9 7 10204691.00
9 8 462689.00
9 10 18430636.00
9 11 134999.00
10 0 0.00
10 1 2330840.00
10 2 11160812.00
10 3 3073904.00
10 4 719233.00
10 5 1174101.00
10 6 2084534.00
10 7 8556702.00
10 8 4243314.00
10 9 1934132.00
10 11 2214720.00
11 0 57201.00
11 1 50952123.00
11 2 17915855.00
11 3 19707570.00
11 4 8530846.00
11 5 19909402.00
11 6 3272075.00
11 7 48171368.00
11 8 38319616.00
11 9 1104882.00
11 10 14357511.00
