132
0 1 27612.00
0 2 54927.00
0 3 0.00
0 4 253351.00
0 5 30000.00
0 6 53820.00
0 7 0.00
0 8 217253.00
0 9 0.00
0 10 0.00
0 11 137045.00
1 0 0.00
1 2 18538432.00
1 3 38697.00
1 4 17738193.00
1 5 6869086.00
1 6 454366.00
1 7 0.00
1 8 2836277.00
1 9 20000.00
1 10 124432.00
1 11 14723046.00
2 0 0.00
2 1 6639458.00
2 3 11388801.00
2 4 32692203.00
2 5 19007970.00
2 6 6512517.00
2 7 110855.00
2 8 6131227.00
2 9 41500.00
2 10 120053.00
2 11 17257931.00
3 0 0.00
3 1 2308591.00
3 2 25594281.00
3 4 10493581.00
3 5 10544823.00
3 6 3600516.00
3 7 0.00
3 8 9071448.00
3 9 2744641.00
3 10 50000.00
3 11 15074961.00
4 0 0.00
4 1 8963613.00
4 2 263486.00
4 3 0.00
4 5 24352.00
4 6 28039.00
4 7 0.00
4 8 1179701.00
4 9 0.00
4 10 30000.00
4 11 34911833.00
5 0 0.00
5 1 4917125.00
5 2 25441470.00
5 3 3800261.00
5 4 38079046.00
5 6 3892863.00
5 7 163704.00
5 8 7001435.00
5 9 15160.00
5 10 156072.00
5 11 13443776.00
6 0 0.00
6 1 2761508.00
6 2 11140618.00
6 3 5803973.00
6 4 5481882.00
6 5 2253916.00
6 7 0.00
6 8 2345739.00
6 9 0.00
6 10 79716.00
6 11 3539149.00
7 0 0.00
7 1 7151699.00
7 2 8391842.00
7 3 5375159.00
7 4 71406279.00
7 5 991623.00
7 6 349797.00
7 8 20394764.00
7 9 4305469.00
7 10 11609557.00
7 11 33613922.00
8 0 0.00
8 1 7886378.00
8 2 14209637.00
8 3 11051810.00
8 4 43199979.00
8 5 19124647.00
8 6 8172032.00
8 7 40600.00
8 9 40315.00
8 10 1180824.00
8 11 41037246.00
9 0 0.00
9 1 72918.00
9 2 80101.00
9 3 5591871.00
9 4 1250261.00
9 5 30000.00
9 6 147193.00
9 7 12564033.00
9 8 1791271.00
9 10 22486517.00
9 11 305012.00
10 0 0.00
10 1 3147970.00
10 2 412387.00
10 3 1725105.00
10 4 14754423.00
10 5 496457.00
10 6 1470397.00
10 7 8601769.00
10 8 3399373.00
10 9 1596008.00
10 11 3144285.00
11 0 0.00
11 1 40614598.00
11 2 12210518.00
11 3 526579.00
11 4 64492318.00
11 5 14192245.00
11 6 8036477.00
11 7 40000.00
11 8 45628274.00
11 9 20000.00
11 10 856721.00
