132
0 1 116135.00
0 2 319504.00
0 3 10000.00
0 4 209714.00
0 5 30000.00
0 6 107005.00
0 7 643841.00
0 8 76700.00
0 9 32552.00
0 10 81961.00
0 11 712166.00
1 0 39438.00
1 2 4772749.00
1 3 1927494.00
1 4 1271032.00
1 5 8852934.00
1 6 1014300.00
1 7 4417088.00
1 8 4037325.00
1 9 193440.00
1 10 4993805.00
1 11 25139440.00
2 0 1504491.00
2 1 7351264.00
2 3 7371255.00
2 4 5375684.00
2 5 26119992.00
2 6 8206621.00
2 7 22584623.00
2 8 9396744.00
2 9 3612143.00
2 10 8766892.00
2 11 14413834.00
3 0 100688.00
3 1 1892029.00
3 2 31132113.00
3 4 7739131.00
3 5 10684974.00
3 6 4502464.00
3 7 4488622.00
3 8 8839432.00
3 9 3359847.00
3 10 4679580.00
3 11 22095707.00
4 0 1050392.00
4 1 966494.00
4 2 13660286.00
4 3 1793128.00
4 5 5249819.00
4 6 2225506.00
4 7 3685234.00
4 8 2140863.00
4 9 1690693.00
4 10 1330883.00
4 11 1708770.00
5 0 142564.00
5 1 4496324.00
5 2 45470183.00
5 3 7904213.00
5 4 3822147.00
5 6 5691613.00
5 7 7658672.00
5 8 12299562.00
5 9 1331800.00
5 10 6650084.00
5 11 11414865.00
6 0 37065.00
6 1 1576869.00
6 2 14741175.00
6 3 3643104.00
6 4 1900821.00
6 5 3458477.00
6 7 2254854.00
6 8 3180996.00
6 9 960014.00
6 10 2691753.00
6 11 2731369.00
7 0 108848.00
7 1 3933222.00
7 2 48108599.00
7 3 5828451.00
7 4 4436134.00
7 5 9466174.00
7 6 3217238.00
7 8 14603560.00
7 9 2874637.00
7 10 10143247.00
7 11 15445484.00
8 0 584437.00
8 1 8347968.00
8 2 23223568.00
8 3 13396662.00
8 4 10722126.00
8 5 23519414.00
8 6 9005376.00
8 7 28702663.00
8 9 3885607.00
8 10 15828502.00
8 11 31927085.00
9 0 11892.00
9 1 131051.00
9 2 1790433.00
9 3 1155727.00
9 4 453563.00
9 5 1016656.00
9 6 126036.00
9 7 12255753.00
9 8 4118798.00
9 10 20289755.00
9 11 307022.00
10 0 27299.00
10 1 2670099.00
10 2 22600299.00
10 3 4628585.00
10 4 1921970.00
10 5 3809110.00
10 6 1609881.00
10 7 13292599.00
10 8 6400972.00
10 9 2729535.00
10 11 2912227.00
11 0 730502.00
11 1 48491845.00
11 2 31244565.00
11 3 24403599.00
11 4 7735444.00
11 5 20210991.00
11 6 5176499.00
11 7 28564722.00
11 8 66178981.00
11 9 1582171.00
11 10 13272562.00
