132
0 1 69834.00
0 2 640300.00
0 3 20000.00
0 4 41020.00
0 5 139775.00
0 6 42604.00
0 7 179671.00
0 8 273774.00
0 9 0.00
0 10 24373.00
0 11 125096.00
1 0 117158.00
1 2 8171539.00
1 3 3277253.00
1 4 1809208.00
1 5 7815475.00
1 6 1756300.00
1 7 7755527.50
1 8 7252438.00
1 9 1436357.50
1 10 3051457.00
1 11 20077501.00
2 0 127049.00
2 1 7531933.00
2 3 8285832.00
2 4 11867737.00
2 5 21440605.00
2 6 13444099.00
2 7 29072680.00
2 8 7359196.00
2 9 2445600.00
2 10 8717826.00
2 11 14373526.00
3 0 35097.00
3 1 2655924.00
3 2 23983628.00
3 4 7631300.00
3 5 12365987.00
3 6 3841778.00
3 7 5138264.00
3 8 7318198.00
3 9 3668463.00
3 10 6442836.00
3 11 19145654.00
4 0 30930.00
4 1 1681975.00
4 2 13665823.00
4 3 2460700.00
4 5 3667150.00
4 6 1908163.00
4 7 37119720.00
4 8 2935260.00
4 9 467550.00
4 10 1064068.00
4 11 1972553.00
5 0 141770.00
5 1 4946130.00
5 2 46128060.00
5 3 10042196.00
5 4 3710263.00
5 6 5753953.00
5 7 10945307.00
5 8 12746966.00
5 9 1498141.00
5 10 7307417.00
5 11 8853266.00
6 0 37255.00
6 1 1400609.00
6 2 13937605.00
6 3 4449506.00
6 4 1949920.00
6 5 6002570.00
6 7 4656031.00
6 8 4510422.00
6 9 1380137.00
6 10 1408495.00
6 11 5831623.00
7 0 319322.00
7 1 14264504.00
7 2 49008324.00
7 3 5809926.00
7 4 5153664.00
7 5 17266026.00
7 6 3602791.00
7 8 23781936.00
7 9 4350240.00
7 10 13394395.00
7 11 26867979.00
8 0 1232557.00
8 1 11623241.00
8 2 33881353.00
8 3 15400661.00
8 4 7559919.00
8 5 20643591.00
8 6 18821255.00
8 7 33869017.00
8 9 6011580.00
8 10 16242274.00
8 11 47128047.00
9 0 0.00
9 1 75544.00
9 2 3167538.00
9 3 1010005.00
9 4 312901.00
9 5 3423724.00
9 6 398387.00
9 7 13607845.00
9 8 1393602.00
9 10 17988956.00
9 11 603590.00
10 0 36483.00
10 1 3800444.00
10 2 16182193.00
10 3 2116340.00
10 4 1905667.00
10 5 11697055.00
10 6 3175894.00
10 7 15414054.00
10 8 5477478.00
10 9 5839850.00
10 11 7086783.00
11 0 555510.00
11 1 44174570.00
11 2 36064655.00
11 3 30246006.00
11 4 6393123.00
11 5 11242123.00
11 6 11461218.00
11 7 38430588.00
11 8 66375256.00
11 9 3325784.00
11 10 23018904.00
