506
0 1 2236.633
0 2 301.768
0 3 79.751
0 4 167.815
0 5 84.966
0 6 2409.297
0 7 30.973
0 8 244.913
0 9 1805.897
0 10 127.494
0 11 60.453
0 12 1039.379
0 13 6461.178
0 14 1598.881
0 15 2948.802
0 16 74.359
0 17 233.888
0 18 113.947
0 19 18.798
0 20 149.089
0 21 117.155
0 22 98.302
1 0 1606.401
1 2 29074.195
1 3 3920.964
1 4 2217.892
1 5 1043.207
1 6 107467.960
1 7 241.447
1 8 4472.000
1 9 26964.642
1 10 1697.565
1 11 603.987
1 12 18611.364
1 13 33419.096
1 14 45198.779
1 15 842.907
1 16 32079.251
1 17 1847.086
1 18 5511.385
1 19 4434.620
1 20 1607.590
1 21 1306.866
1 22 2921.707
2 0 1823.649
2 1 5623.216
2 3 2536.873
2 4 2000.068
2 5 798.867
2 6 195726.708
2 7 1199.822
2 8 2734.721
2 9 30589.329
2 10 1409.660
2 11 3013.784
2 12 35672.965
2 13 19873.482
2 14 84391.074
2 15 84693.001
2 16 19609.645
2 17 4150.532
2 18 5321.164
2 19 2595.272
2 20 648.589
2 21 1698.815
2 22 2244.708
3 0 31.802
3 1 444.756
3 2 5140.708
3 4 423.870
3 5 437.962
3 6 26385.951
3 7 101.259
3 8 14.808
3 9 1665.854
3 10 109.852
3 11 70.307
3 12 4725.195
3 13 1174.092
3 14 3140.291
3 15 9702.724
3 16 1717.492
3 17 471.454
3 18 10.903
3 19 439.324
3 20 233.896
3 21 275.999
3 22 139.490
4 0 58.459
4 1 5607.901
4 2 1134.239
4 3 615.803
4 5 112.672
4 6 12365.592
4 7 77.268
4 8 574.604
4 9 1817.470
4 10 518.568
4 11 225.902
4 12 3595.932
4 13 8119.972
4 14 5395.460
4 15 12228.052
4 16 1099.746
4 17 47.079
4 18 414.180
4 19 415.899
4 20 202.440
4 21 311.000
4 22 264.866
5 0 16.646
5 1 952.524
5 2 3229.445
5 3 218.592
5 4 187.450
5 6 26745.119
5 7 161.133
5 8 391.708
5 9 543.382
5 10 121.119
5 11 187.642
5 12 3252.736
5 13 11948.789
5 14 536.940
5 15 12905.452
5 16 2672.580
5 17 258.610
5 18 143.196
5 19 66.614
5 20 170.108
5 21 35.649
5 22 185.555
6 0 11462.498
6 1 139796.198
6 2 245964.577
6 3 27745.218
6 4 24359.394
6 5 21559.518
6 7 3639.784
6 8 13717.698
6 9 30278.211
6 10 2002.704
6 11 16002.283
6 12 266223.046
6 13 104441.768
6 14 260843.572
6 15 365018.406
6 16 396501.034
6 17 23446.444
6 18 30751.658
6 19 16125.449
6 20 20035.812
6 21 1208.098
6 22 908.276
7 0 2.795
7 1 523.036
7 2 1276.511
7 3 127.371
7 4 44.307
7 5 158.102
7 6 3177.480
7 8 45.649
7 9 1416.820
7 10 123.950
7 11 91.559
7 12 358.589
7 13 1482.152
7 14 1728.346
7 15 3782.611
7 16 2279.085
7 17 164.524
7 18 134.006
7 19 105.981
7 20 34.916
7 21 84.102
7 22 82.307
8 0 194.724
8 1 4004.941
8 2 2862.496
8 3 604.986
8 4 29.364
8 5 254.984
8 6 5095.283
8 7 47.196
8 9 4373.077
8 10 265.626
8 11 258.185
8 12 3498.041
8 13 10102.868
8 14 3798.563
8 15 15586.383
8 16 8392.611
8 17 188.580
8 18 498.685
8 19 36.323
8 20 457.061
8 21 112.643
8 22 7.631
9 0 394.654
9 1 30802.470
9 2 23494.782
9 3 5135.936
9 4 4069.289
9 5 1882.199
9 6 256631.588
9 7 1637.103
9 8 1160.156
9 10 3960.534
9 11 3004.516
9 12 629.013
9 13 67574.382
9 14 35260.111
9 15 110626.182
9 16 50816.356
9 17 4881.959
9 18 2877.038
9 19 1486.245
9 20 3974.806
9 21 44.048
9 22 733.533
10 0 209.439
10 1 1626.308
10 2 3672.860
10 3 301.290
10 4 115.639
10 5 285.536
10 6 392.862
10 7 52.107
10 8 228.599
10 9 2514.555
10 11 165.660
10 12 4176.824
10 13 11203.072
10 14 6497.661
10 15 10420.176
10 16 7758.372
10 17 234.312
10 18 216.301
10 19 411.361
10 20 280.878
10 21 268.364
10 22 204.938
11 0 132.130
11 1 2237.860
11 2 2746.585
11 3 104.907
11 4 83.719
11 5 49.733
11 6 5950.560
11 7 53.473
11 8 251.046
11 9 1748.998
11 10 41.586
11 12 352.062
11 13 1866.641
11 14 3449.901
11 15 8439.295
11 16 4862.916
11 17 278.383
11 18 35.248
11 19 90.925
11 20 303.604
11 21 135.566
11 22 114.602
12 0 800.549
12 1 35543.127
12 2 26584.340
12 3 3430.709
12 4 2177.750
12 5 1123.170
12 6 172675.528
12 7 418.271
12 8 692.169
12 9 19408.219
12 10 330.501
12 11 736.303
12 13 83228.648
12 14 15155.716
12 15 115538.388
12 16 71056.311
12 17 1885.731
12 18 1587.408
12 19 3528.164
12 20 35.140
12 21 2694.025
12 22 2917.378
13 0 1989.954
13 1 72531.170
13 2 27801.323
13 3 14692.429
13 4 9217.295
13 5 7419.553
13 6 601475.066
13 7 2537.521
13 8 4345.006
13 9 107009.204
13 10 11858.043
13 11 10210.433
13 12 11894.730
13 14 211636.938
13 15 249869.725
13 16 48417.060
13 17 13133.387
13 18 11524.354
13 19 5928.615
13 20 11891.383
13 21 10029.289
13 22 8514.439
14 0 2055.447
14 1 19153.057
14 2 22401.348
14 3 2862.014
14 4 3223.858
14 5 615.305
14 6 287457.483
14 7 2259.670
14 8 5557.765
14 9 46332.147
14 10 2385.752
14 11 4854.845
14 12 78438.557
14 13 120789.023
14 15 197434.010
14 16 2957.915
14 17 796.040
14 18 7234.052
14 19 888.413
14 20 6973.084
14 21 3216.662
14 22 3477.715
15 0 1319.011
15 1 43503.172
15 2 107732.771
15 3 5938.080
15 4 14799.518
15 5 893.097
15 6 733684.436
15 7 545.965
15 8 12341.567
15 9 41320.358
15 10 6551.763
15 11 9336.522
15 12 1234.754
15 13 118474.827
15 14 118466.840
15 16 7841.267
15 17 8061.893
15 18 11234.288
15 19 9844.672
15 20 8183.959
15 21 9157.604
15 22 132.540
16 0 2781.086
16 1 52616.032
16 2 22976.715
16 3 7144.227
16 4 2373.680
16 5 4126.888
16 6 194714.513
16 7 2065.869
16 8 4991.938
16 9 69859.897
16 10 4630.294
16 11 1080.085
16 12 27527.856
16 13 167779.232
16 14 27033.512
16 15 53797.641
16 17 3255.593
16 18 9477.797
16 19 6689.423
16 20 3394.394
16 21 325.269
16 22 2822.851
17 0 217.147
17 1 1777.885
17 2 1779.211
17 3 423.920
17 4 79.982
17 5 394.322
17 6 16284.897
17 7 21.492
17 8 60.409
17 9 3426.060
17 10 121.230
17 11 55.103
17 12 56.182
17 13 12077.737
17 14 8234.737
17 15 553.300
17 16 4569.132
17 18 217.968
17 19 444.214
17 20 237.693
17 21 271.056
17 22 276.101
18 0 166.947
18 1 3422.138
18 2 4605.562
18 3 189.308
18 4 103.966
18 5 555.784
18 6 23343.099
18 7 17.340
18 8 200.066
18 9 3391.688
18 10 408.071
18 11 329.039
18 12 3793.442
18 13 9683.165
18 14 8005.253
18 15 3592.915
18 16 7779.244
18 17 536.068
18 19 375.676
18 20 167.160
18 21 399.139
18 22 245.742
19 0 206.930
19 1 343.731
19 2 1796.591
19 3 195.884
19 4 136.873
19 5 423.244
19 6 4026.963
19 7 61.987
19 8 358.190
19 9 779.906
19 10 306.025
19 11 12.412
19 12 2297.596
19 13 4950.302
19 14 5477.368
19 15 4533.424
19 16 6731.158
19 17 1.448
19 18 54.053
19 20 132.230
19 21 208.399
19 22 109.002
20 0 96.355
20 1 2162.602
20 2 4511.002
20 3 457.791
20 4 105.434
20 5 347.537
20 6 19859.598
20 7 148.034
20 8 45.492
20 9 4286.274
20 10 449.724
20 11 0.623
20 12 500.060
20 13 13162.561
20 14 8383.850
20 15 7587.386
20 16 6550.579
20 17 48.992
20 18 533.391
20 19 118.594
20 21 155.011
20 22 75.292
21 0 26.629
21 1 3333.333
21 2 2722.319
21 3 386.213
21 4 340.145
21 5 264.786
21 6 1358.622
21 7 66.968
21 8 109.637
21 9 305.326
21 10 76.464
21 11 186.703
21 12 2969.842
21 13 6381.565
21 14 6094.374
21 15 3923.093
21 16 4587.674
21 17 326.673
21 18 301.288
21 19 252.634
21 20 140.236
21 22 68.788
22 0 117.789
22 1 1491.245
22 2 1477.620
22 3 20.464
22 4 233.507
22 5 113.632
22 6 7606.377
22 7 38.350
22 8 326.590
22 9 290.326
22 10 257.570
22 11 147.566
22 12 1699.546
22 13 6537.225
22 14 2152.322
22 15 7357.967
22 16 1392.193
22 17 238.012
22 18 215.410
22 19 72.509
22 20 138.103
22 21 153.116
