506
0 1 639.761
0 2 659.538
0 3 161.876
0 4 198.626
0 5 96.570
0 6 8371.720
0 7 15.920
0 8 270.663
0 9 40.729
0 10 5.977
0 11 133.281
0 12 616.821
0 13 3708.980
0 14 3071.443
0 15 3171.385
0 16 2848.093
0 17 103.216
0 18 114.914
0 19 152.444
0 20 120.125
0 21 146.072
0 22 91.084
1 0 1798.877
1 2 2186.182
1 3 2334.619
1 4 2046.110
1 5 4807.027
1 6 179908.812
1 7 288.237
1 8 2772.837
1 9 47144.261
1 10 2255.561
1 11 2443.077
1 12 44761.874
1 13 71735.199
1 14 17179.207
1 15 145196.867
1 16 75863.130
1 17 2893.125
1 18 311.012
1 19 4243.005
1 20 3300.097
1 21 1032.264
1 22 163.094
2 0 1625.274
2 1 37202.582
2 3 1932.959
2 4 1171.277
2 5 4937.807
2 6 235588.794
2 7 1641.126
2 8 2564.780
2 9 48697.269
2 10 2700.010
2 11 2086.849
2 12 29024.861
2 13 80283.737
2 14 24549.719
2 15 106134.028
2 16 15580.350
2 17 545.245
2 18 3121.569
2 19 3659.518
2 20 1407.856
2 21 1730.396
2 22 2447.124
3 0 113.718
3 1 1839.327
3 2 4930.728
3 4 114.285
3 5 345.931
3 6 29137.181
3 7 48.490
3 8 521.506
3 9 4000.821
3 10 181.702
3 11 278.367
3 12 2973.534
3 13 11390.014
3 14 579.611
3 15 3153.673
3 16 2352.584
3 17 448.020
3 18 200.459
3 19 511.603
3 20 363.842
3 21 186.733
3 22 256.005
4 0 128.110
4 1 1695.036
4 2 3305.701
4 3 273.344
4 5 348.026
4 6 21767.881
4 7 111.544
4 8 24.884
4 9 2075.539
4 10 299.783
4 11 60.757
4 12 2677.392
4 13 15361.512
4 14 913.542
4 15 12144.442
4 16 4118.322
4 17 27.794
4 18 413.964
4 19 14.341
4 20 353.841
4 21 313.307
4 22 160.153
5 0 235.078
5 1 493.024
5 2 2176.176
5 3 0.510
5 4 530.629
5 6 15401.413
5 7 128.640
5 8 5.542
5 9 2047.362
5 10 302.792
5 11 229.471
5 12 1289.630
5 13 7077.663
5 14 8312.088
5 15 2284.140
5 16 1676.967
5 17 376.746
5 18 502.010
5 19 406.746
5 20 417.328
5 21 308.354
5 22 83.389
6 0 12338.765
6 1 171053.545
6 2 96011.492
6 3 16174.562
6 4 1231.308
6 5 15211.641
6 7 1910.760
6 8 17486.660
6 9 277868.212
6 10 22007.311
6 11 17689.585
6 12 232943.864
6 13 150793.124
6 14 196293.407
6 15 404825.706
6 16 58574.261
6 17 1822.073
6 18 26213.129
6 19 16014.741
6 20 23758.271
6 21 19320.527
6 22 8610.563
7 0 53.969
7 1 607.455
7 2 1026.006
7 3 160.256
7 4 178.155
7 5 28.178
7 6 6829.056
7 8 83.112
7 9 766.866
7 10 99.407
7 11 43.932
7 12 1010.950
7 13 721.095
7 14 1940.020
7 15 706.240
7 16 1200.120
7 17 39.384
7 18 175.057
7 19 148.628
7 20 2.412
7 21 76.638
7 22 76.473
8 0 211.317
8 1 421.234
8 2 1031.313
8 3 548.292
8 4 477.107
8 5 225.682
8 6 6341.810
8 7 41.375
8 9 5351.659
8 10 5.981
8 11 259.496
8 12 4196.118
8 13 1516.363
8 14 4831.784
8 15 11041.665
8 16 3244.214
8 17 322.770
8 18 245.515
8 19 75.529
8 20 230.615
8 21 96.553
8 22 229.923
9 0 940.241
9 1 43009.241
9 2 13765.801
9 3 5628.658
9 4 2861.768
9 5 3627.781
9 6 5658.540
9 7 565.543
9 8 3408.020
9 10 4425.063
9 11 1831.572
9 12 39109.390
9 13 36393.023
9 14 71755.398
9 15 43796.428
9 16 49548.786
9 17 3839.080
9 18 4383.870
9 19 2213.870
9 20 2112.699
9 21 492.306
9 22 1133.599
10 0 34.384
10 1 3804.085
10 2 47.227
10 3 112.908
10 4 43.425
10 5 200.188
10 6 2649.774
10 7 65.148
10 8 373.628
10 9 1074.643
10 11 189.794
10 12 4712.400
10 13 5406.118
10 14 3593.495
10 15 10237.218
10 16 300.038
10 17 307.196
10 18 118.841
10 19 316.642
10 20 106.728
10 21 89.302
10 22 233.972
11 0 4.706
11 1 1099.359
11 2 398.321
11 3 275.386
11 4 385.398
11 5 35.895
11 6 10800.089
11 7 35.701
11 8 364.201
11 9 849.502
11 10 58.447
11 12 186.511
11 13 860.280
11 14 739.565
11 15 3923.801
11 16 4010.184
11 17 338.972
11 18 397.365
11 19 21.838
11 20 297.001
11 21 19.349
11 22 142.978
12 0 1075.549
12 1 6459.724
12 2 42919.746
12 3 2872.283
12 4 2540.604
12 5 3892.407
12 6 206982.877
12 7 1583.660
12 8 1632.375
12 9 39000.167
12 10 3406.977
12 11 1097.072
12 13 74884.540
12 14 67477.181
12 15 133601.746
12 16 46368.532
12 17 2005.268
12 18 1089.145
12 19 947.870
12 20 2401.116
12 21 304.020
12 22 2255.950
13 0 1866.959
13 1 42763.790
13 2 10917.192
13 3 12864.724
13 4 1377.486
13 5 9427.897
13 6 282421.963
13 7 381.667
13 8 3841.695
13 9 108250.562
13 10 3538.339
13 11 8919.489
13 12 117189.572
13 14 96263.455
13 15 436658.351
13 16 234327.755
13 17 12221.116
13 18 13920.171
13 19 12413.498
13 20 5588.316
13 21 9575.737
13 22 710.802
14 0 2231.631
14 1 6424.242
14 2 10353.417
14 3 7301.247
14 4 3797.393
14 5 3633.569
14 6 39705.348
14 7 2146.910
14 8 5062.227
14 9 20998.292
14 10 3479.991
14 11 2771.912
14 12 40480.848
14 13 241503.884
14 15 68547.465
14 16 136807.285
14 17 5951.757
14 18 5240.912
14 19 359.397
14 20 5889.878
14 21 2664.709
14 22 1046.399
15 0 3575.035
15 1 99939.064
15 2 95788.761
15 3 16330.077
15 4 11543.730
15 5 8249.607
15 6 520834.588
15 7 1375.618
15 8 8010.648
15 9 26150.608
15 10 11404.246
15 11 6150.571
15 12 40344.307
15 13 388248.029
15 14 218805.411
15 16 208690.840
15 17 972.340
15 18 12456.158
15 19 9324.936
15 20 11174.887
15 21 985.881
15 22 6139.949
16 0 3395.121
16 1 58447.900
16 2 65260.732
16 3 1321.022
16 4 6246.660
16 5 4776.007
16 6 112410.735
16 7 1867.014
16 8 7978.483
16 9 50716.018
16 10 186.277
16 11 86.294
16 12 9050.172
16 13 141886.847
16 14 138183.405
16 15 35214.431
16 17 3465.097
16 18 323.335
16 19 6169.413
16 20 8445.231
16 21 3691.309
16 22 2293.582
17 0 160.765
17 1 3502.585
17 2 1.440
17 3 243.262
17 4 354.129
17 5 228.839
17 6 24679.378
17 7 143.403
17 8 534.010
17 9 2657.977
17 10 231.592
17 11 231.700
17 12 3778.998
17 13 7362.248
17 14 1784.644
17 15 4476.100
17 16 6196.199
17 18 54.519
17 19 182.580
17 20 245.244
17 21 239.250
17 22 57.446
18 0 156.131
18 1 4588.060
18 2 5325.086
18 3 501.818
18 4 104.452
18 5 413.759
18 6 3957.524
18 7 132.194
18 8 500.739
18 9 3960.407
18 10 387.075
18 11 24.008
18 12 1615.896
18 13 9694.861
18 14 770.263
18 15 12832.253
18 16 7534.789
18 17 32.515
18 19 17.668
18 20 99.557
18 21 348.947
18 22 124.964
19 0 102.977
19 1 1949.238
19 2 1578.194
19 3 179.975
19 4 9.092
19 5 412.519
19 6 4404.255
19 7 2.420
19 8 19.107
19 9 279.631
19 10 268.214
19 11 177.358
19 12 3700.809
19 13 9377.890
19 14 7611.890
19 15 2228.076
19 16 775.043
19 17 112.456
19 18 333.222
19 20 150.309
19 21 179.663
19 22 128.125
20 0 3.866
20 1 2717.516
20 2 4501.980
20 3 56.415
20 4 35.418
20 5 242.762
20 6 20664.143
20 7 104.154
20 8 444.145
20 9 3147.230
20 10 221.262
20 11 35.285
20 12 1877.203
20 13 11880.784
20 14 1850.074
20 15 10013.950
20 16 705.048
20 17 298.975
20 18 272.752
20 19 100.254
20 21 337.004
20 22 256.773
21 0 68.566
21 1 474.088
21 2 2592.305
21 3 97.928
21 4 277.677
21 5 161.023
21 6 11589.269
21 7 67.822
21 8 328.275
21 9 548.319
21 10 7.829
21 11 138.125
21 12 3553.430
21 13 9156.168
21 14 1772.853
21 15 33.519
21 16 3244.953
21 17 210.842
21 18 241.247
21 19 171.416
21 20 198.811
21 22 159.200
22 0 109.469
22 1 2037.203
22 2 1393.689
22 3 245.601
22 4 23.715
22 5 142.558
22 6 7542.279
22 7 27.014
22 8 269.901
22 9 1030.844
22 10 179.364
22 11 131.066
22 12 1527.143
22 13 5103.725
22 14 975.598
22 15 6137.358
22 16 2908.450
22 17 273.374
22 18 290.608
22 19 172.781
22 20 55.572
22 21 170.567
