506
0 1 2202.798
0 2 2063.719
0 3 200.856
0 4 230.164
0 5 189.720
0 6 5904.152
0 7 20.733
0 8 88.598
0 9 2053.765
0 10 113.724
0 11 70.785
0 12 1328.758
0 13 6886.782
0 14 954.523
0 15 3476.848
0 16 4430.864
0 17 200.195
0 18 179.276
0 19 85.150
0 20 220.423
0 21 116.053
0 22 70.334
1 0 982.261
1 2 40447.866
1 3 2417.023
1 4 1323.054
1 5 4853.536
1 6 101417.462
1 7 1215.514
1 8 4619.240
1 9 48395.988
1 10 1415.313
1 11 3283.278
1 12 29665.556
1 13 7633.806
1 14 44237.903
1 15 87984.814
1 16 3005.032
1 17 2417.323
1 18 197.809
1 19 1867.779
1 20 1466.012
1 21 944.470
1 22 971.103
2 0 1864.015
2 1 24802.596
2 3 3694.968
2 4 1917.132
2 5 932.588
2 6 92016.822
2 7 380.730
2 8 2684.925
2 9 43770.519
2 10 1377.711
2 11 2770.453
2 12 46764.832
2 13 82752.717
2 14 66138.472
2 15 76393.185
2 16 89764.515
2 17 3414.873
2 18 760.641
2 19 3372.613
2 20 814.330
2 21 2278.389
2 22 1437.676
3 0 44.231
3 1 3304.279
3 2 3836.128
3 4 620.930
3 5 542.408
3 6 297.934
3 7 185.532
3 8 223.902
3 9 4265.242
3 10 165.842
3 11 329.785
3 12 847.036
3 13 10847.514
3 14 7251.325
3 15 14449.592
3 16 7459.450
3 17 559.848
3 18 317.034
3 19 520.111
3 20 209.733
3 21 257.707
3 22 130.058
4 0 185.264
4 1 5591.072
4 2 4093.116
4 3 346.374
4 5 457.310
4 6 22967.423
4 7 89.227
4 8 259.152
4 9 54.690
4 10 365.980
4 11 123.265
4 12 307.939
4 13 16124.773
4 14 7436.079
4 15 7605.487
4 16 143.235
4 17 387.087
4 18 280.367
4 19 414.074
4 20 534.591
4 21 185.838
4 22 268.372
5 0 3.706
5 1 2319.351
5 2 4777.659
5 3 447.098
5 4 377.613
5 6 21758.796
5 7 20.366
5 8 254.711
5 9 1806.627
5 10 87.764
5 11 211.308
5 12 384.933
5 13 14226.360
5 14 5382.814
5 15 12470.989
5 16 7260.453
5 17 468.529
5 18 514.494
5 19 17.599
5 20 480.325
5 21 34.475
5 22 154.685
6 0 7692.152
6 1 23313.259
6 2 226247.908
6 3 30756.703
6 4 8148.852
6 5 9235.400
6 7 3442.837
6 8 3949.179
6 9 243378.274
6 10 1471.816
6 11 9018.222
6 12 267257.735
6 13 145511.946
6 14 60992.263
6 15 700263.121
6 16 327464.878
6 17 9313.152
6 18 6238.950
6 19 9105.906
6 20 20936.741
6 21 14658.946
6 22 6900.748
7 0 9.946
7 1 1672.396
7 2 1433.659
7 3 114.709
7 4 0.807
7 5 161.449
7 6 1889.122
7 8 94.552
7 9 590.894
7 10 51.193
7 11 100.718
7 12 436.929
7 13 1178.813
7 14 2030.148
7 15 1302.311
7 16 14.203
7 17 106.650
7 18 168.254
7 19 125.240
7 20 118.513
7 21 12.986
7 22 59.553
8 0 216.407
8 1 3762.592
8 2 774.581
8 3 525.907
8 4 209.523
8 5 285.325
8 6 13618.497
8 7 165.616
8 9 747.939
8 10 310.918
8 11 320.040
8 12 3136.482
8 13 8989.372
8 14 7930.661
8 15 6574.128
8 16 1173.221
8 17 520.126
8 18 11.108
8 19 189.122
8 20 481.496
8 21 12.669
8 22 114.515
9 0 207.289
9 1 24776.545
9 2 32632.500
9 3 4027.364
9 4 5412.997
9 5 1720.232
9 6 282196.366
9 7 451.774
9 8 2474.395
9 10 2182.564
9 11 3076.038
9 12 7781.431
9 13 71108.680
9 14 83273.858
9 15 134067.778
9 16 64587.691
9 17 4238.653
9 18 2345.639
9 19 1065.211
9 20 2231.001
9 21 385.487
9 22 1298.156
10 0 159.270
10 1 2700.015
10 2 4054.914
10 3 422.653
10 4 373.239
10 5 459.093
10 6 7043.860
10 7 24.676
10 8 168.318
10 9 3871.085
10 11 45.401
10 12 115.566
10 13 7134.159
10 14 6704.226
10 15 3167.334
10 16 865.581
10 17 355.120
10 18 30.858
10 19 230.402
10 20 222.931
10 21 194.129
10 22 122.843
11 0 15.329
11 1 2276.298
11 2 2288.548
11 3 150.838
11 4 265.519
11 5 99.942
11 6 7043.474
11 7 81.196
11 8 271.430
11 9 54.748
11 10 159.904
11 12 1999.814
11 13 3919.592
11 14 2899.661
11 15 5566.999
11 16 4783.292
11 17 32.970
11 18 101.823
11 19 140.573
11 20 4.840
11 21 75.272
11 22 97.069
12 0 416.117
12 1 44299.735
12 2 29771.932
12 3 805.888
12 4 1924.977
12 5 2955.444
12 6 208914.777
12 7 1428.304
12 8 1395.910
12 9 18822.711
12 10 2785.833
12 11 3381.164
12 13 92690.063
12 14 55078.735
12 15 98566.599
12 16 47940.384
12 17 2382.610
12 18 5463.119
12 19 2751.398
12 20 3893.070
12 21 3106.549
12 22 1605.302
13 0 4357.711
13 1 83842.008
13 2 125708.721
13 3 149.322
13 4 12984.210
13 5 5274.870
13 6 146988.976
13 7 2337.571
13 8 1285.559
13 9 5819.812
13 10 10194.322
13 11 3789.654
13 12 122002.789
13 14 108056.874
13 15 337096.148
13 16 116191.871
13 17 7922.000
13 18 2041.296
13 19 2487.357
13 20 5991.444
13 21 6776.801
13 22 8392.677
14 0 1764.771
14 1 14618.259
14 2 60531.533
14 3 708.333
14 4 6901.322
14 5 8890.490
14 6 205180.883
14 7 2609.812
14 8 1032.320
14 9 23090.586
14 10 7460.454
14 11 2235.224
14 12 46097.365
14 13 11169.283
14 15 178876.949
14 16 144575.774
14 17 4701.724
14 18 836.096
14 19 3019.421
14 20 3574.950
14 21 1690.663
14 22 732.898
15 0 1299.644
15 1 34290.418
15 2 97367.060
15 3 13862.598
15 4 11041.130
15 5 1675.544
15 6 573632.482
15 7 2824.483
15 8 3831.782
15 9 31487.211
15 10 8383.397
15 11 8464.358
15 12 123663.862
15 13 197995.209
15 14 146809.661
15 16 262142.395
15 17 5300.120
15 18 14103.910
15 19 1529.209
15 20 13374.875
15 21 456.900
15 22 730.933
16 0 1090.266
16 1 62086.693
16 2 88811.260
16 3 7718.745
16 4 374.368
16 5 4984.227
16 6 34721.361
16 7 1344.080
16 8 856.097
16 9 29850.027
16 10 5499.809
16 11 2724.399
16 12 35864.688
16 13 10234.509
16 14 53610.194
16 15 159490.026
16 17 6004.807
16 18 5700.562
16 19 974.819
16 20 8756.516
16 21 727.154
16 22 347.934
17 0 53.033
17 1 4638.938
17 2 2117.523
17 3 497.025
17 4 488.886
17 5 231.941
17 6 13812.552
17 7 93.560
17 8 364.211
17 9 900.648
17 10 105.897
17 11 248.290
17 12 1623.677
17 13 9150.994
17 14 2516.746
17 15 7221.923
17 16 4639.797
17 18 131.685
17 19 499.968
17 20 327.384
17 21 127.139
17 22 81.175
18 0 196.494
18 1 3067.317
18 2 1808.936
18 3 505.993
18 4 282.748
18 5 322.550
18 6 14150.781
18 7 111.018
18 8 483.553
18 9 4973.148
18 10 292.220
18 11 210.223
18 12 4480.560
18 13 11038.854
18 14 4408.341
18 15 8689.428
18 16 7215.634
18 17 209.953
18 19 331.440
18 20 451.437
18 21 81.331
18 22 276.273
19 0 158.436
19 1 3203.266
19 2 2109.706
19 3 142.415
19 4 282.687
19 5 362.427
19 6 389.304
19 7 73.858
19 8 347.650
19 9 4182.877
19 10 79.160
19 11 224.148
19 12 2595.456
19 13 7979.946
19 14 6070.657
19 15 5561.426
19 16 7710.658
19 17 210.919
19 18 314.153
19 20 234.140
19 21 319.744
19 22 126.468
20 0 51.588
20 1 2725.672
20 2 4471.705
20 3 96.716
20 4 120.251
20 5 404.161
20 6 10459.466
20 7 20.954
20 8 312.639
20 9 1944.469
20 10 156.497
20 11 308.119
20 12 4063.146
20 13 8101.391
20 14 848.298
20 15 2091.347
20 16 5862.690
20 17 266.841
20 18 186.334
20 19 231.233
20 21 288.554
20 22 1.030
21 0 20.680
21 1 1063.477
21 2 1275.855
21 3 137.636
21 4 333.739
21 5 140.251
21 6 2657.257
21 7 92.168
21 8 88.768
21 9 3259.459
21 10 196.648
21 11 119.139
21 12 463.668
21 13 3082.302
21 14 2043.593
21 15 10472.659
21 16 1083.895
21 17 248.797
21 18 281.200
21 19 298.087
21 20 333.408
21 22 96.306
22 0 69.764
22 1 170.131
22 2 943.066
22 3 11.833
22 4 69.782
22 5 81.550
22 6 3042.042
22 7 55.924
22 8 99.827
22 9 177.521
22 10 255.616
22 11 181.405
22 12 423.040
22 13 4730.780
22 14 391.235
22 15 590.258
22 16 3339.300
22 17 269.572
22 18 32.238
22 19 90.835
22 20 77.711
22 21 204.187
