506
0 1 140.281
0 2 988.254
0 3 59.719
0 4 10.581
0 5 63.702
0 6 5321.017
0 7 66.156
0 8 213.459
0 9 1786.719
0 10 14.141
0 11 8.053
0 12 702.821
0 13 6232.689
0 14 4191.185
0 15 598.668
0 16 2847.663
0 17 50.447
0 18 163.950
0 19 155.194
0 20 13.624
0 21 134.548
0 22 21.907
1 0 1867.879
1 2 20359.093
1 3 4497.690
1 4 4475.189
1 5 4496.716
1 6 174769.868
1 7 258.993
1 8 5553.838
1 9 18681.591
1 10 1076.305
1 11 718.656
1 12 32789.055
1 13 70988.333
1 14 32311.987
1 15 135436.396
1 16 90259.618
1 17 1898.161
1 18 1629.648
1 19 531.412
1 20 2970.371
1 21 1447.534
1 22 1781.401
2 0 1070.599
2 1 2682.997
2 3 5462.655
2 4 4750.208
2 5 2664.740
2 6 168442.377
2 7 537.813
2 8 3982.623
2 9 16001.051
2 10 201.772
2 11 1420.997
2 12 209.115
2 13 53712.724
2 14 51646.331
2 15 68218.294
2 16 83842.421
2 17 2808.220
2 18 706.180
2 19 3646.443
2 20 3301.577
2 21 1968.469
2 22 1836.386
3 0 89.018
3 1 462.345
3 2 1503.404
3 4 278.829
3 5 492.329
3 6 1558.553
3 7 42.479
3 8 77.228
3 9 4098.470
3 10 190.357
3 11 329.095
3 12 3508.662
3 13 3192.992
3 14 6072.452
3 15 2646.778
3 16 10392.463
3 17 218.117
3 18 70.447
3 19 255.274
3 20 465.504
3 21 214.580
3 22 18.180
4 0 156.845
4 1 5190.438
4 2 3012.218
4 3 433.951
4 5 408.664
4 6 20689.242
4 7 129.710
4 8 161.741
4 9 2013.174
4 10 526.620
4 11 379.001
4 12 3913.009
4 13 15005.685
4 14 1149.295
4 15 2809.652
4 16 1147.439
4 17 303.038
4 18 121.057
4 19 85.418
4 20 185.166
4 21 25.297
4 22 181.511
5 0 132.922
5 1 1784.326
5 2 4815.236
5 3 252.251
5 4 180.438
5 6 4531.761
5 7 128.085
5 8 575.241
5 9 4079.035
5 10 374.618
5 11 274.902
5 12 4217.772
5 13 6670.247
5 14 7006.198
5 15 757.701
5 16 1565.874
5 17 127.344
5 18 481.547
5 19 167.352
5 20 399.347
5 21 115.724
5 22 291.249
6 0 4509.684
6 1 94264.501
6 2 169463.230
6 3 22266.010
6 4 18924.961
6 5 27158.804
6 7 3664.329
6 8 16186.188
6 9 260934.059
6 10 25360.198
6 11 2615.288
6 12 24874.994
6 13 746695.981
6 14 456829.121
6 15 771884.137
6 16 24583.453
6 17 17785.519
6 18 28399.643
6 19 3264.929
6 20 12502.444
6 21 17395.784
6 22 14744.695
7 0 77.814
7 1 356.496
7 2 325.905
7 3 68.231
7 4 162.501
7 5 153.510
7 6 2157.628
7 8 140.348
7 9 519.771
7 10 114.866
7 11 118.142
7 12 453.436
7 13 1439.700
7 14 1740.954
7 15 1611.897
7 16 1436.011
7 17 13.675
7 18 104.431
7 19 44.945
7 20 154.700
7 21 91.120
7 22 69.863
8 0 212.941
8 1 1409.822
8 2 1189.026
8 3 245.660
8 4 227.756
8 5 552.768
8 6 4334.315
8 7 31.885
8 9 185.216
8 10 469.974
8 11 271.462
8 12 3159.465
8 13 8702.665
8 14 8629.777
8 15 10256.474
8 16 7940.483
8 17 178.039
8 18 313.896
8 19 389.992
8 20 139.481
8 21 333.181
8 22 44.913
9 0 521.997
9 1 18091.914
9 2 6673.162
9 3 91.700
9 4 1998.550
9 5 2804.005
9 6 54844.834
9 7 687.323
9 8 2822.815
9 10 242.013
9 11 1518.857
9 12 12034.874
9 13 17763.492
9 14 59582.979
9 15 25626.787
9 16 23869.295
9 17 4864.022
9 18 2612.989
9 19 1311.247
9 20 4111.417
9 21 75.312
9 22 198.095
10 0 43.297
10 1 4189.426
10 2 376.894
10 3 71.766
10 4 322.944
10 5 302.554
10 6 332.953
10 7 29.266
10 8 200.761
10 9 1733.496
10 11 329.574
10 12 4654.858
10 13 2782.890
10 14 7126.735
10 15 8100.948
10 16 1351.282
10 17 185.777
10 18 121.517
10 19 50.904
10 20 150.101
10 21 236.933
10 22 271.704
11 0 149.846
11 1 29.460
11 2 1934.244
11 3 214.858
11 4 222.942
11 5 294.630
11 6 7906.052
11 7 81.486
11 8 286.338
11 9 2115.108
11 10 86.048
11 12 467.946
11 13 4977.269
11 14 3539.884
11 15 9088.576
11 16 3155.365
11 17 22.211
11 18 306.571
11 19 187.496
11 20 86.686
11 21 9.816
11 22 90.125
12 0 1244.561
12 1 50994.318
12 2 30635.752
12 3 2692.733
12 4 2300.552
12 5 4151.744
12 6 236829.749
12 7 181.370
12 8 1679.612
12 9 1421.403
12 10 638.868
12 11 27.195
12 13 72366.814
12 14 71033.219
12 15 124051.317
12 16 55344.514
12 17 2839.840
12 18 5445.721
12 19 3273.062
12 20 652.642
12 21 2615.238
12 22 2019.231
13 0 1107.093
13 1 126863.987
13 2 29440.471
13 3 16175.063
13 4 15993.301
13 5 5005.893
13 6 708081.005
13 7 897.544
13 8 4291.659
13 9 137975.499
13 10 8728.256
13 11 2281.340
13 12 25338.965
13 14 71184.804
13 15 38721.920
13 16 133284.593
13 17 1518.848
13 18 9327.000
13 19 14805.590
13 20 2035.547
13 21 4053.760
13 22 4992.322
14 0 1498.741
14 1 82806.056
14 2 48151.684
14 3 8946.991
14 4 553.612
14 5 3058.474
14 6 247894.420
14 7 1090.092
14 8 826.230
14 9 32809.975
14 10 8038.577
14 11 1335.040
14 12 64393.403
14 13 87121.124
14 15 222694.294
14 16 159093.747
14 17 1678.484
14 18 1957.338
14 19 8029.716
14 20 8107.252
14 21 5831.085
14 22 3982.839
15 0 3025.077
15 1 140274.742
15 2 68301.195
15 3 9938.748
15 4 12265.528
15 5 10671.888
15 6 688052.511
15 7 1186.640
15 8 2181.629
15 9 51937.164
15 10 1100.062
15 11 1318.442
15 12 11594.359
15 13 172148.607
15 14 180772.719
15 16 213114.085
15 17 7320.328
15 18 1700.016
15 19 8705.420
15 20 12322.087
15 21 6983.084
15 22 1974.543
16 0 3765.312
16 1 48578.101
16 2 62400.937
16 3 6502.624
16 4 8772.205
16 5 6384.368
16 6 301792.780
16 7 2432.499
16 8 8062.752
16 9 4470.045
16 10 7987.541
16 11 1769.503
16 12 39313.284
16 13 104986.281
16 14 96304.929
16 15 241435.653
16 17 268.564
16 18 6183.008
16 19 1306.228
16 20 3362.140
16 21 963.475
16 22 4182.889
17 0 182.505
17 1 2638.198
17 2 2494.327
17 3 353.820
17 4 483.394
17 5 261.798
17 6 20954.029
17 7 148.166
17 8 290.157
17 9 2022.319
17 10 391.039
17 11 12.665
17 12 2426.549
17 13 3606.396
17 14 6028.804
17 15 13332.345
17 16 2884.680
17 18 3.118
17 19 102.285
17 20 244.692
17 21 101.445
17 22 46.155
18 0 200.543
18 1 1011.992
18 2 3648.245
18 3 55.771
18 4 490.786
18 5 116.670
18 6 13092.944
18 7 136.503
18 8 504.965
18 9 2454.523
18 10 462.796
18 11 134.406
18 12 1659.154
18 13 4707.364
18 14 4020.222
18 15 1469.295
18 16 5261.676
18 17 130.645
18 19 382.245
18 20 44.335
18 21 164.583
18 22 164.210
19 0 54.871
19 1 4006.622
19 2 2988.098
19 3 199.888
19 4 72.563
19 5 301.195
19 6 15410.424
19 7 3.836
19 8 365.880
19 9 88.271
19 10 149.499
19 11 156.695
19 12 678.139
19 13 1815.222
19 14 8945.574
19 15 1690.050
19 16 1356.423
19 17 397.833
19 18 109.793
19 20 462.323
19 21 9.095
19 22 23.681
20 0 185.676
20 1 2802.338
20 2 3277.070
20 3 40.868
20 4 45.921
20 5 214.892
20 6 6385.404
20 7 121.370
20 8 316.063
20 9 2462.271
20 10 261.541
20 11 214.280
20 12 997.583
20 13 1402.318
20 14 2061.384
20 15 9285.274
20 16 7839.524
20 17 50.152
20 18 535.229
20 19 272.117
20 21 61.793
20 22 271.307
21 0 86.302
21 1 1678.933
21 2 2411.477
21 3 294.325
21 4 165.739
21 5 362.941
21 6 15175.451
21 7 35.475
21 8 88.595
21 9 2864.001
21 10 138.861
21 11 215.244
21 12 2067.210
21 13 5117.200
21 14 6033.485
21 15 1143.287
21 16 603.569
21 17 146.668
21 18 225.635
21 19 282.390
21 20 237.429
21 22 60.286
22 0 131.714
22 1 2197.340
22 2 288.830
22 3 178.664
22 4 157.141
22 5 58.878
22 6 13085.371
22 7 90.143
22 8 162.614
22 9 1714.086
22 10 177.994
22 11 189.432
22 12 453.015
22 13 8660.248
22 14 4103.445
22 15 3381.583
22 16 4050.860
22 17 19.390
22 18 290.425
22 19 189.340
22 20 249.710
22 21 54.575
