506
0 1 917356232.445
0 2 178661018.270
0 3 109134903.914
0 4 195814690.525
0 5 137613914.998
0 6 193017514.994
0 7 594064526.232
0 8 124750233.816
0 9 1043975986.209
0 10 821670467.644
0 11 479945187.296
0 12 1320954040.587
0 13 1220888997.598
0 14 7376022.232
0 15 954210584.005
0 16 8297304.574
0 17 299785511.922
0 18 79863468.569
0 19 375331011.438
0 20 1138513801.024
0 21 905944959.611
0 22 195679805.899
1 0 566782382.425
1 2 119887911.197
1 3 102178140.608
1 4 156475508.200
1 5 121302651.729
1 6 90158696.872
1 7 500283540.088
1 8 111134192.065
1 9 560716749.902
1 10 740271492.473
1 11 303212576.293
1 12 869562064.084
1 13 727766797.835
1 14 8400290.002
1 15 1117748831.374
1 16 7433933.912
1 17 262564280.610
1 18 76846004.474
1 19 444461598.679
1 20 1146830221.293
1 21 639556750.025
1 22 83333898.673
2 0 194704147.853
2 1 124470437.103
2 3 30526823.018
2 4 28596996.901
2 5 34627514.781
2 6 21408042.136
2 7 138487450.432
2 8 25825669.306
2 9 131038980.902
2 10 163288249.159
2 11 73734967.075
2 12 283248005.620
2 13 202855098.945
2 14 1872680.970
2 15 195763816.326
2 16 2356753.842
2 17 113892461.700
2 18 23367722.458
2 19 92026383.647
2 20 222572482.574
2 21 139973859.021
2 22 23902869.876
3 0 208730334.721
3 1 107281117.929
3 2 20014862.297
3 4 19673913.925
3 5 19144939.399
3 6 20691884.953
3 7 184396583.628
3 8 32317651.494
3 9 186476229.426
3 10 158195531.463
3 11 84703358.133
3 12 201404612.227
3 13 155166496.977
3 14 1671806.670
3 15 231200374.753
3 16 1853910.755
3 17 69840349.884
3 18 10711884.950
3 19 54161204.004
3 20 230698475.998
3 21 103892834.767
3 22 30678933.430
4 0 186741470.445
4 1 83413323.640
4 2 27537112.562
4 3 34935743.517
4 5 23857014.554
4 6 23867471.478
4 7 161947054.947
4 8 16935428.767
4 9 163866105.370
4 10 240881104.447
4 11 64086766.661
4 12 290622912.248
4 13 178682850.865
4 14 1692302.516
4 15 124870737.844
4 16 1583834.551
4 17 75943717.494
4 18 17895256.549
4 19 58977531.289
4 20 232441283.218
4 21 162466475.910
4 22 18610618.299
5 0 139433150.222
5 1 112433019.005
5 2 29515514.498
5 3 34251601.856
5 4 26627910.564
5 6 25894551.310
5 7 115804810.776
5 8 30343946.713
5 9 168401059.056
5 10 229364577.215
5 11 67733619.157
5 12 260614128.333
5 13 127078320.397
5 14 1096380.327
5 15 230273887.712
5 16 2040885.584
5 17 107974858.122
5 18 13580704.190
5 19 75089389.859
5 20 127282215.077
5 21 139737772.362
5 22 28744935.546
6 0 159499686.639
6 1 153298098.943
6 2 33047467.803
6 3 19174358.155
6 4 23221392.902
6 5 28652107.967
6 7 116623218.857
6 8 19596179.772
6 9 230817809.261
6 10 243953852.719
6 11 58045566.645
6 12 295318629.094
6 13 129549378.351
6 14 1391188.098
6 15 246203985.379
6 16 2271259.122
6 17 79228797.326
6 18 18691783.082
6 19 110101989.421
6 20 128585450.070
6 21 100533728.758
6 22 24885039.451
7 0 1150177358.915
7 1 960744852.458
7 2 211982235.361
7 3 134725725.113
7 4 209800715.608
7 5 159758424.634
7 6 98832204.808
7 8 117188586.740
7 9 669960166.389
7 10 1410016224.622
7 11 440591339.345
7 12 913101702.886
7 13 1508876641.427
7 14 13696856.558
7 15 1348432980.782
7 16 9892868.805
7 17 455558734.668
7 18 108426032.960
7 19 610468960.764
7 20 1495157052.132
7 21 982899641.147
7 22 107241605.163
8 0 103378228.841
8 1 134127118.395
8 2 19840765.722
8 3 32372666.584
8 4 16693011.417
8 5 16422204.064
8 6 27742919.870
8 7 185905086.663
8 9 142999048.809
8 10 138011653.471
8 11 67825134.884
8 12 226836996.382
8 13 232528189.936
8 14 2010880.396
8 15 215337494.416
8 16 1766403.234
8 17 73022853.930
8 18 20029024.853
8 19 87035277.005
8 20 233445031.576
8 21 74815060.036
8 22 16604230.637
9 0 767307731.309
9 1 850068864.264
9 2 151592696.736
9 3 175175624.613
9 4 163108193.960
9 5 135563154.604
9 6 107806021.700
9 7 1066681030.143
9 8 130516864.563
9 10 1093416861.602
9 11 328910704.022
9 12 1230120026.671
9 13 933234258.545
9 14 14764608.342
9 15 1028036872.098
9 16 10785588.810
9 17 568930138.136
9 18 150220828.005
9 19 515016919.552
9 20 1458369076.362
9 21 1054795122.791
9 22 233453827.133
10 0 1166914771.883
10 1 922808108.252
10 2 182189296.218
10 3 237956641.227
10 4 250076338.906
10 5 173800353.767
10 6 129132342.174
10 7 894508838.626
10 8 200143184.489
10 9 783853271.179
10 11 413537592.521
10 12 1384582395.147
10 13 1746198456.759
10 14 10055989.300
10 15 1459795229.226
10 16 15916774.904
10 17 396925065.388
10 18 79878169.377
10 19 569723147.128
10 20 1142993847.506
10 21 592653906.797
10 22 156333558.161
11 0 397533884.269
11 1 387361366.660
11 2 58125914.909
11 3 74005346.649
11 4 65897287.779
11 5 71522590.840
11 6 81552467.037
11 7 483616442.145
11 8 61961704.528
11 9 388393991.585
11 10 488017312.613
11 12 637999383.278
11 13 526129019.700
11 14 4058068.117
11 15 317204977.243
11 16 5624725.931
11 17 272422957.363
11 18 26419759.920
11 19 133678188.515
11 20 596166332.233
11 21 371266463.023
11 22 70873682.744
12 0 1619762968.796
12 1 1231931512.581
12 2 271542249.291
12 3 287847576.250
12 4 190813849.251
12 5 270473024.184
12 6 152144935.783
12 7 944205061.336
12 8 257775571.667
12 9 1002411089.608
12 10 1310574825.710
12 11 629600221.569
12 13 1937630216.846
12 14 11140244.847
12 15 1211323969.172
12 16 12995650.183
12 17 656293425.360
12 18 121947533.233
12 19 563970082.650
12 20 1655992813.817
12 21 710997553.782
12 22 204852844.636
13 0 932311389.876
13 1 985847024.214
13 2 134926420.646
13 3 269048581.666
13 4 157387888.570
13 5 258478048.850
13 6 211838502.727
13 7 1225713000.317
13 8 243524114.758
13 9 1482823018.668
13 10 1130234353.302
13 11 684877723.142
13 12 1582538656.582
13 14 16404514.442
13 15 1144423150.238
13 16 8288411.945
13 17 484502783.663
13 18 103560473.083
13 19 561378739.752
13 20 1551590723.705
13 21 1085542206.160
13 22 244558344.477
14 0 11924103.176
14 1 5844148.885
14 2 1707200.384
14 3 2301223.651
14 4 2161736.421
14 5 1805045.360
14 6 2178273.921
14 7 7222867.011
14 8 1478463.945
14 9 8369508.446
14 10 8012463.599
14 11 3256047.707
14 12 19417914.130
14 13 13723904.059
14 15 13822480.599
14 16 141098.850
14 17 4238023.105
14 18 787142.362
14 19 3525764.335
14 20 9153501.411
14 21 9173868.044
14 22 1176536.482
15 0 1286669596.414
15 1 974195621.369
15 2 168087978.530
15 3 238437091.500
15 4 238682203.568
15 5 185858125.801
15 6 168810806.428
15 7 1137300681.879
15 8 181432301.716
15 9 1566135948.972
15 10 1098683821.814
15 11 364687114.444
15 12 996465416.550
15 13 1217012599.633
15 14 9015609.866
15 16 14411268.750
15 17 617721056.004
15 18 112049065.171
15 19 759265700.233
15 20 1738968389.647
15 21 1133107194.469
15 22 239890255.213
16 0 8356224.128
16 1 8241672.227
16 2 1883838.163
16 3 1135036.924
16 4 1562468.019
16 5 1278513.240
16 6 1750791.778
16 7 13575607.388
16 8 1137381.837
16 9 9599337.323
16 10 15756212.254
16 11 3969551.102
16 12 9428507.389
16 13 8474784.165
16 14 117136.479
16 15 8538447.581
16 17 4808045.158
16 18 924877.638
16 19 6064229.727
16 20 10793236.812
16 21 6592615.753
16 22 2148329.881
17 0 371213888.469
17 1 424412376.406
17 2 60213938.887
17 3 84549218.591
17 4 102238463.589
17 5 97459573.032
17 6 95157742.449
17 7 507536552.650
17 8 60750751.522
17 9 423979755.240
17 10 768873305.398
17 11 201383826.697
17 12 913829899.617
17 13 553610963.322
17 14 3838791.495
17 15 396998230.617
17 16 3754533.764
17 18 35253767.171
17 19 293678276.883
17 20 552335200.937
17 21 416607076.331
17 22 59085199.866
18 0 79381760.113
18 1 57001210.920
18 2 12936483.811
18 3 18516850.216
18 4 20042842.097
18 5 18336927.333
18 6 18214070.022
18 7 119263701.072
18 8 16803067.466
18 9 107233267.509
18 10 110620396.394
18 11 35765036.295
18 12 111253556.371
18 13 86116424.509
18 14 1440747.358
18 15 153870512.552
18 16 1288655.139
18 17 41256962.559
18 19 50861814.905
18 20 152313593.831
18 21 101886940.281
18 22 13235936.232
19 0 353041427.768
19 1 281725652.603
19 2 92799073.022
19 3 106409004.083
19 4 62951500.807
19 5 72538325.021
19 6 59438993.029
19 7 530246307.167
19 8 78164725.838
19 9 676008102.566
19 10 438799932.883
19 11 174004495.762
19 12 582609576.662
19 13 590843835.522
19 14 5210786.711
19 15 473420742.793
19 16 5826257.509
19 17 287678891.041
19 18 38609359.279
19 20 458780855.670
19 21 324345944.869
19 22 69226880.201
20 0 878705344.706
20 1 919402844.767
20 2 284618799.785
20 3 166354040.557
20 4 191585819.270
20 5 225493847.246
20 6 226632153.044
20 7 1597084078.002
20 8 196472020.193
20 9 957676743.494
20 10 1611147132.405
20 11 339981669.722
20 12 1395112281.896
20 13 1603285230.242
20 14 9451940.245
20 15 861907789.807
20 16 12606262.035
20 17 565798411.838
20 18 137411320.469
20 19 593941731.260
20 21 1220403270.660
20 22 153992587.747
21 0 844851479.000
21 1 338617392.147
21 2 145903439.853
21 3 118954739.436
21 4 143055720.950
21 5 100070291.995
21 6 123345164.995
21 7 708246221.608
21 8 124170567.314
21 9 487040460.283
21 10 838772491.297
21 11 317223647.228
21 12 727081413.940
21 13 1058017330.423
21 14 7508535.726
21 15 984453515.354
21 16 7395326.238
21 17 223559649.621
21 18 94726084.673
21 19 468469307.899
21 20 841381373.057
21 22 138151847.362
22 0 170128252.843
22 1 156087516.510
22 2 22272599.701
22 3 35843012.426
22 4 17182939.565
22 5 33648733.958
22 6 19470382.174
22 7 205759466.158
22 8 32802792.743
22 9 186501929.401
22 10 246199234.421
22 11 66949356.152
22 12 219100397.021
22 13 258092804.523
22 14 1175398.365
22 15 128809465.685
22 16 1488327.677
22 17 88228752.051
22 18 20038994.221
22 19 92805498.869
22 20 221532601.578
22 21 141343714.621
