506
0 1 1282.695
0 2 2207.663
0 3 117.016
0 4 213.010
0 5 94.410
0 6 6794.939
0 7 31.324
0 8 249.981
0 9 1014.487
0 10 136.430
0 11 103.026
0 12 169.069
0 13 5243.730
0 14 4234.297
0 15 5122.565
0 16 3056.645
0 17 95.106
0 18 239.807
0 19 146.389
0 20 90.501
0 21 66.045
0 22 52.338
1 0 690.622
1 2 46034.375
1 3 1386.430
1 4 5462.035
1 5 1439.196
1 6 194461.278
1 7 749.916
1 8 4186.966
1 9 33520.207
1 10 2890.211
1 11 2589.861
1 12 8212.466
1 13 7603.682
1 14 84032.287
1 15 99528.054
1 16 20481.313
1 17 2128.672
1 18 3639.644
1 19 189.943
1 20 3076.231
1 21 1907.657
1 22 2761.582
2 0 7.797
2 1 19940.326
2 3 148.087
2 4 3689.905
2 5 3832.837
2 6 246991.494
2 7 818.947
2 8 2812.267
2 9 20309.168
2 10 577.857
2 11 2477.711
2 12 39022.489
2 13 47544.182
2 14 1908.881
2 15 110165.835
2 16 69.570
2 17 4731.276
2 18 5194.560
2 19 4028.487
2 20 3794.666
2 21 1615.871
2 22 89.857
3 0 80.437
3 1 2868.708
3 2 5213.375
3 4 138.492
3 5 512.424
3 6 6349.597
3 7 104.831
3 8 45.758
3 9 4964.797
3 10 144.128
3 11 323.668
3 12 4925.368
3 13 9616.727
3 14 4307.794
3 15 107.002
3 16 1346.928
3 17 439.301
3 18 391.410
3 19 260.972
3 20 90.639
3 21 282.074
3 22 254.936
4 0 3.902
4 1 4391.844
4 2 1411.920
4 3 301.334
4 5 13.768
4 6 16356.390
4 7 179.467
4 8 6.461
4 9 1113.484
4 10 349.240
4 11 191.283
4 12 3937.335
4 13 10574.472
4 14 1184.859
4 15 13195.205
4 16 940.605
4 17 9.508
4 18 65.218
4 19 335.493
4 20 353.613
4 21 306.320
4 22 20.849
5 0 239.165
5 1 5112.167
5 2 4613.677
5 3 5.608
5 4 501.787
5 6 21166.577
5 7 72.445
5 8 526.728
5 9 3478.239
5 10 326.674
5 11 60.308
5 12 33.102
5 13 10101.017
5 14 1341.771
5 15 10749.957
5 16 1941.267
5 17 456.648
5 18 48.836
5 19 139.923
5 20 180.596
5 21 36.450
5 22 99.919
6 0 3673.836
6 1 142352.894
6 2 133732.296
6 3 6986.769
6 4 1615.849
6 5 18138.694
6 7 3726.136
6 8 13969.154
6 9 258368.024
6 10 3731.487
6 11 10970.004
6 12 17923.952
6 13 811749.293
6 14 315066.898
6 15 142834.866
6 16 59165.771
6 17 17699.146
6 18 7782.676
6 19 6989.207
6 20 18824.235
6 21 8956.498
6 22 10798.803
7 0 58.007
7 1 986.964
7 2 763.302
7 3 121.149
7 4 165.553
7 5 152.482
7 6 9025.043
7 8 40.926
7 9 1136.166
7 10 52.147
7 11 6.273
7 12 1386.909
7 13 2204.341
7 14 722.521
7 15 2279.288
7 16 2366.964
7 17 43.341
7 18 58.449
7 19 95.842
7 20 74.743
7 21 29.607
7 22 26.154
8 0 5.755
8 1 1940.051
8 2 3795.272
8 3 635.196
8 4 66.989
8 5 424.539
8 6 30229.325
8 7 152.931
8 9 204.906
8 10 355.151
8 11 117.850
8 12 1606.388
8 13 4865.004
8 14 5191.624
8 15 3966.135
8 16 8101.167
8 17 216.858
8 18 58.652
8 19 548.236
8 20 386.343
8 21 108.059
8 22 110.914
9 0 385.932
9 1 27732.252
9 2 10069.045
9 3 2351.269
9 4 4356.176
9 5 1624.919
9 6 272968.837
9 7 404.166
9 8 5053.853
9 10 1675.252
9 11 1473.886
9 12 25209.329
9 13 51568.016
9 14 65576.929
9 15 115266.145
9 16 91766.733
9 17 2170.694
9 18 2296.628
9 19 1809.999
9 20 3354.042
9 21 1803.918
9 22 564.538
10 0 34.970
10 1 3757.918
10 2 1561.129
10 3 288.169
10 4 125.614
10 5 411.421
10 6 22303.663
10 7 142.290
10 8 236.407
10 9 902.760
10 11 185.208
10 12 2927.063
10 13 8892.343
10 14 5314.378
10 15 10825.937
10 16 7020.511
10 17 315.804
10 18 522.140
10 19 331.165
10 20 439.897
10 21 148.233
10 22 232.068
11 0 80.776
11 1 1051.692
11 2 916.403
11 3 332.311
11 4 314.221
11 5 153.321
11 6 10379.595
11 7 116.260
11 8 304.051
11 9 3397.285
11 10 71.129
11 12 937.484
11 13 9605.146
11 14 1214.563
11 15 497.052
11 16 95.891
11 17 88.633
11 18 366.277
11 19 326.606
11 20 78.809
11 21 106.716
11 22 139.372
12 0 177.896
12 1 43629.064
12 2 14139.948
12 3 4047.026
12 4 5149.544
12 5 1705.668
12 6 24087.081
12 7 625.496
12 8 5369.226
12 9 20354.465
12 10 1921.492
12 11 3452.174
12 13 127266.826
12 14 20461.555
12 15 45055.142
12 16 40533.201
12 17 992.548
12 18 3575.212
12 19 1533.208
12 20 2715.055
12 21 3595.987
12 22 1516.789
13 0 4097.246
13 1 93555.234
13 2 127341.137
13 3 15414.007
13 4 1189.109
13 5 4124.209
13 6 456840.403
13 7 4715.508
13 8 15916.082
13 9 74146.950
13 10 2499.997
13 11 3860.539
13 12 16623.441
13 14 170664.646
13 15 58417.145
13 16 42992.950
13 17 14639.951
13 18 7341.637
13 19 10845.081
13 20 7389.803
13 21 6625.922
13 22 4753.202
14 0 1734.917
14 1 5057.801
14 2 41908.499
14 3 9470.185
14 4 8328.365
14 5 1787.887
14 6 60205.612
14 7 545.437
14 8 6344.999
14 9 54609.396
14 10 5232.783
14 11 5094.432
14 12 11806.388
14 13 256830.478
14 15 17549.851
14 16 92360.095
14 17 5333.941
14 18 9036.179
14 19 3999.766
14 20 3840.695
14 21 1159.918
14 22 1352.363
15 0 6110.003
15 1 67166.998
15 2 122925.612
15 3 3513.697
15 4 1161.577
15 5 2859.166
15 6 120539.523
15 7 3769.506
15 8 6317.525
15 9 5269.130
15 10 8752.180
15 11 9888.795
15 12 143784.086
15 13 113565.434
15 14 75599.982
15 16 194746.724
15 17 4871.716
15 18 2454.436
15 19 11612.151
15 20 5866.042
15 21 8567.604
15 22 4518.504
16 0 4294.019
16 1 74323.315
16 2 27228.129
16 3 1407.815
16 4 7176.527
16 5 8789.299
16 6 526181.311
16 7 2519.778
16 8 113.598
16 9 87587.569
16 10 2102.954
16 11 1995.872
16 12 21708.452
16 13 219052.966
16 14 5959.190
16 15 176012.984
16 17 3396.554
16 18 3977.415
16 19 8002.030
16 20 6521.716
16 21 6349.645
16 22 3469.536
17 0 107.753
17 1 3570.342
17 2 609.010
17 3 460.665
17 4 7.501
17 5 74.010
17 6 16728.253
17 7 79.553
17 8 100.554
17 9 2508.982
17 10 362.195
17 11 272.234
17 12 309.370
17 13 4917.210
17 14 7188.867
17 15 13438.669
17 16 2792.671
17 18 420.711
17 19 304.272
17 20 61.756
17 21 81.956
17 22 15.541
18 0 237.936
18 1 230.231
18 2 3717.341
18 3 319.279
18 4 144.729
18 5 165.961
18 6 9110.475
18 7 70.635
18 8 33.578
18 9 3781.507
18 10 324.399
18 11 291.972
18 12 4028.949
18 13 1512.642
18 14 3315.296
18 15 4641.422
18 16 8235.783
18 17 455.635
18 19 105.240
18 20 267.331
18 21 112.888
18 22 232.008
19 0 219.726
19 1 4696.358
19 2 4503.720
19 3 307.968
19 4 7.435
19 5 370.031
19 6 27747.393
19 7 102.356
19 8 554.749
19 9 4035.782
19 10 335.744
19 11 334.577
19 12 885.040
19 13 3359.610
19 14 3956.744
19 15 14312.007
19 16 1648.582
19 17 296.430
19 18 90.975
19 20 260.620
19 21 299.280
19 22 140.524
20 0 207.934
20 1 2850.430
20 2 29.335
20 3 187.411
20 4 85.819
20 5 449.483
20 6 22006.076
20 7 17.579
20 8 273.674
20 9 1844.491
20 10 54.236
20 11 140.953
20 12 4640.919
20 13 4815.498
20 14 3085.281
20 15 786.326
20 16 1500.498
20 17 272.161
20 18 408.307
20 19 448.251
20 21 93.970
20 22 77.421
21 0 119.094
21 1 3481.176
21 2 3499.724
21 3 168.308
21 4 209.152
21 5 172.438
21 6 4123.015
21 7 94.560
21 8 73.589
21 9 3164.244
21 10 113.061
21 11 90.305
21 12 2908.509
21 13 1103.339
21 14 5711.128
21 15 570.497
21 16 6587.723
21 17 220.442
21 18 40.269
21 19 71.733
21 20 233.858
21 22 193.845
22 0 44.897
22 1 177.429
22 2 970.830
22 3 26.812
22 4 285.483
22 5 61.036
22 6 7201.164
22 7 29.582
22 8 240.778
22 9 2750.353
22 10 0.249
22 11 79.761
22 12 1195.279
22 13 7904.789
22 14 2666.550
22 15 1667.270
22 16 3900.891
22 17 193.406
22 18 332.333
22 19 209.185
22 20 220.208
22 21 201.728
