506
0 1 804739025.168
0 2 210340369.477
0 3 129548559.861
0 4 168368100.616
0 5 165935642.516
0 6 106417278.703
0 7 953266134.796
0 8 219562235.929
0 9 1118519436.438
0 10 864294803.193
0 11 314596895.090
0 12 1093565914.605
0 13 1210694388.222
0 14 7928486.093
0 15 1429657556.523
0 16 13423930.871
0 17 492976865.345
0 18 110721088.559
0 19 506576609.874
0 20 1554452190.995
0 21 878237923.111
0 22 134612052.542
1 0 670968239.384
1 2 123933856.641
1 3 106779341.012
1 4 167076924.154
1 5 149718247.020
1 6 151543581.660
1 7 920911215.788
1 8 98790755.823
1 9 885124777.296
1 10 808604760.388
1 11 338018106.146
1 12 942311397.437
1 13 1247417930.259
1 14 9036359.814
1 15 747816312.060
1 16 4912141.927
1 17 368780000.645
1 18 70584082.105
1 19 488933036.843
1 20 1237317724.697
1 21 397218754.211
1 22 130637909.464
2 0 203188401.120
2 1 131036253.871
2 3 36045129.868
2 4 37626449.305
2 5 35321124.442
2 6 34525737.616
2 7 109022699.768
2 8 37039375.324
2 9 200852499.799
2 10 210999623.829
2 11 78774978.949
2 12 306674655.597
2 13 226529696.446
2 14 1691686.308
2 15 220775538.309
2 16 1317658.291
2 17 62813118.066
2 18 18336425.537
2 19 112440585.690
2 20 210750574.991
2 21 119886865.508
2 22 26348026.146
3 0 129102153.498
3 1 161997901.159
3 2 37775899.497
3 4 23680107.933
3 5 32632385.845
3 6 33313141.546
3 7 103675973.316
3 8 22770706.196
3 9 240286400.050
3 10 121619777.393
3 11 44599396.116
3 12 191021580.995
3 13 255668063.042
3 14 1558751.004
3 15 194951526.929
3 16 2158003.949
3 17 73173913.206
3 18 18501187.342
3 19 95494183.895
3 20 272569939.695
3 21 80324792.821
3 22 32218528.163
4 0 121019082.884
4 1 77355055.802
4 2 34384690.900
4 3 34214773.375
4 5 35314475.855
4 6 22376035.617
4 7 181734291.103
4 8 18637510.949
4 9 119599677.220
4 10 197616537.567
4 11 42429547.087
4 12 299164290.599
4 13 143580231.656
4 14 1511904.312
4 15 116123365.037
4 16 1408657.328
4 17 54372029.934
4 18 15934741.739
4 19 89206350.835
4 20 240936858.297
4 21 97554305.870
4 22 17942411.305
5 0 183505156.485
5 1 161224067.859
5 2 37741943.512
5 3 36762784.632
5 4 21613099.624
5 6 36295090.886
5 7 190885235.855
5 8 34480272.307
5 9 126687298.238
5 10 172783574.185
5 11 67344567.192
5 12 232191322.286
5 13 240831282.683
5 14 1872250.501
5 15 168707732.408
5 16 2297027.475
5 17 93972847.565
5 18 12892319.837
5 19 96654337.454
5 20 166256930.487
5 21 147259809.363
5 22 17663231.545
6 0 187295661.238
6 1 149441419.614
6 2 19349761.399
6 3 24044081.161
6 4 34678069.898
6 5 30448973.165
6 7 107044637.822
6 8 29432950.819
6 9 232546354.395
6 10 134078477.150
6 11 58978368.208
6 12 173131072.504
6 13 169441559.971
6 14 1921772.158
6 15 139357500.719
6 16 1290000.591
6 17 76724641.775
6 18 19943183.471
6 19 57035152.034
6 20 158641235.704
6 21 84301778.994
6 22 35429195.215
7 0 1220686431.320
7 1 869975589.019
7 2 116462223.621
7 3 119039573.623
7 4 141611123.678
7 5 216808926.870
7 6 176448263.247
7 8 154616217.855
7 9 1049434471.925
7 10 1108573773.462
7 11 403890135.725
7 12 1846536670.262
7 13 1261300257.468
7 14 11013843.804
7 15 797963557.204
7 16 6805178.912
7 17 327866194.296
7 18 103765121.708
7 19 519793184.962
7 20 1518735848.554
7 21 972298998.222
7 22 107357917.848
8 0 156718192.286
8 1 131276024.227
8 2 36734853.546
8 3 30310225.326
8 4 36093620.067
8 5 28208181.127
8 6 23139741.407
8 7 199658641.292
8 9 207267521.332
8 10 200584072.939
8 11 64322252.024
8 12 152298597.315
8 13 209427240.937
8 14 1799093.877
8 15 177992488.340
8 16 2154315.453
8 17 102120479.718
8 18 12643130.890
8 19 81748524.011
8 20 173505081.195
8 21 162346115.140
8 22 17155051.144
9 0 711980500.509
9 1 587704807.259
9 2 154285394.359
9 3 217594295.534
9 4 185888350.793
9 5 172498055.959
9 6 124767103.698
9 7 1218665915.031
9 8 209660684.613
9 10 1184824346.327
9 11 312841473.964
9 12 1471385698.950
9 13 1789942414.982
9 14 7391695.526
9 15 937931035.896
9 16 12125534.910
9 17 438851777.793
9 18 71835642.126
9 19 516245189.447
9 20 1462196218.370
9 21 995973960.317
9 22 200623061.145
10 0 1476301246.310
10 1 941370293.542
10 2 270000973.610
10 3 174226457.498
10 4 234485657.112
10 5 173248921.012
10 6 160468433.655
10 7 1500258511.520
10 8 183346926.523
10 9 862416062.753
10 11 373031981.430
10 12 1397803382.818
10 13 1231353131.764
10 14 11899930.647
10 15 881211022.998
10 16 10277281.078
10 17 460623503.191
10 18 164363027.920
10 19 361451948.050
10 20 1651539499.990
10 21 918259698.354
10 22 195469938.910
11 0 297666818.736
11 1 225637989.202
11 2 75381275.682
11 3 58242074.308
11 4 90551524.988
11 5 58089184.787
11 6 82081796.106
11 7 407995467.990
11 8 85326751.052
11 9 402022645.145
11 10 522865084.549
11 12 521026676.711
11 13 498087285.589
11 14 4499576.178
11 15 463747075.840
11 16 4230293.574
11 17 179900424.327
11 18 39373923.005
11 19 249560347.809
11 20 435114095.048
11 21 375086562.445
11 22 58270631.887
12 0 1461638588.840
12 1 974050163.368
12 2 243156788.339
12 3 280035230.443
12 4 167089515.295
12 5 239762485.613
12 6 244194713.812
12 7 1112447268.445
12 8 246416304.480
12 9 1046424030.344
12 10 1174514388.376
12 11 498355566.734
12 13 1701018101.125
12 14 11180233.886
12 15 2011546770.978
12 16 9623911.960
12 17 645939464.565
12 18 105272228.741
12 19 515960438.490
12 20 1865793715.887
12 21 1353019932.819
12 22 298334380.254
13 0 1163587527.017
13 1 682968418.191
13 2 150914979.781
13 3 140097069.976
13 4 220165848.905
13 5 206785202.286
13 6 241037603.589
13 7 1548886551.436
13 8 174721369.319
13 9 1664274912.685
13 10 1656634653.601
13 11 361692560.450
13 12 1435841230.614
13 14 9451750.201
13 15 1107287026.456
13 16 12807409.193
13 17 393628121.580
13 18 134756134.750
13 19 528778218.517
13 20 1137060513.617
13 21 1244823268.643
13 22 242936041.665
14 0 8215197.555
14 1 7556808.365
14 2 1463379.148
14 3 1412117.542
14 4 1462120.041
14 5 1304715.687
14 6 1124703.733
14 7 13276474.474
14 8 1291819.491
14 9 13562412.355
14 10 7736904.282
14 11 2773138.881
14 12 17412719.984
14 13 16516458.344
14 15 12763092.120
14 16 67020.053
14 17 6509056.191
14 18 1010314.924
14 19 5254292.975
14 20 10372116.741
14 21 6474486.455
14 22 2070559.493
15 0 1296759406.129
15 1 628423433.593
15 2 161243625.131
15 3 133664169.120
15 4 171072539.537
15 5 115642992.092
15 6 132273182.825
15 7 735320805.510
15 8 182742975.443
15 9 1120134165.577
15 10 836499722.096
15 11 609228270.822
15 12 1728258419.409
15 13 910522430.522
15 14 12264903.697
15 16 12036962.644
15 17 694439533.290
15 18 82780492.414
15 19 617697343.980
15 20 1403109777.106
15 21 588917929.307
15 22 209384543.901
16 0 6529661.001
16 1 5576605.642
16 2 2368754.191
16 3 1264312.522
16 4 2249278.226
16 5 1476458.973
16 6 1611737.390
16 7 6861547.704
16 8 2281692.833
16 9 9201111.058
16 10 8852792.109
16 11 3421688.844
16 12 13041615.937
16 13 15226387.673
16 14 130917.799
16 15 15804800.125
16 17 4350723.185
16 18 1081326.842
16 19 6040824.413
16 20 16838960.156
16 21 7459051.988
16 22 1598848.105
17 0 336653194.773
17 1 305250012.851
17 2 57971866.361
17 3 78899680.025
17 4 100596447.085
17 5 77129380.165
17 6 80693359.981
17 7 601951090.509
17 8 54963740.015
17 9 538865236.133
17 10 389146393.355
17 11 271835533.713
17 12 480065238.126
17 13 620270119.195
17 14 6408506.841
17 15 415777893.957
17 16 6019711.524
17 18 68175349.336
17 19 150482723.312
17 20 759082199.146
17 21 491909914.466
17 22 54801314.852
18 0 102348245.008
18 1 68856214.924
18 2 16422025.740
18 3 10623773.793
18 4 17433676.333
18 5 19686526.887
18 6 15817111.553
18 7 129540837.576
18 8 13396975.532
18 9 130751244.328
18 10 147383967.517
18 11 58129603.483
18 12 106214979.321
18 13 171623686.618
18 14 1131777.713
18 15 112993807.108
18 16 1346532.139
18 17 41732351.649
18 19 48948203.321
18 20 170536990.544
18 21 68137987.183
18 22 14803557.748
19 0 528834647.672
19 1 485753741.674
19 2 85390982.300
19 3 68778033.314
19 4 74000328.331
19 5 85759283.994
19 6 68637456.798
19 7 541571983.149
19 8 79932823.489
19 9 576405921.362
19 10 623581136.825
19 11 159051703.930
19 12 468191054.573
19 13 686343830.481
19 14 6038458.728
19 15 510971107.823
19 16 6670529.151
19 17 315559315.785
19 18 53044388.090
19 20 545560679.812
19 21 225643890.739
19 22 69988226.945
20 0 1096657773.574
20 1 872741755.790
20 2 254768024.776
20 3 164809069.461
20 4 194164010.960
20 5 198616850.302
20 6 187875510.782
20 7 893615432.404
20 8 225994748.505
20 9 1750231776.723
20 10 1166526964.873
20 11 355903619.466
20 12 1644830814.083
20 13 1003081256.735
20 14 14730458.989
20 15 1924345709.237
20 16 12765913.781
20 17 672994972.285
20 18 158140576.136
20 19 544831756.485
20 21 636586567.714
20 22 172760938.452
21 0 614875605.351
21 1 625221233.056
21 2 165750649.870
21 3 124188045.236
21 4 118545511.582
21 5 115934788.538
21 6 102618114.105
21 7 967635359.527
21 8 108863814.519
21 9 615004801.519
21 10 952576300.243
21 11 353466601.882
21 12 1033852375.148
21 13 1129534607.530
21 14 10236365.854
21 15 982128968.730
21 16 7970979.679
21 17 466098560.692
21 18 97954794.274
21 19 364291867.275
21 20 812599204.580
21 22 143043822.193
22 0 200959582.041
22 1 82974688.732
22 2 37923806.693
22 3 32426737.118
22 4 28460326.635
22 5 23673688.309
22 6 33476023.915
22 7 194003273.663
22 8 18559856.646
22 9 158174314.715
22 10 151399975.648
22 11 52458359.240
22 12 258311456.480
22 13 148509398.598
22 14 1189674.431
22 15 211417465.529
22 16 2247707.603
22 17 88435232.439
22 18 16750375.671
22 19 110069172.211
22 20 234043407.838
22 21 127176737.219
