506
0 1 2109.043
0 2 680.478
0 3 203.879
0 4 1.573
0 5 6.754
0 6 7840.480
0 7 41.411
0 8 8.607
0 9 264.411
0 10 108.969
0 11 107.026
0 12 50.182
0 13 6907.253
0 14 55.543
0 15 6969.588
0 16 47.167
0 17 13.605
0 18 118.922
0 19 104.259
0 20 153.991
0 21 57.523
0 22 99.778
1 0 891.116
1 2 38299.319
1 3 4886.716
1 4 775.522
1 5 2666.939
1 6 231975.007
1 7 96.962
1 8 3802.045
1 9 4716.768
1 10 3316.807
1 11 2070.652
1 12 48801.981
1 13 6277.314
1 14 5582.281
1 15 114305.036
1 16 67997.162
1 17 4536.868
1 18 2727.323
1 19 2643.949
1 20 1782.421
1 21 937.010
1 22 1969.308
2 0 1988.560
2 1 41551.618
2 3 293.126
2 4 473.677
2 5 2409.795
2 6 237935.280
2 7 233.378
2 8 4441.172
2 9 18014.598
2 10 2818.258
2 11 2413.461
2 12 4909.809
2 13 100045.980
2 14 50780.905
2 15 126336.210
2 16 65517.978
2 17 3251.331
2 18 4161.092
2 19 1741.666
2 20 2931.011
2 21 1772.488
2 22 841.984
3 0 147.437
3 1 2734.356
3 2 2770.830
3 4 374.016
3 5 556.039
3 6 2241.141
3 7 74.303
3 8 433.515
3 9 1679.236
3 10 211.938
3 11 315.726
3 12 2033.600
3 13 13027.084
3 14 9700.096
3 15 4390.529
3 16 7600.060
3 17 281.433
3 18 228.668
3 19 383.136
3 20 125.407
3 21 117.442
3 22 318.258
4 0 211.289
4 1 3200.008
4 2 2828.117
4 3 394.530
4 5 542.013
4 6 9284.651
4 7 176.998
4 8 453.750
4 9 4048.360
4 10 525.159
4 11 93.329
4 12 293.654
4 13 2642.026
4 14 2113.513
4 15 10837.382
4 16 8592.392
4 17 69.502
4 18 619.592
4 19 352.788
4 20 353.621
4 21 375.174
4 22 183.820
5 0 221.700
5 1 4579.426
5 2 2654.469
5 3 150.835
5 4 524.136
5 6 2667.924
5 7 71.943
5 8 44.632
5 9 3588.365
5 10 394.321
5 11 30.759
5 12 851.718
5 13 736.811
5 14 7872.973
5 15 13888.095
5 16 5553.076
5 17 208.878
5 18 555.460
5 19 489.647
5 20 223.360
5 21 221.950
5 22 87.659
6 0 8273.604
6 1 158899.901
6 2 30620.041
6 3 4185.670
6 4 1548.583
6 5 6909.544
6 7 8914.454
6 8 14266.333
6 9 60859.331
6 10 20111.405
6 11 20024.994
6 12 265972.715
6 13 599443.364
6 14 123076.798
6 15 185183.174
6 16 443676.628
6 17 6554.026
6 18 981.318
6 19 3341.137
6 20 12247.325
6 21 18197.995
6 22 3652.585
7 0 24.683
7 1 1620.953
7 2 1201.287
7 3 88.232
7 4 126.248
7 5 128.967
7 6 653.398
7 8 10.412
7 9 783.889
7 10 63.653
7 11 32.254
7 12 1533.174
7 13 772.270
7 14 685.664
7 15 1171.325
7 16 1567.154
7 17 146.634
7 18 31.612
7 19 69.289
7 20 18.053
7 21 53.856
7 22 80.312
8 0 221.047
8 1 2675.590
8 2 320.033
8 3 522.686
8 4 340.964
8 5 471.714
8 6 31353.351
8 7 119.269
8 9 1811.806
8 10 486.617
8 11 148.058
8 12 3411.047
8 13 15471.475
8 14 9518.465
8 15 11217.452
8 16 8773.694
8 17 252.077
8 18 583.195
8 19 495.197
8 20 63.403
8 21 390.458
8 22 39.828
9 0 1465.208
9 1 19858.296
9 2 35866.561
9 3 5146.407
9 4 4933.417
9 5 4060.774
9 6 262709.316
9 7 1040.869
9 8 4565.738
9 10 1631.244
9 11 1038.648
9 12 1267.382
9 13 140550.629
9 14 37586.977
9 15 3569.279
9 16 39499.977
9 17 2112.695
9 18 3.436
9 19 60.129
9 20 506.014
9 21 2956.557
9 22 2727.292
10 0 96.917
10 1 4138.725
10 2 1315.951
10 3 135.464
10 4 498.669
10 5 462.282
10 6 242.246
10 7 2.873
10 8 413.120
10 9 3583.866
10 11 114.734
10 12 22.104
10 13 13437.225
10 14 3889.055
10 15 1539.229
10 16 3546.420
10 17 282.914
10 18 381.064
10 19 44.344
10 20 48.136
10 21 221.380
10 22 112.277
11 0 40.224
11 1 2902.642
11 2 3107.194
11 3 395.866
11 4 323.144
11 5 175.367
11 6 19727.632
11 7 105.248
11 8 122.265
11 9 437.516
11 10 62.769
11 12 1934.394
11 13 8302.393
11 14 1667.872
11 15 6764.405
11 16 730.107
11 17 40.735
11 18 2.529
11 19 250.256
11 20 164.980
11 21 148.585
11 22 10.700
12 0 103.429
12 1 24082.719
12 2 14437.066
12 3 1087.590
12 4 317.038
12 5 3688.145
12 6 59899.043
12 7 172.038
12 8 765.156
12 9 42688.732
12 10 3321.170
12 11 1858.263
12 13 43072.345
12 14 47323.164
12 15 99061.143
12 16 25965.261
12 17 1523.796
12 18 1328.399
12 19 4087.396
12 20 486.804
12 21 3300.384
12 22 125.409
13 0 821.544
13 1 105627.294
13 2 140146.125
13 3 8889.927
13 4 6238.082
13 5 362.834
13 6 440520.913
13 7 651.671
13 8 1197.618
13 9 113806.027
13 10 13939.740
13 11 8386.698
13 12 103681.792
13 14 42392.646
13 15 18840.928
13 16 150960.331
13 17 14694.019
13 18 13092.232
13 19 2920.006
13 20 3782.785
13 21 4080.032
13 22 4428.674
14 0 2210.443
14 1 23567.940
14 2 78361.928
14 3 9822.637
14 4 1602.241
14 5 3406.080
14 6 469024.333
14 7 1793.672
14 8 9751.244
14 9 1746.699
14 10 7862.314
14 11 4921.287
14 12 29984.881
14 13 184577.594
14 15 127075.402
14 16 94969.846
14 17 91.501
14 18 3693.956
14 19 147.966
14 20 7189.224
14 21 4016.353
14 22 60.567
15 0 5199.412
15 1 117092.461
15 2 66621.410
15 3 15730.633
15 4 1886.496
15 5 2193.215
15 6 261499.127
15 7 2270.294
15 8 869.335
15 9 86169.720
15 10 12826.928
15 11 4044.609
15 12 143035.870
15 13 404633.027
15 14 93702.623
15 16 235017.195
15 17 7368.208
15 18 10067.165
15 19 9536.048
15 20 12027.397
15 21 4301.293
15 22 1108.661
16 0 3470.172
16 1 94568.073
16 2 8023.017
16 3 1121.627
16 4 8541.245
16 5 7446.572
16 6 407785.912
16 7 2875.307
16 8 5170.095
16 9 95132.661
16 10 3473.747
16 11 5575.872
16 12 31508.352
16 13 54116.656
16 14 162003.511
16 15 207809.157
16 17 2998.461
16 18 2596.850
16 19 7548.499
16 20 1556.880
16 21 2275.504
16 22 4901.109
17 0 2.599
17 1 922.444
17 2 2385.824
17 3 490.448
17 4 258.962
17 5 14.456
17 6 12028.795
17 7 111.413
17 8 427.501
17 9 4158.987
17 10 221.014
17 11 7.789
17 12 3932.880
17 13 11520.651
17 14 54.763
17 15 2815.960
17 16 8684.269
17 18 268.204
17 19 476.638
17 20 298.803
17 21 167.578
17 22 71.866
18 0 199.783
18 1 3736.553
18 2 3633.293
18 3 424.499
18 4 549.425
18 5 20.909
18 6 26955.093
18 7 46.675
18 8 531.889
18 9 3567.419
18 10 139.163
18 11 219.109
18 12 3947.085
18 13 10371.726
18 14 1203.611
18 15 11154.576
18 16 1236.754
18 17 139.294
18 19 374.542
18 20 300.279
18 21 288.676
18 22 207.442
19 0 152.663
19 1 2277.303
19 2 1817.563
19 3 351.340
19 4 202.992
19 5 136.257
19 6 26630.109
19 7 65.092
19 8 456.109
19 9 697.219
19 10 432.061
19 11 164.830
19 12 2188.597
19 13 5559.476
19 14 567.405
19 15 10607.003
19 16 4368.124
19 17 6.251
19 18 509.200
19 20 133.063
19 21 275.168
19 22 4.395
20 0 162.716
20 1 3127.175
20 2 662.147
20 3 158.467
20 4 276.822
20 5 445.343
20 6 1552.460
20 7 2.877
20 8 354.415
20 9 1170.730
20 10 336.708
20 11 125.185
20 12 586.698
20 13 12459.165
20 14 1189.559
20 15 1378.248
20 16 3738.245
20 17 246.038
20 18 238.626
20 19 46.101
20 21 100.832
20 22 103.877
21 0 152.807
21 1 966.777
21 2 732.563
21 3 328.598
21 4 346.052
21 5 222.934
21 6 165.598
21 7 92.811
21 8 296.639
21 9 2227.491
21 10 308.462
21 11 85.297
21 12 2358.323
21 13 2827.378
21 14 1176.632
21 15 1613.702
21 16 1605.182
21 17 119.434
21 18 18.204
21 19 306.735
21 20 20.215
21 22 162.825
22 0 141.668
22 1 2950.407
22 2 36.101
22 3 184.147
22 4 276.038
22 5 239.133
22 6 8067.463
22 7 79.988
22 8 82.234
22 9 519.203
22 10 217.915
22 11 17.083
22 12 1245.529
22 13 8.288
22 14 5173.508
22 15 1592.009
22 16 1099.646
22 17 26.060
22 18 152.711
22 19 216.383
22 20 2.776
22 21 19.700
