506
0 1 2119.240
0 2 2277.204
0 3 157.812
0 4 209.568
0 5 157.188
0 6 3930.188
0 7 12.132
0 8 51.049
0 9 1619.080
0 10 109.314
0 11 153.066
0 12 1277.154
0 13 5066.585
0 14 117.480
0 15 2471.615
0 16 975.554
0 17 28.449
0 18 115.826
0 19 183.641
0 20 205.795
0 21 59.296
0 22 54.621
1 0 337.617
1 2 42243.854
1 3 2017.019
1 4 2298.923
1 5 1118.673
1 6 119530.645
1 7 1465.919
1 8 5404.227
1 9 16714.465
1 10 4099.638
1 11 2147.317
1 12 39841.492
1 13 13534.656
1 14 23371.036
1 15 29981.206
1 16 71665.921
1 17 2394.622
1 18 5732.943
1 19 286.732
1 20 1136.577
1 21 1788.008
1 22 2507.859
2 0 376.504
2 1 22298.707
2 3 2969.357
2 4 4171.008
2 5 2071.858
2 6 40828.431
2 7 1370.332
2 8 225.700
2 9 47095.124
2 10 3181.916
2 11 765.520
2 12 1449.775
2 13 29983.536
2 14 64506.269
2 15 54197.209
2 16 26410.935
2 17 1009.512
2 18 2013.206
2 19 304.189
2 20 1430.957
2 21 2371.003
2 22 2485.505
3 0 205.316
3 1 1623.282
3 2 508.768
3 4 528.087
3 5 55.527
3 6 11514.039
3 7 90.444
3 8 298.685
3 9 1950.959
3 10 398.091
3 11 377.952
3 12 1560.657
3 13 13097.746
3 14 8329.736
3 15 13685.864
3 16 6352.213
3 17 457.156
3 18 269.808
3 19 54.885
3 20 395.304
3 21 337.158
3 22 11.692
4 0 100.732
4 1 1770.956
4 2 1219.265
4 3 425.573
4 5 337.526
4 6 15296.299
4 7 20.547
4 8 540.880
4 9 1237.513
4 10 352.299
4 11 68.896
4 12 4734.805
4 13 4026.496
4 14 8376.003
4 15 161.309
4 16 1714.523
4 17 410.108
4 18 349.917
4 19 492.157
4 20 384.031
4 21 101.861
4 22 130.239
5 0 129.427
5 1 4003.575
5 2 2595.731
5 3 146.370
5 4 39.548
5 6 26503.057
5 7 39.782
5 8 202.758
5 9 1536.620
5 10 407.427
5 11 184.805
5 12 3812.894
5 13 14925.224
5 14 1130.053
5 15 6624.864
5 16 8918.331
5 17 437.170
5 18 118.346
5 19 287.377
5 20 59.446
5 21 203.713
5 22 38.676
6 0 8843.350
6 1 2546.027
6 2 249384.353
6 3 28022.675
6 4 20866.327
6 5 28758.844
6 7 3086.806
6 8 4878.459
6 9 54412.151
6 10 6221.768
6 11 17474.644
6 12 227293.986
6 13 399787.259
6 14 159015.683
6 15 603011.762
6 16 50716.271
6 17 299.401
6 18 9793.120
6 19 17906.934
6 20 14381.210
6 21 11646.410
6 22 8207.124
7 0 39.042
7 1 620.182
7 2 1227.512
7 3 75.504
7 4 73.060
7 5 81.798
7 6 2426.312
7 8 97.353
7 9 1278.935
7 10 80.490
7 11 19.041
7 12 432.759
7 13 4962.251
7 14 217.350
7 15 2638.677
7 16 1163.349
7 17 40.379
7 18 165.060
7 19 40.720
7 20 78.073
7 21 11.571
7 22 7.941
8 0 99.367
8 1 2422.802
8 2 477.995
8 3 77.146
8 4 571.023
8 5 241.896
8 6 8981.182
8 7 170.887
8 9 4356.932
8 10 195.653
8 11 229.029
8 12 2331.404
8 13 12919.875
8 14 510.771
8 15 11157.516
8 16 1647.517
8 17 215.611
8 18 532.528
8 19 355.129
8 20 484.567
8 21 324.440
8 22 66.483
9 0 920.443
9 1 30559.055
9 2 43546.486
9 3 565.281
9 4 3775.249
9 5 1720.907
9 6 124922.819
9 7 20.654
9 8 968.947
9 10 586.841
9 11 1966.749
9 12 33477.017
9 13 6619.510
9 14 19444.410
9 15 90240.020
9 16 9414.314
9 17 321.139
9 18 210.359
9 19 1262.223
9 20 97.960
9 21 824.262
9 22 2767.968
10 0 181.171
10 1 1476.839
10 2 3803.042
10 3 194.182
10 4 31.412
10 5 465.620
10 6 19392.986
10 7 11.108
10 8 134.491
10 9 4102.803
10 11 183.398
10 12 2841.839
10 13 12909.047
10 14 1434.630
10 15 8364.134
10 16 3971.419
10 17 52.400
10 18 59.184
10 19 254.645
10 20 413.542
10 21 242.558
10 22 267.640
11 0 81.358
11 1 2045.663
11 2 2077.818
11 3 383.612
11 4 263.343
11 5 343.744
11 6 8871.524
11 7 76.883
11 8 63.659
11 9 3388.154
11 10 169.277
11 12 3194.952
11 13 9504.298
11 14 2637.100
11 15 1280.569
11 16 1586.424
11 17 4.408
11 18 148.974
11 19 54.296
11 20 246.112
11 21 206.743
11 22 146.566
12 0 171.861
12 1 40293.482
12 2 12137.608
12 3 182.787
12 4 3193.725
12 5 1395.352
12 6 151076.528
12 7 1563.707
12 8 5208.832
12 9 6490.333
12 10 141.008
12 11 703.787
12 13 103112.638
12 14 81178.327
12 15 128271.930
12 16 3286.706
12 17 4621.583
12 18 751.946
12 19 2345.187
12 20 4405.372
12 21 1963.092
12 22 379.375
13 0 1529.547
13 1 151709.826
13 2 117468.751
13 3 6023.926
13 4 5236.302
13 5 4083.416
13 6 680524.890
13 7 4174.995
13 8 2098.655
13 9 105728.431
13 10 5865.025
13 11 2772.412
13 12 40296.340
13 14 98735.947
13 15 92884.795
13 16 166917.546
13 17 14478.426
13 18 13263.395
13 19 9189.417
13 20 6498.311
13 21 1781.777
13 22 7622.541
14 0 2759.999
14 1 87840.124
14 2 3913.470
14 3 8058.354
14 4 1836.341
14 5 8962.562
14 6 419870.593
14 7 2589.857
14 8 1246.298
14 9 13566.942
14 10 4013.524
14 11 432.287
14 12 49369.629
14 13 149857.588
14 15 237980.330
14 16 113226.488
14 17 7629.058
14 18 4696.648
14 19 3552.205
14 20 7667.529
14 21 344.212
14 22 2867.594
15 0 900.753
15 1 23973.301
15 2 38961.896
15 3 3297.996
15 4 8660.783
15 5 11341.843
15 6 472774.992
15 7 3343.427
15 8 12111.312
15 9 108039.683
15 10 12472.587
15 11 6512.346
15 12 119907.766
15 13 254152.263
15 14 237018.593
15 16 123241.596
15 17 11917.676
15 18 1772.507
15 19 8620.264
15 20 11754.599
15 21 3432.565
15 22 5938.043
16 0 3828.854
16 1 6193.609
16 2 9028.879
16 3 4122.733
16 4 4976.842
16 5 4673.698
16 6 397394.470
16 7 2824.095
16 8 9158.009
16 9 41076.832
16 10 8717.604
16 11 5700.273
16 12 66447.081
16 13 201546.481
16 14 4442.866
16 15 68907.840
16 17 3237.090
16 18 4696.906
16 19 9223.293
16 20 8193.744
16 21 6728.415
16 22 1269.116
17 0 131.142
17 1 1342.289
17 2 1949.156
17 3 409.385
17 4 493.742
17 5 491.551
17 6 27969.560
17 7 14.645
17 8 262.425
17 9 448.736
17 10 98.219
17 11 242.691
17 12 4061.958
17 13 1602.552
17 14 817.317
17 15 9727.653
17 16 2913.992
17 18 475.722
17 19 145.681
17 20 122.560
17 21 200.933
17 22 113.936
18 0 199.900
18 1 965.185
18 2 2252.301
18 3 96.685
18 4 265.733
18 5 226.903
18 6 23301.414
18 7 18.311
18 8 113.824
18 9 3835.865
18 10 493.352
18 11 293.930
18 12 2228.157
18 13 12323.251
18 14 2255.386
18 15 8675.933
18 16 5794.218
18 17 137.841
18 19 126.883
18 20 332.297
18 21 359.423
18 22 222.638
19 0 242.950
19 1 4617.758
19 2 350.892
19 3 55.867
19 4 44.598
19 5 139.754
19 6 13219.741
19 7 41.063
19 8 43.750
19 9 14.640
19 10 195.902
19 11 238.030
19 12 2053.200
19 13 5569.891
19 14 5891.328
19 15 1910.841
19 16 7200.238
19 17 10.873
19 18 499.872
19 20 300.985
19 21 265.691
19 22 237.930
20 0 151.924
20 1 2367.158
20 2 3619.267
20 3 373.229
20 4 423.629
20 5 464.951
20 6 4647.826
20 7 34.997
20 8 438.028
20 9 1399.727
20 10 12.469
20 11 127.461
20 12 2114.256
20 13 4923.132
20 14 4716.540
20 15 13022.753
20 16 1692.393
20 17 259.933
20 18 319.233
20 19 338.308
20 21 221.146
20 22 67.596
21 0 81.281
21 1 1759.315
21 2 1842.109
21 3 196.899
21 4 183.372
21 5 358.384
21 6 2332.402
21 7 0.314
21 8 132.090
21 9 161.642
21 10 14.219
21 11 225.950
21 12 3531.472
21 13 5119.127
21 14 65.999
21 15 5725.243
21 16 4403.314
21 17 3.026
21 18 362.919
21 19 169.652
21 20 32.162
21 22 130.718
22 0 54.538
22 1 2202.601
22 2 580.793
22 3 58.410
22 4 198.635
22 5 114.619
22 6 9343.023
22 7 17.296
22 8 180.770
22 9 1054.282
22 10 44.570
22 11 177.014
22 12 2561.976
22 13 5306.621
22 14 4174.864
22 15 2081.258
22 16 4048.236
22 17 121.120
22 18 121.049
22 19 173.735
22 20 242.884
22 21 4.468
