506
0 1 635.557
0 2 1605.507
0 3 40.956
0 4 264.689
0 5 149.219
0 6 11970.736
0 7 31.561
0 8 52.426
0 9 97.231
0 10 200.040
0 11 151.168
0 12 138.507
0 13 148.532
0 14 3774.640
0 15 2448.514
0 16 6.097
0 17 100.690
0 18 121.051
0 19 77.758
0 20 22.588
0 21 16.948
0 22 89.676
1 0 472.320
1 2 40816.469
1 3 2524.171
1 4 2102.741
1 5 268.710
1 6 152446.218
1 7 416.112
1 8 1549.009
1 9 39993.693
1 10 1578.757
1 11 1672.255
1 12 11319.270
1 13 65435.829
1 14 28511.682
1 15 71615.095
1 16 51752.843
1 17 1593.337
1 18 2812.814
1 19 3376.281
1 20 439.117
1 21 2498.360
1 22 947.924
2 0 1271.821
2 1 47902.244
2 3 5239.751
2 4 4148.689
2 5 3397.207
2 6 104202.270
2 7 903.171
2 8 3840.541
2 9 39275.669
2 10 877.145
2 11 634.758
2 12 33367.131
2 13 8008.136
2 14 69893.319
2 15 83824.858
2 16 19707.918
2 17 1314.852
2 18 1151.327
2 19 1495.287
2 20 2550.748
2 21 700.663
2 22 1744.615
3 0 0.155
3 1 2023.878
3 2 3555.331
3 4 313.941
3 5 568.458
3 6 26262.332
3 7 27.566
3 8 425.935
3 9 1297.349
3 10 337.246
3 11 91.863
3 12 4662.879
3 13 14882.662
3 14 74.481
3 15 13877.479
3 16 1562.343
3 17 144.435
3 18 30.851
3 19 166.458
3 20 403.033
3 21 197.929
3 22 331.778
4 0 166.027
4 1 3083.770
4 2 1512.387
4 3 610.466
4 5 450.276
4 6 3146.555
4 7 31.843
4 8 592.216
4 9 2895.181
4 10 475.439
4 11 327.848
4 12 5356.961
4 13 14156.316
4 14 852.461
4 15 6272.810
4 16 506.380
4 17 206.222
4 18 448.065
4 19 91.143
4 20 367.113
4 21 145.411
4 22 230.817
5 0 53.189
5 1 496.669
5 2 410.852
5 3 537.164
5 4 431.747
5 6 1519.381
5 7 51.395
5 8 190.700
5 9 2230.147
5 10 205.234
5 11 350.225
5 12 2852.168
5 13 14538.505
5 14 5774.171
5 15 5740.085
5 16 4442.437
5 17 74.904
5 18 526.817
5 19 363.136
5 20 117.598
5 21 295.676
5 22 117.640
6 0 5906.989
6 1 103394.014
6 2 92919.807
6 3 22787.536
6 4 11599.896
6 5 21750.682
6 7 2.764
6 8 25197.649
6 9 65905.969
6 10 7856.072
6 11 19755.486
6 12 191512.746
6 13 534161.228
6 14 140249.052
6 15 167606.477
6 16 226924.669
6 17 24636.949
6 18 6551.359
6 19 2974.312
6 20 14013.185
6 21 11076.831
6 22 8243.869
7 0 35.634
7 1 565.102
7 2 808.431
7 3 19.092
7 4 156.833
7 5 7.676
7 6 7190.272
7 8 62.123
7 9 40.174
7 10 43.663
7 11 117.896
7 12 35.599
7 13 1358.654
7 14 637.891
7 15 431.578
7 16 1564.166
7 17 15.966
7 18 130.616
7 19 8.742
7 20 59.841
7 21 93.792
7 22 34.519
8 0 121.754
8 1 3630.231
8 2 3038.594
8 3 455.344
8 4 141.093
8 5 50.388
8 6 16161.739
8 7 33.229
8 9 85.048
8 10 253.115
8 11 335.797
8 12 3910.370
8 13 1007.061
8 14 8274.675
8 15 12258.310
8 16 5994.485
8 17 283.747
8 18 434.781
8 19 510.671
8 20 346.201
8 21 298.409
8 22 241.684
9 0 1682.139
9 1 26751.628
9 2 39960.343
9 3 5046.048
9 4 5665.318
9 5 1706.249
9 6 277361.305
9 7 1636.188
9 8 140.826
9 10 85.709
9 11 958.633
9 12 27224.988
9 13 30580.268
9 14 29088.211
9 15 66764.056
9 16 19321.456
9 17 1567.978
9 18 2484.473
9 19 3871.118
9 20 2391.441
9 21 2686.146
9 22 123.154
10 0 223.551
10 1 1515.903
10 2 1699.738
10 3 317.392
10 4 512.453
10 5 48.611
10 6 16747.144
10 7 85.916
10 8 92.244
10 9 1310.041
10 11 152.205
10 12 4638.707
10 13 2385.979
10 14 1130.202
10 15 1250.497
10 16 5080.208
10 17 316.046
10 18 258.956
10 19 274.769
10 20 26.943
10 21 253.081
10 22 15.121
11 0 86.215
11 1 3145.967
11 2 1831.166
11 3 275.424
11 4 276.438
11 5 52.363
11 6 4459.271
11 7 70.194
11 8 66.311
11 9 225.165
11 10 11.446
11 12 314.656
11 13 9276.478
11 14 5783.144
11 15 10213.851
11 16 2461.167
11 17 87.369
11 18 24.593
11 19 343.039
11 20 89.401
11 21 125.009
11 22 200.017
12 0 2135.681
12 1 11001.249
12 2 46711.250
12 3 1876.041
12 4 2302.199
12 5 2961.259
12 6 125010.669
12 7 417.071
12 8 3338.295
12 9 46415.257
12 10 3557.963
12 11 3144.641
12 13 72223.366
12 14 9789.421
12 15 67450.424
12 16 3045.966
12 17 3048.981
12 18 2655.754
12 19 1999.436
12 20 2095.854
12 21 1914.748
12 22 2805.907
13 0 2956.049
13 1 11974.640
13 2 11829.140
13 3 3214.287
13 4 6927.114
13 5 11322.757
13 6 576592.325
13 7 3737.013
13 8 11479.608
13 9 93270.126
13 10 3427.250
13 11 5671.046
13 12 58333.438
13 14 131386.212
13 15 59659.107
13 16 229835.095
13 17 261.142
13 18 3586.820
13 19 11933.320
13 20 1056.916
13 21 7740.766
13 22 548.734
14 0 1581.224
14 1 42372.919
14 2 26200.437
14 3 4039.184
14 4 8952.144
14 5 2579.910
14 6 302799.092
14 7 1480.034
14 8 1944.477
14 9 69658.399
14 10 4552.604
14 11 5219.145
14 12 41190.572
14 13 108249.550
14 15 165412.463
14 16 147180.884
14 17 2394.065
14 18 9377.930
14 19 8427.901
14 20 1263.931
14 21 3984.105
14 22 3344.916
15 0 2767.796
15 1 65370.137
15 2 30613.621
15 3 13721.468
15 4 7345.568
15 5 13119.678
15 6 751096.715
15 7 4690.588
15 8 8828.557
15 9 10667.926
15 10 7853.893
15 11 2334.199
15 12 114892.518
15 13 169315.874
15 14 232036.008
15 16 217069.780
15 17 2226.739
15 18 8033.742
15 19 3972.857
15 20 10082.695
15 21 2441.144
15 22 1122.293
16 0 4340.558
16 1 85829.531
16 2 35009.403
16 3 7201.429
16 4 1155.885
16 5 1270.594
16 6 353890.212
16 7 2812.734
16 8 8583.949
16 9 77294.209
16 10 4277.102
16 11 6049.871
16 12 69456.682
16 13 18687.366
16 14 165482.708
16 15 198317.578
16 17 8073.203
16 18 2305.186
16 19 2039.468
16 20 2629.417
16 21 6258.440
16 22 4541.102
17 0 122.751
17 1 2416.016
17 2 3271.913
17 3 46.558
17 4 295.006
17 5 329.439
17 6 429.076
17 7 38.275
17 8 463.747
17 9 588.823
17 10 130.594
17 11 71.955
17 12 37.313
17 13 4431.141
17 14 6395.592
17 15 28.424
17 16 8907.045
17 18 353.075
17 19 91.472
17 20 177.981
17 21 189.362
17 22 213.791
18 0 259.379
18 1 5578.237
18 2 855.568
18 3 354.314
18 4 475.669
18 5 22.709
18 6 12714.961
18 7 19.618
18 8 63.739
18 9 3364.092
18 10 411.174
18 11 330.945
18 12 3731.179
18 13 9464.385
18 14 1594.870
18 15 13904.720
18 16 8205.968
18 17 511.234
18 19 517.093
18 20 473.640
18 21 246.021
18 22 182.489
19 0 46.666
19 1 4629.535
19 2 2481.460
19 3 562.987
19 4 259.158
19 5 221.532
19 6 17418.088
19 7 85.444
19 8 88.628
19 9 5083.967
19 10 179.974
19 11 299.778
19 12 2518.108
19 13 10403.234
19 14 1585.472
19 15 14159.383
19 16 132.465
19 17 154.290
19 18 468.473
19 20 380.823
19 21 28.922
19 22 97.399
20 0 62.498
20 1 794.639
20 2 1787.500
20 3 95.491
20 4 50.001
20 5 361.389
20 6 24176.856
20 7 31.202
20 8 17.943
20 9 2248.225
20 10 223.145
20 11 73.574
20 12 3322.359
20 13 9047.718
20 14 829.862
20 15 523.477
20 16 8139.338
20 17 373.792
20 18 495.874
20 19 196.981
20 21 264.040
20 22 73.772
21 0 32.206
21 1 781.783
21 2 897.602
21 3 239.550
21 4 83.565
21 5 208.970
21 6 5272.726
21 7 77.220
21 8 102.788
21 9 473.848
21 10 195.124
21 11 115.425
21 12 3293.199
21 13 8344.894
21 14 190.718
21 15 5684.044
21 16 1039.807
21 17 292.559
21 18 13.241
21 19 315.150
21 20 330.470
21 22 11.309
22 0 123.208
22 1 2659.297
22 2 2759.139
22 3 226.204
22 4 249.990
22 5 174.936
22 6 11716.690
22 7 58.039
22 8 250.004
22 9 1142.721
22 10 193.219
22 11 198.098
22 12 2208.559
22 13 6643.853
22 14 4441.103
22 15 6004.282
22 16 749.755
22 17 20.393
22 18 279.816
22 19 269.737
22 20 226.739
22 21 59.510
