506
0 1 854650982.162
0 2 169860049.004
0 3 170261642.018
0 4 199267594.473
0 5 162768809.712
0 6 180814530.264
0 7 1153313638.891
0 8 122273265.237
0 9 899855374.469
0 10 1345925174.558
0 11 435468104.499
0 12 1758495041.064
0 13 1098322230.617
0 14 6965790.257
0 15 933656412.101
0 16 7401648.271
0 17 459445068.263
0 18 78140009.755
0 19 404728822.012
0 20 1115006660.260
0 21 968775492.219
0 22 189852046.646
1 0 821215017.942
1 2 166336575.330
1 3 126294764.280
1 4 138132295.325
1 5 85560622.483
1 6 124154362.326
1 7 923380916.527
1 8 137382823.519
1 9 955889588.471
1 10 603376291.597
1 11 380129003.953
1 12 809197167.068
1 13 982530275.408
1 14 9277640.777
1 15 618740071.016
1 16 4813572.456
1 17 465905534.445
1 18 55230262.562
1 19 234692683.420
1 20 563027005.469
1 21 346550943.034
1 22 120162604.000
2 0 194137647.036
2 1 126111387.154
2 3 19861155.437
2 4 30676299.815
2 5 26952285.502
2 6 31641834.354
2 7 184054764.150
2 8 28892477.145
2 9 188913708.561
2 10 126233420.241
2 11 58187094.010
2 12 297911847.748
2 13 182013649.662
2 14 2270367.432
2 15 135464077.683
2 16 1604005.847
2 17 71495216.876
2 18 16796297.806
2 19 51083886.750
2 20 190688161.636
2 21 77127737.793
2 22 22795042.429
3 0 164364344.097
3 1 95717954.526
3 2 30402191.336
3 4 26458046.573
3 5 25820424.624
3 6 22793638.908
3 7 188361620.877
3 8 22923848.704
3 9 197031225.885
3 10 148899244.068
3 11 55562943.187
3 12 249199330.882
3 13 183743579.916
3 14 2126976.428
3 15 127182591.830
3 16 1483949.528
3 17 58935920.305
3 18 13468857.651
3 19 105553961.040
3 20 171315853.715
3 21 82047281.274
3 22 25093111.171
4 0 111856100.510
4 1 146493596.062
4 2 24072753.362
4 3 24395936.279
4 5 31168555.770
4 6 17017052.855
4 7 124241729.019
4 8 24425075.947
4 9 141307267.609
4 10 159538168.080
4 11 49917830.922
4 12 254727411.993
4 13 170290373.078
4 14 1844323.988
4 15 182734274.616
4 16 1904458.446
4 17 105577187.053
4 18 20075348.276
4 19 73891775.823
4 20 224004021.193
4 21 143252899.743
4 22 30556441.570
5 0 115895776.886
5 1 107653002.709
5 2 20143994.847
5 3 32964263.762
5 4 31075061.895
5 6 32147589.811
5 7 99421465.857
5 8 32899834.454
5 9 161020817.232
5 10 226981022.061
5 11 49875030.008
5 12 188027252.948
5 13 171878744.403
5 14 1455065.869
5 15 250275435.912
5 16 1838174.741
5 17 99301674.499
5 18 11023973.067
5 19 79116768.807
5 20 186239666.647
5 21 163259520.365
5 22 26198998.424
6 0 198527538.575
6 1 161900776.233
6 2 28456056.432
6 3 35693264.487
6 4 36600813.730
6 5 24538275.296
6 7 176003204.542
6 8 17485122.471
6 9 123475871.692
6 10 222958117.962
6 11 45490012.199
6 12 196864689.370
6 13 263683511.257
6 14 2142169.460
6 15 229409631.418
6 16 1165344.795
6 17 78611717.073
6 18 10793936.839
6 19 105612345.852
6 20 273429883.993
6 21 134296519.467
6 22 20404292.967
7 0 1202804714.670
7 1 772428925.138
7 2 169125866.329
7 3 118536703.888
7 4 130202048.980
7 5 209560060.620
7 6 140955697.239
7 8 178639912.954
7 9 648329270.527
7 10 731418889.222
7 11 286618077.722
7 12 1268426544.307
7 13 1083751757.257
7 14 7252015.165
7 15 1252358523.007
7 16 7332313.965
7 17 631482369.801
7 18 89786565.182
7 19 600985460.311
7 20 1600062517.434
7 21 917857726.431
7 22 150678573.202
8 0 168544126.310
8 1 142582193.990
8 2 35072969.273
8 3 16538738.926
8 4 25344566.152
8 5 26727975.569
8 6 28718662.642
8 7 215301247.198
8 9 144412405.542
8 10 144618692.545
8 11 55898160.060
8 12 279982454.449
8 13 137405144.112
8 14 1619787.696
8 15 140214122.948
8 16 1911944.410
8 17 59738205.743
8 18 18777622.874
8 19 59721793.570
8 20 249146218.511
8 21 100099328.153
8 22 29096216.687
9 0 759369511.445
9 1 532164160.156
9 2 133347171.163
9 3 174482610.477
9 4 148684054.680
9 5 108447288.632
9 6 154404824.344
9 7 1271035707.443
9 8 135092687.037
9 10 1206144405.313
9 11 290384626.626
9 12 1038609724.298
9 13 1609395459.175
9 14 7080531.323
9 15 1052437077.737
9 16 12070666.175
9 17 438277450.403
9 18 69155512.644
9 19 604573484.171
9 20 1692252703.505
9 21 676026608.704
9 22 137493940.680
10 0 1179118474.953
10 1 1119169670.481
10 2 269930419.881
10 3 129362461.223
10 4 225370066.453
10 5 134766728.366
10 6 214065408.320
10 7 1213174315.312
10 8 198963176.848
10 9 1170853496.820
10 11 455222288.370
10 12 2152246021.237
10 13 1904191073.734
10 14 15945531.888
10 15 1697247679.490
10 16 12386924.491
10 17 474792065.051
10 18 106605554.716
10 19 721813983.603
10 20 1666155809.485
10 21 764601477.091
10 22 225513032.827
11 0 481681615.881
11 1 209027990.923
11 2 68682084.754
11 3 78269355.451
11 4 64657487.086
11 5 80140457.751
11 6 57863143.554
11 7 448100225.192
11 8 54859616.456
11 9 527850387.661
11 10 431650846.180
11 12 633758822.907
11 13 559875469.020
11 14 2665469.872
11 15 478886134.004
11 16 4842281.297
11 17 137088456.053
11 18 32756235.384
11 19 231483646.805
11 20 412206709.215
11 21 309485692.849
11 22 90027705.833
12 0 1506913436.585
12 1 1172341334.863
12 2 170645967.063
12 3 243988896.078
12 4 292358137.632
12 5 255802680.893
12 6 291588721.176
12 7 1349666565.409
12 8 201270294.401
12 9 1467095437.435
12 10 1958113647.193
12 11 695452316.517
12 13 2045703697.946
12 14 12335931.908
12 15 1612977476.594
12 16 12231229.175
12 17 852300012.003
12 18 174128451.349
12 19 580051803.959
12 20 2178086440.300
12 21 1179213727.693
12 22 190066150.484
13 0 1576177826.369
13 1 1085143952.595
13 2 223581298.050
13 3 272516138.387
13 4 223910164.915
13 5 188744470.069
13 6 235695012.169
13 7 1586364905.014
13 8 162174992.288
13 9 1405967925.644
13 10 1195035361.692
13 11 480496221.167
13 12 1604691992.075
13 14 16073340.809
13 15 1528636387.469
13 16 10857981.298
13 17 524905332.010
13 18 116187112.378
13 19 542563342.412
13 20 1771541281.529
13 21 811334144.950
13 22 164492208.096
14 0 6338366.528
14 1 7616775.653
14 2 1603627.123
14 3 2006657.013
14 4 1149760.606
14 5 2214504.167
14 6 1575590.078
14 7 10780162.220
14 8 1713198.487
14 9 9999384.733
14 10 16437512.306
14 11 3464995.540
14 12 16341297.380
14 13 8087259.895
14 15 10336612.196
14 16 93918.143
14 17 4340501.763
14 18 1106698.133
14 19 5870513.736
14 20 10881386.158
14 21 9844689.178
14 22 1814272.989
15 0 850393626.557
15 1 1093136103.602
15 2 125251874.136
15 3 135497528.610
15 4 256285923.366
15 5 201028231.284
15 6 243570118.873
15 7 881194352.711
15 8 185143581.621
15 9 1533943914.093
15 10 1769598878.397
15 11 395270926.568
15 12 1099007082.914
15 13 893143436.683
15 14 9694838.766
15 16 12243761.128
15 17 713991142.955
15 18 98326666.003
15 19 357097559.299
15 20 1361171259.972
15 21 1089558716.567
15 22 230245240.379
16 0 8644833.010
16 1 9227512.239
16 2 1494331.301
16 3 1915002.905
16 4 1057247.621
16 5 1843564.863
16 6 1792017.780
16 7 9518745.926
16 8 2176689.866
16 9 9185947.688
16 10 12970617.997
16 11 3686938.332
16 12 16672873.516
16 13 13521007.291
16 14 140586.848
16 15 14673835.542
16 17 6565018.041
16 18 1384938.123
16 19 4609223.166
16 20 13029449.742
16 21 6600417.313
16 22 1822364.148
17 0 537696267.702
17 1 327008312.289
17 2 88857553.886
17 3 100658945.623
17 4 105650537.200
17 5 84033705.527
17 6 103471735.864
17 7 337938913.089
17 8 58500268.232
17 9 678808916.741
17 10 676758343.019
17 11 149978554.368
17 12 678731679.215
17 13 523105573.921
17 14 4800177.946
17 15 742854372.820
17 16 5673614.357
17 18 43813262.255
17 19 277510968.940
17 20 765765577.157
17 21 257537931.632
17 22 79609976.969
18 0 123116417.010
18 1 79102488.998
18 2 19896994.413
18 3 13948851.339
18 4 17376942.691
18 5 21357464.371
18 6 14691319.418
18 7 122670834.110
18 8 19233013.425
18 9 104435646.880
18 10 120031087.471
18 11 32408730.311
18 12 181464836.352
18 13 98104949.640
18 14 1403411.882
18 15 112246900.894
18 16 1192620.007
18 17 46741541.132
18 19 54284424.456
18 20 170387888.939
18 21 102051803.584
18 22 12296350.471
19 0 457576306.138
19 1 432441438.287
19 2 52156093.583
19 3 69973990.700
19 4 98756913.943
19 5 79079095.412
19 6 50224546.624
19 7 447976254.313
19 8 70385897.676
19 9 384979143.164
19 10 508061615.309
19 11 192433149.481
19 12 728800323.257
19 13 577302780.925
19 14 3598530.922
19 15 354687193.744
19 16 4252096.501
19 17 211235962.525
19 18 31440372.572
19 20 380732357.692
19 21 362224213.073
19 22 85593834.327
20 0 1322598727.615
20 1 609190602.979
20 2 262793904.893
20 3 204164575.516
20 4 244364895.612
20 5 175781652.946
20 6 236533223.499
20 7 953795791.216
20 8 199823566.237
20 9 876890110.822
20 10 1545291895.790
20 11 473915515.602
20 12 2276822478.383
20 13 1320012118.188
20 14 16574566.449
20 15 1704284761.839
20 16 16060045.184
20 17 554250824.115
20 18 80313369.624
20 19 591491289.419
20 21 820480443.686
20 22 188762002.999
21 0 789517471.978
21 1 651779549.575
21 2 96810192.108
21 3 114771554.404
21 4 129802925.523
21 5 88108977.354
21 6 95928732.795
21 7 993006234.577
21 8 160594195.231
21 9 1050395884.641
21 10 1024138626.471
21 11 304576699.688
21 12 656943890.473
21 13 783988493.040
21 14 5298033.744
21 15 935724985.497
21 16 8637716.388
21 17 403988370.188
21 18 62011303.163
21 19 352596661.849
21 20 732879099.510
21 22 94668702.168
22 0 219089736.788
22 1 106109577.496
22 2 19831610.093
22 3 17493215.366
22 4 34158778.729
22 5 27276903.631
22 6 25267441.125
22 7 100238854.206
22 8 30009029.034
22 9 115742765.381
22 10 229392342.601
22 11 41585686.688
22 12 171958959.646
22 13 249835029.753
22 14 1155909.548
22 15 156051822.047
22 16 1706471.334
22 17 100825598.595
22 18 22795529.873
22 19 73710717.830
22 20 162030501.170
22 21 124308337.337
