506
0 1 949.025
0 2 2031.369
0 3 191.095
0 4 160.505
0 5 24.593
0 6 1169.274
0 7 48.940
0 8 271.749
0 9 1156.751
0 10 103.372
0 11 49.842
0 12 1690.836
0 13 6064.891
0 14 1021.083
0 15 6763.230
0 16 2093.220
0 17 224.458
0 18 205.285
0 19 112.671
0 20 227.073
0 21 18.921
0 22 120.407
1 0 1812.586
1 2 34170.395
1 3 2217.166
1 4 3686.925
1 5 3784.385
1 6 231667.771
1 7 726.259
1 8 2924.082
1 9 6937.300
1 10 958.669
1 11 3403.941
1 12 43818.492
1 13 132227.507
1 14 36570.587
1 15 606.119
1 16 38434.919
1 17 4213.846
1 18 853.888
1 19 2822.197
1 20 2626.402
1 21 3496.877
1 22 859.108
2 0 482.393
2 1 20478.062
2 3 564.591
2 4 1601.682
2 5 2561.723
2 6 77945.433
2 7 797.315
2 8 4713.716
2 9 12628.734
2 10 1079.930
2 11 3262.996
2 12 27820.868
2 13 138874.841
2 14 40870.151
2 15 83172.604
2 16 55693.922
2 17 2802.848
2 18 2317.854
2 19 685.890
2 20 3533.696
2 21 2102.997
2 22 771.394
3 0 142.395
3 1 1966.146
3 2 3606.051
3 4 63.109
3 5 121.281
3 6 18301.986
3 7 143.239
3 8 139.391
3 9 3039.555
3 10 382.766
3 11 2.706
3 12 3759.464
3 13 10113.023
3 14 5675.684
3 15 12965.376
3 16 343.976
3 17 286.803
3 18 147.793
3 19 485.112
3 20 443.540
3 21 61.677
3 22 31.557
4 0 260.397
4 1 1517.475
4 2 762.640
4 3 11.905
4 5 163.225
4 6 31752.452
4 7 17.477
4 8 374.897
4 9 625.799
4 10 92.518
4 11 133.887
4 12 5328.606
4 13 8904.984
4 14 6127.502
4 15 535.861
4 16 5633.561
4 17 287.394
4 18 131.162
4 19 5.922
4 20 1.176
4 21 124.611
4 22 102.438
5 0 44.513
5 1 145.452
5 2 4055.581
5 3 145.400
5 4 75.419
5 6 2545.796
5 7 132.766
5 8 264.822
5 9 452.571
5 10 273.276
5 11 53.583
5 12 1153.692
5 13 11506.735
5 14 5595.886
5 15 6655.874
5 16 3856.165
5 17 320.002
5 18 307.384
5 19 316.808
5 20 384.137
5 21 287.910
5 22 146.533
6 0 1567.397
6 1 71381.825
6 2 217069.250
6 3 10609.681
6 4 3959.422
6 5 12063.332
6 7 5839.923
6 8 556.478
6 9 227648.118
6 10 4985.463
6 11 19752.999
6 12 50416.843
6 13 523987.397
6 14 16904.332
6 15 307946.755
6 16 80312.671
6 17 23167.620
6 18 14787.255
6 19 8111.073
6 20 17572.975
6 21 8062.039
6 22 9591.500
7 0 33.108
7 1 1656.188
7 2 1131.430
7 3 75.756
7 4 170.656
7 5 66.719
7 6 1211.926
7 8 168.804
7 9 926.133
7 10 5.237
7 11 53.974
7 12 765.020
7 13 4002.993
7 14 2652.119
7 15 3071.461
7 16 1353.172
7 17 58.966
7 18 112.577
7 19 126.111
7 20 59.514
7 21 77.715
7 22 73.189
8 0 29.491
8 1 3055.275
8 2 3349.406
8 3 237.136
8 4 127.061
8 5 114.828
8 6 11794.435
8 7 160.134
8 9 4973.008
8 10 24.313
8 11 312.381
8 12 299.826
8 13 15019.119
8 14 8570.189
8 15 15792.689
8 16 7228.316
8 17 15.257
8 18 219.485
8 19 432.876
8 20 325.671
8 21 209.266
8 22 261.913
9 0 2122.555
9 1 42723.832
9 2 2796.756
9 3 2564.845
9 4 2569.472
9 5 110.943
9 6 54065.564
9 7 232.047
9 8 1754.475
9 10 517.390
9 11 1926.788
9 12 33632.927
9 13 128462.284
9 14 86710.324
9 15 76773.938
9 16 23122.245
9 17 1564.078
9 18 2227.706
9 19 2377.989
9 20 2966.477
9 21 105.912
9 22 968.830
10 0 80.967
10 1 1593.213
10 2 604.471
10 3 483.470
10 4 497.029
10 5 205.552
10 6 1570.281
10 7 42.809
10 8 343.425
10 9 3912.338
10 11 92.023
10 12 1468.305
10 13 10312.081
10 14 2384.705
10 15 8690.487
10 16 3108.241
10 17 366.866
10 18 98.238
10 19 135.714
10 20 218.925
10 21 154.025
10 22 263.811
11 0 41.943
11 1 714.379
11 2 2763.228
11 3 149.855
11 4 263.258
11 5 195.064
11 6 6906.428
11 7 12.028
11 8 60.005
11 9 2200.196
11 10 44.959
11 12 584.433
11 13 4912.280
11 14 125.897
11 15 5062.207
11 16 774.381
11 17 61.935
11 18 268.443
11 19 251.991
11 20 179.040
11 21 15.700
11 22 137.961
12 0 1269.917
12 1 21545.047
12 2 39000.973
12 3 389.507
12 4 4412.514
12 5 509.932
12 6 219570.156
12 7 311.859
12 8 159.451
12 9 2673.889
12 10 2104.333
12 11 1724.031
12 13 108013.812
12 14 13958.399
12 15 98250.036
12 16 84386.371
12 17 3243.052
12 18 2138.116
12 19 3170.288
12 20 1865.157
12 21 1793.447
12 22 872.245
13 0 6180.589
13 1 111540.971
13 2 5688.765
13 3 13787.408
13 4 5832.527
13 5 10192.577
13 6 68977.455
13 7 1977.972
13 8 5394.417
13 9 546.456
13 10 12019.445
13 11 3287.695
13 12 22296.071
13 14 1772.987
13 15 259468.549
13 16 2168.767
13 17 12639.228
13 18 7086.573
13 19 1676.215
13 20 4664.971
13 21 9346.617
13 22 2182.945
14 0 1311.414
14 1 77801.482
14 2 10989.516
14 3 9668.192
14 4 4922.064
14 5 3219.678
14 6 406808.022
14 7 2096.379
14 8 8673.837
14 9 35994.738
14 10 5278.200
14 11 1414.126
14 12 33601.855
14 13 252406.338
14 15 246366.385
14 16 22450.260
14 17 1204.619
14 18 2832.023
14 19 6033.490
14 20 7918.303
14 21 370.436
14 22 3182.034
15 0 3148.893
15 1 30778.721
15 2 10396.131
15 3 3844.228
15 4 2139.873
15 5 3546.216
15 6 120898.399
15 7 3056.216
15 8 11164.164
15 9 141688.777
15 10 6700.684
15 11 3548.580
15 12 53032.714
15 13 68069.845
15 14 146991.088
15 16 118012.883
15 17 9881.124
15 18 277.146
15 19 7587.444
15 20 304.989
15 21 1251.676
15 22 7886.620
16 0 2381.439
16 1 7534.604
16 2 53539.786
16 3 8555.663
16 4 6894.244
16 5 1402.254
16 6 19874.040
16 7 1968.564
16 8 1148.164
16 9 30570.109
16 10 7904.009
16 11 4435.927
16 12 35470.422
16 13 190543.801
16 14 74738.878
16 15 5555.335
16 17 6987.800
16 18 5251.893
16 19 8887.578
16 20 5680.247
16 21 4313.138
16 22 1131.322
17 0 85.892
17 1 3201.224
17 2 993.645
17 3 377.241
17 4 426.597
17 5 332.270
17 6 4764.931
17 7 119.244
17 8 537.813
17 9 74.989
17 10 383.554
17 11 192.130
17 12 1365.816
17 13 1470.516
17 14 8266.707
17 15 417.988
17 16 88.445
17 18 204.695
17 19 441.242
17 20 393.423
17 21 183.203
17 22 255.478
18 0 18.506
18 1 3618.474
18 2 5099.479
18 3 262.840
18 4 539.514
18 5 193.702
18 6 11463.015
18 7 38.296
18 8 275.118
18 9 2815.547
18 10 442.822
18 11 152.054
18 12 4440.523
18 13 8998.909
18 14 4522.350
18 15 4573.903
18 16 1978.975
18 17 45.907
18 19 315.602
18 20 496.785
18 21 150.173
18 22 52.945
19 0 212.093
19 1 4457.167
19 2 1146.325
19 3 84.604
19 4 10.240
19 5 161.392
19 6 7103.046
19 7 67.669
19 8 301.989
19 9 440.650
19 10 66.045
19 11 308.397
19 12 3793.456
19 13 366.379
19 14 2624.054
19 15 313.800
19 16 5197.277
19 17 167.248
19 18 236.790
19 20 240.849
19 21 94.927
19 22 195.662
20 0 110.698
20 1 3206.574
20 2 1783.565
20 3 22.848
20 4 377.486
20 5 225.448
20 6 15600.668
20 7 115.719
20 8 7.676
20 9 1169.344
20 10 407.662
20 11 244.665
20 12 3681.265
20 13 9053.080
20 14 3335.186
20 15 4067.276
20 16 5956.748
20 17 274.563
20 18 509.804
20 19 410.219
20 21 149.750
20 22 271.307
21 0 167.782
21 1 1362.423
21 2 1347.080
21 3 126.499
21 4 206.713
21 5 90.057
21 6 10831.971
21 7 82.814
21 8 386.042
21 9 2882.732
21 10 238.734
21 11 26.341
21 12 2544.425
21 13 6542.116
21 14 2960.692
21 15 6145.989
21 16 3337.746
21 17 26.902
21 18 72.109
21 19 83.969
21 20 247.615
21 22 125.583
22 0 124.458
22 1 2555.209
22 2 109.870
22 3 258.081
22 4 4.139
22 5 18.333
22 6 8961.686
22 7 84.119
22 8 176.089
22 9 2363.561
22 10 226.317
22 11 134.649
22 12 1741.984
22 13 6553.928
22 14 4103.908
22 15 3957.321
22 16 4074.148
22 17 92.367
22 18 297.394
22 19 128.684
22 20 93.024
22 21 134.639
