506
0 1 1873.479
0 2 1805.205
0 3 143.802
0 4 102.142
0 5 32.582
0 6 2946.389
0 7 4.862
0 8 73.151
0 9 1653.864
0 10 180.174
0 11 59.925
0 12 120.159
0 13 3232.013
0 14 952.515
0 15 6880.081
0 16 718.190
0 17 49.386
0 18 57.598
0 19 89.559
0 20 196.512
0 21 146.922
0 22 2.335
1 0 634.109
1 2 49621.467
1 3 2071.401
1 4 5618.650
1 5 444.764
1 6 285596.331
1 7 766.050
1 8 1875.748
1 9 12675.515
1 10 1592.974
1 11 1843.097
1 12 48034.487
1 13 3808.754
1 14 80521.369
1 15 105221.928
1 16 40893.323
1 17 4291.563
1 18 3888.284
1 19 4968.212
1 20 4388.030
1 21 1369.781
1 22 1086.002
2 0 2295.521
2 1 7176.272
2 3 4340.018
2 4 4886.470
2 5 1127.806
2 6 173408.948
2 7 341.052
2 8 2424.943
2 9 35581.443
2 10 2163.918
2 11 2526.568
2 12 5507.753
2 13 41293.349
2 14 54133.170
2 15 7592.535
2 16 48055.871
2 17 4610.415
2 18 2438.052
2 19 565.862
2 20 1693.419
2 21 822.583
2 22 2050.525
3 0 205.462
3 1 4649.045
3 2 2817.571
3 4 316.489
3 5 220.554
3 6 134.735
3 7 87.101
3 8 354.006
3 9 2739.131
3 10 442.971
3 11 345.793
3 12 1238.610
3 13 5350.436
3 14 4201.461
3 15 6166.684
3 16 2659.773
3 17 57.738
3 18 171.418
3 19 60.043
3 20 453.817
3 21 303.519
3 22 132.763
4 0 161.040
4 1 4409.074
4 2 614.813
4 3 37.664
4 5 423.676
4 6 4408.498
4 7 97.953
4 8 7.473
4 9 1063.202
4 10 493.102
4 11 40.950
4 12 4176.601
4 13 13712.286
4 14 3595.804
4 15 11052.566
4 16 8207.329
4 17 17.165
4 18 7.634
4 19 207.883
4 20 243.752
4 21 194.934
4 22 42.181
5 0 183.327
5 1 1497.230
5 2 747.233
5 3 89.572
5 4 147.264
5 6 1051.584
5 7 41.521
5 8 324.900
5 9 1181.072
5 10 418.196
5 11 327.478
5 12 2886.603
5 13 14052.719
5 14 8317.335
5 15 4570.686
5 16 6748.948
5 17 153.342
5 18 217.975
5 19 261.492
5 20 3.751
5 21 68.689
5 22 20.616
6 0 3790.577
6 1 215813.402
6 2 238374.009
6 3 18915.206
6 4 25035.646
6 5 2213.257
6 7 5474.155
6 8 4807.053
6 9 51037.949
6 10 4718.674
6 11 7789.991
6 12 263374.626
6 13 73087.385
6 14 440536.984
6 15 206008.388
6 16 37237.200
6 17 14652.622
6 18 22453.728
6 19 2518.218
6 20 25827.705
6 21 8974.117
6 22 13003.560
7 0 18.173
7 1 1594.038
7 2 1247.583
7 3 50.592
7 4 31.527
7 5 47.745
7 6 4738.101
7 8 44.055
7 9 1257.735
7 10 126.611
7 11 12.573
7 12 380.707
7 13 2626.050
7 14 2030.286
7 15 4559.785
7 16 1864.885
7 17 50.841
7 18 163.417
7 19 45.731
7 20 100.275
7 21 62.418
7 22 86.483
8 0 66.790
8 1 2118.566
8 2 105.638
8 3 605.398
8 4 394.648
8 5 181.510
8 6 15918.218
8 7 105.324
8 9 2475.536
8 10 484.920
8 11 166.425
8 12 5083.171
8 13 11583.368
8 14 105.318
8 15 3261.397
8 16 503.182
8 17 254.323
8 18 334.191
8 19 47.633
8 20 159.617
8 21 25.347
8 22 92.772
9 0 1334.274
9 1 16091.939
9 2 5591.255
9 3 3734.687
9 4 2613.174
9 5 2072.978
9 6 263878.535
9 7 715.295
9 8 2753.004
9 10 3255.096
9 11 3381.249
9 12 25787.517
9 13 149217.599
9 14 68056.546
9 15 43792.912
9 16 84996.080
9 17 459.520
9 18 3807.661
9 19 3538.816
9 20 2567.139
9 21 2532.957
9 22 1513.566
10 0 69.162
10 1 1510.334
10 2 2627.166
10 3 516.618
10 4 196.348
10 5 79.551
10 6 7380.096
10 7 146.669
10 8 241.754
10 9 1626.692
10 11 288.602
10 12 242.254
10 13 7010.624
10 14 454.532
10 15 1491.107
10 16 6305.248
10 17 157.470
10 18 204.057
10 19 30.680
10 20 41.464
10 21 202.379
10 22 218.930
11 0 30.377
11 1 1611.478
11 2 2839.811
11 3 7.128
11 4 19.436
11 5 130.529
11 6 12449.256
11 7 108.055
11 8 34.771
11 9 1201.219
11 10 318.665
11 12 575.179
11 13 1832.994
11 14 2444.313
11 15 7194.418
11 16 2377.206
11 17 225.403
11 18 244.589
11 19 255.800
11 20 97.693
11 21 206.215
11 22 189.826
12 0 758.187
12 1 10549.141
12 2 31742.644
12 3 727.982
12 4 1400.546
12 5 1126.600
12 6 151732.383
12 7 33.340
12 8 3491.132
12 9 46255.789
12 10 1491.725
12 11 2039.141
12 13 107846.618
12 14 65892.574
12 15 99179.015
12 16 60163.117
12 17 4825.445
12 18 2473.227
12 19 1073.153
12 20 4736.216
12 21 2005.854
12 22 1400.401
13 0 3817.533
13 1 85930.317
13 2 31859.631
13 3 9575.310
13 4 12035.107
13 5 14996.972
13 6 534690.231
13 7 2487.146
13 8 4315.820
13 9 133531.589
13 10 1555.651
13 11 5224.735
13 12 148732.887
13 14 28936.722
13 15 165737.851
13 16 71158.768
13 17 754.450
13 18 9688.567
13 19 12343.987
13 20 13054.557
13 21 9064.646
13 22 7770.099
14 0 1891.633
14 1 520.708
14 2 30627.944
14 3 1131.718
14 4 8220.188
14 5 2221.751
14 6 51994.751
14 7 772.660
14 8 4411.977
14 9 72529.288
14 10 7950.270
14 11 2082.856
14 12 34528.960
14 13 65983.527
14 15 209592.214
14 16 33724.404
14 17 4267.740
14 18 5070.222
14 19 8074.280
14 20 4417.794
14 21 5575.693
14 22 3841.484
15 0 618.079
15 1 58443.966
15 2 34798.704
15 3 12294.583
15 4 9458.372
15 5 11415.687
15 6 19502.454
15 7 851.812
15 8 10973.918
15 9 264.101
15 10 401.747
15 11 5929.466
15 12 60872.776
15 13 371897.962
15 14 51263.767
15 16 268599.874
15 17 1570.500
15 18 6719.235
15 19 17.451
15 20 10649.586
15 21 5070.751
15 22 5371.768
16 0 1627.126
16 1 4715.741
16 2 70635.565
16 3 3549.669
16 4 9037.667
16 5 6274.558
16 6 354960.432
16 7 299.491
16 8 1438.389
16 9 67852.003
16 10 7719.489
16 11 1581.819
16 12 29058.637
16 13 174167.206
16 14 96893.201
16 15 218366.711
16 17 9014.034
16 18 2345.718
16 19 1946.821
16 20 1197.921
16 21 2939.504
16 22 4869.508
17 0 95.534
17 1 3711.567
17 2 498.039
17 3 377.907
17 4 170.327
17 5 99.062
17 6 21012.248
17 7 59.740
17 8 129.820
17 9 5.117
17 10 153.540
17 11 6.052
17 12 4520.821
17 13 11749.507
17 14 5787.589
17 15 10917.848
17 16 7407.361
17 18 280.312
17 19 414.827
17 20 408.820
17 21 126.126
17 22 252.904
18 0 98.337
18 1 2287.782
18 2 1494.885
18 3 268.898
18 4 14.525
18 5 411.282
18 6 31634.123
18 7 136.972
18 8 415.120
18 9 1287.749
18 10 448.226
18 11 393.891
18 12 5392.478
18 13 6728.518
18 14 3405.304
18 15 15362.443
18 16 3609.228
18 17 11.301
18 19 562.857
18 20 521.188
18 21 34.711
18 22 301.592
19 0 147.362
19 1 3092.902
19 2 567.473
19 3 274.286
19 4 12.727
19 5 206.164
19 6 21962.563
19 7 25.166
19 8 0.790
19 9 1150.617
19 10 374.994
19 11 127.755
19 12 5110.339
19 13 13067.222
19 14 4432.198
19 15 1854.784
19 16 5170.013
19 17 331.188
19 18 401.078
19 20 399.534
19 21 218.714
19 22 188.422
20 0 59.665
20 1 858.347
20 2 2829.609
20 3 227.128
20 4 402.459
20 5 486.272
20 6 3086.585
20 7 106.628
20 8 330.012
20 9 219.565
20 10 448.561
20 11 321.126
20 12 3454.300
20 13 6754.375
20 14 4658.737
20 15 6366.212
20 16 4879.967
20 17 101.787
20 18 72.092
20 19 454.945
20 21 265.710
20 22 9.848
21 0 63.804
21 1 946.995
21 2 1119.077
21 3 6.905
21 4 24.588
21 5 58.086
21 6 18974.445
21 7 60.600
21 8 260.547
21 9 2635.469
21 10 196.172
21 11 96.351
21 12 1271.016
21 13 8836.328
21 14 5887.285
21 15 4613.102
21 16 3585.003
21 17 184.583
21 18 321.345
21 19 316.404
21 20 75.385
21 22 48.159
22 0 39.194
22 1 561.915
22 2 1209.689
22 3 309.971
22 4 239.222
22 5 74.083
22 6 11587.786
22 7 12.046
22 8 123.499
22 9 769.908
22 10 16.697
22 11 127.862
22 12 1950.956
22 13 5089.554
22 14 1425.354
22 15 7401.107
22 16 2488.653
22 17 104.510
22 18 173.218
22 19 206.014
22 20 51.193
22 21 18.876
