506
0 1 854.761
0 2 1800.536
0 3 202.652
0 4 101.421
0 5 237.660
0 6 11562.052
0 7 68.101
0 8 257.515
0 9 1211.520
0 10 44.716
0 11 158.026
0 12 281.582
0 13 3395.349
0 14 2937.667
0 15 6232.008
0 16 3765.784
0 17 130.331
0 18 154.745
0 19 120.450
0 20 17.477
0 21 59.887
0 22 68.594
1 0 2093.072
1 2 35742.909
1 3 5201.249
1 4 3874.131
1 5 4396.846
1 6 238801.801
1 7 719.476
1 8 3274.418
1 9 25002.014
1 10 335.924
1 11 2351.243
1 12 4385.536
1 13 51311.674
1 14 9176.869
1 15 119034.498
1 16 8397.071
1 17 1317.430
1 18 4779.913
1 19 2408.188
1 20 2684.895
1 21 2174.544
1 22 2889.585
2 0 1950.395
2 1 19250.170
2 3 3170.583
2 4 4054.764
2 5 723.391
2 6 254210.433
2 7 1153.477
2 8 4555.808
2 9 39520.807
2 10 361.105
2 11 2049.237
2 12 22993.918
2 13 40483.743
2 14 53798.265
2 15 33498.177
2 16 11766.578
2 17 4658.130
2 18 921.564
2 19 2967.147
2 20 1875.808
2 21 801.221
2 22 1275.297
3 0 137.552
3 1 2353.588
3 2 4276.027
3 4 302.117
3 5 422.130
3 6 5686.619
3 7 172.664
3 8 5.976
3 9 595.922
3 10 49.293
3 11 386.222
3 12 4713.073
3 13 5650.031
3 14 3555.667
3 15 4216.913
3 16 5876.896
3 17 475.602
3 18 38.447
3 19 63.779
3 20 461.946
3 21 393.562
3 22 333.215
4 0 255.559
4 1 3538.229
4 2 1516.722
4 3 365.223
4 5 353.098
4 6 17702.046
4 7 16.733
4 8 97.565
4 9 590.146
4 10 465.024
4 11 203.057
4 12 5344.052
4 13 700.847
4 14 1637.539
4 15 5946.753
4 16 1180.857
4 17 345.281
4 18 617.660
4 19 428.101
4 20 492.622
4 21 394.985
4 22 281.245
5 0 53.264
5 1 1972.205
5 2 4560.251
5 3 362.552
5 4 242.362
5 6 26615.981
5 7 99.386
5 8 73.707
5 9 2196.108
5 10 277.857
5 11 308.653
5 12 689.152
5 13 10799.054
5 14 8796.694
5 15 10900.138
5 16 3890.537
5 17 34.261
5 18 483.471
5 19 40.847
5 20 303.083
5 21 55.735
5 22 156.107
6 0 4004.778
6 1 89623.121
6 2 72242.488
6 3 24464.264
6 4 6527.183
6 5 20944.449
6 7 2468.293
6 8 26333.663
6 9 210731.158
6 10 15823.457
6 11 12842.395
6 12 180330.996
6 13 262899.620
6 14 478711.575
6 15 60349.503
6 16 186051.806
6 17 16660.649
6 18 30287.866
6 19 23271.839
6 20 25089.767
6 21 3339.348
6 22 15657.885
7 0 77.285
7 1 924.678
7 2 819.005
7 3 80.382
7 4 0.537
7 5 126.757
7 6 183.637
7 8 163.463
7 9 477.039
7 10 120.319
7 11 113.786
7 12 1343.986
7 13 4940.599
7 14 885.175
7 15 2642.579
7 16 262.174
7 17 81.668
7 18 129.966
7 19 151.129
7 20 110.628
7 21 121.647
7 22 87.077
8 0 238.459
8 1 2914.954
8 2 535.451
8 3 82.242
8 4 46.398
8 5 349.777
8 6 6982.574
8 7 124.931
8 9 4912.266
8 10 57.939
8 11 26.577
8 12 5304.541
8 13 15910.543
8 14 3237.764
8 15 13614.070
8 16 8862.384
8 17 45.626
8 18 615.873
8 19 88.715
8 20 522.607
8 21 304.220
8 22 97.686
9 0 638.852
9 1 34947.882
9 2 7384.867
9 3 324.747
9 4 1879.163
9 5 416.838
9 6 9860.545
9 7 1422.610
9 8 3523.361
9 10 1409.098
9 11 2440.663
9 12 27242.483
9 13 68111.462
9 14 33885.108
9 15 9353.022
9 16 48611.668
9 17 1129.934
9 18 491.154
9 19 2619.238
9 20 3172.669
9 21 2826.511
9 22 1929.983
10 0 131.412
10 1 1028.056
10 2 1543.961
10 3 226.093
10 4 262.086
10 5 462.429
10 6 8242.165
10 7 82.999
10 8 322.701
10 9 797.555
10 11 251.654
10 12 3514.295
10 13 4275.958
10 14 7627.217
10 15 9729.430
10 16 4018.057
10 17 152.926
10 18 184.090
10 19 23.845
10 20 341.802
10 21 52.836
10 22 6.848
11 0 18.885
11 1 3336.369
11 2 187.885
11 3 126.572
11 4 20.892
11 5 321.525
11 6 8589.434
11 7 93.466
11 8 328.162
11 9 1048.647
11 10 116.089
11 12 171.049
11 13 9871.630
11 14 5101.183
11 15 7252.275
11 16 4989.995
11 17 15.146
11 18 288.577
11 19 10.666
11 20 198.404
11 21 15.579
11 22 22.333
12 0 2252.930
12 1 48577.977
12 2 17620.064
12 3 4557.532
12 4 4048.530
12 5 2421.118
12 6 27042.841
12 7 527.822
12 8 4705.990
12 9 33688.732
12 10 2249.293
12 11 1085.302
12 13 130684.038
12 14 74921.223
12 15 24156.830
12 16 32462.038
12 17 3085.818
12 18 351.339
12 19 1927.140
12 20 908.207
12 21 3014.193
12 22 2246.993
13 0 999.872
13 1 131417.527
13 2 67073.484
13 3 9780.429
13 4 5209.345
13 5 4273.618
13 6 735415.708
13 7 4385.312
13 8 8539.313
13 9 143537.547
13 10 9543.843
13 11 3182.185
13 12 21430.590
13 14 149518.680
13 15 149051.504
13 16 25505.420
13 17 10668.897
13 18 8753.237
13 19 5042.769
13 20 11875.326
13 21 10315.992
13 22 3335.988
14 0 546.973
14 1 51359.264
14 2 52051.506
14 3 3246.481
14 4 1581.999
14 5 5161.160
14 6 206734.476
14 7 2631.975
14 8 1064.110
14 9 23497.639
14 10 258.405
14 11 3352.558
14 12 30342.214
14 13 101122.028
14 15 251186.278
14 16 129216.086
14 17 2235.284
14 18 2725.381
14 19 6617.546
14 20 7506.503
14 21 3184.596
14 22 964.917
15 0 1679.662
15 1 98034.395
15 2 139665.568
15 3 9762.529
15 4 4388.116
15 5 13210.184
15 6 601567.943
15 7 2488.466
15 8 7619.524
15 9 135470.726
15 10 5490.804
15 11 3828.107
15 12 29079.873
15 13 187146.043
15 14 103277.161
15 16 19336.906
15 17 5554.522
15 18 4936.517
15 19 7603.336
15 20 10409.224
15 21 6991.848
15 22 6318.921
16 0 1014.384
16 1 64511.884
16 2 65751.048
16 3 1307.593
16 4 81.193
16 5 9399.610
16 6 463929.115
16 7 295.398
16 8 6952.649
16 9 13830.314
16 10 61.412
16 11 455.587
16 12 67629.703
16 13 244044.269
16 14 108213.062
16 15 149563.986
16 17 7658.258
16 18 7580.976
16 19 2976.769
16 20 4681.561
16 21 5551.718
16 22 3876.542
17 0 46.314
17 1 1014.502
17 2 271.675
17 3 107.366
17 4 176.907
17 5 185.069
17 6 3009.617
17 7 133.100
17 8 283.243
17 9 3765.543
17 10 146.414
17 11 80.292
17 12 1835.346
17 13 1425.098
17 14 5990.748
17 15 11857.645
17 16 8652.923
17 18 206.920
17 19 315.754
17 20 215.625
17 21 195.643
17 22 227.114
18 0 218.574
18 1 1893.832
18 2 794.919
18 3 374.292
18 4 200.523
18 5 198.774
18 6 4797.840
18 7 5.351
18 8 454.668
18 9 794.287
18 10 252.541
18 11 294.961
18 12 1838.110
18 13 15587.338
18 14 1150.174
18 15 919.412
18 16 1290.198
18 17 450.017
18 19 425.165
18 20 288.248
18 21 351.615
18 22 107.311
19 0 43.033
19 1 1239.861
19 2 3049.804
19 3 319.474
19 4 336.599
19 5 219.405
19 6 16410.554
19 7 162.901
19 8 407.588
19 9 1612.589
19 10 178.729
19 11 141.055
19 12 2262.500
19 13 10596.134
19 14 8047.834
19 15 5153.018
19 16 5473.501
19 17 363.687
19 18 102.067
19 20 424.160
19 21 292.366
19 22 37.890
20 0 20.173
20 1 630.094
20 2 3998.849
20 3 516.114
20 4 297.050
20 5 433.777
20 6 24554.309
20 7 47.875
20 8 157.689
20 9 3317.159
20 10 334.162
20 11 261.579
20 12 1822.925
20 13 1832.357
20 14 8381.183
20 15 3341.195
20 16 5009.788
20 17 288.712
20 18 328.025
20 19 116.543
20 21 136.397
20 22 260.336
21 0 66.624
21 1 1800.948
21 2 3280.479
21 3 359.351
21 4 268.980
21 5 129.817
21 6 14162.971
21 7 105.819
21 8 222.452
21 9 3070.114
21 10 17.767
21 11 81.911
21 12 153.469
21 13 6494.125
21 14 2154.094
21 15 9493.629
21 16 5022.287
21 17 192.980
21 18 335.427
21 19 13.066
21 20 101.617
21 22 95.120
22 0 32.483
22 1 1884.899
22 2 993.171
22 3 208.248
22 4 305.892
22 5 206.532
22 6 7348.236
22 7 34.353
22 8 200.561
22 9 1521.496
22 10 267.065
22 11 166.040
22 12 1344.098
22 13 7504.577
22 14 162.401
22 15 8154.672
22 16 1549.697
22 17 131.586
22 18 106.456
22 19 275.301
22 20 235.020
22 21 153.046
