506
0 1 964453773.014
0 2 223191381.727
0 3 209101529.865
0 4 147307056.858
0 5 123542969.061
0 6 180875357.334
0 7 1111193106.564
0 8 119954960.929
0 9 755372316.097
0 10 1267049749.780
0 11 359249621.568
0 12 1118095196.141
0 13 1544096523.137
0 14 8995082.205
0 15 1242637983.260
0 16 11007757.904
0 17 489361967.853
0 18 65247871.642
0 19 501138825.702
0 20 1455531484.756
0 21 903294966.366
0 22 98819018.827
1 0 972662349.586
1 2 113552358.881
1 3 159135286.955
1 4 154813943.139
1 5 166866853.616
1 6 89816317.724
1 7 540599370.781
1 8 85964820.010
1 9 655703791.910
1 10 738081710.404
1 11 321754298.728
1 12 1326387547.312
1 13 654065571.244
1 14 5415923.450
1 15 1016393393.407
1 16 5510063.213
1 17 248569427.478
1 18 80449296.091
1 19 402958757.788
1 20 1101303927.051
1 21 728807594.458
1 22 101629994.627
2 0 133357868.362
2 1 86803930.887
2 3 18406305.427
2 4 27560772.808
2 5 27375291.231
2 6 36539078.220
2 7 119983089.674
2 8 33334191.716
2 9 112065387.599
2 10 245788209.145
2 11 42389094.238
2 12 310607155.690
2 13 168448234.816
2 14 1701835.289
2 15 163652503.741
2 16 2095907.100
2 17 69868262.334
2 18 20142180.751
2 19 77899239.575
2 20 186784385.729
2 21 138479785.721
2 22 29887359.803
3 0 154115652.374
3 1 92988501.028
3 2 31439640.146
3 4 35597695.025
3 5 21798355.181
3 6 24576011.557
3 7 121608994.582
3 8 17818786.656
3 9 141918656.952
3 10 233148752.064
3 11 54230629.511
3 12 259381253.161
3 13 132595336.457
3 14 1643373.644
3 15 197055395.508
3 16 1365585.190
3 17 101340201.534
3 18 15569879.221
3 19 58257109.439
3 20 238023550.734
3 21 116527217.381
3 22 36691779.387
4 0 186878831.301
4 1 148734627.736
4 2 25575818.693
4 3 25292089.398
4 5 34384258.542
4 6 22743440.491
4 7 166686302.995
4 8 21061400.247
4 9 121204896.617
4 10 137801928.994
4 11 53812268.200
4 12 285964646.905
4 13 268037669.746
4 14 1547029.330
4 15 229143269.440
4 16 1615208.145
4 17 74999900.880
4 18 19341171.783
4 19 66586583.055
4 20 233687444.246
4 21 102829808.885
4 22 17400768.773
5 0 189279486.012
5 1 106194651.803
5 2 25267664.357
5 3 24925992.131
5 4 29271003.919
5 6 21933633.103
5 7 133024342.056
5 8 24525228.872
5 9 110005655.915
5 10 126731708.321
5 11 42311832.513
5 12 286155249.480
5 13 258193362.374
5 14 1744865.629
5 15 235154648.531
5 16 1723772.201
5 17 65461863.838
5 18 19095539.458
5 19 63580071.611
5 20 250582920.352
5 21 103126637.786
5 22 18808425.401
6 0 184592647.270
6 1 145229382.713
6 2 28034103.317
6 3 27361718.301
6 4 18820674.469
6 5 32234587.107
6 7 186883747.902
6 8 32755714.922
6 9 205211611.752
6 10 254638343.245
6 11 43823564.790
6 12 187683568.344
6 13 155280139.976
6 14 2170049.989
6 15 139319904.430
6 16 1539017.208
6 17 79592584.506
6 18 17296131.565
6 19 67658279.233
6 20 204222254.303
6 21 133357634.126
6 22 32641390.016
7 0 1221079020.988
7 1 476274543.727
7 2 134911373.049
7 3 203447991.690
7 4 109880349.086
7 5 199832715.733
7 6 108313812.800
7 8 185132797.854
7 9 1361745375.650
7 10 1383540398.224
7 11 303780621.515
7 12 1254207932.985
7 13 1399455197.817
7 14 9325933.451
7 15 1189695776.302
7 16 11657002.074
7 17 642488915.064
7 18 111610286.287
7 19 533361767.173
7 20 987147016.899
7 21 740338331.304
7 22 218760584.249
8 0 171552804.757
8 1 77377854.279
8 2 33120297.917
8 3 36541888.063
8 4 26729261.125
8 5 21757637.665
8 6 34857327.181
8 7 115693555.337
8 9 161343082.561
8 10 243838755.495
8 11 58023502.329
8 12 216339518.287
8 13 224758533.260
8 14 2288249.057
8 15 178823505.516
8 16 2137679.060
8 17 83656680.615
8 18 15035964.292
8 19 100947957.040
8 20 146987482.919
8 21 122974533.981
8 22 36878950.557
9 0 704123989.871
9 1 820817586.274
9 2 175362834.178
9 3 206833242.872
9 4 139860417.069
9 5 209730919.903
9 6 142754781.323
9 7 753421431.398
9 8 240053320.679
9 10 854322227.422
9 11 471044932.724
9 12 1923404376.473
9 13 856542175.646
9 14 14147094.140
9 15 1569450739.679
9 16 11186749.675
9 17 390855995.532
9 18 116085137.441
9 19 508016386.147
9 20 906345232.219
9 21 574514555.839
9 22 139324432.155
10 0 1480056538.201
10 1 611448637.078
10 2 234763177.664
10 3 121484311.035
10 4 257374501.911
10 5 172313220.329
10 6 195307291.324
10 7 1400644613.664
10 8 178607320.715
10 9 861614376.061
10 11 586281179.966
10 12 1400991660.752
10 13 912505177.893
10 14 8800173.466
10 15 1138459475.106
10 16 7362526.774
10 17 566767756.726
10 18 98326115.972
10 19 627687516.403
10 20 1264163126.180
10 21 724216529.948
10 22 191516305.875
11 0 318431404.967
11 1 250041494.681
11 2 89423501.604
11 3 45306629.398
11 4 81487332.066
11 5 51041173.545
11 6 73991031.136
11 7 398737639.609
11 8 64246024.138
11 9 469469645.354
11 10 428254591.581
11 12 498991996.086
11 13 455919869.054
11 14 2680909.057
11 15 321846680.577
11 16 4188756.419
11 17 267276960.982
11 18 39401966.128
11 19 267586083.532
11 20 598658814.956
11 21 218338874.011
11 22 45051472.514
12 0 1069976003.569
12 1 688615311.091
12 2 297793239.650
12 3 271944068.037
12 4 227810126.028
12 5 300804452.503
12 6 157725692.942
12 7 1077676680.061
12 8 267533155.938
12 9 1775771038.011
12 10 2036711890.407
12 11 497874406.002
12 13 1320731730.726
12 14 18326016.539
12 15 2141625354.906
12 16 18353354.298
12 17 709153595.287
12 18 119554502.705
12 19 781255897.386
12 20 1551194549.416
12 21 1166471605.189
12 22 213631622.453
13 0 1368721658.971
13 1 823062373.075
13 2 143945708.838
13 3 147738039.889
13 4 241955693.984
13 5 185001190.328
13 6 243088368.224
13 7 1011890660.649
13 8 198327051.810
13 9 1017861236.020
13 10 1124873612.585
13 11 464350989.248
13 12 2021806161.202
13 14 14027869.182
13 15 1865391499.590
13 16 12610716.800
13 17 800564229.529
13 18 140401659.524
13 19 402531125.541
13 20 990447320.924
13 21 756584890.146
13 22 217196211.283
14 0 13465563.772
14 1 6820023.248
14 2 1567745.543
14 3 1589185.852
14 4 2092029.734
14 5 1027458.711
14 6 1111675.281
14 7 9475435.597
14 8 1559968.774
14 9 8111161.408
14 10 11992266.248
14 11 4063838.565
14 12 9332459.110
14 13 12345578.512
14 15 13907186.894
14 16 113642.283
14 17 4415483.585
14 18 1044814.519
14 19 6157177.406
14 20 15450418.900
14 21 4918591.271
14 22 1749210.020
15 0 1521111904.406
15 1 1148379133.745
15 2 228256675.610
15 3 156862141.821
15 4 193199982.309
15 5 182175238.518
15 6 182633133.386
15 7 1181780695.151
15 8 133107716.985
15 9 1473672708.210
15 10 1703738501.938
15 11 408286546.225
15 12 1007484113.674
15 13 1867363715.356
15 14 11055627.198
15 16 10184405.024
15 17 523880662.199
15 18 158444180.848
15 19 580367114.478
15 20 1495791220.315
15 21 578784629.430
15 22 129675267.885
16 0 7003453.141
16 1 7780801.758
16 2 1155268.480
16 3 1121772.241
16 4 1854215.984
16 5 1833712.364
16 6 1368914.433
16 7 7714218.084
16 8 1699425.157
16 9 9973161.085
16 10 12545375.451
16 11 4933373.244
16 12 9645812.238
16 13 9115131.019
16 14 138234.650
16 15 8760406.178
16 17 3660000.340
16 18 1165318.066
16 19 6804939.306
16 20 8472094.442
16 21 10329016.934
16 22 2210830.990
17 0 358364181.217
17 1 368772523.860
17 2 88246613.613
17 3 77632316.601
17 4 103707103.639
17 5 65097581.099
17 6 57660062.306
17 7 582015643.043
17 8 51458659.137
17 9 606265590.194
17 10 623685579.978
17 11 171742256.827
17 12 780125463.189
17 13 436255681.222
17 14 3895877.669
17 15 617921467.960
17 16 4615219.458
17 18 55334398.851
17 19 181907472.349
17 20 619506508.556
17 21 277815969.390
17 22 92320075.073
18 0 98754061.571
18 1 66998762.521
18 2 11160632.780
18 3 11833359.603
18 4 12885474.218
18 5 11056284.783
18 6 11795517.947
18 7 138111057.583
18 8 12708928.528
18 9 89533830.177
18 10 84265747.954
18 11 58123194.144
18 12 185268314.630
18 13 161785093.847
18 14 1089619.122
18 15 134210174.194
18 16 724173.312
18 17 34376852.815
18 19 32413507.685
18 20 97963338.080
18 21 56231016.438
18 22 21857826.673
19 0 329545336.184
19 1 442692565.178
19 2 105279306.179
19 3 105451926.847
19 4 63947031.298
19 5 97836142.439
19 6 76925317.723
19 7 506925962.877
19 8 100813797.892
19 9 520360652.331
19 10 436414068.793
19 11 205017955.489
19 12 838042404.283
19 13 621164377.635
19 14 6489320.930
19 15 528330508.616
19 16 5269908.006
19 17 269767669.971
19 18 58936660.586
19 20 725149408.207
19 21 370190215.661
19 22 101367570.293
20 0 760173789.631
20 1 612452117.384
20 2 200930524.893
20 3 239278456.691
20 4 240102750.057
20 5 218296816.827
20 6 127191136.256
20 7 1078344943.110
20 8 236430109.969
20 9 1311751120.635
20 10 1087314439.299
20 11 400041573.398
20 12 1405189714.801
20 13 1704490870.661
20 14 13954857.061
20 15 1314609220.608
20 16 10332181.650
20 17 603595425.038
20 18 119548162.087
20 19 636877881.602
20 21 579035011.168
20 22 134884667.621
21 0 794159808.920
21 1 622752251.838
21 2 127232347.258
21 3 110394280.773
21 4 146742501.243
21 5 123628613.421
21 6 160404002.825
21 7 454626415.998
21 8 110105936.060
21 9 718434345.556
21 10 848506080.604
21 11 223809212.186
21 12 1187372297.394
21 13 924476211.086
21 14 7078652.259
21 15 730639891.493
21 16 9950359.125
21 17 435427344.511
21 18 101707318.165
21 19 458508159.575
21 20 779248502.009
21 22 147506949.483
22 0 175023063.639
22 1 105715226.103
22 2 27455415.362
22 3 23463008.441
22 4 28804488.436
22 5 27741836.210
22 6 36863023.592
22 7 107670631.167
22 8 23132455.151
22 9 196887514.078
22 10 234998482.863
22 11 60090975.870
22 12 166068156.011
22 13 276254133.318
22 14 1608495.481
22 15 159711902.766
22 16 1689310.453
22 17 82742128.102
22 18 18647258.367
22 19 101661764.067
22 20 135470607.573
22 21 141161526.580
