506
0 1 650.998
0 2 159.729
0 3 46.768
0 4 187.248
0 5 52.861
0 6 5560.915
0 7 64.896
0 8 14.177
0 9 1996.206
0 10 195.903
0 11 125.481
0 12 1541.552
0 13 1187.444
0 14 843.149
0 15 1986.993
0 16 2252.618
0 17 208.726
0 18 268.738
0 19 241.801
0 20 23.020
0 21 86.311
0 22 46.376
1 0 400.249
1 2 44125.177
1 3 1956.569
1 4 3454.971
1 5 140.059
1 6 218860.916
1 7 519.600
1 8 5076.310
1 9 4763.609
1 10 2734.323
1 11 102.693
1 12 33349.129
1 13 147709.402
1 14 34056.429
1 15 129044.332
1 16 5895.366
1 17 1746.274
1 18 161.038
1 19 2517.144
1 20 2896.540
1 21 3405.115
1 22 1694.870
2 0 2233.156
2 1 46441.083
2 3 5352.304
2 4 4351.407
2 5 4498.190
2 6 243917.086
2 7 1245.466
2 8 3356.349
2 9 24559.561
2 10 3605.316
2 11 90.625
2 12 15102.854
2 13 8651.490
2 14 7778.188
2 15 129148.603
2 16 37129.007
2 17 3676.622
2 18 3588.157
2 19 760.731
2 20 595.486
2 21 3235.086
2 22 109.021
3 0 263.508
3 1 2163.991
3 2 209.905
3 4 143.755
3 5 121.798
3 6 30908.332
3 7 107.989
3 8 156.787
3 9 3606.633
3 10 24.365
3 11 204.191
3 12 5024.195
3 13 16149.144
3 14 785.157
3 15 689.661
3 16 4533.599
3 17 388.817
3 18 557.472
3 19 4.111
3 20 501.270
3 21 344.207
3 22 183.596
4 0 235.501
4 1 1681.087
4 2 905.951
4 3 512.167
4 5 163.505
4 6 5400.458
4 7 156.051
4 8 213.504
4 9 3411.912
4 10 17.541
4 11 168.443
4 12 4409.657
4 13 15807.626
4 14 811.951
4 15 6155.637
4 16 8794.961
4 17 223.899
4 18 605.720
4 19 478.486
4 20 263.186
4 21 401.291
4 22 274.146
5 0 62.111
5 1 4015.550
5 2 443.528
5 3 273.492
5 4 349.846
5 6 4385.851
5 7 127.383
5 8 454.697
5 9 1237.056
5 10 96.079
5 11 23.608
5 12 2397.575
5 13 2759.369
5 14 850.025
5 15 13221.369
5 16 3265.898
5 17 390.142
5 18 371.354
5 19 8.904
5 20 477.220
5 21 149.211
5 22 75.773
6 0 9033.035
6 1 211177.096
6 2 52075.588
6 3 18248.971
6 4 20810.941
6 5 17862.882
6 7 1473.266
6 8 25914.590
6 9 30892.551
6 10 22064.211
6 11 7561.791
6 12 97146.876
6 13 834427.578
6 14 315186.084
6 15 573004.512
6 16 143507.314
6 17 19469.148
6 18 9851.499
6 19 8866.840
6 20 11153.573
6 21 14528.679
6 22 10188.068
7 0 2.354
7 1 393.903
7 2 599.888
7 3 131.483
7 4 50.001
7 5 28.973
7 6 9525.410
7 8 157.350
7 9 858.993
7 10 59.566
7 11 112.019
7 12 165.564
7 13 406.971
7 14 2923.160
7 15 3738.449
7 16 600.363
7 17 69.174
7 18 174.833
7 19 172.192
7 20 103.609
7 21 77.787
7 22 33.159
8 0 154.744
8 1 353.337
8 2 3095.155
8 3 171.841
8 4 224.714
8 5 361.057
8 6 2072.558
8 7 60.100
8 9 2929.766
8 10 418.177
8 11 363.695
8 12 2830.025
8 13 9795.868
8 14 3895.710
8 15 12733.805
8 16 10516.327
8 17 245.177
8 18 555.037
8 19 300.268
8 20 77.451
8 21 7.629
8 22 103.145
9 0 1841.453
9 1 44468.631
9 2 14742.786
9 3 1274.450
9 4 5465.847
9 5 2526.401
9 6 55783.253
9 7 1144.390
9 8 4.987
9 10 617.522
9 11 2739.058
9 12 9974.896
9 13 26330.388
9 14 65317.340
9 15 52017.534
9 16 86381.457
9 17 2132.225
9 18 5227.513
9 19 3622.908
9 20 3122.701
9 21 1537.391
9 22 1622.021
10 0 98.492
10 1 2005.907
10 2 2473.293
10 3 89.775
10 4 236.195
10 5 479.516
10 6 10683.413
10 7 83.500
10 8 113.501
10 9 1603.438
10 11 166.681
10 12 175.334
10 13 11930.642
10 14 3246.194
10 15 8772.114
10 16 1219.032
10 17 341.236
10 18 306.568
10 19 263.453
10 20 417.245
10 21 94.067
10 22 15.058
11 0 141.481
11 1 3591.999
11 2 931.253
11 3 335.712
11 4 54.593
11 5 196.451
11 6 19749.608
11 7 92.382
11 8 183.409
11 9 3022.080
11 10 8.599
11 12 1952.731
11 13 6551.908
11 14 5880.266
11 15 231.929
11 16 420.199
11 17 29.545
11 18 181.406
11 19 202.673
11 20 44.083
11 21 66.378
11 22 67.391
12 0 447.277
12 1 47934.713
12 2 24173.655
12 3 4816.985
12 4 5581.739
12 5 2504.342
12 6 279095.562
12 7 776.026
12 8 5584.437
12 9 5313.496
12 10 424.802
12 11 1698.517
12 13 74881.149
12 14 70427.166
12 15 74622.413
12 16 16156.691
12 17 378.017
12 18 3469.410
12 19 2454.326
12 20 2794.583
12 21 2291.207
12 22 2201.680
13 0 602.892
13 1 62728.098
13 2 4706.309
13 3 3144.362
13 4 15841.043
13 5 2420.868
13 6 99701.220
13 7 2956.904
13 8 13157.566
13 9 8162.182
13 10 8951.308
13 11 6635.659
13 12 73543.647
13 14 47160.789
13 15 244484.629
13 16 26872.834
13 17 7266.716
13 18 16341.864
13 19 12098.404
13 20 1297.372
13 21 1077.960
13 22 8000.390
14 0 3060.170
14 1 209.478
14 2 83860.631
14 3 1916.410
14 4 6204.172
14 5 3564.121
14 6 132966.466
14 7 1217.697
14 8 8569.376
14 9 21673.600
14 10 7448.528
14 11 3392.397
14 12 62286.377
14 13 178995.150
14 15 33396.483
14 16 92487.448
14 17 1508.782
14 18 5245.797
14 19 7395.650
14 20 6560.170
14 21 2990.349
14 22 3962.950
15 0 6322.519
15 1 26178.588
15 2 3353.145
15 3 15084.253
15 4 10650.970
15 5 11494.431
15 6 219242.175
15 7 530.050
15 8 13976.340
15 9 37236.894
15 10 5430.342
15 11 6076.008
15 12 23913.204
15 13 408071.180
15 14 240256.228
15 16 129594.722
15 17 9592.757
15 18 6471.720
15 19 5858.012
15 20 2298.132
15 21 646.526
15 22 1066.918
16 0 3911.686
16 1 57023.016
16 2 87159.195
16 3 7922.746
16 4 1099.248
16 5 2138.925
16 6 204826.538
16 7 1904.203
16 8 2696.246
16 9 34428.009
16 10 5196.596
16 11 155.800
16 12 89148.857
16 13 270030.044
16 14 157681.835
16 15 39052.225
16 17 7716.507
16 18 5250.860
16 19 8390.502
16 20 1159.156
16 21 1728.359
16 22 4427.393
17 0 165.340
17 1 76.960
17 2 3995.255
17 3 130.585
17 4 250.499
17 5 370.810
17 6 22037.218
17 7 39.816
17 8 39.675
17 9 2469.335
17 10 294.372
17 11 238.289
17 12 4465.938
17 13 13628.616
17 14 3777.399
17 15 6670.325
17 16 2279.962
17 18 311.159
17 19 87.088
17 20 30.032
17 21 116.262
17 22 213.177
18 0 204.361
18 1 764.054
18 2 1506.294
18 3 395.079
18 4 136.990
18 5 552.191
18 6 23008.871
18 7 52.883
18 8 61.685
18 9 572.599
18 10 284.846
18 11 189.321
18 12 4002.149
18 13 11021.376
18 14 2706.385
18 15 12802.519
18 16 499.049
18 17 297.467
18 19 191.119
18 20 410.707
18 21 201.092
18 22 118.200
19 0 135.708
19 1 2920.083
19 2 1745.448
19 3 357.278
19 4 486.394
19 5 485.990
19 6 7642.559
19 7 142.720
19 8 53.440
19 9 2130.101
19 10 398.330
19 11 77.551
19 12 1728.441
19 13 6933.839
19 14 8849.555
19 15 510.379
19 16 2269.842
19 17 352.684
19 18 170.251
19 20 13.082
19 21 319.137
19 22 22.032
20 0 167.779
20 1 4498.389
20 2 2084.895
20 3 468.739
20 4 429.243
20 5 47.730
20 6 5767.908
20 7 106.988
20 8 517.933
20 9 2487.517
20 10 342.603
20 11 57.566
20 12 880.624
20 13 2292.447
20 14 5998.412
20 15 10405.066
20 16 7323.045
20 17 198.226
20 18 10.736
20 19 474.675
20 21 304.820
20 22 235.677
21 0 152.814
21 1 53.482
21 2 3339.727
21 3 373.439
21 4 110.599
21 5 310.190
21 6 16472.444
21 7 64.100
21 8 70.235
21 9 2069.856
21 10 97.778
21 11 121.823
21 12 3433.462
21 13 2371.748
21 14 1273.550
21 15 7108.891
21 16 1288.865
21 17 48.414
21 18 69.687
21 19 209.698
21 20 225.017
21 22 15.251
22 0 1.855
22 1 697.877
22 2 1615.376
22 3 180.756
22 4 127.054
22 5 152.307
22 6 12352.188
22 7 9.268
22 8 284.356
22 9 2453.557
22 10 210.407
22 11 79.308
22 12 1745.787
22 13 8419.403
22 14 3186.644
22 15 2057.478
22 16 2568.572
22 17 8.983
22 18 105.563
22 19 266.434
22 20 249.873
22 21 25.379
