506
0 1 1234.295
0 2 1049.842
0 3 37.910
0 4 183.574
0 5 36.267
0 6 5856.060
0 7 26.176
0 8 204.343
0 9 2349.834
0 10 75.142
0 11 83.129
0 12 2398.119
0 13 6082.570
0 14 3542.402
0 15 6758.683
0 16 843.421
0 17 140.028
0 18 168.942
0 19 102.886
0 20 118.428
0 21 168.017
0 22 61.271
1 0 450.527
1 2 43986.192
1 3 4392.446
1 4 429.144
1 5 2814.197
1 6 66325.105
1 7 1093.344
1 8 1921.403
1 9 26160.569
1 10 128.060
1 11 400.752
1 12 32561.361
1 13 70380.821
1 14 13641.930
1 15 50592.954
1 16 39710.593
1 17 1021.133
1 18 4565.778
1 19 3100.355
1 20 3170.984
1 21 2136.766
1 22 393.512
2 0 2075.834
2 1 45.763
2 3 1527.417
2 4 4628.301
2 5 3233.112
2 6 17164.351
2 7 319.788
2 8 5407.170
2 9 31316.414
2 10 1583.630
2 11 271.144
2 12 39788.502
2 13 60442.328
2 14 2845.868
2 15 47961.653
2 16 71627.046
2 17 4579.524
2 18 4122.475
2 19 863.853
2 20 4385.409
2 21 619.480
2 22 1901.462
3 0 237.071
3 1 4500.563
3 2 4468.687
3 4 289.774
3 5 85.138
3 6 7010.796
3 7 81.029
3 8 462.666
3 9 356.411
3 10 0.294
3 11 125.897
3 12 4754.547
3 13 672.669
3 14 6745.939
3 15 9829.026
3 16 6026.798
3 17 244.826
3 18 144.726
3 19 65.727
3 20 211.345
3 21 255.865
3 22 287.173
4 0 78.610
4 1 5162.909
4 2 2184.314
4 3 348.334
4 5 78.133
4 6 22913.480
4 7 0.081
4 8 425.522
4 9 1732.660
4 10 33.682
4 11 76.840
4 12 2576.794
4 13 1744.298
4 14 2762.226
4 15 16055.017
4 16 3281.071
4 17 268.602
4 18 457.511
4 19 44.989
4 20 426.082
4 21 384.968
4 22 129.843
5 0 126.338
5 1 1237.253
5 2 1384.882
5 3 77.004
5 4 148.438
5 6 20875.827
5 7 41.076
5 8 138.149
5 9 207.388
5 10 67.565
5 11 224.235
5 12 3251.081
5 13 11719.014
5 14 8192.092
5 15 4374.774
5 16 3374.368
5 17 418.386
5 18 118.698
5 19 442.091
5 20 289.851
5 21 145.226
5 22 139.792
6 0 13584.110
6 1 217747.237
6 2 240930.951
6 3 3704.043
6 4 29052.562
6 5 1254.934
6 7 7188.910
6 8 26638.832
6 9 258427.618
6 10 23426.789
6 11 13578.280
6 12 105918.352
6 13 712341.140
6 14 431884.860
6 15 695930.368
6 16 463187.348
6 17 2608.000
6 18 24612.584
6 19 13663.530
6 20 23955.214
6 21 16333.191
6 22 1941.749
7 0 75.849
7 1 572.997
7 2 867.118
7 3 143.944
7 4 146.289
7 5 134.476
7 6 3940.808
7 8 163.032
7 9 1234.926
7 10 145.749
7 11 119.798
7 12 823.379
7 13 602.569
7 14 1608.028
7 15 2524.742
7 16 1112.369
7 17 76.669
7 18 57.134
7 19 153.727
7 20 108.008
7 21 120.429
7 22 12.254
8 0 16.149
8 1 871.996
8 2 2154.683
8 3 439.810
8 4 79.459
8 5 481.635
8 6 27651.357
8 7 140.027
8 9 3698.100
8 10 93.780
8 11 103.876
8 12 1826.599
8 13 14777.459
8 14 6263.298
8 15 14658.221
8 16 7751.319
8 17 206.028
8 18 37.175
8 19 280.509
8 20 235.365
8 21 76.240
8 22 303.343
9 0 622.582
9 1 1246.646
9 2 7947.452
9 3 4041.002
9 4 3064.957
9 5 4119.276
9 6 25392.043
9 7 538.099
9 8 1928.147
9 10 1895.652
9 11 2918.772
9 12 34467.478
9 13 75899.918
9 14 45372.328
9 15 38936.423
9 16 9041.420
9 17 248.625
9 18 2501.560
9 19 68.037
9 20 1920.087
9 21 1228.886
9 22 1771.519
10 0 186.692
10 1 4056.843
10 2 1622.843
10 3 316.959
10 4 78.245
10 5 110.488
10 6 19591.168
10 7 146.450
10 8 297.639
10 9 152.248
10 11 130.786
10 12 4705.974
10 13 4178.171
10 14 2725.402
10 15 7030.530
10 16 5780.370
10 17 371.508
10 18 381.629
10 19 383.096
10 20 279.553
10 21 100.069
10 22 132.729
11 0 52.825
11 1 2348.163
11 2 315.833
11 3 216.538
11 4 152.084
11 5 266.137
11 6 1307.953
11 7 66.464
11 8 356.814
11 9 1054.702
11 10 174.604
11 12 1790.990
11 13 1150.699
11 14 4498.374
11 15 4001.449
11 16 411.287
11 17 73.621
11 18 336.584
11 19 211.135
11 20 52.505
11 21 62.035
11 22 88.942
12 0 793.432
12 1 26323.787
12 2 41302.067
12 3 3787.353
12 4 5590.841
12 5 1705.018
12 6 52776.059
12 7 114.746
12 8 3234.558
12 9 35796.748
12 10 1551.832
12 11 2007.020
12 13 87859.269
12 14 32380.091
12 15 23774.699
12 16 41500.857
12 17 1306.496
12 18 1009.403
12 19 4255.803
12 20 3895.794
12 21 2230.234
12 22 1827.131
13 0 3039.760
13 1 81530.511
13 2 71140.130
13 3 10741.683
13 4 12478.968
13 5 3629.055
13 6 725925.139
13 7 3156.228
13 8 10131.023
13 9 131115.589
13 10 3260.387
13 11 7470.777
13 12 136732.554
13 14 123111.393
13 15 43820.096
13 16 133799.019
13 17 3407.699
13 18 10336.142
13 19 7022.657
13 20 7963.536
13 21 1515.850
13 22 4934.711
14 0 4188.049
14 1 31773.967
14 2 6025.872
14 3 515.643
14 4 2159.059
14 5 3848.801
14 6 384453.581
14 7 2991.883
14 8 5994.795
14 9 85181.959
14 10 5486.480
14 11 1290.855
14 12 58091.524
14 13 126629.596
14 15 28123.107
14 16 131412.441
14 17 5287.201
14 18 717.678
14 19 4681.130
14 20 5931.819
14 21 5916.566
14 22 3067.540
15 0 6179.579
15 1 51292.473
15 2 124006.120
15 3 4045.249
15 4 346.399
15 5 12191.092
15 6 108999.153
15 7 2865.341
15 8 5681.307
15 9 146114.436
15 10 678.754
15 11 743.206
15 12 96216.086
15 13 422758.939
15 14 19764.935
15 16 217466.894
15 17 1822.476
15 18 16109.065
15 19 9829.424
15 20 9694.181
15 21 4507.256
15 22 1936.285
16 0 4492.828
16 1 45038.235
16 2 58928.647
16 3 4705.478
16 4 4106.761
16 5 5678.722
16 6 532357.856
16 7 1237.262
16 8 8626.406
16 9 8088.274
16 10 6949.756
16 11 5888.338
16 12 77129.630
16 13 235817.054
16 14 22213.801
16 15 78384.919
16 17 2700.946
16 18 1792.264
16 19 7867.867
16 20 3638.182
16 21 74.253
16 22 3864.904
17 0 63.090
17 1 1534.250
17 2 1559.579
17 3 6.004
17 4 270.371
17 5 331.978
17 6 20915.770
17 7 12.154
17 8 176.145
17 9 3743.374
17 10 195.163
17 11 203.595
17 12 4548.957
17 13 11367.856
17 14 2394.874
17 15 6165.334
17 16 597.940
17 18 254.914
17 19 410.654
17 20 399.938
17 21 188.128
17 22 281.154
18 0 158.473
18 1 838.315
18 2 909.572
18 3 354.762
18 4 351.632
18 5 296.442
18 6 11059.012
18 7 79.681
18 8 138.462
18 9 1019.458
18 10 522.894
18 11 333.145
18 12 3616.711
18 13 3222.120
18 14 5997.994
18 15 1915.458
18 16 175.003
18 17 177.988
18 19 10.090
18 20 468.410
18 21 359.359
18 22 179.958
19 0 100.691
19 1 1011.482
19 2 1153.654
19 3 14.387
19 4 264.552
19 5 115.629
19 6 2363.410
19 7 81.583
19 8 69.338
19 9 1039.024
19 10 297.010
19 11 94.338
19 12 984.215
19 13 13057.994
19 14 4173.892
19 15 1156.540
19 16 4195.183
19 17 323.179
19 18 118.843
19 20 47.404
19 21 55.863
19 22 123.649
20 0 171.381
20 1 2625.271
20 2 2426.409
20 3 105.641
20 4 341.032
20 5 391.599
20 6 24116.821
20 7 140.387
20 8 364.889
20 9 783.327
20 10 227.999
20 11 232.294
20 12 2455.364
20 13 5057.928
20 14 3119.223
20 15 8046.981
20 16 6300.903
20 17 350.593
20 18 462.700
20 19 242.370
20 21 321.275
20 22 123.914
21 0 169.829
21 1 627.051
21 2 2022.280
21 3 87.266
21 4 184.125
21 5 177.472
21 6 5227.295
21 7 43.981
21 8 153.169
21 9 1217.887
21 10 308.892
21 11 100.708
21 12 114.059
21 13 9588.939
21 14 5672.139
21 15 8318.223
21 16 3649.349
21 17 136.413
21 18 64.142
21 19 237.524
21 20 254.500
21 22 96.787
22 0 103.709
22 1 321.547
22 2 970.787
22 3 125.240
22 4 287.230
22 5 101.977
22 6 502.704
22 7 73.520
22 8 305.717
22 9 473.719
22 10 226.901
22 11 192.830
22 12 1740.264
22 13 8264.070
22 14 2365.164
22 15 3952.618
22 16 1700.700
22 17 154.877
22 18 165.585
22 19 262.017
22 20 112.345
22 21 2.030
