506
0 1 1458.699
0 2 973.560
0 3 83.674
0 4 171.047
0 5 5.434
0 6 1189.241
0 7 3.381
0 8 217.302
0 9 2366.807
0 10 75.364
0 11 125.105
0 12 2315.089
0 13 2243.609
0 14 1233.588
0 15 695.200
0 16 2781.195
0 17 18.749
0 18 85.206
0 19 24.945
0 20 196.494
0 21 72.393
0 22 3.304
1 0 813.185
1 2 41731.403
1 3 5594.913
1 4 3313.656
1 5 2909.613
1 6 210709.658
1 7 1634.094
1 8 5209.217
1 9 29640.850
1 10 22.048
1 11 1048.935
1 12 12060.296
1 13 69642.095
1 14 42490.186
1 15 66522.392
1 16 27041.401
1 17 3091.196
1 18 3376.513
1 19 3720.282
1 20 1076.148
1 21 1772.622
1 22 1274.431
2 0 1895.113
2 1 46235.849
2 3 4318.759
2 4 4563.837
2 5 732.942
2 6 23523.966
2 7 1183.681
2 8 301.613
2 9 19520.628
2 10 3026.983
2 11 2139.897
2 12 27819.950
2 13 138426.366
2 14 37215.017
2 15 33063.933
2 16 63544.011
2 17 3388.395
2 18 1869.100
2 19 204.260
2 20 1313.361
2 21 1554.029
2 22 300.600
3 0 11.912
3 1 482.145
3 2 1104.335
3 4 519.020
3 5 274.520
3 6 12046.616
3 7 122.072
3 8 619.918
3 9 3410.482
3 10 50.782
3 11 312.263
3 12 1292.092
3 13 905.266
3 14 7662.131
3 15 12680.920
3 16 6202.065
3 17 426.464
3 18 40.973
3 19 474.218
3 20 232.924
3 21 371.940
3 22 128.169
4 0 233.525
4 1 4836.243
4 2 4557.021
4 3 178.629
4 5 70.566
4 6 8805.028
4 7 116.572
4 8 468.685
4 9 452.704
4 10 485.493
4 11 29.822
4 12 807.857
4 13 7021.069
4 14 9518.708
4 15 1065.506
4 16 9339.060
4 17 533.174
4 18 270.128
4 19 430.308
4 20 22.910
4 21 219.408
4 22 203.854
5 0 213.348
5 1 4105.465
5 2 3635.488
5 3 325.180
5 4 369.499
5 6 24323.363
5 7 97.229
5 8 50.342
5 9 220.391
5 10 5.907
5 11 171.756
5 12 51.793
5 13 5995.061
5 14 4736.571
5 15 10083.390
5 16 2748.907
5 17 105.884
5 18 191.545
5 19 143.005
5 20 43.391
5 21 218.390
5 22 287.932
6 0 5022.442
6 1 250421.673
6 2 250782.530
6 3 47.596
6 4 8577.190
6 5 22504.471
6 7 1172.860
6 8 18312.968
6 9 96802.108
6 10 14644.207
6 11 14246.319
6 12 60494.955
6 13 35159.442
6 14 107020.193
6 15 16461.752
6 16 144302.287
6 17 8480.089
6 18 25566.143
6 19 17709.044
6 20 24751.596
6 21 14108.242
6 22 7264.475
7 0 70.181
7 1 1504.411
7 2 985.967
7 3 71.248
7 4 83.612
7 5 167.171
7 6 2367.406
7 8 189.168
7 9 1069.983
7 10 96.779
7 11 37.815
7 12 39.889
7 13 3357.958
7 14 1527.514
7 15 3780.087
7 16 1900.862
7 17 35.841
7 18 136.787
7 19 50.915
7 20 138.828
7 21 29.357
7 22 9.566
8 0 10.235
8 1 965.304
8 2 1020.983
8 3 296.808
8 4 409.215
8 5 423.774
8 6 3361.475
8 7 67.658
8 9 2008.200
8 10 8.679
8 11 316.711
8 12 859.491
8 13 995.275
8 14 8827.011
8 15 14138.685
8 16 2047.483
8 17 63.400
8 18 76.110
8 19 503.274
8 20 300.744
8 21 330.950
8 22 225.081
9 0 1779.752
9 1 31619.347
9 2 7990.268
9 3 4389.720
9 4 3513.371
9 5 4032.971
9 6 279141.326
9 7 1065.739
9 8 1158.196
9 10 2092.953
9 11 670.849
9 12 35611.988
9 13 13439.235
9 14 39924.460
9 15 138281.855
9 16 85948.452
9 17 197.694
9 18 1059.352
9 19 2255.881
9 20 3639.251
9 21 3263.201
9 22 1542.172
10 0 5.495
10 1 2086.498
10 2 2306.986
10 3 422.356
10 4 499.213
10 5 29.241
10 6 7702.070
10 7 112.171
10 8 364.210
10 9 2158.154
10 11 209.067
10 12 3373.000
10 13 9898.671
10 14 2648.288
10 15 7509.245
10 16 2449.120
10 17 91.092
10 18 74.962
10 19 149.053
10 20 108.667
10 21 98.701
10 22 4.518
11 0 5.998
11 1 1592.872
11 2 2033.249
11 3 327.159
11 4 257.681
11 5 257.376
11 6 3335.686
11 7 67.589
11 8 385.645
11 9 3285.186
11 10 221.242
11 12 49.670
11 13 8214.815
11 14 4882.074
11 15 794.694
11 16 6487.119
11 17 164.056
11 18 277.491
11 19 148.012
11 20 123.099
11 21 231.766
11 22 120.410
12 0 2322.256
12 1 4383.991
12 2 10467.352
12 3 4265.613
12 4 847.888
12 5 284.248
12 6 277358.901
12 7 1071.936
12 8 1199.299
12 9 4767.351
12 10 4725.034
12 11 2719.224
12 13 128968.069
12 14 70406.788
12 15 43658.833
12 16 21999.988
12 17 2231.014
12 18 796.472
12 19 3181.750
12 20 561.727
12 21 3266.759
12 22 1390.409
13 0 1244.984
13 1 22000.517
13 2 114221.015
13 3 1019.195
13 4 3651.432
13 5 4897.064
13 6 334165.780
13 7 1409.403
13 8 13474.768
13 9 21251.732
13 10 12719.483
13 11 2775.953
13 12 97558.317
13 14 153342.542
13 15 25242.172
13 16 123419.086
13 17 4327.265
13 18 7215.516
13 19 13981.331
13 20 5132.201
13 21 182.939
13 22 7722.607
14 0 584.833
14 1 2317.600
14 2 3287.092
14 3 5456.452
14 4 18.221
14 5 4085.322
14 6 137336.971
14 7 63.891
14 8 4214.083
14 9 86490.432
14 10 3913.742
14 11 2958.511
14 12 40521.759
14 13 205429.492
14 15 41750.979
14 16 12975.101
14 17 2364.343
14 18 7483.345
14 19 3898.846
14 20 3668.788
14 21 956.714
14 22 3426.273
15 0 4541.469
15 1 16203.284
15 2 120963.257
15 3 7389.657
15 4 2835.486
15 5 12096.141
15 6 738224.590
15 7 2127.603
15 8 5194.430
15 9 58190.791
15 10 10380.891
15 11 6785.790
15 12 131801.318
15 13 11643.614
15 14 15533.603
15 16 41093.501
15 17 469.618
15 18 8217.254
15 19 14748.916
15 20 13612.515
15 21 4928.891
15 22 7085.494
16 0 2921.014
16 1 27770.153
16 2 31500.972
16 3 6305.594
16 4 5214.059
16 5 2222.718
16 6 178847.413
16 7 480.352
16 8 8635.257
16 9 43491.738
16 10 492.666
16 11 2478.427
16 12 65317.034
16 13 141554.309
16 14 18727.681
16 15 183216.555
16 17 6500.200
16 18 7336.637
16 19 442.069
16 20 598.530
16 21 5338.967
16 22 3719.734
17 0 81.171
17 1 2434.207
17 2 3738.681
17 3 467.493
17 4 268.645
17 5 62.288
17 6 9814.932
17 7 23.546
17 8 28.534
17 9 3186.130
17 10 13.103
17 11 286.269
17 12 3378.965
17 13 11537.207
17 14 354.753
17 15 5383.263
17 16 1140.820
17 18 469.474
17 19 6.867
17 20 320.923
17 21 206.643
17 22 26.770
18 0 195.750
18 1 4678.981
18 2 959.451
18 3 613.230
18 4 423.857
18 5 357.789
18 6 5440.669
18 7 48.213
18 8 486.328
18 9 5076.806
18 10 56.827
18 11 106.420
18 12 2487.311
18 13 2258.868
18 14 1860.547
18 15 3551.014
18 16 5089.669
18 17 311.178
18 19 559.115
18 20 446.036
18 21 283.704
18 22 75.652
19 0 113.731
19 1 1823.904
19 2 646.105
19 3 257.706
19 4 203.318
19 5 383.629
19 6 7592.192
19 7 103.092
19 8 236.027
19 9 4915.507
19 10 85.086
19 11 131.756
19 12 2239.440
19 13 11280.911
19 14 532.236
19 15 13860.613
19 16 1365.895
19 17 15.457
19 18 559.768
19 20 435.554
19 21 249.566
19 22 163.926
20 0 62.894
20 1 4687.720
20 2 419.142
20 3 396.886
20 4 488.406
20 5 170.594
20 6 26968.913
20 7 128.869
20 8 328.464
20 9 1297.303
20 10 104.319
20 11 283.656
20 12 3365.668
20 13 7067.548
20 14 2641.022
20 15 6156.636
20 16 1319.173
20 17 132.357
20 18 536.322
20 19 342.771
20 21 223.904
20 22 76.715
21 0 76.744
21 1 92.779
21 2 1184.511
21 3 190.855
21 4 264.742
21 5 57.817
21 6 18205.255
21 7 56.010
21 8 191.778
21 9 1162.319
21 10 74.536
21 11 135.141
21 12 335.093
21 13 3006.178
21 14 4656.789
21 15 4699.259
21 16 2029.965
21 17 41.958
21 18 242.542
21 19 1.064
21 20 74.447
21 22 62.972
22 0 112.980
22 1 61.801
22 2 1473.867
22 3 22.749
22 4 181.173
22 5 183.988
22 6 15084.106
22 7 87.659
22 8 316.993
22 9 703.073
22 10 249.047
22 11 130.547
22 12 468.251
22 13 1108.061
22 14 1944.527
22 15 8590.462
22 16 4193.635
22 17 3.979
22 18 52.852
22 19 145.771
22 20 2.912
22 21 136.027
