506
0 1 1451.191
0 2 833.789
0 3 25.744
0 4 110.840
0 5 239.417
0 6 10204.565
0 7 69.438
0 8 28.856
0 9 938.242
0 10 63.928
0 11 93.347
0 12 933.168
0 13 5952.914
0 14 739.145
0 15 2973.625
0 16 979.742
0 17 209.107
0 18 14.222
0 19 226.491
0 20 117.077
0 21 25.628
0 22 83.877
1 0 1206.771
1 2 18673.571
1 3 4601.995
1 4 512.451
1 5 539.294
1 6 153417.430
1 7 791.699
1 8 137.656
1 9 39459.677
1 10 817.881
1 11 669.024
1 12 38563.590
1 13 532.666
1 14 64980.474
1 15 41599.706
1 16 11509.359
1 17 980.363
1 18 3333.856
1 19 1844.385
1 20 1289.044
1 21 610.792
1 22 1446.315
2 0 428.285
2 1 7337.351
2 3 2978.246
2 4 2784.277
2 5 1896.653
2 6 272055.731
2 7 769.234
2 8 2600.187
2 9 24488.392
2 10 1426.694
2 11 2666.761
2 12 40721.175
2 13 106865.463
2 14 57027.992
2 15 108612.885
2 16 36354.519
2 17 3479.385
2 18 3022.819
2 19 13.947
2 20 2059.482
2 21 2898.154
2 22 825.755
3 0 237.473
3 1 361.925
3 2 1199.326
3 4 318.049
3 5 8.725
3 6 8190.186
3 7 181.784
3 8 52.711
3 9 63.086
3 10 272.785
3 11 254.715
3 12 2806.959
3 13 10126.173
3 14 3470.830
3 15 5120.289
3 16 1956.788
3 17 68.655
3 18 176.783
3 19 338.033
3 20 290.018
3 21 23.067
3 22 267.230
4 0 23.683
4 1 4847.889
4 2 2012.213
4 3 593.954
4 5 59.806
4 6 8319.640
4 7 190.191
4 8 605.453
4 9 1098.472
4 10 431.225
4 11 130.199
4 12 3969.639
4 13 5323.026
4 14 1604.019
4 15 8343.960
4 16 5473.374
4 17 255.722
4 18 124.905
4 19 147.129
4 20 435.266
4 21 279.430
4 22 283.529
5 0 187.524
5 1 1639.000
5 2 770.800
5 3 204.158
5 4 327.853
5 6 23765.555
5 7 172.195
5 8 15.772
5 9 3993.289
5 10 154.269
5 11 333.535
5 12 3488.448
5 13 1157.402
5 14 6464.858
5 15 10391.918
5 16 8332.113
5 17 420.680
5 18 119.568
5 19 268.475
5 20 216.692
5 21 228.049
5 22 68.455
6 0 5964.950
6 1 138092.988
6 2 37757.260
6 3 29699.915
6 4 16222.284
6 5 15996.833
6 7 5895.740
6 8 2698.811
6 9 96296.329
6 10 15768.912
6 11 15288.559
6 12 83111.029
6 13 297699.146
6 14 118108.915
6 15 258856.449
6 16 329147.824
6 17 27135.844
6 18 3890.191
6 19 2433.463
6 20 2993.342
6 21 1079.344
6 22 4739.762
7 0 39.839
7 1 410.713
7 2 630.222
7 3 161.803
7 4 26.515
7 5 136.228
7 6 9119.300
7 8 114.530
7 9 1098.329
7 10 139.402
7 11 74.300
7 12 566.218
7 13 470.174
7 14 172.050
7 15 178.179
7 16 2545.502
7 17 149.418
7 18 42.155
7 19 15.909
7 20 73.526
7 21 76.127
7 22 54.440
8 0 123.967
8 1 247.095
8 2 4030.896
8 3 554.812
8 4 191.050
8 5 59.571
8 6 4972.033
8 7 83.528
8 9 5306.034
8 10 415.812
8 11 395.546
8 12 2768.567
8 13 16303.736
8 14 1180.334
8 15 6207.760
8 16 10517.779
8 17 254.901
8 18 555.712
8 19 505.360
8 20 283.845
8 21 270.333
8 22 305.815
9 0 370.458
9 1 14875.198
9 2 21094.455
9 3 5348.180
9 4 2004.554
9 5 5182.210
9 6 229253.499
9 7 1712.812
9 8 5508.235
9 10 1111.738
9 11 1232.450
9 12 39900.504
9 13 41547.625
9 14 19856.076
9 15 23797.341
9 16 78513.172
9 17 4429.418
9 18 785.191
9 19 2655.357
9 20 1369.723
9 21 1619.100
9 22 1176.244
10 0 175.439
10 1 377.060
10 2 3985.984
10 3 478.441
10 4 89.484
10 5 363.066
10 6 19772.644
10 7 68.500
10 8 291.752
10 9 1309.470
10 11 162.683
10 12 1107.808
10 13 7887.941
10 14 1748.425
10 15 1664.010
10 16 7788.234
10 17 234.242
10 18 141.820
10 19 33.708
10 20 122.698
10 21 97.981
10 22 207.902
11 0 111.969
11 1 84.800
11 2 2596.482
11 3 209.726
11 4 341.038
11 5 25.494
11 6 15980.171
11 7 37.809
11 8 106.494
11 9 1529.200
11 10 62.406
11 12 869.400
11 13 4702.680
11 14 1761.449
11 15 4494.297
11 16 5732.284
11 17 188.890
11 18 3.998
11 19 230.896
11 20 65.182
11 21 223.358
11 22 93.900
12 0 1637.134
12 1 13599.212
12 2 2024.743
12 3 4828.102
12 4 1532.987
12 5 3838.543
12 6 280233.490
12 7 1246.881
12 8 1147.699
12 9 29531.188
12 10 2354.709
12 11 1181.088
12 13 51302.326
12 14 18715.581
12 15 98734.082
12 16 70763.896
12 17 1353.841
12 18 4496.773
12 19 3106.683
12 20 2511.620
12 21 2483.284
12 22 2708.293
13 0 3091.689
13 1 1082.722
13 2 83328.484
13 3 10835.109
13 4 9495.183
13 5 14861.734
13 6 228259.836
13 7 2479.650
13 8 10051.848
13 9 107289.069
13 10 7801.833
13 11 630.183
13 12 74961.890
13 14 183484.263
13 15 94581.225
13 16 232847.958
13 17 10493.207
13 18 12105.776
13 19 6672.375
13 20 6339.332
13 21 8756.106
13 22 5344.665
14 0 2331.412
14 1 51787.214
14 2 22508.891
14 3 9504.467
14 4 3971.464
14 5 478.136
14 6 341107.599
14 7 193.183
14 8 5568.049
14 9 55076.879
14 10 2732.661
14 11 1570.306
14 12 36688.273
14 13 206360.502
14 15 241179.255
14 16 28191.791
14 17 7561.775
14 18 8796.913
14 19 8121.463
14 20 2819.718
14 21 2373.137
14 22 498.433
15 0 5110.782
15 1 35185.277
15 2 47968.791
15 3 15586.637
15 4 3008.332
15 5 13938.736
15 6 677102.878
15 7 3402.854
15 8 9451.185
15 9 18213.182
15 10 8250.847
15 11 4791.432
15 12 83643.626
15 13 55790.727
15 14 38226.268
15 16 187430.543
15 17 11654.396
15 18 7492.331
15 19 485.460
15 20 4123.521
15 21 8574.345
15 22 1135.270
16 0 2506.535
16 1 67888.213
16 2 66401.779
16 3 5220.733
16 4 4790.957
16 5 1906.564
16 6 402730.601
16 7 329.440
16 8 8903.000
16 9 12146.867
16 10 4136.454
16 11 3010.412
16 12 66918.393
16 13 164364.236
16 14 10588.548
16 15 241310.794
16 17 1627.840
16 18 7364.384
16 19 6464.343
16 20 7301.282
16 21 2557.003
16 22 925.323
17 0 204.991
17 1 3813.392
17 2 2424.547
17 3 98.578
17 4 186.452
17 5 31.012
17 6 9264.801
17 7 81.727
17 8 8.464
17 9 542.804
17 10 149.929
17 11 281.871
17 12 731.761
17 13 2878.808
17 14 6850.209
17 15 3923.529
17 16 1466.464
17 18 408.043
17 19 134.708
17 20 183.296
17 21 166.940
17 22 243.998
18 0 46.459
18 1 4496.753
18 2 2687.717
18 3 491.252
18 4 412.709
18 5 170.356
18 6 19370.478
18 7 158.512
18 8 24.375
18 9 967.051
18 10 313.798
18 11 234.890
18 12 3514.262
18 13 9923.488
18 14 192.843
18 15 3000.095
18 16 7546.855
18 17 286.111
18 19 271.092
18 20 192.939
18 21 278.109
18 22 52.020
19 0 116.380
19 1 5130.216
19 2 1195.510
19 3 518.271
19 4 401.775
19 5 190.182
19 6 20865.176
19 7 18.908
19 8 50.111
19 9 3058.281
19 10 159.267
19 11 128.352
19 12 3057.145
19 13 11447.280
19 14 7849.647
19 15 3587.782
19 16 7185.633
19 17 72.611
19 18 62.513
19 20 208.725
19 21 177.759
19 22 144.048
20 0 185.997
20 1 3979.232
20 2 3771.856
20 3 452.828
20 4 266.268
20 5 32.547
20 6 17834.281
20 7 35.337
20 8 16.447
20 9 1677.714
20 10 436.863
20 11 275.795
20 12 2224.262
20 13 802.667
20 14 6571.675
20 15 5753.691
20 16 1391.821
20 17 468.875
20 18 134.904
20 19 359.373
20 21 95.160
20 22 206.515
21 0 169.087
21 1 3216.157
21 2 1338.196
21 3 127.131
21 4 267.074
21 5 206.579
21 6 9233.317
21 7 105.520
21 8 280.144
21 9 739.860
21 10 144.803
21 11 130.330
21 12 842.751
21 13 8719.941
21 14 3458.032
21 15 10482.457
21 16 1955.795
21 17 90.513
21 18 249.645
21 19 102.707
21 20 127.531
21 22 130.977
22 0 71.925
22 1 969.787
22 2 910.688
22 3 106.889
22 4 67.240
22 5 142.010
22 6 16428.576
22 7 74.739
22 8 125.591
22 9 2416.617
22 10 164.804
22 11 9.875
22 12 2894.369
22 13 1909.987
22 14 4415.441
22 15 2694.572
22 16 2097.596
22 17 191.335
22 18 269.473
22 19 196.078
22 20 179.955
22 21 88.649
