506
0 1 1288.944
0 2 1245.169
0 3 269.290
0 4 170.278
0 5 200.627
0 6 1674.600
0 7 12.702
0 8 41.076
0 9 225.956
0 10 163.435
0 11 16.338
0 12 1856.522
0 13 5177.370
0 14 264.719
0 15 874.930
0 16 2565.340
0 17 24.854
0 18 0.462
0 19 121.693
0 20 201.100
0 21 97.151
0 22 80.363
1 0 721.211
1 2 15232.269
1 3 3654.208
1 4 3133.864
1 5 1210.053
1 6 128630.896
1 7 1315.060
1 8 852.790
1 9 43920.322
1 10 2856.150
1 11 1716.264
1 12 49627.879
1 13 53882.535
1 14 17.143
1 15 136425.824
1 16 7706.732
1 17 1360.946
1 18 5382.621
1 19 1860.210
1 20 2448.629
1 21 992.096
1 22 694.533
2 0 954.455
2 1 46702.429
2 3 1116.991
2 4 3345.352
2 5 2866.111
2 6 174727.485
2 7 1091.753
2 8 3958.251
2 9 47970.324
2 10 1338.562
2 11 3164.471
2 12 10030.482
2 13 95731.586
2 14 43710.244
2 15 48652.969
2 16 70869.291
2 17 106.139
2 18 3322.132
2 19 3711.880
2 20 145.382
2 21 784.545
2 22 61.921
3 0 126.310
3 1 838.522
3 2 2504.766
3 4 553.620
3 5 507.093
3 6 18077.118
3 7 51.492
3 8 383.481
3 9 1709.696
3 10 360.230
3 11 377.527
3 12 1750.512
3 13 9820.586
3 14 6530.836
3 15 1834.553
3 16 10614.702
3 17 295.686
3 18 408.184
3 19 206.233
3 20 528.744
3 21 78.806
3 22 268.520
4 0 28.902
4 1 4744.391
4 2 3204.658
4 3 200.770
4 5 166.544
4 6 25121.315
4 7 185.582
4 8 186.208
4 9 4982.991
4 10 481.386
4 11 235.193
4 12 632.282
4 13 10264.271
4 14 5353.363
4 15 7345.958
4 16 6007.916
4 17 487.413
4 18 76.544
4 19 59.341
4 20 139.660
4 21 313.631
4 22 121.671
5 0 39.506
5 1 201.143
5 2 2729.550
5 3 116.937
5 4 387.378
5 6 25541.571
5 7 163.747
5 8 480.936
5 9 2100.453
5 10 289.687
5 11 226.257
5 12 4494.295
5 13 1788.577
5 14 3492.391
5 15 2570.739
5 16 5875.825
5 17 121.297
5 18 212.985
5 19 56.753
5 20 27.834
5 21 361.398
5 22 142.101
6 0 473.651
6 1 270238.029
6 2 51188.259
6 3 25314.071
6 4 18337.629
6 5 25428.072
6 7 2342.202
6 8 27246.773
6 9 125226.525
6 10 24760.917
6 11 5724.472
6 12 111708.135
6 13 419843.713
6 14 87611.837
6 15 117548.454
6 16 529439.034
6 17 4942.532
6 18 13373.257
6 19 22888.646
6 20 15598.266
6 21 5404.075
6 22 4144.047
7 0 50.644
7 1 1131.372
7 2 706.804
7 3 180.293
7 4 4.345
7 5 157.644
7 6 7140.048
7 8 33.420
7 9 984.463
7 10 136.808
7 11 83.994
7 12 1011.637
7 13 8.724
7 14 1996.726
7 15 1954.722
7 16 3168.204
7 17 81.592
7 18 48.636
7 19 23.807
7 20 148.437
7 21 41.767
7 22 88.408
8 0 120.082
8 1 3386.137
8 2 643.816
8 3 122.697
8 4 369.044
8 5 391.053
8 6 27079.844
8 7 63.573
8 9 387.073
8 10 265.182
8 11 175.787
8 12 3960.686
8 13 10663.666
8 14 711.441
8 15 4918.040
8 16 2968.923
8 17 12.728
8 18 438.241
8 19 130.671
8 20 324.848
8 21 103.505
8 22 295.605
9 0 1139.777
9 1 20315.556
9 2 36589.123
9 3 1523.872
9 4 1985.175
9 5 878.528
9 6 32260.727
9 7 787.358
9 8 1391.844
9 10 713.775
9 11 903.281
9 12 4805.715
9 13 142223.911
9 14 85041.028
9 15 31142.903
9 16 51922.891
9 17 4364.975
9 18 5524.673
9 19 4267.005
9 20 4670.610
9 21 2397.944
9 22 2772.873
10 0 190.380
10 1 2266.274
10 2 2195.520
10 3 136.079
10 4 507.424
10 5 466.238
10 6 21781.201
10 7 21.128
10 8 458.266
10 9 4632.623
10 11 26.917
10 12 4285.860
10 13 9136.858
10 14 1413.996
10 15 1098.196
10 16 5116.128
10 17 393.281
10 18 231.802
10 19 476.118
10 20 132.409
10 21 58.931
10 22 140.519
11 0 78.435
11 1 1382.207
11 2 2333.463
11 3 276.897
11 4 28.148
11 5 267.182
11 6 6545.133
11 7 79.763
11 8 359.505
11 9 697.731
11 10 103.611
11 12 120.940
11 13 9525.004
11 14 395.230
11 15 972.629
11 16 5056.775
11 17 15.765
11 18 45.932
11 19 66.290
11 20 301.144
11 21 247.880
11 22 84.207
12 0 165.479
12 1 41617.485
12 2 4275.764
12 3 1078.604
12 4 3955.171
12 5 708.834
12 6 79300.962
12 7 1528.588
12 8 2302.061
12 9 38710.193
12 10 759.804
12 11 1116.759
12 13 66684.235
12 14 46258.635
12 15 22724.773
12 16 88183.937
12 17 443.875
12 18 5451.496
12 19 353.226
12 20 3218.116
12 21 2033.775
12 22 1751.722
13 0 3926.119
13 1 92191.266
13 2 27775.250
13 3 11150.362
13 4 10516.180
13 5 11175.247
13 6 104862.234
13 7 1081.572
13 8 1771.425
13 9 98349.956
13 10 12117.357
13 11 6691.629
13 12 109936.703
13 14 74617.660
13 15 432867.063
13 16 54623.843
13 17 297.574
13 18 7253.048
13 19 3400.916
13 20 8889.254
13 21 1295.357
13 22 4909.502
14 0 947.513
14 1 59383.181
14 2 48521.144
14 3 1410.246
14 4 9674.563
14 5 6209.268
14 6 432962.671
14 7 1975.136
14 8 1876.215
14 9 63242.095
14 10 295.984
14 11 2481.711
14 12 16625.494
14 13 92683.201
14 15 75851.257
14 16 6909.506
14 17 8292.683
14 18 2643.251
14 19 5355.857
14 20 2781.329
14 21 3501.546
14 22 925.956
15 0 3163.313
15 1 41907.213
15 2 116565.979
15 3 11614.035
15 4 14262.218
15 5 10190.307
15 6 221812.781
15 7 312.112
15 8 8970.299
15 9 23479.120
15 10 5074.357
15 11 4111.937
15 12 93070.727
15 13 335902.447
15 14 105906.855
15 16 269378.894
15 17 6455.948
15 18 142.264
15 19 719.089
15 20 9080.228
15 21 8531.537
15 22 2710.789
16 0 2289.384
16 1 63276.783
16 2 87463.124
16 3 10141.085
16 4 8005.773
16 5 3690.404
16 6 84358.141
16 7 2929.670
16 8 4877.093
16 9 63961.962
16 10 4274.924
16 11 5994.214
16 12 94634.980
16 13 213201.829
16 14 72563.078
16 15 249668.267
16 17 7510.272
16 18 356.105
16 19 7532.502
16 20 1963.151
16 21 3113.996
16 22 2144.039
17 0 181.936
17 1 3693.025
17 2 4563.016
17 3 474.405
17 4 178.334
17 5 361.956
17 6 9945.454
17 7 88.632
17 8 261.036
17 9 2697.274
17 10 200.286
17 11 110.869
17 12 3175.033
17 13 4257.852
17 14 5996.754
17 15 2766.988
17 16 4455.438
17 18 331.768
17 19 403.438
17 20 335.423
17 21 80.023
17 22 147.365
18 0 143.812
18 1 30.492
18 2 1597.928
18 3 593.247
18 4 423.708
18 5 234.729
18 6 8099.770
18 7 146.636
18 8 152.067
18 9 3181.396
18 10 76.044
18 11 190.928
18 12 5268.937
18 13 9792.035
18 14 8084.996
18 15 1725.763
18 16 5282.383
18 17 514.054
18 19 366.562
18 20 252.005
18 21 62.083
18 22 325.602
19 0 29.823
19 1 2258.667
19 2 4596.744
19 3 294.093
19 4 59.615
19 5 4.755
19 6 23274.412
19 7 128.246
19 8 249.366
19 9 3075.111
19 10 117.811
19 11 307.885
19 12 4618.831
19 13 12321.294
19 14 1911.436
19 15 3703.753
19 16 5202.501
19 17 136.404
19 18 440.809
19 20 42.740
19 21 269.692
19 22 169.443
20 0 98.368
20 1 314.256
20 2 228.515
20 3 147.643
20 4 90.812
20 5 77.868
20 6 5786.622
20 7 101.664
20 8 474.488
20 9 4361.403
20 10 295.165
20 11 48.687
20 12 1304.491
20 13 3396.484
20 14 7706.187
20 15 7359.929
20 16 7448.117
20 17 112.121
20 18 68.492
20 19 126.918
20 21 215.428
20 22 247.411
21 0 15.218
21 1 3144.786
21 2 1900.630
21 3 133.339
21 4 184.562
21 5 237.530
21 6 10834.947
21 7 66.328
21 8 62.380
21 9 1179.523
21 10 54.747
21 11 46.679
21 12 153.891
21 13 4327.857
21 14 594.709
21 15 3843.490
21 16 6678.465
21 17 313.714
21 18 338.351
21 19 37.392
21 20 27.232
21 22 161.331
22 0 47.228
22 1 348.949
22 2 1575.309
22 3 0.310
22 4 275.153
22 5 239.843
22 6 1202.291
22 7 68.980
22 8 3.432
22 9 2130.491
22 10 137.353
22 11 8.744
22 12 2567.415
22 13 120.133
22 14 5063.700
22 15 3408.853
22 16 5300.135
22 17 14.409
22 18 254.905
22 19 233.439
22 20 78.544
22 21 137.663
