506
0 1 1931.722
0 2 1000.267
0 3 233.004
0 4 233.669
0 5 106.806
0 6 2159.963
0 7 16.142
0 8 0.588
0 9 1350.604
0 10 108.878
0 11 6.405
0 12 1244.791
0 13 3327.050
0 14 2674.606
0 15 5761.859
0 16 723.834
0 17 156.574
0 18 53.578
0 19 49.135
0 20 211.504
0 21 2.436
0 22 131.579
1 0 1284.876
1 2 36183.529
1 3 3770.258
1 4 4931.917
1 5 3269.601
1 6 59296.718
1 7 1464.293
1 8 425.617
1 9 39418.547
1 10 4636.128
1 11 2947.689
1 12 50187.581
1 13 72461.766
1 14 60955.733
1 15 13399.257
1 16 95560.843
1 17 1083.419
1 18 4283.770
1 19 2267.749
1 20 3634.071
1 21 805.717
1 22 801.685
2 0 1506.952
2 1 42143.552
2 3 2432.404
2 4 4063.800
2 5 173.157
2 6 110636.309
2 7 344.513
2 8 3056.900
2 9 33014.362
2 10 82.077
2 11 2614.505
2 12 11179.891
2 13 139804.864
2 14 56890.173
2 15 62102.569
2 16 34701.912
2 17 2790.868
2 18 405.740
2 19 2213.439
2 20 4168.969
2 21 2230.827
2 22 2299.530
3 0 103.481
3 1 4469.531
3 2 3860.088
3 4 7.716
3 5 308.951
3 6 971.428
3 7 72.136
3 8 484.291
3 9 1097.758
3 10 330.188
3 11 283.467
3 12 2345.490
3 13 9575.988
3 14 4242.868
3 15 6539.262
3 16 7989.697
3 17 376.337
3 18 31.870
3 19 480.507
3 20 60.487
3 21 287.945
3 22 90.042
4 0 79.886
4 1 4419.743
4 2 5329.051
4 3 464.648
4 5 258.508
4 6 17093.786
4 7 177.537
4 8 249.854
4 9 5603.361
4 10 55.492
4 11 112.291
4 12 1920.786
4 13 1762.102
4 14 1073.340
4 15 16083.961
4 16 9399.252
4 17 283.432
4 18 508.392
4 19 106.631
4 20 510.794
4 21 278.337
4 22 269.808
5 0 70.997
5 1 1103.007
5 2 3415.760
5 3 349.156
5 4 530.402
5 6 12814.674
5 7 90.170
5 8 383.025
5 9 607.455
5 10 20.298
5 11 183.801
5 12 218.690
5 13 10172.837
5 14 1329.163
5 15 9717.711
5 16 6536.797
5 17 255.052
5 18 395.521
5 19 428.954
5 20 191.568
5 21 152.820
5 22 0.751
6 0 5481.627
6 1 71261.414
6 2 195906.959
6 3 20761.599
6 4 2709.893
6 5 12988.081
6 7 8676.473
6 8 8510.583
6 9 30391.202
6 10 24629.827
6 11 17471.539
6 12 142523.527
6 13 497649.451
6 14 363557.469
6 15 229246.089
6 16 128019.101
6 17 6590.542
6 18 8332.382
6 19 5151.592
6 20 21823.324
6 21 2772.489
6 22 7460.395
7 0 27.890
7 1 1042.750
7 2 147.272
7 3 72.362
7 4 18.998
7 5 51.522
7 6 9000.908
7 8 56.231
7 9 1719.608
7 10 135.362
7 11 106.949
7 12 1015.378
7 13 2782.635
7 14 1894.738
7 15 4655.829
7 16 2654.994
7 17 142.966
7 18 135.432
7 19 155.505
7 20 71.723
7 21 22.486
7 22 78.589
8 0 18.132
8 1 544.407
8 2 3117.081
8 3 599.359
8 4 87.470
8 5 68.284
8 6 30057.019
8 7 167.883
8 9 1475.217
8 10 22.413
8 11 79.799
8 12 5689.346
8 13 8447.373
8 14 3221.368
8 15 4343.196
8 16 1957.196
8 17 287.841
8 18 516.490
8 19 398.166
8 20 410.263
8 21 1.452
8 22 319.746
9 0 729.290
9 1 49426.945
9 2 26450.721
9 3 3221.935
9 4 3490.152
9 5 1349.965
9 6 14272.548
9 7 515.963
9 8 1464.814
9 10 1262.293
9 11 2811.060
9 12 25001.860
9 13 20066.154
9 14 18351.032
9 15 70552.852
9 16 61909.360
9 17 1758.431
9 18 1048.410
9 19 4858.436
9 20 3580.598
9 21 2145.995
9 22 2710.858
10 0 16.331
10 1 2995.326
10 2 4494.497
10 3 13.405
10 4 515.963
10 5 378.992
10 6 26431.984
10 7 132.087
10 8 373.107
10 9 1885.928
10 11 305.306
10 12 4244.092
10 13 9769.687
10 14 6607.971
10 15 3797.508
10 16 1005.003
10 17 69.678
10 18 317.988
10 19 379.415
10 20 446.617
10 21 205.524
10 22 34.532
11 0 137.676
11 1 3398.519
11 2 2312.271
11 3 9.722
11 4 374.365
11 5 315.156
11 6 7422.995
11 7 106.577
11 8 345.232
11 9 387.943
11 10 68.965
11 12 1550.768
11 13 945.216
11 14 265.776
11 15 1435.310
11 16 1436.460
11 17 182.628
11 18 169.820
11 19 303.276
11 20 329.924
11 21 210.635
11 22 59.455
12 0 1331.263
12 1 41904.911
12 2 37650.084
12 3 4575.077
12 4 3626.706
12 5 1046.195
12 6 213364.274
12 7 543.275
12 8 131.713
12 9 23529.334
12 10 605.085
12 11 491.446
12 13 147806.583
12 14 78159.897
12 15 20343.042
12 16 80104.745
12 17 47.238
12 18 4243.578
12 19 1948.346
12 20 3254.690
12 21 981.245
12 22 2121.616
13 0 5782.094
13 1 148523.209
13 2 6211.067
13 3 1842.118
13 4 10530.050
13 5 12446.291
13 6 390857.405
13 7 3648.598
13 8 2496.262
13 9 53373.726
13 10 12741.990
13 11 9149.981
13 12 65323.646
13 14 105364.123
13 15 349760.157
13 16 194164.821
13 17 2808.864
13 18 14397.304
13 19 1089.470
13 20 9448.576
13 21 10035.829
13 22 1203.649
14 0 1416.718
14 1 15637.789
14 2 4966.761
14 3 6005.679
14 4 1513.310
14 5 8078.083
14 6 14314.253
14 7 1299.952
14 8 2551.482
14 9 54123.437
14 10 4016.443
14 11 3310.136
14 12 17231.876
14 13 64597.893
14 15 114323.546
14 16 161619.440
14 17 6576.547
14 18 1032.905
14 19 8237.230
14 20 6060.189
14 21 938.016
14 22 1172.097
15 0 3183.640
15 1 63821.128
15 2 12823.672
15 3 14518.096
15 4 2854.146
15 5 11449.625
15 6 177237.062
15 7 1763.787
15 8 2272.164
15 9 12540.740
15 10 10223.850
15 11 6365.162
15 12 38853.234
15 13 127479.853
15 14 114754.872
15 16 110763.177
15 17 10765.453
15 18 5804.048
15 19 5857.960
15 20 14036.853
15 21 3002.824
15 22 1960.480
16 0 908.262
16 1 10200.089
16 2 9136.484
16 3 9237.316
16 4 7609.511
16 5 822.763
16 6 93966.289
16 7 1511.548
16 8 2243.504
16 9 27380.782
16 10 3375.617
16 11 1698.381
16 12 21956.124
16 13 232606.717
16 14 4014.825
16 15 101492.848
16 17 1263.960
16 18 7199.353
16 19 4673.763
16 20 8372.838
16 21 775.293
16 22 488.926
17 0 162.560
17 1 4470.756
17 2 2600.398
17 3 249.948
17 4 407.714
17 5 233.934
17 6 21463.963
17 7 136.170
17 8 341.811
17 9 3811.561
17 10 313.378
17 11 264.133
17 12 3015.433
17 13 4579.626
17 14 167.639
17 15 5907.976
17 16 7266.875
17 18 314.623
17 19 347.831
17 20 227.092
17 21 128.444
17 22 291.382
18 0 138.135
18 1 1517.911
18 2 4382.072
18 3 54.576
18 4 91.389
18 5 545.748
18 6 12439.330
18 7 16.487
18 8 17.511
18 9 296.989
18 10 222.275
18 11 108.335
18 12 2132.179
18 13 14883.649
18 14 4259.081
18 15 3486.818
18 16 9646.385
18 17 234.418
18 19 464.293
18 20 507.149
18 21 236.882
18 22 133.332
19 0 159.157
19 1 2029.591
19 2 2217.518
19 3 300.154
19 4 273.038
19 5 52.744
19 6 28014.666
19 7 81.476
19 8 548.126
19 9 323.509
19 10 432.623
19 11 207.090
19 12 140.595
19 13 1641.347
19 14 568.496
19 15 6386.829
19 16 3815.363
19 17 471.415
19 18 340.636
19 20 351.015
19 21 143.713
19 22 164.622
20 0 168.892
20 1 3967.835
20 2 1757.417
20 3 45.843
20 4 207.862
20 5 236.856
20 6 5740.275
20 7 25.654
20 8 471.904
20 9 603.995
20 10 237.173
20 11 177.195
20 12 1409.298
20 13 10378.454
20 14 1388.936
20 15 10252.996
20 16 4013.387
20 17 29.819
20 18 385.622
20 19 319.531
20 21 252.134
20 22 172.327
21 0 39.382
21 1 1571.505
21 2 2827.276
21 3 288.505
21 4 375.184
21 5 37.275
21 6 11456.695
21 7 38.944
21 8 174.977
21 9 324.799
21 10 147.516
21 11 122.801
21 12 1796.569
21 13 8957.248
21 14 581.262
21 15 1971.831
21 16 4323.313
21 17 270.453
21 18 389.236
21 19 154.100
21 20 199.921
21 22 45.868
22 0 116.735
22 1 2140.408
22 2 2516.829
22 3 102.025
22 4 13.983
22 5 166.252
22 6 6521.948
22 7 11.443
22 8 198.290
22 9 1736.321
22 10 69.233
22 11 156.293
22 12 730.808
22 13 4506.290
22 14 337.093
22 15 5867.521
22 16 905.134
22 17 198.160
22 18 152.170
22 19 294.072
22 20 277.864
22 21 92.277
