506
0 1 2236.660
0 2 358.110
0 3 157.283
0 4 242.296
0 5 90.965
0 6 7349.407
0 7 38.963
0 8 152.090
0 9 4.488
0 10 181.871
0 11 19.029
0 12 990.498
0 13 1096.490
0 14 1820.193
0 15 4177.861
0 16 3092.522
0 17 120.196
0 18 128.747
0 19 143.500
0 20 58.598
0 21 162.099
0 22 30.112
1 0 1428.166
1 2 39596.278
1 3 1046.887
1 4 4634.057
1 5 4440.286
1 6 118690.502
1 7 1561.329
1 8 3014.695
1 9 42658.868
1 10 2554.089
1 11 2434.531
1 12 14128.675
1 13 129393.496
1 14 25489.494
1 15 72908.294
1 16 19042.235
1 17 4773.382
1 18 3227.679
1 19 4504.056
1 20 1563.227
1 21 2676.425
1 22 164.233
2 0 202.894
2 1 14854.696
2 3 3987.690
2 4 1667.784
2 5 2680.493
2 6 261133.436
2 7 349.511
2 8 1482.810
2 9 37350.066
2 10 4087.492
2 11 1914.887
2 12 42697.060
2 13 33700.580
2 14 34754.381
2 15 103930.315
2 16 5360.078
2 17 4393.747
2 18 352.039
2 19 1902.157
2 20 3340.550
2 21 2978.614
2 22 1585.849
3 0 0.458
3 1 5139.621
3 2 1166.478
3 4 584.607
3 5 317.279
3 6 24038.988
3 7 130.022
3 8 139.226
3 9 1301.093
3 10 98.370
3 11 258.614
3 12 4820.088
3 13 2001.532
3 14 4003.771
3 15 9495.401
3 16 5975.664
3 17 419.391
3 18 263.332
3 19 501.032
3 20 223.385
3 21 395.914
3 22 143.090
4 0 266.531
4 1 1033.531
4 2 631.643
4 3 156.092
4 5 493.937
4 6 29414.021
4 7 118.951
4 8 99.859
4 9 1507.696
4 10 128.795
4 11 101.296
4 12 471.693
4 13 14647.124
4 14 6890.278
4 15 4556.042
4 16 10023.982
4 17 431.350
4 18 68.425
4 19 316.368
4 20 83.199
4 21 239.447
4 22 277.772
5 0 197.974
5 1 1425.608
5 2 4485.464
5 3 445.180
5 4 345.093
5 6 19015.950
5 7 85.054
5 8 190.257
5 9 1318.872
5 10 350.667
5 11 14.257
5 12 1193.164
5 13 3091.969
5 14 3311.025
5 15 2254.387
5 16 5279.210
5 17 0.146
5 18 386.534
5 19 227.727
5 20 452.070
5 21 117.738
5 22 220.638
6 0 2478.214
6 1 105539.026
6 2 121212.884
6 3 5341.197
6 4 23410.813
6 5 8567.452
6 7 1771.611
6 8 3034.628
6 9 81031.651
6 10 6271.155
6 11 15767.557
6 12 281565.498
6 13 578329.648
6 14 151926.524
6 15 564674.538
6 16 48680.469
6 17 13863.829
6 18 15914.435
6 19 17565.028
6 20 17344.675
6 21 16011.985
6 22 14676.900
7 0 76.696
7 1 651.132
7 2 1060.064
7 3 111.960
7 4 69.743
7 5 125.522
7 6 7227.940
7 8 122.660
7 9 1596.882
7 10 36.337
7 11 12.853
7 12 369.769
7 13 3027.941
7 14 2251.689
7 15 4724.421
7 16 1072.345
7 17 27.193
7 18 83.480
7 19 29.517
7 20 59.792
7 21 31.960
7 22 38.578
8 0 63.448
8 1 4247.434
8 2 2207.622
8 3 203.283
8 4 252.073
8 5 251.875
8 6 30799.293
8 7 128.568
8 9 4276.849
8 10 483.841
8 11 334.750
8 12 3428.060
8 13 1309.093
8 14 3337.920
8 15 13072.992
8 16 3015.315
8 17 483.541
8 18 223.216
8 19 377.716
8 20 196.382
8 21 361.854
8 22 225.395
9 0 1017.730
9 1 134.115
9 2 44651.386
9 3 2778.291
9 4 4237.267
9 5 0.297
9 6 260439.703
9 7 1332.143
9 8 4282.697
9 10 2759.357
9 11 560.682
9 12 22974.073
9 13 69339.063
9 14 88984.664
9 15 56329.677
9 16 13496.330
9 17 4395.497
9 18 5207.202
9 19 2919.769
9 20 1117.056
9 21 3208.982
9 22 2504.649
10 0 132.142
10 1 2170.237
10 2 3321.490
10 3 11.642
10 4 188.934
10 5 190.997
10 6 22429.997
10 7 33.010
10 8 38.246
10 9 3349.442
10 11 249.412
10 12 3294.516
10 13 1958.298
10 14 5725.008
10 15 2088.785
10 16 2187.699
10 17 407.431
10 18 276.380
10 19 268.034
10 20 122.182
10 21 224.899
10 22 17.508
11 0 164.033
11 1 3617.161
11 2 1439.847
11 3 211.046
11 4 56.220
11 5 67.988
11 6 12574.925
11 7 86.104
11 8 326.453
11 9 2713.235
11 10 117.655
11 12 1107.386
11 13 1819.487
11 14 5910.441
11 15 6452.464
11 16 415.111
11 17 264.485
11 18 201.242
11 19 242.934
11 20 197.294
11 21 173.222
11 22 49.311
12 0 226.849
12 1 43167.078
12 2 9201.309
12 3 1115.259
12 4 663.900
12 5 1452.321
12 6 115813.981
12 7 624.234
12 8 4030.255
12 9 21638.823
12 10 1635.117
12 11 1675.136
12 13 136445.957
12 14 62701.004
12 15 41262.811
12 16 13291.407
12 17 834.495
12 18 2840.119
12 19 2295.246
12 20 4703.330
12 21 922.536
12 22 1712.645
13 0 2980.043
13 1 6145.584
13 2 81093.920
13 3 6141.783
13 4 11605.069
13 5 14596.792
13 6 828558.168
13 7 2429.298
13 8 3950.529
13 9 73059.569
13 10 8722.962
13 11 3575.983
13 12 118124.713
13 14 70776.811
13 15 123243.416
13 16 110837.025
13 17 6219.948
13 18 13258.513
13 19 7551.627
13 20 10167.981
13 21 1194.401
13 22 4459.094
14 0 1640.479
14 1 16563.180
14 2 3800.701
14 3 6914.804
14 4 267.113
14 5 3788.629
14 6 348503.331
14 7 1126.948
14 8 5968.612
14 9 51909.463
14 10 6286.739
14 11 706.736
14 12 55694.640
14 13 164263.063
14 15 27525.117
14 16 137539.216
14 17 2214.762
14 18 3026.885
14 19 3390.879
14 20 6959.468
14 21 502.103
14 22 383.421
15 0 6660.967
15 1 37710.351
15 2 107409.113
15 3 15647.057
15 4 5940.977
15 5 13680.921
15 6 434133.619
15 7 4847.037
15 8 8096.818
15 9 91318.566
15 10 1503.729
15 11 6309.794
15 12 11929.907
15 13 181965.715
15 14 19677.896
15 16 179628.994
15 17 9861.797
15 18 5755.237
15 19 1586.877
15 20 4571.743
15 21 2719.525
15 22 1879.730
16 0 1298.189
16 1 63071.689
16 2 2877.749
16 3 6205.112
16 4 6262.198
16 5 7362.286
16 6 76875.928
16 7 2421.049
16 8 6085.292
16 9 11761.685
16 10 4928.227
16 11 6640.819
16 12 92632.998
16 13 132293.971
16 14 2870.841
16 15 136362.958
16 17 398.434
16 18 3345.057
16 19 901.100
16 20 6057.360
16 21 1536.629
16 22 1527.046
17 0 233.535
17 1 3567.019
17 2 2727.941
17 3 478.136
17 4 376.226
17 5 242.754
17 6 25403.503
17 7 27.814
17 8 228.453
17 9 4860.238
17 10 119.158
17 11 209.054
17 12 1206.515
17 13 3877.748
17 14 5108.721
17 15 879.835
17 16 8006.927
17 18 433.285
17 19 357.191
17 20 155.597
17 21 220.552
17 22 132.689
18 0 227.108
18 1 876.665
18 2 5288.415
18 3 162.764
18 4 138.085
18 5 513.815
18 6 20222.645
18 7 114.618
18 8 471.818
18 9 4794.606
18 10 418.901
18 11 380.505
18 12 5028.766
18 13 8908.523
18 14 9091.951
18 15 11154.931
18 16 6091.184
18 17 347.868
18 19 324.235
18 20 421.906
18 21 73.676
18 22 322.284
19 0 58.422
19 1 3834.943
19 2 3583.272
19 3 17.209
19 4 537.188
19 5 430.865
19 6 5545.792
19 7 23.686
19 8 381.047
19 9 670.742
19 10 224.021
19 11 16.331
19 12 1965.911
19 13 9801.161
19 14 1393.159
19 15 1141.419
19 16 294.212
19 17 360.135
19 18 339.533
19 20 438.116
19 21 154.282
19 22 129.950
20 0 87.360
20 1 1698.422
20 2 2921.221
20 3 118.034
20 4 1.399
20 5 371.681
20 6 22177.613
20 7 24.469
20 8 382.230
20 9 2487.202
20 10 173.924
20 11 265.839
20 12 4412.260
20 13 4135.967
20 14 1719.581
20 15 10458.060
20 16 2290.338
20 17 215.526
20 18 113.442
20 19 458.456
20 21 104.655
20 22 159.598
21 0 142.530
21 1 2011.721
21 2 967.655
21 3 217.072
21 4 243.002
21 5 39.119
21 6 5461.185
21 7 49.593
21 8 105.128
21 9 3597.822
21 10 229.281
21 11 134.639
21 12 739.422
21 13 1244.160
21 14 5190.485
21 15 5860.399
21 16 3153.260
21 17 85.449
21 18 303.569
21 19 12.165
21 20 253.766
21 22 145.059
22 0 139.883
22 1 2138.784
22 2 1456.850
22 3 221.451
22 4 103.778
22 5 175.842
22 6 15101.521
22 7 71.850
22 8 261.113
22 9 1219.247
22 10 74.298
22 11 209.491
22 12 2422.250
22 13 7119.856
22 14 4624.618
22 15 8445.513
22 16 5431.007
22 17 284.774
22 18 27.197
22 19 161.554
22 20 66.357
22 21 173.774
