506
0 1 364.683
0 2 1898.211
0 3 137.304
0 4 32.837
0 5 240.730
0 6 8416.508
0 7 47.447
0 8 143.526
0 9 628.654
0 10 147.977
0 11 22.967
0 12 1034.646
0 13 6939.193
0 14 3802.063
0 15 5842.347
0 16 272.656
0 17 147.887
0 18 20.627
0 19 44.698
0 20 23.809
0 21 18.340
0 22 102.462
1 0 1238.346
1 2 28417.682
1 3 1852.935
1 4 3345.676
1 5 4963.661
1 6 283138.575
1 7 553.793
1 8 3912.769
1 9 49814.764
1 10 201.267
1 11 3442.153
1 12 23337.992
1 13 35897.533
1 14 38193.541
1 15 100414.030
1 16 31053.668
1 17 3738.241
1 18 2269.650
1 19 4271.834
1 20 373.095
1 21 1162.272
1 22 2300.649
2 0 507.680
2 1 18394.398
2 3 3131.880
2 4 3463.741
2 5 2275.887
2 6 53925.552
2 7 61.767
2 8 4204.093
2 9 29405.556
2 10 2584.475
2 11 2746.477
2 12 40925.916
2 13 122696.830
2 14 8667.074
2 15 39006.537
2 16 36960.716
2 17 984.143
2 18 477.440
2 19 4851.440
2 20 2433.869
2 21 2036.929
2 22 2010.386
3 0 48.521
3 1 1906.229
3 2 2395.330
3 4 544.363
3 5 38.624
3 6 15760.348
3 7 86.457
3 8 438.567
3 9 5374.161
3 10 253.095
3 11 31.902
3 12 5446.917
3 13 7074.472
3 14 1713.241
3 15 5912.221
3 16 7125.619
3 17 140.341
3 18 304.620
3 19 371.016
3 20 380.047
3 21 124.245
3 22 115.941
4 0 269.579
4 1 5347.591
4 2 5065.406
4 3 286.113
4 5 302.779
4 6 30790.851
4 7 123.889
4 8 113.341
4 9 501.641
4 10 195.328
4 11 184.010
4 12 122.392
4 13 12002.981
4 14 6801.571
4 15 10992.852
4 16 9916.863
4 17 9.401
4 18 22.544
4 19 27.689
4 20 127.922
4 21 388.263
4 22 57.189
5 0 169.309
5 1 4867.310
5 2 2425.321
5 3 263.236
5 4 208.197
5 6 23888.135
5 7 5.036
5 8 341.776
5 9 1645.041
5 10 266.859
5 11 24.735
5 12 1990.380
5 13 151.846
5 14 7124.458
5 15 7584.822
5 16 8227.178
5 17 282.512
5 18 413.480
5 19 326.278
5 20 80.340
5 21 84.776
5 22 12.273
6 0 13005.967
6 1 108873.541
6 2 4448.359
6 3 18900.998
6 4 14327.920
6 5 14281.531
6 7 2715.103
6 8 27932.058
6 9 28272.126
6 10 4020.715
6 11 16883.907
6 12 271850.092
6 13 393495.584
6 14 202084.306
6 15 334751.142
6 16 126378.067
6 17 24609.776
6 18 9584.499
6 19 2377.332
6 20 5110.676
6 21 350.254
6 22 110.929
7 0 23.057
7 1 451.197
7 2 801.880
7 3 17.475
7 4 188.539
7 5 136.193
7 6 559.278
7 8 167.458
7 9 416.442
7 10 152.589
7 11 12.999
7 12 309.230
7 13 5025.239
7 14 748.247
7 15 154.877
7 16 333.693
7 17 54.865
7 18 51.022
7 19 166.477
7 20 36.364
7 21 95.361
7 22 10.233
8 0 228.164
8 1 3500.808
8 2 3700.988
8 3 269.053
8 4 258.230
8 5 219.761
8 6 22952.422
8 7 129.029
8 9 2231.862
8 10 419.446
8 11 390.287
8 12 2056.840
8 13 8870.978
8 14 4974.318
8 15 5723.589
8 16 2487.255
8 17 231.804
8 18 589.127
8 19 70.318
8 20 360.185
8 21 327.594
8 22 106.699
9 0 1150.930
9 1 47658.404
9 2 17809.695
9 3 4877.693
9 4 3567.700
9 5 4762.276
9 6 253687.906
9 7 1542.390
9 8 1784.921
9 10 2986.837
9 11 2104.277
9 12 50408.202
9 13 38442.817
9 14 47513.534
9 15 58848.937
9 16 35410.781
9 17 4509.920
9 18 500.705
9 19 3267.131
9 20 4185.341
9 21 1936.408
9 22 2686.536
10 0 220.115
10 1 834.651
10 2 2906.306
10 3 34.655
10 4 67.783
10 5 476.468
10 6 14790.235
10 7 78.637
10 8 427.670
10 9 2961.056
10 11 207.071
10 12 3217.999
10 13 10884.182
10 14 393.007
10 15 9496.371
10 16 1653.962
10 17 165.120
10 18 485.727
10 19 40.331
10 20 28.089
10 21 215.940
10 22 8.671
11 0 153.758
11 1 57.960
11 2 1485.780
11 3 138.731
11 4 62.155
11 5 66.116
11 6 2500.371
11 7 106.043
11 8 73.568
11 9 2754.854
11 10 298.720
11 12 2336.655
11 13 2490.990
11 14 2779.663
11 15 9346.406
11 16 3681.380
11 17 102.970
11 18 25.358
11 19 292.596
11 20 94.768
11 21 35.591
11 22 94.009
12 0 1680.052
12 1 38609.927
12 2 33747.375
12 3 1163.758
12 4 5316.295
12 5 1077.882
12 6 54863.953
12 7 200.253
12 8 3781.887
12 9 28086.236
12 10 3498.840
12 11 3153.236
12 13 112285.807
12 14 36828.646
12 15 80605.416
12 16 36674.708
12 17 3141.787
12 18 3427.444
12 19 66.978
12 20 3431.059
12 21 629.966
12 22 896.068
13 0 6067.237
13 1 44514.790
13 2 129111.223
13 3 13241.680
13 4 2124.610
13 5 13167.359
13 6 183785.043
13 7 2766.051
13 8 5009.112
13 9 111808.078
13 10 10913.003
13 11 4670.605
13 12 119516.705
13 14 96034.116
13 15 400240.450
13 16 148668.489
13 17 4478.551
13 18 7351.461
13 19 395.966
13 20 13753.696
13 21 3514.518
13 22 4424.618
14 0 1716.905
14 1 36917.503
14 2 67853.674
14 3 6571.452
14 4 8885.032
14 5 8182.824
14 6 324308.840
14 7 1534.913
14 8 5427.069
14 9 7428.620
14 10 1926.568
14 11 3764.049
14 12 33254.429
14 13 69282.485
14 15 96765.729
14 16 72111.755
14 17 3104.408
14 18 464.565
14 19 89.294
14 20 6404.205
14 21 3773.498
14 22 875.811
15 0 321.491
15 1 56954.557
15 2 37437.503
15 3 9721.025
15 4 2375.869
15 5 5436.110
15 6 169542.271
15 7 3715.511
15 8 5931.250
15 9 67627.968
15 10 12364.958
15 11 1311.461
15 12 11306.737
15 13 234776.547
15 14 96888.456
15 16 129355.184
15 17 1921.583
15 18 2142.341
15 19 14604.104
15 20 1415.261
15 21 2323.591
15 22 2915.592
16 0 2341.680
16 1 51190.124
16 2 52052.782
16 3 8770.338
16 4 8352.210
16 5 5430.158
16 6 45279.560
16 7 2907.515
16 8 10440.810
16 9 54868.208
16 10 2522.392
16 11 500.740
16 12 92335.596
16 13 200154.306
16 14 133401.536
16 15 118063.445
16 17 5666.802
16 18 1474.834
16 19 7468.039
16 20 4236.502
16 21 4585.226
16 22 2918.959
17 0 119.557
17 1 2682.091
17 2 952.127
17 3 429.730
17 4 86.399
17 5 374.499
17 6 17551.257
17 7 144.232
17 8 142.342
17 9 4325.363
17 10 150.944
17 11 73.913
17 12 1743.086
17 13 10731.954
17 14 8154.214
17 15 11598.769
17 16 3196.959
17 18 512.385
17 19 113.373
17 20 406.662
17 21 146.063
17 22 279.315
18 0 230.316
18 1 3856.550
18 2 791.926
18 3 232.212
18 4 363.432
18 5 508.867
18 6 11747.398
18 7 101.354
18 8 117.809
18 9 519.362
18 10 24.126
18 11 308.025
18 12 2319.283
18 13 16205.633
18 14 1768.751
18 15 692.230
18 16 6036.198
18 17 556.284
18 19 362.359
18 20 77.324
18 21 388.807
18 22 83.672
19 0 5.550
19 1 3662.998
19 2 4311.446
19 3 517.699
19 4 68.711
19 5 158.862
19 6 23094.280
19 7 4.261
19 8 4.643
19 9 3273.589
19 10 134.373
19 11 128.727
19 12 857.723
19 13 2107.453
19 14 970.342
19 15 7648.490
19 16 1688.876
19 17 230.314
19 18 164.455
19 20 451.015
19 21 321.709
19 22 92.543
20 0 156.173
20 1 472.949
20 2 192.256
20 3 306.269
20 4 116.920
20 5 454.258
20 6 17842.641
20 7 141.613
20 8 291.391
20 9 925.421
20 10 252.227
20 11 307.655
20 12 1272.762
20 13 7925.128
20 14 5392.858
20 15 3441.185
20 16 2311.226
20 17 117.610
20 18 153.411
20 19 133.649
20 21 125.330
20 22 10.728
21 0 73.580
21 1 1604.412
21 2 625.698
21 3 17.327
21 4 283.809
21 5 6.577
21 6 2899.636
21 7 105.053
21 8 302.443
21 9 670.249
21 10 127.947
21 11 34.613
21 12 630.523
21 13 451.316
21 14 2924.696
21 15 2402.918
21 16 3189.852
21 17 42.044
21 18 123.882
21 19 90.041
21 20 253.769
21 22 194.431
22 0 139.721
22 1 178.157
22 2 2062.111
22 3 162.283
22 4 288.713
22 5 174.037
22 6 657.373
22 7 84.572
22 8 235.809
22 9 2922.780
22 10 231.748
22 11 143.338
22 12 119.484
22 13 7477.746
22 14 3256.402
22 15 6594.912
22 16 4852.270
22 17 46.854
22 18 272.143
22 19 244.994
22 20 206.232
22 21 182.910
