506
0 1 749588879.772
0 2 186462355.539
0 3 165359753.028
0 4 188810344.035
0 5 150181775.545
0 6 171112400.497
0 7 1017292077.977
0 8 177342470.494
0 9 1149615069.189
0 10 1185905541.534
0 11 473614032.039
0 12 982783332.504
0 13 1389441550.142
0 14 8965519.722
0 15 1197979219.431
0 16 10354576.465
0 17 505988121.227
0 18 80862208.423
0 19 653813698.622
0 20 1152238294.778
0 21 599264869.883
0 22 168847774.394
1 0 859241731.400
1 2 91736014.341
1 3 162152646.505
1 4 100271707.974
1 5 108988227.117
1 6 98025370.882
1 7 739886243.486
1 8 100284017.498
1 9 945530684.987
1 10 574638017.071
1 11 276214705.204
1 12 1199763512.840
1 13 828917745.199
1 14 8412253.608
1 15 935804625.849
1 16 7900160.470
1 17 392603975.763
1 18 59739043.076
1 19 369120121.505
1 20 662286591.698
1 21 612185288.101
1 22 165304003.410
2 0 155937155.578
2 1 165832979.798
2 3 23933908.149
2 4 37973268.029
2 5 25875163.369
2 6 17090625.875
2 7 186045140.857
2 8 35873197.241
2 9 222782278.605
2 10 191862953.445
2 11 58176088.743
2 12 197697163.417
2 13 252860216.227
2 14 1591191.983
2 15 193468830.741
2 16 1916471.237
2 17 103548194.140
2 18 18250773.608
2 19 75910739.570
2 20 170577331.002
2 21 108066918.922
2 22 37219518.348
3 0 181545963.199
3 1 153202128.554
3 2 27823280.912
3 4 30868561.787
3 5 17521002.882
3 6 35705253.211
3 7 137323022.432
3 8 27465138.427
3 9 135485557.683
3 10 168571691.274
3 11 71308340.173
3 12 211777604.795
3 13 157971156.886
3 14 1672378.655
3 15 202633145.653
3 16 2176819.385
3 17 53354432.403
3 18 13466006.048
3 19 89907981.870
3 20 141880737.097
3 21 114570588.467
3 22 27601886.675
4 0 201697665.116
4 1 166046205.705
4 2 34649206.860
4 3 23897093.240
4 5 17982769.623
4 6 35254860.123
4 7 159036625.260
4 8 30091178.510
4 9 115863659.926
4 10 151985787.769
4 11 82017250.626
4 12 278681810.844
4 13 140218439.717
4 14 2124067.032
4 15 207003877.316
4 16 1512450.370
4 17 75011356.971
4 18 16520928.033
4 19 89513692.565
4 20 140195313.931
4 21 91987953.237
4 22 18620160.926
5 0 170302838.652
5 1 118067397.165
5 2 36002493.633
5 3 30470863.007
5 4 17610883.625
5 6 22453227.847
5 7 147213016.028
5 8 22163638.675
5 9 169262670.490
5 10 179657947.191
5 11 75331638.285
5 12 259707531.969
5 13 186621424.314
5 14 1742603.436
5 15 191818090.299
5 16 2113284.028
5 17 58755106.914
5 18 13246291.830
5 19 71174301.110
5 20 256538918.487
5 21 152119001.609
5 22 28996223.402
6 0 128392225.454
6 1 134312242.891
6 2 31886209.500
6 3 35895340.616
6 4 17835249.265
6 5 26439237.384
6 7 138795116.820
6 8 23601241.680
6 9 194972088.972
6 10 166031444.924
6 11 56285381.100
6 12 218018387.090
6 13 271120925.718
6 14 1552104.371
6 15 155738063.005
6 16 1218968.333
6 17 56006225.497
6 18 18414942.832
6 19 77189940.677
6 20 171534724.692
6 21 151767346.395
6 22 20468781.200
7 0 721305166.916
7 1 791261663.007
7 2 168790873.312
7 3 185704828.178
7 4 155117599.250
7 5 142761833.282
7 6 152152077.432
7 8 129916189.371
7 9 738513635.843
7 10 746215998.723
7 11 296705621.427
7 12 1084313801.642
7 13 1648398241.371
7 14 10802296.037
7 15 1108877115.913
7 16 9076977.049
7 17 526584219.975
7 18 120221132.110
7 19 335346176.553
7 20 1542534905.682
7 21 602133495.432
7 22 184411279.768
8 0 154129503.323
8 1 131043891.152
8 2 36898866.657
8 3 34862099.747
8 4 29529462.286
8 5 29460875.692
8 6 29488797.264
8 7 135101989.372
8 9 108253867.663
8 10 126297645.962
8 11 82441327.108
8 12 201570995.528
8 13 256658566.223
8 14 1076809.941
8 15 206089038.520
8 16 1452638.085
8 17 106999770.567
8 18 20898695.461
8 19 77422426.483
8 20 242865352.509
8 21 143523543.866
8 22 35758248.368
9 0 1065403842.119
9 1 1001630060.975
9 2 162227953.082
9 3 121845870.863
9 4 171570634.484
9 5 151815294.357
9 6 115265932.805
9 7 688286431.223
9 8 168660849.096
9 10 890014727.805
9 11 482850292.285
9 12 1608288117.149
9 13 874662171.599
9 14 12013795.944
9 15 834819121.986
9 16 8027596.434
9 17 454364163.890
9 18 142047454.436
9 19 456742370.788
9 20 1087509363.194
9 21 501232743.005
9 22 232303740.771
10 0 703921747.433
10 1 1079026303.917
10 2 201740684.020
10 3 200213216.430
10 4 191541396.322
10 5 195813394.437
10 6 141336121.820
10 7 898564582.532
10 8 125981424.506
10 9 1612225178.087
10 11 428121794.634
10 12 1145177096.217
10 13 1635174639.867
10 14 7489565.468
10 15 917757486.682
10 16 16080596.716
10 17 765155949.983
10 18 93180525.499
10 19 412083889.503
10 20 1352547269.590
10 21 1157602800.681
10 22 253899443.326
11 0 429215197.178
11 1 300858420.929
11 2 84760248.577
11 3 58528750.471
11 4 51516691.577
11 5 50898475.819
11 6 63620082.052
11 7 328951855.768
11 8 52826056.851
11 9 399981020.494
11 10 578499583.515
11 12 581078810.450
11 13 366631556.637
11 14 4754835.333
11 15 613169483.021
11 16 3843560.183
11 17 272905193.591
11 18 43495540.002
11 19 256873727.185
11 20 656247556.724
11 21 371885911.539
11 22 42389561.633
12 0 907575456.831
12 1 1339852698.362
12 2 220517144.229
12 3 306273424.694
12 4 269242427.989
12 5 188208360.850
12 6 271308536.773
12 7 1430677104.210
12 8 146932565.262
12 9 1882803424.034
12 10 1630406813.244
12 11 683013075.478
12 13 1643145809.915
12 14 13151881.992
12 15 2089734000.057
12 16 13672622.558
12 17 936169060.489
12 18 100803553.696
12 19 692602206.860
12 20 2270595565.979
12 21 1256744057.165
12 22 145057570.303
13 0 1517105734.645
13 1 653103863.943
13 2 142967335.798
13 3 180160405.768
13 4 276320136.078
13 5 247506827.194
13 6 207603378.454
13 7 1090486399.430
13 8 219584962.388
13 9 1782064668.146
13 10 1463423407.480
13 11 566844660.537
13 12 1076473322.589
13 14 16180048.448
13 15 1428108022.905
13 16 14884294.145
13 17 537189156.543
13 18 172096113.841
13 19 572863978.122
13 20 1367355804.205
13 21 1011730679.491
13 22 217785065.345
14 0 13006360.667
14 1 9507567.540
14 2 1623973.159
14 3 1808686.444
14 4 1424725.626
14 5 1034559.012
14 6 2163085.672
14 7 8519685.396
14 8 1213917.740
14 9 15002527.201
14 10 8634353.885
14 11 2889402.326
14 12 11668803.825
14 13 14389584.371
14 15 9099937.672
14 16 133427.686
14 17 4734171.523
14 18 1216012.729
14 19 3535286.092
14 20 16866410.955
14 21 5388345.063
14 22 2230653.651
15 0 1047124012.715
15 1 535744264.771
15 2 263809098.080
15 3 186633459.845
15 4 248163773.703
15 5 146081980.280
15 6 138623667.685
15 7 983807554.809
15 8 192753715.576
15 9 1118769018.822
15 10 1493455408.011
15 11 527375575.154
15 12 1537589922.865
15 13 870411019.774
15 14 15297793.718
15 16 12496689.977
15 17 532250994.119
15 18 85298884.628
15 19 577769832.589
15 20 1103920069.868
15 21 609091059.619
15 22 115959929.934
16 0 8351410.441
16 1 5222808.181
16 2 1253591.261
16 3 1397448.420
16 4 1489854.382
16 5 1073124.366
16 6 1173480.746
16 7 12632757.806
16 8 1030535.285
16 9 13966880.465
16 10 15665336.761
16 11 4716567.114
16 12 14115909.809
16 13 15561712.976
16 14 86399.184
16 15 14278503.754
16 17 5605243.990
16 18 869181.808
16 19 5394414.953
16 20 15871610.684
16 21 8086087.856
16 22 1261790.148
17 0 596619116.055
17 1 360416185.838
17 2 87562338.359
17 3 100781581.366
17 4 78877469.679
17 5 98605011.070
17 6 67152674.910
17 7 384266396.163
17 8 63496149.712
17 9 342450695.024
17 10 760055398.307
17 11 203293874.639
17 12 836281978.047
17 13 528863845.508
17 14 5451461.137
17 15 444392171.332
17 16 3611475.167
17 18 51641401.365
17 19 281201147.288
17 20 689254080.187
17 21 403367749.173
17 22 73224244.141
18 0 62403191.089
18 1 63509204.442
18 2 11514118.659
18 3 12977037.056
18 4 13465850.490
18 5 13685781.402
18 6 19736669.550
18 7 114894684.597
18 8 19820431.476
18 9 105952708.761
18 10 122383722.158
18 11 52696371.475
18 12 118934986.975
18 13 112057645.652
18 14 1333414.389
18 15 120075882.597
18 16 757025.513
18 17 53669319.372
18 19 35555564.515
18 20 91985174.783
18 21 51029112.510
18 22 10508777.523
19 0 532097002.974
19 1 370730840.931
19 2 92393465.106
19 3 53218459.204
19 4 64621399.601
19 5 86001502.009
19 6 51831664.679
19 7 379401225.397
19 8 53567998.802
19 9 382601190.940
19 10 414201150.559
19 11 200804151.999
19 12 493484866.250
19 13 387677110.563
19 14 4186244.157
19 15 753836082.893
19 16 5172064.183
19 17 214567420.722
19 18 41811033.198
19 20 608934762.090
19 21 254777883.178
19 22 76669755.807
20 0 1582615220.258
20 1 889752361.650
20 2 213210652.283
20 3 206827518.045
20 4 253042433.308
20 5 165652320.888
20 6 127943936.791
20 7 993689825.156
20 8 236069741.836
20 9 1097561245.179
20 10 1186106085.082
20 11 431834496.780
20 12 1570647094.891
20 13 1894473050.470
20 14 13512522.040
20 15 1315188220.299
20 16 12949524.240
20 17 762909866.257
20 18 111845266.166
20 19 440094704.449
20 21 843224375.187
20 22 152167270.072
21 0 529432979.887
21 1 622295547.847
21 2 142482005.580
21 3 136653146.587
21 4 102231837.951
21 5 160423597.569
21 6 165310424.698
21 7 740502315.857
21 8 119805421.907
21 9 505635829.224
21 10 889240884.828
21 11 186854337.138
21 12 1394072049.236
21 13 924797593.777
21 14 5596351.439
21 15 765457604.961
21 16 9018893.274
21 17 469614569.506
21 18 93742831.909
21 19 463808295.750
21 20 1024155534.093
21 22 100038525.783
22 0 131102631.618
22 1 115434305.761
22 2 24422847.951
22 3 29209577.766
22 4 22671951.161
22 5 25585793.002
22 6 28512200.586
22 7 212983430.984
22 8 29594070.254
22 9 235567596.088
22 10 188108557.026
22 11 69249003.843
22 12 280909054.432
22 13 221390498.377
22 14 1076448.501
22 15 225681010.435
22 16 1983622.770
22 17 61318018.308
22 18 15255213.718
22 19 92032919.852
22 20 204298469.123
22 21 86531631.647
