506
0 1 375.814
0 2 1310.457
0 3 54.128
0 4 160.122
0 5 1.410
0 6 2619.625
0 7 52.034
0 8 263.932
0 9 836.817
0 10 157.812
0 11 96.953
0 12 1507.891
0 13 1936.470
0 14 3186.354
0 15 3886.146
0 16 3551.344
0 17 104.123
0 18 2.617
0 19 53.488
0 20 146.481
0 21 17.220
0 22 137.593
1 0 1222.933
1 2 18720.275
1 3 5107.824
1 4 5257.079
1 5 758.087
1 6 276184.642
1 7 294.532
1 8 3201.269
1 9 238.923
1 10 710.090
1 11 819.947
1 12 18183.562
1 13 132442.591
1 14 19718.058
1 15 146010.307
1 16 42087.099
1 17 3689.405
1 18 4850.128
1 19 2306.771
1 20 912.462
1 21 228.606
1 22 952.132
2 0 2225.461
2 1 44027.133
2 3 4017.371
2 4 1839.798
2 5 3749.603
2 6 52839.897
2 7 515.855
2 8 2522.175
2 9 23203.951
2 10 1884.412
2 11 1942.326
2 12 14086.629
2 13 48891.711
2 14 62592.970
2 15 66518.078
2 16 24033.574
2 17 3438.670
2 18 444.687
2 19 4805.377
2 20 3353.139
2 21 624.215
2 22 645.477
3 0 125.490
3 1 2216.894
3 2 5151.341
3 4 596.219
3 5 191.434
3 6 15163.255
3 7 79.316
3 8 474.388
3 9 2650.605
3 10 173.668
3 11 155.956
3 12 3704.444
3 13 7741.427
3 14 761.413
3 15 6530.666
3 16 4576.638
3 17 498.239
3 18 419.157
3 19 132.246
3 20 297.944
3 21 363.971
3 22 216.787
4 0 211.190
4 1 1817.677
4 2 787.418
4 3 317.788
4 5 508.391
4 6 3084.596
4 7 121.749
4 8 537.751
4 9 3265.629
4 10 264.801
4 11 125.827
4 12 1167.640
4 13 7251.222
4 14 9717.167
4 15 7091.822
4 16 259.365
4 17 179.537
4 18 531.467
4 19 212.263
4 20 430.474
4 21 75.392
4 22 294.715
5 0 189.574
5 1 2932.257
5 2 1268.964
5 3 391.917
5 4 531.681
5 6 24922.023
5 7 89.409
5 8 549.237
5 9 4495.835
5 10 92.130
5 11 132.329
5 12 1945.250
5 13 13022.607
5 14 3739.182
5 15 8246.189
5 16 9491.273
5 17 15.942
5 18 23.689
5 19 480.529
5 20 14.677
5 21 109.707
5 22 247.814
6 0 7603.990
6 1 4893.462
6 2 138733.740
6 3 20376.366
6 4 7645.888
6 5 3991.158
6 7 7337.851
6 8 16173.749
6 9 31514.570
6 10 16207.599
6 11 14491.810
6 12 82137.595
6 13 264360.673
6 14 82640.041
6 15 216047.234
6 16 312581.908
6 17 513.551
6 18 2230.472
6 19 27332.009
6 20 10981.008
6 21 14120.866
6 22 9580.970
7 0 62.060
7 1 610.010
7 2 1574.660
7 3 8.067
7 4 104.116
7 5 154.166
7 6 2829.268
7 8 75.872
7 9 813.566
7 10 156.455
7 11 59.897
7 12 1611.159
7 13 2326.589
7 14 2718.836
7 15 2753.831
7 16 626.574
7 17 11.134
7 18 5.397
7 19 170.267
7 20 160.293
7 21 74.009
7 22 20.944
8 0 147.136
8 1 2503.278
8 2 2044.892
8 3 100.733
8 4 476.700
8 5 33.893
8 6 11607.866
8 7 86.409
8 9 2564.733
8 10 63.613
8 11 345.143
8 12 3551.297
8 13 4213.975
8 14 2798.080
8 15 5405.475
8 16 826.158
8 17 426.516
8 18 170.272
8 19 444.048
8 20 187.515
8 21 59.144
8 22 268.211
9 0 1444.348
9 1 9703.741
9 2 20066.370
9 3 3856.726
9 4 1373.113
9 5 1893.487
9 6 256348.404
9 7 1097.342
9 8 5638.817
9 10 3735.762
9 11 3076.901
9 12 46695.214
9 13 77090.188
9 14 47193.363
9 15 14440.145
9 16 70208.389
9 17 1129.195
9 18 3017.583
9 19 2471.281
9 20 4308.983
9 21 3331.600
9 22 2269.096
10 0 43.804
10 1 4509.783
10 2 2853.110
10 3 7.696
10 4 362.824
10 5 12.597
10 6 3969.748
10 7 34.432
10 8 244.201
10 9 3632.657
10 11 119.591
10 12 2039.003
10 13 609.960
10 14 6256.893
10 15 5164.301
10 16 5037.441
10 17 180.679
10 18 302.382
10 19 169.293
10 20 290.191
10 21 148.536
10 22 75.920
11 0 86.704
11 1 1537.898
11 2 3313.029
11 3 314.086
11 4 195.788
11 5 134.217
11 6 9556.854
11 7 34.416
11 8 43.125
11 9 1446.571
11 10 112.527
11 12 1074.403
11 13 5956.079
11 14 4747.894
11 15 5943.266
11 16 5435.980
11 17 160.124
11 18 276.483
11 19 264.077
11 20 276.976
11 21 55.219
11 22 62.067
12 0 1874.301
12 1 8762.430
12 2 24561.766
12 3 2771.789
12 4 4605.637
12 5 4125.387
12 6 84879.217
12 7 946.221
12 8 902.649
12 9 9284.096
12 10 4499.924
12 11 3424.354
12 13 32869.823
12 14 7799.020
12 15 97308.943
12 16 68394.028
12 17 3129.597
12 18 1505.573
12 19 3395.155
12 20 1042.834
12 21 711.362
12 22 2024.747
13 0 4660.440
13 1 23226.813
13 2 56317.171
13 3 14460.289
13 4 7960.954
13 5 450.133
13 6 505204.293
13 7 4228.585
13 8 29.484
13 9 148144.248
13 10 12011.545
13 11 4132.372
13 12 334.053
13 14 106813.507
13 15 168500.469
13 16 122355.992
13 17 13538.099
13 18 5147.435
13 19 11738.233
13 20 2704.893
13 21 10571.210
13 22 5702.321
14 0 2985.643
14 1 82616.694
14 2 70846.588
14 3 7942.078
14 4 5544.337
14 5 8792.314
14 6 495697.365
14 7 2616.594
14 8 6304.900
14 9 5671.369
14 10 7444.729
14 11 1213.163
14 12 6308.167
14 13 238280.669
14 15 19213.220
14 16 114366.224
14 17 3726.020
14 18 9405.458
14 19 314.242
14 20 683.397
14 21 608.358
14 22 4837.188
15 0 1903.314
15 1 26254.479
15 2 90996.086
15 3 5068.190
15 4 6006.322
15 5 8965.106
15 6 285633.435
15 7 1258.296
15 8 14900.964
15 9 32358.611
15 10 13020.516
15 11 4224.657
15 12 93509.620
15 13 341882.688
15 14 205497.538
15 16 122507.895
15 17 10266.057
15 18 9558.876
15 19 7518.750
15 20 6102.971
15 21 4273.234
15 22 3761.714
16 0 1862.705
16 1 58095.029
16 2 75891.143
16 3 7200.982
16 4 2911.323
16 5 7463.372
16 6 322692.518
16 7 1778.915
16 8 8296.981
16 9 17843.050
16 10 7298.901
16 11 174.321
16 12 63780.473
16 13 77297.933
16 14 80803.921
16 15 110776.606
16 17 8499.860
16 18 4119.400
16 19 7408.309
16 20 443.241
16 21 5476.553
16 22 3207.058
17 0 152.851
17 1 3705.188
17 2 205.769
17 3 161.014
17 4 282.494
17 5 294.665
17 6 5059.286
17 7 43.669
17 8 385.438
17 9 630.291
17 10 433.663
17 11 42.971
17 12 3979.081
17 13 13989.667
17 14 4056.910
17 15 6764.232
17 16 94.469
17 18 138.534
17 19 293.123
17 20 396.638
17 21 42.932
17 22 63.382
18 0 150.434
18 1 4275.213
18 2 3367.101
18 3 76.242
18 4 22.814
18 5 561.710
18 6 29810.200
18 7 138.390
18 8 127.251
18 9 933.750
18 10 32.184
18 11 129.294
18 12 1248.453
18 13 9606.580
18 14 2235.618
18 15 11163.520
18 16 230.743
18 17 90.119
18 19 509.357
18 20 297.045
18 21 239.198
18 22 148.727
19 0 0.872
19 1 1875.717
19 2 4004.333
19 3 281.732
19 4 506.524
19 5 312.524
19 6 12019.700
19 7 20.931
19 8 210.250
19 9 4846.521
19 10 9.921
19 11 224.077
19 12 1842.501
19 13 13788.371
19 14 8310.767
19 15 13657.631
19 16 7201.256
19 17 104.012
19 18 451.091
19 20 422.990
19 21 327.105
19 22 103.022
20 0 185.272
20 1 2489.758
20 2 937.833
20 3 289.565
20 4 318.306
20 5 105.241
20 6 14436.440
20 7 92.398
20 8 117.280
20 9 4533.207
20 10 305.478
20 11 258.245
20 12 3448.842
20 13 7183.997
20 14 7781.187
20 15 13379.611
20 16 5141.971
20 17 434.335
20 18 475.804
20 19 15.835
20 21 187.768
20 22 189.096
21 0 51.436
21 1 621.774
21 2 1066.080
21 3 333.665
21 4 224.169
21 5 318.513
21 6 9973.747
21 7 9.193
21 8 300.288
21 9 1909.010
21 10 339.529
21 11 203.465
21 12 3492.859
21 13 6324.941
21 14 5347.162
21 15 1134.954
21 16 2793.361
21 17 102.384
21 18 298.696
21 19 19.157
21 20 65.505
21 22 13.218
22 0 107.343
22 1 2068.995
22 2 928.310
22 3 235.747
22 4 271.844
22 5 112.872
22 6 2624.193
22 7 30.751
22 8 200.239
22 9 1250.154
22 10 20.372
22 11 128.406
22 12 1147.879
22 13 2430.489
22 14 1687.790
22 15 814.448
22 16 2211.343
22 17 158.165
22 18 108.173
22 19 21.632
22 20 167.118
22 21 135.255
