380
0 1 45460957.679
0 2 107738398.380
0 3 123729822.762
0 4 34918924.625
0 5 127229094.116
0 6 72014621.467
0 7 93202563.003
0 8 129292291.472
0 9 47670976.857
0 10 83670595.532
0 11 128767581.999
0 12 434798778.833
0 13 42695645.405
0 14 69862873.932
0 15 432533003.963
0 16 207872096.993
0 17 126562809.783
0 18 124327713.236
0 19 221347556.117
1 0 30284650.342
1 2 16257213.001
1 3 15257920.379
1 4 8194342.812
1 5 16446188.413
1 6 10368191.450
1 7 8772681.057
1 8 12713745.494
1 9 7229928.488
1 10 8397525.700
1 11 8566948.970
1 12 117392194.470
1 13 7709387.952
1 14 10486255.300
1 15 42396090.131
1 16 31466667.038
1 17 14721326.403
1 18 8865247.108
1 19 37243527.108
2 0 79793028.912
2 1 17667128.797
2 3 33637490.968
2 4 11313739.297
2 5 31066521.803
2 6 20826983.889
2 7 24833957.889
2 8 31721425.706
2 9 11571296.536
2 10 23589369.508
2 11 35839543.845
2 12 211925386.066
2 13 17025417.527
2 14 32545043.352
2 15 140068263.842
2 16 71677291.228
2 17 36322398.807
2 18 18560549.992
2 19 69624375.764
3 0 141449019.504
3 1 26765643.777
3 2 54830967.855
3 4 19640065.553
3 5 35946413.154
3 6 45667458.566
3 7 53158463.923
3 8 60349107.416
3 9 23803297.441
3 10 30506732.903
3 11 43872919.294
3 12 310795917.880
3 13 23225419.743
3 14 36482393.812
3 15 230450510.908
3 16 87844372.385
3 17 37471914.018
3 18 36151881.326
3 19 119643660.003
4 0 38399459.206
4 1 8115097.630
4 2 9650679.116
4 3 26198775.371
4 5 11867314.112
4 6 11810430.322
4 7 9467015.431
4 8 17699633.053
4 9 6173527.670
4 10 12069076.633
4 11 10486202.007
4 12 76768489.803
4 13 8443541.745
4 14 17949167.308
4 15 47042922.239
4 16 40872792.852
4 17 11295331.353
4 18 14763530.166
4 19 37018867.742
5 0 94409807.768
5 1 17896838.682
5 2 27373447.024
5 3 47499998.461
5 4 10403237.335
5 6 17233167.066
5 7 16828229.904
5 8 28407219.954
5 9 12444056.986
5 10 36688929.569
5 11 20757853.049
5 12 155307028.581
5 13 16123949.650
5 14 36150639.417
5 15 105721738.600
5 16 45640742.779
5 17 17772651.054
5 18 29587256.114
5 19 73741949.393
6 0 121249900.093
6 1 14513439.901
6 2 36142114.702
6 3 54578526.899
6 4 12987593.248
6 5 17520903.526
6 7 34839457.647
6 8 38378589.147
6 9 16868418.311
6 10 34490654.973
6 11 23736463.774
6 12 147388355.704
6 13 12627508.396
6 14 23286913.587
6 15 142669594.151
6 16 66713056.417
6 17 18152156.093
6 18 29623943.651
6 19 59746044.820
7 0 63706833.751
7 1 12349787.350
7 2 27636467.028
7 3 39887884.402
7 4 11988244.244
7 5 34092511.003
7 6 35194228.424
7 8 38379073.683
7 9 12980290.519
7 10 23835719.868
7 11 28939767.411
7 12 236168262.607
7 13 8940540.216
7 14 35229039.240
7 15 81696520.425
7 16 47883910.049
7 17 34283121.243
7 18 26872184.857
7 19 86239790.318
8 0 154722773.784
8 1 21783640.831
8 2 32556815.959
8 3 55675339.447
8 4 20808672.308
8 5 53196857.888
8 6 55169420.540
8 7 36616388.465
8 9 26750868.532
8 10 33794438.409
8 11 25081074.726
8 12 198598352.977
8 13 15145754.091
8 14 47519916.641
8 15 166190571.114
8 16 81234840.217
8 17 37359470.319
8 18 41094292.513
8 19 78321110.024
9 0 43267614.972
9 1 4478176.007
9 2 13010538.615
9 3 17430975.952
9 4 5658758.776
9 5 11541151.959
9 6 11024683.891
9 7 13888642.213
9 8 26639625.767
9 10 12938293.947
9 11 10435026.450
9 12 76257207.445
9 13 5309510.238
9 14 16460977.965
9 15 61111068.397
9 16 33867618.363
9 17 18127341.150
9 18 14193798.492
9 19 42109579.517
10 0 57845820.612
10 1 10638601.540
10 2 35610291.279
10 3 33248754.899
10 4 10523762.197
10 5 20441976.981
10 6 20676188.736
10 7 33749052.267
10 8 30515530.622
10 9 11189883.038
10 11 24140252.676
10 12 175123748.487
10 13 12180582.781
10 14 30734463.714
10 15 155412655.962
10 16 61224545.714
10 17 22207883.195
10 18 21995370.887
10 19 73067894.811
11 0 98739026.789
11 1 10281746.362
11 2 24683102.204
11 3 36962702.238
11 4 9084283.297
11 5 25404465.551
11 6 16718507.925
11 7 16764100.266
11 8 55255580.883
11 9 10512752.573
11 10 32823431.943
11 12 148398548.013
11 13 12749855.211
11 14 32588737.925
11 15 81502244.891
11 16 44138666.301
11 17 19556367.689
11 18 36509509.016
11 19 70626049.693
12 0 818726850.043
12 1 90812039.095
12 2 139387540.230
12 3 374075831.998
12 4 108999848.221
12 5 142059591.762
12 6 199585851.722
12 7 176968450.571
12 8 334640151.124
12 9 120185596.666
12 10 177907533.205
12 11 241102541.739
12 13 84068854.240
12 14 116478533.410
12 15 1093576147.504
12 16 605055500.200
12 17 170224212.714
12 18 230911213.442
12 19 613780692.843
13 0 29908049.211
13 1 8803604.440
13 2 9691922.133
13 3 13410907.459
13 4 6967805.281
13 5 15763707.494
13 6 11061184.948
13 7 13371169.018
13 8 14130196.074
13 9 8520185.069
13 10 10325121.824
13 11 13157208.119
13 12 125241982.223
13 14 9665610.217
13 15 74863916.311
13 16 24550285.756
13 17 16776488.216
13 18 12570775.137
13 19 21510398.220
14 0 57716357.159
14 1 12639742.649
14 2 20129932.528
14 3 38013146.467
14 4 11402848.452
14 5 21050322.486
14 6 36850571.249
14 7 27033164.721
14 8 34995884.138
14 9 15533582.688
14 10 28863609.685
14 11 22660519.186
14 12 150529933.022
14 13 14757998.866
14 15 107650965.936
14 16 60095184.063
14 17 22873145.930
14 18 31332545.363
14 19 84493304.599
15 0 468728196.591
15 1 46716604.336
15 2 75685832.276
15 3 235313918.418
15 4 53801990.651
15 5 120229844.478
15 6 152706349.865
15 7 85271002.868
15 8 169171364.341
15 9 50268971.603
15 10 138753177.052
15 11 84604628.768
15 12 800239978.265
15 13 39518187.763
15 14 120929710.502
15 16 389779826.330
15 17 150811480.838
15 18 91931927.232
15 19 246361348.652
16 0 300867293.430
16 1 44689185.294
16 2 75162783.455
16 3 128917656.164
16 4 22414626.671
16 5 92245122.181
16 6 54613088.529
16 7 44550648.478
16 8 97664105.514
16 9 33252106.109
16 10 84105324.345
16 11 66730904.071
16 12 427641267.373
16 13 46008107.706
16 14 83697159.960
16 15 283266972.610
16 17 74318846.673
16 18 74996238.895
16 19 134466574.078
17 0 86775232.067
17 1 10913234.520
17 2 32686527.544
17 3 48880850.050
17 4 12601351.414
17 5 19279799.533
17 6 24053786.447
17 7 22101536.697
17 8 40515385.473
17 9 18098794.898
17 10 19221832.076
17 11 27020846.803
17 12 142402880.405
17 13 14280650.862
17 14 26931657.765
17 15 99203493.341
17 16 47883273.598
17 18 19873793.151
17 19 73440223.631
18 0 90659893.832
18 1 9318861.324
18 2 35996868.432
18 3 50987812.702
18 4 16769587.080
18 5 32170482.001
18 6 31410847.648
18 7 29581484.114
18 8 40986114.516
18 9 13166925.427
18 10 19858496.290
18 11 35792408.045
18 12 247387680.894
18 13 10902841.215
18 14 36256416.828
18 15 102412591.737
18 16 59327999.440
18 17 33380512.818
18 19 51936759.657
19 0 313358795.582
19 1 36795243.168
19 2 74191479.420
19 3 106231321.560
19 4 22636463.442
19 5 89416379.420
19 6 70709625.562
19 7 63957385.439
19 8 98208919.766
19 9 43783816.675
19 10 76758945.329
19 11 81067605.715
19 12 322538356.844
19 13 45486300.045
19 14 61549340.752
19 15 403352493.962
19 16 122003188.130
19 17 45612767.554
19 18 51767804.935
