380
0 1 63144185.669
0 2 81754765.008
0 3 113075056.373
0 4 33835822.117
0 5 74908175.069
0 6 83385718.342
0 7 100273759.736
0 8 146684285.305
0 9 35251599.916
0 10 79073670.854
0 11 125161401.917
0 12 537168909.585
0 13 55948374.944
0 14 65163287.898
0 15 523936748.637
0 16 226596217.347
0 17 65966112.628
0 18 91100530.083
0 19 318433453.345
1 0 55412471.230
1 2 16523884.286
1 3 22665641.708
1 4 7668377.219
1 5 11757719.642
1 6 8745615.494
1 7 8551047.430
1 8 19476574.692
1 9 5669033.229
1 10 16263835.316
1 11 11324929.562
1 12 88447414.988
1 13 8368303.493
1 14 11561950.966
1 15 79767954.951
1 16 43177033.481
1 17 13652220.051
1 18 13771840.048
1 19 22225089.718
2 0 109987136.521
2 1 15854842.066
2 3 48695484.819
2 4 17073536.183
2 5 21026226.691
2 6 34818481.803
2 7 23081564.080
2 8 28238857.686
2 9 15252669.197
2 10 34630884.673
2 11 22026903.926
2 12 135607058.583
2 13 16601706.197
2 14 19688012.858
2 15 105057542.824
2 16 77049294.633
2 17 24704283.213
2 18 23076128.758
2 19 45469728.308
3 0 193293165.606
3 1 15096194.329
3 2 46367086.928
3 4 19334670.545
3 5 44232380.397
3 6 42127244.440
3 7 40187711.488
3 8 37872316.503
3 9 27407543.751
3 10 32312210.568
3 11 40145413.449
3 12 197053145.979
3 13 24911674.719
3 14 38167430.085
3 15 224719840.431
3 16 125540109.137
3 17 38967604.230
3 18 31500310.875
3 19 129058495.290
4 0 59429119.659
4 1 7750638.240
4 2 8763812.040
4 3 15718679.028
4 5 16154965.590
4 6 11899207.452
4 7 8349301.337
4 8 25815506.166
4 9 4709731.560
4 10 10412326.276
4 11 9147883.058
4 12 119180294.301
4 13 6689116.037
4 14 17153848.201
4 15 64384860.381
4 16 31519249.034
4 17 11992759.512
4 18 11968696.383
4 19 26320580.442
5 0 69166171.127
5 1 8280973.167
5 2 36019693.396
5 3 53251679.355
5 4 13394383.031
5 6 28037113.934
5 7 18855876.973
5 8 52110650.768
5 9 18378347.509
5 10 29844680.155
5 11 32029991.128
5 12 139822493.651
5 13 11578088.950
5 14 27319598.569
5 15 87392827.819
5 16 50153286.283
5 17 32569298.754
5 18 17819258.288
5 19 64193200.705
6 0 128917882.650
6 1 9710488.944
6 2 33349538.916
6 3 53215558.688
6 4 11107189.781
6 5 20841503.322
6 7 30071938.982
6 8 47360217.399
6 9 8757305.171
6 10 21241411.805
6 11 27002658.857
6 12 187101935.055
6 13 13309211.246
6 14 32048874.397
6 15 92775247.511
6 16 53558234.993
6 17 32500717.225
6 18 28518975.608
6 19 79535262.588
7 0 79196396.222
7 1 12112931.841
7 2 35618200.401
7 3 42502582.303
7 4 13352508.518
7 5 30322446.743
7 6 35330290.235
7 8 40350931.689
7 9 10523310.052
7 10 33120374.816
7 11 34676696.677
7 12 240525968.477
7 13 13351205.149
7 14 31865977.225
7 15 149332605.969
7 16 82573795.818
7 17 34180216.077
7 18 17244487.724
7 19 91980129.477
8 0 103732498.579
8 1 12339196.448
8 2 33648789.795
8 3 43599452.242
8 4 21308277.610
8 5 32166698.765
8 6 28849792.281
8 7 37992164.095
8 9 15270272.016
8 10 54645114.759
8 11 35355813.981
8 12 296690344.079
8 13 16708116.413
8 14 45805466.607
8 15 226357362.329
8 16 105229628.815
8 17 35375890.242
8 18 44399491.016
8 19 71566227.532
9 0 58603255.309
9 1 5125859.508
9 2 17643693.855
9 3 13364044.295
9 4 6896510.898
9 5 11722376.077
9 6 18379138.378
9 7 13988734.216
9 8 15483887.277
9 10 9930627.860
9 11 10483086.100
9 12 99708017.322
9 13 6434506.376
9 14 12367419.807
9 15 51422196.619
9 16 46034203.098
9 17 11317343.671
9 18 9951601.790
9 19 36320708.949
10 0 58764679.764
10 1 16889822.415
10 2 18255503.806
10 3 26279265.659
10 4 18260528.148
10 5 24193223.409
10 6 22496241.235
10 7 20575289.418
10 8 24894448.912
10 9 14763827.360
10 11 23760951.082
10 12 122433114.719
10 13 17541101.508
10 14 17454232.439
10 15 112902541.246
10 16 45397556.353
10 17 36582082.475
10 18 20396098.629
10 19 61146270.338
11 0 105422536.508
11 1 10770812.092
11 2 24151907.026
11 3 47514488.976
11 4 15219610.767
11 5 31472195.907
11 6 26786322.567
11 7 31377013.942
11 8 35374275.187
11 9 12791753.197
11 10 32191032.405
11 12 245081938.561
11 13 15979998.556
11 14 26204708.096
11 15 143565032.093
11 16 68828572.927
11 17 34147654.029
11 18 24379412.878
11 19 57040416.967
12 0 887488613.420
12 1 119192598.802
12 2 189031271.060
12 3 297612214.667
12 4 88642164.303
12 5 121895160.035
12 6 190551736.880
12 7 208554247.647
12 8 310819009.188
12 9 116894640.905
12 10 180595726.973
12 11 171206730.586
12 13 84168644.288
12 14 240845264.194
12 15 589007946.349
12 16 448401490.714
12 17 208551469.858
12 18 167304102.940
12 19 361454581.959
13 0 46349457.838
13 1 4109459.955
13 2 17609705.993
13 3 12867097.309
13 4 8146668.751
13 5 9868657.315
13 6 14077417.602
13 7 14248851.154
13 8 14695313.266
13 9 4708387.247
13 10 17125817.328
13 11 10284813.884
13 12 74732508.668
13 14 17341503.369
13 15 58141952.199
13 16 27567184.888
13 17 14407859.752
13 18 15642613.105
13 19 44399375.415
14 0 115393510.162
14 1 8329626.378
14 2 27520398.884
14 3 46096906.864
14 4 9115529.159
14 5 36441910.281
14 6 19030913.920
14 7 32265166.451
14 8 46903232.616
14 9 16675298.479
14 10 20603456.384
14 11 26980927.771
14 12 149272686.960
14 13 16797726.545
14 15 137488002.505
14 16 80130482.099
14 17 27582347.269
14 18 34735055.150
14 19 49260224.564
15 0 506369222.205
15 1 60178526.774
15 2 131399365.568
15 3 119478794.689
15 4 80533250.891
15 5 85854910.509
15 6 87575797.375
15 7 85488234.566
15 8 114150504.520
15 9 72996455.770
15 10 100145089.958
15 11 107564889.806
15 12 1103245694.684
15 13 60269331.774
15 14 118402742.217
15 16 283315412.564
15 17 98366499.332
15 18 109623385.510
15 19 198240951.703
16 0 190533543.006
16 1 20937657.235
16 2 67887314.017
16 3 133199523.610
16 4 28891793.113
16 5 80570676.495
16 6 79835589.159
16 7 43762406.560
16 8 117355436.318
16 9 43247188.684
16 10 52599740.007
16 11 76012889.098
16 12 295761151.245
16 13 41120375.813
16 14 78680947.050
16 15 188598406.617
16 17 42338232.610
16 18 43671858.805
16 19 145962725.533
17 0 102616751.919
17 1 10856771.612
17 2 35946824.962
17 3 40184547.345
17 4 15936959.236
17 5 26349893.212
17 6 36834119.225
17 7 18201941.246
17 8 53984652.888
17 9 9549514.718
17 10 20077864.482
17 11 26241434.254
17 12 216421287.600
17 13 14178303.466
17 14 30544953.213
17 15 84049488.653
17 16 76943702.007
17 18 23810929.633
17 19 90717925.507
18 0 123853058.810
18 1 15037233.483
18 2 33332760.425
18 3 42832148.538
18 4 16846312.626
18 5 33658775.635
18 6 32722410.877
18 7 17622734.166
18 8 29481063.981
18 9 16320699.187
18 10 32194496.188
18 11 32090463.204
18 12 257602490.400
18 13 12640816.086
18 14 25054767.005
18 15 107902828.132
18 16 81577790.136
18 17 31394516.305
18 19 43589916.855
19 0 294458692.109
19 1 40784026.661
19 2 49072341.577
19 3 101364413.287
19 4 21338251.189
19 5 44621945.854
19 6 54833911.288
19 7 67540862.693
19 8 71968262.906
19 9 37797751.465
19 10 84278680.022
19 11 63390417.201
19 12 380720639.933
19 13 24194797.716
19 14 85682228.467
19 15 310436484.007
19 16 192865681.960
19 17 44463706.469
19 18 77773439.085
