380
0 1 47002548.712
0 2 89098718.233
0 3 103349310.916
0 4 40481758.021
0 5 107373538.191
0 6 119852844.302
0 7 109607368.658
0 8 163103965.639
0 9 32361850.668
0 10 123915961.919
0 11 86595303.805
0 12 471085353.105
0 13 41945489.438
0 14 93169773.619
0 15 274432530.164
0 16 180883889.974
0 17 82726683.593
0 18 128062870.921
0 19 207234690.872
1 0 53342035.724
1 2 15593555.233
1 3 21867598.818
1 4 6533382.975
1 5 17711212.430
1 6 17163804.717
1 7 8640228.661
1 8 16864157.296
1 9 9199238.368
1 10 16620995.402
1 11 12507026.747
1 12 97189699.278
1 13 7937309.826
1 14 17541585.366
1 15 77849988.384
1 16 38403249.304
1 17 13116567.033
1 18 10772220.142
1 19 37516109.950
2 0 87827835.723
2 1 11105251.047
2 3 38016877.523
2 4 14531376.197
2 5 35303112.769
2 6 29968387.472
2 7 21170820.273
2 8 42664078.479
2 9 16120773.138
2 10 22010213.072
2 11 25115986.933
2 12 201432865.012
2 13 18153617.856
2 14 33263000.354
2 15 95113857.934
2 16 50628679.021
2 17 19243781.344
2 18 25069418.597
2 19 88097677.314
3 0 124321470.810
3 1 13665851.893
3 2 48289694.863
3 4 26349044.075
3 5 43092206.714
3 6 49270009.240
3 7 46610678.981
3 8 59332372.585
3 9 23395514.428
3 10 29470201.037
3 11 37589281.510
3 12 227892831.449
3 13 19774727.564
3 14 41702351.860
3 15 154894960.371
3 16 103006942.249
3 17 50724343.309
3 18 38697397.909
3 19 109421144.846
4 0 31484553.798
4 1 9041832.692
4 2 12207189.446
4 3 27615488.498
4 5 12392635.735
4 6 16453605.281
4 7 14718072.296
4 8 23771928.657
4 9 9082062.559
4 10 9107365.462
4 11 10734025.298
4 12 68287842.511
4 13 5143565.530
4 14 13321002.373
4 15 56001618.228
4 16 35937521.823
4 17 18323472.182
4 18 14674081.329
4 19 26215063.330
5 0 71113994.430
5 1 15986632.268
5 2 28465816.267
5 3 42241965.963
5 4 14685692.841
5 6 33765043.053
5 7 22605590.852
5 8 31793204.484
5 9 12370178.755
5 10 34091364.494
5 11 27249831.834
5 12 139808917.696
5 13 15050842.375
5 14 33933856.943
5 15 124840943.124
5 16 49652816.122
5 17 28339581.422
5 18 35361732.915
5 19 54153722.254
6 0 106790898.607
6 1 9914455.753
6 2 24003695.207
6 3 34010197.160
6 4 9043802.968
6 5 27445207.254
6 7 24973705.629
6 8 29528338.349
6 9 14565636.528
6 10 21634351.822
6 11 25644272.461
6 12 118036100.346
6 13 11268317.402
6 14 33348358.287
6 15 118906256.487
6 16 70413740.588
6 17 25554250.832
6 18 35405282.670
6 19 61553570.433
7 0 129030201.615
7 1 16796360.994
7 2 20024994.941
7 3 41471003.021
7 4 14814662.967
7 5 26247449.236
7 6 22184505.641
7 8 32918344.739
7 9 10800629.939
7 10 17412270.684
7 11 27380580.659
7 12 126000783.144
7 13 13810900.103
7 14 22627123.537
7 15 137518939.739
7 16 89555489.545
7 17 20360270.265
7 18 35394151.640
7 19 85240229.809
8 0 123757523.811
8 1 24447336.725
8 2 25873640.013
8 3 58820467.673
8 4 16505339.461
8 5 26979754.948
8 6 49938118.248
8 7 34148166.360
8 9 25180008.824
8 10 41926019.108
8 11 29187388.794
8 12 215964933.475
8 13 15080641.197
8 14 40656834.405
8 15 244895255.256
8 16 63485442.896
8 17 52542784.120
8 18 33614805.336
8 19 132424023.609
9 0 62504209.310
9 1 6511938.204
9 2 9373554.890
9 3 17508820.168
9 4 5041072.943
9 5 14600642.088
9 6 16229236.667
9 7 14961310.390
9 8 15789825.402
9 10 13982906.451
9 11 9352351.790
9 12 122018297.698
9 13 6905010.429
9 14 16836196.887
9 15 68792442.070
9 16 21011856.240
9 17 9127119.170
9 18 18240983.269
9 19 28945879.595
10 0 87856987.343
10 1 15336906.799
10 2 16693971.100
10 3 43367538.307
10 4 9245007.100
10 5 20790020.266
10 6 18804896.504
10 7 21383074.197
10 8 49933919.907
10 9 8436740.244
10 11 25926966.618
10 12 171529474.957
10 13 9467425.791
10 14 24440141.210
10 15 94905279.334
10 16 42295285.351
10 17 31723821.871
10 18 17214007.461
10 19 42224023.921
11 0 117959959.810
11 1 11461151.396
11 2 31841679.782
11 3 26117646.304
11 4 10959287.166
11 5 34015164.566
11 6 20110789.051
11 7 17507527.197
11 8 45826488.291
11 9 17009534.349
11 10 17021991.403
11 12 177756497.091
11 13 8398744.514
11 14 18152237.694
11 15 91925808.286
11 16 41015829.170
11 17 18330505.719
11 18 28396690.030
11 19 55540056.554
12 0 524482409.300
12 1 77965113.891
12 2 202844870.742
12 3 227740164.128
12 4 125109860.532
12 5 122702013.704
12 6 203277685.558
12 7 224552495.012
12 8 285239166.447
12 9 79271456.752
12 10 193632880.137
12 11 249880266.461
12 13 68447582.720
12 14 182624717.768
12 15 998829813.176
12 16 333932567.502
12 17 206406509.171
12 18 140836178.095
12 19 314373375.915
13 0 62912159.049
13 1 6920921.989
13 2 8204588.825
13 3 14167721.335
13 4 4371897.761
13 5 14785956.340
13 6 14902594.369
13 7 9432878.588
13 8 25099613.491
13 9 8122024.830
13 10 9193570.996
13 11 16649013.211
13 12 96258498.110
13 14 12194733.301
13 15 51744118.315
13 16 32035568.789
13 17 14100455.710
13 18 11215622.653
13 19 29023367.429
14 0 75040077.627
14 1 8247116.172
14 2 18770169.468
14 3 50321935.322
14 4 15242027.095
14 5 24080829.230
14 6 17178818.415
14 7 21969854.171
14 8 42389517.863
14 9 17376074.219
14 10 20493896.082
14 11 36510256.729
14 12 218642402.410
14 13 13585839.043
14 15 162619678.271
14 16 44383644.449
14 17 20547170.489
14 18 17646343.963
14 19 70484277.785
15 0 397540569.248
15 1 65558654.310
15 2 97059783.825
15 3 113635657.873
15 4 56629628.733
15 5 117154147.699
15 6 146876737.795
15 7 110584063.871
15 8 143399718.182
15 9 77471732.210
15 10 137037439.821
15 11 104838338.658
15 12 605341711.781
15 13 52341351.529
15 14 108306027.055
15 16 239520930.916
15 17 83553390.748
15 18 148562082.454
15 19 235947553.662
16 0 232911802.208
16 1 45784562.290
16 2 45715538.208
16 3 74863043.698
16 4 39972229.042
16 5 76166771.776
16 6 88925561.989
16 7 86901478.305
16 8 137652191.304
16 9 21832718.545
16 10 74709749.193
16 11 54093711.472
16 12 450907415.976
16 13 42436039.075
16 14 77704757.299
16 15 356071722.982
16 17 41811711.571
16 18 66131809.492
16 19 136958269.550
17 0 102010482.948
17 1 12210975.762
17 2 20727504.744
17 3 34985761.799
17 4 17952982.083
17 5 24586805.317
17 6 16585627.057
17 7 29324957.556
17 8 40020745.330
17 9 8325239.060
17 10 25224027.293
17 11 34449012.443
17 12 162445931.801
17 13 18378334.075
17 14 18797916.500
17 15 136724386.778
17 16 77034616.208
17 18 20164001.577
17 19 66582871.958
18 0 127360976.610
18 1 12444096.737
18 2 33010030.278
18 3 50905195.323
18 4 9970613.612
18 5 36807215.135
18 6 33904319.094
18 7 36362965.669
18 8 33922091.134
18 9 10053303.822
18 10 30394196.894
18 11 27396510.622
18 12 191686128.971
18 13 14234059.023
18 14 34422672.670
18 15 82060560.289
18 16 59860975.092
18 17 28499637.701
18 19 63283466.691
19 0 199430110.207
19 1 27150462.173
19 2 73157316.917
19 3 99917978.456
19 4 23447778.779
19 5 87240361.713
19 6 52834373.805
19 7 63140066.074
19 8 63526407.471
19 9 32119407.078
19 10 87888009.337
19 11 58832652.327
19 12 508009402.642
19 13 26003983.300
19 14 66708264.671
19 15 411029869.760
19 16 160658335.523
19 17 48786770.915
19 18 87555232.330
