380
0 1 30782000.245
0 2 113143667.147
0 3 114450887.872
0 4 39738987.110
0 5 66721760.685
0 6 78413814.415
0 7 125273734.860
0 8 135974263.001
0 9 31102029.921
0 10 100177103.671
0 11 85765909.113
0 12 487824884.592
0 13 41620586.126
0 14 84815039.178
0 15 501857098.410
0 16 247755757.576
0 17 82766371.510
0 18 89488555.225
0 19 297248903.603
1 0 44376088.349
1 2 9278312.105
1 3 18402047.106
1 4 6633381.797
1 5 12804010.888
1 6 17998048.408
1 7 13941563.668
1 8 18274198.504
1 9 5167021.050
1 10 15521928.355
1 11 10179913.823
1 12 80477926.001
1 13 5617835.764
1 14 9108299.463
1 15 74617300.339
1 16 36755310.782
1 17 12039437.662
1 18 16033677.440
1 19 36688279.807
2 0 62266123.311
2 1 9093262.914
2 3 26508907.898
2 4 13977633.626
2 5 16915758.844
2 6 30459489.388
2 7 31512432.039
2 8 28049386.163
2 9 14226480.164
2 10 34969443.960
2 11 21390218.790
2 12 233730025.492
2 13 10567114.056
2 14 25418070.183
2 15 126282107.574
2 16 88119143.504
2 17 17954354.507
2 18 18388370.244
2 19 84248804.080
3 0 130895951.158
3 1 18385082.576
3 2 36869236.986
3 4 23285049.958
3 5 48394770.710
3 6 33466118.411
3 7 31938235.619
3 8 81809594.030
3 9 19013663.398
3 10 51539965.059
3 11 47318141.240
3 12 249408733.801
3 13 20903635.947
3 14 34324652.314
3 15 175382819.118
3 16 133638498.824
3 17 30852200.253
3 18 28876267.177
3 19 104298580.254
4 0 41139842.546
4 1 5454903.893
4 2 9195871.466
4 3 25949257.668
4 5 15088921.931
4 6 8723345.054
4 7 14446931.612
4 8 15308541.768
4 9 4862053.111
4 10 12060035.114
4 11 8663158.883
4 12 96410256.054
4 13 7042548.107
4 14 18410065.872
4 15 65193227.935
4 16 23350694.570
4 17 11458923.245
4 18 12324753.594
4 19 43613744.257
5 0 125273158.625
5 1 10217316.743
5 2 35216092.710
5 3 38288501.512
5 4 11401859.285
5 6 35556262.202
5 7 26968452.316
5 8 53194019.627
5 9 12731854.662
5 10 27522492.657
5 11 19904133.346
5 12 245460368.289
5 13 9980616.196
5 14 32409102.800
5 15 74881994.759
5 16 81968610.543
5 17 35218081.038
5 18 27463687.855
5 19 56447022.075
6 0 113213838.275
6 1 9306571.793
6 2 31466565.684
6 3 32017964.282
6 4 13506525.600
6 5 19287075.965
6 7 36531828.483
6 8 45508100.326
6 9 10210534.613
6 10 18265928.782
6 11 36053888.905
6 12 197029938.612
6 13 12057600.937
6 14 27740598.084
6 15 111356805.713
6 16 42372348.219
6 17 22929148.067
6 18 19693676.858
6 19 86818326.258
7 0 60547942.544
7 1 18435328.920
7 2 23628351.290
7 3 45766104.473
7 4 8418007.424
7 5 33196136.973
7 6 28909420.756
7 8 24734476.062
7 9 8573049.702
7 10 18918921.187
7 11 20950724.671
7 12 128267432.302
7 13 15464732.512
7 14 33438121.514
7 15 153050328.878
7 16 81292476.024
7 17 30374487.787
7 18 30410658.059
7 19 53630128.047
8 0 189468958.082
8 1 21237166.449
8 2 41586880.699
8 3 79838975.603
8 4 25870875.311
8 5 29268650.554
8 6 28993586.275
8 7 31010302.974
8 9 20322844.778
8 10 53981299.998
8 11 25745407.708
8 12 198462194.530
8 13 15546007.214
8 14 45656953.005
8 15 184230878.145
8 16 112631011.375
8 17 52170950.646
8 18 52523250.649
8 19 121293500.699
9 0 32504203.717
9 1 8942104.418
9 2 18133759.321
9 3 16267733.625
9 4 4240923.009
9 5 15346863.636
9 6 14567417.026
9 7 18334042.054
9 8 18055801.757
9 10 15055526.481
9 11 13670121.437
9 12 58382123.879
9 13 4631491.054
9 14 13553481.686
9 15 63469430.317
9 16 20878049.785
9 17 12688789.231
9 18 9872229.985
9 19 29157152.947
10 0 62280631.171
10 1 11117615.747
10 2 26108794.288
10 3 40042185.641
10 4 12250239.627
10 5 27268798.984
10 6 26124658.385
10 7 30468370.965
10 8 24997832.442
10 9 9502306.188
10 11 18087991.625
10 12 124140724.269
10 13 18421641.807
10 14 19983778.001
10 15 109666823.793
10 16 84599097.353
10 17 34200911.146
10 18 22638415.684
10 19 78835922.082
11 0 71375465.017
11 1 10007140.894
11 2 34848890.115
11 3 42009476.778
11 4 11354756.565
11 5 25774289.472
11 6 21141603.645
11 7 16781839.654
11 8 45820542.455
11 9 14403862.705
11 10 30409784.960
11 12 202086607.514
11 13 14547874.928
11 14 22074464.810
11 15 79494473.435
11 16 90825816.887
11 17 18367845.289
11 18 25022965.756
11 19 60941850.906
12 0 756227501.822
12 1 98384191.316
12 2 216826917.076
12 3 340742278.487
12 4 75207975.094
12 5 215165172.464
12 6 188767944.634
12 7 141919483.296
12 8 177309475.065
12 9 120106286.755
12 10 206417630.628
12 11 122918154.645
12 13 115126478.389
12 14 239658596.172
12 15 692850859.501
12 16 518322270.693
12 17 152715857.031
12 18 181149355.780
12 19 453890519.696
13 0 42924331.829
13 1 5805247.348
13 2 11236423.369
13 3 18869516.513
13 4 9054540.151
13 5 11785510.286
13 6 11882847.674
13 7 9242901.988
13 8 24040479.378
13 9 5500176.737
13 10 10012664.070
13 11 14742866.403
13 12 113081431.417
13 14 10321387.113
13 15 42647932.162
13 16 25632062.508
13 17 11769339.120
13 18 8298229.897
13 19 37784947.863
14 0 68620167.242
14 1 9017895.957
14 2 21914809.241
14 3 36143220.227
14 4 14408037.308
14 5 18081935.184
14 6 19981395.144
14 7 34993615.733
14 8 53359327.354
14 9 12239086.190
14 10 29986239.695
14 11 27703545.745
14 12 251274524.839
14 13 17489815.061
14 15 85455666.287
14 16 45208486.058
14 17 22053367.083
14 18 17323358.160
14 19 88532218.004
15 0 518867528.319
15 1 62529420.006
15 2 117963727.801
15 3 203746617.751
15 4 51206605.598
15 5 105773130.829
15 6 134556069.024
15 7 88648403.194
15 8 164622265.682
15 9 67711763.908
15 10 150924893.223
15 11 137115023.294
15 12 1133414239.443
15 13 81562008.293
15 14 125745967.678
15 16 286792245.391
15 17 135483634.372
15 18 93643299.645
15 19 315321645.501
16 0 223660269.198
16 1 39072461.651
16 2 50536608.985
16 3 133866088.924
16 4 45210441.929
16 5 65506676.210
16 6 64331538.030
16 7 68296785.121
16 8 129253485.606
16 9 28848260.815
16 10 51792088.845
16 11 57226392.910
16 12 599476045.695
16 13 28977323.221
16 14 85791492.525
16 15 276316792.446
16 17 73469767.715
16 18 42201625.053
16 19 116093896.695
17 0 99053498.605
17 1 13165549.006
17 2 34707818.550
17 3 24828719.678
17 4 16391603.687
17 5 26435504.431
17 6 28792904.273
17 7 21157336.786
17 8 32424621.068
17 9 9371820.024
17 10 31520496.252
17 11 19770556.409
17 12 122030438.548
17 13 11956665.979
17 14 21164473.430
17 15 134179296.366
17 16 68820854.911
17 18 25931397.811
17 19 50162703.688
18 0 60524779.401
18 1 14916134.006
18 2 32784744.927
18 3 30675056.984
18 4 11780570.979
18 5 16491730.273
18 6 16505045.174
18 7 16911080.194
18 8 32526554.860
18 9 10425054.929
18 10 24931172.389
18 11 24709409.926
18 12 214166304.701
18 13 16434472.776
18 14 25009553.504
18 15 145049262.201
18 16 63983642.613
18 17 17093003.678
18 19 44533585.264
19 0 275971847.515
19 1 33495216.584
19 2 81080086.928
19 3 124868441.478
19 4 31719088.939
19 5 74172150.328
19 6 41755099.942
19 7 92040929.514
19 8 94903718.980
19 9 45067907.523
19 10 73528617.109
19 11 77866809.248
19 12 330187685.956
19 13 32725863.003
19 14 71734647.512
19 15 291848140.901
19 16 126026069.050
19 17 86361650.036
19 18 56994493.952
