380
0 1 29892805.971
0 2 120244387.239
0 3 107713011.379
0 4 55435413.207
0 5 79627940.314
0 6 67149837.853
0 7 125244353.306
0 8 107043257.662
0 9 55846224.244
0 10 63115463.272
0 11 109030700.245
0 12 824814270.676
0 13 44230224.519
0 14 74816325.229
0 15 368582299.437
0 16 262872484.015
0 17 114266073.763
0 18 85260017.342
0 19 174098791.185
1 0 46077058.677
1 2 16775178.588
1 3 21377766.419
1 4 4306200.137
1 5 8903847.827
1 6 13180142.032
1 7 15715935.752
1 8 21213793.111
1 9 5227972.860
1 10 9707209.891
1 11 13573662.246
1 12 63924107.334
1 13 7244103.110
1 14 14945300.869
1 15 69475783.253
1 16 45973482.757
1 17 17653200.302
1 18 17533189.984
1 19 34619053.307
2 0 126565964.300
2 1 16615725.501
2 3 47061759.103
2 4 13590418.493
2 5 32474074.657
2 6 20527329.671
2 7 23196229.697
2 8 33886175.979
2 9 9208540.325
2 10 23375353.371
2 11 31880575.368
2 12 249196153.091
2 13 12650426.215
2 14 25758807.381
2 15 116421497.661
2 16 42900744.774
2 17 26632974.433
2 18 32992073.976
2 19 65431880.832
3 0 103519892.796
3 1 22632412.151
3 2 42633918.467
3 4 13026231.824
3 5 32680769.722
3 6 28337832.339
3 7 41568518.749
3 8 39863051.245
3 9 17383008.239
3 10 30466060.983
3 11 45932532.321
3 12 352599298.101
3 13 18368144.339
3 14 36514702.247
3 15 121846383.189
3 16 91194097.154
3 17 30603179.028
3 18 34048942.222
3 19 64650452.997
4 0 41973414.883
4 1 5428351.449
4 2 11480862.111
4 3 26165927.131
4 5 12570755.418
4 6 17266998.553
4 7 8392172.560
4 8 20189167.459
4 9 6400220.550
4 10 12206974.218
4 11 8714528.747
4 12 122525742.595
4 13 5497518.375
4 14 16544663.592
4 15 62203316.690
4 16 31775858.709
4 17 13036823.095
4 18 16106049.760
4 19 35046452.253
5 0 76900740.511
5 1 16903503.487
5 2 25859852.028
5 3 36674448.554
5 4 11411152.918
5 6 21646919.739
5 7 29740736.016
5 8 32827730.447
5 9 14950337.252
5 10 22020347.753
5 11 35545878.591
5 12 196731580.399
5 13 17896727.904
5 14 34083384.357
5 15 114884963.385
5 16 46656016.551
5 17 17272306.555
5 18 29845718.362
5 19 71124139.951
6 0 101347215.378
6 1 17292088.266
6 2 17912867.258
6 3 26739582.540
6 4 15125664.430
6 5 28382763.468
6 7 17004236.132
6 8 26107859.310
6 9 9292801.334
6 10 34666226.999
6 11 29039950.300
6 12 202956439.840
6 13 15814456.645
6 14 34648609.729
6 15 151987414.688
6 16 84621739.322
6 17 17086660.083
6 18 17652686.083
6 19 82883607.463
7 0 109212105.763
7 1 8211195.412
7 2 27183791.256
7 3 41914828.461
7 4 12428426.148
7 5 22868507.960
7 6 30016353.930
7 8 43370910.354
7 9 16215744.131
7 10 24765121.162
7 11 28446455.175
7 12 139387567.849
7 13 15816704.236
7 14 29600970.245
7 15 98654288.273
7 16 75736417.327
7 17 21455089.741
7 18 31238384.416
7 19 82817960.287
8 0 193615172.893
8 1 20025817.998
8 2 54412571.878
8 3 58265743.347
8 4 18297853.598
8 5 32703752.948
8 6 32394437.954
8 7 49879300.092
8 9 20293031.675
8 10 26075323.649
8 11 48330795.468
8 12 364240075.944
8 13 14210990.152
8 14 41917736.401
8 15 179799934.092
8 16 83917656.681
8 17 36225947.376
8 18 46384049.083
8 19 78515299.489
9 0 43333248.752
9 1 7689328.177
9 2 9347697.682
9 3 24949198.130
9 4 7346596.338
9 5 12546446.342
9 6 11878591.512
9 7 10947404.173
9 8 23464227.534
9 10 9040810.070
9 11 16381765.628
9 12 66430387.222
9 13 5551133.619
9 14 12455887.060
9 15 57813104.751
9 16 24713532.171
9 17 9551186.048
9 18 17646697.043
9 19 23764605.894
10 0 114362170.736
10 1 16280025.516
10 2 36628489.353
10 3 38954110.056
10 4 16280461.973
10 5 30465655.421
10 6 21209635.219
10 7 23647503.629
10 8 28403864.033
10 9 15634050.522
10 11 32062341.340
10 12 130694647.791
10 13 11711231.898
10 14 31725339.689
10 15 75131276.994
10 16 50491007.473
10 17 31336814.523
10 18 18396645.465
10 19 86971803.432
11 0 125767695.716
11 1 9268945.006
11 2 29494266.724
11 3 34115955.290
11 4 13005045.934
11 5 31061607.705
11 6 33706280.621
11 7 31196448.507
11 8 25386402.603
11 9 14667339.566
11 10 31540388.208
11 12 255969356.747
11 13 13889285.441
11 14 29429805.520
11 15 139866481.792
11 16 51056874.588
11 17 27841607.881
11 18 19929830.307
11 19 51830332.419
12 0 678200697.723
12 1 104707395.395
12 2 248153636.963
12 3 180800671.221
12 4 67981581.650
12 5 232744418.522
12 6 182877648.142
12 7 126673053.796
12 8 356558380.209
12 9 74879538.952
12 10 185845947.965
12 11 212107994.293
12 13 65307166.338
12 14 162456151.285
12 15 834538736.755
12 16 363672592.767
12 17 148678291.782
12 18 192602447.191
12 19 566949993.520
13 0 57565709.117
13 1 6910711.403
13 2 15113256.009
13 3 27588122.736
13 4 7339981.914
13 5 15016723.848
13 6 13322729.891
13 7 12441066.081
13 8 19880076.117
13 9 7615299.093
13 10 15460735.239
13 11 16354482.388
13 12 123995924.441
13 14 18328637.416
13 15 46857642.485
13 16 21565925.150
13 17 14679418.465
13 18 15719504.557
13 19 26088817.823
14 0 92308863.707
14 1 16188753.651
14 2 31020754.000
14 3 26276727.988
14 4 10761551.370
14 5 33674103.373
14 6 36172326.811
14 7 35910069.343
14 8 48904525.292
14 9 10187164.547
14 10 26290984.240
14 11 18005573.155
14 12 170158987.882
14 13 16018171.554
14 15 98094388.340
14 16 55568082.627
14 17 22796205.461
14 18 32290688.088
14 19 80512096.511
15 0 566550745.273
15 1 57528381.125
15 2 94569339.390
15 3 135300174.865
15 4 63375959.510
15 5 109668757.992
15 6 154071954.230
15 7 138856827.953
15 8 145071778.934
15 9 36951955.283
15 10 96579359.805
15 11 133863410.051
15 12 912712906.834
15 13 44641058.619
15 14 125361431.588
15 16 253610555.794
15 17 150529338.932
15 18 102664566.932
15 19 329978156.690
16 0 237837218.409
16 1 45817788.519
16 2 84712115.497
16 3 84825148.998
16 4 35638186.199
16 5 47240620.922
16 6 57083216.896
16 7 48430508.028
16 8 127533611.060
16 9 27448200.825
16 10 41081029.662
16 11 66631422.580
16 12 591334006.695
16 13 37913991.286
16 14 82486035.515
16 15 309709278.883
16 17 49807241.222
16 18 85368641.978
16 19 214609912.551
17 0 89514369.672
17 1 13430081.280
17 2 16856001.335
17 3 33523153.524
17 4 13969328.844
17 5 23508283.812
17 6 35310220.044
17 7 27399318.580
17 8 48819778.835
17 9 14199004.807
17 10 22045708.902
17 11 35483898.193
17 12 160561048.786
17 13 17722958.821
17 14 33568477.604
17 15 77427446.021
17 16 56057867.179
17 18 18894525.456
17 19 67106374.308
18 0 77297429.883
18 1 12256548.035
18 2 32044513.575
18 3 37840591.894
18 4 13066974.625
18 5 22167615.683
18 6 24783764.175
18 7 28110450.489
18 8 24933465.509
18 9 16826636.035
18 10 27860434.756
18 11 18434053.268
18 12 234383142.065
18 13 13280588.848
18 14 35401076.542
18 15 99912606.675
18 16 81477485.577
18 17 19838013.504
18 19 89552851.600
19 0 283192913.800
19 1 20707831.895
19 2 68077697.990
19 3 98211394.578
19 4 33993964.772
19 5 83372489.149
19 6 44654726.597
19 7 51484665.565
19 8 100427898.802
19 9 28264125.302
19 10 49754849.897
19 11 41194725.342
19 12 518789926.919
19 13 35492147.284
19 14 55874608.895
19 15 407681142.591
19 16 190384885.369
19 17 50457464.142
19 18 66661325.692
