380
0 1 41775799.825
0 2 80121321.216
0 3 183946289.578
0 4 59914167.279
0 5 126941389.531
0 6 59887951.866
0 7 94275974.514
0 8 170294716.025
0 9 60588933.750
0 10 94930043.651
0 11 99297859.753
0 12 701617544.017
0 13 50317035.697
0 14 127455650.175
0 15 488402720.684
0 16 225702872.241
0 17 78896374.868
0 18 61343917.777
0 19 300418226.030
1 0 38015868.389
1 2 11313723.090
1 3 26233737.660
1 4 7150649.821
1 5 13866712.329
1 6 8200674.088
1 7 14884230.298
1 8 17838231.184
1 9 4587849.082
1 10 13384261.926
1 11 12190839.307
1 12 92559109.179
1 13 5835128.041
1 14 17592228.682
1 15 68288197.682
1 16 32119621.019
1 17 16916747.004
1 18 14077437.902
1 19 29179152.237
2 0 85887993.324
2 1 13163489.333
2 3 26741938.578
2 4 17921912.656
2 5 20452230.593
2 6 34143172.129
2 7 23202949.336
2 8 36120802.734
2 9 15179045.931
2 10 20090279.377
2 11 17224382.033
2 12 239540452.087
2 13 13812938.774
2 14 19663384.448
2 15 81344770.707
2 16 63172573.048
2 17 24264954.187
2 18 16646564.768
2 19 83882273.756
3 0 123631233.216
3 1 17189174.566
3 2 41980236.957
3 4 19977761.099
3 5 44644749.767
3 6 42253908.511
3 7 25326996.398
3 8 42858067.391
3 9 17599501.476
3 10 47152680.523
3 11 26109273.440
3 12 218327310.823
3 13 12935409.850
3 14 31078140.381
3 15 112662032.981
3 16 120662234.755
3 17 50697181.289
3 18 48720583.909
3 19 80651606.898
4 0 38697418.721
4 1 6709214.422
4 2 15388227.080
4 3 26854236.550
4 5 11964267.447
4 6 13465322.946
4 7 11266778.143
4 8 20494724.182
4 9 4470183.485
4 10 13605514.615
4 11 18355003.981
4 12 115147348.478
4 13 6609750.291
4 14 17541934.663
4 15 37497031.195
4 16 20572952.186
4 17 12083289.135
4 18 13276657.853
4 19 35399554.860
5 0 101269599.811
5 1 15205085.649
5 2 32274214.659
5 3 43687638.860
5 4 10604956.842
5 6 34626314.340
5 7 18893995.263
5 8 43649738.020
5 9 15104000.954
5 10 18781376.349
5 11 17211736.925
5 12 161850517.885
5 13 14783029.962
5 14 36881854.799
5 15 121595814.238
5 16 56559303.634
5 17 28571988.204
5 18 24416760.084
5 19 43537783.831
6 0 126365965.225
6 1 10703445.543
6 2 16861482.634
6 3 48817741.502
6 4 16681462.939
6 5 32698216.315
6 7 26344622.773
6 8 32274575.216
6 9 8751300.714
6 10 32307786.429
6 11 24025267.509
6 12 221973321.815
6 13 14895804.133
6 14 19474375.395
6 15 96462455.768
6 16 47367284.715
6 17 28788056.592
6 18 22131314.726
6 19 74084325.110
7 0 111661840.816
7 1 10852834.242
7 2 29347348.289
7 3 53877191.997
7 4 10875428.095
7 5 24641283.323
7 6 25212328.614
7 8 35984740.610
7 9 16819094.385
7 10 19783685.995
7 11 32632422.412
7 12 165275106.297
7 13 16599589.962
7 14 26330254.026
7 15 83118475.719
7 16 47344306.058
7 17 22016524.587
7 18 17521378.790
7 19 61689986.171
8 0 149481042.208
8 1 15497067.852
8 2 35100401.434
8 3 77070232.256
8 4 22815507.901
8 5 48272993.729
8 6 49007486.325
8 7 35622429.299
8 9 13128109.331
8 10 30118480.022
8 11 39413925.087
8 12 225696415.217
8 13 12954745.590
8 14 55217028.653
8 15 222236739.065
8 16 127008193.895
8 17 41062316.521
8 18 51745475.651
8 19 65600106.621
9 0 30652614.778
9 1 6839299.916
9 2 10197150.040
9 3 26778651.216
9 4 6287246.972
9 5 15124433.108
9 6 9309058.838
9 7 11658150.771
9 8 17028633.308
9 10 11336876.531
9 11 16389367.956
9 12 118542665.817
9 13 8332678.146
9 14 18332217.014
9 15 62702680.064
9 16 44021200.515
9 17 13678530.415
9 18 16122989.959
9 19 27738666.087
10 0 128859948.600
10 1 15807021.972
10 2 22252699.762
10 3 30343189.301
10 4 13248822.700
10 5 19362793.419
10 6 24366761.675
10 7 34813511.792
10 8 54576017.227
10 9 14302096.227
10 11 33832901.629
10 12 170112562.458
10 13 8782320.732
10 14 31267969.165
10 15 92599169.421
10 16 80364962.555
10 17 28191073.327
10 18 30071254.536
10 19 56509759.626
11 0 128564877.374
11 1 10680331.565
11 2 22051470.839
11 3 44854607.140
11 4 9663490.328
11 5 25497901.693
11 6 25499956.252
11 7 25430357.567
11 8 52772951.634
11 9 15809389.638
11 10 32522923.126
11 12 190331996.493
11 13 10048298.429
11 14 36777061.486
11 15 85432401.691
11 16 82521772.027
11 17 20460693.956
11 18 22090702.042
11 19 60528017.776
12 0 598975250.237
12 1 81964759.933
12 2 187273675.933
12 3 361748019.953
12 4 119268288.051
12 5 229813902.154
12 6 184220766.627
12 7 175349794.584
12 8 334405337.799
12 9 79221227.793
12 10 116120910.963
12 11 241043769.210
12 13 67413670.184
12 14 205361343.399
12 15 1079801751.916
12 16 568940978.677
12 17 230083523.737
12 18 248443376.373
12 19 353363077.406
13 0 37312097.325
13 1 5697616.393
13 2 13519786.664
13 3 25893200.531
13 4 6730280.420
13 5 9894343.254
13 6 17987231.125
13 7 13072700.535
13 8 27292910.922
13 9 8856436.376
13 10 11054674.753
13 11 10355926.142
13 12 110480604.764
13 14 16727255.193
13 15 54520989.690
13 16 41542782.805
13 17 8516532.212
13 18 16921775.980
13 19 39374892.758
14 0 80819518.864
14 1 10538114.927
14 2 36810784.292
14 3 36853977.229
14 4 17839182.661
14 5 27770975.651
14 6 27908237.783
14 7 34127801.691
14 8 39893363.500
14 9 9042679.706
14 10 17702981.605
14 11 26522121.484
14 12 142943893.871
14 13 8478779.652
14 15 144649778.338
14 16 43014356.460
14 17 25442999.779
14 18 36749063.913
14 19 47699337.784
15 0 484322578.059
15 1 40768812.951
15 2 73831747.962
15 3 141263074.328
15 4 76106656.152
15 5 90503850.203
15 6 137428370.584
15 7 136998950.342
15 8 129880135.673
15 9 40651183.765
15 10 74230447.890
15 11 142680037.717
15 12 589240386.462
15 13 52862499.103
15 14 120182832.385
15 16 393067129.511
15 17 107728441.530
15 18 118562568.824
15 19 324532858.827
16 0 247824426.168
16 1 35225026.809
16 2 82078742.925
16 3 128579850.487
16 4 23318381.734
16 5 76565875.997
16 6 73840369.663
16 7 43077841.585
16 8 73135088.537
16 9 31067115.944
16 10 72826222.758
16 11 54710196.712
16 12 585153360.670
16 13 41874628.677
16 14 81293300.489
16 15 380003386.034
16 17 72946852.182
16 18 56683960.611
16 19 210119168.024
17 0 58457283.336
17 1 14705652.516
17 2 36647345.561
17 3 42111143.483
17 4 14509398.504
17 5 34690027.865
17 6 34112568.042
17 7 23215552.841
17 8 36647839.633
17 9 14742337.121
17 10 28944563.962
17 11 35540223.770
17 12 167711074.935
17 13 13605868.312
17 14 22390937.835
17 15 89726367.716
17 16 88693798.627
17 18 34851823.195
17 19 65047519.671
18 0 75972366.333
18 1 16764673.646
18 2 33363116.627
18 3 42768925.305
18 4 18001557.756
18 5 27741184.396
18 6 28271249.922
18 7 19335771.922
18 8 34178916.205
18 9 13539960.049
18 10 20556024.729
18 11 31522933.068
18 12 136856248.456
18 13 11052536.391
18 14 20108278.484
18 15 132321266.197
18 16 86246414.486
18 17 28437340.340
18 19 47211249.949
19 0 292320853.539
19 1 39050745.187
19 2 52617273.848
19 3 71837743.790
19 4 34916987.420
19 5 67214511.672
19 6 67191919.474
19 7 68287561.778
19 8 130103151.933
19 9 34640190.202
19 10 49731180.768
19 11 86878525.849
19 12 592676157.259
19 13 34552585.042
19 14 92106365.441
19 15 343010793.103
19 16 226643659.877
19 17 82322727.116
19 18 45111780.778
