380
0 1 48678803.224
0 2 60766013.774
0 3 120152104.197
0 4 62859454.997
0 5 86968819.980
0 6 75261733.790
0 7 128846280.906
0 8 144464068.387
0 9 61658951.786
0 10 84136925.134
0 11 61739690.943
0 12 887085351.276
0 13 42353573.466
0 14 77394983.325
0 15 523069722.404
0 16 148200256.289
0 17 98311222.066
0 18 72552080.052
0 19 193026136.489
1 0 37052789.746
1 2 10905190.461
1 3 25655823.593
1 4 8498686.624
1 5 11882028.471
1 6 8619794.426
1 7 12419325.370
1 8 21403988.202
1 9 8200532.915
1 10 14659358.215
1 11 15609520.531
1 12 118085128.092
1 13 7942414.593
1 14 12957920.609
1 15 64698946.770
1 16 42533432.340
1 17 12794208.083
1 18 11880151.619
1 19 33369357.294
2 0 110810704.219
2 1 11803300.377
2 3 40346604.789
2 4 15416427.079
2 5 22163617.398
2 6 16525990.727
2 7 23852664.656
2 8 24803264.336
2 9 13952652.806
2 10 31211361.370
2 11 27991588.305
2 12 151943912.251
2 13 13996051.119
2 14 21486960.622
2 15 138540007.265
2 16 82773925.536
2 17 30397937.320
2 18 21750101.726
2 19 71504086.055
3 0 122582782.974
3 1 26985076.399
3 2 40715671.930
3 4 19202389.911
3 5 25502165.807
3 6 36378602.212
3 7 31240298.838
3 8 61922895.613
3 9 23432988.853
3 10 30725646.757
3 11 50690217.243
3 12 336247288.598
3 13 23640615.300
3 14 43087329.340
3 15 158946225.136
3 16 63449376.590
3 17 28823589.166
3 18 36661530.855
3 19 102830296.538
4 0 51947485.885
4 1 5014661.745
4 2 16374165.648
4 3 13453874.488
4 5 11655120.803
4 6 12124381.415
4 7 15282752.782
4 8 13680982.299
4 9 4131480.870
4 10 13768472.513
4 11 12461848.491
4 12 60851729.221
4 13 9028331.481
4 14 15917775.863
4 15 40728257.958
4 16 41403705.378
4 17 13157524.099
4 18 8310116.011
4 19 29292839.309
5 0 67132736.269
5 1 16766506.177
5 2 31076681.930
5 3 32283308.294
5 4 9647646.032
5 6 22334229.569
5 7 22028105.549
5 8 38517347.190
5 9 14122879.853
5 10 30186907.844
5 11 19934046.825
5 12 152015092.891
5 13 14107146.202
5 14 31624595.556
5 15 97543110.497
5 16 83733523.928
5 17 31872292.034
5 18 28942470.317
5 19 90947363.780
6 0 82259726.375
6 1 16954416.886
6 2 30218074.371
6 3 29363006.089
6 4 11311375.996
6 5 25010736.548
6 7 23553879.169
6 8 43868651.783
6 9 11342258.451
6 10 32465096.682
6 11 26101758.813
6 12 169043894.833
6 13 9317685.684
6 14 25267464.264
6 15 113524889.667
6 16 76126394.918
6 17 32810083.157
6 18 33502540.973
6 19 46068313.919
7 0 64937847.054
7 1 15173461.387
7 2 23650846.739
7 3 45140621.822
7 4 8371344.003
7 5 27000852.305
7 6 33872505.945
7 8 42207552.869
7 9 18177046.813
7 10 20733245.619
7 11 18678518.924
7 12 206180065.298
7 13 10856622.954
7 14 24632407.810
7 15 94415391.827
7 16 57236384.298
7 17 19431967.042
7 18 25213140.581
7 19 84898564.228
8 0 117899298.296
8 1 17836796.352
8 2 32202638.143
8 3 50763826.923
8 4 14386536.642
8 5 44064606.765
8 6 46832392.990
8 7 40776869.441
8 9 23704735.946
8 10 29984571.553
8 11 25961454.831
8 12 236969277.339
8 13 24272527.081
8 14 46327535.181
8 15 206706970.206
8 16 134090557.408
8 17 47149633.930
8 18 31842414.112
8 19 118952944.156
9 0 36244746.479
9 1 7600040.926
9 2 16723640.606
9 3 13829409.646
9 4 4673198.526
9 5 17225027.651
9 6 16922130.370
9 7 8612260.710
9 8 15610447.131
9 10 10877185.535
9 11 15497464.715
9 12 100768891.830
9 13 7729493.532
9 14 11247535.773
9 15 50850524.516
9 16 45070605.574
9 17 16597991.513
9 18 18177752.089
9 19 28124213.341
10 0 120308336.155
10 1 17202369.903
10 2 35628573.698
10 3 44014171.419
10 4 12305601.176
10 5 25128844.501
10 6 33114734.547
10 7 21455007.708
10 8 43863822.555
10 9 17293490.408
10 11 35277926.233
10 12 227353456.021
10 13 16779666.889
10 14 22579776.335
10 15 124773611.653
10 16 59665204.670
10 17 27190666.302
10 18 23538196.866
10 19 72603677.594
11 0 94371003.036
11 1 9541677.082
11 2 35401530.618
11 3 33586712.780
11 4 11784324.222
11 5 16608286.238
11 6 16711439.648
11 7 27927969.303
11 8 53714947.674
11 9 17498025.841
11 10 36010860.372
11 12 201430039.463
11 13 13959288.130
11 14 35777086.677
11 15 145055373.989
11 16 87473036.531
11 17 36104410.997
11 18 18358611.946
11 19 50279788.205
12 0 683962921.341
12 1 102818138.797
12 2 207798803.484
12 3 200020258.793
12 4 109235508.308
12 5 168369068.156
12 6 257792798.167
12 7 199555363.509
12 8 278832597.297
12 9 82030801.330
12 10 207930055.803
12 11 123147440.182
12 13 106349226.895
12 14 196401756.036
12 15 1015412159.540
12 16 623864290.162
12 17 232977673.823
12 18 239893009.337
12 19 614927603.303
13 0 49163939.706
13 1 5070228.332
13 2 8247522.461
13 3 20042859.227
13 4 5150976.008
13 5 8893313.785
13 6 14157627.987
13 7 16456469.216
13 8 25385723.822
13 9 7691069.653
13 10 11242624.023
13 11 13320892.671
13 12 110608049.157
13 14 13356147.234
13 15 68181824.206
13 16 39917725.501
13 17 12007437.785
13 18 10389207.528
13 19 36799011.057
14 0 65688458.544
14 1 17261524.826
14 2 21107801.652
14 3 31614030.953
14 4 9254314.850
14 5 20426234.052
14 6 19554398.924
14 7 23621862.044
14 8 29502596.101
14 9 14581188.641
14 10 30733623.620
14 11 23874406.273
14 12 250134159.810
14 13 16076021.572
14 15 96055179.780
14 16 61634068.087
14 17 17316051.369
14 18 33242654.923
14 19 91086444.869
15 0 471300101.577
15 1 52871411.116
15 2 115213754.701
15 3 163249246.510
15 4 72504548.607
15 5 100324017.784
15 6 162620613.188
15 7 81760054.844
15 8 232249427.673
15 9 40116409.443
15 10 109399334.655
15 11 122388145.735
15 12 1089055978.124
15 13 42993817.767
15 14 121032752.688
15 16 191484196.261
15 17 111765164.575
15 18 145397039.176
15 19 247129199.019
16 0 161806581.881
16 1 22120187.775
16 2 88657946.735
16 3 104038122.768
16 4 25781057.728
16 5 60281307.918
16 6 54195068.337
16 7 48848283.607
16 8 67775809.020
16 9 43401067.370
16 10 56706492.525
16 11 85625117.382
16 12 631338111.430
16 13 35877851.526
16 14 60019609.826
16 15 229115965.045
16 17 82798646.544
16 18 48251465.787
16 19 179875708.016
17 0 104475595.028
17 1 17195415.670
17 2 28906061.899
17 3 37472236.247
17 4 17016222.405
17 5 20816747.596
17 6 22589608.103
17 7 36355993.324
17 8 32214616.247
17 9 18282257.628
17 10 29483264.326
17 11 28652729.637
17 12 233199649.199
17 13 11072425.283
17 14 21688863.133
17 15 89607090.993
17 16 86775743.049
17 18 31214527.310
17 19 72601568.117
18 0 125455823.711
18 1 8756272.449
18 2 36796844.604
18 3 32578103.062
18 4 12596529.695
18 5 18511173.794
18 6 29673056.543
18 7 23553701.579
18 8 40286195.017
18 9 15071721.675
18 10 27605537.196
18 11 25355761.764
18 12 125928119.483
18 13 10011657.093
18 14 28352742.541
18 15 144409130.439
18 16 70720221.772
18 17 28969873.235
18 19 56429957.986
19 0 275918542.386
19 1 43179754.531
19 2 63381999.568
19 3 69118198.781
19 4 29387410.260
19 5 49579886.133
19 6 49157910.554
19 7 50770640.021
19 8 97513885.014
19 9 43264625.195
19 10 85364205.946
19 11 70179870.819
19 12 350583604.319
19 13 43158782.850
19 14 82113926.965
19 15 303478176.149
19 16 131431950.735
19 17 44598142.065
19 18 69864782.910
