380
0 1 36095500.149
0 2 100804913.073
0 3 102041234.755
0 4 42976171.183
0 5 97465532.557
0 6 70350220.065
0 7 88542571.978
0 8 150134335.608
0 9 35817862.980
0 10 127220588.265
0 11 77397709.794
0 12 696924209.684
0 13 32101513.400
0 14 124283106.593
0 15 273421961.825
0 16 150031520.502
0 17 125381487.672
0 18 61327643.935
0 19 194914436.808
1 0 55918483.964
1 2 11025189.486
1 3 17309166.368
1 4 6979592.527
1 5 14441600.486
1 6 15982836.755
1 7 13390608.336
1 8 16955828.679
1 9 7374865.171
1 10 8685161.150
1 11 16064793.206
1 12 104619929.675
1 13 4325993.547
1 14 10724194.575
1 15 68065454.336
1 16 34358172.995
1 17 15178806.895
1 18 13535213.995
1 19 21681198.779
2 0 61763346.898
2 1 14023015.644
2 3 25854443.410
2 4 11549991.781
2 5 17391052.743
2 6 36771473.510
2 7 32176585.616
2 8 43057045.293
2 9 13353075.630
2 10 31720760.407
2 11 23935567.196
2 12 176049109.942
2 13 16523496.033
2 14 16820994.098
2 15 120383292.573
2 16 70839173.785
2 17 19367912.011
2 18 26075696.922
2 19 64936273.076
3 0 167584242.406
3 1 22664519.439
3 2 33784793.028
3 4 14413884.714
3 5 25395371.825
3 6 28507744.759
3 7 33424636.528
3 8 50910386.375
3 9 21044810.199
3 10 44783774.941
3 11 42509562.096
3 12 213172298.571
3 13 23396359.793
3 14 34386329.026
3 15 164095032.842
3 16 80462869.938
3 17 31335326.344
3 18 53899212.822
3 19 112210577.727
4 0 55777456.034
4 1 8546804.281
4 2 9707424.669
4 3 25153155.882
4 5 9098512.634
4 6 12030798.514
4 7 14171769.950
4 8 17842400.040
4 9 8644746.052
4 10 15654128.310
4 11 10196070.222
4 12 90233595.165
4 13 5957281.678
4 14 13111995.702
4 15 38154917.625
4 16 39887199.174
4 17 12882905.535
4 18 15872187.573
4 19 23757781.535
5 0 86551182.899
5 1 11933309.761
5 2 34673136.651
5 3 50235175.593
5 4 16302779.478
5 6 18889621.741
5 7 31594859.809
5 8 45690551.525
5 9 8684008.868
5 10 36825002.365
5 11 24978191.542
5 12 159617926.753
5 13 16961829.254
5 14 25254543.440
5 15 131726813.965
5 16 85412497.542
5 17 29265206.704
5 18 34274544.107
5 19 46332327.531
6 0 125800898.039
6 1 12940981.098
6 2 29300557.395
6 3 31739058.605
6 4 8510089.737
6 5 18295850.424
6 7 27014350.868
6 8 51411182.437
6 9 9805775.542
6 10 36771758.464
6 11 35741575.519
6 12 183072890.231
6 13 13792852.800
6 14 36715327.911
6 15 75839138.360
6 16 62136878.057
6 17 19361238.090
6 18 16965717.026
6 19 51546626.097
7 0 84727094.013
7 1 14325530.490
7 2 23679104.566
7 3 41114213.387
7 4 14770596.452
7 5 32647032.011
7 6 30939180.873
7 8 28553380.821
7 9 11852984.594
7 10 29678644.740
7 11 20174634.422
7 12 211122681.691
7 13 11905743.021
7 14 23535523.823
7 15 103944804.597
7 16 91736629.302
7 17 22811695.912
7 18 27371248.885
7 19 66527589.722
8 0 128175795.800
8 1 17686483.158
8 2 51737465.835
8 3 67721690.576
8 4 17521797.817
8 5 39350585.663
8 6 44313275.706
8 7 52450691.237
8 9 18132447.105
8 10 40850233.074
8 11 36702701.850
8 12 287978921.023
8 13 14925485.002
8 14 49812810.128
8 15 167474577.200
8 16 121390202.803
8 17 48208312.135
8 18 32052911.181
8 19 102366756.658
9 0 38782946.396
9 1 4314829.310
9 2 9949866.013
9 3 12366384.480
9 4 6364608.919
9 5 15300455.965
9 6 9790009.721
9 7 13561308.995
9 8 23546801.899
9 10 8712543.402
9 11 17045761.917
9 12 65654161.832
9 13 8587724.100
9 14 10234482.847
9 15 51842165.961
9 16 36817874.604
9 17 15668808.571
9 18 11133142.706
9 19 36702761.646
10 0 113719964.578
10 1 12339793.007
10 2 31301068.458
10 3 40736829.970
10 4 8277229.252
10 5 19633123.713
10 6 20114000.382
10 7 22489278.393
10 8 26094815.568
10 9 14620966.659
10 11 25092464.678
10 12 126406685.019
10 13 16061718.004
10 14 36773459.781
10 15 154403337.407
10 16 87654451.469
10 17 16811589.917
10 18 25397909.189
10 19 85474982.610
11 0 64076205.984
11 1 15646089.888
11 2 30922394.851
11 3 55336837.303
11 4 9674312.373
11 5 36319802.608
11 6 22401830.567
11 7 31376955.257
11 8 54246038.284
11 9 13237782.025
11 10 33806589.005
11 12 116946145.374
11 13 13908927.976
11 14 30223901.392
11 15 136910020.864
11 16 77069076.583
11 17 23537130.634
11 18 17420457.327
11 19 52594747.988
12 0 595196381.739
12 1 59756235.345
12 2 255737939.099
12 3 231803386.346
12 4 117875637.975
12 5 138558947.181
12 6 233099165.548
12 7 131593120.558
12 8 254153669.165
12 9 76129258.542
12 10 215711543.922
12 11 247280233.840
12 13 75784352.012
12 14 120592980.678
12 15 976127082.229
12 16 396278958.139
12 17 167883455.262
12 18 209564130.769
12 19 465288388.093
13 0 38417171.411
13 1 8618798.735
13 2 16398633.507
13 3 23260811.785
13 4 4756473.790
13 5 15956241.772
13 6 10628624.926
13 7 10795783.379
13 8 12573444.416
13 9 7379045.910
13 10 9531266.099
13 11 16784527.051
13 12 115057629.055
13 14 17225752.112
13 15 52013375.542
13 16 41471436.342
13 17 13820022.732
13 18 11134032.608
13 19 26867715.866
14 0 59885822.563
14 1 16748911.928
14 2 28305306.218
14 3 27309909.072
14 4 14437019.238
14 5 34217593.054
14 6 35868094.521
14 7 26123153.524
14 8 43797798.522
14 9 15968089.126
14 10 31533303.924
14 11 28285556.546
14 12 206922209.087
14 13 9462525.498
14 15 100733647.833
14 16 88752279.967
14 17 26227733.787
14 18 31839723.067
14 19 87391813.726
15 0 318705032.248
15 1 68227320.816
15 2 162350620.110
15 3 122572409.852
15 4 37414045.607
15 5 112105944.115
15 6 146805528.412
15 7 99665009.719
15 8 134419816.116
15 9 62229458.507
15 10 141727478.673
15 11 76615344.013
15 12 913448029.545
15 13 39541851.107
15 14 149868739.201
15 16 394082304.879
15 17 132286416.835
15 18 146832923.422
15 19 271825687.732
16 0 148342447.593
16 1 44576381.109
16 2 59601966.115
16 3 63584594.049
16 4 26544123.268
16 5 48590479.556
16 6 77945432.915
16 7 63435318.160
16 8 108076911.979
16 9 26018663.783
16 10 57373043.711
16 11 41607659.120
16 12 479685083.375
16 13 43783767.873
16 14 75535170.252
16 15 271064601.840
16 17 57464403.309
16 18 57417762.171
16 19 158335048.675
17 0 77368151.063
17 1 10085856.045
17 2 18894983.022
17 3 30543436.132
17 4 11495174.702
17 5 20357960.913
17 6 34747733.943
17 7 26943616.466
17 8 27272202.526
17 9 9973533.831
17 10 35431972.728
17 11 22079980.950
17 12 212504076.999
17 13 13634728.103
17 14 31487007.055
17 15 76193901.410
17 16 89659292.883
17 18 35881501.886
17 19 69110045.010
18 0 112647973.251
18 1 15549066.556
18 2 33860805.973
18 3 54128253.065
18 4 13888875.776
18 5 26897691.659
18 6 35912290.076
18 7 30190137.600
18 8 45823063.907
18 9 13180716.282
18 10 34781160.904
18 11 26418586.546
18 12 176129317.829
18 13 17114938.718
18 14 34084061.363
18 15 114813023.026
18 16 85386564.387
18 17 27713649.798
18 19 80331180.460
19 0 289307559.754
19 1 45030421.683
19 2 81696947.316
19 3 113202447.088
19 4 21666493.283
19 5 51311584.414
19 6 48884854.742
19 7 87513614.326
19 8 111010392.103
19 9 39727594.581
19 10 42240608.098
19 11 92074831.279
19 12 550298750.663
19 13 45161745.509
19 14 61841323.664
19 15 188637222.997
19 16 159776848.800
19 17 57251341.572
19 18 56617344.523
