380
0 1 42310100.381
0 2 95489366.986
0 3 160666729.563
0 4 50690468.172
0 5 117088555.930
0 6 76858579.433
0 7 128151317.151
0 8 123299379.462
0 9 43305993.548
0 10 86309159.911
0 11 86379234.915
0 12 548841907.851
0 13 30231725.563
0 14 87343100.041
0 15 462885444.720
0 16 235056528.620
0 17 60234879.665
0 18 104352031.569
0 19 171927704.342
1 0 28873197.571
1 2 9751457.043
1 3 24122343.062
1 4 4958367.838
1 5 11344941.375
1 6 13970970.875
1 7 10614471.011
1 8 21578022.908
1 9 8124092.882
1 10 10622685.463
1 11 16491345.623
1 12 98722851.106
1 13 4606256.319
1 14 12129457.962
1 15 50222013.746
1 16 38022191.212
1 17 11733623.477
1 18 10254383.840
1 19 42611153.064
2 0 92467407.097
2 1 9389002.803
2 3 53325268.319
2 4 17319398.481
2 5 17528969.842
2 6 33246179.929
2 7 17539422.817
2 8 52935082.304
2 9 16708068.832
2 10 21491826.690
2 11 25738451.485
2 12 204731118.592
2 13 12326403.467
2 14 28809380.759
2 15 148713399.792
2 16 46488910.179
2 17 18256783.517
2 18 30206213.719
2 19 72360796.871
3 0 162251672.399
3 1 14451930.786
3 2 26022727.679
3 4 23919719.389
3 5 44045215.380
3 6 47568720.468
3 7 40661273.065
3 8 40999828.381
3 9 16399226.496
3 10 32800291.579
3 11 26400210.441
3 12 190748739.817
3 13 16172301.493
3 14 53024499.358
3 15 224078098.757
3 16 93496548.413
3 17 28927466.281
3 18 37679172.145
3 19 84311334.716
4 0 49407325.624
4 1 9015801.122
4 2 17945049.690
4 3 20910404.004
4 5 10120558.584
4 6 8938351.943
4 7 13612565.925
4 8 15118354.830
4 9 4155264.259
4 10 15181189.564
4 11 10479275.524
4 12 66324354.572
4 13 7264629.095
4 14 15078494.602
4 15 56298124.477
4 16 40916200.292
4 17 12981881.027
4 18 15920606.135
4 19 23029425.368
5 0 87653454.833
5 1 17085006.996
5 2 35216388.715
5 3 42613642.884
5 4 10532777.547
5 6 26669426.977
5 7 20381928.823
5 8 38054184.619
5 9 8963889.807
5 10 16672966.621
5 11 24243651.236
5 12 141357669.909
5 13 14145964.638
5 14 24566542.342
5 15 122533391.568
5 16 73188068.828
5 17 36456018.341
5 18 36738508.466
5 19 51073201.730
6 0 83023516.972
6 1 18030219.275
6 2 21224137.978
6 3 38775872.852
6 4 16717246.173
6 5 33397089.717
6 7 30113451.084
6 8 49140356.619
6 9 10027801.951
6 10 26480288.291
6 11 20342421.653
6 12 219060974.669
6 13 10767524.237
6 14 20135683.517
6 15 118659571.679
6 16 70987800.677
6 17 28388561.389
6 18 25819865.397
6 19 50456497.338
7 0 116700890.828
7 1 15175078.641
7 2 17681326.835
7 3 35373569.133
7 4 16748606.443
7 5 30596349.086
7 6 21889930.103
7 8 30945136.728
7 9 17646139.452
7 10 17530588.818
7 11 18257965.995
7 12 205304708.289
7 13 15535895.971
7 14 26732409.937
7 15 113797882.771
7 16 59688485.178
7 17 28885390.862
7 18 34556274.783
7 19 71579170.270
8 0 189926573.875
8 1 16211701.826
8 2 36384967.191
8 3 75111796.500
8 4 21652442.998
8 5 33708344.326
8 6 52388346.929
8 7 39981595.378
8 9 27604345.622
8 10 30153383.258
8 11 28861184.173
8 12 236006355.259
8 13 25847334.611
8 14 50744318.022
8 15 203912295.493
8 16 102901126.714
8 17 33931566.909
8 18 28493154.960
8 19 61837697.037
9 0 30965922.385
9 1 4752683.417
9 2 16031572.297
9 3 17682655.275
9 4 6969289.699
9 5 16763327.186
9 6 12369906.459
9 7 10576027.136
9 8 27088379.880
9 10 16680710.625
9 11 11505004.017
9 12 72122378.599
9 13 8323984.657
9 14 10735806.948
9 15 56763986.680
9 16 40044921.433
9 17 14040864.169
9 18 17544784.132
9 19 21712597.199
10 0 113230291.961
10 1 15058407.244
10 2 16453080.832
10 3 49415439.557
10 4 11332403.645
10 5 17617030.712
10 6 24043471.485
10 7 29218601.055
10 8 32933410.117
10 9 14539863.946
10 11 36259550.782
10 12 168337279.804
10 13 10140789.459
10 14 28677164.769
10 15 120733112.028
10 16 89203000.054
10 17 25066415.363
10 18 31688066.347
10 19 67274244.849
11 0 98871526.892
11 1 9458830.489
11 2 25923315.253
11 3 32175791.317
11 4 17744601.188
11 5 18116209.503
11 6 26375019.945
11 7 30789167.641
11 8 53201671.825
11 9 14493596.631
11 10 28666144.022
11 12 205649289.637
11 13 9592927.875
11 14 33080098.543
11 15 100180625.953
11 16 65259540.255
11 17 30909380.792
11 18 36439979.020
11 19 72252944.281
12 0 430121743.724
12 1 83411405.107
12 2 242513727.336
12 3 307264134.311
12 4 59275980.414
12 5 169060950.799
12 6 213624578.265
12 7 183106887.035
12 8 364889585.924
12 9 121160642.998
12 10 118714224.542
12 11 128050783.613
12 13 114070794.740
12 14 255981007.457
12 15 1016403234.801
12 16 406851287.949
12 17 243243162.627
12 18 120742278.052
12 19 437843598.820
13 0 35450893.244
13 1 8745302.971
13 2 10805369.304
13 3 19888310.632
13 4 7309430.410
13 5 12144237.780
13 6 13180913.664
13 7 11837035.520
13 8 23612229.184
13 9 6035299.580
13 10 16999794.481
13 11 13336106.719
13 12 61066237.549
13 14 17677873.840
13 15 77015106.813
13 16 22776584.638
13 17 8762882.157
13 18 17774056.736
13 19 37260176.178
14 0 120955017.632
14 1 9363831.066
14 2 22131422.773
14 3 26645371.947
14 4 14853418.309
14 5 20050706.384
14 6 21381781.227
14 7 23017816.914
14 8 54564304.047
14 9 8726624.367
14 10 19641312.648
14 11 25947353.328
14 12 191909064.240
14 13 9064031.826
14 15 144824934.541
14 16 82227860.122
14 17 19634305.123
14 18 27541832.376
14 19 85839804.936
15 0 497614194.307
15 1 64589759.354
15 2 74130741.545
15 3 119974345.019
15 4 76576729.777
15 5 142080239.918
15 6 91950668.059
15 7 137835215.638
15 8 166262105.447
15 9 67234788.017
15 10 151653966.098
15 11 93063710.029
15 12 988537935.068
15 13 48606493.126
15 14 75691870.979
15 16 372759405.867
15 17 100664776.019
15 18 160137647.082
15 19 401973903.087
16 0 203936292.328
16 1 27903513.768
16 2 62799355.101
16 3 101185468.909
16 4 23004507.025
16 5 53032603.165
16 6 62939464.013
16 7 75989202.390
16 8 72050544.527
16 9 36850399.389
16 10 82284755.351
16 11 89018532.479
16 12 580535379.495
16 13 23131985.170
16 14 91051183.256
16 15 293608245.871
16 17 79230036.271
16 18 42070009.516
16 19 112796203.881
17 0 112084529.147
17 1 12480360.887
17 2 22221595.767
17 3 40519893.849
17 4 11783551.454
17 5 36140637.946
17 6 30743764.719
17 7 29504149.233
17 8 30755022.912
17 9 9283034.515
17 10 21268481.559
17 11 29620824.577
17 12 147102169.087
17 13 13271587.495
17 14 35459247.880
17 15 154959216.704
17 16 56131911.243
17 18 26529383.487
17 19 81505908.236
18 0 100495218.305
18 1 15531048.309
18 2 33358523.175
18 3 41009343.448
18 4 10161641.903
18 5 21243830.130
18 6 32729843.742
18 7 36814412.316
18 8 41355083.015
18 9 11137833.594
18 10 32322669.918
18 11 23313760.479
18 12 237467048.669
18 13 16888273.117
18 14 28620175.075
18 15 86450976.553
18 16 79044935.507
18 17 34962319.197
18 19 89929056.237
19 0 177585389.447
19 1 32213572.009
19 2 52355628.010
19 3 69153405.426
19 4 25789709.288
19 5 69503404.388
19 6 66605038.387
19 7 83897583.326
19 8 124512247.367
19 9 40838763.383
19 10 59814503.121
19 11 70310340.535
19 12 530553010.966
19 13 39389085.261
19 14 46541203.072
19 15 244418836.954
19 16 121578678.404
19 17 76231689.082
19 18 60870462.825
