380
0 1 54201354.830
0 2 124248077.766
0 3 147762546.702
0 4 34182353.315
0 5 78300582.929
0 6 76032206.252
0 7 72499009.829
0 8 136982180.772
0 9 59263860.633
0 10 107724156.817
0 11 94500107.520
0 12 536575844.346
0 13 55605156.756
0 14 61300100.416
0 15 394121562.838
0 16 168375832.361
0 17 104301756.773
0 18 65530194.469
0 19 273724855.829
1 0 54860655.305
1 2 15859061.122
1 3 20066540.473
1 4 4311801.405
1 5 9452694.562
1 6 11294174.651
1 7 9914544.959
1 8 18052483.209
1 9 5302947.838
1 10 9784199.763
1 11 13726446.869
1 12 97355359.844
1 13 9024927.275
1 14 17975764.402
1 15 71456929.379
1 16 25543748.187
1 17 17815807.909
1 18 8600330.932
1 19 40108431.528
2 0 76797481.782
2 1 8826445.857
2 3 43442313.271
2 4 8981133.792
2 5 30521227.181
2 6 22545554.808
2 7 28661604.628
2 8 45235646.099
2 9 8625424.165
2 10 17917490.381
2 11 27553317.599
2 12 244791844.921
2 13 16862020.010
2 14 16806876.336
2 15 138533800.001
2 16 52908335.113
2 17 25041416.789
2 18 27343208.142
2 19 75061937.688
3 0 89614086.023
3 1 15983860.555
3 2 27017091.168
3 4 18074445.456
3 5 47653706.988
3 6 44715286.541
3 7 54641318.322
3 8 36970631.740
3 9 26642424.714
3 10 28106790.242
3 11 48492524.768
3 12 207037787.457
3 13 24774749.006
3 14 29938189.190
3 15 214858596.721
3 16 131431403.258
3 17 42864244.022
3 18 42992943.063
3 19 130811898.881
4 0 37611794.090
4 1 5163032.980
4 2 18444390.403
4 3 13066013.241
4 5 13066536.810
4 6 15900260.766
4 7 15159129.120
4 8 14826972.392
4 9 8715905.204
4 10 10498611.506
4 11 18391759.384
4 12 81082314.240
4 13 6757671.815
4 14 18429772.460
4 15 54218986.352
4 16 43984967.311
4 17 12428547.435
4 18 18241662.060
4 19 32991176.058
5 0 86940505.484
5 1 9034427.708
5 2 16809639.250
5 3 29069186.336
5 4 13610506.536
5 6 36057638.550
5 7 35037932.247
5 8 51179131.919
5 9 17763948.172
5 10 31168911.637
5 11 30092391.894
5 12 188297383.880
5 13 12107590.482
5 14 24398571.009
5 15 116094158.095
5 16 67198029.840
5 17 27323377.979
5 18 22518522.339
5 19 57753647.108
6 0 108825866.580
6 1 14252382.832
6 2 33909576.524
6 3 36069613.778
6 4 17967262.686
6 5 32297677.188
6 7 28676107.689
6 8 25340568.115
6 9 10201961.242
6 10 32454320.984
6 11 25154618.710
6 12 200198906.798
6 13 11487628.425
6 14 29846614.005
6 15 148240719.229
6 16 61198873.177
6 17 18168653.039
6 18 36726429.815
6 19 92254074.044
7 0 121704283.564
7 1 15455198.833
7 2 29536269.132
7 3 27806359.116
7 4 17627229.431
7 5 20853881.481
7 6 22991232.810
7 8 45806143.441
7 9 11095705.707
7 10 22398107.872
7 11 18946237.952
7 12 154843455.691
7 13 16797980.907
7 14 36472476.394
7 15 115191888.808
7 16 58739800.934
7 17 22714304.063
7 18 19873817.146
7 19 74750883.285
8 0 183657900.995
8 1 24928838.454
8 2 26475941.584
8 3 75447840.792
8 4 27419817.579
8 5 40955313.869
8 6 51851322.910
8 7 28095616.501
8 9 21550263.585
8 10 39042108.204
8 11 47328011.152
8 12 380180825.656
8 13 13933142.751
8 14 49170610.858
8 15 139500349.300
8 16 95830788.006
8 17 32663423.662
8 18 40156942.117
8 19 111743705.104
9 0 55370212.592
9 1 5067717.954
9 2 16796303.545
9 3 15795157.912
9 4 5160439.959
9 5 17656805.150
9 6 14185378.380
9 7 11152646.391
9 8 22584515.523
9 10 17501929.918
9 11 16024534.133
9 12 91533605.865
9 13 5957329.054
9 14 14808259.035
9 15 39953767.044
9 16 26618758.760
9 17 9325019.301
9 18 8211773.511
9 19 26765860.508
10 0 73567704.961
10 1 9407418.672
10 2 22100215.760
10 3 39698591.838
10 4 9941379.603
10 5 26172612.719
10 6 29233091.250
10 7 19165501.590
10 8 34513591.146
10 9 14379629.845
10 11 28481955.318
10 12 220120594.914
10 13 9021257.565
10 14 26111425.332
10 15 91629579.109
10 16 52169651.160
10 17 26537013.629
10 18 30869102.953
10 19 54773360.126
11 0 123587712.736
11 1 17422748.096
11 2 28343614.723
11 3 51983579.037
11 4 9602506.699
11 5 29124792.766
11 6 27376317.568
11 7 16522033.098
11 8 36841188.999
11 9 12014578.246
11 10 23728551.913
11 12 206315055.656
11 13 14118707.643
11 14 35804499.668
11 15 96623867.308
11 16 58002037.451
11 17 26594697.821
11 18 34105031.834
11 19 77383779.537
12 0 475793117.616
12 1 114555541.275
12 2 162076786.882
12 3 317174521.878
12 4 91016663.875
12 5 215598339.892
12 6 216174160.676
12 7 158423561.446
12 8 379671866.291
12 9 119666444.304
12 10 185950310.891
12 11 183662478.422
12 13 126698681.982
12 14 150481344.900
12 15 605824785.506
12 16 370508708.365
12 17 230918452.115
12 18 214884528.391
12 19 344204365.518
13 0 55237521.408
13 1 6091617.179
13 2 9776013.953
13 3 21514514.416
13 4 5729178.994
13 5 11150363.824
13 6 16610841.518
13 7 14524976.509
13 8 21356230.830
13 9 5098276.717
13 10 11972521.079
13 11 14373555.238
13 12 93189213.097
13 14 9545390.905
13 15 40330564.362
13 16 36450483.942
13 17 11453935.146
13 18 17813225.316
13 19 44368270.894
14 0 104955915.753
14 1 10825458.195
14 2 20429780.267
14 3 50497913.360
14 4 15399197.771
14 5 34096030.855
14 6 35120105.203
14 7 24138350.098
14 8 32781621.112
14 9 13297310.501
14 10 19632532.918
14 11 35575536.415
14 12 248931479.490
14 13 16180700.488
14 15 120018751.558
14 16 87327619.111
14 17 17756217.688
14 18 24671207.058
14 19 70572827.332
15 0 505543803.833
15 1 62528601.262
15 2 84186538.405
15 3 132861149.526
15 4 38575569.335
15 5 74029873.270
15 6 155262869.199
15 7 92186612.240
15 8 127918897.396
15 9 77204525.543
15 10 161799283.705
15 11 128657943.041
15 12 769633453.880
15 13 37405769.023
15 14 95832445.730
15 16 194480134.138
15 17 135942455.311
15 18 128119854.482
15 19 330138975.527
16 0 277087909.950
16 1 39000989.042
16 2 42954862.594
16 3 62248830.852
16 4 21429013.366
16 5 65000304.632
16 6 41055071.232
16 7 66434249.674
16 8 111861788.006
16 9 41358592.631
16 10 76873721.916
16 11 75393871.523
16 12 493628053.869
16 13 42476036.416
16 14 68009260.109
16 15 355912880.348
16 17 64842753.629
16 18 67580030.240
16 19 163722192.026
17 0 78328361.692
17 1 9719815.149
17 2 33870589.885
17 3 54664960.806
17 4 13908803.504
17 5 26772891.569
17 6 33770981.963
17 7 28104976.809
17 8 43373838.194
17 9 13583023.239
17 10 16675951.620
17 11 33686537.177
17 12 172754799.701
17 13 13547911.977
17 14 22721079.961
17 15 148237185.386
17 16 48973051.648
17 18 24182324.930
17 19 63910932.232
18 0 58971599.612
18 1 8364534.555
18 2 35676708.597
18 3 45352549.594
18 4 15020108.030
18 5 18811887.293
18 6 32969208.470
18 7 34739619.763
18 8 34828462.253
18 9 10359717.184
18 10 16842629.562
18 11 18699050.988
18 12 183211618.860
18 13 16193876.024
18 14 27439162.871
18 15 142151221.897
18 16 41139958.754
18 17 30547754.363
18 19 63591476.201
19 0 278712592.218
19 1 24676097.582
19 2 77140265.408
19 3 120333121.249
19 4 41936563.623
19 5 86469327.423
19 6 69302936.670
19 7 41536120.068
19 8 133789292.065
19 9 40629009.777
19 10 52423130.405
19 11 77317617.550
19 12 587495386.318
19 13 43519542.604
19 14 79294113.675
19 15 314173032.500
19 16 161401356.547
19 17 64321312.729
19 18 67383549.783
