380
0 1 29538757.120
0 2 57721061.004
0 3 185995594.920
0 4 36888715.331
0 5 101688976.193
0 6 112862623.580
0 7 96172301.087
0 8 146014700.419
0 9 42839464.064
0 10 110836725.464
0 11 72849282.532
0 12 443570592.827
0 13 50121814.770
0 14 59680776.959
0 15 353776591.728
0 16 321645182.676
0 17 99529014.898
0 18 60691209.872
0 19 194694826.235
1 0 35764957.474
1 2 10486553.585
1 3 20157952.483
1 4 6296206.936
1 5 18332654.230
1 6 16058805.272
1 7 8667873.075
1 8 21421458.622
1 9 4503606.484
1 10 18312593.210
1 11 15875007.466
1 12 113558460.684
1 13 6333547.407
1 14 13968385.603
1 15 46931786.948
1 16 32524584.138
1 17 13160798.279
1 18 17811339.754
1 19 35623634.089
2 0 80152717.317
2 1 12779798.036
2 3 40288575.895
2 4 8742801.603
2 5 28014793.719
2 6 21724530.855
2 7 32172114.425
2 8 43450192.276
2 9 15771267.403
2 10 22056110.661
2 11 27851694.914
2 12 126111526.077
2 13 18146512.264
2 14 32104267.066
2 15 115510269.034
2 16 51564539.643
2 17 22118829.056
2 18 31774485.964
2 19 70824855.066
3 0 128191551.857
3 1 23109499.248
3 2 54379512.285
3 4 21765726.519
3 5 34575424.915
3 6 55317966.291
3 7 25714453.794
3 8 58941362.622
3 9 25285448.962
3 10 40064379.960
3 11 28221376.593
3 12 317911245.146
3 13 26109962.041
3 14 32020342.800
3 15 161151057.906
3 16 102375723.538
3 17 38762679.763
3 18 33375084.145
3 19 71235222.501
4 0 61078157.804
4 1 9100358.248
4 2 15574737.942
4 3 17964674.687
4 5 16155187.349
4 6 8347193.892
4 7 12937388.916
4 8 16979027.308
4 9 5585573.436
4 10 18001675.887
4 11 15441456.741
4 12 120671528.266
4 13 4347118.201
4 14 17423845.197
4 15 69228265.569
4 16 45099112.949
4 17 17961084.300
4 18 13152504.214
4 19 42008650.259
5 0 105545623.848
5 1 17148711.250
5 2 23407490.535
5 3 45941715.375
5 4 15617041.064
5 6 24442795.665
5 7 31459803.624
5 8 24903706.541
5 9 9990175.577
5 10 25183872.280
5 11 30587563.985
5 12 150399459.885
5 13 13629647.611
5 14 21692286.295
5 15 101496513.573
5 16 75985072.082
5 17 34251255.631
5 18 22028865.832
5 19 76532225.537
6 0 65090499.515
6 1 17504350.353
6 2 33461938.073
6 3 32938923.065
6 4 13073259.668
6 5 22482005.257
6 7 36234230.603
6 8 46369943.629
6 9 15580042.244
6 10 21597404.742
6 11 19255943.464
6 12 246617603.542
6 13 15110621.868
6 14 30527325.815
6 15 153531129.143
6 16 70741612.279
6 17 32965752.540
6 18 19186561.035
6 19 86545765.033
7 0 69702853.666
7 1 12772403.281
7 2 32946454.460
7 3 49926669.227
7 4 14783262.144
7 5 35993823.302
7 6 21272923.982
7 8 31145079.111
7 9 17998727.174
7 10 21151207.483
7 11 18113116.704
7 12 177455367.353
7 13 9126605.397
7 14 26312880.456
7 15 79454583.965
7 16 61454594.450
7 17 17444774.231
7 18 21518786.483
7 19 86796116.429
8 0 131451767.621
8 1 13903410.666
8 2 24620725.882
8 3 44472746.006
8 4 23051357.320
8 5 36663341.292
8 6 31680989.209
8 7 33876492.379
8 9 23069498.444
8 10 28068399.239
8 11 28626990.959
8 12 195811670.279
8 13 24903344.373
8 14 32861391.530
8 15 142936910.830
8 16 79024389.954
8 17 40049564.740
8 18 36559740.256
8 19 93068283.752
9 0 61016794.329
9 1 5154941.047
9 2 14193765.813
9 3 22997653.229
9 4 7938843.318
9 5 17244282.661
9 6 14761630.094
9 7 10747151.333
9 8 18123989.900
9 10 14858960.383
9 11 13498560.071
9 12 106107963.204
9 13 5533787.471
9 14 10377806.438
9 15 65586309.324
9 16 32577631.146
9 17 14604492.535
9 18 8980656.471
9 19 42632935.908
10 0 94445550.403
10 1 11561239.658
10 2 18612129.295
10 3 50995996.689
10 4 12530359.413
10 5 36839247.635
10 6 35950733.629
10 7 26820886.627
10 8 38658302.256
10 9 10290099.128
10 11 27829565.811
10 12 228584168.257
10 13 8531719.819
10 14 35446898.848
10 15 80775759.243
10 16 77816690.334
10 17 20495207.510
10 18 20675562.841
10 19 42201817.189
11 0 109644970.118
11 1 12610734.344
11 2 20758159.517
11 3 48561465.693
11 4 9064327.968
11 5 34034116.403
11 6 20520548.858
11 7 32863328.454
11 8 40734864.758
11 9 9065112.875
11 10 19184227.156
11 12 197849500.495
11 13 9794846.881
11 14 26531834.989
11 15 96828634.157
11 16 41022617.256
11 17 22710007.695
11 18 16920259.371
11 19 58507109.335
12 0 826980038.392
12 1 59944732.836
12 2 210032159.267
12 3 386965266.375
12 4 78994203.762
12 5 120860658.601
12 6 224615810.066
12 7 120897011.645
12 8 356195731.959
12 9 80840329.308
12 10 197133649.699
12 11 241608942.308
12 13 59642130.941
12 14 175406591.171
12 15 876584263.283
12 16 447365590.223
12 17 228417917.324
12 18 151358785.715
12 19 582410099.244
13 0 62435032.080
13 1 7699901.117
13 2 12855781.686
13 3 21482162.371
13 4 5535843.850
13 5 9694808.095
13 6 15565575.324
13 7 13998241.308
13 8 26678376.341
13 9 7876298.445
13 10 9570895.214
13 11 15785411.610
13 12 106424812.013
13 14 18029295.043
13 15 81029821.435
13 16 27326595.404
13 17 11026700.355
13 18 16307278.742
13 19 41787829.286
14 0 67012249.236
14 1 14876761.466
14 2 36801045.441
14 3 53058310.010
14 4 15709689.036
14 5 36086018.236
14 6 33512222.871
14 7 36155047.966
14 8 29806782.936
14 9 15460043.700
14 10 27128554.862
14 11 19613023.938
14 12 217637293.866
14 13 9897301.166
14 15 149037282.944
14 16 51536803.080
14 17 33125724.223
14 18 29929282.124
14 19 54455851.794
15 0 298174946.179
15 1 43234683.582
15 2 77454794.212
15 3 146008722.504
15 4 63717999.275
15 5 144191817.000
15 6 124257042.750
15 7 135309808.195
15 8 180085118.791
15 9 40445536.013
15 10 77007809.161
15 11 95226372.587
15 12 972321394.250
15 13 74117102.751
15 14 74835298.623
15 16 336538575.496
15 17 105790056.695
15 18 123204014.223
15 19 260345204.481
16 0 282235334.344
16 1 45827583.140
16 2 73930435.608
16 3 122490156.894
16 4 43981895.098
16 5 70381822.996
16 6 54687185.527
16 7 82099111.458
16 8 83725172.666
16 9 23627956.172
16 10 81062720.040
16 11 62053101.252
16 12 302577644.737
16 13 43817998.597
16 14 79276609.025
16 15 349624559.644
16 17 50839561.333
16 18 44686602.386
16 19 184018047.848
17 0 71613431.085
17 1 16313248.467
17 2 16886201.468
17 3 30389024.279
17 4 10325384.130
17 5 21677817.637
17 6 26581719.126
17 7 24076660.243
17 8 35663322.981
17 9 17823770.019
17 10 19847598.556
17 11 30300839.164
17 12 161715293.463
17 13 8263850.095
17 14 21482094.918
17 15 158405879.461
17 16 84311353.925
17 18 33687867.621
17 19 42387316.796
18 0 104751081.316
18 1 10804876.272
18 2 19096531.048
18 3 44175300.642
18 4 9412119.702
18 5 28499136.747
18 6 34862559.009
18 7 33658932.409
18 8 49178198.765
18 9 10158058.311
18 10 27204503.805
18 11 20709071.076
18 12 240303045.350
18 13 15061002.007
18 14 32117448.481
18 15 125174308.373
18 16 71648354.398
18 17 36063766.777
18 19 60438167.629
19 0 188042172.313
19 1 29988141.543
19 2 43090388.945
19 3 66552666.394
19 4 44981912.827
19 5 67457802.053
19 6 72973361.986
19 7 83197398.210
19 8 110127319.570
19 9 27652434.377
19 10 46477367.749
19 11 58048648.326
19 12 444099818.646
19 13 27225239.696
19 14 61907392.195
19 15 360259075.127
19 16 201614012.105
19 17 57263513.249
19 18 77105111.566
