380
0 1 45903357.871
0 2 83924314.180
0 3 124113183.644
0 4 35318475.600
0 5 103283248.445
0 6 78217308.482
0 7 114424170.398
0 8 115104859.048
0 9 62274545.591
0 10 116049529.221
0 11 125552723.725
0 12 711134725.398
0 13 51269999.616
0 14 98686607.880
0 15 424910891.819
0 16 200622901.144
0 17 93119533.392
0 18 120150863.504
0 19 178735532.215
1 0 45162626.448
1 2 11830402.851
1 3 14426311.206
1 4 7652260.503
1 5 8761704.319
1 6 8472493.905
1 7 10854173.144
1 8 22977476.495
1 9 5113300.269
1 10 9545829.964
1 11 12463002.360
1 12 103076405.408
1 13 8128639.173
1 14 18247990.191
1 15 58688454.333
1 16 46031398.280
1 17 11295979.680
1 18 14940534.476
1 19 33392255.967
2 0 67560011.877
2 1 10474274.832
2 3 37971286.980
2 4 11498347.692
2 5 20146724.580
2 6 35570733.298
2 7 26670780.350
2 8 49333339.408
2 9 9574513.135
2 10 36621892.418
2 11 20434648.917
2 12 117206328.970
2 13 14982302.958
2 14 26902902.876
2 15 140880540.924
2 16 75526169.449
2 17 29987719.788
2 18 32913682.478
2 19 64790011.593
3 0 124323405.443
3 1 15551391.509
3 2 41282434.493
3 4 20309745.929
3 5 43625555.143
3 6 38067244.601
3 7 31070704.779
3 8 63086487.516
3 9 15380329.683
3 10 32362188.443
3 11 50192414.630
3 12 315212951.375
3 13 27057383.917
3 14 40221199.196
3 15 135014857.631
3 16 70704508.937
3 17 36711853.601
3 18 34231083.337
3 19 70877809.826
4 0 40852191.819
4 1 7830956.362
4 2 14356412.200
4 3 12703905.762
4 5 10868127.855
4 6 8420125.211
4 7 12789758.473
4 8 26427187.189
4 9 8052769.450
4 10 15204406.636
4 11 11351120.402
4 12 113819439.079
4 13 7661633.427
4 14 14584905.017
4 15 67917400.210
4 16 45477681.421
4 17 11264249.915
4 18 10251215.148
4 19 44981120.880
5 0 79009432.579
5 1 10759940.543
5 2 33006166.004
5 3 49243858.277
5 4 9091527.351
5 6 27814626.820
5 7 22958899.464
5 8 51667855.293
5 9 16085603.444
5 10 28726195.068
5 11 27964331.249
5 12 136377219.160
5 13 15798291.188
5 14 34615957.130
5 15 164337606.816
5 16 59142973.855
5 17 29014355.701
5 18 33164256.221
5 19 58585226.440
6 0 70749905.005
6 1 17392362.739
6 2 32140727.561
6 3 47701566.034
6 4 9968637.897
6 5 22395931.124
6 7 35635216.371
6 8 33470619.134
6 9 14933349.361
6 10 23929723.841
6 11 31101876.215
6 12 182753499.705
6 13 12937304.909
6 14 34283785.363
6 15 84115282.574
6 16 63779932.035
6 17 20458067.252
6 18 20659610.044
6 19 89767986.491
7 0 107643858.415
7 1 17845748.623
7 2 34834991.410
7 3 40169807.979
7 4 17288182.271
7 5 17295611.223
7 6 29973254.775
7 8 31255658.355
7 9 13918093.311
7 10 26486585.661
7 11 29333058.535
7 12 145964006.014
7 13 9653719.198
7 14 16981519.095
7 15 115548923.045
7 16 85673257.229
7 17 18048314.945
7 18 26092404.199
7 19 79205351.497
8 0 156059096.780
8 1 19996147.191
8 2 35137213.876
8 3 66813889.269
8 4 24235049.487
8 5 40755877.374
8 6 25567628.722
8 7 29986710.009
8 9 21909136.646
8 10 48970582.210
8 11 53786724.333
8 12 360328793.782
8 13 21614208.056
8 14 41597796.880
8 15 122735896.501
8 16 101927884.892
8 17 33203397.890
8 18 33672634.176
8 19 81267312.450
9 0 56926522.790
9 1 8317307.912
9 2 13924042.272
9 3 12320719.608
9 4 7042943.044
9 5 16604242.099
9 6 15767212.289
9 7 14641539.809
9 8 18667760.652
9 10 12311747.452
9 11 9171815.742
9 12 104674920.656
9 13 8159880.804
9 14 17702211.570
9 15 68878481.790
9 16 27937826.631
9 17 17531467.341
9 18 17122488.560
9 19 29561986.110
10 0 89683741.081
10 1 17845392.011
10 2 22646048.255
10 3 24730278.840
10 4 16895038.686
10 5 26576863.945
10 6 28363838.844
10 7 21304919.756
10 8 36454427.276
10 9 12939189.623
10 11 20912483.131
10 12 249344136.763
10 13 10835418.987
10 14 28509341.985
10 15 104504393.737
10 16 84784347.001
10 17 29752784.209
10 18 17675714.003
10 19 80643314.259
11 0 65699831.901
11 1 13945721.637
11 2 27518891.481
11 3 55345572.520
11 4 12881856.716
11 5 27697558.584
11 6 27291687.124
11 7 20484509.120
11 8 33212405.239
11 9 14572168.514
11 10 32573603.554
11 12 238709668.363
11 13 14776823.639
11 14 21891364.343
11 15 130907312.054
11 16 81142013.987
11 17 27651990.039
11 18 26740951.007
11 19 78362732.236
12 0 428096208.500
12 1 126911289.271
12 2 128344120.893
12 3 302039380.064
12 4 88614902.789
12 5 241956183.737
12 6 250514242.400
12 7 191631946.434
12 8 220309454.841
12 9 89894507.406
12 10 177546170.540
12 11 252388579.979
12 13 62462964.967
12 14 152179702.564
12 15 1159299406.048
12 16 573610969.760
12 17 190102737.115
12 18 161772794.657
12 19 521475380.032
13 0 32337942.705
13 1 6290493.322
13 2 13487203.525
13 3 14604558.186
13 4 5003999.439
13 5 9039978.027
13 6 16545585.839
13 7 10670494.281
13 8 12659162.410
13 9 4762782.717
13 10 13445159.476
13 11 13817404.120
13 12 58141710.552
13 14 10084486.316
13 15 57065218.198
13 16 40404861.150
13 17 17560281.546
13 18 17125358.288
13 19 35188353.220
14 0 128167197.085
14 1 13668227.576
14 2 17107711.978
14 3 46287430.209
14 4 10174429.782
14 5 20536116.634
14 6 31561183.969
14 7 32545721.841
14 8 45612510.208
14 9 10582631.291
14 10 31352661.835
14 11 27146003.135
14 12 135008008.995
14 13 16651608.898
14 15 76917613.020
14 16 63700409.934
14 17 30487347.714
14 18 25923424.705
14 19 81618117.072
15 0 546151932.783
15 1 56895115.304
15 2 149325216.031
15 3 153346280.417
15 4 73328871.660
15 5 102370662.934
15 6 77745288.982
15 7 136367802.466
15 8 119639110.767
15 9 52345372.633
15 10 114646258.090
15 11 74828177.587
15 12 997133917.972
15 13 71464217.836
15 14 85010546.181
15 16 392320119.419
15 17 89098974.416
15 18 105418968.367
15 19 210240354.509
16 0 178779533.306
16 1 23753873.491
16 2 77919714.528
16 3 114645733.768
16 4 26896990.658
16 5 54221418.793
16 6 74111525.452
16 7 45205290.333
16 8 129861105.804
16 9 42371638.249
16 10 59464543.579
16 11 74987387.167
16 12 601602115.799
16 13 41493732.611
16 14 79122928.947
16 15 223830347.349
16 17 55761000.859
16 18 43793332.565
16 19 114239025.600
17 0 93649635.738
17 1 8323092.917
17 2 31822209.964
17 3 54918543.998
17 4 14562310.383
17 5 21898297.230
17 6 26007529.134
17 7 21182549.497
17 8 29680438.867
17 9 16764423.057
17 10 26517239.188
17 11 29360336.922
17 12 150126731.781
17 13 11309138.305
17 14 22437112.494
17 15 149916332.000
17 16 82870004.778
17 18 21335589.235
17 19 90321339.738
18 0 79155012.567
18 1 16313057.149
18 2 17353279.131
18 3 29727496.813
18 4 18138738.606
18 5 28412902.541
18 6 28950481.566
18 7 18450146.681
18 8 52624250.709
18 9 16639573.096
18 10 36364488.617
18 11 27187291.681
18 12 178056833.476
18 13 13951254.980
18 14 21008051.799
18 15 111391397.401
18 16 56943552.262
18 17 23618691.717
18 19 90269958.654
19 0 157638432.345
19 1 38065965.024
19 2 64529001.747
19 3 85519458.884
19 4 41305985.013
19 5 45912330.149
19 6 74324273.271
19 7 68342536.423
19 8 120810565.477
19 9 21065853.725
19 10 58073206.273
19 11 56136067.383
19 12 506970835.356
19 13 34286757.796
19 14 49063199.736
19 15 339223138.139
19 16 107348083.131
19 17 50233954.108
19 18 66374514.517
