380
0 1 34049179.465
0 2 118382946.975
0 3 100939773.786
0 4 37000277.608
0 5 87003961.281
0 6 128328965.346
0 7 95161503.240
0 8 186737072.808
0 9 29912442.799
0 10 74876879.005
0 11 69939352.605
0 12 656389962.756
0 13 47019872.082
0 14 60094820.572
0 15 293191329.564
0 16 210012406.665
0 17 78595245.958
0 18 102641689.038
0 19 252630024.791
1 0 37533402.430
1 2 17754448.243
1 3 21029097.090
1 4 4199092.003
1 5 10134876.764
1 6 11072662.411
1 7 13921662.105
1 8 13859394.576
1 9 8321366.171
1 10 16830240.286
1 11 15289855.065
1 12 117695585.067
1 13 7609463.039
1 14 10657324.999
1 15 56128520.877
1 16 32568144.331
1 17 9873898.479
1 18 18152038.315
1 19 46100660.181
2 0 112127349.422
2 1 17689464.288
2 3 36288169.263
2 4 16244068.423
2 5 28989563.152
2 6 22157914.450
2 7 34846208.767
2 8 54022310.333
2 9 8914214.890
2 10 25617495.350
2 11 26767924.948
2 12 148194976.253
2 13 9871259.271
2 14 18678417.974
2 15 158344053.389
2 16 53450006.890
2 17 23050246.540
2 18 24677889.773
2 19 57776421.501
3 0 163458586.323
3 1 25094769.178
3 2 38226307.815
3 4 13638257.197
3 5 25636188.901
3 6 39049449.674
3 7 48159720.000
3 8 63935965.744
3 9 13413175.950
3 10 51073111.802
3 11 50756044.454
3 12 241256756.637
3 13 25048373.653
3 14 43892300.364
3 15 162916177.728
3 16 81022056.707
3 17 49237828.611
3 18 36370745.050
3 19 63827414.942
4 0 57709088.486
4 1 7064619.382
4 2 16030117.612
4 3 16734425.408
4 5 14138305.466
4 6 10773494.471
4 7 12774281.515
4 8 17728214.934
4 9 5962666.316
4 10 11632344.654
4 11 17840372.203
4 12 110065144.087
4 13 6803246.484
4 14 17311947.080
4 15 64717542.233
4 16 30949409.203
4 17 17609592.923
4 18 16696292.286
4 19 44795259.533
5 0 110642367.749
5 1 13777487.710
5 2 27344685.093
5 3 30088485.650
5 4 12148224.903
5 6 26172131.892
5 7 32183084.986
5 8 51186126.036
5 9 12601544.070
5 10 22220245.633
5 11 19214122.144
5 12 179615383.619
5 13 17698334.844
5 14 16607907.239
5 15 75791853.158
5 16 65279796.617
5 17 21087322.826
5 18 29345471.468
5 19 71383920.710
6 0 104719055.429
6 1 13146372.520
6 2 27956199.519
6 3 41001381.098
6 4 14486181.235
6 5 30602401.589
6 7 36792409.621
6 8 24732096.142
6 9 9916662.984
6 10 20557509.900
6 11 17538914.965
6 12 232645040.484
6 13 13568362.168
6 14 29257950.622
6 15 137241741.325
6 16 76893271.214
6 17 29551449.395
6 18 27918291.929
6 19 51451876.165
7 0 124045915.471
7 1 12526095.624
7 2 17476986.077
7 3 26084786.222
7 4 16688302.063
7 5 22882018.669
7 6 25040400.966
7 8 32918630.669
7 9 14871128.828
7 10 29480197.285
7 11 30555565.057
7 12 146275990.710
7 13 15750603.328
7 14 19604297.223
7 15 117739221.691
7 16 78103563.938
7 17 26446646.853
7 18 34756384.357
7 19 78343104.992
8 0 89822056.447
8 1 15330658.278
8 2 40907142.177
8 3 61014294.608
8 4 15415558.470
8 5 53916308.462
8 6 47626653.049
8 7 32427453.177
8 9 25069635.151
8 10 45676619.363
8 11 42001457.518
8 12 206778568.068
8 13 23002927.852
8 14 46010882.528
8 15 181058268.785
8 16 121645540.014
8 17 25205107.779
8 18 25182996.111
8 19 88056335.291
9 0 57303203.719
9 1 7114046.781
9 2 13801013.608
9 3 26960547.753
9 4 6979173.043
9 5 10686157.374
9 6 9024928.355
9 7 16430405.238
9 8 23668991.400
9 10 16164427.264
9 11 13392435.184
9 12 69028252.338
9 13 8232050.084
9 14 14472676.658
9 15 59127217.432
9 16 43159331.036
9 17 8262566.283
9 18 8408647.440
9 19 22559698.348
10 0 73925481.839
10 1 17335388.903
10 2 23095205.404
10 3 34338824.177
10 4 13707641.790
10 5 33222536.309
10 6 32944057.505
10 7 16461987.092
10 8 38762483.914
10 9 16296653.702
10 11 29280085.138
10 12 187205674.982
10 13 9279523.317
10 14 22347087.377
10 15 98835003.087
10 16 65996792.042
10 17 32996583.380
10 18 32627844.610
10 19 77499681.459
11 0 123696158.150
11 1 13700690.471
11 2 31647130.010
11 3 38945360.580
11 4 13796243.479
11 5 27356376.908
11 6 21295157.817
11 7 28349905.359
11 8 34359156.821
11 9 13230150.222
11 10 18937890.528
11 12 155482323.177
11 13 9497422.415
11 14 18091241.137
11 15 126780383.358
11 16 60396655.358
11 17 33118812.087
11 18 22991830.621
11 19 61788431.200
12 0 621882301.689
12 1 81101275.477
12 2 176542824.857
12 3 283434216.024
12 4 96259455.375
12 5 115555768.488
12 6 178183433.312
12 7 239288624.062
12 8 192925345.468
12 9 61429354.338
12 10 246014490.831
12 11 240883027.276
12 13 114910650.200
12 14 178938341.102
12 15 944629311.632
12 16 451396055.325
12 17 196122150.333
12 18 234511372.599
12 19 505483698.505
13 0 32628152.826
13 1 5916864.824
13 2 15357829.130
13 3 13455548.160
13 4 6054886.541
13 5 17431637.726
13 6 16496431.532
13 7 9838002.962
13 8 14378873.700
13 9 6243010.913
13 10 11390106.962
13 11 18220711.779
13 12 71599056.165
13 14 9330934.356
13 15 64223380.035
13 16 23842652.804
13 17 17367281.277
13 18 11670839.778
13 19 41823063.550
14 0 75631303.924
14 1 18166405.975
14 2 21748379.679
14 3 43346313.807
14 4 15941755.108
14 5 18548019.502
14 6 24575623.343
14 7 35757186.020
14 8 45221638.285
14 9 17728853.796
14 10 28182607.486
14 11 28132918.084
14 12 166888385.412
14 13 15919559.881
14 15 154591669.667
14 16 78007421.910
14 17 27909567.643
14 18 31991754.184
14 19 87206004.021
15 0 561563810.785
15 1 73500168.439
15 2 119734705.281
15 3 230047462.849
15 4 48686185.162
15 5 89608243.795
15 6 121825202.712
15 7 97044413.907
15 8 218880941.667
15 9 71758331.652
15 10 98315278.964
15 11 80730688.050
15 12 713074735.944
15 13 59806699.689
15 14 159318999.496
15 16 365247060.538
15 17 152473343.373
15 18 151019297.696
15 19 401785067.113
16 0 238204426.826
16 1 37559621.792
16 2 88568454.112
16 3 135658039.242
16 4 40723668.078
16 5 49788463.495
16 6 43839635.733
16 7 63081721.268
16 8 84067726.814
16 9 42063306.702
16 10 41310349.177
16 11 47045520.372
16 12 290765754.130
16 13 37341228.150
16 14 85664332.973
16 15 203333189.687
16 17 67552595.060
16 18 41239175.490
16 19 166297094.798
17 0 118024872.188
17 1 14999724.714
17 2 16622436.882
17 3 42504328.417
17 4 8226784.433
17 5 21434164.389
17 6 33512564.967
17 7 25870590.458
17 8 43571212.386
17 9 15233179.749
17 10 29840625.018
17 11 19286634.842
17 12 133538947.462
17 13 17798544.317
17 14 34237510.818
17 15 85906658.072
17 16 73734506.642
17 18 26953745.847
17 19 81677532.388
18 0 98654165.795
18 1 8381825.741
18 2 16916634.108
18 3 24668099.133
18 4 15848342.549
18 5 17537715.812
18 6 17885225.541
18 7 28322669.785
18 8 53727786.961
18 9 17419942.857
18 10 18094970.306
18 11 35903397.790
18 12 217125819.337
18 13 13763224.577
18 14 26307376.095
18 15 107173055.138
18 16 64027603.603
18 17 36250981.986
18 19 69262752.019
19 0 247891238.929
19 1 24001089.618
19 2 90809837.313
19 3 90958279.342
19 4 21534852.580
19 5 58242801.689
19 6 59355915.292
19 7 75863666.857
19 8 111702259.493
19 9 44636224.804
19 10 72618717.477
19 11 63678065.150
19 12 403176824.137
19 13 42212339.535
19 14 89092440.324
19 15 288550380.746
19 16 139787174.342
19 17 81739174.566
19 18 52599068.878
