380
0 1 29720190.947
0 2 126973577.387
0 3 183979840.369
0 4 29450275.309
0 5 73013409.229
0 6 87613299.736
0 7 108483235.614
0 8 128026071.642
0 9 32395038.772
0 10 80632876.424
0 11 83093792.925
0 12 490065350.000
0 13 31249533.608
0 14 117620317.119
0 15 428538120.817
0 16 322101961.457
0 17 83542041.808
0 18 70601464.886
0 19 181039041.133
1 0 37687114.047
1 2 10210459.559
1 3 25745220.088
1 4 4888471.846
1 5 16672825.267
1 6 15668511.053
1 7 16170928.327
1 8 17942299.872
1 9 7649974.178
1 10 9330792.432
1 11 9692037.721
1 12 106882629.299
1 13 4329598.701
1 14 10456071.065
1 15 80752161.066
1 16 42293696.577
1 17 12776783.209
1 18 12713758.123
1 19 41473817.018
2 0 114406773.807
2 1 15510999.866
2 3 31145234.024
2 4 16649255.967
2 5 31554883.001
2 6 35257241.172
2 7 17919365.482
2 8 31402407.699
2 9 11725177.050
2 10 27973371.081
2 11 21839878.085
2 12 133924026.385
2 13 17679263.021
2 14 21680960.492
2 15 165763244.244
2 16 79522783.229
2 17 32266747.617
2 18 16697192.086
2 19 47373473.789
3 0 141661443.068
3 1 16095238.899
3 2 44525204.461
3 4 14535465.002
3 5 50447869.595
3 6 40791845.066
3 7 40010191.598
3 8 51867134.179
3 9 17473774.831
3 10 49914717.397
3 11 52847029.383
3 12 317717716.122
3 13 17363711.987
3 14 40845793.784
3 15 166766105.054
3 16 70302110.577
3 17 30248871.876
3 18 24762727.163
3 19 94154133.765
4 0 59097150.793
4 1 7348943.191
4 2 13734317.730
4 3 16529578.649
4 5 15451129.124
4 6 17300493.441
4 7 17693976.953
4 8 26800277.900
4 9 8071743.446
4 10 8221115.218
4 11 17265068.261
4 12 96691279.093
4 13 7331087.582
4 14 17269272.778
4 15 81616526.657
4 16 34203602.195
4 17 17072687.656
4 18 11764382.460
4 19 44930648.016
5 0 85183993.260
5 1 17437941.657
5 2 19746425.000
5 3 37733629.435
5 4 14927492.684
5 6 32177062.170
5 7 19309263.871
5 8 33427724.574
5 9 13644364.994
5 10 32202454.090
5 11 32228809.819
5 12 116106760.893
5 13 15912795.496
5 14 22006497.199
5 15 132946399.629
5 16 67948923.223
5 17 33463161.705
5 18 30361213.622
5 19 68869506.072
6 0 97260722.068
6 1 15267827.238
6 2 33849523.357
6 3 54361875.244
6 4 8803888.232
6 5 26679607.590
6 7 33563241.210
6 8 30545496.661
6 9 12885410.907
6 10 35648242.323
6 11 19278446.630
6 12 165709239.318
6 13 9855311.977
6 14 29537783.380
6 15 116172823.897
6 16 52487425.239
6 17 20655056.095
6 18 18435118.972
6 19 52156731.626
7 0 70405151.417
7 1 13659780.783
7 2 21688381.148
7 3 25594529.883
7 4 16807931.808
7 5 32181625.594
7 6 34237691.538
7 8 54504015.969
7 9 14543271.040
7 10 19625374.660
7 11 17370678.240
7 12 145839221.467
7 13 9714947.020
7 14 26026973.182
7 15 91500539.747
7 16 57177213.630
7 17 19165458.653
7 18 26912439.571
7 19 72371238.659
8 0 164350386.295
8 1 27445132.529
8 2 26740090.024
8 3 45899619.906
8 4 14880623.238
8 5 48599188.671
8 6 51049079.531
8 7 29062995.106
8 9 12400918.950
8 10 39366754.190
8 11 52196810.917
8 12 297064253.214
8 13 26647620.107
8 14 28474596.036
8 15 212183734.271
8 16 114413475.922
8 17 53121385.505
8 18 40568061.874
8 19 68068898.841
9 0 34198593.198
9 1 6403932.452
9 2 10385698.995
9 3 19779299.430
9 4 6564602.976
9 5 14886073.845
9 6 8860530.755
9 7 16773774.718
9 8 27251732.084
9 10 8456155.904
9 11 17225599.808
9 12 120350339.413
9 13 7013800.628
9 14 11806761.223
9 15 40287462.166
9 16 44716299.501
9 17 10974646.590
9 18 9350728.700
9 19 41880334.300
10 0 79780274.282
10 1 9721500.533
10 2 34381850.000
10 3 26592915.887
10 4 11019886.788
10 5 23717655.088
10 6 29117625.170
10 7 34693024.890
10 8 32551215.296
10 9 12851545.086
10 11 30490287.601
10 12 213835961.215
10 13 12919659.359
10 14 29304022.142
10 15 155097440.817
10 16 84702060.348
10 17 17542155.477
10 18 27211887.581
10 19 71417786.301
11 0 127121081.022
11 1 15238855.437
11 2 20531262.078
11 3 27184877.239
11 4 17776048.564
11 5 28032067.591
11 6 26978292.306
11 7 33382598.177
11 8 25289356.359
11 9 15979805.513
11 10 20686737.492
11 12 153839365.741
11 13 13341716.549
11 14 18224005.618
11 15 112477635.330
11 16 52188551.575
11 17 20373506.750
11 18 27035679.681
11 19 57307448.454
12 0 706158733.074
12 1 94268717.207
12 2 186907338.801
12 3 382163864.132
12 4 110330157.691
12 5 158176946.478
12 6 256153693.976
12 7 163759211.906
12 8 298483578.261
12 9 97544143.354
12 10 128444731.961
12 11 240812023.865
12 13 116094557.772
12 14 144077718.311
12 15 996926652.803
12 16 405723817.204
12 17 256503828.165
12 18 212390582.851
12 19 317251092.379
13 0 62876771.662
13 1 5887908.385
13 2 9727738.006
13 3 19554355.931
13 4 9161409.039
13 5 17855226.394
13 6 12633612.845
13 7 15005916.409
13 8 19165092.738
13 9 5313121.720
13 10 17060263.339
13 11 17231398.349
13 12 127730430.238
13 14 16376486.748
13 15 50242140.086
13 16 37015044.273
13 17 14813180.884
13 18 14341373.163
13 19 26189120.272
14 0 96945817.159
14 1 8432231.125
14 2 18879073.456
14 3 29411169.500
14 4 9447496.432
14 5 29234793.894
14 6 24042200.938
14 7 31579096.782
14 8 34715071.085
14 9 16298073.114
14 10 34132659.188
14 11 33725592.612
14 12 159865856.513
14 13 8696655.725
14 15 154924952.580
14 16 65739313.687
14 17 34422875.072
14 18 26237841.033
14 19 63401478.737
15 0 472235092.852
15 1 48302411.633
15 2 105836587.579
15 3 226449535.863
15 4 81055454.272
15 5 150576329.573
15 6 164395333.962
15 7 162670161.887
15 8 150763012.484
15 9 39441956.088
15 10 81293332.501
15 11 153208978.388
15 12 1154635626.731
15 13 81810430.826
15 14 90743507.535
15 16 214904827.077
15 17 150397566.332
15 18 86945986.791
15 19 203874472.576
16 0 228951891.807
16 1 33559246.675
16 2 52174252.596
16 3 123219096.632
16 4 34693176.632
16 5 77835706.790
16 6 74301957.040
16 7 75867185.959
16 8 61521828.934
16 9 28025211.745
16 10 71151175.469
16 11 64689759.424
16 12 492363491.530
16 13 39099680.819
16 14 56512920.133
16 15 409572992.163
16 17 65162700.367
16 18 50649833.216
16 19 181094109.142
17 0 86167454.875
17 1 16977813.567
17 2 31054283.936
17 3 52717716.963
17 4 12700400.141
17 5 17373830.667
17 6 21366331.160
17 7 22084381.688
17 8 49928949.471
17 9 15502722.210
17 10 21287403.689
17 11 34108006.619
17 12 157425633.600
17 13 10340646.303
17 14 35101551.528
17 15 141830869.880
17 16 57234329.501
17 18 26535261.103
17 19 63735780.947
18 0 104967746.064
18 1 18102824.363
18 2 36491933.969
18 3 53838814.563
18 4 18384787.162
18 5 35325859.486
18 6 18727806.129
18 7 32652014.629
18 8 26727945.566
18 9 12273065.811
18 10 22048242.629
18 11 23683290.063
18 12 145805479.822
18 13 16948811.708
18 14 21531413.764
18 15 142971962.910
18 16 81587013.590
18 17 30714144.319
18 19 59717781.419
19 0 321699593.381
19 1 28506596.769
19 2 63590431.034
19 3 90703591.757
19 4 26388760.781
19 5 87133854.800
19 6 74728226.836
19 7 70719035.687
19 8 137584106.680
19 9 34755800.199
19 10 67310676.610
19 11 86252910.744
19 12 448441782.392
19 13 34065352.991
19 14 44688693.054
19 15 277446363.853
19 16 181519482.807
19 17 58944431.875
19 18 70878735.780
