380
0 1 44945686.462
0 2 62711883.909
0 3 161124447.120
0 4 41788874.670
0 5 99394778.704
0 6 93598976.593
0 7 74087639.962
0 8 115918455.713
0 9 49554641.500
0 10 126759399.773
0 11 70284316.570
0 12 850021464.169
0 13 30846076.597
0 14 118812315.664
0 15 452954472.860
0 16 319420978.202
0 17 125738671.944
0 18 71484336.052
0 19 281159730.156
1 0 51687117.746
1 2 16495891.563
1 3 21136809.549
1 4 7870702.699
1 5 9530693.780
1 6 10393260.974
1 7 11374558.919
1 8 24196107.304
1 9 5768562.108
1 10 17147207.841
1 11 8835668.796
1 12 86169316.013
1 13 7013618.179
1 14 15960893.581
1 15 56043592.095
1 16 27274656.276
1 17 16031354.740
1 18 14017312.323
1 19 26628893.695
2 0 122044814.363
2 1 16109311.369
2 3 25349128.493
2 4 18277734.195
2 5 35167511.202
2 6 25461016.481
2 7 17164080.743
2 8 47287236.477
2 9 16958471.913
2 10 24854348.721
2 11 23118997.837
2 12 182320973.169
2 13 11246154.619
2 14 29652466.259
2 15 110470718.751
2 16 51329701.877
2 17 23256656.603
2 18 33942291.959
2 19 50776880.500
3 0 146030292.506
3 1 17205597.728
3 2 29215100.019
3 4 21592947.115
3 5 43979874.723
3 6 33788027.922
3 7 31574988.115
3 8 50725130.466
3 9 13692193.386
3 10 35066259.369
3 11 54018384.864
3 12 369362223.300
3 13 24493146.998
3 14 39293989.297
3 15 179497467.318
3 16 63916862.017
3 17 24700273.348
3 18 35157583.534
3 19 118963533.053
4 0 49474723.927
4 1 7450836.188
4 2 14759618.168
4 3 20669041.782
4 5 16478610.203
4 6 17192062.197
4 7 13296071.203
4 8 25566084.075
4 9 5629301.827
4 10 13373254.195
4 11 15727706.321
4 12 67632287.670
4 13 4323039.801
4 14 16190917.644
4 15 49313202.347
4 16 33679085.878
4 17 12114424.603
4 18 17957273.440
4 19 23484514.685
5 0 92428418.423
5 1 14850589.924
5 2 30832047.678
5 3 48168186.774
5 4 12056021.091
5 6 35317107.811
5 7 24363849.508
5 8 51778098.907
5 9 13481734.145
5 10 21644747.131
5 11 19189179.355
5 12 216629239.891
5 13 16989666.362
5 14 26652147.897
5 15 123927886.436
5 16 70667739.928
5 17 25369312.579
5 18 22064531.424
5 19 46484660.312
6 0 107664761.748
6 1 12710956.132
6 2 17351714.174
6 3 28084310.914
6 4 16765860.717
6 5 19214029.886
6 7 22476381.061
6 8 40992847.808
6 9 13903226.764
6 10 16589847.664
6 11 25007621.180
6 12 223056260.207
6 13 17199883.422
6 14 21663017.322
6 15 79054706.264
6 16 59454085.575
6 17 20730382.016
6 18 21602360.511
6 19 41880601.479
7 0 128674714.263
7 1 9623435.529
7 2 21693440.268
7 3 43273311.334
7 4 8825925.497
7 5 32289867.139
7 6 23194271.826
7 8 43176235.964
7 9 15212284.563
7 10 24234682.792
7 11 26174108.131
7 12 160348431.244
7 13 13682437.452
7 14 24730938.159
7 15 125068960.699
7 16 45997139.827
7 17 30787233.738
7 18 18687237.832
7 19 58330019.356
8 0 118318133.036
8 1 15332253.117
8 2 37326020.137
8 3 53462817.104
8 4 12732244.813
8 5 26578688.073
8 6 40397687.532
8 7 31567308.164
8 9 17508908.422
8 10 53573876.576
8 11 34217200.383
8 12 229841354.203
8 13 24934975.815
8 14 46326890.879
8 15 237323671.994
8 16 103766394.322
8 17 52204542.236
8 18 42545681.202
8 19 116836852.192
9 0 32241196.846
9 1 8005878.276
9 2 17153965.172
9 3 19848496.018
9 4 5536244.197
9 5 11063116.836
9 6 15314549.171
9 7 10668355.489
9 8 20241282.324
9 10 16273920.928
9 11 9240354.950
9 12 81256647.694
9 13 5785058.297
9 14 15325021.504
9 15 76223335.001
9 16 31231667.561
9 17 10603635.790
9 18 13018070.853
9 19 24472469.095
10 0 59608460.070
10 1 15357438.334
10 2 26890943.386
10 3 26841500.820
10 4 17196261.951
10 5 29580547.288
10 6 36896716.790
10 7 27952611.874
10 8 38251957.669
10 9 8579012.658
10 11 28407720.980
10 12 197417272.917
10 13 14334875.982
10 14 36022706.070
10 15 122909259.736
10 16 47142566.325
10 17 20034257.370
10 18 31960003.985
10 19 79271169.458
11 0 68404848.400
11 1 16673213.239
11 2 20288541.427
11 3 29210041.624
11 4 10927057.090
11 5 26808282.438
11 6 25101932.929
11 7 36669365.613
11 8 38723493.484
11 9 17653516.067
11 10 29697674.375
11 12 153900764.834
11 13 15449864.463
11 14 31135814.080
11 15 165796986.732
11 16 67940483.977
11 17 25921226.423
11 18 32329065.565
11 19 42491049.492
12 0 689842816.407
12 1 68671972.250
12 2 226950938.498
12 3 328020482.277
12 4 79535103.025
12 5 146160281.435
12 6 185649243.185
12 7 185474796.511
12 8 386527061.028
12 9 95988130.889
12 10 238694911.547
12 11 211804196.760
12 13 94488918.715
12 14 231862922.376
12 15 771544850.015
12 16 540240797.893
12 17 229868250.613
12 18 160333529.526
12 19 374010730.519
13 0 56559838.758
13 1 4489474.891
13 2 10038314.978
13 3 16160331.124
13 4 4542601.221
13 5 12410613.170
13 6 17743153.427
13 7 8954342.657
13 8 15831748.379
13 9 8076358.295
13 10 15792542.065
13 11 12436186.462
13 12 87426177.202
13 14 18163282.948
13 15 69096731.176
13 16 36907249.387
13 17 9054835.744
13 18 16576850.852
13 19 38232597.709
14 0 92344143.042
14 1 13205709.844
14 2 32471043.045
14 3 29365694.914
14 4 9482006.339
14 5 18346868.011
14 6 24563512.513
14 7 31448959.518
14 8 25307452.736
14 9 13569153.222
14 10 34215355.048
14 11 31064505.213
14 12 146827931.031
14 13 13424326.477
14 15 83701063.127
14 16 73773691.064
14 17 29695925.045
14 18 16967078.864
14 19 45496026.994
15 0 266456369.300
15 1 61659891.568
15 2 147124448.502
15 3 236830259.135
15 4 74938978.054
15 5 76115491.201
15 6 132230616.168
15 7 103046944.050
15 8 118843825.417
15 9 81364790.623
15 10 89354880.739
15 11 118661178.059
15 12 731486445.104
15 13 63730954.703
15 14 112219881.204
15 16 289445738.724
15 17 131320121.701
15 18 146591232.079
15 19 377829677.060
16 0 211023276.587
16 1 40646144.446
16 2 75045380.871
16 3 127369280.253
16 4 37167259.452
16 5 44352478.173
16 6 83054453.879
16 7 43250818.170
16 8 84463160.246
16 9 38786128.625
16 10 67499707.486
16 11 83245067.615
16 12 418651132.249
16 13 33740607.409
16 14 60934308.400
16 15 212088131.794
16 17 65048586.055
16 18 77986377.780
16 19 191200272.860
17 0 66744666.279
17 1 16049847.065
17 2 30409874.633
17 3 34950719.330
17 4 11174924.873
17 5 31395762.325
17 6 22153438.872
17 7 20035567.176
17 8 54750392.069
17 9 14538791.302
17 10 22608911.907
17 11 33175307.614
17 12 167582899.500
17 13 9442646.758
17 14 31881283.777
17 15 141730234.143
17 16 82684299.815
17 18 19086341.464
17 19 89522538.119
18 0 75116724.448
18 1 14096170.543
18 2 27311294.286
18 3 40954262.031
18 4 16643002.570
18 5 34177421.165
18 6 35901656.281
18 7 22452828.890
18 8 37181559.850
18 9 15407366.709
18 10 36491929.988
18 11 36103304.038
18 12 118827135.852
18 13 11158998.768
18 14 36011192.343
18 15 131906074.773
18 16 53961892.191
18 17 19528961.856
18 19 65155732.353
19 0 190819526.769
19 1 21364917.184
19 2 46423368.217
19 3 87282222.776
19 4 21973588.824
19 5 62634201.146
19 6 43951927.097
19 7 67464688.357
19 8 68941975.084
19 9 37747390.148
19 10 53987718.055
19 11 61970121.178
19 12 563366470.402
19 13 43739817.838
19 14 42687978.768
19 15 217815218.627
19 16 157699261.631
19 17 47097649.739
19 18 86952612.691
