380
0 1 35117946.731
0 2 103799999.279
0 3 177156349.907
0 4 62208090.918
0 5 98558239.257
0 6 94109456.354
0 7 83759492.649
0 8 143852676.168
0 9 44422902.244
0 10 122978652.828
0 11 96133664.458
0 12 816789287.566
0 13 36992365.943
0 14 80962232.706
0 15 295121280.414
0 16 311936730.613
0 17 125700406.126
0 18 92165716.769
0 19 206786664.131
1 0 34024307.409
1 2 16752177.959
1 3 20315374.633
1 4 8394898.020
1 5 9286972.933
1 6 16349748.467
1 7 14874470.335
1 8 19926697.570
1 9 8948669.640
1 10 18328387.616
1 11 8645787.593
1 12 68822140.867
1 13 4149151.841
1 14 16225349.472
1 15 63878477.068
1 16 25103040.545
1 17 9579366.527
1 18 16713189.151
1 19 34255625.359
2 0 125945475.668
2 1 13829346.213
2 3 25800981.031
2 4 9496370.696
2 5 34995703.424
2 6 24414469.444
2 7 34542672.788
2 8 51726013.488
2 9 16494980.305
2 10 27671694.739
2 11 24642731.194
2 12 115744410.699
2 13 17432918.019
2 14 36370391.262
2 15 107213761.545
2 16 64758509.413
2 17 29700091.031
2 18 25404312.574
2 19 78149883.850
3 0 102062364.251
3 1 14740814.154
3 2 33419508.399
3 4 16578394.601
3 5 42055713.002
3 6 39205961.351
3 7 37446104.551
3 8 69864144.707
3 9 18912660.419
3 10 31547955.243
3 11 40557624.889
3 12 227641094.681
3 13 25154444.680
3 14 34643990.207
3 15 156048531.160
3 16 71583037.412
3 17 36738519.011
3 18 53035020.662
3 19 86783280.712
4 0 60073530.162
4 1 7032242.073
4 2 10868154.280
4 3 21733723.217
4 5 15395053.695
4 6 9422734.960
4 7 17451841.332
4 8 14064532.801
4 9 8007603.957
4 10 11543740.052
4 11 9400400.608
4 12 77801223.501
4 13 7146802.707
4 14 12685793.201
4 15 56047426.559
4 16 35063745.415
4 17 8931609.332
4 18 17603042.986
4 19 37713544.050
5 0 70812463.982
5 1 18095714.251
5 2 23895750.965
5 3 24746244.515
5 4 9844134.349
5 6 23645526.451
5 7 26381559.749
5 8 38971688.616
5 9 9466633.508
5 10 32197295.202
5 11 30112351.220
5 12 215343817.744
5 13 17594720.815
5 14 24234148.159
5 15 159325442.454
5 16 59547434.594
5 17 36507718.534
5 18 29565794.425
5 19 59373275.653
6 0 119077964.187
6 1 18436205.804
6 2 35267050.147
6 3 49279944.981
6 4 18218970.035
6 5 28306911.309
6 7 25327805.365
6 8 44881520.231
6 9 14453482.967
6 10 30702047.864
6 11 36016224.446
6 12 228084279.966
6 13 17866033.163
6 14 34738704.424
6 15 162098861.328
6 16 58896757.416
6 17 35199849.466
6 18 31036652.144
6 19 65879284.238
7 0 67775340.786
7 1 8833734.725
7 2 16953538.102
7 3 34369101.374
7 4 10731719.693
7 5 21084401.824
7 6 35863244.333
7 8 32069167.844
7 9 13601059.700
7 10 17468441.241
7 11 23880655.674
7 12 254229484.937
7 13 18312223.054
7 14 32035522.008
7 15 131132170.330
7 16 74500713.522
7 17 29976269.331
7 18 28161420.402
7 19 63314139.165
8 0 108793675.283
8 1 22900393.293
8 2 54558357.997
8 3 67783160.194
8 4 24216687.790
8 5 30929383.286
8 6 45008298.982
8 7 36315126.601
8 9 23094268.122
8 10 35436347.253
8 11 48922380.323
8 12 354900705.249
8 13 17919442.458
8 14 54235017.281
8 15 167470055.572
8 16 62976844.105
8 17 34476280.391
8 18 45290708.479
8 19 91296902.162
9 0 46496074.437
9 1 6255210.086
9 2 8884678.059
9 3 13682894.900
9 4 4973677.138
9 5 17048467.760
9 6 15437917.891
9 7 13492872.139
9 8 20690625.509
9 10 12543674.340
9 11 9962606.266
9 12 104474466.286
9 13 8211891.403
9 14 18198718.416
9 15 49953116.586
9 16 45131454.597
9 17 10021905.372
9 18 11525022.573
9 19 24400576.470
10 0 107703811.210
10 1 14095083.694
10 2 29005847.537
10 3 47608000.122
10 4 9619539.989
10 5 29082053.101
10 6 28351924.399
10 7 31030756.628
10 8 40803672.864
10 9 17485282.840
10 11 17199976.781
10 12 209819265.734
10 13 8831902.805
10 14 24714486.240
10 15 149013225.113
10 16 53940675.243
10 17 30376965.131
10 18 16589348.091
10 19 82513666.118
11 0 85533481.344
11 1 11090360.256
11 2 26240761.360
11 3 43475838.249
11 4 11893551.238
11 5 20627024.931
11 6 27177147.018
11 7 27597957.163
11 8 44030066.115
11 9 12884500.202
11 10 25719218.301
11 12 142418684.620
11 13 9046081.784
11 14 29149199.269
11 15 160470980.114
11 16 43827318.954
11 17 29984597.671
11 18 35903293.500
11 19 65562318.482
12 0 633742229.657
12 1 84937085.034
12 2 126736712.983
12 3 327698989.108
12 4 63308846.973
12 5 252252623.252
12 6 174526098.817
12 7 238723830.087
12 8 333852890.011
12 9 84061099.892
12 10 203573715.622
12 11 151698763.992
12 13 79462999.146
12 14 207603127.404
12 15 544082748.792
12 16 455042462.882
12 17 173304692.119
12 18 233154516.781
12 19 429008775.006
13 0 46223513.719
13 1 6533366.353
13 2 11786793.239
13 3 23683161.994
13 4 4841683.849
13 5 12412531.064
13 6 17958041.766
13 7 8779208.625
13 8 26962114.394
13 9 7041734.783
13 10 18289089.524
13 11 13485049.639
13 12 92602294.158
13 14 14778577.390
13 15 42216139.517
13 16 24109535.952
13 17 16464716.432
13 18 12948754.528
13 19 23454306.343
14 0 75759287.019
14 1 12034124.770
14 2 19690110.209
14 3 30205300.336
14 4 10519305.535
14 5 19054692.021
14 6 22339745.635
14 7 19533530.919
14 8 27485420.454
14 9 10985181.928
14 10 30823510.562
14 11 25257246.655
14 12 194613427.142
14 13 14808373.374
14 15 80657640.558
14 16 53034158.428
14 17 23534445.909
14 18 24630798.054
14 19 82392399.391
15 0 531127081.428
15 1 62225699.970
15 2 151980883.880
15 3 179772248.234
15 4 41854014.111
15 5 135388682.579
15 6 159351154.105
15 7 94777072.152
15 8 223403081.596
15 9 71251412.634
15 10 110203389.451
15 11 101105576.356
15 12 813923247.880
15 13 70174134.011
15 14 109273214.993
15 16 369604783.604
15 17 141598934.262
15 18 129386191.107
15 19 249612840.468
16 0 207809859.869
16 1 37574414.284
16 2 63131144.887
16 3 91558139.721
16 4 26841281.847
16 5 66194936.711
16 6 84400427.190
16 7 78769300.281
16 8 118655374.990
16 9 43827023.193
16 10 41906713.937
16 11 76231374.950
16 12 525537291.938
16 13 28857097.484
16 14 50787860.035
16 15 195193963.452
16 17 74461348.484
16 18 83656842.493
16 19 173509369.822
17 0 94793926.513
17 1 9240526.094
17 2 24741987.396
17 3 44063017.191
17 4 16625210.634
17 5 32217364.266
17 6 26286749.150
17 7 29316331.077
17 8 27830823.982
17 9 15780033.556
17 10 26673097.297
17 11 29899669.443
17 12 120804459.057
17 13 11801464.044
17 14 24622633.249
17 15 95938326.237
17 16 73748054.323
17 18 22600517.851
17 19 80201686.380
18 0 61598547.338
18 1 10708749.885
18 2 29686982.769
18 3 52832254.102
18 4 12664135.182
18 5 36666496.758
18 6 17412403.695
18 7 16972573.195
18 8 36066146.823
18 9 10966252.348
18 10 34682175.641
18 11 27715961.879
18 12 248732170.499
18 13 11336653.041
18 14 22313353.256
18 15 114933806.922
18 16 60266691.273
18 17 27135922.601
18 19 65837007.799
19 0 186253751.705
19 1 27126687.532
19 2 61430174.422
19 3 66811423.223
19 4 41370014.090
19 5 62455868.971
19 6 83937405.568
19 7 91943969.051
19 8 97955277.151
19 9 31735165.577
19 10 46414966.464
19 11 44658565.799
19 12 459705440.580
19 13 33252105.901
19 14 70025429.258
19 15 320100918.781
19 16 130133766.437
19 17 81771533.983
19 18 84025245.934
