380
0 1 53495260.461
0 2 66335140.939
0 3 131400847.076
0 4 31375239.412
0 5 89488065.866
0 6 75441590.069
0 7 125949596.766
0 8 107295166.271
0 9 33798931.392
0 10 58253827.244
0 11 100853416.444
0 12 510136719.139
0 13 47777431.357
0 14 69508681.397
0 15 549982535.614
0 16 170327177.747
0 17 97434314.722
0 18 101514120.200
0 19 214426658.427
1 0 43404858.342
1 2 8246367.798
1 3 24249408.286
1 4 5493804.265
1 5 17329060.931
1 6 18343282.522
1 7 15017808.536
1 8 14454201.301
1 9 7890752.137
1 10 9489335.702
1 11 9098218.184
1 12 120679651.000
1 13 8750817.751
1 14 8895062.061
1 15 53011596.717
1 16 24108219.718
1 17 13553410.442
1 18 15248267.714
1 19 41227845.852
2 0 111354774.723
2 1 8876353.046
2 3 39133136.389
2 4 15140049.775
2 5 22474191.581
2 6 32756266.137
2 7 34493382.125
2 8 28465990.200
2 9 9973334.066
2 10 27418027.669
2 11 17438382.838
2 12 211344235.640
2 13 17829230.335
2 14 34696656.403
2 15 98526073.462
2 16 55864174.510
2 17 36069830.182
2 18 23820510.345
2 19 75575489.686
3 0 142169615.706
3 1 25130927.511
3 2 52159786.941
3 4 17650353.616
3 5 53796645.354
3 6 43790392.232
3 7 36670551.134
3 8 69513427.176
3 9 22974695.766
3 10 26835750.723
3 11 29393540.705
3 12 348840752.696
3 13 12786582.996
3 14 26592035.970
3 15 232597228.396
3 16 103113475.438
3 17 26854142.859
3 18 50030675.774
3 19 116882357.356
4 0 43330563.535
4 1 6164916.240
4 2 11279161.905
4 3 21914830.354
4 5 11184410.426
4 6 10775835.794
4 7 15145556.360
4 8 17481162.901
4 9 4781441.546
4 10 13487503.847
4 11 12200241.303
4 12 81457598.344
4 13 8629427.637
4 14 9509824.903
4 15 60232802.658
4 16 24063123.486
4 17 12450959.767
4 18 14488913.722
4 19 39269565.389
5 0 98191918.762
5 1 14532163.257
5 2 29987460.394
5 3 50212831.859
5 4 16284866.119
5 6 27701855.680
5 7 21173102.632
5 8 54823244.570
5 9 8958192.112
5 10 31689997.540
5 11 29256209.855
5 12 212243393.404
5 13 16719953.327
5 14 32751603.156
5 15 132747948.491
5 16 70302725.749
5 17 28333610.028
5 18 32027862.452
5 19 55291894.019
6 0 99224063.469
6 1 12930419.038
6 2 36841974.528
6 3 36823329.922
6 4 13703760.586
6 5 34808153.985
6 7 16422782.525
6 8 49121709.090
6 9 8762248.384
6 10 35382158.085
6 11 17056971.367
6 12 206910170.484
6 13 17160949.395
6 14 23944607.077
6 15 154908859.221
6 16 46380289.476
6 17 33987354.187
6 18 20405454.506
6 19 81369499.742
7 0 78510291.724
7 1 8343018.983
7 2 27024467.556
7 3 51177969.841
7 4 14869571.120
7 5 29883677.769
7 6 31001670.044
7 8 52556864.527
7 9 13653760.071
7 10 35572956.276
7 11 32477007.095
7 12 174649449.967
7 13 10465501.526
7 14 19330412.046
7 15 107366930.371
7 16 43868653.235
7 17 33693543.380
7 18 31263293.846
7 19 77743863.267
8 0 137767379.230
8 1 16946854.641
8 2 48441343.288
8 3 53117218.421
8 4 14998636.937
8 5 30327308.047
8 6 46263938.400
8 7 48920647.337
8 9 19671989.213
8 10 36417533.449
8 11 37498212.467
8 12 245397935.518
8 13 26824166.533
8 14 51460464.136
8 15 187027943.092
8 16 85306607.248
8 17 29475993.226
8 18 40154320.980
8 19 76087272.383
9 0 41414814.308
9 1 9188074.954
9 2 10440118.149
9 3 15812459.531
9 4 8172833.964
9 5 16768713.407
9 6 13658539.869
9 7 12529889.731
9 8 15939189.290
9 10 9611704.407
9 11 18282101.189
9 12 116738438.800
9 13 9119826.666
9 14 10662608.649
9 15 59946538.786
9 16 38901817.860
9 17 17026443.449
9 18 11845918.573
9 19 21744458.213
10 0 77187361.647
10 1 12314917.052
10 2 31356850.421
10 3 53038560.299
10 4 13132373.730
10 5 35963802.245
10 6 29421529.479
10 7 33248314.920
10 8 47892282.723
10 9 16075534.251
10 11 30154374.279
10 12 213119885.129
10 13 8257753.158
10 14 24312209.104
10 15 81048804.693
10 16 84931619.762
10 17 26648806.886
10 18 25257771.427
10 19 72778315.697
11 0 87167231.623
11 1 18321212.887
11 2 31840014.976
11 3 50568095.517
11 4 11529363.465
11 5 24440330.999
11 6 16719612.218
11 7 27430112.684
11 8 28113988.977
11 9 17688988.078
11 10 34801430.692
11 12 194928268.138
11 13 10020979.230
11 14 22016494.663
11 15 113998413.173
11 16 56333509.629
11 17 36294749.116
11 18 17341180.429
11 19 71796670.272
12 0 699010412.617
12 1 62138538.927
12 2 136832443.134
12 3 315500588.785
12 4 105636244.090
12 5 122311021.488
12 6 216806673.406
12 7 124553032.876
12 8 181106167.306
12 9 86000803.124
12 10 188319898.749
12 11 155400567.416
12 13 104965605.213
12 14 208352549.551
12 15 787979595.871
12 16 357227417.272
12 17 222654116.576
12 18 191366073.901
12 19 416280448.539
13 0 54639092.809
13 1 7886376.095
13 2 11997475.686
13 3 22002495.847
13 4 6801628.791
13 5 12670255.381
13 6 17431668.198
13 7 17607706.888
13 8 20593396.820
13 9 5693881.574
13 10 13865483.941
13 11 8469399.831
13 12 113181628.956
13 14 18127217.822
13 15 73173379.256
13 16 21731380.343
13 17 11750391.514
13 18 14697928.713
13 19 41631955.135
14 0 83818416.965
14 1 11307570.038
14 2 29697258.122
14 3 49664216.534
14 4 15666610.078
14 5 26623723.801
14 6 21680959.663
14 7 18009035.754
14 8 48850734.937
14 9 11892069.375
14 10 22891750.676
14 11 30816461.410
14 12 182561286.695
14 13 11578755.993
14 15 104548739.865
14 16 51189456.160
14 17 30228781.053
14 18 17390245.150
14 19 78135116.427
15 0 451543668.262
15 1 71721327.119
15 2 145135403.215
15 3 136704855.368
15 4 54375005.842
15 5 140820183.195
15 6 135619808.699
15 7 123243172.291
15 8 133714348.513
15 9 80427775.033
15 10 139615214.509
15 11 100520489.361
15 12 1096340959.095
15 13 62824472.756
15 14 156829866.529
15 16 219339103.955
15 17 119629594.029
15 18 118230056.838
15 19 271548434.814
16 0 262082555.281
16 1 36777100.339
16 2 86693801.411
16 3 121652708.522
16 4 43208667.590
16 5 67502553.182
16 6 83903441.924
16 7 45371813.682
16 8 115943389.741
16 9 40751773.944
16 10 60223222.995
16 11 61797731.869
16 12 506010602.722
16 13 35513940.068
16 14 62476183.458
16 15 332727772.292
16 17 53429918.489
16 18 62977985.298
16 19 211589144.095
17 0 94295572.940
17 1 14802832.092
17 2 19029774.153
17 3 34398187.818
17 4 17644238.816
17 5 19553454.540
17 6 21565687.822
17 7 17011204.577
17 8 47948766.801
17 9 16370012.391
17 10 28500143.610
17 11 25636182.399
17 12 249288215.730
17 13 10904974.030
17 14 32357074.380
17 15 163511930.611
17 16 82519973.315
17 18 29426158.370
17 19 43030779.439
18 0 112992576.039
18 1 12249643.952
18 2 18365959.936
18 3 25795041.131
18 4 10507553.423
18 5 18164332.013
18 6 32412257.721
18 7 35756209.821
18 8 38027288.719
18 9 9711960.051
18 10 26478623.921
18 11 18698465.039
18 12 130246633.016
18 13 17004507.046
18 14 26578846.591
18 15 86047220.967
18 16 84796809.427
18 17 34460421.535
18 19 56759012.423
19 0 232695243.277
19 1 38046740.108
19 2 69110796.238
19 3 85544686.721
19 4 37284153.282
19 5 84529877.378
19 6 49190079.193
19 7 51961657.591
19 8 69917868.327
19 9 31280201.554
19 10 58610172.455
19 11 67346859.512
19 12 600728398.561
19 13 24317577.838
19 14 86530585.238
19 15 411496197.583
19 16 145402185.672
19 17 74559487.698
19 18 45860914.232
