380
0 1 35831926.558
0 2 119369411.514
0 3 180420423.381
0 4 44068667.674
0 5 84770354.487
0 6 107493846.194
0 7 114961726.063
0 8 193249715.819
0 9 39603948.723
0 10 85466300.749
0 11 117674712.015
0 12 731869088.937
0 13 49079944.079
0 14 101619236.919
0 15 401139755.028
0 16 219913897.496
0 17 91290611.717
0 18 112647070.527
0 19 149385140.216
1 0 60955256.601
1 2 12123160.660
1 3 21581350.091
1 4 7314064.469
1 5 9907763.555
1 6 15307536.527
1 7 13400284.672
1 8 22088666.080
1 9 8620682.810
1 10 14589643.714
1 11 17578412.258
1 12 87165936.778
1 13 4675922.423
1 14 13764174.894
1 15 54889626.955
1 16 31712071.118
1 17 10907822.057
1 18 11391810.980
1 19 33614219.627
2 0 115029780.419
2 1 13416371.180
2 3 43671945.722
2 4 16870030.107
2 5 19994183.557
2 6 36862258.354
2 7 17589016.234
2 8 33702639.128
2 9 17085748.418
2 10 26636249.480
2 11 19673908.228
2 12 188239392.836
2 13 17701071.995
2 14 30799310.033
2 15 137129514.242
2 16 66027215.667
2 17 34403793.108
2 18 36841921.533
2 19 70141245.584
3 0 188054887.591
3 1 16381216.014
3 2 29940054.799
3 4 14693019.686
3 5 48199889.800
3 6 39005052.442
3 7 25793825.651
3 8 63975844.427
3 9 14951161.525
3 10 37683010.786
3 11 43474541.723
3 12 238791939.474
3 13 17504108.675
3 14 28708397.535
3 15 183673594.218
3 16 133324013.517
3 17 51915696.979
3 18 27667260.024
3 19 81633161.178
4 0 51443817.361
4 1 5898622.785
4 2 10444683.323
4 3 25776647.214
4 5 15807993.753
4 6 9680864.617
4 7 17030985.253
4 8 26934093.083
4 9 7509795.559
4 10 10899445.732
4 11 9921127.168
4 12 99512820.388
4 13 7540751.384
4 14 10399372.026
4 15 37007492.721
4 16 43499724.329
4 17 14927139.021
4 18 8639909.974
4 19 34074848.174
5 0 82524326.530
5 1 15462912.517
5 2 32488971.595
5 3 44479996.893
5 4 8836856.873
5 6 25530564.418
5 7 22276360.394
5 8 27680316.031
5 9 8214601.692
5 10 28793586.404
5 11 20154314.591
5 12 131649413.221
5 13 14161146.131
5 14 35501456.025
5 15 119314511.490
5 16 41631793.183
5 17 28718735.089
5 18 22101747.841
5 19 91114907.856
6 0 111640658.694
6 1 17890581.600
6 2 17849069.133
6 3 38589334.149
6 4 16690085.896
6 5 20081224.110
6 7 31554497.498
6 8 34042856.914
6 9 16595743.214
6 10 30987287.385
6 11 17736499.942
6 12 188737164.312
6 13 17641094.670
6 14 24064518.456
6 15 83840169.980
6 16 80423266.352
6 17 20979369.749
6 18 21537369.886
6 19 41490774.366
7 0 70333111.393
7 1 15229600.584
7 2 33441671.825
7 3 27100244.151
7 4 11538282.141
7 5 31934298.356
7 6 24336665.739
7 8 54654744.406
7 9 9118589.961
7 10 35067798.867
7 11 28633159.442
7 12 184892308.874
7 13 13305163.616
7 14 17634712.730
7 15 97105552.536
7 16 63760544.929
7 17 31010885.478
7 18 20017662.280
7 19 49676417.566
8 0 174565562.659
8 1 15337516.769
8 2 54115336.261
8 3 55611061.447
8 4 26700798.145
8 5 48895270.613
8 6 26184837.844
8 7 41986708.325
8 9 23865497.650
8 10 45136080.809
8 11 39146489.015
8 12 246132853.126
8 13 24886213.345
8 14 46450518.302
8 15 124107359.178
8 16 129344540.132
8 17 42281563.871
8 18 38819047.855
8 19 120819353.556
9 0 57935356.806
9 1 6787051.527
9 2 15557772.497
9 3 17432945.321
9 4 8237349.593
9 5 11520646.604
9 6 15598224.889
9 7 13475957.388
9 8 13224240.051
9 10 15489355.369
9 11 17646000.185
9 12 65831070.688
9 13 5867699.863
9 14 13629046.044
9 15 72544444.068
9 16 39376568.927
9 17 17163831.058
9 18 15203922.633
9 19 45171260.138
10 0 60648259.767
10 1 12007993.035
10 2 24807226.048
10 3 28159523.733
10 4 9244853.799
10 5 21551654.853
10 6 16528326.766
10 7 32069281.437
10 8 26378004.283
10 9 9525629.919
10 11 22706303.663
10 12 185146460.288
10 13 9352629.298
10 14 23040699.254
10 15 135966932.453
10 16 43899807.750
10 17 26578696.051
10 18 18911012.807
10 19 63337290.607
11 0 128824397.651
11 1 10723513.004
11 2 24103110.196
11 3 47016217.353
11 4 9256349.042
11 5 24660627.869
11 6 17231018.398
11 7 20624089.088
11 8 49147680.258
11 9 9024912.022
11 10 30509312.139
11 12 244810515.283
11 13 10227989.122
11 14 36372375.462
11 15 99001393.668
11 16 84705534.351
11 17 24086437.893
11 18 34398149.685
11 19 78073407.749
12 0 787275833.678
12 1 128751258.261
12 2 116333902.121
12 3 276408246.397
12 4 114574834.701
12 5 188092089.359
12 6 181804405.076
12 7 190081133.541
12 8 216425266.996
12 9 68588302.236
12 10 131180915.420
12 11 116682782.701
12 13 108972772.029
12 14 176234754.929
12 15 653762032.322
12 16 553233222.131
12 17 207921681.640
12 18 169927131.451
12 19 297107125.415
13 0 63886324.900
13 1 5655081.171
13 2 12450824.553
13 3 15775946.494
13 4 5486461.176
13 5 17094278.529
13 6 8960594.590
13 7 13984020.501
13 8 19527373.845
13 9 5242926.382
13 10 16615372.657
13 11 13265435.272
13 12 101969625.363
13 14 8829406.187
13 15 48403120.655
13 16 35041364.862
13 17 9197149.201
13 18 15361771.109
13 19 43147563.430
14 0 104748329.179
14 1 8242362.958
14 2 33972577.035
14 3 43136946.383
14 4 15785639.505
14 5 19466119.784
14 6 19937134.292
14 7 26378824.113
14 8 28788572.547
14 9 17215766.058
14 10 28029447.302
14 11 26511746.838
14 12 229731680.465
14 13 9749600.216
14 15 157537309.106
14 16 59679682.712
14 17 32567381.324
14 18 30754948.129
14 19 84396911.290
15 0 258347469.345
15 1 52405644.303
15 2 137072597.667
15 3 184028227.330
15 4 78310477.872
15 5 81953135.293
15 6 126051768.019
15 7 82708690.153
15 8 173984693.448
15 9 65462284.441
15 10 93470693.269
15 11 102105539.898
15 12 785032389.894
15 13 78736254.777
15 14 82837402.115
15 16 362146668.422
15 17 96117594.260
15 18 114259396.034
15 19 409257960.428
16 0 199923147.365
16 1 37035185.507
16 2 42521959.128
16 3 137423872.098
16 4 41546582.385
16 5 89823201.999
16 6 45284047.019
16 7 55120894.084
16 8 95111141.617
16 9 22640492.080
16 10 67407604.121
16 11 56228558.201
16 12 365883989.550
16 13 31591225.803
16 14 69674431.184
16 15 358714309.629
16 17 49166687.393
16 18 71757513.001
16 19 114400433.821
17 0 114034664.439
17 1 12916658.876
17 2 23920894.349
17 3 33136901.262
17 4 13091857.013
17 5 20818094.385
17 6 33857285.272
17 7 28992171.965
17 8 28899158.188
17 9 14926353.850
17 10 18171462.280
17 11 22000683.589
17 12 235842815.212
17 13 15153620.910
17 14 20363587.726
17 15 102132539.459
17 16 72833767.103
17 18 16912113.536
17 19 51552743.911
18 0 98157657.887
18 1 17264441.587
18 2 20203242.319
18 3 54696076.670
18 4 14513359.847
18 5 24524284.157
18 6 22278339.128
18 7 28631555.150
18 8 55292981.866
18 9 13080013.263
18 10 17793993.672
18 11 22728727.996
18 12 171506629.948
18 13 17625440.462
18 14 32184684.402
18 15 160018000.654
18 16 48427501.514
18 17 25713035.436
18 19 44088581.901
19 0 211205939.044
19 1 26710670.845
19 2 61124341.951
19 3 94553155.031
19 4 24396605.635
19 5 53553058.100
19 6 66812722.282
19 7 47813381.940
19 8 122199607.112
19 9 32593049.978
19 10 64034524.271
19 11 70010296.134
19 12 337333148.782
19 13 24552946.915
19 14 51619504.010
19 15 338173584.992
19 16 170773543.306
19 17 42975564.257
19 18 69839375.434
