380
0 1 39761870.634
0 2 66724424.013
0 3 86986296.178
0 4 53384856.122
0 5 126638955.600
0 6 112319787.886
0 7 106605357.799
0 8 101542070.729
0 9 61910434.890
0 10 64747586.351
0 11 90422758.948
0 12 605353522.589
0 13 64011583.593
0 14 59330175.839
0 15 510402863.110
0 16 318234769.141
0 17 105632434.139
0 18 77321674.967
0 19 176532778.330
1 0 42915855.017
1 2 9891881.650
1 3 20880573.209
1 4 4140038.097
1 5 14762953.646
1 6 9446636.430
1 7 11878100.867
1 8 16500416.577
1 9 7262324.695
1 10 9380090.044
1 11 16041737.161
1 12 102269481.963
1 13 6973836.831
1 14 9182802.000
1 15 68727922.003
1 16 39886992.288
1 17 15646400.959
1 18 10222480.467
1 19 23248579.358
2 0 94088742.848
2 1 15438120.125
2 3 35996034.387
2 4 14098601.212
2 5 33263540.959
2 6 17771968.970
2 7 33937692.430
2 8 54206133.269
2 9 11022148.512
2 10 28562283.496
2 11 23595698.199
2 12 143456885.093
2 13 16934163.444
2 14 17742837.134
2 15 110233331.310
2 16 49131435.693
2 17 30596551.340
2 18 20614048.025
2 19 89109841.043
3 0 131623560.956
3 1 22113942.821
3 2 25218098.674
3 4 20179819.314
3 5 35102170.839
3 6 41728111.175
3 7 53336201.316
3 8 48869900.090
3 9 17752253.261
3 10 53149802.118
3 11 30693556.466
3 12 372800079.660
3 13 19805720.619
3 14 49752570.730
3 15 205626491.902
3 16 106344611.990
3 17 28978010.383
3 18 36865864.586
3 19 103611059.660
4 0 53836837.506
4 1 8279159.838
4 2 14573202.191
4 3 19828235.463
4 5 15461053.044
4 6 14020260.411
4 7 17467500.300
4 8 15788106.605
4 9 5109052.070
4 10 10591048.165
4 11 15773047.978
4 12 88735760.412
4 13 7561268.217
4 14 12497309.388
4 15 43183136.624
4 16 43459807.331
4 17 9224898.567
4 18 16098720.988
4 19 45798607.074
5 0 74316913.972
5 1 14490185.571
5 2 31875517.045
5 3 29268133.579
5 4 8533903.570
5 6 35672376.913
5 7 18572311.407
5 8 36986503.707
5 9 11099057.422
5 10 34220364.342
5 11 32682194.471
5 12 187099648.896
5 13 13303496.777
5 14 18671811.058
5 15 77695992.725
5 16 51066863.423
5 17 25098772.434
5 18 18469671.204
5 19 59822494.962
6 0 115159570.775
6 1 13205188.139
6 2 30667943.196
6 3 43784035.396
6 4 13260730.734
6 5 34461349.728
6 7 35363674.127
6 8 51984792.356
6 9 15714460.235
6 10 33947862.878
6 11 32716535.224
6 12 212074915.562
6 13 16077224.831
6 14 33941664.950
6 15 91137761.197
6 16 89392655.095
6 17 35841871.777
6 18 32679914.627
6 19 77688066.876
7 0 128502432.319
7 1 15164140.491
7 2 29666959.640
7 3 54936610.545
7 4 10838883.332
7 5 36288940.340
7 6 19972348.821
7 8 52635346.273
7 9 16195592.423
7 10 35727198.233
7 11 25734016.780
7 12 155785180.428
7 13 13752493.971
7 14 33779210.896
7 15 82492319.204
7 16 61598012.029
7 17 18136731.163
7 18 19601966.436
7 19 86296407.459
8 0 145358055.377
8 1 26335243.713
8 2 30538562.354
8 3 74382417.814
8 4 22825381.537
8 5 28333458.006
8 6 27214586.059
8 7 45140129.427
8 9 15782075.280
8 10 39643051.323
8 11 52600599.317
8 12 291733047.118
8 13 23481207.040
8 14 25599600.150
8 15 186509543.350
8 16 69147572.763
8 17 33187065.932
8 18 41091696.722
8 19 108540022.748
9 0 30266759.206
9 1 8548219.139
9 2 8331998.989
9 3 16067286.592
9 4 7758870.715
9 5 12541732.136
9 6 14897873.864
9 7 11241742.511
9 8 22570244.767
9 10 12243845.223
9 11 12301931.566
9 12 80886721.820
9 13 5385762.273
9 14 14537317.435
9 15 49636903.882
9 16 33351471.453
9 17 11934331.087
9 18 12742686.959
9 19 25368807.088
10 0 93319616.494
10 1 16686721.655
10 2 28748588.021
10 3 35096580.995
10 4 11091886.419
10 5 29339908.637
10 6 21024572.833
10 7 16929014.488
10 8 27340159.266
10 9 18256032.724
10 11 18488707.637
10 12 207107003.581
10 13 17380402.095
10 14 32448544.347
10 15 128868700.240
10 16 66100939.689
10 17 29437453.181
10 18 32283552.713
10 19 41034407.512
11 0 108436721.040
11 1 13097240.321
11 2 23943300.329
11 3 38989774.337
11 4 9385985.098
11 5 22413924.623
11 6 25602616.254
11 7 36874369.491
11 8 38566296.967
11 9 15759105.771
11 10 31077755.990
11 12 201618773.879
11 13 13789628.571
11 14 34116932.218
11 15 115310060.911
11 16 79330468.262
11 17 25279816.149
11 18 17651930.211
11 19 57456921.229
12 0 733025370.966
12 1 83735381.341
12 2 245850935.334
12 3 262295520.501
12 4 106736014.166
12 5 181337486.404
12 6 194192853.468
12 7 147709896.143
12 8 370278978.996
12 9 115400873.443
12 10 192633599.097
12 11 133076629.685
12 13 118372138.869
12 14 122731000.953
12 15 1056923091.355
12 16 455634290.946
12 17 233912206.372
12 18 203888771.468
12 19 424607078.313
13 0 56586807.701
13 1 5322051.796
13 2 11050832.705
13 3 16062032.056
13 4 7224010.483
13 5 15502917.153
13 6 17872798.047
13 7 17986399.232
13 8 23461769.594
13 9 6767767.151
13 10 8549826.284
13 11 15412604.995
13 12 93642288.002
13 14 12136763.716
13 15 52893484.576
13 16 26241751.417
13 17 18243729.015
13 18 12045906.421
13 19 24309350.262
14 0 106760790.129
14 1 8324992.690
14 2 32771678.598
14 3 33636924.244
14 4 16849232.098
14 5 32349096.085
14 6 33816837.646
14 7 34148571.011
14 8 47064663.153
14 9 13609223.261
14 10 25017409.080
14 11 24776323.123
14 12 212734315.963
14 13 10338555.715
14 15 98562071.814
14 16 75973495.560
14 17 33079811.035
14 18 32964019.236
14 19 50314950.622
15 0 568315970.196
15 1 74978957.465
15 2 156938853.058
15 3 235888613.199
15 4 42419085.132
15 5 102148678.448
15 6 141040096.834
15 7 157552094.941
15 8 128791410.813
15 9 82789719.332
15 10 148326515.462
15 11 158838306.064
15 12 753145434.669
15 13 71907006.968
15 14 126642502.739
15 16 271589009.503
15 17 151808034.972
15 18 110367520.037
15 19 303516427.691
16 0 207337780.592
16 1 38419035.570
16 2 87388399.861
16 3 136883971.545
16 4 24040169.444
16 5 81315118.725
16 6 72310793.981
16 7 53375183.993
16 8 84762551.468
16 9 34084215.944
16 10 88598968.336
16 11 65783580.395
16 12 425858732.461
16 13 26906398.634
16 14 48136108.474
16 15 317163061.096
16 17 57231353.130
16 18 86279308.412
16 19 118586804.167
17 0 69376225.615
17 1 9526264.018
17 2 20759211.310
17 3 24922191.358
17 4 15792049.847
17 5 27385288.451
17 6 21355956.974
17 7 26328313.075
17 8 45697722.422
17 9 13431910.648
17 10 31447853.270
17 11 22428789.158
17 12 130845138.843
17 13 15391037.924
17 14 19156428.918
17 15 149395704.158
17 16 64005993.300
17 18 29475342.028
17 19 55441705.243
18 0 120134469.228
18 1 9477379.628
18 2 22662453.874
18 3 29771972.929
18 4 8497404.504
18 5 17020685.875
18 6 19842826.850
18 7 17649789.599
18 8 39462791.855
18 9 10998851.361
18 10 35040667.733
18 11 33234697.028
18 12 255451700.295
18 13 11447997.003
18 14 36342033.819
18 15 164838934.040
18 16 92157039.396
18 17 20080482.087
18 19 46443335.702
19 0 190803642.971
19 1 33627930.950
19 2 87194455.704
19 3 109309929.643
19 4 26061686.759
19 5 49963931.124
19 6 58486420.105
19 7 91739854.416
19 8 119815012.178
19 9 32889053.301
19 10 48296564.777
19 11 55962048.820
19 12 526443755.258
19 13 34378637.609
19 14 41100325.119
19 15 317542485.760
19 16 186590319.074
19 17 57876216.804
19 18 66890865.410
