380
0 1 13228270.054
0 2 184403527.627
0 3 369641465.951
0 4 55742146.201
0 5 181124766.713
0 6 182795869.224
0 7 339572294.058
0 8 189088626.919
0 9 112229233.187
0 10 53871661.472
0 11 218451499.182
0 12 2217552327.635
0 13 140361276.863
0 14 187295068.381
0 15 969632959.672
0 16 858726875.530
0 17 66840982.124
0 18 160668748.683
0 19 850638618.807
1 0 82193767.459
1 2 7920506.328
1 3 40579238.241
1 4 4526543.915
1 5 14353937.436
1 6 17061858.594
1 7 15309043.564
1 8 9061528.803
1 9 23114974.909
1 10 29450352.940
1 11 14170955.600
1 12 157661871.206
1 13 9905361.262
1 14 10570249.152
1 15 83694036.385
1 16 85682935.308
1 17 30122653.901
1 18 8217908.967
1 19 105773454.329
2 0 207689678.828
2 1 46808734.460
2 3 78858091.430
2 4 14609951.851
2 5 80575094.488
2 6 35508968.777
2 7 95729961.891
2 8 95962506.493
2 9 37377856.747
2 10 61502843.309
2 11 39521367.074
2 12 429895582.448
2 13 42864814.893
2 14 48095649.790
2 15 433503796.976
2 16 227281775.628
2 17 86595725.326
2 18 33791930.828
2 19 103332876.151
3 0 80124781.901
3 1 24481747.626
3 2 52810610.158
3 4 63432942.813
3 5 26776909.369
3 6 42471342.822
3 7 100786593.415
3 8 168498531.371
3 9 17460193.210
3 10 118840453.077
3 11 118520094.069
3 12 665927346.207
3 13 72621268.900
3 14 91902210.644
3 15 337147754.780
3 16 170781212.412
3 17 119334061.544
3 18 124859945.687
3 19 56999005.511
4 0 65830460.112
4 1 19380187.462
4 2 17778889.567
4 3 4930592.579
4 5 32269437.200
4 6 12667090.952
4 7 38336323.368
4 8 59261398.254
4 9 22542718.729
4 10 47913128.570
4 11 41834328.606
4 12 63709946.012
4 13 1744976.486
4 14 17648412.665
4 15 140614736.220
4 16 100758310.073
4 17 20542088.116
4 18 37921798.623
4 19 64805053.752
5 0 143376326.888
5 1 46078884.072
5 2 32077642.915
5 3 61471273.430
5 4 31635577.214
5 6 18753018.738
5 7 83018731.118
5 8 104385537.992
5 9 32333790.871
5 10 86967679.136
5 11 81242568.733
5 12 429135800.753
5 13 17944354.427
5 14 98242308.200
5 15 112841443.655
5 16 132184604.289
5 17 9569540.739
5 18 15384270.506
5 19 59248998.470
6 0 285365147.015
6 1 25785911.547
6 2 80498151.240
6 3 104043273.690
6 4 5808536.753
6 5 45307878.858
6 7 19423894.188
6 8 125744225.488
6 9 48555426.694
6 10 35049938.928
6 11 49653125.334
6 12 173605153.045
6 13 11966852.625
6 14 93742408.141
6 15 33328127.592
6 16 171733155.986
6 17 44353192.993
6 18 14037801.337
6 19 154202184.754
7 0 292886759.813
7 1 27545283.893
7 2 69139455.858
7 3 59748612.654
7 4 33432767.000
7 5 9760279.674
7 6 9803267.395
7 8 113371233.008
7 9 8055173.824
7 10 87670092.829
7 11 93567565.505
7 12 611987739.092
7 13 5818121.820
7 14 84213575.563
7 15 188391323.688
7 16 136049865.333
7 17 89921153.451
7 18 10279270.293
7 19 50507617.952
8 0 68575824.014
8 1 54719720.881
8 2 54742100.243
8 3 193116373.907
8 4 65308417.618
8 5 85637012.236
8 6 86261260.355
8 7 14180229.467
8 9 58648408.335
8 10 124909160.063
8 11 80835169.515
8 12 883889964.605
8 13 68631158.399
8 14 99524535.059
8 15 274338845.472
8 16 289245862.596
8 17 92792006.094
8 18 132941598.579
8 19 225872696.319
9 0 15730551.722
9 1 9099529.751
9 2 48115351.019
9 3 49412866.643
9 4 1628793.201
9 5 4589064.072
9 6 12020205.088
9 7 36697721.910
9 8 12758992.870
9 10 16261677.087
9 11 5222631.008
9 12 76445538.768
9 13 9694163.336
9 14 13071348.745
9 15 158227128.543
9 16 60522299.014
9 17 28910563.381
9 18 42287421.985
9 19 61124745.596
10 0 186316299.079
10 1 48227171.852
10 2 66038099.699
10 3 109539401.449
10 4 31485370.224
10 5 77844747.239
10 6 63383575.030
10 7 59990210.923
10 8 134436269.518
10 9 26367764.982
10 11 7678619.859
10 12 339096135.533
10 13 15385688.388
10 14 43458372.580
10 15 317482606.764
10 16 70026391.491
10 17 59555476.869
10 18 27122139.037
10 19 110105080.721
11 0 268072945.329
11 1 17833044.725
11 2 7766074.781
11 3 69466462.241
11 4 24263868.033
11 5 26699496.154
11 6 58269243.667
11 7 35191874.637
11 8 18008983.556
11 9 23278929.154
11 10 30456498.179
11 12 235942677.221
11 13 3927139.733
11 14 48244958.861
11 15 87733833.290
11 16 137599438.321
11 17 46293271.106
11 18 67768143.854
11 19 169062750.554
12 0 1181522200.889
12 1 247548629.337
12 2 75219980.811
12 3 881357981.551
12 4 133574274.971
12 5 654798673.535
12 6 466121590.711
12 7 542613373.766
12 8 820080820.344
12 9 93193077.378
12 10 274266560.493
12 11 348138643.642
12 13 56401409.365
12 14 118801076.373
12 15 1328695000.842
12 16 670793291.590
12 17 634980529.659
12 18 270847897.377
12 19 746420559.641
13 0 95381536.802
13 1 10122850.109
13 2 10784568.472
13 3 13807800.940
13 4 16926234.383
13 5 4759364.882
13 6 12563340.582
13 7 48114579.070
13 8 18940612.011
13 9 4961397.842
13 10 6433796.345
13 11 46235083.679
13 12 235920987.858
13 14 29833949.003
13 15 178637142.642
13 16 50875755.337
13 17 21560108.729
13 18 35194036.744
13 19 9399285.526
14 0 21838061.977
14 1 13795231.067
14 2 92709162.548
14 3 99305132.329
14 4 19240018.064
14 5 59857581.736
14 6 37923564.655
14 7 76795887.330
14 8 94876033.924
14 9 48668818.771
14 10 42274375.025
14 11 26765686.053
14 12 424139119.157
14 13 34753284.583
14 15 73317894.767
14 16 219313894.836
14 17 13087724.180
14 18 28159564.449
14 19 66657481.857
15 0 1346353306.182
15 1 137586675.035
15 2 127909071.001
15 3 539582332.346
15 4 51257580.561
15 5 188986941.922
15 6 324518828.935
15 7 393600427.527
15 8 351202125.389
15 9 135493214.645
15 10 341159020.070
15 11 164957660.692
15 12 1356005847.176
15 13 69997409.415
15 14 342650348.577
15 16 607106435.443
15 17 399470652.587
15 18 256797880.227
15 19 1075800541.577
16 0 283841476.765
16 1 117385816.602
16 2 119656233.816
16 3 70369346.302
16 4 53097981.203
16 5 224686804.684
16 6 38029191.270
16 7 55189643.565
16 8 346209797.976
16 9 99903999.688
16 10 211832598.181
16 11 213371219.089
16 12 1701237619.821
16 13 46483386.671
16 14 184820383.900
16 15 156694762.360
16 17 16993899.616
16 18 146887458.958
16 19 377008359.336
17 0 167809667.899
17 1 18262334.135
17 2 63353267.767
17 3 44159549.065
17 4 21873325.589
17 5 41856866.765
17 6 22186596.938
17 7 38318552.896
17 8 49261813.145
17 9 18858000.408
17 10 69471994.981
17 11 68180349.943
17 12 420523001.169
17 13 48978888.648
17 14 94486104.853
17 15 422620563.291
17 16 42005354.267
17 18 9956234.500
17 19 245716308.887
18 0 312252586.269
18 1 34490115.961
18 2 12015548.562
18 3 133027328.606
18 4 12517105.574
18 5 24327839.634
18 6 97768719.091
18 7 68811442.979
18 8 128640347.791
18 9 28872663.965
18 10 74615634.650
18 11 95066729.019
18 12 395513816.127
18 13 28557351.858
18 14 71171642.290
18 15 390913146.323
18 16 22549364.186
18 17 79466232.093
18 19 221051161.033
19 0 573678883.573
19 1 43768644.924
19 2 137335596.719
19 3 32697630.645
19 4 96550193.171
19 5 192755060.126
19 6 132088919.628
19 7 184655496.141
19 8 50758695.035
19 9 94015513.256
19 10 239217162.025
19 11 143128714.298
19 12 610146664.193
19 13 72350931.351
19 14 181568891.321
19 15 340475548.807
19 16 231581126.935
19 17 212620032.085
19 18 57239044.943
