380
0 1 62170913.718
0 2 186403326.178
0 3 419690594.631
0 4 83225627.920
0 5 105720629.042
0 6 83774274.731
0 7 154070046.321
0 8 122484155.079
0 9 157985985.648
0 10 261332374.556
0 11 225551113.243
0 12 875536097.276
0 13 43455448.695
0 14 340010089.237
0 15 647097791.086
0 16 477264015.602
0 17 331875648.696
0 18 203344428.550
0 19 311338506.873
1 0 101516081.453
1 2 4540620.560
1 3 39667461.773
1 4 2818546.335
1 5 19678156.314
1 6 39113593.595
1 7 35088048.097
1 8 13390760.664
1 9 8382896.441
1 10 7125757.699
1 11 29698162.011
1 12 150615169.946
1 13 2994896.683
1 14 37593717.959
1 15 36870624.266
1 16 116893197.697
1 17 5558133.899
1 18 47423076.778
1 19 107064140.837
2 0 218745249.323
2 1 26045890.744
2 3 83597978.774
2 4 45349404.261
2 5 89948899.466
2 6 57593466.734
2 7 6732896.491
2 8 119507199.613
2 9 27702745.949
2 10 9122838.162
2 11 18639400.254
2 12 85330891.675
2 13 4837806.030
2 14 79471513.658
2 15 102176664.062
2 16 121361092.197
2 17 62827261.104
2 18 59997228.834
2 19 238082529.006
3 0 475616372.299
3 1 52247244.888
3 2 110134659.268
3 4 64118400.976
3 5 66211249.655
3 6 137778370.233
3 7 84676905.831
3 8 169444062.835
3 9 42908281.495
3 10 94054656.419
3 11 28427231.248
3 12 221243736.440
3 13 10639978.261
3 14 99896327.871
3 15 494501445.268
3 16 229921209.663
3 17 64556031.397
3 18 101915224.665
3 19 339828374.720
4 0 104070070.814
4 1 12606172.065
4 2 23013521.975
4 3 49275613.165
4 5 5250686.366
4 6 39972745.918
4 7 46559764.629
4 8 29313298.713
4 9 10170782.314
4 10 18567820.061
4 11 21564970.771
4 12 91968357.820
4 13 22428751.488
4 14 17937776.631
4 15 125943906.864
4 16 116906789.282
4 17 44773428.288
4 18 19570092.099
4 19 19614457.838
5 0 203548302.239
5 1 28841221.987
5 2 86538920.691
5 3 94687491.771
5 4 17848452.643
5 6 90140541.146
5 7 32485833.611
5 8 124093122.434
5 9 8548843.713
5 10 96804042.665
5 11 70758720.972
5 12 330308335.768
5 13 35759682.825
5 14 51398839.074
5 15 82182158.779
5 16 61183760.551
5 17 50102626.483
5 18 66798589.837
5 19 241540323.584
6 0 240161834.361
6 1 9302943.880
6 2 70621741.746
6 3 138502479.873
6 4 10772105.689
6 5 39056907.556
6 7 38772385.902
6 8 122383969.966
6 9 24304365.906
6 10 46374566.334
6 11 23982823.869
6 12 576859143.130
6 13 5720992.338
6 14 46844663.778
6 15 225690913.427
6 16 181919511.728
6 17 75763951.798
6 18 37310119.817
6 19 147307201.445
7 0 340039318.985
7 1 13938670.855
7 2 97216020.469
7 3 12689722.279
7 4 37230143.620
7 5 29738989.937
7 6 74266108.793
7 8 60125688.429
7 9 10023317.277
7 10 70492694.149
7 11 70850246.544
7 12 545410160.376
7 13 8919304.986
7 14 8045191.087
7 15 221101814.309
7 16 228565736.391
7 17 86545865.571
7 18 38267921.591
7 19 136012726.395
8 0 254733610.862
8 1 40751836.352
8 2 66623780.295
8 3 66137176.517
8 4 60941991.994
8 5 69860006.152
8 6 145435627.813
8 7 45342512.645
8 9 37477584.675
8 10 83700690.570
8 11 128595069.307
8 12 369460184.741
8 13 6835090.455
8 14 117028151.777
8 15 256526863.297
8 16 350717098.257
8 17 83065116.920
8 18 105298564.996
8 19 23226306.218
9 0 143730210.996
9 1 5592280.378
9 2 5724844.943
9 3 45226159.412
9 4 8459669.041
9 5 11115337.339
9 6 34386897.954
9 7 37878696.937
9 8 56408257.698
9 10 10076810.460
9 11 29001794.705
9 12 191818160.514
9 13 2610943.538
9 14 30286294.483
9 15 105544113.518
9 16 18154634.160
9 17 43436359.177
9 18 34696471.324
9 19 75623725.534
10 0 127571361.346
10 1 21957708.757
10 2 89473620.780
10 3 14991201.700
10 4 4827072.395
10 5 26551540.185
10 6 86554317.544
10 7 42335901.810
10 8 95720171.620
10 9 47159439.103
10 11 16606994.661
10 12 226279413.565
10 13 10680385.007
10 14 19532772.985
10 15 416478722.066
10 16 134600508.463
10 17 51772258.086
10 18 42254142.581
10 19 232948994.143
11 0 188214752.356
11 1 27233364.300
11 2 23413757.983
11 3 74974607.084
11 4 42162420.110
11 5 39970613.117
11 6 10467007.011
11 7 90434678.688
11 8 32185133.966
11 9 47956440.101
11 10 32786132.084
11 12 633404791.481
11 13 48508452.760
11 14 69327405.351
11 15 83920779.494
11 16 15828783.135
11 17 39317580.694
11 18 73450090.460
11 19 179840044.998
12 0 882654699.450
12 1 69066859.645
12 2 300050476.639
12 3 896364612.723
12 4 65558902.822
12 5 118154498.800
12 6 155833026.749
12 7 663119586.191
12 8 842632784.648
12 9 227547278.027
12 10 224297764.062
12 11 540596411.343
12 13 149401417.386
12 14 115136577.064
12 15 1578013401.761
12 16 524838656.170
12 17 228906893.549
12 18 550071467.582
12 19 1108768616.945
13 0 82954105.988
13 1 9658241.990
13 2 9953810.668
13 3 5485695.115
13 4 3676190.059
13 5 31696435.953
13 6 10304483.017
13 7 36485589.678
13 8 64341906.820
13 9 13732109.802
13 10 11547535.769
13 11 25482189.152
13 12 32345235.300
13 14 22856820.661
13 15 206499628.301
13 16 79575771.876
13 17 47586493.847
13 18 6883382.258
13 19 13600151.128
14 0 178324389.360
14 1 44218537.953
14 2 36862316.364
14 3 67944384.115
14 4 8220535.420
14 5 56551772.528
14 6 13567949.886
14 7 12843975.674
14 8 114246478.538
14 9 30717790.210
14 10 27503320.585
14 11 59795017.361
14 12 49496239.550
14 13 41966999.316
14 15 179259252.159
14 16 165679012.662
14 17 20273724.865
14 18 73359083.980
14 19 95637280.560
15 0 634502929.479
15 1 129164882.352
15 2 329209517.810
15 3 562299122.939
15 4 14496606.067
15 5 80007631.679
15 6 285612714.520
15 7 279413166.884
15 8 281752064.570
15 9 150025423.803
15 10 78269533.078
15 11 343103684.164
15 12 1632685448.046
15 13 40514383.827
15 14 335844145.548
15 16 456883379.864
15 17 140709833.454
15 18 390478719.594
15 19 149046383.445
16 0 258159203.361
16 1 12112565.328
16 2 113311592.699
16 3 30429321.522
16 4 44402690.201
16 5 222141753.341
16 6 199950921.786
16 7 77166887.709
16 8 196744681.259
16 9 92852490.823
16 10 43651512.580
16 11 227253649.211
16 12 182617631.420
16 13 27615879.972
16 14 119908445.236
16 15 832978542.263
16 17 116168906.443
16 18 169032636.033
16 19 229079372.895
17 0 324644502.869
17 1 5450037.183
17 2 22292646.999
17 3 109188707.201
17 4 20780704.985
17 5 90151691.913
17 6 34734198.771
17 7 19110711.648
17 8 80649190.249
17 9 31802890.473
17 10 55452100.462
17 11 9636624.730
17 12 170628435.280
17 13 40970268.401
17 14 56303905.441
17 15 270026625.000
17 16 80651800.967
17 18 43284314.540
17 19 108206853.247
18 0 120032979.534
18 1 18201657.294
18 2 20096868.810
18 3 18335023.331
18 4 17388201.386
18 5 63653434.880
18 6 48886281.113
18 7 67140976.491
18 8 40251413.173
18 9 26544283.551
18 10 45014778.955
18 11 6976675.161
18 12 367855967.691
18 13 28514205.995
18 14 50645673.801
18 15 162909038.761
18 16 212284211.572
18 17 96036767.172
18 19 200094350.332
19 0 491725390.437
19 1 34308385.120
19 2 58293793.469
19 3 51456687.354
19 4 108064740.883
19 5 111740665.674
19 6 168073988.244
19 7 44065308.186
19 8 264973629.484
19 9 36830751.245
19 10 166630022.258
19 11 150991390.925
19 12 438950665.632
19 13 19849838.299
19 14 31333855.583
19 15 406671292.939
19 16 544537339.511
19 17 49583982.758
19 18 75493243.642
