380
0 1 61701825.111
0 2 96264707.566
0 3 115611454.526
0 4 51599687.846
0 5 334746654.762
0 6 106532893.203
0 7 133663070.670
0 8 431186482.676
0 9 24814902.986
0 10 300308664.278
0 11 32739943.878
0 12 1275894898.036
0 13 121964976.940
0 14 263805287.676
0 15 1496498941.189
0 16 471971582.834
0 17 249662134.579
0 18 239200409.168
0 19 665168735.248
1 0 48385792.806
1 2 22930992.576
1 3 51998469.081
1 4 10484789.687
1 5 43942425.846
1 6 8391492.278
1 7 5449749.639
1 8 34515891.808
1 9 3369733.624
1 10 44853035.574
1 11 27602653.933
1 12 342739104.975
1 13 7956879.128
1 14 28528325.792
1 15 135456725.135
1 16 25338710.032
1 17 30407203.940
1 18 10137677.164
1 19 15138627.370
2 0 147391469.410
2 1 17683858.154
2 3 45488193.470
2 4 7117156.012
2 5 19530341.137
2 6 22785972.412
2 7 22913758.123
2 8 145882741.010
2 9 41336723.633
2 10 43326530.235
2 11 35468689.116
2 12 393846037.490
2 13 40311892.149
2 14 46200691.863
2 15 30736357.841
2 16 123042980.924
2 17 23691559.296
2 18 73030278.363
2 19 96793509.059
3 0 377095053.107
3 1 42364465.202
3 2 24048206.452
3 4 52052021.352
3 5 28511808.852
3 6 63718420.152
3 7 146762590.196
3 8 110556832.633
3 9 59863115.850
3 10 15911418.585
3 11 122709025.463
3 12 712921709.784
3 13 41595511.417
3 14 102598592.884
3 15 157666736.833
3 16 83174882.673
3 17 88290859.419
3 18 48685345.855
3 19 367070278.682
4 0 131396382.926
4 1 14013898.731
4 2 24621036.637
4 3 13927380.753
4 5 23112147.989
4 6 15488460.466
4 7 31857875.868
4 8 30571856.090
4 9 12725740.969
4 10 47444940.653
4 11 41490008.917
4 12 94787459.599
4 13 18552481.093
4 14 43042537.259
4 15 109246638.871
4 16 46920508.856
4 17 46535717.614
4 18 18186958.643
4 19 87062930.659
5 0 50607240.694
5 1 20303469.543
5 2 42512182.068
5 3 23978449.688
5 4 17464734.485
5 6 88117636.458
5 7 73394159.932
5 8 117472207.682
5 9 35780246.253
5 10 44240743.209
5 11 70903269.201
5 12 127370248.903
5 13 43498942.774
5 14 14565055.407
5 15 393949496.151
5 16 71253241.260
5 17 59413694.470
5 18 66471588.921
5 19 221930376.638
6 0 234202649.909
6 1 41246730.527
6 2 51070375.437
6 3 15728406.299
6 4 22143124.825
6 5 47713715.480
6 7 18624222.044
6 8 89454984.759
6 9 13157389.997
6 10 56885109.619
6 11 45541374.692
6 12 95233199.930
6 13 27590544.000
6 14 43199582.405
6 15 384065115.687
6 16 161202704.325
6 17 33274361.392
6 18 14965079.815
6 19 18110628.560
7 0 94981114.291
7 1 13716410.523
7 2 63524560.031
7 3 112840961.535
7 4 43066199.901
7 5 16818273.005
7 6 78163244.301
7 8 141499678.292
7 9 22367488.960
7 10 28766905.547
7 11 31196025.317
7 12 175317497.851
7 13 29334750.028
7 14 12061505.107
7 15 441098622.917
7 16 113350657.330
7 17 47630777.732
7 18 39887967.307
7 19 137753201.786
8 0 145070049.347
8 1 68403259.615
8 2 145228430.138
8 3 195238990.657
8 4 26118250.677
8 5 22114591.977
8 6 86234327.476
8 7 133328910.509
8 9 36959556.277
8 10 88955455.798
8 11 26616462.598
8 12 766568605.420
8 13 69362648.980
8 14 49410773.936
8 15 222428267.162
8 16 313095631.933
8 17 53303338.824
8 18 129779545.506
8 19 246221553.968
9 0 137471467.171
9 1 24353279.646
9 2 31118435.649
9 3 51381811.279
9 4 12620930.949
9 5 31237342.316
9 6 26991282.766
9 7 44725377.220
9 8 36191092.450
9 10 45119193.705
9 11 38090952.786
9 12 272424462.062
9 13 7692592.450
9 14 39583683.079
9 15 78716718.583
9 16 99870559.420
9 17 23654907.973
9 18 15035394.789
9 19 72164760.105
10 0 280853093.205
10 1 35214646.850
10 2 71942520.910
10 3 63866087.571
10 4 38696367.737
10 5 10799897.573
10 6 56326398.156
10 7 55281213.091
10 8 90893117.113
10 9 5518823.447
10 11 87891427.564
10 12 512276746.025
10 13 25217172.629
10 14 6555129.263
10 15 320273535.852
10 16 16814446.474
10 17 14422209.013
10 18 91694480.667
10 19 222957318.160
11 0 130823611.681
11 1 11498388.640
11 2 37228796.938
11 3 26099094.107
11 4 21336353.093
11 5 52189379.246
11 6 58946876.007
11 7 57405185.227
11 8 81630903.906
11 9 29118701.083
11 10 40146076.312
11 12 396453045.904
11 13 17504820.654
11 14 94701423.881
11 15 170273905.250
11 16 25224240.064
11 17 64790290.040
11 18 17365764.112
11 19 27494327.438
12 0 312334929.482
12 1 136519351.228
12 2 156473654.466
12 3 139470592.357
12 4 139516941.601
12 5 183220391.352
12 6 531454513.873
12 7 452510197.917
12 8 620117227.374
12 9 321203558.738
12 10 227458996.875
12 11 429612537.772
12 13 61670463.922
12 14 305392357.368
12 15 410274963.563
12 16 1022014791.117
12 17 69240410.651
12 18 629861375.558
12 19 1687557436.729
13 0 158012672.448
13 1 17712779.148
13 2 29631262.514
13 3 44722282.884
13 4 15760384.062
13 5 42625722.312
13 6 22316803.714
13 7 11625317.283
13 8 53704255.646
13 9 6669149.952
13 10 3317795.825
13 11 14423928.909
13 12 309533707.868
13 14 36603985.948
13 15 37235767.407
13 16 40694744.891
13 17 31730156.457
13 18 9078914.418
13 19 36188641.203
14 0 128256862.682
14 1 30803340.355
14 2 74584244.643
14 3 49307227.214
14 4 15735525.685
14 5 10401276.786
14 6 33914432.364
14 7 53225189.468
14 8 38203904.642
14 9 4263659.728
14 10 59163158.664
14 11 26887176.783
14 12 303440326.435
14 13 22056065.735
14 15 200560105.594
14 16 204577130.623
14 17 40998680.338
14 18 82060783.978
14 19 127461550.414
15 0 194083463.812
15 1 133679881.053
15 2 224775212.213
15 3 109168020.038
15 4 73816564.033
15 5 156960764.755
15 6 198592561.044
15 7 291570765.879
15 8 353803309.072
15 9 128842707.254
15 10 422601149.173
15 11 366128372.451
15 12 3052814001.472
15 13 49930419.294
15 14 144055091.149
15 16 427738481.070
15 17 37355054.025
15 18 72163083.317
15 19 677780814.763
16 0 69391293.792
16 1 107679960.952
16 2 113475499.855
16 3 100517695.210
16 4 83724193.189
16 5 190969419.021
16 6 50924968.479
16 7 100230293.915
16 8 273839684.623
16 9 64382029.029
16 10 83110361.668
16 11 137269287.535
16 12 1436611662.167
16 13 32287786.378
16 14 17779562.414
16 15 147427453.741
16 17 33641372.923
16 18 147910907.244
16 19 240201041.849
17 0 232434128.736
17 1 42665258.028
17 2 22450699.337
17 3 108788267.758
17 4 27265770.840
17 5 54999199.136
17 6 52434735.086
17 7 94065978.259
17 8 15507659.384
17 9 43959833.830
17 10 36889400.868
17 11 29430129.755
17 12 551235800.347
17 13 45856157.574
17 14 8175988.807
17 15 253319257.422
17 16 215352334.558
17 18 21809239.221
17 19 89890516.277
18 0 192287077.743
18 1 33352464.013
18 2 22365392.864
18 3 16182960.123
18 4 4045113.550
18 5 81963349.130
18 6 42984717.307
18 7 65352820.881
18 8 80350995.017
18 9 26597447.241
18 10 93644246.777
18 11 43785872.704
18 12 227559647.278
18 13 38559853.386
18 14 33943573.535
18 15 180042949.935
18 16 66329513.347
18 17 49091353.096
18 19 160347578.777
19 0 312908793.322
19 1 74254413.005
19 2 122573217.926
19 3 260463401.787
19 4 57456499.132
19 5 190441056.357
19 6 58463055.547
19 7 111698171.941
19 8 134554974.671
19 9 52572632.308
19 10 154498540.301
19 11 167344671.244
19 12 403292234.904
19 13 64866687.410
19 14 141001815.624
19 15 839532245.777
19 16 356835428.620
19 17 183594892.366
19 18 101263113.290
