380
0 1 13344251.226
0 2 290247315.508
0 3 494007012.701
0 4 34056434.020
0 5 336281357.945
0 6 318623999.621
0 7 37163057.963
0 8 362820718.910
0 9 135909705.735
0 10 171171351.973
0 11 305184812.381
0 12 1522665553.312
0 13 171094835.824
0 14 267768835.486
0 15 664784655.194
0 16 95135577.523
0 17 82088626.989
0 18 336560674.602
0 19 748483128.024
1 0 77857607.389
1 2 7071585.581
1 3 38095492.516
1 4 5465359.158
1 5 34694230.621
1 6 41789426.177
1 7 19748547.690
1 8 49003952.042
1 9 7611313.038
1 10 37742353.971
1 11 7066594.529
1 12 94263311.422
1 13 11179274.699
1 14 6332740.446
1 15 21362045.907
1 16 62059322.283
1 17 25779504.958
1 18 25115765.454
1 19 52705669.568
2 0 216173208.843
2 1 27155943.506
2 3 10177689.635
2 4 42741835.458
2 5 72349328.294
2 6 59732293.949
2 7 90872840.221
2 8 97082780.906
2 9 39636405.582
2 10 67693212.540
2 11 77018000.943
2 12 53002377.438
2 13 40850844.462
2 14 72480607.834
2 15 392202570.545
2 16 171298575.376
2 17 46547697.802
2 18 41510524.571
2 19 84303179.949
3 0 132990440.632
3 1 39542108.818
3 2 147097965.320
3 4 11279525.962
3 5 121287244.790
3 6 129873804.344
3 7 79335959.378
3 8 51499284.077
3 9 61702178.596
3 10 73918724.835
3 11 75994986.897
3 12 385179507.615
3 13 62182043.574
3 14 102608294.854
3 15 550257345.115
3 16 51555928.265
3 17 131830816.517
3 18 13322059.990
3 19 191840979.526
4 0 62852112.707
4 1 7609045.426
4 2 36065886.916
4 3 53380766.211
4 5 24328728.222
4 6 27958940.747
4 7 11828727.408
4 8 11877707.850
4 9 11897511.731
4 10 23162290.095
4 11 4581031.930
4 12 326990549.791
4 13 7375084.320
4 14 17732400.599
4 15 14325133.079
4 16 17123346.541
4 17 6576752.626
4 18 37886591.906
4 19 66328812.508
5 0 197246613.550
5 1 11828167.691
5 2 51521264.202
5 3 17885468.803
5 4 10877781.662
5 6 75491308.395
5 7 14548091.969
5 8 103936617.048
5 9 5205159.807
5 10 53130028.773
5 11 11343057.386
5 12 289698545.827
5 13 17296525.731
5 14 83455164.402
5 15 404260315.087
5 16 124471230.547
5 17 80644956.099
5 18 57264784.448
5 19 102629350.422
6 0 253794602.877
6 1 32483371.679
6 2 33504401.477
6 3 109256068.054
6 4 26690210.390
6 5 47978676.540
6 7 24599456.578
6 8 146473962.107
6 9 47660953.543
6 10 16637920.806
6 11 57150642.243
6 12 311664162.820
6 13 21929408.515
6 14 63126997.133
6 15 151646610.304
6 16 22764421.090
6 17 71964963.326
6 18 44819590.303
6 19 237968205.194
7 0 267304728.896
7 1 22098051.882
7 2 92869675.100
7 3 10242176.160
7 4 22727819.195
7 5 92019654.503
7 6 28498712.532
7 8 16069949.412
7 9 26223015.271
7 10 25643776.986
7 11 36859559.194
7 12 495576941.665
7 13 27394254.515
7 14 79119010.448
7 15 367116085.449
7 16 157378587.290
7 17 88625157.163
7 18 42396019.611
7 19 184381460.038
8 0 430899832.856
8 1 48423739.053
8 2 108180702.868
8 3 17522457.539
8 4 69460755.706
8 5 138318621.160
8 6 17361039.384
8 7 38939302.413
8 9 53758874.345
8 10 108331508.240
8 11 11804674.376
8 12 94368082.923
8 13 25661720.187
8 14 36545187.443
8 15 659788989.343
8 16 279951299.443
8 17 133669226.608
8 18 50360545.014
8 19 301890028.219
9 0 153108656.880
9 1 12123608.186
9 2 6531003.538
9 3 24883139.970
9 4 14418910.524
9 5 36578834.758
9 6 42487746.168
9 7 40682748.858
9 8 63107580.313
9 10 48469095.648
9 11 30381617.506
9 12 166287783.847
9 13 13011146.977
9 14 48765666.563
9 15 87509298.019
9 16 114145726.827
9 17 36157144.079
9 18 3136430.640
9 19 100329703.766
10 0 305453489.374
10 1 33852056.676
10 2 6287322.729
10 3 87430968.289
10 4 29898884.599
10 5 15935877.431
10 6 55880564.154
10 7 8746924.055
10 8 63543449.547
10 9 25144256.751
10 11 53155851.808
10 12 420178370.420
10 13 48067343.782
10 14 44449358.468
10 15 234153522.736
10 16 26511342.290
10 17 71737370.127
10 18 80424698.933
10 19 79864438.558
11 0 256297687.901
11 1 11759457.169
11 2 57766733.103
11 3 36936528.899
11 4 28284686.223
11 5 79901536.715
11 6 32772303.889
11 7 16395518.380
11 8 19282364.007
11 9 22488813.970
11 10 69593805.158
11 12 606088992.251
11 13 11715891.685
11 14 97819940.630
11 15 238164163.538
11 16 115653225.204
11 17 31120609.396
11 18 48514505.791
11 19 185236745.036
12 0 257662510.660
12 1 273978523.874
12 2 438696483.036
12 3 386629250.423
12 4 220597846.450
12 5 513996064.260
12 6 65228944.383
12 7 168171486.810
12 8 330441012.143
12 9 123798267.495
12 10 198253718.482
12 11 244972429.800
12 13 181064734.592
12 14 376282724.436
12 15 816876909.778
12 16 1363478125.591
12 17 152802731.091
12 18 635579217.141
12 19 573594502.248
13 0 40709272.204
13 1 6172853.803
13 2 31718737.357
13 3 61581021.911
13 4 15535203.576
13 5 6967929.356
13 6 34864624.717
13 7 38929172.831
13 8 54857757.411
13 9 7339329.562
13 10 22698222.986
13 11 28983388.997
13 12 228360351.028
13 14 12177625.188
13 15 136927797.026
13 16 74150247.726
13 17 28243464.928
13 18 15001643.031
13 19 77141463.070
14 0 205411092.293
14 1 7336716.008
14 2 26264107.747
14 3 21823397.513
14 4 14359656.936
14 5 97253057.677
14 6 48787104.963
14 7 84526981.464
14 8 68901035.154
14 9 23484446.631
14 10 65278754.268
14 11 26930266.032
14 12 337196587.803
14 13 23691599.404
14 15 442752936.124
14 16 245228110.290
14 17 35593344.548
14 18 48754385.007
14 19 52578231.099
15 0 1146006112.163
15 1 14584887.952
15 2 325332273.527
15 3 466421259.363
15 4 68385416.788
15 5 384293902.152
15 6 178146657.095
15 7 112389009.372
15 8 437031686.691
15 9 191517303.913
15 10 391831611.925
15 11 80640144.470
15 12 1790354255.555
15 13 112335249.265
15 14 402427680.450
15 16 103821082.792
15 17 342492516.713
15 18 412889225.026
15 19 661035061.572
16 0 104304178.721
16 1 106887190.227
16 2 118533953.772
16 3 347275782.602
16 4 37150760.214
16 5 138842658.015
16 6 155526172.656
16 7 100529928.143
16 8 280453267.930
16 9 53370864.915
16 10 93583016.564
16 11 212617717.316
16 12 1195175580.697
16 13 118286845.228
16 14 15835587.774
16 15 724771389.427
16 17 88895060.054
16 18 141646018.702
16 19 232784190.100
17 0 197408447.270
17 1 17572690.062
17 2 51856990.947
17 3 48591115.102
17 4 40354433.402
17 5 93373543.603
17 6 31341741.897
17 7 14455337.476
17 8 115252628.353
17 9 27913355.483
17 10 24518134.236
17 11 24591546.894
17 12 529926769.050
17 13 22332118.728
17 14 34654449.592
17 15 383379408.571
17 16 104567067.293
17 18 78652257.018
17 19 189381692.676
18 0 261865041.579
18 1 7764323.815
18 2 22368352.225
18 3 35025145.253
18 4 20639565.101
18 5 90125660.563
18 6 48848995.594
18 7 40392885.262
18 8 30458071.521
18 9 10698656.960
18 10 41417694.873
18 11 10539795.176
18 12 316540298.147
18 13 5894092.014
18 14 54843411.021
18 15 223613703.287
18 16 239298936.881
18 17 95798747.696
18 19 88908275.600
19 0 776998476.811
19 1 117673170.939
19 2 98545729.409
19 3 103317366.283
19 4 98175111.350
19 5 27819626.179
19 6 190420675.665
19 7 199111391.495
19 8 182683749.803
19 9 18370561.507
19 10 221354781.513
19 11 62918692.771
19 12 313167834.700
19 13 81742333.006
19 14 23045301.080
19 15 131049952.989
19 16 278913869.680
19 17 46205596.931
19 18 40547559.693
