380
0 1 171995277.693
0 2 21952801.443
0 3 77707020.663
0 4 171556770.746
0 5 43013595.220
0 6 332690977.982
0 7 169767824.552
0 8 322211582.386
0 9 72492202.019
0 10 319154814.319
0 11 216526179.365
0 12 1579113364.130
0 13 91031663.948
0 14 228554622.454
0 15 1234443806.233
0 16 565724990.697
0 17 188193091.588
0 18 202304885.847
0 19 208094320.749
1 0 89064730.869
1 2 5946094.447
1 3 67137338.293
1 4 5291955.132
1 5 24967833.102
1 6 11024667.637
1 7 44512906.865
1 8 50089395.160
1 9 24114821.800
1 10 47414987.762
1 11 35288424.104
1 12 333681977.501
1 13 13759308.032
1 14 44220640.440
1 15 117152226.369
1 16 55034702.357
1 17 38625456.671
1 18 46239460.083
1 19 56052241.813
2 0 51070582.469
2 1 16083191.615
2 3 86826002.278
2 4 46649190.966
2 5 87657780.077
2 6 75361509.070
2 7 68125967.021
2 8 74787425.355
2 9 20417603.297
2 10 19641347.012
2 11 18851844.844
2 12 143994269.512
2 13 11113445.698
2 14 14325919.835
2 15 145612760.018
2 16 191310381.110
2 17 75959874.794
2 18 21332761.058
2 19 238076830.183
3 0 82705127.270
3 1 45151656.062
3 2 107597111.268
3 4 70265020.875
3 5 36451145.094
3 6 42716321.864
3 7 125210924.191
3 8 67126134.664
3 9 64328833.544
3 10 24782070.943
3 11 97699206.561
3 12 698561860.374
3 13 6375180.259
3 14 28200020.947
3 15 170579688.633
3 16 95350486.481
3 17 66299926.546
3 18 116841161.069
3 19 226410121.225
4 0 80698015.942
4 1 18401363.063
4 2 4607737.098
4 3 52275000.400
4 5 11875166.593
4 6 38593738.493
4 7 17156577.992
4 8 65722061.027
4 9 5666873.564
4 10 9534950.418
4 11 16306760.828
4 12 265089451.402
4 13 11234135.865
4 14 40214715.716
4 15 107659895.364
4 16 33346520.076
4 17 30306427.452
4 18 41088054.311
4 19 23861037.252
5 0 75188841.299
5 1 3226295.713
5 2 7192842.703
5 3 59924964.271
5 4 6652065.646
5 6 91957547.490
5 7 80831931.636
5 8 108169947.353
5 9 8440328.604
5 10 31766587.939
5 11 58005819.894
5 12 526187911.779
5 13 24243022.326
5 14 79406982.999
5 15 135867240.474
5 16 73713654.797
5 17 30505470.546
5 18 58976032.326
5 19 163448162.894
6 0 270787884.156
6 1 19220222.781
6 2 29960329.780
6 3 53553625.257
6 4 11858265.266
6 5 54484906.922
6 7 91942646.534
6 8 136498730.449
6 9 22037122.897
6 10 26720762.741
6 11 21158298.918
6 12 280988093.275
6 13 21740239.944
6 14 23691156.647
6 15 158547056.662
6 16 143790954.846
6 17 94834230.787
6 18 53766039.039
6 19 94528256.767
7 0 53096658.922
7 1 25414027.833
7 2 83496961.071
7 3 82719705.687
7 4 20473777.761
7 5 35574819.885
7 6 88558727.424
7 8 51586126.781
7 9 10483799.546
7 10 18145197.552
7 11 64896703.309
7 12 89574830.743
7 13 38642060.348
7 14 11588804.026
7 15 411841839.197
7 16 125412084.703
7 17 27588645.048
7 18 34710301.173
7 19 38709316.304
8 0 189435379.188
8 1 19026112.392
8 2 107257474.285
8 3 177064233.483
8 4 19503452.582
8 5 133882377.498
8 6 35899577.353
8 7 94248994.057
8 9 43764715.668
8 10 39340210.557
8 11 14330996.207
8 12 218138328.779
8 13 46102080.618
8 14 31273583.511
8 15 613179439.703
8 16 131714516.049
8 17 61323825.708
8 18 70987130.866
8 19 120703152.681
9 0 92575231.902
9 1 16148279.206
9 2 10082311.388
9 3 16831118.006
9 4 24349101.609
9 5 41955365.407
9 6 9268945.361
9 7 33832306.288
9 8 8140407.620
9 10 22194874.365
9 11 7988842.586
9 12 310027994.619
9 13 10560780.891
9 14 33616899.645
9 15 16743611.125
9 16 107444427.325
9 17 14443079.656
9 18 44632169.674
9 19 32908521.761
10 0 228480894.254
10 1 4518787.180
10 2 74564406.604
10 3 18796315.169
10 4 28773261.566
10 5 12384533.158
10 6 44782521.150
10 7 20119156.405
10 8 99070421.883
10 9 36903656.057
10 11 72190718.699
10 12 104154646.123
10 13 43320296.875
10 14 94829854.966
10 15 246775456.869
10 16 111199915.550
10 17 97380076.875
10 18 10705352.977
10 19 30715075.612
11 0 34202530.126
11 1 44228234.996
11 2 87112454.534
11 3 31415935.262
11 4 30504930.494
11 5 21779230.068
11 6 82419312.863
11 7 27869849.198
11 8 20389373.367
11 9 9459366.080
11 10 21115932.651
11 12 109571786.789
11 13 30469512.544
11 14 6261794.579
11 15 353575964.212
11 16 84996645.236
11 17 59838779.715
11 18 50330644.702
11 19 244204088.286
12 0 587508507.920
12 1 289599053.615
12 2 545574383.119
12 3 1013465159.652
12 4 86179107.827
12 5 255055022.509
12 6 680533950.224
12 7 218492054.821
12 8 795875400.887
12 9 117974655.067
12 10 239201612.010
12 11 542815321.796
12 13 81782583.978
12 14 411430802.575
12 15 409311452.136
12 16 585369274.897
12 17 164204871.339
12 18 46151802.441
12 19 655225892.294
13 0 152815039.524
13 1 18073678.383
13 2 13812251.658
13 3 5622765.796
13 4 15754079.021
13 5 5109436.757
13 6 41634042.328
13 7 13218761.991
13 8 71400417.436
13 9 1958699.890
13 10 33363289.199
13 11 4084706.862
13 12 282553204.027
13 14 35603449.879
13 15 179296493.642
13 16 92443466.314
13 17 37139181.734
13 18 24601900.026
13 19 90275432.397
14 0 140392292.380
14 1 8907772.846
14 2 74078012.385
14 3 28300119.241
14 4 41253699.160
14 5 10930449.106
14 6 92276999.727
14 7 42242821.129
14 8 95672270.397
14 9 9366946.739
14 10 26899551.877
14 11 78339786.086
14 12 354541017.097
14 13 31455996.148
14 15 300332812.206
14 16 148144141.979
14 17 16895540.578
14 18 39637024.830
14 19 194792609.473
15 0 296748068.675
15 1 209525380.646
15 2 190693090.293
15 3 556027792.537
15 4 199421439.454
15 5 290708047.928
15 6 111391885.397
15 7 263279872.454
15 8 206053082.577
15 9 188541923.986
15 10 441969652.245
15 11 208245109.585
15 12 2700791399.715
15 13 29728197.820
15 14 133818773.390
15 16 1097805216.535
15 17 201332432.156
15 18 325378989.146
15 19 572408979.119
16 0 141351714.634
16 1 72134279.029
16 2 132654359.379
16 3 304540389.530
16 4 96476807.150
16 5 228727273.011
16 6 17496934.038
16 7 186819082.859
16 8 93607347.271
16 9 52335677.061
16 10 181714449.762
16 11 180829704.891
16 12 974984681.572
16 13 70720980.489
16 14 189319103.695
16 15 841412800.849
16 17 19823453.476
16 18 44531650.521
16 19 274202939.145
17 0 331777390.930
17 1 38509038.887
17 2 65174086.337
17 3 34565088.191
17 4 14038267.875
17 5 64410264.826
17 6 36711039.212
17 7 50304855.266
17 8 113387244.417
17 9 36670979.798
17 10 68124512.434
17 11 43902569.604
17 12 204239623.888
17 13 17555148.129
17 14 88628068.995
17 15 142078388.015
17 16 85118263.887
17 18 72700110.443
17 19 90207216.229
18 0 233096368.288
18 1 8725408.517
18 2 36981751.303
18 3 22448507.745
18 4 31951261.677
18 5 82491705.682
18 6 31503761.542
18 7 46496241.389
18 8 123229578.348
18 9 44120826.821
18 10 6706754.710
18 11 27919669.331
18 12 222933646.083
18 13 37768985.188
18 14 25498561.365
18 15 393503690.064
18 16 169757214.433
18 17 19966870.482
18 19 155570256.695
19 0 568601821.403
19 1 65012126.446
19 2 214208610.210
19 3 99172050.630
19 4 20062176.678
19 5 216198973.365
19 6 124091672.682
19 7 25307144.074
19 8 360295459.091
19 9 62775733.024
19 10 185262520.200
19 11 20059098.635
19 12 434973782.888
19 13 88485939.644
19 14 79586768.313
19 15 187720505.177
19 16 550347729.900
19 17 133990614.364
19 18 164651526.091
