380
0 1 38677299.395
0 2 285325109.189
0 3 436089183.442
0 4 119151649.019
0 5 296226160.921
0 6 154022482.541
0 7 87473845.728
0 8 110262487.791
0 9 16454968.557
0 10 312208309.339
0 11 87483569.528
0 12 1412307834.215
0 13 119095348.007
0 14 41790509.894
0 15 1363306491.977
0 16 311254374.942
0 17 188417910.248
0 18 148514710.684
0 19 183470270.758
1 0 26860665.471
1 2 17467214.698
1 3 38960163.406
1 4 3624970.210
1 5 25346609.672
1 6 29844619.593
1 7 37643727.476
1 8 52162847.344
1 9 8840490.351
1 10 21069765.925
1 11 37812727.231
1 12 35914400.645
1 13 8774746.277
1 14 27432192.646
1 15 189009963.847
1 16 100258041.040
1 17 39896274.493
1 18 13424675.077
1 19 87131357.434
2 0 178803776.407
2 1 47455589.001
2 3 15484615.601
2 4 15219286.531
2 5 46482677.297
2 6 27299720.053
2 7 59987077.749
2 8 10228125.721
2 9 17265685.441
2 10 97506681.132
2 11 83353556.375
2 12 419860022.019
2 13 47514726.150
2 14 90519836.398
2 15 367605814.041
2 16 19757880.595
2 17 87596017.803
2 18 89041074.543
2 19 47643905.390
3 0 63904858.355
3 1 25270471.062
3 2 109197324.784
3 4 43589974.771
3 5 31762456.698
3 6 81597183.939
3 7 103859191.606
3 8 220246296.327
3 9 16065912.941
3 10 119893222.433
3 11 121916857.261
3 12 500163175.895
3 13 73696413.361
3 14 12452705.002
3 15 567755444.099
3 16 26353718.213
3 17 143974660.200
3 18 132257623.406
3 19 90650095.811
4 0 20750431.782
4 1 6221798.485
4 2 15591139.335
4 3 54075717.220
4 5 40904368.581
4 6 8960500.920
4 7 28991827.909
4 8 14903108.758
4 9 16350910.260
4 10 35841131.046
4 11 21394600.139
4 12 131856046.141
4 13 15800649.500
4 14 48999221.383
4 15 84384876.785
4 16 9214978.796
4 17 44197515.626
4 18 48704775.341
4 19 17379942.983
5 0 86321071.862
5 1 10282701.042
5 2 40705715.948
5 3 97335686.315
5 4 29950018.313
5 6 84768252.135
5 7 66339535.183
5 8 127358030.296
5 9 9390087.632
5 10 59688161.844
5 11 34368630.863
5 12 568651148.151
5 13 46890214.266
5 14 85275207.406
5 15 405142944.442
5 16 190465514.621
5 17 58261223.815
5 18 60517052.608
5 19 42000645.714
6 0 116609701.027
6 1 35842487.492
6 2 52204139.655
6 3 16257086.882
6 4 29248794.301
6 5 55741389.334
6 7 65323135.108
6 8 130048727.982
6 9 25401119.622
6 10 35690501.622
6 11 79489027.295
6 12 260745080.732
6 13 17068741.800
6 14 80483977.090
6 15 379018203.000
6 16 192480982.218
6 17 78059796.978
6 18 17153208.292
6 19 65631292.640
7 0 68672745.585
7 1 48305127.143
7 2 49979256.140
7 3 18381244.479
7 4 43785654.225
7 5 60023071.039
7 6 86415028.440
7 8 137916096.477
7 9 36577455.822
7 10 86720855.426
7 11 71009768.974
7 12 319445619.975
7 13 34689658.110
7 14 59381829.781
7 15 279140593.471
7 16 107021363.481
7 17 12088263.185
7 18 78589410.617
7 19 209827203.548
8 0 469625027.966
8 1 21004356.993
8 2 53683504.075
8 3 174044685.694
8 4 38833812.590
8 5 92892193.492
8 6 43366975.883
8 7 32406652.214
8 9 37933072.425
8 10 60106303.396
8 11 72802637.684
8 12 659888248.721
8 13 30379180.878
8 14 110055556.298
8 15 552491722.690
8 16 334035279.850
8 17 125231470.255
8 18 22707207.076
8 19 69933987.662
9 0 51357495.539
9 1 20693236.794
9 2 14082916.112
9 3 30411649.079
9 4 22073395.827
9 5 4585181.774
9 6 12851229.861
9 7 13695292.113
9 8 62818944.239
9 10 48804297.827
9 11 32578046.546
9 12 192904492.657
9 13 15067467.296
9 14 28905752.799
9 15 20667217.860
9 16 45724637.750
9 17 31161230.572
9 18 37515906.608
9 19 76614381.968
10 0 294803733.404
10 1 48467770.613
10 2 27355150.798
10 3 135423769.937
10 4 47320170.611
10 5 68181460.218
10 6 25845615.340
10 7 20515669.920
10 8 76245606.871
10 9 46446180.711
10 11 9208431.021
10 12 99552014.699
10 13 33008390.236
10 14 44457638.239
10 15 324714914.801
10 16 184386701.030
10 17 82219303.342
10 18 61499491.496
10 19 150829630.854
11 0 148413694.380
11 1 32998276.794
11 2 25512307.456
11 3 144709189.392
11 4 37510673.516
11 5 11688732.923
11 6 95748863.354
11 7 15179338.846
11 8 41199637.108
11 9 12663114.634
11 10 16407045.812
11 12 300033647.015
11 13 44446713.460
11 14 98176088.647
11 15 441822051.337
11 16 235378599.958
11 17 26025207.737
11 18 97216263.116
11 19 104876210.912
12 0 596237580.682
12 1 130622464.861
12 2 85134741.049
12 3 684397366.859
12 4 41154092.619
12 5 107639802.333
12 6 84084450.404
12 7 541418164.078
12 8 270986767.411
12 9 109287257.795
12 10 270071291.381
12 11 162086558.330
12 13 169711447.026
12 14 484646991.731
12 15 2329163011.678
12 16 1091225310.555
12 17 273994154.770
12 18 500689581.461
12 19 129190794.211
13 0 36946635.487
13 1 12087725.304
13 2 23113075.633
13 3 17585922.300
13 4 1540922.988
13 5 34742014.866
13 6 35516369.165
13 7 48959602.942
13 8 24751321.558
13 9 22981065.569
13 10 49029458.403
13 11 31012514.581
13 12 157062033.904
13 14 38100229.418
13 15 45160257.338
13 16 105434497.280
13 17 28313458.211
13 18 37333819.372
13 19 77408241.041
14 0 257196261.483
14 1 36407383.329
14 2 36804044.294
14 3 114354543.083
14 4 4026533.386
14 5 74538925.821
14 6 35175307.032
14 7 69728847.339
14 8 32641508.201
14 9 43507755.359
14 10 47088578.349
14 11 84231430.777
14 12 389277969.571
14 13 27456433.943
14 15 432092569.008
14 16 175147339.171
14 17 73721626.438
14 18 15175576.907
14 19 205036253.068
15 0 1202520310.030
15 1 45680282.566
15 2 392950449.388
15 3 375041881.883
15 4 117632590.777
15 5 328979151.686
15 6 170830918.454
15 7 68485572.180
15 8 608154429.120
15 9 210906805.450
15 10 239699121.939
15 11 141407178.158
15 12 1715609800.987
15 13 131878066.529
15 14 274760193.262
15 16 392365610.189
15 17 296269888.255
15 18 355087872.497
15 19 910788344.942
16 0 107247799.211
16 1 38298425.566
16 2 224453623.494
16 3 301912000.259
16 4 83542234.502
16 5 232624176.006
16 6 83740454.729
16 7 138342950.211
16 8 225169159.880
16 9 29698753.054
16 10 129036285.161
16 11 175850635.516
16 12 1294042067.955
16 13 114262520.133
16 14 67828244.007
16 15 386026009.323
16 17 112909382.573
16 18 159206606.753
16 19 544836853.180
17 0 87690615.652
17 1 19405227.944
17 2 80745097.693
17 3 100816225.098
17 4 28416731.484
17 5 12785465.974
17 6 94933598.780
17 7 35948934.594
17 8 22007567.695
17 9 31830091.948
17 10 67672644.206
17 11 39074312.642
17 12 484770399.676
17 13 12456766.285
17 14 55341561.484
17 15 277633957.767
17 16 101514116.300
17 18 95379934.425
17 19 190015944.548
18 0 122715913.778
18 1 35283814.236
18 2 89665208.617
18 3 79847569.642
18 4 23619510.913
18 5 71213723.617
18 6 41847386.198
18 7 20291298.816
18 8 79937276.654
18 9 10093280.718
18 10 96546818.668
18 11 91971251.440
18 12 169078873.428
18 13 35531955.288
18 14 16797148.971
18 15 246203372.135
18 16 189881814.065
18 17 84248376.123
18 19 215995947.073
19 0 705607121.220
19 1 120905054.193
19 2 151966403.467
19 3 41635015.982
19 4 40513230.928
19 5 187951439.866
19 6 60839743.841
19 7 145912276.580
19 8 200564236.175
19 9 8296052.121
19 10 25146809.939
19 11 139008008.006
19 12 1493320970.210
19 13 56942880.654
19 14 208463128.993
19 15 974061808.802
19 16 560284794.790
19 17 159934108.632
19 18 19582086.623
