380
0 1 27468709.872
0 2 244086848.659
0 3 54884688.834
0 4 149826936.866
0 5 38062998.501
0 6 24843781.384
0 7 137210299.988
0 8 241618661.673
0 9 28599873.024
0 10 207546057.686
0 11 335605766.622
0 12 1888678644.981
0 13 129705014.616
0 14 295645724.464
0 15 878088646.102
0 16 64276421.884
0 17 198708214.635
0 18 112540052.963
0 19 749868001.879
1 0 62900507.733
1 2 42245912.772
1 3 67874022.708
1 4 19941071.468
1 5 14489944.813
1 6 10039708.240
1 7 10111475.731
1 8 28596650.120
1 9 10485683.658
1 10 7869794.762
1 11 27107346.410
1 12 224759310.477
1 13 21354607.157
1 14 26817926.447
1 15 135056699.761
1 16 102686789.233
1 17 4123893.562
1 18 5219857.386
1 19 41745247.310
2 0 298990566.469
2 1 6184904.130
2 3 140210752.936
2 4 3427295.193
2 5 8724671.736
2 6 22763175.221
2 7 11037839.195
2 8 44941991.657
2 9 29260171.466
2 10 78660722.805
2 11 14328859.242
2 12 145689207.132
2 13 41906989.479
2 14 8263290.978
2 15 310823651.711
2 16 110204971.081
2 17 42433540.579
2 18 60493982.247
2 19 158603875.354
3 0 513675782.895
3 1 25263897.506
3 2 63284997.033
3 4 21359758.171
3 5 52975607.075
3 6 71766283.907
3 7 62736292.062
3 8 188776274.169
3 9 33829287.423
3 10 122424419.810
3 11 139462947.272
3 12 110330567.550
3 13 44565447.121
3 14 74339130.957
3 15 246713043.413
3 16 66660409.311
3 17 116487754.957
3 18 53664172.701
3 19 72305750.729
4 0 53867809.450
4 1 3334789.021
4 2 38323756.824
4 3 71506515.937
4 5 13427424.303
4 6 28775074.678
4 7 11822136.358
4 8 35487419.824
4 9 18894943.984
4 10 23135272.342
4 11 15248842.332
4 12 66529814.286
4 13 19894864.561
4 14 25155656.842
4 15 56301891.209
4 16 92100273.503
4 17 48328523.848
4 18 31529199.572
4 19 116370981.766
5 0 237730448.045
5 1 3190752.108
5 2 40597490.221
5 3 65061120.623
5 4 41274041.116
5 6 46754550.514
5 7 41028682.660
5 8 128366353.410
5 9 32694904.376
5 10 84032166.271
5 11 91295972.268
5 12 657449463.180
5 13 45811202.241
5 14 90974015.976
5 15 364559198.579
5 16 44145462.865
5 17 18997083.403
5 18 86773335.666
5 19 82393010.403
6 0 80713279.851
6 1 31166383.137
6 2 9959154.350
6 3 123557901.128
6 4 19717131.824
6 5 24404899.107
6 7 31736656.250
6 8 146049577.434
6 9 28292525.403
6 10 79557150.793
6 11 29531758.612
6 12 474556373.261
6 13 34384450.088
6 14 33655948.334
6 15 322511399.527
6 16 180873525.132
6 17 51302734.734
6 18 91155892.199
6 19 242220447.618
7 0 37059086.454
7 1 22010716.509
7 2 59484817.333
7 3 45683058.436
7 4 33441046.730
7 5 35625376.269
7 6 34940522.285
7 8 47573892.768
7 9 35148427.099
7 10 50911495.487
7 11 43162145.708
7 12 675343323.143
7 13 25765637.124
7 14 76993388.774
7 15 46480075.706
7 16 220827288.527
7 17 26586326.866
7 18 47084987.834
7 19 192326804.873
8 0 105435205.325
8 1 35449654.065
8 2 104193434.920
8 3 87844629.723
8 4 7822037.776
8 5 104656595.784
8 6 81440349.437
8 7 56515369.931
8 9 48240913.588
8 10 71018906.943
8 11 142848185.121
8 12 321727384.533
8 13 31425359.979
8 14 105963420.297
8 15 260227530.089
8 16 169604488.333
8 17 41362764.953
8 18 20205614.507
8 19 23791603.991
9 0 116314689.018
9 1 3465373.186
9 2 16442486.772
9 3 24476123.900
9 4 20036801.300
9 5 24505825.094
9 6 27768009.809
9 7 16842584.408
9 8 14396898.761
9 10 37853300.549
9 11 33982572.954
9 12 173333440.449
9 13 23743897.521
9 14 21029767.795
9 15 182859794.094
9 16 106800919.972
9 17 38741234.731
9 18 42169817.717
9 19 32755426.240
10 0 278375357.188
10 1 47118612.006
10 2 65238862.159
10 3 91569271.691
10 4 38036226.656
10 5 20858722.834
10 6 76552282.872
10 7 40158770.217
10 8 143985104.348
10 9 10425819.836
10 11 22189533.607
10 12 500337834.763
10 13 31997207.764
10 14 87033612.155
10 15 414796036.344
10 16 243888194.142
10 17 33970020.216
10 18 14815717.676
10 19 187112569.525
11 0 330605177.646
11 1 29246777.056
11 2 35493952.378
11 3 96654529.207
11 4 36864877.289
11 5 94387448.427
11 6 89383382.142
11 7 76863966.370
11 8 90273147.139
11 9 30431443.582
11 10 21447066.981
11 12 311715512.154
11 13 32429716.622
11 14 84971636.656
11 15 223656307.332
11 16 41405004.366
11 17 12959599.211
11 18 50545802.372
11 19 110677346.874
12 0 2258487053.877
12 1 302279107.554
12 2 454232237.976
12 3 447550954.004
12 4 150901803.810
12 5 658941854.557
12 6 287069086.878
12 7 158927662.627
12 8 838076836.350
12 9 233278149.518
12 10 84736159.692
12 11 312142899.351
12 13 78375686.183
12 14 665079044.869
12 15 473666166.379
12 16 713980643.741
12 17 589489266.618
12 18 498125113.303
12 19 351656876.346
13 0 78094604.664
13 1 21519517.895
13 2 45502025.015
13 3 54132047.284
13 4 17171117.627
13 5 15986413.756
13 6 21492041.900
13 7 24468466.292
13 8 52584492.923
13 9 2489938.319
13 10 12740078.534
13 11 40179531.925
13 12 271623277.039
13 14 44690837.626
13 15 65983481.821
13 16 84959021.160
13 17 35534488.208
13 18 48400459.362
13 19 101830245.001
14 0 142750575.178
14 1 10005328.896
14 2 21333571.235
14 3 82500470.958
14 4 14883852.465
14 5 33652429.077
14 6 17017430.830
14 7 81379548.211
14 8 130754335.727
14 9 8053700.965
14 10 64690615.334
14 11 36683032.807
14 12 588960429.560
14 13 35248267.111
14 15 437520545.840
14 16 30857365.199
14 17 59080450.053
14 18 40658415.648
14 19 92348748.647
15 0 727529058.143
15 1 60162458.801
15 2 91525287.080
15 3 82073056.931
15 4 139466981.276
15 5 33338401.272
15 6 331686939.106
15 7 108267444.682
15 8 284089980.418
15 9 113719944.005
15 10 317444431.394
15 11 434388832.288
15 12 3097095486.716
15 13 111704629.120
15 14 286811907.589
15 16 652696405.047
15 17 196389483.402
15 18 83739284.143
15 19 676991687.842
16 0 165003146.399
16 1 109337222.667
16 2 122393368.089
16 3 294633326.884
16 4 121966897.538
16 5 235335597.974
16 6 67312302.041
16 7 151265042.087
16 8 44590408.584
16 9 28975419.155
16 10 115068917.306
16 11 231674758.360
16 12 1495474813.837
16 13 96880007.396
16 14 191927663.617
16 15 352695647.727
16 17 37268600.865
16 18 164067791.996
16 19 527959418.952
17 0 300453979.685
17 1 14631864.467
17 2 37767776.234
17 3 75598915.667
17 4 20737722.101
17 5 93164322.818
17 6 66233314.940
17 7 20158304.414
17 8 133672495.312
17 9 36258826.083
17 10 77359602.782
17 11 42927675.569
17 12 536720420.985
17 13 29560925.580
17 14 81561546.516
17 15 171542909.741
17 16 36035466.377
17 18 25619091.249
17 19 162878934.397
18 0 147137453.252
18 1 46559365.983
18 2 72293632.175
18 3 142108896.642
18 4 20477840.237
18 5 31275226.997
18 6 71445626.023
18 7 69147984.046
18 8 9407248.423
18 9 16260996.846
18 10 14524048.386
18 11 30059856.752
18 12 579626696.374
18 13 31166764.032
18 14 58537742.029
18 15 353040107.880
18 16 197164188.915
18 17 76445229.565
18 19 226149927.730
19 0 573703814.132
19 1 119192938.359
19 2 165994807.389
19 3 311714636.499
19 4 65178606.313
19 5 204493591.583
19 6 63937147.535
19 7 211252362.443
19 8 193784930.467
19 9 112883758.016
19 10 21452185.865
19 11 199124622.664
19 12 422453270.825
19 13 70436536.644
19 14 236388843.613
19 15 115404367.203
19 16 578698742.301
19 17 91831728.956
19 18 205349032.315
