380
0 1 68872482.755
0 2 297860586.306
0 3 371189294.022
0 4 131037343.253
0 5 126525544.915
0 6 305699331.005
0 7 128254859.399
0 8 222269834.260
0 9 120325424.330
0 10 222179152.904
0 11 52641326.802
0 12 1515578963.058
0 13 131318833.370
0 14 145030192.643
0 15 949021554.090
0 16 675465117.003
0 17 160574350.583
0 18 195312262.828
0 19 62146261.164
1 0 82617141.191
1 2 45442680.215
1 3 68601027.779
1 4 11407964.368
1 5 17861783.509
1 6 19135983.191
1 7 10657329.206
1 8 43142832.798
1 9 24241346.887
1 10 12069812.179
1 11 23586609.594
1 12 322770741.614
1 13 20081916.423
1 14 46198494.329
1 15 63846344.653
1 16 86244141.500
1 17 19673520.737
1 18 13280716.896
1 19 73558213.762
2 0 266659021.142
2 1 35419226.045
2 3 25725107.712
2 4 7636450.315
2 5 45563526.683
2 6 7957279.141
2 7 23054889.843
2 8 145291859.730
2 9 47066056.628
2 10 62120068.037
2 11 59834868.724
2 12 207647839.921
2 13 27392160.427
2 14 8022060.819
2 15 323183153.338
2 16 213880196.137
2 17 73634566.347
2 18 30781142.284
2 19 161568449.768
3 0 334312282.994
3 1 30377586.339
3 2 77193784.464
3 4 37320854.437
3 5 86281207.524
3 6 29909615.342
3 7 28528312.147
3 8 139867384.781
3 9 11247824.669
3 10 13594088.177
3 11 81730293.410
3 12 111064297.446
3 13 21479271.776
3 14 141973925.874
3 15 45400471.484
3 16 180127753.822
3 17 105506202.903
3 18 70519128.066
3 19 284765406.186
4 0 104572610.658
4 1 24455705.396
4 2 25762506.191
4 3 37339603.708
4 5 23378090.866
4 6 9646391.815
4 7 46777634.720
4 8 43071826.921
4 9 15610350.587
4 10 9379178.471
4 11 13122689.106
4 12 231006130.871
4 13 2539544.791
4 14 34515726.168
4 15 132163136.449
4 16 41569677.635
4 17 3425024.542
4 18 46111496.298
4 19 95237723.071
5 0 302760760.768
5 1 25115672.500
5 2 25288242.208
5 3 88332351.378
5 4 39377957.108
5 6 53103262.145
5 7 68278095.480
5 8 17130094.505
5 9 10108221.820
5 10 77617994.280
5 11 95689078.062
5 12 656915759.033
5 13 47602797.831
5 14 91243946.360
5 15 269264823.502
5 16 131166447.845
5 17 55589501.689
5 18 32142740.649
5 19 138618707.313
6 0 187357598.810
6 1 24731425.260
6 2 54861237.333
6 3 125595311.640
6 4 44341519.152
6 5 14828150.174
6 7 11873261.073
6 8 61106628.000
6 9 19600882.468
6 10 80031431.352
6 11 25054530.925
6 12 626459310.522
6 13 8505897.650
6 14 38139578.596
6 15 334440578.509
6 16 55263722.926
6 17 83964297.309
6 18 66974106.814
6 19 108046713.042
7 0 22073589.202
7 1 24954737.179
7 2 86411410.002
7 3 84911942.410
7 4 5993565.157
7 5 89804706.671
7 6 58275060.533
7 8 22697063.255
7 9 24479187.484
7 10 92435300.037
7 11 53842649.610
7 12 205212512.222
7 13 9062972.419
7 14 49340802.812
7 15 152647569.370
7 16 36673566.481
7 17 12150586.514
7 18 30953129.909
7 19 66228955.842
8 0 119219273.872
8 1 10382787.926
8 2 16393513.851
8 3 183452477.163
8 4 39984526.449
8 5 11820736.155
8 6 66003611.385
8 7 96579541.098
8 9 67406293.381
8 10 79352232.184
8 11 54960041.816
8 12 691550429.159
8 13 11515516.039
8 14 28144419.778
8 15 277907645.968
8 16 110361159.018
8 17 50887158.256
8 18 134305427.333
8 19 365598662.292
9 0 102579762.654
9 1 11832431.473
9 2 24531053.020
9 3 34965731.668
9 4 6383939.186
9 5 33862177.329
9 6 18135796.657
9 7 36254382.573
9 8 22412277.428
9 10 29325382.970
9 11 31250591.757
9 12 189081959.968
9 13 9503986.559
9 14 9227366.450
9 15 104890471.801
9 16 26313707.628
9 17 17393556.343
9 18 33455364.099
9 19 36058464.504
10 0 147484137.197
10 1 42071341.585
10 2 96608027.649
10 3 144950223.584
10 4 6600481.267
10 5 80152290.273
10 6 8016791.355
10 7 54089028.866
10 8 141934163.124
10 9 45951655.608
10 11 71496257.009
10 12 291107203.417
10 13 20381515.010
10 14 80856438.532
10 15 76603283.581
10 16 96580428.477
10 17 51015572.751
10 18 65863413.837
10 19 132596512.369
11 0 186650339.977
11 1 40149866.248
11 2 52506728.524
11 3 12877349.795
11 4 15763581.915
11 5 44424264.644
11 6 81144962.029
11 7 94332708.364
11 8 91668596.076
11 9 19752089.152
11 10 68812433.499
11 12 521333854.695
11 13 31891061.226
11 14 42208617.821
11 15 170208393.275
11 16 29270194.928
11 17 90079996.070
11 18 47232030.212
11 19 129330904.280
12 0 390648660.029
12 1 128193531.727
12 2 452364334.201
12 3 1003712006.410
12 4 118835740.036
12 5 649071751.403
12 6 215053549.044
12 7 314511973.542
12 8 746405917.379
12 9 280108432.107
12 10 444487166.950
12 11 101273309.700
12 13 162066953.489
12 14 667229415.393
12 15 400121679.999
12 16 577811352.754
12 17 355993504.397
12 18 387167745.839
12 19 522347012.855
13 0 97976936.199
13 1 9586993.705
13 2 41490138.383
13 3 71404882.804
13 4 16934653.685
13 5 5660234.152
13 6 20198703.385
13 7 27000925.629
13 8 12995758.194
13 9 14361407.188
13 10 29434859.871
13 11 43623644.359
13 12 254237582.714
13 14 4441677.687
13 15 143868720.724
13 16 103800260.241
13 17 33709834.095
13 18 44953776.283
13 19 23413040.222
14 0 154783861.960
14 1 9231158.569
14 2 47951507.355
14 3 132841173.160
14 4 28664991.742
14 5 72046458.264
14 6 62420776.269
14 7 68490365.915
14 8 49739529.659
14 9 22278098.425
14 10 41595098.442
14 11 28832577.131
14 12 392788360.643
14 13 34714778.223
14 15 353219964.247
14 16 240080690.138
14 17 36599537.195
14 18 30445226.615
14 19 77827033.802
15 0 1280337722.408
15 1 59596204.147
15 2 286945731.146
15 3 219586661.386
15 4 64549001.397
15 5 252741469.729
15 6 437880835.206
15 7 182444835.012
15 8 506332718.729
15 9 17804287.763
15 10 140722065.107
15 11 214433955.603
15 12 2833496000.676
15 13 188054325.907
15 14 374732176.239
15 16 536122077.182
15 17 319922206.384
15 18 435192207.848
15 19 522159464.162
16 0 190108573.093
16 1 113463576.086
16 2 220423193.395
16 3 322420725.047
16 4 34220441.349
16 5 97723013.232
16 6 89460105.059
16 7 191099059.813
16 8 364804054.375
16 9 19230675.244
16 10 56978381.550
16 11 217910602.889
16 12 1282179637.132
16 13 54809326.644
16 14 96202115.702
16 15 286444781.984
16 17 49156057.366
16 18 190829537.453
16 19 503713907.639
17 0 104251708.689
17 1 11908747.423
17 2 20246810.139
17 3 83855853.383
17 4 24069940.116
17 5 23377029.417
17 6 91615129.166
17 7 42935819.649
17 8 109048296.920
17 9 17758856.498
17 10 75242226.873
17 11 70971189.133
17 12 466997244.528
17 13 28733806.521
17 14 37839524.337
17 15 137162058.082
17 16 61170804.485
17 18 36647370.717
17 19 32379491.216
18 0 127087476.201
18 1 3126872.002
18 2 40555816.412
18 3 9782323.256
18 4 19135574.869
18 5 59929358.973
18 6 41497321.564
18 7 12541544.854
18 8 57278520.617
18 9 33846234.657
18 10 88338879.568
18 11 7448178.925
18 12 601131560.807
18 13 14557995.360
18 14 51789114.503
18 15 103764191.774
18 16 140437159.205
18 17 43677193.993
18 19 112143682.861
19 0 140912866.295
19 1 73718491.767
19 2 194271040.136
19 3 286348224.819
19 4 53755821.603
19 5 150862906.738
19 6 238578644.939
19 7 63760357.201
19 8 269441747.599
19 9 96223995.650
19 10 191891413.518
19 11 47602720.039
19 12 1294316994.007
19 13 41200713.189
19 14 32076912.615
19 15 628495378.497
19 16 210218542.685
19 17 217431862.862
19 18 118576665.049
