380
0 1 15860692.204
0 2 123986373.921
0 3 317743751.034
0 4 68547450.406
0 5 193113004.400
0 6 207881178.802
0 7 160674702.776
0 8 156347056.643
0 9 119438936.857
0 10 202902641.793
0 11 301545284.524
0 12 1005202764.832
0 13 44027161.841
0 14 84866399.916
0 15 1335473803.841
0 16 599790095.338
0 17 234443093.105
0 18 266307939.050
0 19 57325360.613
1 0 24937324.757
1 2 15456524.740
1 3 23374937.559
1 4 6762968.144
1 5 8171887.689
1 6 36218219.390
1 7 8083265.045
1 8 58443684.948
1 9 22696881.005
1 10 38966410.071
1 11 48457384.233
1 12 324833828.199
1 13 22363146.094
1 14 32847224.852
1 15 181364909.697
1 16 99400318.414
1 17 21854013.247
1 18 38290766.328
1 19 111262993.456
2 0 284901922.048
2 1 32356624.070
2 3 14524575.526
2 4 39049568.953
2 5 49563349.581
2 6 76888825.394
2 7 40352497.856
2 8 88160458.853
2 9 41666236.458
2 10 63709977.745
2 11 54902643.644
2 12 236487813.351
2 13 33758423.961
2 14 20987039.991
2 15 113830253.373
2 16 71464299.838
2 17 63715664.973
2 18 8028542.789
2 19 144825702.465
3 0 431294259.031
3 1 15322413.209
3 2 122758302.655
3 4 43188730.325
3 5 131806538.527
3 6 129667263.036
3 7 141372041.070
3 8 187157576.070
3 9 67641164.261
3 10 52508818.309
3 11 66274656.300
3 12 299062298.957
3 13 53425053.450
3 14 22275855.070
3 15 283165446.363
3 16 216962599.580
3 17 63477633.211
3 18 135590529.071
3 19 263303847.584
4 0 88675235.699
4 1 3847052.031
4 2 12436648.340
4 3 44653631.692
4 5 10216944.365
4 6 28943726.099
4 7 3375370.421
4 8 65638111.750
4 9 6133268.714
4 10 36951538.275
4 11 13456178.663
4 12 187180616.664
4 13 5654744.465
4 14 19629651.307
4 15 205247983.991
4 16 113402188.571
4 17 3201030.856
4 18 14960194.324
4 19 60755359.810
5 0 227474554.405
5 1 8137772.948
5 2 44714699.295
5 3 13754114.910
5 4 23775776.618
5 6 20108979.664
5 7 52746668.253
5 8 128566160.081
5 9 10699122.211
5 10 71975282.067
5 11 93409390.641
5 12 291043662.594
5 13 43649817.973
5 14 20168612.235
5 15 198603208.641
5 16 185420394.026
5 17 95924138.112
5 18 44130215.668
5 19 109575161.516
6 0 39026680.337
6 1 33881986.202
6 2 68219665.604
6 3 27522410.157
6 4 5792364.258
6 5 50435865.517
6 7 51537207.963
6 8 73617871.385
6 9 14367798.371
6 10 55263284.327
6 11 72790729.790
6 12 239247369.891
6 13 15697570.693
6 14 78934189.472
6 15 263615114.208
6 16 142511167.842
6 17 56521144.243
6 18 11989161.047
6 19 158300469.296
7 0 125247462.742
7 1 32475062.625
7 2 60629624.209
7 3 127883314.526
7 4 44751547.853
7 5 90061019.577
7 6 24972713.833
7 8 33696509.343
7 9 42879794.284
7 10 85564331.921
7 11 82026954.667
7 12 267232280.503
7 13 3152170.746
7 14 84865376.209
7 15 229408938.542
7 16 17478770.999
7 17 37822100.454
7 18 98012120.264
7 19 46403244.160
8 0 303618243.903
8 1 7999114.987
8 2 97297865.495
8 3 202134078.746
8 4 17166068.802
8 5 19363611.787
8 6 97132239.417
8 7 85058533.694
8 9 13911644.993
8 10 61967402.739
8 11 50801610.359
8 12 926718864.042
8 13 58871060.616
8 14 69581574.362
8 15 649570371.182
8 16 205470460.905
8 17 124550663.380
8 18 114067112.940
8 19 115258609.676
9 0 87702472.221
9 1 19419347.989
9 2 45284374.870
9 3 29026526.456
9 4 16242973.253
9 5 24103506.720
9 6 22088579.391
9 7 45488585.156
9 8 45265049.671
9 10 41995612.363
9 11 25626228.989
9 12 25702593.579
9 13 16485897.309
9 14 22136739.591
9 15 198384841.413
9 16 54886419.227
9 17 19602407.435
9 18 29389509.025
9 19 12392553.302
10 0 106423116.817
10 1 14443726.717
10 2 12969772.558
10 3 48824272.640
10 4 46464078.046
10 5 71852118.447
10 6 28094967.005
10 7 23135676.006
10 8 110968201.683
10 9 44697964.404
10 11 57989897.729
10 12 88626490.635
10 13 47106855.380
10 14 58503429.029
10 15 27704417.246
10 16 85382841.463
10 17 11680855.529
10 18 68884727.577
10 19 45416342.419
11 0 46107716.102
11 1 13619556.623
11 2 20800383.717
11 3 82992546.122
11 4 4767768.730
11 5 91744893.059
11 6 38156073.549
11 7 80986123.752
11 8 48289099.315
11 9 47005261.806
11 10 26464216.874
11 12 365796966.843
11 13 26211427.907
11 14 47657707.201
11 15 294130680.273
11 16 120586326.633
11 17 91485897.198
11 18 33612919.034
11 19 91676181.446
12 0 1458526073.323
12 1 248245724.890
12 2 655914167.724
12 3 205391278.733
12 4 134605928.638
12 5 403713296.833
12 6 307280659.838
12 7 519258233.525
12 8 793362284.668
12 9 144853950.950
12 10 457698062.358
12 11 210703674.059
12 13 86287924.261
12 14 166343578.051
12 15 2479288675.535
12 16 573934094.470
12 17 388825031.960
12 18 70124406.222
12 19 744413510.050
13 0 75291299.955
13 1 7889748.929
13 2 14223310.078
13 3 62775391.217
13 4 3076279.565
13 5 22405350.552
13 6 9217681.523
13 7 46295003.086
13 8 69486848.742
13 9 13545907.843
13 10 24967357.885
13 11 12637998.691
13 12 184447738.004
13 14 33030851.481
13 15 55255577.560
13 16 117596651.445
13 17 48674788.257
13 18 13525571.884
13 19 118016929.304
14 0 322824146.543
14 1 45222529.853
14 2 19679109.787
14 3 24508867.388
14 4 46731559.940
14 5 92023286.720
14 6 88335376.577
14 7 31924629.479
14 8 116601277.228
14 9 16426150.858
14 10 52624234.557
14 11 87811817.973
14 12 421484133.894
14 13 25068003.790
14 15 401024602.487
14 16 138915568.455
14 17 49438860.983
14 18 44289527.340
14 19 97721386.831
15 0 582348559.393
15 1 90729491.779
15 2 381284290.331
15 3 426334445.485
15 4 217212057.584
15 5 135308427.667
15 6 382559251.940
15 7 106066454.044
15 8 124332850.193
15 9 166780363.507
15 10 272833610.018
15 11 269761960.912
15 12 304837759.163
15 13 126332197.209
15 14 222559739.455
15 16 612676128.004
15 17 392974138.522
15 18 226013567.464
15 19 452033475.642
16 0 321375620.619
16 1 67835036.925
16 2 180574544.578
16 3 238893803.566
16 4 40141080.364
16 5 26840707.763
16 6 193291346.506
16 7 215772071.290
16 8 93683183.603
16 9 103606076.197
16 10 25985330.513
16 11 192157591.751
16 12 1695562384.207
16 13 77457642.264
16 14 21913915.402
16 15 359778358.465
16 17 77945661.314
16 18 27305956.198
16 19 145563935.255
17 0 332849469.549
17 1 15434199.073
17 2 72056182.200
17 3 107406592.592
17 4 4754583.813
17 5 75641760.621
17 6 22424534.874
17 7 65465388.580
17 8 79210005.899
17 9 27833123.613
17 10 66297543.013
17 11 79921357.319
17 12 605020236.032
17 13 7154975.688
17 14 77254389.862
17 15 351058475.785
17 16 178790116.576
17 18 27086154.490
17 19 215393123.898
18 0 256202875.751
18 1 32047572.891
18 2 47810391.440
18 3 86359223.294
18 4 23736002.377
18 5 82083318.962
18 6 41333172.732
18 7 88446076.559
18 8 133744929.053
18 9 31879119.764
18 10 9582818.571
18 11 39224411.933
18 12 467599687.280
18 13 18258511.700
18 14 23285314.116
18 15 109981836.315
18 16 127611604.388
18 17 12250598.272
18 19 27779115.878
19 0 199776524.838
19 1 69037988.909
19 2 231241818.726
19 3 230143311.605
19 4 23725064.565
19 5 232293145.993
19 6 228994392.475
19 7 218271736.097
19 8 171759580.239
19 9 10168416.488
19 10 101871118.022
19 11 50409561.580
19 12 1035692235.436
19 13 76212363.306
19 14 113655242.899
19 15 447368538.714
19 16 204847439.593
19 17 66967790.320
19 18 108046493.416
