380
0 1 22823023.075
0 2 104563146.747
0 3 398527593.465
0 4 158802865.133
0 5 242298235.902
0 6 105298484.780
0 7 295324292.328
0 8 197345288.969
0 9 56643078.960
0 10 128015861.485
0 11 330640018.486
0 12 1270511790.999
0 13 124627077.961
0 14 313815011.753
0 15 1432896323.766
0 16 530312760.836
0 17 261894416.787
0 18 120503744.990
0 19 830551790.719
1 0 98796632.088
1 2 35662639.706
1 3 17824095.047
1 4 6728168.782
1 5 28565257.509
1 6 43232809.603
1 7 8923600.150
1 8 54509000.539
1 9 10285919.441
1 10 33554023.106
1 11 32948319.177
1 12 78325305.680
1 13 16050714.129
1 14 13457803.580
1 15 118690839.256
1 16 93574102.733
1 17 11343319.222
1 18 34169733.293
1 19 96347349.374
2 0 171828481.964
2 1 37913071.150
2 3 147390731.613
2 4 15308774.624
2 5 63707963.858
2 6 74746658.726
2 7 16978117.659
2 8 53412193.843
2 9 46830442.166
2 10 75093646.227
2 11 80826199.677
2 12 105359341.426
2 13 8567925.180
2 14 43017758.488
2 15 186206701.545
2 16 72583697.818
2 17 47722424.116
2 18 53639660.226
2 19 76060965.560
3 0 317221340.466
3 1 23424589.646
3 2 10254847.467
3 4 29566608.521
3 5 25791473.145
3 6 127103021.151
3 7 123467470.082
3 8 75582351.081
3 9 27185266.439
3 10 121171013.911
3 11 140481431.000
3 12 955784025.027
3 13 60134059.196
3 14 126835030.435
3 15 137213279.425
3 16 249797063.818
3 17 78182487.444
3 18 17582579.949
3 19 350073601.129
4 0 114779073.956
4 1 23032778.677
4 2 9523067.080
4 3 7399598.740
4 5 45085988.047
4 6 7015671.276
4 7 29403828.577
4 8 32841538.168
4 9 7676312.277
4 10 40328529.556
4 11 10901728.441
4 12 193944922.501
4 13 16752560.767
4 14 22748783.938
4 15 67180465.198
4 16 108245028.534
4 17 37170240.291
4 18 22798994.509
4 19 97936775.301
5 0 149343832.439
5 1 4064101.235
5 2 85607184.253
5 3 45476460.876
5 4 26577644.863
5 6 48189742.352
5 7 59255532.418
5 8 79607438.284
5 9 22003050.685
5 10 12483150.198
5 11 92741917.039
5 12 445325288.021
5 13 37994484.936
5 14 19996741.841
5 15 306782146.942
5 16 77264052.109
5 17 58681379.110
5 18 71746750.816
5 19 40759382.099
6 0 166656367.557
6 1 4670383.488
6 2 16804558.170
6 3 87464751.931
6 4 20458930.421
6 5 46402699.660
6 7 49757634.681
6 8 99984798.521
6 9 5064043.246
6 10 92387789.308
6 11 96128907.573
6 12 632345867.156
6 13 23777411.207
6 14 44475957.766
6 15 208500006.015
6 16 15615775.668
6 17 65287838.779
6 18 32758485.791
6 19 221975741.200
7 0 157951783.042
7 1 17583399.637
7 2 40406659.377
7 3 124489384.349
7 4 10430880.130
7 5 40421615.325
7 6 87125855.420
7 8 79664592.905
7 9 4190109.051
7 10 43248703.993
7 11 41801878.848
7 12 319975202.411
7 13 30584342.687
7 14 50196953.466
7 15 126609824.137
7 16 146971307.859
7 17 63897109.161
7 18 51030349.161
7 19 162351574.682
8 0 450343674.832
8 1 41856991.131
8 2 54526036.877
8 3 62935370.699
8 4 51944659.211
8 5 87716412.723
8 6 66624401.174
8 7 13102993.212
8 9 68489339.270
8 10 48759573.993
8 11 85974025.457
8 12 970478795.676
8 13 18991318.839
8 14 34066336.699
8 15 347726384.876
8 16 278070180.117
8 17 13989911.111
8 18 123338641.560
8 19 105278383.466
9 0 160554472.929
9 1 12269920.223
9 2 22978044.300
9 3 25402048.864
9 4 18141332.197
9 5 40843239.417
9 6 38739798.136
9 7 25268859.237
9 8 7223781.755
9 10 43642021.246
9 11 33549955.238
9 12 283114461.484
9 13 8134611.605
9 14 37454809.607
9 15 104883124.824
9 16 92323752.363
9 17 43266927.438
9 18 25201422.131
9 19 94929113.829
10 0 219499411.860
10 1 47213049.674
10 2 80201249.484
10 3 91033983.005
10 4 20365971.289
10 5 95095883.604
10 6 97393445.368
10 7 51565201.951
10 8 117717198.615
10 9 5110848.251
10 11 48588335.394
10 12 422015362.041
10 13 8771612.845
10 14 37154298.844
10 15 390011485.230
10 16 147384409.781
10 17 20445818.838
10 18 65877656.484
10 19 72334148.946
11 0 168784047.098
11 1 29072596.722
11 2 13249762.053
11 3 38076173.731
11 4 8897145.620
11 5 21250416.412
11 6 53844354.866
11 7 12933132.290
11 8 136668188.168
11 9 33942469.622
11 10 65446604.881
11 12 448853737.879
11 13 11623590.165
11 14 88894780.646
11 15 31853626.865
11 16 86137648.215
11 17 93354475.675
11 18 28539684.813
11 19 62678925.209
12 0 1560212836.319
12 1 103182013.481
12 2 620213360.432
12 3 1013909148.912
12 4 190318324.953
12 5 588012701.260
12 6 382547988.625
12 7 49391265.886
12 8 345943967.968
12 9 292322606.315
12 10 571465240.696
12 11 293565813.781
12 13 232018848.164
12 14 327225178.663
12 15 2828401175.928
12 16 406951339.494
12 17 530991439.391
12 18 257590613.554
12 19 1450208309.053
13 0 149467040.715
13 1 4653641.155
13 2 12502346.771
13 3 53137361.051
13 4 5608735.724
13 5 44241278.941
13 6 11755959.841
13 7 17924459.268
13 8 35453374.161
13 9 13536941.684
13 10 11077134.475
13 11 15291847.326
13 12 183290825.465
13 14 47830482.643
13 15 162539669.624
13 16 98634020.838
13 17 41498623.777
13 18 44193876.094
13 19 117383025.999
14 0 57007341.909
14 1 11364128.253
14 2 18342099.701
14 3 55017013.409
14 4 43864242.167
14 5 54321429.230
14 6 72544559.816
14 7 75194864.859
14 8 47337352.856
14 9 46068682.612
14 10 68485270.935
14 11 62177860.997
14 12 375805201.896
14 13 29791603.326
14 15 308297147.751
14 16 23193986.638
14 17 69243830.364
14 18 31580600.825
14 19 163567890.999
15 0 102886707.639
15 1 117820334.787
15 2 101659420.289
15 3 259721358.159
15 4 205680116.080
15 5 151674751.000
15 6 111629485.903
15 7 116591230.273
15 8 495050620.690
15 9 191295366.236
15 10 103563656.432
15 11 61701347.218
15 12 1182266501.420
15 13 26588020.471
15 14 299540230.745
15 16 482171565.218
15 17 211019770.012
15 18 345932734.982
15 19 791892274.232
16 0 161321066.227
16 1 50358506.110
16 2 179624371.426
16 3 303039898.803
16 4 10684395.131
16 5 137369510.896
16 6 100727495.283
16 7 59308769.391
16 8 364659293.606
16 9 56319799.176
16 10 49112416.720
16 11 235319808.573
16 12 1174158899.836
16 13 59303661.425
16 14 73742996.799
16 15 857286146.865
16 17 74349968.342
16 18 229558173.596
16 19 49665348.083
17 0 226778933.365
17 1 35232634.910
17 2 57720697.910
17 3 51051997.715
17 4 21944626.421
17 5 64210745.662
17 6 67456215.968
17 7 37479264.361
17 8 59894603.869
17 9 14445057.953
17 10 16826960.401
17 11 8362470.491
17 12 270421461.479
17 13 33893083.242
17 14 14062757.251
17 15 68704203.128
17 16 226612055.215
17 18 94106695.123
17 19 226801247.213
18 0 137018657.126
18 1 25576498.157
18 2 6914858.422
18 3 25464616.477
18 4 11211483.814
18 5 41370366.514
18 6 22284148.691
18 7 7327335.102
18 8 33625668.952
18 9 14091436.815
18 10 38854963.215
18 11 21044250.059
18 12 383327880.506
18 13 17148299.691
18 14 44113469.095
18 15 233923960.643
18 16 58053245.766
18 17 51815805.839
18 19 47303030.626
19 0 732934758.121
19 1 83516190.702
19 2 111856650.577
19 3 47859853.423
19 4 106426277.517
19 5 56463903.676
19 6 101683971.456
19 7 145840419.168
19 8 288544282.477
19 9 62784059.504
19 10 82891879.081
19 11 51910157.666
19 12 417334041.149
19 13 20215590.699
19 14 121966927.759
19 15 774871834.342
19 16 584422611.120
19 17 19962472.710
19 18 49592764.087
