380
0 1 148005330.250
0 2 162134809.476
0 3 118289816.551
0 4 67889118.615
0 5 110942725.470
0 6 48905408.389
0 7 107123217.981
0 8 206364572.712
0 9 134852886.985
0 10 262157306.328
0 11 140610615.464
0 12 956212128.969
0 13 104382925.129
0 14 43442391.306
0 15 927367028.858
0 16 768475572.585
0 17 261993278.867
0 18 243805387.861
0 19 302821073.493
1 0 134876586.539
1 2 18458945.994
1 3 27679576.648
1 4 13348389.517
1 5 41764659.755
1 6 4180748.683
1 7 20287831.878
1 8 18367994.345
1 9 22862964.095
1 10 15609377.200
1 11 16645635.665
1 12 68030872.314
1 13 22262569.166
1 14 39023639.425
1 15 139243717.096
1 16 56243616.582
1 17 8080886.421
1 18 32573405.348
1 19 45105115.356
2 0 110024600.736
2 1 27649051.879
2 3 48067012.871
2 4 28758015.932
2 5 17634772.125
2 6 26061155.791
2 7 94424605.565
2 8 43176095.148
2 9 30529899.102
2 10 38089242.233
2 11 33204854.692
2 12 161632816.363
2 13 8691592.571
2 14 9364598.472
2 15 227006753.561
2 16 56431937.298
2 17 52749925.374
2 18 73022269.242
2 19 204173961.069
3 0 414000469.527
3 1 38584021.201
3 2 67934671.513
3 4 5176717.173
3 5 126879166.991
3 6 69966731.605
3 7 101183160.116
3 8 56692065.353
3 9 35929690.444
3 10 117007974.539
3 11 58881047.033
3 12 249916940.569
3 13 47365768.153
3 14 41441310.647
3 15 353677839.761
3 16 266378254.525
3 17 86368472.714
3 18 108713479.019
3 19 239495922.474
4 0 59086427.870
4 1 11486930.207
4 2 9718960.570
4 3 41207446.420
4 5 22904846.964
4 6 22980114.159
4 7 13371582.137
4 8 49077706.354
4 9 8527222.135
4 10 12035833.010
4 11 31101672.026
4 12 244160921.286
4 13 21292315.992
4 14 3413046.329
4 15 40927723.039
4 16 76075422.750
4 17 8209530.445
4 18 5001748.539
4 19 94541381.326
5 0 221624386.399
5 1 29144541.551
5 2 28541298.063
5 3 105081380.213
5 4 9814004.636
5 6 81961827.517
5 7 55528077.827
5 8 89390370.078
5 9 22509955.103
5 10 55044468.562
5 11 72018300.300
5 12 659671592.497
5 13 12276063.780
5 14 34685742.419
5 15 245512644.795
5 16 226464182.090
5 17 55249042.072
5 18 86999638.093
5 19 190995723.072
6 0 176596319.928
6 1 12800769.230
6 2 82979728.878
6 3 48726736.171
6 4 29543371.811
6 5 31997718.695
6 7 6760872.879
6 8 107016436.447
6 9 34869728.177
6 10 41337198.270
6 11 63798328.605
6 12 552340886.154
6 13 7514802.251
6 14 59701045.854
6 15 377542996.877
6 16 68607972.083
6 17 41635616.661
6 18 55639735.783
6 19 78002696.774
7 0 79916523.017
7 1 46037322.204
7 2 71249958.327
7 3 79834419.204
7 4 16587505.140
7 5 82294581.791
7 6 12266439.683
7 8 49461493.976
7 9 33251930.466
7 10 79219426.249
7 11 26650325.208
7 12 87708424.440
7 13 34707194.919
7 14 93887664.792
7 15 281669703.691
7 16 32491842.417
7 17 36792607.762
7 18 7673311.319
7 19 27152683.593
8 0 497218790.636
8 1 25234234.103
8 2 104045446.384
8 3 55561343.871
8 4 12084535.471
8 5 83831854.085
8 6 18159375.620
8 7 17548138.928
8 9 12419064.326
8 10 55643469.863
8 11 23092033.958
8 12 640312975.595
8 13 71969647.351
8 14 26197021.450
8 15 324686493.604
8 16 28073981.093
8 17 138188540.143
8 18 136304601.152
8 19 338117549.475
9 0 30286316.150
9 1 22706142.617
9 2 10930520.882
9 3 16268486.833
9 4 22421664.117
9 5 19524830.250
9 6 48926854.249
9 7 30978983.497
9 8 34537570.749
9 10 44109654.173
9 11 40472235.579
9 12 293704504.143
9 13 13056332.062
9 14 20073049.149
9 15 101050086.373
9 16 7965554.753
9 17 20279720.986
9 18 13864584.781
9 19 65079457.752
10 0 164089589.143
10 1 19276506.260
10 2 69355995.327
10 3 61153506.959
10 4 29812668.512
10 5 11855402.672
10 6 41760829.411
10 7 79655768.216
10 8 141053675.629
10 9 41383201.897
10 11 47168043.824
10 12 114446457.262
10 13 12468416.958
10 14 32704347.226
10 15 212954083.806
10 16 55567222.644
10 17 90148639.861
10 18 54237681.103
10 19 204924489.962
11 0 326840336.781
11 1 25756631.315
11 2 44059715.518
11 3 109750339.905
11 4 37023731.644
11 5 24186751.192
11 6 17940324.227
11 7 94395042.853
11 8 32312104.032
11 9 27562834.362
11 10 42637538.554
11 12 421089031.227
11 13 40444154.689
11 14 57557607.858
11 15 356245446.836
11 16 67160801.485
11 17 64897637.434
11 18 70509128.492
11 19 31478858.034
12 0 1611787929.120
12 1 319667344.355
12 2 240211654.297
12 3 123306582.869
12 4 74061735.963
12 5 77701049.036
12 6 186352145.794
12 7 583027652.404
12 8 638240570.890
12 9 290720478.505
12 10 238206328.590
12 11 96918945.315
12 13 323897746.621
12 14 329246842.079
12 15 230554158.488
12 16 1479177415.085
12 17 285634546.890
12 18 611521105.303
12 19 228057142.722
13 0 109268378.373
13 1 4802429.426
13 2 21209047.218
13 3 15949353.780
13 4 12033784.170
13 5 34643368.501
13 6 22002404.847
13 7 38645931.795
13 8 40218085.511
13 9 18576003.013
13 10 21539786.264
13 11 29920248.529
13 12 338106790.765
13 14 20892352.566
13 15 182903918.362
13 16 73056795.227
13 17 12871973.961
13 18 26896327.390
13 19 62040344.209
14 0 288716592.976
14 1 36328351.682
14 2 73369350.797
14 3 133536338.830
14 4 33135559.688
14 5 6758117.529
14 6 58757541.088
14 7 38777456.633
14 8 121536361.445
14 9 34290778.160
14 10 42233534.405
14 11 64153314.250
14 12 197030452.179
14 13 40520074.860
14 15 106917713.048
14 16 215020992.510
14 17 90966304.771
14 18 40716270.601
14 19 81412502.918
15 0 188977250.550
15 1 215893978.526
15 2 86504321.477
15 3 443722096.940
15 4 135729164.624
15 5 376591438.258
15 6 256784543.816
15 7 255390647.695
15 8 314354660.578
15 9 32574469.128
15 10 129259826.587
15 11 348611287.459
15 12 2236450195.093
15 13 199659318.281
15 14 314202080.160
15 16 811406718.468
15 17 313966231.922
15 18 331421993.361
15 19 291059380.946
16 0 210139551.172
16 1 118828167.433
16 2 145605445.080
16 3 140825136.244
16 4 99026997.424
16 5 59122226.436
16 6 204211675.266
16 7 207750102.958
16 8 204350054.696
16 9 96402869.629
16 10 128555024.701
16 11 233970739.641
16 12 402443843.814
16 13 20259239.122
16 14 52588508.022
16 15 754327181.147
16 17 52610412.694
16 18 121335362.482
16 19 288069671.134
17 0 104431379.260
17 1 27497306.809
17 2 41090322.312
17 3 52791645.689
17 4 10042124.772
17 5 63276605.758
17 6 49488931.052
17 7 97099253.413
17 8 90204327.754
17 9 36059742.233
17 10 45181254.004
17 11 14489593.428
17 12 123468228.045
17 13 18410691.731
17 14 10960409.533
17 15 65523329.986
17 16 60803320.730
17 18 58165209.894
17 19 88501626.143
18 0 40268092.521
18 1 48235983.139
18 2 92585578.587
18 3 97403426.657
18 4 30206490.089
18 5 64408745.625
18 6 28335584.965
18 7 48313533.110
18 8 126006136.876
18 9 24091827.845
18 10 65356588.356
18 11 97501574.208
18 12 265171673.853
18 13 42985280.817
18 14 30711549.190
18 15 119610516.914
18 16 36138205.678
18 17 57821668.552
18 19 74893030.450
19 0 644981378.943
19 1 116137161.246
19 2 131420891.311
19 3 88935433.666
19 4 96211333.185
19 5 243222353.734
19 6 150018739.269
19 7 161315054.615
19 8 113696998.749
19 9 42384693.272
19 10 26880454.880
19 11 209187426.917
19 12 1506373313.631
19 13 71247406.998
19 14 91226604.525
19 15 327358579.791
19 16 101957563.077
19 17 153410559.676
19 18 158379668.321
