380
0 1 25961352.265
0 2 288534218.501
0 3 259295495.907
0 4 49004850.841
0 5 268524477.873
0 6 281263377.694
0 7 138322339.948
0 8 350262033.549
0 9 30104276.622
0 10 162552282.815
0 11 265775585.251
0 12 2191834489.649
0 13 154181932.597
0 14 128572543.836
0 15 1252603939.017
0 16 498466421.044
0 17 208682461.935
0 18 259377493.164
0 19 180720305.925
1 0 147084625.422
1 2 48051953.090
1 3 68595192.992
1 4 22806876.874
1 5 42195409.490
1 6 25253635.195
1 7 46292351.079
1 8 33983433.768
1 9 3667691.114
1 10 17249281.076
1 11 19554193.740
1 12 322610935.980
1 13 8815502.515
1 14 8397780.685
1 15 101082528.004
1 16 70009384.260
1 17 20169157.947
1 18 34428506.915
1 19 31813472.437
2 0 137676461.269
2 1 47983164.950
2 3 57362728.728
2 4 15541284.748
2 5 10029986.508
2 6 20752536.759
2 7 83681935.535
2 8 23003307.327
2 9 19735610.046
2 10 22398303.552
2 11 36579264.954
2 12 688114779.956
2 13 37464815.720
2 14 63304255.342
2 15 27744370.403
2 16 88353558.115
2 17 96744215.350
2 18 27327138.477
2 19 19793376.390
3 0 243471477.160
3 1 41504671.286
3 2 10869572.320
3 4 72215775.315
3 5 78545723.109
3 6 146239217.978
3 7 33759788.014
3 8 103372007.451
3 9 48653440.471
3 10 49271741.455
3 11 44039710.543
3 12 406382361.584
3 13 17094664.263
3 14 113459115.547
3 15 219676579.075
3 16 26255832.351
3 17 101828287.014
3 18 103692565.596
3 19 206805404.599
4 0 54926799.659
4 1 16102839.339
4 2 37126494.902
4 3 52899931.919
4 5 31031241.323
4 6 27180793.183
4 7 34826521.867
4 8 67280357.287
4 9 13347271.138
4 10 30558467.270
4 11 20872105.424
4 12 93529915.989
4 13 20790509.077
4 14 38822239.145
4 15 35281951.971
4 16 42867441.019
4 17 12727848.199
4 18 3082569.381
4 19 61741023.146
5 0 291973374.882
5 1 4164599.384
5 2 85299106.625
5 3 47570026.361
5 4 32947696.357
5 6 44970858.319
5 7 11672112.338
5 8 72415503.323
5 9 40874044.685
5 10 44845743.829
5 11 60736784.172
5 12 367922140.111
5 13 13422387.352
5 14 88994279.306
5 15 35268539.553
5 16 56590540.433
5 17 61869003.244
5 18 58936281.438
5 19 50934352.379
6 0 40129019.040
6 1 27926947.535
6 2 61130545.605
6 3 37889630.887
6 4 47808629.194
6 5 66141963.052
6 7 21961501.879
6 8 53196449.914
6 9 33283426.811
6 10 75112332.562
6 11 13604068.290
6 12 224521520.524
6 13 5651997.314
6 14 54857452.749
6 15 382992242.060
6 16 228578558.064
6 17 14440232.132
6 18 67034574.816
6 19 37267741.921
7 0 254166935.422
7 1 19854245.070
7 2 13973951.026
7 3 48822578.195
7 4 20349839.232
7 5 9597706.256
7 6 39970552.449
7 8 108790360.050
7 9 32402254.117
7 10 71897480.290
7 11 89150633.660
7 12 578687891.661
7 13 28880025.460
7 14 8552585.584
7 15 200816657.100
7 16 124032544.219
7 17 39456010.455
7 18 25078378.565
7 19 145184901.294
8 0 246665274.319
8 1 24061506.784
8 2 18241814.628
8 3 98429062.752
8 4 43835745.098
8 5 40784945.756
8 6 11533829.025
8 7 104821688.545
8 9 70367402.897
8 10 17691333.024
8 11 99423538.760
8 12 435792195.874
8 13 30993287.658
8 14 141788684.645
8 15 338216513.570
8 16 152706274.257
8 17 25706929.333
8 18 67299600.273
8 19 216564304.658
9 0 89617714.645
9 1 10162960.291
9 2 13590344.386
9 3 44191415.830
9 4 21906510.288
9 5 32041032.149
9 6 42452208.070
9 7 31386533.404
9 8 14506960.276
9 10 9801305.679
9 11 5220433.418
9 12 306601620.696
9 13 5435837.940
9 14 44654867.301
9 15 76595247.721
9 16 44475501.398
9 17 3424483.780
9 18 5209478.772
9 19 39152602.874
10 0 162854329.874
10 1 5988790.443
10 2 12957849.722
10 3 88814829.864
10 4 35214194.354
10 5 15715328.944
10 6 54336734.391
10 7 69892939.468
10 8 61641487.310
10 9 36007836.734
10 11 12291752.740
10 12 516010073.969
10 13 31179868.042
10 14 35817048.590
10 15 293286395.801
10 16 78768505.729
10 17 88080233.067
10 18 20701896.433
10 19 174132668.143
11 0 167717900.316
11 1 39433917.056
11 2 82672722.348
11 3 29153228.852
11 4 15571693.580
11 5 91785634.467
11 6 19360447.046
11 7 25149854.934
11 8 96255013.919
11 9 3160967.720
11 10 38915265.100
11 12 380168024.798
11 13 4642230.313
11 14 94495586.167
11 15 410009954.210
11 16 64457359.864
11 17 50665415.606
11 18 16137165.762
11 19 160721529.836
12 0 1838679270.431
12 1 65377759.728
12 2 509129197.546
12 3 588764137.014
12 4 316454349.660
12 5 547547584.755
12 6 667407569.406
12 7 292234773.518
12 8 343599875.534
12 9 113785139.624
12 10 321103535.307
12 11 442166838.565
12 13 217704695.648
12 14 146756021.877
12 15 1667237443.198
12 16 1231622430.078
12 17 67738447.564
12 18 291433355.806
12 19 1505049707.275
13 0 46166109.545
13 1 19697224.311
13 2 19325795.522
13 3 25222524.242
13 4 17115802.069
13 5 41326653.744
13 6 40783482.120
13 7 24270066.988
13 8 9233674.456
13 9 16108175.887
13 10 40466297.911
13 11 25508342.662
13 12 140343996.529
13 14 6791836.201
13 15 42528731.481
13 16 26598079.119
13 17 7584954.988
13 18 39146693.002
13 19 43641702.729
14 0 165092140.851
14 1 24656887.286
14 2 44564867.732
14 3 54194542.270
14 4 9238908.680
14 5 43277312.369
14 6 29102503.655
14 7 39387254.809
14 8 130100635.347
14 9 16199881.006
14 10 66302726.701
14 11 93619128.346
14 12 519754356.529
14 13 43591614.333
14 15 224522418.991
14 16 118606052.936
14 17 91905211.030
14 18 96962641.154
14 19 197378487.537
15 0 627530183.801
15 1 170864646.101
15 2 160443618.981
15 3 321921824.074
15 4 196235471.938
15 5 175873748.951
15 6 419959656.148
15 7 155364247.853
15 8 546382796.974
15 9 189979223.243
15 10 52814952.243
15 11 153914512.441
15 12 1969877400.755
15 13 184954988.866
15 14 330984503.215
15 16 955005234.053
15 17 177538485.934
15 18 281608694.762
15 19 1090889411.071
16 0 386449897.705
16 1 48105202.119
16 2 151072705.195
16 3 292606383.836
16 4 55971841.327
16 5 223844388.832
16 6 237872020.401
16 7 109278676.028
16 8 289079295.152
16 9 51050605.020
16 10 42610462.978
16 11 222738359.747
16 12 529910871.035
16 13 45839256.713
16 14 222399883.739
16 15 355998875.552
16 17 71726252.891
16 18 186999868.384
16 19 135702677.165
17 0 71869666.718
17 1 32044340.620
17 2 88424601.204
17 3 91552488.586
17 4 22191506.795
17 5 92241941.497
17 6 86316605.659
17 7 83685615.457
17 8 70710923.592
17 9 15020986.337
17 10 61883450.755
17 11 68226115.072
17 12 81943727.279
17 13 15611300.646
17 14 81349571.567
17 15 189922163.368
17 16 221817767.917
17 18 38171282.134
17 19 133341246.233
18 0 311418168.607
18 1 44944191.692
18 2 76824043.164
18 3 70954742.718
18 4 16071921.725
18 5 59366170.183
18 6 60155639.069
18 7 57611689.912
18 8 112987004.649
18 9 37685324.043
18 10 97284421.133
18 11 97007398.807
18 12 504302877.968
18 13 41003797.571
18 14 57473021.473
18 15 171681648.504
18 16 35734079.200
18 17 30899586.126
18 19 157658678.801
19 0 774170599.535
19 1 48434938.363
19 2 40299505.976
19 3 73803562.510
19 4 52802513.832
19 5 182121039.185
19 6 242587213.708
19 7 131375557.109
19 8 168485843.656
19 9 122750487.255
19 10 159698054.161
19 11 149935815.948
19 12 1149429066.602
19 13 32720893.476
19 14 50227357.929
19 15 126343359.918
19 16 246323906.780
19 17 97299355.018
19 18 74084009.856
