380
0 1 110679909.237
0 2 243516867.059
0 3 363917352.160
0 4 59237201.211
0 5 306039377.791
0 6 299290065.954
0 7 323793284.486
0 8 300731991.570
0 9 161498992.361
0 10 69131436.525
0 11 128110265.219
0 12 2409126059.613
0 13 24792768.244
0 14 220856924.428
0 15 1142532758.942
0 16 631105941.286
0 17 339323314.481
0 18 249191611.321
0 19 272163735.322
1 0 67007780.566
1 2 13493249.553
1 3 18794529.584
1 4 2295997.788
1 5 20784940.688
1 6 7956894.224
1 7 23090690.742
1 8 46785930.511
1 9 12094232.227
1 10 43322421.682
1 11 44443318.042
1 12 64555966.170
1 13 18723942.815
1 14 15192243.586
1 15 48195148.353
1 16 60667964.944
1 17 34615148.195
1 18 20772078.619
1 19 16836543.738
2 0 151740120.226
2 1 41932984.069
2 3 120333937.120
2 4 31628367.667
2 5 91945158.874
2 6 47684211.250
2 7 8058294.378
2 8 93837877.101
2 9 25632559.807
2 10 96878121.240
2 11 49901255.503
2 12 316054606.543
2 13 26862162.453
2 14 67424840.118
2 15 318122104.930
2 16 113839299.703
2 17 51292109.622
2 18 87968419.644
2 19 58290003.167
3 0 469690958.904
3 1 66322186.318
3 2 48284269.848
3 4 17929310.467
3 5 114799654.126
3 6 142814929.001
3 7 139453220.774
3 8 56321128.609
3 9 68511999.365
3 10 99546486.418
3 11 141292323.381
3 12 558678204.374
3 13 7151543.507
3 14 93723797.813
3 15 223631182.569
3 16 24076204.534
3 17 134311385.096
3 18 100907291.217
3 19 316896009.777
4 0 26997452.235
4 1 13417013.389
4 2 16841436.880
4 3 66229951.440
4 5 30233694.423
4 6 13408587.985
4 7 46378425.974
4 8 69145546.853
4 9 9318923.478
4 10 11624144.193
4 11 3982416.617
4 12 187889086.683
4 13 19589520.683
4 14 30773609.269
4 15 63545987.949
4 16 65989258.632
4 17 33510307.630
4 18 19729613.154
4 19 18274793.990
5 0 95634901.622
5 1 11409664.937
5 2 91521237.604
5 3 127926937.783
5 4 17384438.341
5 6 85046347.398
5 7 95112739.976
5 8 138298729.808
5 9 42260028.529
5 10 45374893.316
5 11 72681166.058
5 12 461193758.423
5 13 37847589.031
5 14 25615304.457
5 15 32890606.890
5 16 196319442.438
5 17 37777257.102
5 18 29435253.940
5 19 28262122.471
6 0 317258287.599
6 1 8098388.108
6 2 94110277.685
6 3 30767030.069
6 4 7706053.522
6 5 25528841.232
6 7 83606356.624
6 8 39962728.667
6 9 5552479.287
6 10 55856315.916
6 11 33339988.704
6 12 241917760.136
6 13 38976253.953
6 14 77088701.676
6 15 68050439.204
6 16 189743225.794
6 17 36017351.474
6 18 45686168.605
6 19 96674849.114
7 0 264461342.804
7 1 4717096.853
7 2 17604955.234
7 3 46786889.171
7 4 45470229.184
7 5 70124678.768
7 6 24906365.276
7 8 135866529.282
7 9 7781822.564
7 10 12498231.307
7 11 15341278.241
7 12 207713286.116
7 13 26939580.235
7 14 90176530.813
7 15 223668832.464
7 16 71170809.172
7 17 33385857.027
7 18 25167095.819
7 19 172379477.599
8 0 364264826.998
8 1 41445795.358
8 2 83009229.109
8 3 194406483.942
8 4 65155026.829
8 5 61991330.199
8 6 136395140.239
8 7 28412367.891
8 9 44608367.034
8 10 79028293.286
8 11 18921149.262
8 12 452474669.499
8 13 35610337.185
8 14 21474943.456
8 15 424964838.385
8 16 91045287.911
8 17 26691189.525
8 18 40359303.195
8 19 24047089.147
9 0 103159967.631
9 1 7899406.077
9 2 20388946.741
9 3 10819040.838
9 4 6114018.278
9 5 3139288.952
9 6 49008394.916
9 7 12618821.655
9 8 60313362.504
9 10 39678736.610
9 11 33286514.025
9 12 107860598.175
9 13 12008151.473
9 14 41452445.272
9 15 111847664.762
9 16 111953120.087
9 17 46902009.351
9 18 37771481.954
9 19 99794451.049
10 0 51873751.725
10 1 12274618.726
10 2 12049008.782
10 3 76457984.384
10 4 11030582.838
10 5 80115626.011
10 6 61357534.253
10 7 12039103.228
10 8 82029044.126
10 9 7393651.375
10 11 34672253.556
10 12 355318368.923
10 13 34309415.822
10 14 38136888.515
10 15 30188640.224
10 16 158957736.812
10 17 20446687.864
10 18 77870528.556
10 19 183296408.069
11 0 73952235.553
11 1 29798415.564
11 2 75285754.502
11 3 131889098.581
11 4 36162018.907
11 5 85730382.429
11 6 39618241.844
11 7 85141878.194
11 8 85846003.579
11 9 8524553.507
11 10 74420699.267
11 12 401571055.882
11 13 7090384.255
11 14 28785342.284
11 15 362671281.344
11 16 69028538.789
11 17 17537191.273
11 18 78709280.726
11 19 30965332.537
12 0 2047925089.108
12 1 95238458.375
12 2 555909961.711
12 3 912456944.233
12 4 344191526.583
12 5 273338217.328
12 6 374422704.970
12 7 610377379.770
12 8 747934551.742
12 9 172212368.886
12 10 262644600.073
12 11 401367264.707
12 13 160000953.954
12 14 480487534.452
12 15 2429782108.019
12 16 630145849.569
12 17 525493365.919
12 18 637731827.928
12 19 1206195467.382
13 0 66518792.984
13 1 23221844.396
13 2 39834208.753
13 3 9343413.305
13 4 15289668.505
13 5 41802788.220
13 6 40476182.373
13 7 12457221.227
13 8 45734129.898
13 9 7089707.920
13 10 21842615.129
13 11 11341633.815
13 12 62617680.123
13 14 48923922.521
13 15 90836677.281
13 16 97157579.916
13 17 36083986.587
13 18 20486605.319
13 19 10015575.711
14 0 234363125.329
14 1 23091180.076
14 2 63773432.968
14 3 64224587.228
14 4 29944941.993
14 5 15597879.791
14 6 36553934.048
14 7 55510253.267
14 8 121652260.945
14 9 39585796.901
14 10 43486825.362
14 11 66023308.843
14 12 348532668.944
14 13 42709519.376
14 15 190709277.227
14 16 231515012.331
14 17 34910699.741
14 18 76423323.008
14 19 175351230.169
15 0 1356038506.323
15 1 31924223.653
15 2 316342955.080
15 3 142808394.232
15 4 47533397.581
15 5 48305746.352
15 6 184775683.595
15 7 128339744.141
15 8 580126354.773
15 9 111771875.949
15 10 414224504.599
15 11 162416716.228
15 12 2557922889.847
15 13 94752638.820
15 14 105630898.391
15 16 174951154.015
15 17 253071110.522
15 18 309856735.217
15 19 369812717.397
16 0 559203216.303
16 1 23508277.164
16 2 105862112.176
16 3 305419996.846
16 4 39822211.072
16 5 21014703.492
16 6 166131850.751
16 7 56900148.519
16 8 148193655.042
16 9 107403887.570
16 10 148535342.749
16 11 158951271.803
16 12 1198129276.387
16 13 22267262.751
16 14 71117335.505
16 15 789816613.448
16 17 122385299.322
16 18 215167171.184
16 19 463214316.690
17 0 212728308.846
17 1 34514017.085
17 2 68896077.503
17 3 57816489.928
17 4 11636706.541
17 5 14974563.618
17 6 7161806.882
17 7 80922615.973
17 8 97596621.761
17 9 17997307.587
17 10 82404490.558
17 11 64680103.654
17 12 62547132.747
17 13 33964141.559
17 14 90221250.829
17 15 68213093.696
17 16 137755040.190
17 18 15693911.384
17 19 54930306.756
18 0 275117057.096
18 1 47295734.526
18 2 74799354.530
18 3 18172829.486
18 4 11455753.271
18 5 85688382.490
18 6 53600543.593
18 7 87587148.204
18 8 25588379.445
18 9 19693880.727
18 10 14361251.369
18 11 17821138.269
18 12 380450453.294
18 13 12450798.345
18 14 95486282.271
18 15 101709355.025
18 16 199529217.364
18 17 40030566.738
18 19 170472635.950
19 0 604767245.765
19 1 11604920.344
19 2 125159165.858
19 3 365047045.237
19 4 48932346.041
19 5 185273715.339
19 6 88923519.929
19 7 88692791.716
19 8 222446336.299
19 9 77885722.099
19 10 237612291.806
19 11 200710183.703
19 12 319414417.262
19 13 45040719.842
19 14 243076009.819
19 15 708151700.085
19 16 186823196.350
19 17 176778470.933
19 18 123485316.534
