380
0 1 128895350.690
0 2 188663407.060
0 3 504752074.105
0 4 32694958.408
0 5 79386985.397
0 6 194139528.538
0 7 333857383.801
0 8 425407680.166
0 9 91613886.369
0 10 51274980.053
0 11 334227689.613
0 12 1343416940.199
0 13 169879016.793
0 14 128331030.997
0 15 1411785470.636
0 16 837131508.741
0 17 302953309.542
0 18 222037259.701
0 19 226697896.894
1 0 122431327.058
1 2 32720869.825
1 3 18478538.685
1 4 6473950.397
1 5 16987272.550
1 6 3262011.264
1 7 21799934.341
1 8 40042966.645
1 9 5702897.282
1 10 44797632.295
1 11 12520310.865
1 12 327843500.631
1 13 7198580.446
1 14 33237656.525
1 15 188651025.999
1 16 21277738.270
1 17 37768288.127
1 18 19691879.055
1 19 20429123.907
2 0 130113296.127
2 1 23527259.079
2 3 143378397.886
2 4 38147552.777
2 5 83246573.889
2 6 23656013.894
2 7 51794120.821
2 8 109653729.174
2 9 23663311.540
2 10 96881152.137
2 11 84101112.232
2 12 281768042.169
2 13 34730097.535
2 14 47451276.153
2 15 390741495.582
2 16 50404282.441
2 17 90960607.948
2 18 35443298.838
2 19 227119947.984
3 0 483776517.390
3 1 8550212.103
3 2 49487952.155
3 4 14015911.597
3 5 134537224.076
3 6 109984763.884
3 7 61110968.356
3 8 26374346.478
3 9 13742557.495
3 10 55218370.430
3 11 109047223.762
3 12 485895510.125
3 13 9652154.998
3 14 115676964.277
3 15 75324621.166
3 16 45919878.935
3 17 45297615.469
3 18 105984636.583
3 19 103146369.171
4 0 107133063.096
4 1 21580859.971
4 2 48013411.384
4 3 6751974.166
4 5 4254531.986
4 6 27180214.131
4 7 42529787.598
4 8 49690388.687
4 9 18936216.258
4 10 28637854.109
4 11 37198288.923
4 12 161933359.224
4 13 23909055.131
4 14 46302028.293
4 15 193750394.603
4 16 49108282.683
4 17 15485779.161
4 18 31393048.362
4 19 120591116.073
5 0 70835365.226
5 1 5477093.229
5 2 62957694.121
5 3 114150488.998
5 4 26405470.564
5 6 11209587.293
5 7 72347108.150
5 8 45636831.521
5 9 37514884.971
5 10 33974170.718
5 11 81342431.583
5 12 277598140.222
5 13 17642631.311
5 14 33187577.457
5 15 174404273.416
5 16 105011219.044
5 17 33183786.409
5 18 34044019.981
5 19 66205792.563
6 0 296316612.538
6 1 23836297.102
6 2 55586354.579
6 3 11859293.509
6 4 36272414.604
6 5 86728004.856
6 7 80839608.450
6 8 102779052.504
6 9 15291867.901
6 10 33032955.371
6 11 87602431.216
6 12 512922419.082
6 13 13420418.764
6 14 17468521.327
6 15 365588094.451
6 16 73062156.691
6 17 91674497.696
6 18 15050527.209
6 19 150593289.092
7 0 301503798.458
7 1 40347224.832
7 2 62135002.644
7 3 69053307.312
7 4 7712420.490
7 5 17777204.339
7 6 49680734.185
7 8 108702876.855
7 9 20476248.053
7 10 83856451.731
7 11 31537726.975
7 12 649568842.078
7 13 7265181.826
7 14 64632127.922
7 15 359282377.716
7 16 23441041.784
7 17 42261510.894
7 18 46513690.870
7 19 225502474.160
8 0 188175010.085
8 1 10792097.955
8 2 134971289.345
8 3 111364592.053
8 4 16461073.360
8 5 92613032.174
8 6 136249689.581
8 7 103026258.165
8 9 53481226.933
8 10 123076609.432
8 11 44320603.295
8 12 377385994.214
8 13 62218278.650
8 14 134317732.178
8 15 277096930.130
8 16 116917734.378
8 17 84366106.492
8 18 143776905.089
8 19 329569001.153
9 0 13031285.611
9 1 19750455.412
9 2 42519403.202
9 3 46667188.216
9 4 13066844.703
9 5 44001817.617
9 6 4320691.973
9 7 29354826.124
9 8 70526901.496
9 10 13529015.022
9 11 42847787.735
9 12 132331656.420
9 13 12382695.531
9 14 26458255.847
9 15 76035931.436
9 16 70005925.216
9 17 8833746.455
9 18 22404222.488
9 19 40509142.690
10 0 278620928.936
10 1 7210197.533
10 2 56323366.131
10 3 92908421.681
10 4 19699075.541
10 5 42343495.233
10 6 91802651.433
10 7 32849553.963
10 8 106708571.014
10 9 39036177.303
10 11 46839257.178
10 12 282022225.242
10 13 48796764.205
10 14 38668263.139
10 15 437186547.327
10 16 97939011.575
10 17 30760556.473
10 18 79267028.434
10 19 35532762.799
11 0 137239335.922
11 1 19954030.530
11 2 22903907.134
11 3 67976060.052
11 4 44103283.489
11 5 49769122.683
11 6 25819607.178
11 7 74155978.562
11 8 138991137.738
11 9 7120549.292
11 10 16061748.998
11 12 666319578.918
11 13 28804595.826
11 14 86106705.554
11 15 102193282.864
11 16 150660831.069
11 17 35533126.054
11 18 94064797.705
11 19 237330918.907
12 0 2250609125.248
12 1 233697350.710
12 2 553603004.641
12 3 658908007.166
12 4 105868614.041
12 5 345726303.377
12 6 488257450.758
12 7 512466050.119
12 8 494200446.657
12 9 65207867.459
12 10 136245733.389
12 11 53852259.694
12 13 51259057.098
12 14 108838583.387
12 15 1823933427.446
12 16 431679898.832
12 17 553694941.560
12 18 639910949.907
12 19 1302849405.310
13 0 167444984.153
13 1 12119268.872
13 2 35523886.901
13 3 65100623.992
13 4 4539621.050
13 5 6917123.782
13 6 3953282.576
13 7 4494795.903
13 8 47768312.655
13 9 1972036.985
13 10 6715596.953
13 11 30628223.143
13 12 116158379.815
13 14 17657687.657
13 15 44718725.372
13 16 45845181.352
13 17 17932059.187
13 18 48242742.885
13 19 109327307.815
14 0 84106052.539
14 1 5423056.523
14 2 15780415.685
14 3 87708297.123
14 4 5019896.510
14 5 35398753.884
14 6 34488371.887
14 7 27635137.393
14 8 108941690.225
14 9 13483827.067
14 10 87945435.288
14 11 34533202.620
14 12 182338647.977
14 13 12242692.121
14 15 248461160.360
14 16 137620586.632
14 17 58696636.167
14 18 96271639.365
14 19 233813762.268
15 0 419424755.998
15 1 200511785.101
15 2 299825775.147
15 3 556794655.233
15 4 87518790.005
15 5 404075468.666
15 6 344508277.903
15 7 176305228.995
15 8 466698359.939
15 9 87639568.641
15 10 35026785.204
15 11 372922749.640
15 12 1008390036.673
15 13 83577412.280
15 14 345820568.955
15 16 83088155.313
15 17 363381701.563
15 18 337667993.221
15 19 775881355.543
16 0 95264538.652
16 1 33318324.586
16 2 186141610.082
16 3 111636844.919
16 4 80341985.955
16 5 243938408.609
16 6 118452949.231
16 7 141465018.519
16 8 351141740.815
16 9 33824780.716
16 10 70022025.266
16 11 81204448.630
16 12 1350283408.204
16 13 83495545.424
16 14 146959566.705
16 15 76330428.454
16 17 29054240.055
16 18 156697791.502
16 19 348221186.444
17 0 40569786.864
17 1 25787998.673
17 2 44291421.149
17 3 132697054.005
17 4 3759804.559
17 5 61308533.937
17 6 43539885.870
17 7 63147018.181
17 8 129312233.901
17 9 14378402.533
17 10 42837471.417
17 11 13239000.590
17 12 251288244.801
17 13 5744658.308
17 14 91719966.801
17 15 153687289.258
17 16 147017143.715
17 18 60488314.331
17 19 199762788.176
18 0 42740094.097
18 1 16986501.947
18 2 67229663.863
18 3 87725757.455
18 4 25473812.101
18 5 52317279.131
18 6 93862153.992
18 7 20613371.360
18 8 75366917.359
18 9 17122028.180
18 10 85139779.731
18 11 31246766.417
18 12 664294884.140
18 13 23102217.288
18 14 93326159.989
18 15 331199568.944
18 16 163625426.324
18 17 74218763.039
18 19 45648711.258
19 0 296543892.815
19 1 80295342.796
19 2 231456584.990
19 3 128785266.934
19 4 73998972.009
19 5 173190461.179
19 6 237314562.142
19 7 34293524.233
19 8 350513428.565
19 9 83319844.800
19 10 120398797.730
19 11 31581322.654
19 12 574802001.194
19 13 76987149.807
19 14 161470410.061
19 15 197142084.643
19 16 70902771.884
19 17 105464156.127
19 18 206573952.755
