380
0 1 43351359.758
0 2 303301409.691
0 3 206222166.899
0 4 116545310.816
0 5 295474288.308
0 6 33068516.046
0 7 207777222.723
0 8 35603277.597
0 9 101158546.401
0 10 246160451.358
0 11 334085275.709
0 12 1623341453.890
0 13 42030270.610
0 14 293254044.738
0 15 650856899.733
0 16 834106302.256
0 17 115471546.577
0 18 70541690.952
0 19 553385370.563
1 0 96613074.596
1 2 28025803.465
1 3 64847482.928
1 4 4282305.534
1 5 17704422.880
1 6 12927088.026
1 7 28770227.531
1 8 53917619.675
1 9 20318461.119
1 10 36208638.074
1 11 5571109.336
1 12 260896021.432
1 13 21906974.894
1 14 29997878.704
1 15 83095697.563
1 16 27717900.166
1 17 20923565.336
1 18 28616912.580
1 19 121981613.076
2 0 42667448.669
2 1 9734732.092
2 3 110131573.942
2 4 27095069.755
2 5 48437878.896
2 6 70122118.856
2 7 50744690.635
2 8 92556709.648
2 9 42998562.797
2 10 34891857.742
2 11 25588084.160
2 12 377882452.065
2 13 11844977.402
2 14 57786572.814
2 15 272493768.016
2 16 209042645.441
2 17 17700684.628
2 18 38357389.015
2 19 215121313.075
3 0 78682147.373
3 1 48493809.909
3 2 76134072.602
3 4 38617105.207
3 5 130031781.099
3 6 27521056.021
3 7 71070943.907
3 8 185814397.106
3 9 6501015.069
3 10 9376478.450
3 11 9539242.560
3 12 603558751.455
3 13 36711453.578
3 14 137864605.394
3 15 629195288.017
3 16 309709008.251
3 17 66241508.874
3 18 133638920.255
3 19 324495689.257
4 0 121924868.829
4 1 8948743.255
4 2 20520708.244
4 3 34345849.660
4 5 46947109.176
4 6 17386188.763
4 7 3316832.140
4 8 13525939.053
4 9 12776942.761
4 10 24793395.867
4 11 22829790.994
4 12 69595059.152
4 13 14176927.486
4 14 49185484.451
4 15 56671793.623
4 16 82786637.551
4 17 37504440.997
4 18 3302555.923
4 19 97170058.211
5 0 133023673.101
5 1 26044040.992
5 2 18450993.223
5 3 26980029.399
5 4 34908248.951
5 6 66653205.210
5 7 26604192.499
5 8 110086477.555
5 9 31082380.077
5 10 76431812.632
5 11 93321467.679
5 12 268110130.844
5 13 47120091.619
5 14 11583965.970
5 15 144015383.420
5 16 141597208.287
5 17 49744023.009
5 18 91336720.380
5 19 42304692.517
6 0 94774967.652
6 1 7247555.722
6 2 97718205.274
6 3 106580931.642
6 4 38949218.632
6 5 64100996.102
6 7 7661302.665
6 8 144487809.074
6 9 15262378.520
6 10 78030006.653
6 11 80385098.101
6 12 165325150.185
6 13 9240251.083
6 14 50156646.154
6 15 193011765.985
6 16 202533639.868
6 17 68811934.553
6 18 89112733.595
6 19 66701856.347
7 0 108420435.729
7 1 33992140.754
7 2 56701552.758
7 3 44365253.784
7 4 14025615.004
7 5 19709459.665
7 6 8208817.591
7 8 71067654.567
7 9 36669974.592
7 10 73573023.958
7 11 46411614.483
7 12 341063437.201
7 13 15353944.623
7 14 73136678.232
7 15 85277066.437
7 16 230288303.129
7 17 78382362.447
7 18 36624024.377
7 19 171937571.058
8 0 290656954.123
8 1 54137187.301
8 2 17061998.809
8 3 29158171.365
8 4 8343607.513
8 5 127407105.725
8 6 81035446.922
8 7 16326159.252
8 9 18304950.339
8 10 117958927.047
8 11 110099333.012
8 12 974943626.973
8 13 9548978.839
8 14 34480493.768
8 15 544864862.531
8 16 133159887.561
8 17 98943506.170
8 18 138474292.867
8 19 154014595.447
9 0 157027778.482
9 1 17597498.466
9 2 19683530.041
9 3 35728358.645
9 4 9925062.168
9 5 23296313.795
9 6 14769013.621
9 7 4791512.068
9 8 13499861.131
9 10 29320524.285
9 11 21115416.080
9 12 73869661.225
9 13 13196941.048
9 14 17026665.002
9 15 204644898.911
9 16 13048071.661
9 17 20972117.237
9 18 30528430.409
9 19 25162010.561
10 0 309520798.423
10 1 46792868.467
10 2 10785223.370
10 3 124584918.366
10 4 44044881.507
10 5 34147988.614
10 6 85065679.465
10 7 41731968.300
10 8 115781743.340
10 9 44930613.999
10 11 8374370.078
10 12 488739463.879
10 13 34222994.387
10 14 86696846.608
10 15 165094001.444
10 16 125515771.886
10 17 20652861.674
10 18 39744398.475
10 19 70998759.546
11 0 102922044.540
11 1 30999875.610
11 2 19049226.499
11 3 54717832.470
11 4 30532884.296
11 5 90670431.180
11 6 70470856.486
11 7 55259069.809
11 8 56306407.590
11 9 20140103.738
11 10 73669700.043
11 12 329908839.460
11 13 46666673.393
11 14 36811079.101
11 15 267417761.627
11 16 81533043.732
11 17 38537030.671
11 18 44981873.190
11 19 222881263.499
12 0 2100922223.602
12 1 95020445.433
12 2 81706945.408
12 3 166622553.489
12 4 81388613.544
12 5 93052577.997
12 6 320349501.094
12 7 386210841.440
12 8 464758753.818
12 9 204702736.429
12 10 188760915.699
12 11 128861603.979
12 13 72440417.648
12 14 117345733.411
12 15 2151985007.459
12 16 1483748722.120
12 17 197655320.829
12 18 603050620.394
12 19 1060717132.325
13 0 130284427.855
13 1 2192363.104
13 2 17890062.535
13 3 55168480.143
13 4 17194818.199
13 5 40639689.953
13 6 36845886.335
13 7 42938865.024
13 8 8665393.894
13 9 12906113.028
13 10 19777637.899
13 11 25107717.353
13 12 30571784.125
13 14 14291242.977
13 15 151600127.996
13 16 62796690.627
13 17 28327157.029
13 18 15399202.615
13 19 72890603.761
14 0 102172251.277
14 1 34443806.202
14 2 28436371.479
14 3 139737200.347
14 4 20260594.630
14 5 67307014.429
14 6 65704253.473
14 7 44492722.125
14 8 129999778.847
14 9 12212383.424
14 10 52454771.075
14 11 50079498.993
14 12 66662651.155
14 13 24962061.693
14 15 354646830.083
14 16 18422465.143
14 17 46078819.741
14 18 33762318.394
14 19 122979406.486
15 0 992735553.523
15 1 161285203.167
15 2 316600962.787
15 3 458368039.310
15 4 115558080.162
15 5 169834090.475
15 6 214754349.364
15 7 102534891.304
15 8 89776759.075
15 9 149945959.395
15 10 260746935.889
15 11 46972868.516
15 12 1629097934.553
15 13 50742712.907
15 14 92185662.327
15 16 114614119.095
15 17 92309601.262
15 18 235827322.130
15 19 610482970.283
16 0 795002650.516
16 1 40474780.946
16 2 191042276.090
16 3 130411857.073
16 4 68463086.722
16 5 151682536.425
16 6 208427692.828
16 7 161929368.613
16 8 31816011.519
16 9 63105769.924
16 10 110425539.406
16 11 39337821.825
16 12 1113026315.404
16 13 67510968.036
16 14 87296178.171
16 15 572396799.793
16 17 49764808.277
16 18 217489265.273
16 19 541120803.886
17 0 271855567.450
17 1 46449734.758
17 2 13690604.947
17 3 43518266.775
17 4 24558944.144
17 5 60644954.019
17 6 95161909.767
17 7 92637177.398
17 8 39111685.864
17 9 36421524.878
17 10 52456444.735
17 11 10546752.829
17 12 545822092.888
17 13 28983980.839
17 14 40039298.809
17 15 113157974.059
17 16 208059340.811
17 18 6555071.778
17 19 199602008.191
18 0 160626160.373
18 1 40752725.857
18 2 13919248.076
18 3 143125036.699
18 4 40360437.231
18 5 51441821.155
18 6 92965755.870
18 7 52839953.472
18 8 132645000.222
18 9 21720891.029
18 10 95933953.728
18 11 68809684.628
18 12 170831891.722
18 13 48347410.683
18 14 82846422.710
18 15 383267714.990
18 16 36130270.243
18 17 14711508.479
18 19 68674102.995
19 0 485926266.086
19 1 86263542.150
19 2 190618851.767
19 3 219541999.047
19 4 110238946.329
19 5 94228123.496
19 6 37409396.808
19 7 194867150.855
19 8 345107649.157
19 9 20055338.947
19 10 163022262.656
19 11 216956775.738
19 12 290226982.250
19 13 113323684.630
19 14 101083556.183
19 15 767949593.943
19 16 282032597.299
19 17 211015407.665
19 18 242693892.671
