380
0 1 159844804.975
0 2 330572827.460
0 3 504615907.389
0 4 22932142.276
0 5 124144682.699
0 6 21530736.120
0 7 153201887.160
0 8 325572512.917
0 9 84984273.064
0 10 55408729.089
0 11 286665305.732
0 12 2250888904.841
0 13 68352024.767
0 14 135164535.752
0 15 418206353.318
0 16 771472083.892
0 17 297279768.669
0 18 123122686.557
0 19 232972676.528
1 0 51927026.405
1 2 9802539.679
1 3 8703650.482
1 4 15591818.219
1 5 7163127.972
1 6 13268399.636
1 7 4173995.737
1 8 30200002.671
1 9 8312801.479
1 10 7023582.109
1 11 32687170.965
1 12 310391905.595
1 13 19661824.387
1 14 5683165.693
1 15 73158438.898
1 16 57514045.712
1 17 29806711.712
1 18 20847953.405
1 19 69302630.379
2 0 191095635.158
2 1 4144633.778
2 3 130443086.128
2 4 37525793.729
2 5 14754421.410
2 6 9916902.187
2 7 74927328.436
2 8 25141170.466
2 9 22269828.284
2 10 18387676.156
2 11 55248119.083
2 12 595848095.520
2 13 11724853.580
2 14 30216204.182
2 15 217333944.099
2 16 94984632.569
2 17 90574826.395
2 18 84604030.062
2 19 42114490.147
3 0 358739611.679
3 1 49455858.477
3 2 81170600.705
3 4 54260551.106
3 5 66348523.961
3 6 52555721.948
3 7 102411703.841
3 8 160406491.624
3 9 20087220.746
3 10 64416819.738
3 11 68629426.055
3 12 478935037.734
3 13 52873012.765
3 14 147186809.859
3 15 400945074.119
3 16 251541012.374
3 17 85159781.106
3 18 68288414.719
3 19 323799121.188
4 0 52852168.821
4 1 12147609.441
4 2 28292588.974
4 3 56102068.133
4 5 24499061.424
4 6 16504126.828
4 7 41229787.228
4 8 47351704.988
4 9 2794877.695
4 10 25912020.604
4 11 38398542.136
4 12 237639180.005
4 13 23971380.560
4 14 10469062.993
4 15 56498343.610
4 16 57084551.360
4 17 30121961.733
4 18 7544998.652
4 19 65388573.642
5 0 40151163.207
5 1 39137563.355
5 2 69934210.396
5 3 92108598.803
5 4 44096666.645
5 6 88960929.676
5 7 85698854.246
5 8 23509760.285
5 9 5462987.864
5 10 19437216.626
5 11 93738551.508
5 12 562322773.514
5 13 36818128.795
5 14 84273476.326
5 15 351008543.196
5 16 228139214.855
5 17 24338344.525
5 18 78665445.888
5 19 151685944.605
6 0 218412377.247
6 1 8609682.207
6 2 38766176.829
6 3 125019705.617
6 4 11906525.817
6 5 46694875.288
6 7 87684195.128
6 8 74223006.472
6 9 19078706.380
6 10 96538800.014
6 11 10423477.945
6 12 285930515.123
6 13 8739375.960
6 14 41945837.213
6 15 244738134.732
6 16 16545550.709
6 17 84640546.441
6 18 78346260.105
6 19 55452501.800
7 0 219193915.854
7 1 12493770.132
7 2 33259355.926
7 3 111776521.996
7 4 18310405.592
7 5 81344925.989
7 6 52845761.758
7 8 31483904.657
7 9 14954184.564
7 10 14031172.429
7 11 76985539.618
7 12 597942904.965
7 13 36952370.067
7 14 23178382.796
7 15 82379788.022
7 16 58105150.725
7 17 66215790.531
7 18 73210032.137
7 19 185632071.752
8 0 433795370.987
8 1 25399122.058
8 2 10351808.818
8 3 88642490.958
8 4 36805004.270
8 5 39466869.633
8 6 11483049.558
8 7 38936179.162
8 9 19571041.536
8 10 96690882.600
8 11 21570245.277
8 12 940586493.417
8 13 66652811.542
8 14 145933086.069
8 15 110549235.432
8 16 295880479.490
8 17 76735703.273
8 18 126471909.477
8 19 366081013.197
9 0 114862499.353
9 1 12730233.234
9 2 22179607.740
9 3 27340014.261
9 4 12749755.303
9 5 11762916.601
9 6 43790784.594
9 7 40967235.714
9 8 50588821.003
9 10 32669177.108
9 11 4572529.605
9 12 323642267.233
9 13 17552704.876
9 14 39470495.602
9 15 194498462.458
9 16 94196688.278
9 17 39692124.494
9 18 48574644.332
9 19 91857015.003
10 0 241744420.982
10 1 27640852.032
10 2 57543262.193
10 3 83729269.845
10 4 44790577.986
10 5 26513996.332
10 6 76200503.218
10 7 72269568.005
10 8 118849455.168
10 9 21119997.230
10 11 67311534.479
10 12 650490604.021
10 13 17854994.565
10 14 10341056.661
10 15 374100232.821
10 16 236053025.293
10 17 16454635.937
10 18 67232094.028
10 19 62907374.388
11 0 266190809.331
11 1 25903082.019
11 2 66569192.957
11 3 90516267.169
11 4 36277223.275
11 5 39394965.134
11 6 28219408.351
11 7 45606598.692
11 8 91650127.612
11 9 4456388.095
11 10 13049075.572
11 12 315380334.102
11 13 3397464.297
11 14 55151967.166
11 15 293125735.906
11 16 173914019.619
11 17 34549835.808
11 18 78919685.059
11 19 219551914.455
12 0 472241919.044
12 1 215372315.223
12 2 505505655.744
12 3 679316108.367
12 4 182377917.691
12 5 588391149.549
12 6 293637562.340
12 7 683514592.530
12 8 898438900.914
12 9 249212125.568
12 10 585581198.287
12 11 346860795.185
12 13 29824350.305
12 14 299830130.274
12 15 307201059.548
12 16 1519611092.763
12 17 241220523.851
12 18 683991681.266
12 19 1221795972.993
13 0 109683399.616
13 1 16707652.043
13 2 25316258.765
13 3 68281203.257
13 4 24454169.514
13 5 33213792.021
13 6 33525224.717
13 7 11341726.172
13 8 18221860.938
13 9 19548594.672
13 10 16339135.528
13 11 31409085.130
13 12 115550083.561
13 14 19533297.233
13 15 124720518.802
13 16 49694981.173
13 17 12681290.920
13 18 5286569.587
13 19 122517104.270
14 0 186812126.168
14 1 38680347.760
14 2 31416382.928
14 3 112058953.003
14 4 26116733.260
14 5 22733536.648
14 6 67700317.349
14 7 20376722.822
14 8 108255067.508
14 9 6859760.274
14 10 72359977.274
14 11 84759460.138
14 12 162654616.140
14 13 43359690.648
14 15 76256960.677
14 16 134341751.892
14 17 9966836.280
14 18 18889619.896
14 19 102769836.239
15 0 1474849790.311
15 1 67632262.236
15 2 279921442.811
15 3 641813879.427
15 4 44592729.669
15 5 313879816.369
15 6 310474057.924
15 7 322400652.921
15 8 659219680.753
15 9 112839142.893
15 10 243021047.400
15 11 297733716.975
15 12 2705954911.199
15 13 209371396.851
15 14 392571512.424
15 16 491075093.774
15 17 250979042.489
15 18 49667025.337
15 19 821596821.940
16 0 851034924.391
16 1 16978526.610
16 2 30977807.860
16 3 264581617.309
16 4 46000288.893
16 5 28687389.545
16 6 211470657.940
16 7 88416346.439
16 8 256505577.695
16 9 88402452.346
16 10 68999306.841
16 11 205063760.774
16 12 1447450466.400
16 13 64202074.631
16 14 237860495.360
16 15 572450446.598
16 17 128154898.107
16 18 234136973.866
16 19 127116209.115
17 0 67807480.969
17 1 42185749.752
17 2 87285831.719
17 3 42911296.895
17 4 20259981.020
17 5 8061618.324
17 6 97478882.791
17 7 20205423.474
17 8 123053987.818
17 9 13591518.827
17 10 25358671.301
17 11 86148621.673
17 12 668532168.177
17 13 17899779.364
17 14 8311003.658
17 15 430275572.246
17 16 120002174.906
17 18 10399278.966
17 19 104198893.062
18 0 182666939.436
18 1 9857939.678
18 2 53278751.853
18 3 14476597.438
18 4 3810092.861
18 5 30206477.704
18 6 35906785.889
18 7 72230636.624
18 8 127827583.890
18 9 5797343.109
18 10 17525600.642
18 11 52357940.473
18 12 648540441.922
18 13 21127641.616
18 14 23832387.289
18 15 317124750.825
18 16 225613918.862
18 17 94514853.628
18 19 200042449.091
19 0 753224731.965
19 1 36609278.250
19 2 209296312.336
19 3 308391894.513
19 4 117483173.724
19 5 221605795.065
19 6 215578864.456
19 7 225060962.151
19 8 137579076.157
19 9 28038481.633
19 10 141363030.099
19 11 110937959.539
19 12 1611785370.411
19 13 76876197.767
19 14 55629780.646
19 15 897187788.627
19 16 210539967.780
19 17 199604409.329
19 18 170094791.754
