380
0 1 22200202.661
0 2 89148799.468
0 3 337900742.339
0 4 115480607.668
0 5 98773240.915
0 6 107775326.214
0 7 154932500.911
0 8 163923853.799
0 9 129351698.361
0 10 140387476.871
0 11 318643402.142
0 12 2145317784.345
0 13 117469162.943
0 14 331327934.974
0 15 806521787.700
0 16 837269257.350
0 17 126200122.357
0 18 67608630.866
0 19 625441004.121
1 0 131992403.891
1 2 21700116.145
1 3 33327990.554
1 4 19623509.730
1 5 4753079.437
1 6 16470853.789
1 7 16700034.716
1 8 54649500.546
1 9 3245047.361
1 10 29048428.037
1 11 33155592.691
1 12 32188314.123
1 13 19768289.216
1 14 21114136.608
1 15 49371842.063
1 16 74897952.917
1 17 47879584.837
1 18 37472725.908
1 19 47954390.099
2 0 23414859.829
2 1 46389771.013
2 3 139884951.762
2 4 42896227.939
2 5 41979755.088
2 6 29833058.142
2 7 7149820.292
2 8 95356847.696
2 9 25065522.098
2 10 63077340.464
2 11 82022450.343
2 12 474124943.715
2 13 16738829.132
2 14 72514863.467
2 15 173794949.796
2 16 178560504.560
2 17 21344638.709
2 18 74726794.004
2 19 150685089.571
3 0 110596529.948
3 1 61439680.432
3 2 141426639.882
3 4 33309180.344
3 5 97940013.959
3 6 102848076.995
3 7 103998909.391
3 8 156801003.053
3 9 7770681.622
3 10 78089925.362
3 11 133920323.648
3 12 71950849.261
3 13 45040947.290
3 14 86445428.516
3 15 60227452.456
3 16 195675872.737
3 17 28296241.438
3 18 120839956.349
3 19 201912256.258
4 0 113929564.114
4 1 4749103.555
4 2 32602100.151
4 3 5265378.268
4 5 15756154.889
4 6 43474036.102
4 7 32138222.346
4 8 52690264.480
4 9 3478192.781
4 10 13348776.929
4 11 40800561.929
4 12 203848048.590
4 13 12843991.209
4 14 19762058.702
4 15 219164599.674
4 16 33644340.504
4 17 11508726.295
4 18 10184760.292
4 19 24769394.644
5 0 173184480.232
5 1 21801393.821
5 2 50084914.114
5 3 95353794.016
5 4 37195034.452
5 6 54227242.302
5 7 31423236.550
5 8 12854613.187
5 9 27490902.801
5 10 93593677.470
5 11 33628018.940
5 12 652898014.982
5 13 48453822.373
5 14 14313721.718
5 15 304817541.114
5 16 210588094.363
5 17 37823663.573
5 18 52408049.931
5 19 125938875.083
6 0 78642237.221
6 1 9697691.261
6 2 54247519.821
6 3 84723144.476
6 4 42241641.268
6 5 60003128.409
6 7 75970031.770
6 8 49144097.876
6 9 17139346.142
6 10 93809209.559
6 11 14084929.440
6 12 394400720.557
6 13 38288740.266
6 14 40977128.820
6 15 146214766.395
6 16 193900509.102
6 17 85254618.125
6 18 34795212.607
6 19 103813653.523
7 0 220996340.170
7 1 45458081.488
7 2 27625224.248
7 3 41552401.641
7 4 16392287.802
7 5 11184586.235
7 6 42495707.130
7 8 89733341.049
7 9 44087830.207
7 10 86576288.685
7 11 65792638.291
7 12 150954883.079
7 13 43261964.061
7 14 56221647.747
7 15 381072248.025
7 16 116750729.942
7 17 38008277.010
7 18 43395955.237
7 19 66196421.079
8 0 272463152.503
8 1 6259473.906
8 2 130166759.540
8 3 204010462.023
8 4 15454729.841
8 5 17090226.888
8 6 35489030.388
8 7 93683545.149
8 9 47799412.917
8 10 82357150.788
8 11 41887557.124
8 12 454466212.495
8 13 8715279.069
8 14 96338159.436
8 15 465404601.050
8 16 154290998.869
8 17 62280785.378
8 18 53444814.697
8 19 322415705.090
9 0 50013357.393
9 1 21113767.662
9 2 41736476.874
9 3 69325207.742
9 4 15731349.647
9 5 7392128.629
9 6 32661388.938
9 7 11212961.733
9 8 31835465.659
9 10 44268825.396
9 11 13290442.534
9 12 171581025.132
9 13 8347068.822
9 14 46436846.532
9 15 166759692.306
9 16 96513386.007
9 17 23986182.317
9 18 9966153.264
9 19 20022606.989
10 0 233101109.787
10 1 36813804.059
10 2 92245742.607
10 3 137320053.551
10 4 33568136.030
10 5 21732015.193
10 6 9656733.777
10 7 73475183.223
10 8 19524162.863
10 9 25936635.009
10 11 60933362.929
10 12 234214676.881
10 13 43452098.556
10 14 20954890.110
10 15 49988631.899
10 16 123020737.226
10 17 41334387.400
10 18 8940561.630
10 19 213019138.913
11 0 247940052.886
11 1 44989919.422
11 2 88710111.953
11 3 104866382.083
11 4 34296459.327
11 5 81235896.932
11 6 83155645.146
11 7 12573995.114
11 8 54589367.172
11 9 5771081.358
11 10 64531037.944
11 12 311483686.070
11 13 44754229.306
11 14 25715901.820
11 15 406805403.841
11 16 91885499.442
11 17 95546761.025
11 18 95334759.646
11 19 112776311.167
12 0 1086068507.948
12 1 103796387.892
12 2 580761584.828
12 3 656712564.285
12 4 74880772.348
12 5 296919850.242
12 6 64231016.911
12 7 48331983.110
12 8 289146416.546
12 9 84892088.665
12 10 647054650.615
12 11 626899499.702
12 13 298529173.693
12 14 520764393.168
12 15 1406220676.709
12 16 456755631.468
12 17 452837646.793
12 18 108233323.136
12 19 861616019.145
13 0 132654556.147
13 1 9172273.326
13 2 32185427.358
13 3 73757974.378
13 4 5944466.839
13 5 21638606.222
13 6 34572662.688
13 7 46900539.147
13 8 10498714.490
13 9 21437136.643
13 10 21202543.325
13 11 7083777.329
13 12 39918466.914
13 14 8446827.007
13 15 110272100.720
13 16 98734567.212
13 17 42552940.751
13 18 11874402.822
13 19 95601689.979
14 0 294249793.364
14 1 19430460.323
14 2 69699758.003
14 3 11150764.898
14 4 25205233.748
14 5 81961886.787
14 6 36813938.233
14 7 32249632.817
14 8 70167485.916
14 9 10713501.580
14 10 11391051.390
14 11 94206002.901
14 12 675328798.896
14 13 30447481.058
14 15 206075557.801
14 16 144230180.776
14 17 61059566.009
14 18 60397383.258
14 19 96770580.679
15 0 466137688.944
15 1 186149593.667
15 2 275458943.541
15 3 561538323.697
15 4 186259705.297
15 5 30626163.745
15 6 321269408.461
15 7 346370480.370
15 8 612916197.766
15 9 161874943.051
15 10 285307477.889
15 11 287577320.933
15 12 803874559.719
15 13 195260922.053
15 14 93144659.134
15 16 216919597.435
15 17 189529236.811
15 18 109113939.640
15 19 379122031.792
16 0 564397902.169
16 1 68302746.463
16 2 170467733.191
16 3 139274307.186
16 4 8029648.076
16 5 185593828.016
16 6 234900717.337
16 7 158630247.986
16 8 35307040.275
16 9 90036166.951
16 10 241895039.875
16 11 36946261.001
16 12 903835624.142
16 13 81299401.475
16 14 186774855.866
16 15 1072963028.246
16 17 116758619.933
16 18 209207533.101
16 19 331152725.899
17 0 319996649.115
17 1 31188188.080
17 2 51906627.346
17 3 136629341.378
17 4 20264706.050
17 5 7986068.826
17 6 85560255.750
17 7 57778306.946
17 8 23323317.062
17 9 28076342.671
17 10 22104521.216
17 11 82110061.205
17 12 512120970.606
17 13 10408002.063
17 14 85161348.281
17 15 428240130.761
17 16 82464609.162
17 18 39338135.276
17 19 204942419.654
18 0 342475988.261
18 1 36642926.578
18 2 12073653.493
18 3 119293268.371
18 4 5570486.527
18 5 18768745.417
18 6 65950098.482
18 7 10638586.031
18 8 38209879.732
18 9 11274954.267
18 10 11247991.973
18 11 19996479.690
18 12 670219299.756
18 13 14028403.316
18 14 22957523.956
18 15 270785181.132
18 16 136557059.317
18 17 60578717.876
18 19 91181701.460
19 0 135030645.993
19 1 77854148.134
19 2 193456713.965
19 3 136195805.503
19 4 65133940.752
19 5 186522324.199
19 6 19887494.255
19 7 46024643.726
19 8 344869815.094
19 9 7876664.919
19 10 79194533.585
19 11 18538877.657
19 12 1343991090.436
19 13 89604217.536
19 14 208218846.499
19 15 949014397.624
19 16 608861236.543
19 17 219173212.425
19 18 147393770.856
