380
0 1 109487199.245
0 2 328761342.813
0 3 494076770.094
0 4 143348308.623
0 5 212320469.105
0 6 297145121.985
0 7 322221164.919
0 8 340611039.202
0 9 106248113.425
0 10 272455204.327
0 11 107310470.850
0 12 2278833400.409
0 13 138816398.371
0 14 49089777.941
0 15 934748319.971
0 16 517184576.464
0 17 224573179.577
0 18 175115140.832
0 19 786774246.298
1 0 118811229.910
1 2 23824812.561
1 3 38485573.918
1 4 13417525.392
1 5 24559302.136
1 6 43103455.013
1 7 33546181.452
1 8 61963312.063
1 9 3254147.046
1 10 42455023.130
1 11 14541725.840
1 12 312403223.972
1 13 8710334.634
1 14 31946862.743
1 15 82222815.505
1 16 50132143.520
1 17 35101016.735
1 18 43290417.073
1 19 120998180.359
2 0 88585866.671
2 1 45963189.593
2 3 68073537.373
2 4 31871068.226
2 5 33078473.549
2 6 18739044.358
2 7 86299486.807
2 8 105818596.151
2 9 47025873.998
2 10 43234732.164
2 11 61521865.916
2 12 370357481.180
2 13 42794053.243
2 14 76799588.336
2 15 142968671.096
2 16 87285840.769
2 17 62070793.642
2 18 95634289.997
2 19 145731640.467
3 0 279481906.968
3 1 7902029.611
3 2 79299629.313
3 4 37573496.374
3 5 106957460.417
3 6 53233201.873
3 7 135255103.200
3 8 155384306.440
3 9 26972589.569
3 10 63392673.842
3 11 134930610.252
3 12 397632884.320
3 13 14631121.731
3 14 84354082.431
3 15 579519009.119
3 16 257511175.766
3 17 19793529.965
3 18 101547607.440
3 19 54170892.227
4 0 144862194.021
4 1 10248395.799
4 2 14175212.575
4 3 24365944.364
4 5 19844411.269
4 6 24799190.629
4 7 4653603.932
4 8 7500839.707
4 9 21470511.324
4 10 48419764.017
4 11 44030338.982
4 12 51448187.579
4 13 9013644.931
4 14 20459969.439
4 15 84486591.205
4 16 105972228.288
4 17 21759326.916
4 18 33702578.176
4 19 84468334.750
5 0 178550036.604
5 1 29647342.954
5 2 61895049.398
5 3 90098281.772
5 4 42164556.695
5 6 42054345.576
5 7 11006274.222
5 8 41511694.877
5 9 5012929.481
5 10 45202239.731
5 11 24562171.397
5 12 252576599.245
5 13 38582756.920
5 14 26072463.440
5 15 393670135.366
5 16 104251856.388
5 17 63071340.029
5 18 75427484.450
5 19 151377327.213
6 0 218303127.295
6 1 7759321.437
6 2 15984174.095
6 3 128858814.046
6 4 37138437.254
6 5 43574215.644
6 7 71056302.258
6 8 25669236.625
6 9 35991914.399
6 10 80479540.213
6 11 30973595.096
6 12 191678602.106
6 13 26695075.639
6 14 72847825.677
6 15 377449636.853
6 16 64631663.622
6 17 80868148.864
6 18 82882548.749
6 19 40482877.793
7 0 254022831.307
7 1 5837115.174
7 2 24310490.402
7 3 126574732.886
7 4 13278918.567
7 5 82704294.763
7 6 35943933.402
7 8 86650471.993
7 9 16070951.989
7 10 77859024.766
7 11 20504958.989
7 12 185643065.448
7 13 24307799.269
7 14 79825134.225
7 15 212395567.265
7 16 38700951.960
7 17 36594582.795
7 18 30767484.367
7 19 33047573.994
8 0 253610932.230
8 1 7420450.034
8 2 97076819.577
8 3 93709594.632
8 4 72746563.904
8 5 53173624.555
8 6 45468916.697
8 7 64059902.530
8 9 58416441.263
8 10 146711904.379
8 11 143605582.665
8 12 643193692.921
8 13 9247695.576
8 14 96707234.388
8 15 324515075.182
8 16 108652653.762
8 17 70417483.436
8 18 17190442.877
8 19 151577566.978
9 0 135609453.117
9 1 3250510.974
9 2 32730168.830
9 3 9210050.090
9 4 5955200.919
9 5 32057024.615
9 6 40878782.805
9 7 20481329.134
9 8 71410244.824
9 10 11781589.489
9 11 11889388.910
9 12 74786947.174
9 13 19478801.442
9 14 16723108.822
9 15 209917866.724
9 16 29905762.724
9 17 39925357.047
9 18 41825484.254
9 19 15765524.508
10 0 318086884.428
10 1 24919009.116
10 2 64146252.668
10 3 77646375.746
10 4 44466131.871
10 5 11684311.602
10 6 52980059.836
10 7 87916690.297
10 8 92174513.848
10 9 10918957.181
10 11 49914312.425
10 12 282876529.781
10 13 39033945.557
10 14 69268673.462
10 15 318097006.988
10 16 122335335.383
10 17 69992321.962
10 18 87532228.851
10 19 121488241.470
11 0 227908948.544
11 1 44346377.348
11 2 55768916.769
11 3 109809817.161
11 4 49093610.178
11 5 78122935.062
11 6 28427790.507
11 7 74819198.545
11 8 29231276.289
11 9 19700708.030
11 10 27009378.353
11 12 74361177.684
11 13 37533103.488
11 14 63665912.468
11 15 328091907.256
11 16 25932625.367
11 17 15886275.969
11 18 71922896.823
11 19 209661208.913
12 0 285447727.993
12 1 97724603.465
12 2 269883996.260
12 3 764024833.425
12 4 271858446.225
12 5 513150108.953
12 6 128142998.401
12 7 646306851.541
12 8 98946023.046
12 9 309458387.402
12 10 625837673.403
12 11 361716261.631
12 13 220914386.861
12 14 650448111.267
12 15 1833261751.493
12 16 1549845837.533
12 17 581009005.727
12 18 607821896.120
12 19 184782051.884
13 0 15378949.716
13 1 21411650.432
13 2 35724486.501
13 3 8696733.886
13 4 21877297.003
13 5 26279319.552
13 6 39752890.701
13 7 30946038.089
13 8 47980940.310
13 9 17092937.589
13 10 4423067.058
13 11 44787484.187
13 12 340892560.886
13 14 23819433.445
13 15 99398503.267
13 16 36306057.720
13 17 42051393.260
13 18 42533092.782
13 19 100721677.407
14 0 267388842.162
14 1 27718991.316
14 2 18973051.890
14 3 25740971.868
14 4 30802892.519
14 5 26735443.790
14 6 39038679.986
14 7 79461586.122
14 8 112224343.495
14 9 33727922.532
14 10 13248822.062
14 11 39302555.836
14 12 218179166.511
14 13 13729689.156
14 15 208139606.685
14 16 99412726.092
14 17 95117147.904
14 18 47551027.620
14 19 243699066.292
15 0 304288441.334
15 1 118999012.730
15 2 147148012.007
15 3 324653718.996
15 4 71370735.098
15 5 382052243.834
15 6 329932797.652
15 7 350605594.765
15 8 226537501.775
15 9 121154799.788
15 10 137585304.937
15 11 221568015.645
15 12 2546677508.063
15 13 137941043.459
15 14 108278706.282
15 16 662037843.132
15 17 261920426.421
15 18 108354828.371
15 19 590536413.790
16 0 541713502.242
16 1 26099427.472
16 2 67060647.734
16 3 221113086.393
16 4 17461760.410
16 5 68365171.027
16 6 222208121.490
16 7 160456330.511
16 8 88913549.612
16 9 112094288.227
16 10 180143614.493
16 11 55989702.001
16 12 1047714759.440
16 13 88360235.328
16 14 28473122.554
16 15 619122748.321
16 17 79559986.533
16 18 189462762.011
16 19 236138513.356
17 0 245129618.770
17 1 47822631.898
17 2 69159217.343
17 3 143877009.894
17 4 28410548.722
17 5 32956461.789
17 6 7277105.080
17 7 50838840.503
17 8 133844218.043
17 9 6559816.983
17 10 18251932.558
17 11 13788010.155
17 12 650985547.024
17 13 34828696.336
17 14 55572415.712
17 15 140394093.346
17 16 222104825.445
17 18 83352272.461
17 19 97993561.876
18 0 334568738.226
18 1 22374983.504
18 2 71847734.280
18 3 72501274.828
18 4 22209855.171
18 5 47297954.481
18 6 45233061.621
18 7 41441112.745
18 8 35080513.284
18 9 19760810.030
18 10 23786886.213
18 11 81623477.508
18 12 215848749.543
18 13 31809067.976
18 14 97742452.411
18 15 200246898.318
18 16 142142991.166
18 17 80795999.704
18 19 26687706.775
19 0 723008708.377
19 1 7970521.953
19 2 82126452.585
19 3 117224685.312
19 4 44956631.939
19 5 118510231.709
19 6 224205906.144
19 7 105143641.960
19 8 273719517.068
19 9 92351645.098
19 10 151439917.565
19 11 54452045.693
19 12 1608246057.376
19 13 78511144.917
19 14 34289888.817
19 15 157846271.396
19 16 516671856.294
19 17 104314912.208
19 18 86255642.473
