380
0 1 156167950.920
0 2 200640805.326
0 3 217501488.558
0 4 136019294.659
0 5 287579340.663
0 6 242120163.551
0 7 259649841.115
0 8 34260953.569
0 9 38540476.458
0 10 125103103.466
0 11 91285718.287
0 12 2033533434.484
0 13 18673026.455
0 14 193430884.132
0 15 558322331.402
0 16 749745765.081
0 17 238212733.054
0 18 164234221.633
0 19 114581098.080
1 0 86011759.532
1 2 5898527.775
1 3 42548720.663
1 4 11917498.134
1 5 41904514.926
1 6 18625470.769
1 7 30344162.577
1 8 17442802.500
1 9 16202707.612
1 10 40647877.777
1 11 25189906.542
1 12 330460213.566
1 13 2445087.468
1 14 37152364.971
1 15 154664890.793
1 16 114174717.728
1 17 41189093.034
1 18 36353347.473
1 19 101491282.149
2 0 204359842.028
2 1 32019604.803
2 3 140968008.507
2 4 5271151.107
2 5 89942314.234
2 6 47463336.707
2 7 76451626.240
2 8 92022810.489
2 9 19441452.931
2 10 72655211.728
2 11 66035395.656
2 12 139058876.223
2 13 28046634.860
2 14 43044802.120
2 15 168648495.311
2 16 115256742.951
2 17 39996160.895
2 18 55850906.601
2 19 216659052.335
3 0 429332819.619
3 1 48954685.524
3 2 69281489.156
3 4 17667423.812
3 5 28271558.422
3 6 62387665.175
3 7 97970331.757
3 8 46943412.343
3 9 73362116.511
3 10 74716739.867
3 11 129488342.480
3 12 1007455252.485
3 13 20156681.709
3 14 107825824.003
3 15 95731489.202
3 16 279660524.367
3 17 43111069.184
3 18 54327435.679
3 19 132619365.354
4 0 76291576.070
4 1 1692802.526
4 2 17264784.661
4 3 13983668.263
4 5 10402052.416
4 6 48648952.974
4 7 26009938.706
4 8 53448150.589
4 9 2493551.435
4 10 20243704.436
4 11 46830299.707
4 12 74471215.776
4 13 16652902.647
4 14 38637415.869
4 15 201026705.896
4 16 68026987.485
4 17 26596164.229
4 18 18163476.323
4 19 107081192.349
5 0 89874813.052
5 1 12694564.151
5 2 39574383.640
5 3 112199810.353
5 4 7208091.638
5 6 59251386.513
5 7 31123213.424
5 8 15724307.868
5 9 4164707.632
5 10 62668325.959
5 11 20602779.652
5 12 221988578.913
5 13 48075543.283
5 14 62790601.365
5 15 290198379.605
5 16 232876767.923
5 17 64794246.449
5 18 81833027.351
5 19 214890881.322
6 0 298466191.698
6 1 27409871.674
6 2 26225871.746
6 3 62901301.226
6 4 18738346.924
6 5 93133289.728
6 7 86552191.500
6 8 91334899.039
6 9 43131830.981
6 10 56962967.064
6 11 38792020.103
6 12 365896276.593
6 13 30837802.586
6 14 25748451.592
6 15 52710842.023
6 16 144490682.163
6 17 80451835.195
6 18 67875122.172
6 19 100974040.639
7 0 39390390.752
7 1 43562176.504
7 2 12186848.782
7 3 33109968.619
7 4 24593211.067
7 5 77284950.828
7 6 12081117.484
7 8 84675517.140
7 9 3400425.819
7 10 63411106.333
7 11 59699061.054
7 12 231311987.129
7 13 36011053.786
7 14 82832625.393
7 15 393117079.965
7 16 122200495.946
7 17 28860533.440
7 18 55465480.434
7 19 201414954.881
8 0 33237782.372
8 1 43585469.965
8 2 103898363.242
8 3 24857080.788
8 4 41389580.917
8 5 22599507.039
8 6 114920164.319
8 7 137086950.364
8 9 27950087.214
8 10 84011592.722
8 11 106700768.350
8 12 507377150.513
8 13 33052590.617
8 14 81111222.618
8 15 400533777.451
8 16 337077046.071
8 17 140868298.362
8 18 85115336.713
8 19 58175372.244
9 0 138031746.893
9 1 10717840.975
9 2 48215794.164
9 3 29356946.203
9 4 15774020.031
9 5 11736037.154
9 6 21764713.402
9 7 44409038.401
9 8 70951887.334
9 10 11828815.567
9 11 5234146.866
9 12 205428027.619
9 13 16358332.345
9 14 46112126.103
9 15 44255105.774
9 16 47556057.343
9 17 7152066.810
9 18 29617455.064
9 19 98837648.591
10 0 281422052.689
10 1 13696600.116
10 2 42946514.589
10 3 97822497.538
10 4 32638631.300
10 5 84484063.579
10 6 60219024.313
10 7 96202816.635
10 8 9718021.122
10 9 9481780.868
10 11 75128300.296
10 12 227825423.239
10 13 19814001.187
10 14 11467888.533
10 15 190426046.719
10 16 129553846.417
10 17 97352408.376
10 18 29026625.858
10 19 124514126.996
11 0 134057679.694
11 1 35329572.028
11 2 27349720.208
11 3 38471794.141
11 4 6618245.066
11 5 12280342.115
11 6 65208542.872
11 7 76464275.167
11 8 123126184.733
11 9 32910295.114
11 10 53423231.167
11 12 217521347.840
11 13 4103757.615
11 14 91585338.496
11 15 263527474.517
11 16 168058787.416
11 17 16279487.099
11 18 56527407.497
11 19 64648845.139
12 0 1669353966.759
12 1 293115507.465
12 2 111453247.621
12 3 644575775.477
12 4 329744732.178
12 5 45859965.580
12 6 363630394.258
12 7 317705855.013
12 8 756690639.501
12 9 102294521.441
12 10 449867561.457
12 11 631866472.582
12 13 183503683.843
12 14 399582670.803
12 15 1025406429.546
12 16 1324641049.604
12 17 246342854.424
12 18 643845376.000
12 19 474665725.001
13 0 125185379.226
13 1 14697278.351
13 2 23712664.409
13 3 18763132.320
13 4 19777718.386
13 5 45285353.635
13 6 33585110.484
13 7 31288386.828
13 8 67033543.376
13 9 8551720.219
13 10 13783357.067
13 11 8804765.207
13 12 264784033.999
13 14 21270935.234
13 15 100347036.673
13 16 37799844.194
13 17 20147292.736
13 18 22913796.078
13 19 15009246.601
14 0 30779095.220
14 1 4548895.891
14 2 95643194.676
14 3 29897201.574
14 4 41220938.025
14 5 88867167.489
14 6 97386100.957
14 7 58169473.188
14 8 41533181.292
14 9 6338763.096
14 10 94031498.036
14 11 84166444.527
14 12 412244575.396
14 13 12036075.084
14 15 402990391.673
14 16 229780658.923
14 17 21951654.623
14 18 90312972.381
14 19 233223288.768
15 0 1431278996.600
15 1 188438093.100
15 2 392096565.203
15 3 334321836.723
15 4 135507957.144
15 5 440426354.958
15 6 219681820.218
15 7 298769556.804
15 8 503353431.500
15 9 124428852.592
15 10 109275008.451
15 11 262510405.619
15 12 1871242170.699
15 13 42810538.514
15 14 375504529.793
15 16 339274369.275
15 17 105927232.113
15 18 436855487.825
15 19 1020630919.728
16 0 706723638.932
16 1 106903184.503
16 2 59699328.127
16 3 249543062.128
16 4 13943985.030
16 5 145394447.366
16 6 97883042.609
16 7 75336002.096
16 8 98249037.091
16 9 79854844.912
16 10 158867177.936
16 11 230431086.518
16 12 1544980814.250
16 13 22398675.305
16 14 194510529.500
16 15 1021827204.708
16 17 176424413.975
16 18 117360678.519
16 19 581589962.978
17 0 195416610.812
17 1 11587431.004
17 2 33829279.957
17 3 102661776.434
17 4 42928639.198
17 5 66322829.783
17 6 32162044.671
17 7 22360573.520
17 8 51944621.046
17 9 49033334.304
17 10 43582487.261
17 11 46298257.078
17 12 447907631.850
17 13 43188033.645
17 14 59921282.663
17 15 158290787.895
17 16 155659876.447
17 18 11202974.017
17 19 89057915.335
18 0 202942198.147
18 1 9092495.391
18 2 15673336.629
18 3 79760387.452
18 4 47392273.617
18 5 71850067.321
18 6 80670872.190
18 7 74128444.667
18 8 38352933.924
18 9 10061119.709
18 10 7650594.068
18 11 17893120.486
18 12 371148271.576
18 13 7971001.421
18 14 46094529.530
18 15 71888659.096
18 16 230056425.060
18 17 93729745.491
18 19 176232968.926
19 0 422459806.080
19 1 104805646.214
19 2 223854410.571
19 3 212605717.447
19 4 31807142.137
19 5 137201654.248
19 6 128361672.333
19 7 229346221.232
19 8 298755480.200
19 9 115043144.151
19 10 229938712.441
19 11 208253349.856
19 12 422549325.097
19 13 98519627.276
19 14 72326478.874
19 15 364129658.347
19 16 593563943.707
19 17 54888459.989
19 18 167983328.301
