380
0 1 24028052.318
0 2 31398944.786
0 3 350478999.357
0 4 85981972.987
0 5 38191408.169
0 6 145940420.330
0 7 304746020.824
0 8 357077526.164
0 9 49143902.806
0 10 338905771.748
0 11 137550193.272
0 12 2043220543.825
0 13 126920391.527
0 14 55778265.563
0 15 251756859.887
0 16 690441504.457
0 17 185816779.004
0 18 149058458.487
0 19 294115861.322
1 0 129410265.411
1 2 20448404.944
1 3 21075857.860
1 4 2069162.139
1 5 12786997.826
1 6 44631143.129
1 7 37024821.612
1 8 68349167.818
1 9 18048576.462
1 10 36525116.476
1 11 35273187.929
1 12 134288356.572
1 13 1928150.767
1 14 38734489.213
1 15 103165801.956
1 16 65063986.440
1 17 9518241.056
1 18 8001807.307
1 19 83839187.991
2 0 89807394.573
2 1 17522245.125
2 3 143405976.681
2 4 20012332.087
2 5 76884117.890
2 6 49524654.792
2 7 95650802.558
2 8 12441530.802
2 9 3198433.570
2 10 94038554.104
2 11 67789543.326
2 12 49300721.071
2 13 33436205.061
2 14 49015859.231
2 15 269462941.012
2 16 161852300.148
2 17 15514302.634
2 18 69798516.888
2 19 239848205.355
3 0 140431678.416
3 1 66164337.334
3 2 54663833.859
3 4 66769072.911
3 5 91464798.592
3 6 98643365.840
3 7 97340121.092
3 8 64917123.482
3 9 18769018.189
3 10 130736932.246
3 11 20217505.711
3 12 694091930.006
3 13 49853979.797
3 14 139216112.646
3 15 481868501.835
3 16 249576955.336
3 17 76195366.850
3 18 43657223.520
3 19 254487670.532
4 0 82885767.362
4 1 18039301.343
4 2 9660085.543
4 3 25203422.333
4 5 35476718.679
4 6 29019997.900
4 7 28124097.629
4 8 10729912.267
4 9 2918954.263
4 10 22330899.893
4 11 26863487.854
4 12 146773085.915
4 13 6027814.550
4 14 32415361.395
4 15 184176656.506
4 16 111260515.449
4 17 42729962.552
4 18 15794285.329
4 19 19687176.576
5 0 286133473.231
5 1 39827472.236
5 2 31870575.517
5 3 132212587.659
5 4 46258218.693
5 6 16052564.162
5 7 23172252.807
5 8 35871070.952
5 9 37578855.599
5 10 50442195.215
5 11 54155983.073
5 12 190017914.820
5 13 30963843.251
5 14 85801886.588
5 15 131662010.780
5 16 142130337.507
5 17 27558363.084
5 18 43566414.798
5 19 188963081.324
6 0 45136665.833
6 1 8761228.548
6 2 66208881.968
6 3 16598943.752
6 4 6238292.624
6 5 21310950.237
6 7 8025345.338
6 8 25810423.243
6 9 30992318.760
6 10 10538884.745
6 11 69012849.688
6 12 649132853.449
6 13 3477690.160
6 14 83937777.827
6 15 285719976.697
6 16 183633536.147
6 17 73821451.977
6 18 26651052.819
6 19 43186507.601
7 0 67106609.893
7 1 22949749.659
7 2 38026541.891
7 3 30464483.530
7 4 23858012.428
7 5 59145684.731
7 6 6232285.867
7 8 109963922.237
7 9 16017493.385
7 10 11188450.976
7 11 53732765.137
7 12 399860278.275
7 13 36292931.755
7 14 34439602.217
7 15 380088843.576
7 16 220849611.429
7 17 63893669.362
7 18 38032102.757
7 19 231489062.068
8 0 102496808.987
8 1 23869484.578
8 2 45191762.068
8 3 134441662.526
8 4 4620068.956
8 5 34480073.021
8 6 76431093.523
8 7 79564870.923
8 9 52435224.858
8 10 47207256.251
8 11 95909434.047
8 12 906406320.337
8 13 45289511.150
8 14 90492964.601
8 15 598716402.571
8 16 267161547.145
8 17 126292601.587
8 18 52602258.506
8 19 52629684.997
9 0 42041966.608
9 1 4779795.276
9 2 12896652.604
9 3 24522908.937
9 4 22583430.342
9 5 4132145.479
9 6 39192575.404
9 7 3652317.939
9 8 55522755.866
9 10 39444098.871
9 11 39977908.518
9 12 165925816.513
9 13 21074961.097
9 14 21038136.238
9 15 102420704.117
9 16 61664750.200
9 17 18733651.825
9 18 37875619.471
9 19 79546075.117
10 0 175428642.155
10 1 9766129.554
10 2 64111009.718
10 3 109919527.692
10 4 30001125.829
10 5 65819973.344
10 6 32043542.606
10 7 89582929.421
10 8 94955998.222
10 9 43765335.646
10 11 77744634.718
10 12 533548029.644
10 13 34119256.946
10 14 42254587.795
10 15 361720480.971
10 16 57846703.010
10 17 75649102.597
10 18 84780540.857
10 19 206689969.379
11 0 56760138.198
11 1 18214183.636
11 2 56836322.975
11 3 79408669.983
11 4 27999017.252
11 5 68673129.610
11 6 44887873.769
11 7 66536263.943
11 8 82188407.141
11 9 17976544.411
11 10 61126936.016
11 12 122856094.384
11 13 16520464.670
11 14 79974354.152
11 15 78481673.443
11 16 141704067.770
11 17 84452011.161
11 18 53558027.171
11 19 56703698.591
12 0 2190924809.187
12 1 120777412.221
12 2 202125352.033
12 3 582598981.989
12 4 91550092.632
12 5 205483600.400
12 6 473175823.397
12 7 292794451.317
12 8 268315400.731
12 9 226008003.736
12 10 219433246.258
12 11 370737697.663
12 13 227498875.291
12 14 72245901.809
12 15 2749089435.478
12 16 534726890.211
12 17 348648140.820
12 18 272401132.916
12 19 251882123.398
13 0 31336041.978
13 1 13830062.102
13 2 8158517.540
13 3 54555747.005
13 4 6370706.098
13 5 29410713.593
13 6 33521541.635
13 7 45873292.745
13 8 66688546.624
13 9 6229415.227
13 10 17316435.156
13 11 19511211.382
13 12 102193107.766
13 14 34446978.225
13 15 14949458.133
13 16 61518471.458
13 17 25231968.445
13 18 45544252.071
13 19 21105917.477
14 0 127510375.835
14 1 41234555.431
14 2 61257129.278
14 3 118075924.159
14 4 6991766.497
14 5 26301152.949
14 6 86823588.904
14 7 66431169.457
14 8 129509287.314
14 9 7677169.427
14 10 55010524.778
14 11 84875820.502
14 12 413718849.798
14 13 29142159.079
14 15 246526105.358
14 16 127576663.605
14 17 14907947.788
14 18 12388426.982
14 19 211232023.788
15 0 667782380.777
15 1 218647721.145
15 2 379824324.293
15 3 268730707.577
15 4 158052774.687
15 5 216148039.520
15 6 158720245.224
15 7 113514506.132
15 8 47215233.915
15 9 180897004.142
15 10 375464048.775
15 11 187431374.528
15 12 1689411953.808
15 13 64534694.308
15 14 319675474.871
15 16 487645640.752
15 17 92622736.095
15 18 271422508.250
15 19 397778494.666
16 0 142107707.853
16 1 25101260.463
16 2 174508863.851
16 3 214056272.973
16 4 121265546.524
16 5 71823339.072
16 6 178599355.986
16 7 242658232.712
16 8 351812042.600
16 9 25453733.160
16 10 198060667.134
16 11 60888266.983
16 12 1718652248.576
16 13 45583890.665
16 14 90432903.326
16 15 293660275.128
16 17 130704839.722
16 18 185137610.764
16 19 473825816.627
17 0 113789407.002
17 1 29733317.049
17 2 23504666.096
17 3 13039804.019
17 4 20435623.694
17 5 68472580.857
17 6 19828253.948
17 7 12108042.689
17 8 52842948.147
17 9 7073435.499
17 10 20553056.119
17 11 65512805.440
17 12 682029486.976
17 13 15252464.037
17 14 87671004.312
17 15 343136875.745
17 16 37786247.373
17 18 83784035.422
17 19 196014278.443
18 0 338254090.736
18 1 17162013.939
18 2 71695454.755
18 3 99806948.300
18 4 19764259.312
18 5 61967287.838
18 6 78684907.667
18 7 20796675.606
18 8 9899030.282
18 9 46377684.604
18 10 24875066.702
18 11 14234687.884
18 12 105551493.910
18 13 32110826.686
18 14 51730821.676
18 15 204447238.245
18 16 172771798.505
18 17 29201098.544
18 19 208425029.797
19 0 644985407.458
19 1 61206876.910
19 2 85303281.249
19 3 157203374.363
19 4 82451085.810
19 5 92726601.769
19 6 57552353.320
19 7 171155791.108
19 8 323806542.131
19 9 12254933.365
19 10 225977774.469
19 11 23623847.125
19 12 1254150811.038
19 13 42806419.932
19 14 89751503.280
19 15 569553306.169
19 16 505722659.232
19 17 219054428.938
19 18 202746993.605
