380
0 1 90161127.237
0 2 140104558.513
0 3 366914909.640
0 4 78266585.166
0 5 122288276.529
0 6 119111748.222
0 7 34260743.972
0 8 75741757.257
0 9 92334332.720
0 10 134869740.252
0 11 300013560.289
0 12 878129012.884
0 13 58058406.171
0 14 202381499.024
0 15 1490397044.269
0 16 574505607.039
0 17 136804960.619
0 18 163203009.754
0 19 523222915.087
1 0 92344180.094
1 2 40606943.712
1 3 36153912.744
1 4 19566777.681
1 5 24810874.814
1 6 25741414.467
1 7 37057728.069
1 8 38471146.604
1 9 4328542.663
1 10 31360847.884
1 11 40945802.321
1 12 214063004.744
1 13 10073363.722
1 14 48680817.951
1 15 189252085.160
1 16 69149845.815
1 17 17469662.030
1 18 11814503.968
1 19 63977285.887
2 0 195232503.133
2 1 23668699.154
2 3 71820918.797
2 4 47501099.436
2 5 22813494.083
2 6 84042279.949
2 7 32733783.949
2 8 27950395.868
2 9 36247142.171
2 10 31149042.276
2 11 49134545.974
2 12 435776633.051
2 13 43175531.251
2 14 21272507.875
2 15 163228402.613
2 16 177715390.585
2 17 58924243.765
2 18 87923379.273
2 19 86035422.180
3 0 162998541.246
3 1 71962179.778
3 2 67780942.202
3 4 70841996.037
3 5 39872517.046
3 6 87965881.971
3 7 135392840.266
3 8 139436204.160
3 9 12077066.486
3 10 128225538.783
3 11 36488948.742
3 12 752162285.885
3 13 13011959.593
3 14 86128767.043
3 15 353552321.000
3 16 224992715.087
3 17 96588324.967
3 18 63624077.351
3 19 147413571.018
4 0 145589920.046
4 1 11657311.781
4 2 14941532.478
4 3 21965936.400
4 5 15905773.025
4 6 15102615.394
4 7 22662150.365
4 8 68260785.462
4 9 4219468.721
4 10 4367094.106
4 11 49049680.181
4 12 216992012.449
4 13 2068305.868
4 14 41451670.125
4 15 48520279.095
4 16 103596136.602
4 17 42536583.526
4 18 39073825.292
4 19 28757029.336
5 0 217067395.135
5 1 27888609.101
5 2 82775170.210
5 3 15283353.524
5 4 20710526.634
5 6 32567973.541
5 7 44919492.128
5 8 111458378.585
5 9 22097575.442
5 10 48477463.435
5 11 46852981.125
5 12 530645711.653
5 13 47762109.273
5 14 78040991.602
5 15 219719086.764
5 16 206005298.162
5 17 27130528.840
5 18 25398445.947
5 19 108444850.638
6 0 80336473.169
6 1 26125930.336
6 2 30161490.809
6 3 81015795.694
6 4 43598230.095
6 5 77818611.213
6 7 58511291.094
6 8 86307094.729
6 9 45311453.266
6 10 18807392.522
6 11 51966635.029
6 12 118242423.436
6 13 20496186.047
6 14 90930608.272
6 15 167187480.105
6 16 149534443.310
6 17 16200308.421
6 18 30825849.899
6 19 60207573.716
7 0 260766100.362
7 1 14528536.437
7 2 68268202.703
7 3 61410012.794
7 4 15502361.098
7 5 65614973.692
7 6 93996095.766
7 8 101217349.261
7 9 16072680.220
7 10 83507575.800
7 11 17196125.450
7 12 631510408.973
7 13 16094583.197
7 14 62995255.401
7 15 272883015.374
7 16 189222532.172
7 17 14838269.622
7 18 21713416.394
7 19 38750915.155
8 0 350627931.112
8 1 18686797.120
8 2 94203129.236
8 3 135092341.980
8 4 27046644.931
8 5 106064393.165
8 6 43452212.403
8 7 139960753.754
8 9 18775293.161
8 10 99466011.186
8 11 112800428.411
8 12 699660393.623
8 13 35979826.709
8 14 95061822.052
8 15 80120973.092
8 16 327546644.053
8 17 36783724.949
8 18 19251689.048
8 19 80358944.878
9 0 154762277.241
9 1 5926465.968
9 2 25462853.117
9 3 6549454.862
9 4 8801877.107
9 5 42938170.134
9 6 18700633.742
9 7 21610777.530
9 8 53950965.684
9 10 8941588.525
9 11 33126180.890
9 12 160361545.909
9 13 17167698.665
9 14 23320727.215
9 15 40586730.467
9 16 59233196.250
9 17 28851296.381
9 18 48383884.171
9 19 21187985.372
10 0 130268158.144
10 1 30650605.228
10 2 93512270.720
10 3 47106971.105
10 4 16785575.759
10 5 34043424.103
10 6 68976401.114
10 7 41611123.204
10 8 101401607.442
10 9 12968997.267
10 11 62535728.488
10 12 651863769.520
10 13 6595667.235
10 14 75097563.941
10 15 398923753.852
10 16 119832607.085
10 17 73044221.990
10 18 37468577.604
10 19 83348013.199
11 0 114447649.609
11 1 14372311.835
11 2 7918171.892
11 3 55004823.046
11 4 36407185.080
11 5 76937395.509
11 6 7775008.822
11 7 7560956.761
11 8 24477301.362
11 9 6806122.870
11 10 80444742.982
11 12 545728467.044
11 13 15146698.786
11 14 46673760.999
11 15 296181228.753
11 16 65414117.402
11 17 9556522.338
11 18 8093450.436
11 19 48177904.797
12 0 659370509.008
12 1 131690530.242
12 2 374854411.198
12 3 529169753.919
12 4 147360464.932
12 5 538575667.673
12 6 681593426.079
12 7 115568129.855
12 8 1025067690.518
12 9 238009729.212
12 10 249751045.206
12 11 325540279.312
12 13 76470924.120
12 14 282824086.889
12 15 295513145.238
12 16 860809703.182
12 17 476572434.716
12 18 327472557.806
12 19 923943389.817
13 0 123064279.369
13 1 16299611.959
13 2 45248008.272
13 3 72424318.269
13 4 4713835.420
13 5 42531159.353
13 6 48198041.500
13 7 32861615.986
13 8 17583027.045
13 9 19343884.803
13 10 25928881.781
13 11 18029365.595
13 12 322018447.549
13 14 20916221.185
13 15 122280567.206
13 16 41994977.212
13 17 25285319.262
13 18 9212042.037
13 19 103162301.648
14 0 290526403.023
14 1 17529625.127
14 2 94428862.799
14 3 121090483.790
14 4 40784941.439
14 5 86406221.021
14 6 52988704.861
14 7 41586122.083
14 8 136347301.388
14 9 25603492.441
14 10 90605495.970
14 11 69071861.080
14 12 529159216.903
14 13 34188823.291
14 15 391327583.224
14 16 167982126.130
14 17 58977006.631
14 18 34115296.546
14 19 194734548.149
15 0 220738553.248
15 1 192841740.752
15 2 201971228.527
15 3 516966719.950
15 4 87053456.756
15 5 291818520.841
15 6 319518387.432
15 7 37475240.457
15 8 336927294.315
15 9 66262933.138
15 10 136533066.311
15 11 274492380.141
15 12 2232890846.591
15 13 57040727.914
15 14 243752355.589
15 16 285985195.574
15 17 339190872.596
15 18 359974467.546
15 19 378502767.078
16 0 525710999.951
16 1 69652693.703
16 2 125351891.095
16 3 45109236.797
16 4 30158175.298
16 5 174084319.182
16 6 138695248.211
16 7 56988505.171
16 8 196782852.639
16 9 57470187.962
16 10 29767624.694
16 11 151825261.154
16 12 818355031.547
16 13 101722717.465
16 14 146037839.248
16 15 1046284830.161
16 17 97827496.321
16 18 44317990.245
16 19 590730982.505
17 0 256488194.717
17 1 38253596.258
17 2 73650186.452
17 3 109479178.473
17 4 41627235.452
17 5 42005431.873
17 6 47452225.027
17 7 43499278.666
17 8 121566616.681
17 9 23916831.369
17 10 52933991.255
17 11 12337862.087
17 12 614977320.804
17 13 12237407.109
17 14 68745692.518
17 15 212155914.373
17 16 235021929.638
17 18 67386597.517
17 19 83107790.110
18 0 128618128.540
18 1 9933599.343
18 2 40735548.869
18 3 130104774.970
18 4 32133263.931
18 5 81149958.020
18 6 11789658.716
18 7 71386081.756
18 8 39366738.427
18 9 41927769.615
18 10 83966330.327
18 11 36309185.513
18 12 295866384.874
18 13 16987080.969
18 14 70107849.801
18 15 60310597.554
18 16 135059152.526
18 17 87954047.733
18 19 231534951.846
19 0 538703688.199
19 1 27111386.385
19 2 91640882.672
19 3 229132073.494
19 4 10283836.052
19 5 108151546.949
19 6 152931574.752
19 7 138097422.790
19 8 83026544.658
19 9 27765832.112
19 10 226197246.945
19 11 85596135.626
19 12 681501870.570
19 13 63964682.226
19 14 192533025.130
19 15 768327181.061
19 16 597959411.509
19 17 165002360.174
19 18 97543982.725
