380
0 1 154871633.307
0 2 249704786.001
0 3 245677989.078
0 4 111278429.343
0 5 61024728.612
0 6 304026244.939
0 7 101687074.344
0 8 426616874.374
0 9 139792478.594
0 10 41783399.662
0 11 330257450.037
0 12 736344087.678
0 13 38435580.365
0 14 292937300.461
0 15 350479252.442
0 16 776776163.541
0 17 82638347.310
0 18 84382027.175
0 19 159822998.075
1 0 140455002.200
1 2 38426971.487
1 3 59863243.522
1 4 2755797.770
1 5 33939922.397
1 6 29925606.285
1 7 3409569.700
1 8 50849586.948
1 9 23071967.920
1 10 36734239.763
1 11 9814589.102
1 12 119188296.619
1 13 10965559.198
1 14 36414113.449
1 15 19492094.475
1 16 29376787.548
1 17 12935371.555
1 18 11083214.095
1 19 29272381.456
2 0 68088506.649
2 1 35027841.371
2 3 63714392.084
2 4 23315561.609
2 5 28815492.493
2 6 69184525.971
2 7 24198176.160
2 8 132689039.888
2 9 26479495.546
2 10 13569283.201
2 11 15570234.488
2 12 565338846.045
2 13 40477795.153
2 14 16836248.300
2 15 336393004.437
2 16 66218775.129
2 17 82082051.108
2 18 24747934.198
2 19 203961325.118
3 0 409923664.440
3 1 28051529.339
3 2 106577926.244
3 4 34331888.629
3 5 97732532.587
3 6 133724222.702
3 7 14843368.590
3 8 44365368.327
3 9 8636488.880
3 10 117031828.768
3 11 23355988.374
3 12 486916309.585
3 13 47009204.517
3 14 98412919.667
3 15 245758345.125
3 16 101258977.562
3 17 72061465.069
3 18 114086146.167
3 19 94608059.628
4 0 41224818.963
4 1 5061746.300
4 2 22949579.454
4 3 57796727.978
4 5 39928459.925
4 6 13646399.741
4 7 3790065.425
4 8 12965231.881
4 9 1596639.108
4 10 6812680.405
4 11 41463738.116
4 12 339540491.765
4 13 15660653.274
4 14 11825430.442
4 15 165907269.567
4 16 101354563.674
4 17 27719323.561
4 18 48425766.561
4 19 16491103.920
5 0 153818466.345
5 1 16626953.912
5 2 30237088.725
5 3 122023176.905
5 4 16343622.172
5 6 22905164.020
5 7 81083988.997
5 8 117058695.383
5 9 8877457.983
5 10 80996394.422
5 11 55845580.854
5 12 71575628.034
5 13 45608910.403
5 14 78599296.492
5 15 212360112.475
5 16 169995057.903
5 17 8468615.754
5 18 84798180.531
5 19 63266708.911
6 0 122701056.879
6 1 21910045.139
6 2 14197001.895
6 3 143280717.626
6 4 34539405.813
6 5 54526483.372
6 7 58105066.130
6 8 107752483.288
6 9 16797391.898
6 10 26737744.594
6 11 68200417.460
6 12 597922821.338
6 13 21597542.020
6 14 47941393.997
6 15 221699642.202
6 16 218263166.593
6 17 12000108.929
6 18 24670678.874
6 19 131917065.323
7 0 124981594.225
7 1 11481213.476
7 2 73758438.676
7 3 46446588.464
7 4 19586154.871
7 5 64763312.855
7 6 20166446.039
7 8 33779334.119
7 9 41433265.238
7 10 85710676.287
7 11 42522341.074
7 12 653393959.017
7 13 28088573.211
7 14 82255460.426
7 15 207673083.175
7 16 154312664.189
7 17 49603083.060
7 18 26020143.265
7 19 183091054.645
8 0 127990862.843
8 1 53191409.231
8 2 51654910.600
8 3 54143562.430
8 4 15148014.349
8 5 94427587.795
8 6 128761780.071
8 7 37020334.625
8 9 30439094.099
8 10 31147936.312
8 11 35746579.616
8 12 168425443.829
8 13 70602249.306
8 14 25183138.711
8 15 248405580.181
8 16 349344523.307
8 17 9813891.326
8 18 19473728.023
8 19 311634846.927
9 0 20971935.880
9 1 21325733.857
9 2 25455331.451
9 3 42212507.998
9 4 14220585.459
9 5 34147758.460
9 6 22998072.532
9 7 18414104.072
9 8 6518372.341
9 10 16310226.021
9 11 24644388.660
9 12 48146223.115
9 13 11859468.983
9 14 9360711.561
9 15 219169472.767
9 16 83771513.426
9 17 10878201.589
9 18 32096266.850
9 19 93256797.958
10 0 175185687.685
10 1 20062988.223
10 2 93825136.264
10 3 87497329.411
10 4 35329551.612
10 5 80480532.210
10 6 23774692.673
10 7 45077843.669
10 8 78368248.860
10 9 31140450.195
10 11 31299527.428
10 12 428771379.342
10 13 9837983.793
10 14 89635366.151
10 15 78291685.953
10 16 103042711.524
10 17 17076867.180
10 18 36227194.518
10 19 117064408.725
11 0 69469398.752
11 1 41055054.397
11 2 33660104.607
11 3 108331301.310
11 4 47665818.583
11 5 48229607.872
11 6 28987583.768
11 7 49605862.205
11 8 43275075.478
11 9 11838896.345
11 10 24095459.614
11 12 188118882.248
11 13 26870585.223
11 14 89870905.810
11 15 246254875.077
11 16 103743763.589
11 17 17234013.725
11 18 7499759.290
11 19 29246817.835
12 0 662236817.665
12 1 318145280.806
12 2 263756957.466
12 3 292200576.124
12 4 288597771.001
12 5 221238382.473
12 6 153816872.715
12 7 397531759.651
12 8 1001465126.120
12 9 229962675.115
12 10 604550174.021
12 11 466448689.774
12 13 311951388.269
12 14 260204425.622
12 15 2813894355.275
12 16 1650082770.802
12 17 394150780.655
12 18 675742513.897
12 19 1297465558.399
13 0 134239165.852
13 1 11833279.046
13 2 34818563.433
13 3 52259088.733
13 4 17038906.807
13 5 9217618.526
13 6 39659066.857
13 7 31342194.572
13 8 67972155.933
13 9 5841134.993
13 10 25784731.719
13 11 39513910.590
13 12 28915645.708
13 14 8088888.861
13 15 131258853.566
13 16 37576948.881
13 17 35993484.625
13 18 10873599.914
13 19 56920668.379
14 0 293330835.813
14 1 3884993.304
14 2 31761466.825
14 3 144347434.293
14 4 36382573.582
14 5 84624838.957
14 6 89522725.243
14 7 78768336.563
14 8 86406474.723
14 9 6838489.991
14 10 26062433.881
14 11 75033297.748
14 12 281712620.005
14 13 34347486.220
14 15 226191188.824
14 16 15944252.698
14 17 22206447.966
14 18 36164960.251
14 19 175023346.105
15 0 1473681978.500
15 1 33881999.438
15 2 320357079.153
15 3 312766485.463
15 4 101351830.442
15 5 62340824.526
15 6 36641032.660
15 7 380562970.409
15 8 146887331.852
15 9 209177843.487
15 10 70437420.655
15 11 316311181.818
15 12 2428988160.951
15 13 60629905.021
15 14 195300138.473
15 16 294925590.590
15 17 144178007.136
15 18 244692469.620
15 19 518035698.345
16 0 517188088.534
16 1 75720419.450
16 2 184054092.278
16 3 218794836.036
16 4 57135677.346
16 5 146766136.750
16 6 203199140.988
16 7 19073273.932
16 8 220896921.846
16 9 99830469.690
16 10 167968621.800
16 11 214021521.778
16 12 1478088304.635
16 13 114740527.612
16 14 80006840.903
16 15 414256864.894
16 17 176121103.628
16 18 45060364.755
16 19 344779180.627
17 0 103223217.782
17 1 23314981.027
17 2 25753333.308
17 3 40981144.534
17 4 14675679.025
17 5 96185197.144
17 6 50478254.253
17 7 16816542.729
17 8 73336155.614
17 9 28145681.275
17 10 96774328.626
17 11 9595992.516
17 12 529944585.520
17 13 41535449.216
17 14 21731017.447
17 15 255630542.401
17 16 186530645.666
17 18 88772658.555
17 19 204181314.217
18 0 243393699.128
18 1 45303547.579
18 2 64561477.260
18 3 129747073.783
18 4 40184790.628
18 5 57473040.797
18 6 12569858.191
18 7 86974146.256
18 8 10383925.950
18 9 44968703.894
18 10 33710943.010
18 11 79866742.753
18 12 422844975.793
18 13 5047661.097
18 14 26662477.259
18 15 65982506.474
18 16 198829049.633
18 17 32122662.829
18 19 241182161.434
19 0 257807078.890
19 1 54662914.562
19 2 152125027.976
19 3 133459113.841
19 4 64367179.965
19 5 129915593.092
19 6 120400342.330
19 7 112506432.555
19 8 262453364.084
19 9 15516675.910
19 10 68562317.539
19 11 91166600.266
19 12 1710025285.044
19 13 30851605.362
19 14 76503554.720
19 15 329661103.924
19 16 466343316.316
19 17 77770344.151
19 18 121284344.497
