380
0 1 101213665.487
0 2 204593529.440
0 3 436829819.221
0 4 68412162.305
0 5 188267559.094
0 6 26927523.353
0 7 239981282.787
0 8 365320074.174
0 9 67373814.947
0 10 170839980.975
0 11 325166184.225
0 12 2212919407.314
0 13 71109385.801
0 14 248118509.838
0 15 1026477704.977
0 16 280937964.518
0 17 337997366.877
0 18 123963702.528
0 19 572850275.660
1 0 18463435.313
1 2 32590989.170
1 3 23666759.782
1 4 22911141.586
1 5 29047491.088
1 6 30338708.540
1 7 14679072.381
1 8 66795364.086
1 9 8454560.902
1 10 40542606.257
1 11 23874961.803
1 12 287254686.717
1 13 9797911.339
1 14 38506839.987
1 15 110068006.621
1 16 82359834.471
1 17 31924322.406
1 18 35773930.234
1 19 115208588.656
2 0 263009814.996
2 1 30547232.372
2 3 55618650.255
2 4 34660941.069
2 5 49485258.344
2 6 62967529.757
2 7 58305061.103
2 8 98924615.675
2 9 4045910.939
2 10 56353559.017
2 11 7697385.865
2 12 147725675.421
2 13 39888708.092
2 14 42030577.133
2 15 387296297.970
2 16 208826124.070
2 17 42344766.719
2 18 88376549.427
2 19 209258444.843
3 0 407677916.726
3 1 55465992.032
3 2 105836427.638
3 4 64980098.638
3 5 62774741.826
3 6 55532352.351
3 7 50539561.170
3 8 141441572.856
3 9 53925316.910
3 10 37895475.819
3 11 39774068.369
3 12 245900618.737
3 13 59624802.517
3 14 56929312.498
3 15 184519631.382
3 16 164643492.794
3 17 104056968.361
3 18 93872165.961
3 19 256491177.518
4 0 131114043.632
4 1 4806712.291
4 2 8845159.249
4 3 47012066.289
4 5 27699719.954
4 6 33608846.436
4 7 26643184.086
4 8 28429696.072
4 9 18567919.897
4 10 46629408.939
4 11 46321978.428
4 12 264162905.863
4 13 11278880.996
4 14 14482115.027
4 15 14513866.991
4 16 116054976.467
4 17 5385217.027
4 18 43964631.644
4 19 122229384.107
5 0 260610831.299
5 1 31733553.151
5 2 45174214.532
5 3 22231178.094
5 4 33497887.963
5 6 38986731.231
5 7 11466153.470
5 8 107849320.871
5 9 18694953.807
5 10 81081669.781
5 11 39950337.799
5 12 223025208.659
5 13 44843020.455
5 14 71725283.582
5 15 268333644.617
5 16 244776476.519
5 17 78313348.333
5 18 11228596.190
5 19 28835767.914
6 0 318843326.685
6 1 14489592.069
6 2 8097591.262
6 3 95390952.704
6 4 32483428.859
6 5 97114614.815
6 7 88347059.723
6 8 16844407.939
6 9 35318651.758
6 10 35459180.924
6 11 43990332.996
6 12 448350554.175
6 13 6321989.289
6 14 60577370.566
6 15 376492466.240
6 16 167545091.566
6 17 93222512.548
6 18 81894065.493
6 19 212393586.364
7 0 304508358.524
7 1 5056871.316
7 2 26827014.970
7 3 9285458.248
7 4 3741527.491
7 5 15516759.172
7 6 6316983.808
7 8 43017657.566
7 9 38167579.832
7 10 36648832.577
7 11 7709579.298
7 12 168593136.692
7 13 19640334.142
7 14 87314970.998
7 15 339314914.265
7 16 152851658.236
7 17 86000205.991
7 18 37324110.310
7 19 147825823.529
8 0 329807178.115
8 1 49073122.389
8 2 138862583.281
8 3 78588156.390
8 4 27724483.467
8 5 63323554.374
8 6 53647049.527
8 7 24243995.800
8 9 13814894.732
8 10 79337719.894
8 11 89653297.468
8 12 374480176.513
8 13 57107405.858
8 14 42850414.719
8 15 544878622.547
8 16 288749004.724
8 17 111373996.298
8 18 94130667.691
8 19 86327552.996
9 0 136384287.027
9 1 14499969.632
9 2 3905961.058
9 3 45177846.987
9 4 9119075.917
9 5 8346525.813
9 6 9620159.346
9 7 12304639.504
9 8 13243306.166
9 10 40948508.921
9 11 11103271.388
9 12 63591164.068
9 13 16340336.093
9 14 5867053.846
9 15 71864532.078
9 16 18761253.777
9 17 42578022.926
9 18 24096518.159
9 19 68828563.514
10 0 136554428.669
10 1 34576343.962
10 2 23112053.903
10 3 37138011.643
10 4 19072986.839
10 5 14171282.510
10 6 87504422.477
10 7 96494077.713
10 8 112867338.558
10 9 7030165.042
10 11 59846571.690
10 12 228276940.685
10 13 43627007.404
10 14 21118729.181
10 15 406946068.689
10 16 136116073.150
10 17 53513423.041
10 18 34461626.579
10 19 51876906.391
11 0 22149655.758
11 1 38628428.118
11 2 50555661.020
11 3 10942788.233
11 4 29384859.748
11 5 84494117.498
11 6 61930727.793
11 7 25194710.029
11 8 26291717.459
11 9 12945843.721
11 10 36652631.960
11 12 552017732.219
11 13 7610328.803
11 14 42114694.958
11 15 176873888.619
11 16 172056274.461
11 17 42247772.433
11 18 21952942.700
11 19 219817006.370
12 0 343111965.939
12 1 183169303.931
12 2 158408979.328
12 3 853536279.699
12 4 290354026.282
12 5 239068146.363
12 6 426448152.011
12 7 154371099.172
12 8 261166557.998
12 9 151504849.642
12 10 532620658.147
12 11 561557425.730
12 13 307508248.226
12 14 139442567.408
12 15 668411994.413
12 16 1520414311.637
12 17 505430073.016
12 18 504355420.198
12 19 579437808.555
13 0 89341406.935
13 1 11709079.657
13 2 40340587.665
13 3 32763496.483
13 4 4970197.571
13 5 42118980.603
13 6 35149463.054
13 7 44335521.170
13 8 49801441.539
13 9 20539941.293
13 10 6143973.985
13 11 46874525.320
13 12 277750293.410
13 14 24284010.188
13 15 67206399.572
13 16 65380398.180
13 17 30832621.497
13 18 45398649.390
13 19 107405087.394
14 0 227121820.506
14 1 37072273.436
14 2 97000152.092
14 3 80727464.079
14 4 37244758.493
14 5 62992869.252
14 6 10955138.036
14 7 49078549.063
14 8 37267097.131
14 9 24462537.953
14 10 75282922.650
14 11 96904650.563
14 12 549195911.626
14 13 37912830.944
14 15 79082724.884
14 16 148908969.703
14 17 25421937.868
14 18 54796255.544
14 19 52396579.444
15 0 979767422.879
15 1 99972119.172
15 2 431724658.520
15 3 126864226.314
15 4 89574958.617
15 5 200753703.788
15 6 280427594.133
15 7 391135891.242
15 8 387457744.022
15 9 179389670.388
15 10 377074980.780
15 11 224313596.441
15 12 563168174.115
15 13 190560835.077
15 14 96328977.693
15 16 901684256.092
15 17 351217733.948
15 18 316083843.891
15 19 946311730.857
16 0 808581221.869
16 1 119975150.331
16 2 205754633.447
16 3 307267414.733
16 4 83348634.524
16 5 208913096.495
16 6 209635347.341
16 7 240624072.378
16 8 59891316.209
16 9 94760948.500
16 10 242321949.492
16 11 217443420.058
16 12 312950895.333
16 13 40283337.749
16 14 213454373.121
16 15 1089664179.806
16 17 16630832.447
16 18 42385270.903
16 19 243764646.397
17 0 135942021.476
17 1 33089337.785
17 2 10285097.236
17 3 144406071.674
17 4 15070640.971
17 5 9887192.659
17 6 10812299.618
17 7 19303986.553
17 8 17744383.340
17 9 22312823.830
17 10 77210885.031
17 11 49503715.809
17 12 236303427.338
17 13 4256656.470
17 14 75730262.440
17 15 402923240.465
17 16 140444857.536
17 18 76440491.581
17 19 114326525.301
18 0 259238144.754
18 1 47306696.481
18 2 28758190.626
18 3 123489402.441
18 4 14384052.719
18 5 27364683.387
18 6 76251692.765
18 7 49949121.344
18 8 59377520.083
18 9 18244629.171
18 10 95162808.394
18 11 56248548.392
18 12 589811575.959
18 13 38325860.246
18 14 15014604.921
18 15 294448269.209
18 16 194224559.153
18 17 28908045.375
18 19 78077555.867
19 0 403573595.519
19 1 12718322.729
19 2 75637508.376
19 3 124465621.866
19 4 78716602.243
19 5 80089291.523
19 6 117168129.990
19 7 154214235.943
19 8 59644476.821
19 9 102614985.225
19 10 98623729.820
19 11 181464105.036
19 12 386876614.159
19 13 115604697.019
19 14 84900822.645
19 15 913420146.953
19 16 238973029.230
19 17 152800206.073
19 18 61649512.487
