380
0 1 121481715.264
0 2 191686444.940
0 3 455401042.907
0 4 100135476.212
0 5 293684256.354
0 6 323291814.440
0 7 59679709.996
0 8 433293118.779
0 9 135529647.918
0 10 51994025.643
0 11 131805433.960
0 12 2357058005.582
0 13 18098540.893
0 14 149273833.228
0 15 563829519.096
0 16 377957244.184
0 17 251541751.222
0 18 88413677.051
0 19 326394528.169
1 0 127181972.277
1 2 12640672.538
1 3 16008734.619
1 4 4060670.131
1 5 31183543.963
1 6 20213659.650
1 7 16695187.355
1 8 5490509.447
1 9 22303272.168
1 10 48686131.264
1 11 33857597.614
1 12 127836543.171
1 13 14441175.832
1 14 12841164.969
1 15 205030579.751
1 16 71148020.462
1 17 28232891.949
1 18 40950383.303
1 19 44475870.777
2 0 113172590.289
2 1 9166105.416
2 3 113860364.635
2 4 18212367.952
2 5 72631925.035
2 6 75189446.491
2 7 71983324.404
2 8 113027247.807
2 9 8801802.691
2 10 66870784.255
2 11 67932525.905
2 12 490888458.875
2 13 10757465.383
2 14 43977642.736
2 15 245344256.157
2 16 27158614.209
2 17 49976598.596
2 18 81760635.169
2 19 41134910.449
3 0 255970387.347
3 1 46374435.978
3 2 108230367.092
3 4 59196674.664
3 5 114243398.433
3 6 79246245.139
3 7 63818021.407
3 8 44023803.776
3 9 37272445.419
3 10 135062091.321
3 11 143238006.531
3 12 395379621.836
3 13 33128646.453
3 14 19390390.441
3 15 211622719.817
3 16 59703374.278
3 17 12160765.429
3 18 117295577.845
3 19 164390268.784
4 0 101208328.633
4 1 23828906.184
4 2 4643377.321
4 3 61991986.165
4 5 20717353.627
4 6 41742918.552
4 7 47870746.388
4 8 33335433.157
4 9 15606071.555
4 10 6305146.250
4 11 36717671.407
4 12 196981643.867
4 13 3546172.646
4 14 24097161.399
4 15 139284429.329
4 16 32247807.177
4 17 28988334.178
4 18 48368820.254
4 19 122102536.026
5 0 241839366.395
5 1 23828865.127
5 2 72520489.502
5 3 60990467.624
5 4 19877369.788
5 6 26538084.020
5 7 29386969.997
5 8 143014144.109
5 9 19672700.682
5 10 88541310.331
5 11 16506974.755
5 12 341690758.178
5 13 36788558.737
5 14 41053106.884
5 15 321119615.017
5 16 184235427.144
5 17 28210428.758
5 18 59806712.570
5 19 89787724.562
6 0 175886969.419
6 1 28791740.449
6 2 32338054.278
6 3 95642706.742
6 4 17866523.339
6 5 28493572.511
6 7 13592822.831
6 8 53524328.966
6 9 14376083.443
6 10 85178885.926
6 11 70294787.469
6 12 428885260.172
6 13 11337704.894
6 14 50778208.196
6 15 427365715.109
6 16 203439419.049
6 17 22124963.507
6 18 46315847.953
6 19 218198190.224
7 0 135190449.993
7 1 27164024.972
7 2 52085559.219
7 3 87318622.323
7 4 13280705.240
7 5 8883698.852
7 6 44204779.058
7 8 39597083.908
7 9 29794849.362
7 10 40694009.687
7 11 61845242.150
7 12 583668216.314
7 13 39209447.566
7 14 91916659.632
7 15 252931977.166
7 16 119451595.688
7 17 35560473.337
7 18 78122508.828
7 19 231261207.632
8 0 183510016.289
8 1 46513788.658
8 2 39590845.878
8 3 33047509.580
8 4 12767009.431
8 5 79150776.968
8 6 106852860.431
8 7 39729352.088
8 9 12205727.366
8 10 112245693.164
8 11 47694105.615
8 12 895951013.605
8 13 37809958.101
8 14 80787401.655
8 15 185720322.317
8 16 368259941.806
8 17 26413419.094
8 18 99340960.129
8 19 31389515.111
9 0 98051322.669
9 1 16451969.403
9 2 14810774.938
9 3 52768658.933
9 4 15989825.156
9 5 19258732.765
9 6 26433875.293
9 7 36260862.255
9 8 51755662.948
9 10 45935262.710
9 11 12874976.676
9 12 74663474.138
9 13 22091609.647
9 14 6848266.937
9 15 55194415.311
9 16 112238126.213
9 17 29638568.508
9 18 44104670.229
9 19 35073533.811
10 0 264712246.359
10 1 24316061.505
10 2 33946745.832
10 3 90986059.279
10 4 45479979.093
10 5 16442902.902
10 6 25449204.925
10 7 96555323.359
10 8 52356012.247
10 9 8880488.419
10 11 6171983.590
10 12 441856748.082
10 13 13554214.694
10 14 87548442.154
10 15 142990237.265
10 16 106109804.764
10 17 16779910.978
10 18 75290340.638
10 19 237679088.006
11 0 95985133.095
11 1 37327774.776
11 2 39012853.095
11 3 36444100.892
11 4 3100373.401
11 5 44772374.081
11 6 22606003.555
11 7 15586962.903
11 8 108267167.692
11 9 24687647.553
11 10 79556963.726
11 12 581747315.642
11 13 45494193.185
11 14 40412962.948
11 15 163550643.154
11 16 79333351.006
11 17 20224092.814
11 18 62279276.306
11 19 48611485.651
12 0 2022262306.019
12 1 273674568.713
12 2 616772657.085
12 3 883165072.284
12 4 258596506.255
12 5 457114529.803
12 6 195703393.678
12 7 107947186.946
12 8 517426506.920
12 9 227563607.569
12 10 137214230.872
12 11 517522009.188
12 13 89902915.115
12 14 100221093.714
12 15 256684397.019
12 16 537105868.331
12 17 398202037.186
12 18 58848846.594
12 19 208495025.563
13 0 98994224.581
13 1 23789776.231
13 2 47207181.195
13 3 50389488.775
13 4 12554341.267
13 5 44628308.358
13 6 21291622.923
13 7 47320112.681
13 8 62887291.954
13 9 6858440.646
13 10 7770242.906
13 11 25465641.798
13 12 75557035.062
13 14 41205223.975
13 15 217650606.053
13 16 109680767.562
13 17 47640688.763
13 18 48746242.868
13 19 122527192.344
14 0 138990785.937
14 1 44706382.280
14 2 22470238.914
14 3 144018393.758
14 4 17383734.838
14 5 76734795.987
14 6 70033980.364
14 7 80336980.979
14 8 87095227.995
14 9 37177528.008
14 10 85968199.992
14 11 8496524.946
14 12 504032336.649
14 13 17440965.792
14 15 266709964.316
14 16 235331858.040
14 17 53818526.162
14 18 63061111.808
14 19 31240115.425
15 0 234188674.849
15 1 108981832.320
15 2 196847904.491
15 3 422389062.012
15 4 178241849.149
15 5 201295520.230
15 6 183080401.528
15 7 178739582.126
15 8 425869866.061
15 9 192943928.527
15 10 229162964.765
15 11 271724232.799
15 12 2357397662.413
15 13 131551441.900
15 14 110110643.811
15 16 704050506.883
15 17 38521853.952
15 18 200327964.776
15 19 166458411.391
16 0 830265198.326
16 1 63038538.182
16 2 42526331.036
16 3 158528221.812
16 4 103981747.066
16 5 129856091.020
16 6 231444278.272
16 7 73944663.003
16 8 132123195.356
16 9 99570472.658
16 10 151458334.637
16 11 30942587.051
16 12 759619223.489
16 13 117029914.318
16 14 227214117.496
16 15 493857063.014
16 17 131220404.564
16 18 226417813.722
16 19 225619690.891
17 0 160194353.756
17 1 41702707.844
17 2 54791248.866
17 3 128441412.343
17 4 14212069.834
17 5 45590316.968
17 6 60876557.703
17 7 81291029.263
17 8 88654578.644
17 9 44093538.052
17 10 81488965.071
17 11 51123754.114
17 12 144804092.300
17 13 5907766.550
17 14 76198571.180
17 15 159065954.815
17 16 38680866.994
17 18 43100343.559
17 19 108572754.198
18 0 30213129.901
18 1 19933720.594
18 2 86075090.383
18 3 137851272.872
18 4 6644495.990
18 5 66544877.234
18 6 92441013.651
18 7 44735777.385
18 8 46167519.414
18 9 22020163.345
18 10 9329455.571
18 11 55338056.268
18 12 355154306.485
18 13 38927137.132
18 14 49267166.244
18 15 311720537.303
18 16 98748439.543
18 17 21168974.919
18 19 192950315.469
19 0 290869333.458
19 1 121416159.697
19 2 228206093.277
19 3 325621885.333
19 4 94293753.912
19 5 182735116.005
19 6 43455317.530
19 7 126017563.611
19 8 228900898.129
19 9 75864941.625
19 10 219847203.767
19 11 34978887.210
19 12 737010121.838
19 13 34544025.058
19 14 100983637.594
19 15 601686714.259
19 16 527275551.801
19 17 84988578.584
19 18 206200008.460
