132
0 1 1101861067.338
0 2 498342482.099
0 3 170788600.003
0 4 621903506.240
0 5 332235809.258
0 6 464651881.792
0 7 215647690.263
0 8 676411353.344
0 9 715809102.110
0 10 317590630.330
0 11 218318241.338
1 0 585088400.117
1 2 2158018746.008
1 3 3295237527.308
1 4 2023833787.854
1 5 2102966037.647
1 6 1260246579.579
1 7 411060353.218
1 8 898091960.682
1 9 929997978.209
1 10 1511584685.945
1 11 898128986.534
2 0 373841339.667
2 1 1964848776.341
2 3 698649947.575
2 4 1013437517.552
2 5 224399969.903
2 6 1146573843.385
2 7 297645981.907
2 8 1296834317.079
2 9 335327714.761
2 10 1267310405.455
2 11 765093843.331
3 0 790073973.655
3 1 2934210013.215
3 2 1130864525.832
3 4 2506380120.563
3 5 1925520083.890
3 6 3061121542.573
3 7 1871787058.422
3 8 647541132.155
3 9 305834631.622
3 10 1465952754.681
3 11 1953005853.276
4 0 1031761735.602
4 1 753089706.052
4 2 1410372968.464
4 3 1350307875.309
4 5 2246766196.564
4 6 2587128023.856
4 7 1166219913.052
4 8 1149632202.748
4 9 1788626945.011
4 10 768003653.155
4 11 913527598.971
5 0 217495026.244
5 1 2167393480.898
5 2 1368706471.535
5 3 450224957.927
5 4 1174338655.944
5 6 475600838.551
5 7 1272247795.362
5 8 206253788.141
5 9 590206428.156
5 10 1238241660.194
5 11 713325520.171
6 0 261723782.416
6 1 2723368491.570
6 2 798259893.305
6 3 1648743886.484
6 4 795030331.112
6 5 2272430979.258
6 7 462520475.440
6 8 1125273467.763
6 9 2222627314.398
6 10 1917093670.614
6 11 931975514.303
7 0 191776251.515
7 1 1478342898.290
7 2 653671981.457
7 3 1640670590.542
7 4 326749495.836
7 5 1095670397.580
7 6 502421908.565
7 8 1184333184.196
7 9 1045837172.622
7 10 543791069.497
7 11 600969216.382
8 0 167710155.590
8 1 2153675775.800
8 2 730769768.716
8 3 1019811828.680
8 4 404919679.554
8 5 1335367252.335
8 6 1695650794.695
8 7 952627502.141
8 9 1632866529.092
8 10 794004298.207
8 11 697149306.555
9 0 94059393.975
9 1 2577229324.458
9 2 442713749.044
9 3 557789751.032
9 4 1036364101.707
9 5 193009562.063
9 6 1177587102.247
9 7 723651700.090
9 8 586408790.107
9 10 423347551.489
9 11 401438034.064
10 0 555703810.152
10 1 857749338.529
10 2 1265840307.759
10 3 1535228893.548
10 4 322631844.777
10 5 1417820676.353
10 6 1666233171.028
10 7 1001721149.576
10 8 639489397.291
10 9 1974255492.940
10 11 170369128.180
11 0 542448920.903
11 1 1866069386.801
11 2 232654649.999
11 3 363282897.355
11 4 551599890.328
11 5 968327851.036
11 6 289990545.309
11 7 565899001.189
11 8 971245242.084
11 9 700997402.055
11 10 1179178225.168
