132
0 1 568768257.903
0 2 331710674.850
0 3 590330874.846
0 4 555147321.743
0 5 615524868.072
0 6 978558508.062
0 7 92567803.790
0 8 654669253.070
0 9 383113417.834
0 10 271588084.946
0 11 451875103.816
1 0 1024787919.487
1 2 941224213.722
1 3 1427463662.500
1 4 1103344166.684
1 5 2276262356.460
1 6 2208396483.052
1 7 891446457.359
1 8 573840527.397
1 9 1104965936.084
1 10 1290379294.075
1 11 733031966.843
2 0 404315200.792
2 1 1134409799.738
2 3 873878971.441
2 4 1983812342.886
2 5 674835140.329
2 6 1349191767.296
2 7 629858720.231
2 8 630956607.848
2 9 403922143.225
2 10 457537839.941
2 11 1146540550.909
3 0 750280184.967
3 1 413822081.633
3 2 328957282.617
3 4 371578786.740
3 5 932280840.410
3 6 1000136880.844
3 7 704828312.329
3 8 1353342581.854
3 9 2049700160.176
3 10 655494305.727
3 11 1941477133.374
4 0 770402190.494
4 1 1692871565.567
4 2 434984926.991
4 3 1395029291.068
4 5 920874659.884
4 6 2305591524.752
4 7 1610949370.935
4 8 1772813927.818
4 9 617292327.669
4 10 461840205.472
4 11 496618544.227
5 0 523646232.283
5 1 2026127048.855
5 2 773532543.617
5 3 263125245.667
5 4 875066868.991
5 6 245336579.424
5 7 339615855.901
5 8 706388363.439
5 9 366807258.348
5 10 1308201907.651
5 11 1366561102.138
6 0 498994780.139
6 1 3081468953.026
6 2 1532512726.087
6 3 850722655.264
6 4 2084437890.475
6 5 903771652.242
6 7 1424891750.711
6 8 1808969009.543
6 9 2034827721.632
6 10 708635218.672
6 11 996821601.301
7 0 669467654.557
7 1 246246307.070
7 2 123018314.012
7 3 1834632649.244
7 4 920143573.555
7 5 1230811292.568
7 6 711360852.867
7 8 667723401.462
7 9 1768890535.020
7 10 299260130.849
7 11 901638969.254
8 0 340158604.075
8 1 862017437.329
8 2 766224297.834
8 3 454444870.734
8 4 1431810539.173
8 5 954957374.928
8 6 1014519204.571
8 7 874159243.160
8 9 385555684.534
8 10 1108756294.923
8 11 1220905648.399
9 0 968442482.547
9 1 787214144.459
9 2 1261334032.006
9 3 1784338217.681
9 4 797941420.263
9 5 855830630.006
9 6 3004951839.676
9 7 1325013466.166
9 8 1101800540.630
9 10 547466811.559
9 11 1747695022.686
10 0 524323511.894
10 1 1651888291.137
10 2 481587583.858
10 3 1585799433.731
10 4 326938324.282
10 5 653815613.661
10 6 856787800.719
10 7 1031009888.652
10 8 857492690.454
10 9 1016832783.448
10 11 1127175067.961
11 0 557193997.793
11 1 192791348.792
11 2 1286594539.316
11 3 1879362675.784
11 4 1887477016.996
11 5 1245521672.295
11 6 1446441386.644
11 7 1281551015.933
11 8 454961235.068
11 9 960468520.606
11 10 913986036.599
