132
0 1 312294684.028
0 2 466174217.418
0 3 582730156.681
0 4 729877882.716
0 5 707021245.445
0 6 577420788.574
0 7 57364717.840
0 8 483881827.997
0 9 290044527.519
0 10 532759942.507
0 11 203564698.579
1 0 1060491723.695
1 2 1242902952.406
1 3 3179080175.914
1 4 2077771188.216
1 5 1450345005.482
1 6 963714774.918
1 7 1695543357.282
1 8 960537661.000
1 9 1936042684.720
1 10 984874057.655
1 11 1114580492.352
2 0 93130467.891
2 1 448094649.989
2 3 1151233222.767
2 4 1420512062.504
2 5 1497283419.709
2 6 1276056027.930
2 7 1147678125.834
2 8 356370929.221
2 9 1950662696.933
2 10 1008706627.640
2 11 201520410.577
3 0 669620085.680
3 1 1132298963.258
3 2 950261218.194
3 4 457813426.760
3 5 1367993048.423
3 6 1991595736.889
3 7 1544334250.229
3 8 841056556.167
3 9 3056387056.345
3 10 1324971224.327
3 11 1736857838.894
4 0 922187858.528
4 1 1511570289.397
4 2 1862380532.263
4 3 1810065306.461
4 5 1941325580.350
4 6 3021310827.139
4 7 468254103.482
4 8 1941258320.177
4 9 1776631894.057
4 10 1718815827.323
4 11 642286120.435
5 0 284735708.566
5 1 2160142843.064
5 2 967040535.492
5 3 2108432126.413
5 4 770977644.097
5 6 1959258758.607
5 7 1255219106.248
5 8 1362310731.727
5 9 1355651421.477
5 10 817548259.678
5 11 459936392.802
6 0 564091494.245
6 1 991489413.719
6 2 1886412025.561
6 3 2713035705.107
6 4 935408941.960
6 5 1513266687.115
6 7 562371413.991
6 8 2045568570.156
6 9 2622277468.676
6 10 1320856972.402
6 11 1522280225.644
7 0 648500513.148
7 1 500820317.964
7 2 1121093514.678
7 3 1793198409.541
7 4 1874353134.825
7 5 1452493202.281
7 6 1757757082.389
7 8 1278976867.289
7 9 1780477957.176
7 10 987188772.076
7 11 995765566.650
8 0 126210735.576
8 1 1492491288.625
8 2 1084687397.862
8 3 655761570.889
8 4 1029930377.031
8 5 1265171734.907
8 6 1558739251.767
8 7 1045957547.673
8 9 1241845094.270
8 10 950090788.021
8 11 138528441.393
9 0 173201236.303
9 1 2025830221.481
9 2 927063956.134
9 3 2419767428.413
9 4 878776624.965
9 5 2003808059.648
9 6 326068640.427
9 7 1512065821.011
9 8 1279524611.717
9 10 877679233.851
9 11 1539812088.950
10 0 182321863.349
10 1 1006843228.944
10 2 1228484987.152
10 3 1780194030.153
10 4 634602630.947
10 5 443875881.959
10 6 608791071.144
10 7 404679599.102
10 8 981301806.050
10 9 1060452917.167
10 11 1336148511.459
11 0 471023081.954
11 1 531006657.459
11 2 586635215.844
11 3 1702545258.166
11 4 625508036.340
11 5 1063645090.927
11 6 293414588.155
11 7 458119794.860
11 8 664255709.927
11 9 1132730968.440
11 10 785488699.359
