132
0 1 1091490566.074
0 2 357757042.170
0 3 560628892.586
0 4 200568021.855
0 5 195238792.653
0 6 794350728.451
0 7 604279924.037
0 8 73392518.634
0 9 216475262.316
0 10 545336899.763
0 11 427001232.297
1 0 475490853.454
1 2 241060254.206
1 3 2837054451.341
1 4 1413181671.691
1 5 1847513085.106
1 6 2307538943.309
1 7 486074759.821
1 8 1153312649.765
1 9 2770649199.847
1 10 1171579222.741
1 11 1887096720.689
2 0 481273856.373
2 1 1671536228.571
2 3 1758990631.440
2 4 1213854564.521
2 5 878163518.202
2 6 1570015253.019
2 7 264019503.073
2 8 919638354.008
2 9 308880395.098
2 10 158792023.100
2 11 651536990.150
3 0 796913531.618
3 1 1089914037.727
3 2 1321917004.230
3 4 2719632559.198
3 5 743454145.668
3 6 1321342232.304
3 7 1948574527.573
3 8 549736824.539
3 9 3032774522.633
3 10 992016302.850
3 11 1975093183.322
4 0 446382143.526
4 1 1867759265.076
4 2 1208705624.722
4 3 2474520072.804
4 5 954887452.467
4 6 2897943260.485
4 7 388695162.383
4 8 323952211.710
4 9 2989397627.864
4 10 1962436081.873
4 11 661276133.916
5 0 108572884.568
5 1 845862714.741
5 2 624699716.476
5 3 1201324129.476
5 4 1690221114.786
5 6 1270672214.638
5 7 1401142602.205
5 8 734833013.545
5 9 2014489502.477
5 10 524319742.742
5 11 1030630754.128
6 0 226381373.371
6 1 2878585327.855
6 2 1557759312.272
6 3 365992004.776
6 4 1047943401.451
6 5 2069962285.436
6 7 904389333.584
6 8 477404807.076
6 9 830400143.709
6 10 673318684.635
6 11 596953451.330
7 0 97215319.758
7 1 1357119346.338
7 2 698450810.848
7 3 725245988.577
7 4 1522829697.632
7 5 339235948.066
7 6 226191737.578
7 8 1183653964.918
7 9 1234659305.577
7 10 1113340599.421
7 11 1034592980.150
8 0 145690718.669
8 1 1702257834.242
8 2 890622837.604
8 3 1516535833.229
8 4 1383625655.450
8 5 1266866903.984
8 6 1013690687.641
8 7 385710567.009
8 9 775978590.631
8 10 1360916134.362
8 11 205915339.124
9 0 104173685.809
9 1 1273942686.996
9 2 792331174.549
9 3 504055996.031
9 4 2697085702.246
9 5 1818603801.458
9 6 325834655.934
9 7 1563153791.206
9 8 1529574039.930
9 10 193676490.891
9 11 1652764000.618
10 0 452528653.296
10 1 2057435544.652
10 2 591935622.058
10 3 1487535556.855
10 4 1879003153.817
10 5 549448526.287
10 6 1055381110.869
10 7 1141566568.535
10 8 656331862.028
10 9 1958927830.942
10 11 941228824.080
11 0 131708625.374
11 1 1405422742.796
11 2 861098161.234
11 3 781567713.988
11 4 990878251.559
11 5 376176012.133
11 6 549222192.253
11 7 1145238483.532
11 8 606216070.237
11 9 695499625.335
11 10 478870767.779
