132
0 1 170864485.175
0 2 104023486.981
0 3 623841509.302
0 4 769858284.128
0 5 509549078.570
0 6 410791923.355
0 7 636635220.807
0 8 455085269.196
0 9 130110972.585
0 10 378619641.181
0 11 638367575.787
1 0 240043908.500
1 2 1078963914.790
1 3 3003768176.603
1 4 2556187433.900
1 5 1823591040.460
1 6 1091784229.621
1 7 2153630953.603
1 8 1304030437.769
1 9 3124793449.843
1 10 2150943801.708
1 11 1624813996.522
2 0 647753383.633
2 1 2064548808.064
2 3 220900618.315
2 4 1567154929.267
2 5 1359886120.605
2 6 282160795.841
2 7 1118286206.949
2 8 415980836.786
2 9 240718478.308
2 10 809290729.815
2 11 356875637.947
3 0 513152457.751
3 1 2194105369.504
3 2 1547098798.133
3 4 717887057.460
3 5 1283654111.807
3 6 1472942536.364
3 7 767742259.668
3 8 942135618.496
3 9 1770238850.062
3 10 2034000686.040
3 11 271975386.298
4 0 256859439.031
4 1 3023192005.796
4 2 363135393.098
4 3 2930763329.710
4 5 1838324512.882
4 6 1187000115.897
4 7 472877414.095
4 8 350676817.379
4 9 1559022184.304
4 10 259537622.028
4 11 1350387585.987
5 0 419395730.894
5 1 782712842.121
5 2 1527096106.835
5 3 2227940955.478
5 4 1034549699.285
5 6 1261153591.292
5 7 714361210.779
5 8 1090779850.301
5 9 1392722116.744
5 10 491481816.103
5 11 1492070940.623
6 0 214306832.493
6 1 2268776718.691
6 2 1569092889.269
6 3 988909357.980
6 4 587255099.143
6 5 1843031198.488
6 7 458094192.745
6 8 184693134.605
6 9 3064727286.406
6 10 1724888930.288
6 11 1213673713.075
7 0 527517756.690
7 1 271854769.872
7 2 552010298.756
7 3 1472959979.703
7 4 784289000.042
7 5 1536577308.080
7 6 944102562.103
7 8 411976837.195
7 9 1447579867.274
7 10 1020299291.622
7 11 1226719214.433
8 0 389377508.444
8 1 520842216.544
8 2 657482478.018
8 3 388156502.534
8 4 339492334.960
8 5 690942023.561
8 6 237482527.781
8 7 1216481811.203
8 9 1892342198.299
8 10 623984699.217
8 11 1314211477.668
9 0 831317052.916
9 1 1705331909.163
9 2 1615456631.111
9 3 342831369.081
9 4 2537091187.041
9 5 2252064885.989
9 6 2032648509.650
9 7 684951171.962
9 8 891437351.994
9 10 316048054.320
9 11 670486216.102
10 0 270530961.448
10 1 2094084838.401
10 2 1256795933.224
10 3 1796973652.315
10 4 1947249083.491
10 5 615300021.040
10 6 902913933.869
10 7 883181185.039
10 8 430446567.122
10 9 1797502985.250
10 11 157752662.654
11 0 495249996.209
11 1 1024137757.077
11 2 169906500.162
11 3 227569901.792
11 4 1086117961.807
11 5 1311648414.667
11 6 296272917.304
11 7 820428089.456
11 8 902662902.287
11 9 939036867.845
11 10 1098712946.074
