132
0 1 1054674150.812
0 2 281290693.019
0 3 746056654.918
0 4 264398652.391
0 5 675079299.689
0 6 742525892.173
0 7 304380415.628
0 8 342693885.416
0 9 918460869.397
0 10 330464537.418
0 11 99989848.717
1 0 455329454.050
1 2 625170319.012
1 3 3338876205.273
1 4 855076605.083
1 5 841761741.754
1 6 1116378880.569
1 7 1223077727.003
1 8 2143235930.660
1 9 2820970154.967
1 10 539033217.597
1 11 332182503.184
2 0 688794259.727
2 1 1584581185.665
2 3 2027565976.772
2 4 1483202646.959
2 5 938228310.435
2 6 209191032.292
2 7 777948704.531
2 8 1262818329.447
2 9 1015874653.833
2 10 549713352.142
2 11 473759328.922
3 0 859110020.675
3 1 845681088.169
3 2 421454365.704
3 4 1033660552.833
3 5 1392860619.427
3 6 613000558.724
3 7 1090034526.730
3 8 1740714597.917
3 9 2857403011.101
3 10 1484983922.423
3 11 1054043878.522
4 0 955695687.486
4 1 358466910.088
4 2 1766816992.607
4 3 2399581246.624
4 5 688538117.819
4 6 1407773634.240
4 7 1326647486.213
4 8 1833116642.667
4 9 349467972.579
4 10 1651302510.616
4 11 1568494130.806
5 0 665692777.550
5 1 312860316.203
5 2 1476549662.321
5 3 1918887618.930
5 4 1008759059.297
5 6 2185053261.695
5 7 1446697941.021
5 8 1002071021.079
5 9 1711233635.729
5 10 785653772.407
5 11 466983197.730
6 0 1001119982.823
6 1 570814754.466
6 2 1996900845.081
6 3 2631735503.876
6 4 598492833.637
6 5 2110901827.457
6 7 1892475242.625
6 8 1119485039.196
6 9 257636912.828
6 10 1027604701.375
6 11 1078236540.617
7 0 613846209.782
7 1 1388223144.888
7 2 427727725.644
7 3 1798053815.459
7 4 1955769518.532
7 5 909307797.068
7 6 2004392140.737
7 8 1111847870.301
7 9 918229957.126
7 10 1089163556.742
7 11 1184371652.015
8 0 380468975.377
8 1 1010425929.100
8 2 816754815.289
8 3 679410891.957
8 4 396703391.544
8 5 1068171928.768
8 6 489084998.948
8 7 962011663.762
8 9 685849948.657
8 10 491483627.157
8 11 1142324931.835
9 0 162764361.950
9 1 2184156853.165
9 2 1952920128.059
9 3 2124490316.377
9 4 754767188.766
9 5 972215592.650
9 6 2458064618.653
9 7 1202348721.659
9 8 894806138.819
9 10 789663119.213
9 11 795118585.623
10 0 507144558.599
10 1 746263749.722
10 2 255659529.361
10 3 1041885087.674
10 4 1924105118.248
10 5 525064886.306
10 6 523706096.480
10 7 339737485.727
10 8 1049405466.905
10 9 1903732608.639
10 11 1114815147.077
11 0 322018331.966
11 1 1270127899.697
11 2 1074773939.251
11 3 789208810.295
11 4 427376813.768
11 5 1482185438.686
11 6 292742530.682
11 7 896919784.696
11 8 894730521.465
11 9 611773616.817
11 10 1041559179.680
