132
0 1 652749890.572
0 2 262152860.464
0 3 300032794.964
0 4 508771130.798
0 5 289242152.158
0 6 909903433.729
0 7 408568232.778
0 8 671795365.892
0 9 337312902.913
0 10 164445165.611
0 11 260959720.197
1 0 332739945.340
1 2 2078605960.078
1 3 1506087343.448
1 4 2719207223.388
1 5 1169284146.440
1 6 1901236257.045
1 7 1133142101.114
1 8 813750440.553
1 9 2255183928.634
1 10 1649364201.365
1 11 1099246871.217
2 0 104193108.648
2 1 913994757.620
2 3 437665036.728
2 4 1585488950.201
2 5 1085605309.068
2 6 447932843.937
2 7 646133688.427
2 8 374411255.015
2 9 1028344693.436
2 10 1368963426.807
2 11 959042510.593
3 0 953329060.994
3 1 1990445844.687
3 2 1735934745.590
3 4 998110599.519
3 5 1822861503.850
3 6 1358412525.579
3 7 170729211.055
3 8 663603557.692
3 9 2917600194.130
3 10 1684406355.388
3 11 430262449.245
4 0 254620097.364
4 1 3075717110.722
4 2 2013783945.693
4 3 2408028342.947
4 5 1074132655.691
4 6 602073573.327
4 7 929038731.773
4 8 556161794.319
4 9 1436612261.946
4 10 1422475174.950
4 11 691934017.968
5 0 265545872.133
5 1 1436089963.868
5 2 1009475287.590
5 3 2287337693.595
5 4 599798144.458
5 6 1241458955.736
5 7 1312186514.932
5 8 1187596743.998
5 9 242302044.617
5 10 798077641.437
5 11 670797983.592
6 0 490701444.010
6 1 2023666168.324
6 2 443735311.632
6 3 2163038713.949
6 4 2676799582.992
6 5 1276859030.130
6 7 1304931592.266
6 8 301588492.003
6 9 1393793551.962
6 10 980046354.517
6 11 1204043244.418
7 0 354854372.210
7 1 1782219429.264
7 2 252851363.338
7 3 1458695695.529
7 4 2063972357.507
7 5 837113273.324
7 6 789619170.727
7 8 228155245.913
7 9 644510041.370
7 10 565005990.935
7 11 180758213.890
8 0 573639557.196
8 1 1149745368.868
8 2 1013889697.001
8 3 198530325.297
8 4 886988969.543
8 5 803008715.331
8 6 307118608.845
8 7 459656655.297
8 9 169902467.336
8 10 1151156845.825
8 11 1142202319.101
9 0 509462085.382
9 1 1716951117.765
9 2 1631620779.012
9 3 272725881.189
9 4 589647062.381
9 5 1062015368.781
9 6 1394299114.120
9 7 832759842.353
9 8 565820483.723
9 10 1997044464.151
9 11 2036982525.268
10 0 537881556.462
10 1 1055355534.645
10 2 365547838.652
10 3 1857106651.732
10 4 1620941555.383
10 5 1430090332.927
10 6 1018053410.831
10 7 1047493632.505
10 8 534528075.216
10 9 678515917.416
10 11 968602508.659
11 0 506043446.386
11 1 1339615752.628
11 2 514816360.606
11 3 601713474.568
11 4 600615170.474
11 5 187418880.045
11 6 1662341743.576
11 7 365579026.483
11 8 278679848.765
11 9 922030859.217
11 10 489815507.466
