132
0 1 638953482.239
0 2 63583489.389
0 3 238891216.533
0 4 489194669.234
0 5 651012497.279
0 6 276053329.810
0 7 115317895.567
0 8 314771653.549
0 9 743667029.918
0 10 180634055.416
0 11 256296630.721
1 0 792149303.012
1 2 2231189051.865
1 3 2828166287.581
1 4 2256875317.437
1 5 1617957458.385
1 6 1486986419.681
1 7 924119078.264
1 8 371725556.850
1 9 2886906059.159
1 10 1462653754.207
1 11 516374757.767
2 0 679448695.755
2 1 297328902.783
2 3 650520307.810
2 4 629964004.367
2 5 1300337938.026
2 6 1074094924.853
2 7 168025766.248
2 8 685801083.348
2 9 324322890.393
2 10 408656084.446
2 11 586810009.721
3 0 946423201.484
3 1 2234724387.253
3 2 1455368826.402
3 4 1975116741.856
3 5 340407179.933
3 6 786358840.138
3 7 1504152922.213
3 8 375479856.862
3 9 1786500859.645
3 10 237839813.643
3 11 245464759.294
4 0 142585887.357
4 1 3238173112.690
4 2 1423984819.380
4 3 1335693024.950
4 5 1797077952.643
4 6 963613526.607
4 7 379257919.106
4 8 951650216.953
4 9 1628685086.850
4 10 1702672226.138
4 11 291925194.297
5 0 250981101.641
5 1 2316851768.435
5 2 1379755970.019
5 3 1590078760.360
5 4 578721722.098
5 6 2070591209.083
5 7 1095543267.883
5 8 1467140219.293
5 9 1530656375.684
5 10 1302909035.154
5 11 139338139.612
6 0 234907627.275
6 1 1821458790.088
6 2 1784852577.680
6 3 3066136657.110
6 4 1545183410.491
6 5 200328097.447
6 7 798664555.807
6 8 1606320940.898
6 9 2815132943.767
6 10 1275197788.236
6 11 169701822.053
7 0 78392831.182
7 1 1790643325.916
7 2 727449026.882
7 3 1663926731.396
7 4 964090818.575
7 5 667710198.787
7 6 880841617.363
7 8 1043301631.214
7 9 1244603024.464
7 10 578838250.634
7 11 563447604.884
8 0 186072025.167
8 1 1679569409.291
8 2 717340750.894
8 3 1377426889.477
8 4 1789374024.640
8 5 281207528.456
8 6 657921441.957
8 7 312205563.881
8 9 259957390.603
8 10 610704013.569
8 11 1043972386.267
9 0 437244399.116
9 1 3082694928.359
9 2 1083443598.458
9 3 2683688008.858
9 4 2836371725.818
9 5 981065560.374
9 6 1006441761.018
9 7 670434075.426
9 8 1565364426.139
9 10 379300672.780
9 11 418578535.699
10 0 553124973.937
10 1 2189954723.542
10 2 1124034531.797
10 3 728466058.722
10 4 575853087.593
10 5 309833892.996
10 6 1905229920.358
10 7 383971651.187
10 8 1115112463.075
10 9 870165006.466
10 11 715673634.695
11 0 646405823.175
11 1 1616892464.034
11 2 367961667.784
11 3 1840357780.927
11 4 1010344942.634
11 5 1364035477.135
11 6 1357194342.434
11 7 1319582997.528
11 8 506892760.971
11 9 1610644389.092
11 10 1357461235.243
