132
0 1 203380399.301
0 2 159670786.677
0 3 507310724.202
0 4 806037650.317
0 5 637687794.960
0 6 789508754.612
0 7 285964927.891
0 8 402861403.973
0 9 502906113.330
0 10 213966485.209
0 11 533738397.340
1 0 1050141214.020
1 2 267260348.640
1 3 2022630394.514
1 4 2775243311.303
1 5 677539913.371
1 6 2118556415.642
1 7 890845189.043
1 8 730473714.593
1 9 2651947584.716
1 10 2065334829.403
1 11 1354741154.682
2 0 200157289.123
2 1 1397280274.096
2 3 1025196145.914
2 4 584663548.151
2 5 806187774.559
2 6 472946993.772
2 7 956562591.416
2 8 1107605357.297
2 9 1391937021.223
2 10 342671001.281
2 11 967149175.042
3 0 388198398.639
3 1 2761232812.182
3 2 390092121.403
3 4 1297619546.908
3 5 1333779820.624
3 6 1438535315.004
3 7 1732201402.217
3 8 396761792.610
3 9 1909973515.761
3 10 941296078.929
3 11 1387044810.074
4 0 648131665.149
4 1 3079599310.993
4 2 1710778096.393
4 3 2352918250.577
4 5 1240680695.515
4 6 1872999287.314
4 7 294657478.344
4 8 299067857.301
4 9 2841511406.148
4 10 970000209.861
4 11 386741084.281
5 0 541221584.249
5 1 1909376340.922
5 2 978137667.770
5 3 1581189391.558
5 4 2241457384.896
5 6 1204506309.256
5 7 455917590.487
5 8 763803792.600
5 9 1034684744.951
5 10 870392054.415
5 11 723606925.726
6 0 124912720.401
6 1 336187901.727
6 2 215648785.963
6 3 2040168743.767
6 4 1201220862.846
6 5 310819642.316
6 7 1049010154.544
6 8 1749342427.209
6 9 1901672814.045
6 10 512716579.505
6 11 1483059968.269
7 0 109347327.582
7 1 2027072545.887
7 2 1242791629.763
7 3 1353451409.926
7 4 1099256428.299
7 5 516842329.592
7 6 496070243.590
7 8 243995300.408
7 9 1782910849.677
7 10 453403623.664
7 11 558689914.977
8 0 644572898.109
8 1 685164351.137
8 2 153299679.119
8 3 892785101.985
8 4 811935128.609
8 5 1186563151.166
8 6 1300463661.569
8 7 745425968.733
8 9 290134072.619
8 10 1326464527.645
8 11 476254475.997
9 0 572684081.947
9 1 3235659953.471
9 2 1724941117.446
9 3 1947744412.607
9 4 2603014065.349
9 5 2131117376.241
9 6 553850169.214
9 7 457861654.054
9 8 675705120.270
9 10 641875603.818
9 11 955863946.842
10 0 561095462.180
10 1 925272606.845
10 2 629203519.381
10 3 781081281.384
10 4 573993013.012
10 5 1235675964.743
10 6 1509210500.128
10 7 340821685.621
10 8 665698690.578
10 9 1844507029.749
10 11 419989226.730
11 0 323063323.188
11 1 2200001055.674
11 2 1353185533.906
11 3 367215580.765
11 4 1071969054.912
11 5 1354511412.187
11 6 1418222413.299
11 7 265109983.367
11 8 1236377286.376
11 9 932554217.477
11 10 765079487.354
