132
0 1 418356468.924
0 2 662199953.644
0 3 608363537.035
0 4 290868044.501
0 5 296752544.195
0 6 209369698.790
0 7 271666461.755
0 8 62501479.939
0 9 513734712.902
0 10 627582653.802
0 11 363924911.748
1 0 750014920.459
1 2 1748644421.824
1 3 2456615495.866
1 4 1929893092.435
1 5 411811057.984
1 6 2332193177.676
1 7 1790870037.715
1 8 198932510.642
1 9 363292118.857
1 10 739203171.312
1 11 905011608.690
2 0 290722443.762
2 1 251903341.489
2 3 1783079750.415
2 4 1496043408.771
2 5 809153548.750
2 6 657337020.256
2 7 980330570.934
2 8 1166266502.442
2 9 1561587984.659
2 10 273161857.798
2 11 741255926.471
3 0 664651720.683
3 1 922090501.947
3 2 649378627.741
3 4 1934600847.097
3 5 793844687.225
3 6 1092215717.080
3 7 583088152.475
3 8 367567769.751
3 9 610985793.110
3 10 756941195.311
3 11 672746497.164
4 0 1007800700.974
4 1 1929335412.049
4 2 696393258.335
4 3 936594661.338
4 5 307812955.464
4 6 1082952015.998
4 7 1159971277.398
4 8 1588653941.713
4 9 1637713902.645
4 10 1362846460.612
4 11 1816686736.133
5 0 230666502.068
5 1 585382859.022
5 2 132827857.313
5 3 722302994.063
5 4 2264917193.799
5 6 1562584173.046
5 7 673115966.855
5 8 488792884.141
5 9 2120980493.576
5 10 880850698.252
5 11 720348273.868
6 0 439769676.958
6 1 497129446.608
6 2 1534544006.878
6 3 1506273969.271
6 4 2643900815.132
6 5 1224662128.031
6 7 601986652.775
6 8 2014673822.257
6 9 2763733324.556
6 10 1273643315.057
6 11 622375759.747
7 0 228887834.389
7 1 736166067.433
7 2 952819412.786
7 3 1443608817.089
7 4 1223087437.512
7 5 267907882.292
7 6 1697613020.840
7 8 923823359.233
7 9 943161192.729
7 10 983652139.778
7 11 557592068.191
8 0 291914732.494
8 1 1290056480.070
8 2 245376989.868
8 3 1026104296.313
8 4 1088444857.690
8 5 1380974422.300
8 6 523962518.708
8 7 834532695.260
8 9 353841062.540
8 10 957637535.926
8 11 490548436.132
9 0 353909674.821
9 1 2637134092.094
9 2 2049411631.793
9 3 3083643932.211
9 4 2605346917.322
9 5 2030915506.855
9 6 644079229.352
9 7 723373081.874
9 8 2025263274.163
9 10 1572167792.511
9 11 642204300.135
10 0 659934940.178
10 1 1970921918.994
10 2 1059609308.167
10 3 1915504712.892
10 4 439814761.452
10 5 1392006574.855
10 6 170044734.215
10 7 1160873778.166
10 8 680576088.919
10 9 1309683521.001
10 11 985819310.470
11 0 92215633.855
11 1 1043112785.726
11 2 1040657681.894
11 3 1518876437.067
11 4 1273321919.091
11 5 1492665897.964
11 6 1463952963.112
11 7 865406196.173
11 8 267660465.878
11 9 1098953232.294
11 10 358545673.868
