132
0 1 620681917.250
0 2 600619088.424
0 3 856881006.485
0 4 197059688.906
0 5 532134753.755
0 6 471519993.144
0 7 104870357.173
0 8 684329168.583
0 9 491758574.366
0 10 252707912.646
0 11 112750131.742
1 0 938103998.834
1 2 1587044460.130
1 3 1620629345.675
1 4 2251234518.446
1 5 586378716.839
1 6 1702919784.753
1 7 1536205429.570
1 8 1905888182.385
1 9 1713004969.198
1 10 700834226.824
1 11 1095843637.625
2 0 586749271.316
2 1 647896546.638
2 3 1295844389.603
2 4 2058013280.834
2 5 303110274.385
2 6 575090977.224
2 7 1191879913.945
2 8 473386474.222
2 9 311245634.168
2 10 679349507.821
2 11 594591874.331
3 0 662339620.166
3 1 1436271882.194
3 2 318958761.827
3 4 1649261909.242
3 5 1783202929.840
3 6 951533009.663
3 7 1560393794.697
3 8 1706220493.302
3 9 913932090.266
3 10 1044770585.988
3 11 1681865883.228
4 0 554775522.834
4 1 594794950.447
4 2 2062950582.454
4 3 2720557312.634
4 5 313246781.169
4 6 307504257.263
4 7 2062764645.222
4 8 388999917.084
4 9 1529010861.377
4 10 2010042556.904
4 11 1749028781.796
5 0 615714768.158
5 1 1611515115.855
5 2 538285818.920
5 3 1272926367.662
5 4 539939427.476
5 6 1454615995.969
5 7 1135138642.726
5 8 176573939.398
5 9 839153013.926
5 10 477890472.737
5 11 466374785.798
6 0 482013354.087
6 1 1622940881.971
6 2 664930140.248
6 3 2010081986.080
6 4 1282458099.192
6 5 2202772226.301
6 7 1764352305.227
6 8 731805473.214
6 9 590004526.346
6 10 1757658069.632
6 11 1009768358.906
7 0 64035051.358
7 1 1823340398.727
7 2 470552415.446
7 3 1644448773.629
7 4 1928998127.264
7 5 1031742338.698
7 6 1830403950.241
7 8 787124569.585
7 9 395491135.540
7 10 521876333.857
7 11 1222391865.368
8 0 269136348.185
8 1 1161352442.137
8 2 265930568.815
8 3 324567741.073
8 4 730025921.646
8 5 1074420682.620
8 6 772694808.826
8 7 646423219.163
8 9 1088033895.349
8 10 215067301.784
8 11 1036127215.580
9 0 954013981.299
9 1 1932135322.843
9 2 265014341.672
9 3 1112095283.857
9 4 669634159.523
9 5 1067435642.734
9 6 2387311484.513
9 7 941426957.090
9 8 448941931.519
9 10 1424111154.136
9 11 1359314037.404
10 0 535113050.754
10 1 640706524.954
10 2 1034863533.763
10 3 1736191185.231
10 4 1245714238.431
10 5 426453113.317
10 6 649513611.765
10 7 466879024.446
10 8 313226533.946
10 9 2027625218.540
10 11 408322225.887
11 0 181267879.472
11 1 185975723.908
11 2 426374746.033
11 3 1603451164.646
11 4 1926456782.822
11 5 820573020.260
11 6 1232192885.960
11 7 430358282.628
11 8 578845735.621
11 9 1724548830.808
11 10 440681545.674
