132
0 1 766413850.799
0 2 655716453.961
0 3 927469008.767
0 4 342805568.501
0 5 417483773.068
0 6 516458219.039
0 7 168571781.766
0 8 311239039.373
0 9 942639635.705
0 10 84011523.618
0 11 217300990.633
1 0 614434186.129
1 2 1421974037.868
1 3 727736307.711
1 4 2774968077.171
1 5 731676140.523
1 6 2123182292.854
1 7 1051432827.842
1 8 1108414388.641
1 9 433053233.717
1 10 471881158.228
1 11 554442747.134
2 0 201191301.102
2 1 1529960275.586
2 3 276048579.505
2 4 1290258809.444
2 5 1077446200.256
2 6 1950923739.874
2 7 1116113445.068
2 8 1009311078.026
2 9 1706145185.439
2 10 739736173.349
2 11 319156157.591
3 0 670152216.908
3 1 1053381261.236
3 2 1450095897.003
3 4 1778499994.098
3 5 256640084.443
3 6 2007429720.869
3 7 1189352109.292
3 8 447482336.299
3 9 1425654626.868
3 10 1440766880.112
3 11 1414233673.133
4 0 300068308.654
4 1 2526016106.111
4 2 399587070.848
4 3 545313099.653
4 5 1455567178.552
4 6 2242786899.557
4 7 1860575824.070
4 8 291013091.352
4 9 2073605936.138
4 10 1924754873.045
4 11 801488871.323
5 0 209821002.103
5 1 2329251837.088
5 2 1359359083.109
5 3 1258993628.593
5 4 1659044834.759
5 6 1957019875.017
5 7 709116519.661
5 8 616838928.968
5 9 590882426.071
5 10 847111728.732
5 11 317312399.145
6 0 117742985.845
6 1 1336030106.102
6 2 1760620810.418
6 3 1619689243.343
6 4 3004621357.454
6 5 1315457203.351
6 7 1222708259.470
6 8 659807980.251
6 9 1216016367.307
6 10 1275793718.412
6 11 632797464.807
7 0 495792336.546
7 1 1622912797.769
7 2 799969734.196
7 3 2028737026.506
7 4 1044579703.496
7 5 1054001846.200
7 6 1860779735.742
7 8 1005537246.076
7 9 1547800781.391
7 10 440789303.461
7 11 632627308.035
8 0 651387493.256
8 1 1986239937.033
8 2 213602926.746
8 3 1390764980.074
8 4 1086279528.011
8 5 1264752569.267
8 6 608060601.748
8 7 152522605.045
8 9 1488954703.371
8 10 1304112146.146
8 11 1162359243.692
9 0 998498152.420
9 1 949705846.131
9 2 884817272.986
9 3 2148512505.456
9 4 491318214.926
9 5 941831768.292
9 6 571745841.672
9 7 287654248.779
9 8 1679442042.540
9 10 818261470.639
9 11 1194033421.243
10 0 365765386.008
10 1 1843697809.736
10 2 1288710340.347
10 3 367762011.775
10 4 533091131.418
10 5 1070897456.754
10 6 275633913.393
10 7 1334092123.881
10 8 1137012635.873
10 9 1256602246.787
10 11 583116195.543
11 0 288266231.511
11 1 393748677.005
11 2 1257159472.298
11 3 1264403812.604
11 4 1846583125.221
11 5 213250813.573
11 6 418337168.015
11 7 767689568.627
11 8 514065082.743
11 9 1885448970.985
11 10 1273683466.482
