132
0 1 225437609.962
0 2 638880602.600
0 3 516887103.592
0 4 170397122.783
0 5 463430465.452
0 6 91655314.790
0 7 370745000.547
0 8 272411142.615
0 9 419250219.956
0 10 607035230.928
0 11 70133613.946
1 0 887508078.294
1 2 210403048.167
1 3 3193765811.393
1 4 2581179408.235
1 5 1588376089.952
1 6 3348611142.655
1 7 684990360.699
1 8 1081987523.850
1 9 2692847744.987
1 10 361747967.297
1 11 637431590.445
2 0 399953956.702
2 1 472599485.090
2 3 672621617.095
2 4 1194239685.586
2 5 466895927.523
2 6 927456980.848
2 7 116788649.666
2 8 1021176307.548
2 9 602322648.951
2 10 680481260.197
2 11 1161344305.902
3 0 610421149.445
3 1 3277592385.635
3 2 660807444.028
3 4 1388352010.478
3 5 1653225613.639
3 6 707604421.583
3 7 1011388635.344
3 8 417582752.321
3 9 298200524.478
3 10 1916991663.744
3 11 326058412.168
4 0 116457728.280
4 1 3111801006.578
4 2 2014660623.603
4 3 1340884455.316
4 5 1832782656.781
4 6 2540551112.386
4 7 762416319.374
4 8 1741964910.512
4 9 1423028676.433
4 10 581276184.360
4 11 349733511.217
5 0 503466822.418
5 1 1065661221.877
5 2 228636544.463
5 3 658128176.177
5 4 374957154.015
5 6 217828009.915
5 7 247268916.956
5 8 1063930275.340
5 9 672502779.191
5 10 1207268365.897
5 11 1528204553.319
6 0 293882024.107
6 1 835771292.943
6 2 1509535968.729
6 3 1842318375.826
6 4 2568170624.430
6 5 695771652.740
6 7 1480557987.303
6 8 1115735995.442
6 9 2797134996.574
6 10 608303783.521
6 11 1952923661.117
7 0 390050159.690
7 1 499185727.193
7 2 897058946.734
7 3 786987662.594
7 4 1019264154.573
7 5 1536940749.149
7 6 723187283.103
7 8 262602626.885
7 9 481842999.076
7 10 204882446.157
7 11 1215957884.291
8 0 432286650.065
8 1 274259713.795
8 2 813337681.256
8 3 1798544188.644
8 4 369237635.120
8 5 589197975.135
8 6 1535685966.041
8 7 658559171.166
8 9 1423456382.096
8 10 701651665.716
8 11 643678762.895
9 0 110792505.695
9 1 1451589133.963
9 2 561160113.760
9 3 278664081.303
9 4 1352391951.435
9 5 1434815767.300
9 6 1477464154.835
9 7 1359253882.575
9 8 1949349167.128
9 10 1684363269.984
9 11 801347838.295
10 0 467944782.553
10 1 298285764.060
10 2 1146691217.826
10 3 955857996.320
10 4 1182873178.535
10 5 1376908716.376
10 6 981524734.772
10 7 135805801.057
10 8 965924783.937
10 9 1941870083.278
10 11 308244277.992
11 0 665989675.826
11 1 814904984.824
11 2 459886582.743
11 3 471794983.191
11 4 1526158454.701
11 5 738860035.603
11 6 1995439976.405
11 7 1287352772.046
11 8 958745092.188
11 9 1075336489.554
11 10 603416554.371
