132
0 1 632705396.143
0 2 264993918.990
0 3 543307130.532
0 4 775467983.589
0 5 496155560.583
0 6 107443693.901
0 7 670155608.388
0 8 610484111.405
0 9 757140886.043
0 10 120984714.163
0 11 645239575.162
1 0 246847400.255
1 2 1926291976.542
1 3 2229686062.948
1 4 766885121.896
1 5 602438196.489
1 6 3052090498.699
1 7 390234018.077
1 8 478412880.527
1 9 680480376.482
1 10 1735290269.652
1 11 1219950367.374
2 0 657725588.929
2 1 1106839382.284
2 3 1853483015.945
2 4 465285908.642
2 5 529584788.136
2 6 1393629904.453
2 7 828651588.069
2 8 124230581.899
2 9 996096462.881
2 10 1222292487.430
2 11 320303829.402
3 0 617284248.878
3 1 1425718738.400
3 2 845240632.482
3 4 420319283.284
3 5 210370298.335
3 6 2232220119.884
3 7 1305458282.740
3 8 1766959115.484
3 9 2770508813.324
3 10 408462775.384
3 11 379818000.134
4 0 811286561.535
4 1 2205727274.839
4 2 369263233.617
4 3 2785402501.158
4 5 1297360709.961
4 6 2125690658.747
4 7 994107762.137
4 8 1946150302.372
4 9 340383386.274
4 10 1875756269.217
4 11 1474751305.189
5 0 291293809.953
5 1 377054723.113
5 2 731021720.360
5 3 1418393843.172
5 4 734002096.808
5 6 1803846497.424
5 7 157584646.156
5 8 825508976.654
5 9 1416690070.846
5 10 732779395.639
5 11 574236358.728
6 0 473789537.517
6 1 291007232.514
6 2 284362425.264
6 3 1170488172.103
6 4 2499353949.108
6 5 519065812.235
6 7 251117532.240
6 8 1112035320.021
6 9 2162832267.984
6 10 1866508954.615
6 11 1879651323.560
7 0 134667866.502
7 1 1752836003.566
7 2 125373472.818
7 3 1094155943.769
7 4 683465781.001
7 5 737141536.801
7 6 838166235.764
7 8 932593179.524
7 9 782106974.253
7 10 127664033.233
7 11 1374170032.785
8 0 353942559.030
8 1 1880282488.040
8 2 1078835742.328
8 3 1044184292.605
8 4 1562780257.373
8 5 699247975.242
8 6 1508976233.580
8 7 308610851.946
8 9 1536132644.971
8 10 982274001.412
8 11 322794063.156
9 0 1026454508.235
9 1 1441700733.280
9 2 256354707.428
9 3 2003170110.780
9 4 2100745826.039
9 5 383041577.505
9 6 769493989.668
9 7 1307421740.224
9 8 812856204.615
9 10 925953715.285
9 11 1078994687.552
10 0 481933984.705
10 1 1509205022.322
10 2 635089502.775
10 3 1162566430.486
10 4 305356632.338
10 5 955755821.509
10 6 323642216.162
10 7 1266515092.563
10 8 466228297.330
10 9 1304512769.155
10 11 1369245552.519
11 0 143779185.284
11 1 1668084243.502
11 2 690502505.700
11 3 1730409276.865
11 4 259091326.942
11 5 1419470688.220
11 6 1008510508.048
11 7 1362177584.637
11 8 1202000224.449
11 9 1690069749.844
11 10 1188735740.124
