132
0 1 1029163048.102
0 2 497186910.597
0 3 407510556.186
0 4 816718652.577
0 5 264898548.668
0 6 271445579.866
0 7 213476098.528
0 8 255538946.826
0 9 436546350.703
0 10 347318649.558
0 11 218966836.714
1 0 113844266.837
1 2 285715527.554
1 3 2094248139.012
1 4 509330686.534
1 5 2067129069.736
1 6 1327193333.223
1 7 2154230690.762
1 8 1491568861.029
1 9 2951893565.542
1 10 1977259298.698
1 11 1546293213.248
2 0 627094568.796
2 1 1452427262.420
2 3 1357454216.151
2 4 1460741928.910
2 5 152696744.219
2 6 1154386304.716
2 7 1232644670.935
2 8 1209143638.011
2 9 727895132.333
2 10 610065312.947
2 11 381270928.100
3 0 539956873.249
3 1 2667572926.526
3 2 267196990.204
3 4 652894306.178
3 5 1487962053.904
3 6 1020294289.603
3 7 626420192.429
3 8 852813327.478
3 9 1041696576.558
3 10 1906132146.194
3 11 1398065927.839
4 0 1019863351.234
4 1 2139821298.937
4 2 756618313.959
4 3 2502107855.680
4 5 991041966.582
4 6 770934058.544
4 7 1155603629.149
4 8 1577225139.721
4 9 1664698752.003
4 10 1417380409.138
4 11 1373833580.997
5 0 680927776.452
5 1 2336031366.805
5 2 553742581.409
5 3 2216155086.184
5 4 229405684.948
5 6 2002810495.382
5 7 464896399.079
5 8 1471001882.845
5 9 1904210069.935
5 10 130781858.029
5 11 778315214.293
6 0 607059696.964
6 1 2019300047.286
6 2 1469498150.617
6 3 1790761732.402
6 4 1917257205.544
6 5 502687560.434
6 7 1031557855.738
6 8 1768463100.860
6 9 1237144181.903
6 10 495232157.638
6 11 1415863030.732
7 0 156524753.333
7 1 493719322.015
7 2 745179528.616
7 3 2025440744.902
7 4 929354519.273
7 5 298712522.039
7 6 633777778.306
7 8 396986197.134
7 9 794919844.000
7 10 215038387.393
7 11 692063571.258
8 0 71713531.707
8 1 1396228949.312
8 2 118425279.079
8 3 1504744895.073
8 4 453532304.757
8 5 701503085.381
8 6 1055716223.870
8 7 886008810.563
8 9 532416950.562
8 10 1096671924.284
8 11 1295527022.591
9 0 280768624.107
9 1 828190774.571
9 2 195997890.083
9 3 2999836594.390
9 4 1953490372.859
9 5 923937647.281
9 6 2099588680.284
9 7 633070938.750
9 8 2044917972.924
9 10 378368264.870
9 11 1982120733.710
10 0 596406361.934
10 1 1074691969.398
10 2 1075824366.480
10 3 743978172.251
10 4 1332271007.950
10 5 169833214.719
10 6 1654465677.820
10 7 160447740.728
10 8 358818837.858
10 9 1576254148.902
10 11 1011183469.062
11 0 571735611.442
11 1 1804469710.459
11 2 1069403165.441
11 3 257193893.059
11 4 1444021423.131
11 5 916842141.403
11 6 1998298274.353
11 7 873385830.418
11 8 1055968633.401
11 9 694972841.150
11 10 841653458.909
