132
0 1 1107181211.591
0 2 636129472.855
0 3 937645901.530
0 4 646467417.802
0 5 310741722.604
0 6 910040697.978
0 7 598628584.303
0 8 652821848.233
0 9 303132604.953
0 10 432278259.977
0 11 401476830.768
1 0 136094820.090
1 2 1704636507.847
1 3 456426341.635
1 4 1602440196.675
1 5 1512707859.859
1 6 1064585090.431
1 7 1369016962.321
1 8 1543117282.328
1 9 352389835.889
1 10 453354770.959
1 11 1116549327.633
2 0 546657850.010
2 1 1490754396.474
2 3 876957420.161
2 4 1481378645.181
2 5 1392788222.179
2 6 1141044827.559
2 7 1094692290.641
2 8 564107164.768
2 9 717108362.395
2 10 1297236228.113
2 11 893801059.912
3 0 1014155006.761
3 1 3282731673.364
3 2 1064826945.978
3 4 2213521852.477
3 5 1864223780.606
3 6 1870035135.996
3 7 1266788043.653
3 8 1685322781.139
3 9 2348257657.285
3 10 1339216721.047
3 11 951648839.956
4 0 287531180.341
4 1 1422340240.304
4 2 803759640.167
4 3 1089686797.295
4 5 1201613876.771
4 6 2807709198.765
4 7 880366034.800
4 8 929911609.407
4 9 920029115.423
4 10 1803661155.559
4 11 1922111753.776
5 0 293833200.230
5 1 717372785.529
5 2 1354603121.328
5 3 295230270.716
5 4 1575317307.044
5 6 1523564633.897
5 7 1255840994.485
5 8 930507389.529
5 9 237254771.283
5 10 958629509.941
5 11 951386514.779
6 0 753256756.216
6 1 1104857727.709
6 2 957681031.587
6 3 2189620977.153
6 4 1684393204.201
6 5 1325177039.818
6 7 1112650739.549
6 8 179087293.297
6 9 2933031243.276
6 10 1586121224.972
6 11 662434863.032
7 0 649123278.672
7 1 832875219.248
7 2 1074092482.286
7 3 516586705.442
7 4 1997459067.293
7 5 1163459606.768
7 6 500747726.868
7 8 764815666.686
7 9 660172255.721
7 10 1324553750.580
7 11 1186331135.135
8 0 283787959.344
8 1 1665570284.902
8 2 1070708441.425
8 3 477520145.768
8 4 764497329.416
8 5 659454363.821
8 6 1090476440.976
8 7 593938898.958
8 9 628011326.128
8 10 601374767.818
8 11 1091485309.840
9 0 229244450.644
9 1 1360243920.571
9 2 561336484.896
9 3 2711301724.893
9 4 2190157577.672
9 5 507072789.613
9 6 1185412995.539
9 7 1963048939.685
9 8 1664946742.682
9 10 1384312794.507
9 11 1572280077.569
10 0 384722903.213
10 1 1866590318.322
10 2 1049716422.469
10 3 414078811.376
10 4 775716595.122
10 5 1364073884.638
10 6 380737858.895
10 7 350057713.236
10 8 1313961913.239
10 9 1395783547.309
10 11 531171624.036
11 0 149348482.487
11 1 829190371.191
11 2 1175444338.401
11 3 1652954785.235
11 4 573787633.478
11 5 1353023936.129
11 6 1685814182.577
11 7 1323468369.542
11 8 1322746774.960
11 9 1630692618.457
11 10 1213168373.607
