132
0 1 719806070.563
0 2 578972775.868
0 3 481617547.203
0 4 694986751.311
0 5 328568558.988
0 6 308199034.813
0 7 316921288.622
0 8 499565463.875
0 9 320402564.779
0 10 468076407.139
0 11 281369349.840
1 0 533486763.360
1 2 229116996.672
1 3 560932959.753
1 4 1028797586.015
1 5 1201327554.364
1 6 1511871125.418
1 7 1148390985.534
1 8 1467047711.770
1 9 1622803446.433
1 10 1691955206.945
1 11 1946386057.902
2 0 663396334.131
2 1 794871001.738
2 3 1793646982.215
2 4 1290756789.517
2 5 1506990501.913
2 6 766583859.479
2 7 1358195557.754
2 8 613828016.098
2 9 471974472.852
2 10 578773763.984
2 11 971107606.557
3 0 680831868.902
3 1 1926605806.026
3 2 480899672.863
3 4 2313276629.868
3 5 1285251161.613
3 6 2404449267.074
3 7 963481619.186
3 8 453721058.387
3 9 481154452.487
3 10 762433938.694
3 11 1604636702.013
4 0 143410433.787
4 1 936513610.397
4 2 514747834.042
4 3 2751639501.517
4 5 592538113.710
4 6 2569891745.617
4 7 1787250126.953
4 8 633714670.704
4 9 1527607308.895
4 10 183036913.463
4 11 882898008.418
5 0 669184715.431
5 1 2311444634.669
5 2 365301193.071
5 3 883210752.264
5 4 2146172691.326
5 6 921940963.777
5 7 665134664.476
5 8 1241415119.546
5 9 1641865107.419
5 10 1064982196.206
5 11 1157029691.717
6 0 138787461.073
6 1 1258843150.493
6 2 1622311922.714
6 3 395373745.765
6 4 703478442.931
6 5 326920647.284
6 7 1958253070.819
6 8 1060335982.102
6 9 543871244.864
6 10 1157967159.103
6 11 1789259940.625
7 0 117896803.013
7 1 1109715474.609
7 2 757924032.534
7 3 929006080.877
7 4 805353191.080
7 5 1465866830.966
7 6 1415565991.781
7 8 1201548145.885
7 9 1621706905.754
7 10 263352898.572
7 11 903664798.950
8 0 496854724.009
8 1 1368197186.562
8 2 253674324.594
8 3 196316116.657
8 4 1713243888.719
8 5 1021573994.828
8 6 1386853703.428
8 7 1037472461.084
8 9 395446181.448
8 10 729816709.468
8 11 938983669.933
9 0 502247408.728
9 1 320986258.722
9 2 827796260.305
9 3 1688171501.085
9 4 1095147589.393
9 5 870019355.789
9 6 725732755.628
9 7 2062901584.213
9 8 1457888035.818
9 10 2024806543.508
9 11 1980224061.922
10 0 507910291.501
10 1 764593937.185
10 2 1245077793.103
10 3 224021123.782
10 4 1264300344.714
10 5 601107378.962
10 6 1818442950.400
10 7 795537373.852
10 8 295318263.927
10 9 2023761927.081
10 11 451609392.234
11 0 268275583.564
11 1 2096973251.977
11 2 483368715.057
11 3 807559639.452
11 4 1495598672.398
11 5 777341408.804
11 6 2053687079.974
11 7 1341819500.172
11 8 986746916.471
11 9 1248211767.816
11 10 775216732.842
